0.454902
0.458824
0.466667
0.474510
0.482353
0.494118
0.505882
0.509804
0.513725
0.517647
0.529412
0.537255
0.545098
0.549020
0.556863
0.568627
0.564706
0.560784
0.556863
0.556863
0.556863
0.549020
0.545098
0.533333
0.529412
0.521569
0.509804
0.501961
0.494118
0.486275
0.478431
0.470588
0.450980
0.450980
0.458824
0.466667
0.474510
0.482353
0.498039
0.505882
0.505882
0.513725
0.521569
0.529412
0.537255
0.541176
0.545098
0.556863
0.556863
0.552941
0.549020
0.549020
0.549020
0.541176
0.533333
0.533333
0.529412
0.517647
0.501961
0.498039
0.486275
0.482353
0.474510
0.462745
0.454902
0.454902
0.462745
0.470588
0.474510
0.482353
0.498039
0.501961
0.505882
0.513725
0.521569
0.529412
0.541176
0.545098
0.549020
0.556863
0.560784
0.556863
0.549020
0.549020
0.549020
0.545098
0.533333
0.533333
0.525490
0.521569
0.505882
0.498039
0.490196
0.486275
0.478431
0.470588
0.454902
0.454902
0.462745
0.470588
0.474510
0.482353
0.494118
0.501961
0.509804
0.521569
0.521569
0.521569
0.533333
0.549020
0.552941
0.529412
0.537255
0.552941
0.549020
0.545098
0.541176
0.537255
0.549020
0.529412
0.525490
0.525490
0.505882
0.498039
0.490196
0.486275
0.482353
0.474510
0.450980
0.450980
0.458824
0.470588
0.474510
0.482353
0.494118
0.501961
0.509804
0.517647
0.521569
0.533333
0.549020
0.545098
0.470588
0.364706
0.427451
0.513725
0.556863
0.556863
0.549020
0.533333
0.521569
0.537255
0.521569
0.521569
0.509804
0.501961
0.494118
0.490196
0.482353
0.474510
0.450980
0.450980
0.458824
0.466667
0.474510
0.482353
0.486275
0.494118
0.501961
0.501961
0.521569
0.572549
0.556863
0.435294
0.313725
0.415686
0.564706
0.592157
0.596078
0.576471
0.568627
0.564706
0.498039
0.513725
0.517647
0.513725
0.509804
0.498039
0.490196
0.482353
0.482353
0.474510
0.454902
0.454902
0.454902
0.462745
0.470588
0.474510
0.482353
0.490196
0.494118
0.498039
0.521569
0.466667
0.266667
0.270588
0.427451
0.639216
0.662745
0.654902
0.647059
0.639216
0.639216
0.623529
0.619608
0.584314
0.498039
0.486275
0.505882
0.498039
0.478431
0.474510
0.478431
0.474510
0.454902
0.450980
0.454902
0.454902
0.466667
0.470588
0.478431
0.486275
0.494118
0.501961
0.505882
0.427451
0.203922
0.160784
0.466667
0.647059
0.694118
0.705882
0.705882
0.698039
0.701961
0.690196
0.698039
0.556863
0.360784
0.341176
0.407843
0.411765
0.509804
0.505882
0.482353
0.478431
0.447059
0.447059
0.450980
0.454902
0.462745
0.470588
0.478431
0.482353
0.490196
0.501961
0.505882
0.513725
0.462745
0.325490
0.239216
0.294118
0.407843
0.525490
0.729412
0.741176
0.733333
0.686275
0.560784
0.356863
0.247059
0.333333
0.529412
0.580392
0.654902
0.654902
0.611765
0.498039
0.454902
0.458824
0.462745
0.466667
0.474510
0.482353
0.490196
0.494118
0.498039
0.505882
0.509804
0.521569
0.541176
0.533333
0.380392
0.172549
0.090196
0.180392
0.490196
0.654902
0.709804
0.427451
0.396078
0.360784
0.341176
0.600000
0.741176
0.752941
0.772549
0.733333
0.592157
0.482353
0.458824
0.462745
0.470588
0.482353
0.490196
0.494118
0.498039
0.501961
0.505882
0.513725
0.521569
0.529412
0.533333
0.529412
0.478431
0.400000
0.341176
0.282353
0.396078
0.501961
0.450980
0.203922
0.301961
0.270588
0.498039
0.788235
0.800000
0.811765
0.701961
0.533333
0.474510
0.458824
0.447059
0.450980
0.462745
0.474510
0.486275
0.490196
0.490196
0.494118
0.501961
0.517647
0.525490
0.541176
0.529412
0.478431
0.486275
0.509804
0.517647
0.541176
0.709804
0.800000
0.623529
0.388235
0.215686
0.235294
0.588235
0.764706
0.835294
0.745098
0.392157
0.337255
0.423529
0.458824
0.356863
0.352941
0.368627
0.380392
0.380392
0.388235
0.384314
0.388235
0.396078
0.411765
0.411765
0.439216
0.466667
0.513725
0.686275
0.784314
0.749020
0.803922
0.854902
0.839216
0.752941
0.686275
0.482353
0.168627
0.172549
0.341176
0.462745
0.294118
0.086275
0.109804
0.211765
0.325490
0.290196
0.282353
0.286275
0.286275
0.298039
0.309804
0.305882
0.298039
0.290196
0.294118
0.325490
0.470588
0.670588
0.776471
0.870588
0.858824
0.764706
0.835294
0.843137
0.831373
0.772549
0.713725
0.517647
0.168627
0.137255
0.211765
0.133333
0.094118
0.113725
0.109804
0.121569
0.156863
0.294118
0.317647
0.407843
0.372549
0.305882
0.309804
0.309804
0.317647
0.329412
0.423529
0.615686
0.803922
0.874510
0.886275
0.894118
0.811765
0.756863
0.858824
0.850980
0.772549
0.607843
0.466667
0.254902
0.215686
0.184314
0.250980
0.227451
0.152941
0.141176
0.152941
0.180392
0.211765
0.309804
0.494118
0.772549
0.737255
0.419608
0.356863
0.380392
0.415686
0.556863
0.737255
0.847059
0.776471
0.882353
0.890196
0.870588
0.827451
0.807843
0.882353
0.768627
0.537255
0.454902
0.411765
0.313725
0.258824
0.278431
0.309804
0.294118
0.180392
0.160784
0.180392
0.227451
0.258824
0.352941
0.678431
0.541176
0.662745
0.756863
0.737255
0.674510
0.541176
0.658824
0.921569
0.780392
0.301961
0.647059
0.894118
0.882353
0.847059
0.768627
0.560784
0.450980
0.454902
0.474510
0.427451
0.352941
0.321569
0.341176
0.337255
0.309804
0.227451
0.219608
0.243137
0.262745
0.274510
0.384314
0.603922
0.231373
0.431373
0.847059
0.756863
0.588235
0.498039
0.764706
0.945098
0.596078
0.184314
0.686275
0.901961
0.780392
0.568627
0.313725
0.149020
0.211765
0.337255
0.435294
0.396078
0.349020
0.356863
0.384314
0.341176
0.337255
0.278431
0.278431
0.266667
0.278431
0.286275
0.368627
0.572549
0.486275
0.521569
0.596078
0.533333
0.454902
0.509804
0.898039
0.972549
0.894118
0.639216
0.686275
0.505882
0.317647
0.250980
0.266667
0.298039
0.282353
0.211765
0.235294
0.372549
0.427451
0.376471
0.400000
0.376471
0.364706
0.352941
0.290196
0.262745
0.274510
0.278431
0.364706
0.541176
0.725490
0.490196
0.494118
0.513725
0.545098
0.756863
0.898039
0.792157
0.643137
0.462745
0.333333
0.298039
0.309804
0.329412
0.329412
0.313725
0.298039
0.274510
0.235294
0.235294
0.301961
0.356863
0.388235
0.368627
0.305882
0.203922
0.203922
0.266667
0.266667
0.274510
0.372549
0.396078
0.521569
0.501961
0.521569
0.568627
0.494118
0.541176
0.494118
0.392157
0.337255
0.337255
0.349020
0.356863
0.345098
0.325490
0.317647
0.321569
0.309804
0.305882
0.301961
0.274510
0.211765
0.207843
0.231373
0.188235
0.145098
0.164706
0.235294
0.274510
0.266667
0.270588
0.380392
0.376471
0.415686
0.525490
0.623529
0.529412
0.223529
0.282353
0.333333
0.356863
0.368627
0.380392
0.380392
0.380392
0.384314
0.388235
0.380392
0.388235
0.372549
0.356863
0.345098
0.337255
0.329412
0.266667
0.184314
0.184314
0.254902
0.278431
0.282353
0.282353
0.270588
0.270588
0.384314
0.388235
0.384314
0.396078
0.321569
0.188235
0.254902
0.388235
0.403922
0.411765
0.415686
0.423529
0.439216
0.447059
0.450980
0.447059
0.443137
0.431373
0.419608
0.403922
0.380392
0.368627
0.356863
0.349020
0.333333
0.321569
0.309804
0.301961
0.290196
0.282353
0.278431
0.278431
0.392157
0.403922
0.411765
0.403922
0.341176
0.352941
0.396078
0.419608
0.439216
0.450980
0.454902
0.462745
0.474510
0.482353
0.478431
0.466667
0.454902
0.443137
0.431373
0.419608
0.400000
0.388235
0.376471
0.364706
0.360784
0.341176
0.321569
0.313725
0.305882
0.298039
0.290196
0.290196
0.415686
0.423529
0.443137
0.435294
0.419608
0.411765
0.400000
0.423529
0.447059
0.458824
0.466667
0.474510
0.482353
0.482353
0.482353
0.474510
0.454902
0.447059
0.439216
0.431373
0.415686
0.400000
0.388235
0.376471
0.376471
0.368627
0.352941
0.337255
0.329412
0.317647
0.309804
0.305882
0.427451
0.431373
0.439216
0.443137
0.435294
0.431373
0.423529
0.431373
0.447059
0.462745
0.470588
0.474510
0.474510
0.474510
0.474510
0.466667
0.458824
0.458824
0.454902
0.443137
0.431373
0.419608
0.407843
0.396078
0.396078
0.388235
0.380392
0.372549
0.364706
0.349020
0.329412
0.325490
0.443137
0.443137
0.443137
0.450980
0.450980
0.447059
0.450980
0.454902
0.462745
0.470588
0.474510
0.474510
0.474510
0.474510
0.474510
0.470588
0.466667
0.462745
0.458824
0.447059
0.435294
0.431373
0.423529
0.415686
0.407843
0.400000
0.392157
0.388235
0.380392
0.364706
0.352941
0.341176
0.458824
0.458824
0.462745
0.466667
0.466667
0.458824
0.458824
0.462745
0.470588
0.478431
0.478431
0.474510
0.474510
0.474510
0.478431
0.478431
0.474510
0.466667
0.466667
0.458824
0.447059
0.439216
0.431373
0.427451
0.419608
0.407843
0.403922
0.396078
0.380392
0.368627
0.364706
0.360784
0.474510
0.474510
0.470588
0.474510
0.474510
0.474510
0.474510
0.474510
0.474510
0.482353
0.486275
0.482353
0.482353
0.486275
0.486275
0.486275
0.478431
0.474510
0.474510
0.470588
0.458824
0.450980
0.443137
0.439216
0.431373
0.423529
0.411765
0.400000
0.388235
0.376471
0.372549
0.372549
0.486275
0.490196
0.482353
0.482353
0.486275
0.482353
0.486275
0.482353
0.486275
0.482353
0.482353
0.486275
0.490196
0.490196
0.490196
0.490196
0.486275
0.482353
0.474510
0.470588
0.466667
0.458824
0.450980
0.447059
0.439216
0.427451
0.411765
0.403922
0.396078
0.384314
0.384314
0.380392
0.498039
0.490196
0.490196
0.486275
0.486275
0.486275
0.494118
0.490196
0.490196
0.490196
0.494118
0.498039
0.498039
0.498039
0.494118
0.490196
0.486275
0.482353
0.474510
0.474510
0.470588
0.462745
0.450980
0.447059
0.443137
0.427451
0.415686
0.407843
0.396078
0.392157
0.392157
0.388235
0.501961
0.494118
0.498039
0.505882
0.501961
0.498039
0.498039
0.498039
0.494118
0.501961
0.509804
0.505882
0.501961
0.501961
0.498039
0.498039
0.494118
0.490196
0.486275
0.478431
0.470588
0.466667
0.458824
0.454902
0.443137
0.435294
0.419608
0.407843
0.400000
0.400000
0.403922
0.396078
0.654902
0.654902
0.666667
0.674510
0.686275
0.694118
0.698039
0.701961
0.701961
0.713725
0.721569
0.721569
0.729412
0.729412
0.733333
0.737255
0.733333
0.729412
0.729412
0.729412
0.725490
0.717647
0.713725
0.705882
0.701961
0.694118
0.686275
0.682353
0.674510
0.662745
0.654902
0.647059
0.647059
0.647059
0.654902
0.666667
0.674510
0.682353
0.686275
0.690196
0.694118
0.705882
0.709804
0.713725
0.717647
0.721569
0.717647
0.721569
0.721569
0.721569
0.717647
0.717647
0.717647
0.709804
0.701961
0.701961
0.694118
0.686275
0.678431
0.674510
0.662745
0.658824
0.650980
0.639216
0.650980
0.650980
0.658824
0.670588
0.674510
0.682353
0.686275
0.690196
0.698039
0.709804
0.709804
0.713725
0.721569
0.725490
0.725490
0.725490
0.725490
0.725490
0.717647
0.717647
0.717647
0.709804
0.705882
0.701961
0.694118
0.690196
0.682353
0.674510
0.666667
0.662745
0.654902
0.647059
0.654902
0.654902
0.658824
0.666667
0.674510
0.682353
0.682353
0.690196
0.698039
0.705882
0.709804
0.713725
0.717647
0.709804
0.694118
0.682353
0.698039
0.717647
0.721569
0.717647
0.709804
0.709804
0.698039
0.698039
0.690196
0.686275
0.686275
0.678431
0.666667
0.662745
0.658824
0.650980
0.658824
0.654902
0.658824
0.666667
0.670588
0.678431
0.682353
0.690196
0.698039
0.701961
0.705882
0.705882
0.694118
0.654902
0.556863
0.482353
0.537255
0.623529
0.690196
0.701961
0.701961
0.701961
0.615686
0.678431
0.694118
0.682353
0.682353
0.674510
0.666667
0.658824
0.658824
0.650980
0.658824
0.654902
0.658824
0.666667
0.674510
0.678431
0.682353
0.690196
0.694118
0.694118
0.694118
0.682353
0.611765
0.501961
0.396078
0.474510
0.600000
0.635294
0.650980
0.654902
0.666667
0.674510
0.537255
0.592157
0.705882
0.690196
0.678431
0.670588
0.662745
0.658824
0.658824
0.650980
0.662745
0.654902
0.662745
0.670588
0.678431
0.682353
0.682353
0.690196
0.698039
0.698039
0.701961
0.588235
0.345098
0.352941
0.490196
0.666667
0.694118
0.694118
0.690196
0.686275
0.678431
0.682353
0.627451
0.623529
0.639216
0.623529
0.662745
0.678431
0.670588
0.666667
0.654902
0.650980
0.662745
0.658824
0.662745
0.674510
0.682353
0.682353
0.682353
0.690196
0.698039
0.698039
0.709804
0.619608
0.376471
0.294118
0.513725
0.678431
0.717647
0.729412
0.725490
0.721569
0.717647
0.725490
0.705882
0.596078
0.431373
0.419608
0.509804
0.521569
0.639216
0.654902
0.647059
0.650980
0.662745
0.658824
0.666667
0.678431
0.682353
0.690196
0.690196
0.694118
0.701961
0.701961
0.709804
0.717647
0.662745
0.490196
0.333333
0.372549
0.470588
0.549020
0.741176
0.764706
0.756863
0.717647
0.592157
0.407843
0.298039
0.384314
0.568627
0.603922
0.694118
0.709804
0.698039
0.650980
0.662745
0.666667
0.670588
0.678431
0.682353
0.690196
0.694118
0.698039
0.701961
0.709804
0.713725
0.713725
0.717647
0.686275
0.521569
0.321569
0.215686
0.235294
0.494118
0.666667
0.737255
0.458824
0.431373
0.396078
0.372549
0.627451
0.776471
0.776471
0.784314
0.768627
0.690196
0.647059
0.666667
0.666667
0.670588
0.678431
0.686275
0.694118
0.698039
0.701961
0.705882
0.713725
0.721569
0.725490
0.729412
0.709804
0.603922
0.486275
0.364706
0.274510
0.396078
0.521569
0.478431
0.235294
0.337255
0.298039
0.513725
0.788235
0.792157
0.823529
0.764706
0.658824
0.643137
0.647059
0.670588
0.670588
0.678431
0.686275
0.694118
0.701961
0.709804
0.713725
0.717647
0.725490
0.725490
0.733333
0.721569
0.627451
0.545098
0.505882
0.462745
0.501961
0.729412
0.831373
0.647059
0.423529
0.258824
0.290196
0.623529
0.772549
0.815686
0.752941
0.490196
0.505882
0.600000
0.627451
0.603922
0.603922
0.603922
0.611765
0.619608
0.623529
0.631373
0.635294
0.639216
0.643137
0.643137
0.643137
0.603922
0.564706
0.698039
0.768627
0.698039
0.807843
0.878431
0.874510
0.784314
0.709804
0.529412
0.258824
0.254902
0.392157
0.505882
0.368627
0.192157
0.258824
0.384314
0.498039
0.556863
0.556863
0.545098
0.549020
0.560784
0.556863
0.556863
0.560784
0.560784
0.556863
0.564706
0.611765
0.705882
0.788235
0.898039
0.819608
0.643137
0.847059
0.874510
0.862745
0.776471
0.729412
0.596078
0.301961
0.298039
0.313725
0.239216
0.270588
0.301961
0.305882
0.329412
0.372549
0.560784
0.556863
0.615686
0.600000
0.556863
0.556863
0.556863
0.556863
0.564706
0.603922
0.701961
0.815686
0.874510
0.921569
0.949020
0.737255
0.635294
0.882353
0.878431
0.780392
0.603922
0.513725
0.368627
0.368627
0.392157
0.384314
0.360784
0.372549
0.372549
0.384314
0.415686
0.450980
0.552941
0.666667
0.850980
0.831373
0.603922
0.584314
0.588235
0.572549
0.654902
0.788235
0.858824
0.803922
0.945098
0.941176
0.933333
0.784314
0.705882
0.913725
0.784314
0.564706
0.494118
0.443137
0.368627
0.372549
0.447059
0.447059
0.427451
0.376471
0.368627
0.407843
0.474510
0.501961
0.564706
0.780392
0.549020
0.678431
0.827451
0.819608
0.733333
0.584314
0.682353
0.945098
0.815686
0.349020
0.698039
0.941176
0.933333
0.882353
0.756863
0.662745
0.529412
0.501961
0.501961
0.454902
0.396078
0.372549
0.407843
0.450980
0.462745
0.427451
0.435294
0.470588
0.505882
0.509804
0.592157
0.682353
0.231373
0.447059
0.866667
0.760784
0.584314
0.521569
0.800000
0.992157
0.647059
0.215686
0.713725
0.952941
0.854902
0.678431
0.454902
0.349020
0.388235
0.443137
0.478431
0.443137
0.407843
0.388235
0.423529
0.411765
0.435294
0.443137
0.505882
0.521569
0.521569
0.513725
0.584314
0.674510
0.501961
0.533333
0.607843
0.545098
0.482353
0.560784
0.941176
0.996078
0.925490
0.698039
0.776471
0.643137
0.482353
0.439216
0.490196
0.541176
0.521569
0.419608
0.372549
0.419608
0.431373
0.403922
0.435294
0.415686
0.411765
0.470588
0.501961
0.509804
0.517647
0.513725
0.588235
0.694118
0.788235
0.494118
0.490196
0.521569
0.580392
0.819608
0.960784
0.854902
0.745098
0.623529
0.545098
0.533333
0.560784
0.592157
0.592157
0.576471
0.560784
0.533333
0.458824
0.380392
0.384314
0.411765
0.435294
0.419608
0.380392
0.337255
0.407843
0.501961
0.509804
0.505882
0.603922
0.603922
0.635294
0.521569
0.517647
0.588235
0.584314
0.682353
0.654902
0.588235
0.564706
0.592157
0.623529
0.627451
0.611765
0.592157
0.584314
0.572549
0.564706
0.556863
0.549020
0.521569
0.423529
0.352941
0.337255
0.301961
0.298039
0.360784
0.454902
0.505882
0.509804
0.501961
0.615686
0.611765
0.588235
0.592157
0.654902
0.611765
0.415686
0.529412
0.615686
0.639216
0.643137
0.643137
0.631373
0.623529
0.623529
0.623529
0.619608
0.607843
0.600000
0.592157
0.584314
0.580392
0.560784
0.486275
0.368627
0.376471
0.482353
0.529412
0.529412
0.517647
0.513725
0.501961
0.611765
0.615686
0.627451
0.588235
0.466667
0.400000
0.513725
0.647059
0.670588
0.666667
0.662745
0.658824
0.662745
0.670588
0.670588
0.666667
0.658824
0.647059
0.635294
0.627451
0.619608
0.611765
0.603922
0.596078
0.580392
0.564706
0.556863
0.549020
0.537255
0.529412
0.525490
0.509804
0.623529
0.631373
0.654902
0.662745
0.603922
0.623529
0.662745
0.670588
0.674510
0.678431
0.682353
0.682353
0.682353
0.682353
0.682353
0.670588
0.666667
0.658824
0.647059
0.643137
0.631373
0.627451
0.623529
0.607843
0.603922
0.584314
0.564706
0.556863
0.549020
0.541176
0.537255
0.521569
0.643137
0.650980
0.662745
0.682353
0.694118
0.670588
0.658824
0.666667
0.670588
0.678431
0.686275
0.686275
0.682353
0.686275
0.682353
0.674510
0.670588
0.662745
0.654902
0.650980
0.643137
0.635294
0.627451
0.615686
0.615686
0.607843
0.596078
0.576471
0.568627
0.560784
0.552941
0.541176
0.654902
0.658824
0.662745
0.670588
0.670588
0.658824
0.654902
0.658824
0.678431
0.690196
0.698039
0.690196
0.690196
0.690196
0.694118
0.686275
0.674510
0.674510
0.670588
0.662745
0.650980
0.647059
0.639216
0.627451
0.623529
0.619608
0.611765
0.603922
0.596078
0.588235
0.572549
0.556863
0.674510
0.670588
0.670588
0.674510
0.670588
0.670588
0.670588
0.674510
0.686275
0.698039
0.698039
0.694118
0.694118
0.690196
0.694118
0.690196
0.682353
0.682353
0.674510
0.666667
0.662745
0.658824
0.650980
0.643137
0.635294
0.623529
0.619608
0.615686
0.607843
0.596078
0.584314
0.572549
0.690196
0.686275
0.690196
0.690196
0.686275
0.682353
0.682353
0.686275
0.694118
0.701961
0.701961
0.698039
0.694118
0.694118
0.698039
0.698039
0.694118
0.690196
0.686275
0.682353
0.674510
0.666667
0.658824
0.654902
0.647059
0.635294
0.631373
0.623529
0.607843
0.596078
0.592157
0.584314
0.698039
0.698039
0.698039
0.701961
0.705882
0.701961
0.705882
0.701961
0.705882
0.713725
0.713725
0.713725
0.709804
0.705882
0.709804
0.705882
0.701961
0.698039
0.694118
0.694118
0.686275
0.678431
0.670588
0.666667
0.658824
0.650980
0.639216
0.627451
0.615686
0.603922
0.596078
0.592157
0.713725
0.713725
0.713725
0.721569
0.721569
0.721569
0.725490
0.721569
0.721569
0.721569
0.721569
0.725490
0.725490
0.717647
0.717647
0.717647
0.717647
0.709804
0.705882
0.701961
0.694118
0.686275
0.678431
0.674510
0.666667
0.654902
0.639216
0.631373
0.623529
0.611765
0.600000
0.596078
0.725490
0.717647
0.725490
0.725490
0.721569
0.721569
0.733333
0.733333
0.733333
0.733333
0.733333
0.737255
0.733333
0.729412
0.725490
0.725490
0.717647
0.713725
0.709804
0.705882
0.698039
0.690196
0.678431
0.674510
0.670588
0.654902
0.643137
0.635294
0.623529
0.615686
0.607843
0.600000
0.729412
0.729412
0.729412
0.729412
0.729412
0.725490
0.733333
0.733333
0.737255
0.737255
0.733333
0.729412
0.725490
0.725490
0.721569
0.721569
0.721569
0.713725
0.709804
0.705882
0.698039
0.694118
0.686275
0.674510
0.662745
0.654902
0.643137
0.635294
0.627451
0.615686
0.607843
0.600000
0.749020
0.749020
0.752941
0.760784
0.768627
0.776471
0.776471
0.780392
0.784314
0.792157
0.800000
0.803922
0.807843
0.803922
0.807843
0.815686
0.811765
0.807843
0.803922
0.803922
0.803922
0.796078
0.792157
0.780392
0.776471
0.768627
0.760784
0.756863
0.749020
0.741176
0.733333
0.725490
0.737255
0.737255
0.741176
0.749020
0.756863
0.764706
0.764706
0.768627
0.772549
0.780392
0.788235
0.792157
0.796078
0.792157
0.792157
0.796078
0.796078
0.796078
0.792157
0.792157
0.792157
0.784314
0.776471
0.776471
0.768627
0.760784
0.752941
0.749020
0.737255
0.733333
0.725490
0.713725
0.745098
0.741176
0.745098
0.752941
0.756863
0.764706
0.764706
0.768627
0.772549
0.784314
0.788235
0.792157
0.800000
0.800000
0.800000
0.800000
0.803922
0.800000
0.792157
0.792157
0.788235
0.784314
0.780392
0.776471
0.768627
0.764706
0.756863
0.749020
0.741176
0.737255
0.729412
0.721569
0.745098
0.745098
0.749020
0.752941
0.756863
0.764706
0.764706
0.772549
0.780392
0.788235
0.788235
0.792157
0.792157
0.776471
0.764706
0.749020
0.772549
0.796078
0.796078
0.792157
0.792157
0.788235
0.764706
0.772549
0.768627
0.760784
0.756863
0.749020
0.741176
0.737255
0.733333
0.725490
0.745098
0.741176
0.745098
0.756863
0.760784
0.768627
0.768627
0.776471
0.784314
0.788235
0.784314
0.772549
0.752941
0.705882
0.615686
0.529412
0.603922
0.698039
0.752941
0.760784
0.780392
0.768627
0.666667
0.741176
0.772549
0.760784
0.756863
0.752941
0.741176
0.737255
0.733333
0.725490
0.745098
0.741176
0.749020
0.756863
0.760784
0.768627
0.764706
0.776471
0.780392
0.784314
0.768627
0.725490
0.650980
0.545098
0.439216
0.525490
0.647059
0.674510
0.686275
0.694118
0.717647
0.717647
0.576471
0.639216
0.760784
0.768627
0.760784
0.752941
0.745098
0.737255
0.733333
0.725490
0.749020
0.741176
0.749020
0.756863
0.764706
0.764706
0.764706
0.772549
0.780392
0.788235
0.780392
0.643137
0.392157
0.400000
0.533333
0.705882
0.713725
0.705882
0.698039
0.705882
0.713725
0.705882
0.658824
0.658824
0.690196
0.701961
0.733333
0.741176
0.733333
0.733333
0.729412
0.725490
0.749020
0.745098
0.749020
0.756863
0.764706
0.764706
0.764706
0.772549
0.780392
0.788235
0.796078
0.698039
0.454902
0.360784
0.568627
0.705882
0.745098
0.752941
0.749020
0.745098
0.745098
0.745098
0.741176
0.635294
0.494118
0.494118
0.572549
0.580392
0.694118
0.709804
0.717647
0.721569
0.752941
0.749020
0.752941
0.756863
0.760784
0.768627
0.772549
0.776471
0.784314
0.788235
0.792157
0.803922
0.741176
0.545098
0.388235
0.431373
0.537255
0.580392
0.756863
0.776471
0.768627
0.733333
0.627451
0.454902
0.352941
0.435294
0.619608
0.643137
0.721569
0.737255
0.741176
0.709804
0.760784
0.760784
0.760784
0.760784
0.768627
0.776471
0.780392
0.784314
0.792157
0.792157
0.796078
0.800000
0.803922
0.756863
0.584314
0.388235
0.266667
0.247059
0.505882
0.682353
0.756863
0.490196
0.470588
0.443137
0.415686
0.662745
0.800000
0.792157
0.811765
0.811765
0.737255
0.713725
0.760784
0.760784
0.764706
0.768627
0.776471
0.784314
0.788235
0.788235
0.792157
0.800000
0.803922
0.807843
0.811765
0.784314
0.662745
0.549020
0.407843
0.298039
0.415686
0.541176
0.505882
0.278431
0.380392
0.333333
0.541176
0.819608
0.811765
0.843137
0.807843
0.721569
0.713725
0.721569
0.760784
0.760784
0.764706
0.768627
0.776471
0.784314
0.788235
0.792157
0.800000
0.807843
0.807843
0.819608
0.800000
0.682353
0.580392
0.537255
0.486275
0.525490
0.749020
0.847059
0.666667
0.450980
0.294118
0.317647
0.650980
0.803922
0.847059
0.780392
0.529412
0.564706
0.674510
0.709804
0.694118
0.690196
0.694118
0.698039
0.705882
0.701961
0.705882
0.713725
0.725490
0.733333
0.725490
0.717647
0.662745
0.603922
0.717647
0.772549
0.698039
0.815686
0.901961
0.886275
0.784314
0.721569
0.560784
0.298039
0.298039
0.427451
0.545098
0.415686
0.254902
0.337255
0.462745
0.584314
0.650980
0.647059
0.639216
0.650980
0.662745
0.650980
0.647059
0.654902
0.662745
0.647059
0.639216
0.666667
0.733333
0.803922
0.917647
0.839216
0.670588
0.854902
0.886275
0.878431
0.788235
0.749020
0.639216
0.364706
0.368627
0.356863
0.294118
0.356863
0.388235
0.403922
0.423529
0.462745
0.650980
0.627451
0.678431
0.678431
0.658824
0.662745
0.658824
0.650980
0.643137
0.658824
0.752941
0.858824
0.894118
0.933333
0.945098
0.749020
0.662745
0.886275
0.890196
0.800000
0.627451
0.545098
0.423529
0.450980
0.462745
0.431373
0.415686
0.450980
0.447059
0.474510
0.501961
0.533333
0.639216
0.721569
0.894118
0.890196
0.670588
0.647059
0.654902
0.635294
0.713725
0.823529
0.878431
0.811765
0.941176
0.956863
0.937255
0.792157
0.749020
0.937255
0.815686
0.584314
0.513725
0.482353
0.427451
0.443137
0.505882
0.498039
0.494118
0.466667
0.458824
0.505882
0.556863
0.584314
0.654902
0.827451
0.560784
0.701961
0.858824
0.847059
0.764706
0.615686
0.705882
0.964706
0.819608
0.356863
0.717647
0.960784
0.960784
0.901961
0.807843
0.698039
0.564706
0.529412
0.533333
0.486275
0.415686
0.403922
0.454902
0.494118
0.525490
0.521569
0.529412
0.572549
0.588235
0.592157
0.674510
0.721569
0.235294
0.454902
0.882353
0.776471
0.596078
0.537255
0.807843
1.000000
0.658824
0.239216
0.741176
0.972549
0.894118
0.733333
0.521569
0.403922
0.450980
0.501961
0.533333
0.474510
0.423529
0.419608
0.458824
0.447059
0.482353
0.501961
0.584314
0.611765
0.600000
0.596078
0.666667
0.729412
0.525490
0.549020
0.623529
0.560784
0.505882
0.592157
0.956863
0.992157
0.925490
0.713725
0.803922
0.678431
0.541176
0.521569
0.576471
0.619608
0.600000
0.494118
0.435294
0.478431
0.482353
0.443137
0.462745
0.447059
0.458824
0.521569
0.572549
0.592157
0.592157
0.588235
0.678431
0.768627
0.835294
0.521569
0.509804
0.545098
0.607843
0.839216
0.960784
0.858824
0.772549
0.682353
0.615686
0.607843
0.643137
0.682353
0.678431
0.662745
0.647059
0.619608
0.533333
0.443137
0.435294
0.454902
0.466667
0.462745
0.439216
0.400000
0.478431
0.580392
0.580392
0.580392
0.698039
0.698039
0.705882
0.549020
0.529412
0.611765
0.619608
0.725490
0.698039
0.647059
0.647059
0.694118
0.729412
0.721569
0.705882
0.686275
0.666667
0.658824
0.650980
0.647059
0.639216
0.588235
0.486275
0.415686
0.396078
0.368627
0.376471
0.435294
0.541176
0.596078
0.584314
0.580392
0.709804
0.709804
0.670588
0.623529
0.662745
0.658824
0.498039
0.627451
0.713725
0.737255
0.741176
0.745098
0.733333
0.721569
0.713725
0.709804
0.701961
0.694118
0.686275
0.678431
0.678431
0.670588
0.654902
0.568627
0.450980
0.466667
0.572549
0.615686
0.623529
0.607843
0.588235
0.580392
0.709804
0.709804
0.721569
0.650980
0.521569
0.494118
0.623529
0.752941
0.764706
0.764706
0.760784
0.760784
0.760784
0.752941
0.752941
0.745098
0.741176
0.729412
0.717647
0.705882
0.694118
0.686275
0.682353
0.682353
0.666667
0.654902
0.639216
0.631373
0.619608
0.607843
0.596078
0.588235
0.717647
0.725490
0.756863
0.772549
0.713725
0.725490
0.764706
0.772549
0.768627
0.764706
0.764706
0.768627
0.772549
0.768627
0.768627
0.756863
0.749020
0.741176
0.729412
0.721569
0.705882
0.701961
0.694118
0.694118
0.690196
0.670588
0.650980
0.639216
0.631373
0.619608
0.607843
0.596078
0.741176
0.745098
0.756863
0.788235
0.796078
0.756863
0.752941
0.760784
0.760784
0.760784
0.764706
0.768627
0.768627
0.772549
0.772549
0.760784
0.752941
0.745098
0.737255
0.733333
0.721569
0.709804
0.701961
0.698039
0.694118
0.686275
0.674510
0.658824
0.650980
0.639216
0.627451
0.615686
0.749020
0.752941
0.764706
0.764706
0.756863
0.764706
0.752941
0.752941
0.760784
0.772549
0.780392
0.780392
0.776471
0.772549
0.772549
0.768627
0.756863
0.756863
0.752941
0.745098
0.733333
0.725490
0.717647
0.705882
0.701961
0.698039
0.694118
0.690196
0.682353
0.666667
0.647059
0.635294
0.768627
0.764706
0.776471
0.776471
0.768627
0.776471
0.768627
0.764706
0.776471
0.784314
0.788235
0.784314
0.784314
0.780392
0.780392
0.776471
0.764706
0.764706
0.756863
0.752941
0.745098
0.741176
0.737255
0.725490
0.717647
0.709804
0.701961
0.694118
0.686275
0.674510
0.658824
0.650980
0.784314
0.784314
0.784314
0.788235
0.784314
0.780392
0.772549
0.776471
0.784314
0.788235
0.788235
0.788235
0.784314
0.788235
0.788235
0.788235
0.776471
0.768627
0.768627
0.764706
0.760784
0.752941
0.745098
0.741176
0.733333
0.721569
0.713725
0.701961
0.686275
0.674510
0.670588
0.662745
0.803922
0.800000
0.800000
0.803922
0.807843
0.803922
0.800000
0.796078
0.800000
0.803922
0.807843
0.807843
0.803922
0.803922
0.803922
0.803922
0.792157
0.784314
0.784314
0.780392
0.772549
0.764706
0.756863
0.752941
0.745098
0.737255
0.717647
0.705882
0.694118
0.682353
0.674510
0.670588
0.823529
0.819608
0.819608
0.823529
0.827451
0.823529
0.823529
0.819608
0.819608
0.819608
0.819608
0.823529
0.823529
0.819608
0.819608
0.819608
0.811765
0.803922
0.796078
0.788235
0.780392
0.772549
0.764706
0.760784
0.752941
0.741176
0.721569
0.709804
0.701961
0.690196
0.682353
0.678431
0.839216
0.831373
0.835294
0.835294
0.835294
0.831373
0.831373
0.831373
0.835294
0.835294
0.831373
0.835294
0.835294
0.831373
0.831373
0.827451
0.815686
0.811765
0.807843
0.796078
0.784314
0.780392
0.764706
0.760784
0.756863
0.741176
0.721569
0.713725
0.701961
0.694118
0.690196
0.686275
0.843137
0.839216
0.843137
0.843137
0.839216
0.835294
0.835294
0.839216
0.847059
0.843137
0.839216
0.835294
0.831373
0.831373
0.827451
0.827451
0.823529
0.819608
0.815686
0.803922
0.792157
0.788235
0.780392
0.764706
0.752941
0.745098
0.725490
0.713725
0.705882
0.698039
0.694118
0.686275
