0.615686
0.658824
0.682353
0.709804
0.733333
0.725490
0.694118
0.678431
0.694118
0.737255
0.768627
0.811765
0.847059
0.827451
0.823529
0.760784
0.694118
0.686275
0.694118
0.717647
0.733333
0.741176
0.756863
0.768627
0.784314
0.803922
0.823529
0.843137
0.854902
0.862745
0.878431
0.909804
0.588235
0.607843
0.619608
0.647059
0.674510
0.682353
0.682353
0.686275
0.749020
0.870588
0.870588
0.756863
0.670588
0.643137
0.760784
0.858824
0.807843
0.788235
0.756863
0.737255
0.733333
0.737255
0.749020
0.760784
0.776471
0.800000
0.819608
0.839216
0.854902
0.862745
0.882353
0.917647
0.596078
0.607843
0.607843
0.611765
0.619608
0.647059
0.674510
0.713725
0.835294
0.909804
0.835294
0.690196
0.596078
0.686275
0.811765
0.878431
0.898039
0.909804
0.866667
0.815686
0.788235
0.756863
0.733333
0.741176
0.752941
0.776471
0.796078
0.815686
0.827451
0.839216
0.858824
0.898039
0.603922
0.611765
0.615686
0.627451
0.643137
0.662745
0.725490
0.819608
0.921569
0.921569
0.835294
0.666667
0.600000
0.705882
0.784314
0.835294
0.886275
0.933333
0.952941
0.945098
0.901961
0.815686
0.752941
0.749020
0.745098
0.768627
0.784314
0.800000
0.807843
0.819608
0.843137
0.882353
0.607843
0.607843
0.623529
0.650980
0.666667
0.690196
0.815686
0.913725
0.945098
0.913725
0.752941
0.537255
0.560784
0.666667
0.733333
0.800000
0.847059
0.894118
0.956863
0.988235
0.945098
0.850980
0.776471
0.760784
0.749020
0.764706
0.780392
0.792157
0.792157
0.800000
0.819608
0.854902
0.658824
0.682353
0.749020
0.756863
0.752941
0.811765
0.901961
0.949020
0.921569
0.870588
0.717647
0.560784
0.639216
0.713725
0.745098
0.780392
0.811765
0.839216
0.909804
0.976471
0.980392
0.901961
0.792157
0.737255
0.733333
0.756863
0.784314
0.796078
0.788235
0.792157
0.803922
0.835294
0.870588
0.894118
0.917647
0.921569
0.917647
0.941176
0.933333
0.917647
0.882353
0.847059
0.752941
0.647059
0.721569
0.733333
0.674510
0.678431
0.709804
0.717647
0.807843
0.917647
0.984314
0.925490
0.866667
0.784314
0.701961
0.749020
0.780392
0.784314
0.788235
0.792157
0.803922
0.835294
0.909804
0.890196
0.807843
0.886275
0.894118
0.850980
0.811765
0.819608
0.839216
0.803922
0.776471
0.650980
0.682353
0.650980
0.482353
0.415686
0.474510
0.545098
0.619608
0.764706
0.898039
0.894118
0.905882
0.874510
0.737255
0.729412
0.776471
0.776471
0.784314
0.792157
0.811765
0.831373
0.709804
0.686275
0.792157
0.788235
0.678431
0.639216
0.584314
0.682353
0.788235
0.721569
0.713725
0.529412
0.450980
0.466667
0.325490
0.223529
0.325490
0.396078
0.396078
0.470588
0.678431
0.874510
0.964706
0.929412
0.749020
0.709804
0.780392
0.772549
0.780392
0.788235
0.811765
0.827451
0.603922
0.572549
0.701961
0.662745
0.564706
0.525490
0.462745
0.607843
0.729412
0.603922
0.592157
0.396078
0.298039
0.313725
0.243137
0.184314
0.207843
0.227451
0.262745
0.364706
0.647059
0.901961
0.960784
0.925490
0.796078
0.745098
0.776471
0.768627
0.772549
0.784314
0.807843
0.819608
0.509804
0.466667
0.556863
0.556863
0.450980
0.403922
0.388235
0.600000
0.615686
0.403922
0.431373
0.352941
0.294118
0.282353
0.298039
0.286275
0.235294
0.231373
0.301961
0.454902
0.686275
0.843137
0.921569
0.917647
0.890196
0.823529
0.772549
0.764706
0.768627
0.776471
0.792157
0.807843
0.419608
0.388235
0.447059
0.474510
0.419608
0.411765
0.411765
0.615686
0.513725
0.227451
0.305882
0.364706
0.239216
0.211765
0.282353
0.278431
0.286275
0.305882
0.368627
0.517647
0.596078
0.631373
0.725490
0.843137
0.913725
0.890196
0.780392
0.760784
0.764706
0.772549
0.784314
0.800000
0.423529
0.423529
0.419608
0.435294
0.560784
0.643137
0.541176
0.552941
0.396078
0.164706
0.325490
0.333333
0.172549
0.160784
0.196078
0.160784
0.149020
0.223529
0.325490
0.450980
0.431373
0.372549
0.498039
0.756863
0.886275
0.913725
0.823529
0.772549
0.784314
0.792157
0.776471
0.788235
0.627451
0.572549
0.509804
0.501961
0.709804
0.803922
0.611765
0.431373
0.286275
0.192157
0.321569
0.207843
0.137255
0.168627
0.262745
0.196078
0.094118
0.109804
0.168627
0.239216
0.250980
0.219608
0.396078
0.721569
0.866667
0.933333
0.925490
0.886275
0.890196
0.882353
0.831373
0.796078
0.768627
0.600000
0.603922
0.698039
0.792157
0.792157
0.549020
0.345098
0.341176
0.282353
0.239216
0.227451
0.243137
0.192157
0.352941
0.309804
0.141176
0.109804
0.113725
0.129412
0.149020
0.176471
0.384314
0.701961
0.839216
0.925490
0.968627
0.949020
0.941176
0.913725
0.886275
0.831373
0.745098
0.572549
0.603922
0.729412
0.780392
0.725490
0.431373
0.258824
0.435294
0.376471
0.188235
0.298039
0.431373
0.392157
0.443137
0.403922
0.243137
0.156863
0.117647
0.105882
0.129412
0.172549
0.415686
0.709804
0.788235
0.839216
0.901961
0.898039
0.870588
0.827451
0.839216
0.831373
0.733333
0.572549
0.568627
0.686275
0.737255
0.670588
0.396078
0.231373
0.458824
0.384314
0.145098
0.270588
0.482353
0.466667
0.403922
0.403922
0.376471
0.254902
0.129412
0.109804
0.137255
0.286275
0.560784
0.729412
0.721569
0.717647
0.792157
0.831373
0.819608
0.756863
0.772549
0.768627
0.733333
0.635294
0.619608
0.705882
0.705882
0.658824
0.584314
0.482353
0.517647
0.376471
0.141176
0.219608
0.392157
0.400000
0.360784
0.345098
0.380392
0.305882
0.180392
0.156863
0.243137
0.482353
0.670588
0.721569
0.607843
0.600000
0.650980
0.701961
0.737255
0.678431
0.658824
0.709804
0.678431
0.654902
0.670588
0.733333
0.694118
0.666667
0.737255
0.713725
0.603922
0.443137
0.207843
0.172549
0.290196
0.309804
0.290196
0.266667
0.258824
0.247059
0.278431
0.270588
0.435294
0.607843
0.698039
0.635294
0.431373
0.450980
0.474510
0.478431
0.541176
0.576471
0.568627
0.698039
0.592157
0.576471
0.639216
0.737255
0.682353
0.635294
0.745098
0.749020
0.623529
0.541176
0.380392
0.254902
0.243137
0.211765
0.207843
0.188235
0.243137
0.356863
0.368627
0.423529
0.607843
0.674510
0.709804
0.521569
0.360784
0.431373
0.407843
0.380392
0.392157
0.470588
0.615686
0.737255
0.478431
0.470588
0.490196
0.572549
0.603922
0.580392
0.690196
0.713725
0.623529
0.588235
0.501961
0.431373
0.356863
0.274510
0.286275
0.317647
0.380392
0.435294
0.450980
0.564706
0.670588
0.701961
0.690196
0.494118
0.435294
0.576471
0.576471
0.549020
0.541176
0.600000
0.709804
0.752941
0.333333
0.333333
0.325490
0.345098
0.450980
0.517647
0.588235
0.639216
0.615686
0.603922
0.552941
0.545098
0.490196
0.439216
0.427451
0.458824
0.466667
0.478431
0.541176
0.611765
0.670588
0.674510
0.623529
0.486275
0.450980
0.619608
0.682353
0.674510
0.690196
0.705882
0.729412
0.749020
0.325490
0.341176
0.380392
0.388235
0.454902
0.482353
0.443137
0.494118
0.560784
0.568627
0.545098
0.588235
0.549020
0.509804
0.486275
0.494118
0.490196
0.513725
0.576471
0.615686
0.650980
0.568627
0.498039
0.454902
0.447059
0.607843
0.705882
0.701961
0.717647
0.725490
0.741176
0.749020
0.482353
0.509804
0.580392
0.588235
0.588235
0.564706
0.435294
0.392157
0.439216
0.431373
0.411765
0.545098
0.603922
0.498039
0.466667
0.474510
0.490196
0.513725
0.560784
0.600000
0.556863
0.400000
0.392157
0.439216
0.478431
0.627451
0.721569
0.713725
0.713725
0.725490
0.737255
0.749020
0.580392
0.592157
0.647059
0.682353
0.666667
0.647059
0.611765
0.549020
0.486275
0.376471
0.274510
0.505882
0.658824
0.498039
0.400000
0.396078
0.447059
0.482353
0.501961
0.549020
0.466667
0.356863
0.392157
0.443137
0.537255
0.670588
0.717647
0.713725
0.709804
0.705882
0.721569
0.737255
0.596078
0.611765
0.662745
0.705882
0.729412
0.713725
0.682353
0.647059
0.647059
0.572549
0.419608
0.525490
0.701961
0.552941
0.376471
0.317647
0.345098
0.372549
0.427451
0.572549
0.607843
0.603922
0.572549
0.513725
0.576471
0.694118
0.705882
0.709804
0.709804
0.701961
0.717647
0.733333
0.623529
0.635294
0.686275
0.729412
0.752941
0.764706
0.749020
0.690196
0.682353
0.686275
0.623529
0.603922
0.690196
0.584314
0.427451
0.325490
0.305882
0.325490
0.415686
0.596078
0.631373
0.686275
0.686275
0.647059
0.650980
0.694118
0.701961
0.705882
0.705882
0.701961
0.717647
0.733333
0.643137
0.662745
0.713725
0.756863
0.784314
0.792157
0.803922
0.772549
0.725490
0.701961
0.690196
0.682353
0.670588
0.568627
0.454902
0.360784
0.329412
0.380392
0.454902
0.572549
0.576471
0.596078
0.643137
0.674510
0.733333
0.725490
0.701961
0.701961
0.701961
0.701961
0.717647
0.733333
0.670588
0.701961
0.749020
0.796078
0.823529
0.823529
0.831373
0.831373
0.803922
0.752941
0.713725
0.705882
0.674510
0.560784
0.450980
0.356863
0.321569
0.411765
0.447059
0.517647
0.537255
0.517647
0.549020
0.623529
0.756863
0.745098
0.694118
0.698039
0.698039
0.701961
0.717647
0.733333
0.698039
0.741176
0.788235
0.827451
0.850980
0.850980
0.847059
0.850980
0.831373
0.776471
0.733333
0.713725
0.690196
0.611765
0.482353
0.329412
0.274510
0.337255
0.364706
0.431373
0.474510
0.435294
0.486275
0.603922
0.721569
0.721569
0.690196
0.690196
0.701961
0.705882
0.717647
0.729412
0.749020
0.784314
0.839216
0.874510
0.898039
0.913725
0.886275
0.874510
0.835294
0.788235
0.760784
0.729412
0.717647
0.694118
0.619608
0.415686
0.286275
0.274510
0.278431
0.301961
0.368627
0.329412
0.392157
0.580392
0.674510
0.694118
0.701961
0.698039
0.705882
0.713725
0.721569
0.733333
0.776471
0.815686
0.878431
0.917647
0.929412
0.933333
0.901961
0.878431
0.843137
0.811765
0.776471
0.741176
0.725490
0.701961
0.686275
0.615686
0.494118
0.423529
0.384314
0.278431
0.254902
0.270588
0.298039
0.427451
0.588235
0.678431
0.690196
0.686275
0.694118
0.701961
0.713725
0.721569
0.658824
0.698039
0.709804
0.729412
0.749020
0.745098
0.729412
0.705882
0.682353
0.690196
0.713725
0.717647
0.717647
0.701961
0.737255
0.737255
0.705882
0.701961
0.709804
0.729412
0.745098
0.760784
0.772549
0.784314
0.796078
0.815686
0.835294
0.858824
0.886275
0.905882
0.925490
0.952941
0.627451
0.639216
0.639216
0.658824
0.690196
0.713725
0.709804
0.690196
0.709804
0.792157
0.749020
0.596078
0.486275
0.478431
0.635294
0.792157
0.780392
0.768627
0.749020
0.741176
0.741176
0.745098
0.756863
0.768627
0.784314
0.811765
0.835294
0.858824
0.886275
0.905882
0.929412
0.964706
0.627451
0.627451
0.623529
0.619608
0.643137
0.682353
0.686275
0.686275
0.772549
0.811765
0.698039
0.529412
0.431373
0.545098
0.709804
0.803922
0.835294
0.862745
0.839216
0.803922
0.788235
0.752941
0.733333
0.745098
0.760784
0.792157
0.811765
0.835294
0.858824
0.878431
0.905882
0.945098
0.631373
0.627451
0.627451
0.627451
0.654902
0.682353
0.709804
0.760784
0.839216
0.827451
0.733333
0.560784
0.498039
0.623529
0.725490
0.772549
0.811765
0.874510
0.913725
0.921569
0.886275
0.800000
0.745098
0.749020
0.756863
0.788235
0.800000
0.815686
0.839216
0.862745
0.890196
0.925490
0.623529
0.619608
0.627451
0.647059
0.666667
0.682353
0.768627
0.835294
0.858824
0.839216
0.690196
0.478431
0.505882
0.615686
0.694118
0.752941
0.788235
0.843137
0.909804
0.956863
0.917647
0.827451
0.760784
0.760784
0.760784
0.784314
0.796078
0.807843
0.823529
0.843137
0.862745
0.901961
0.666667
0.690196
0.752941
0.752941
0.737255
0.776471
0.831373
0.854902
0.835294
0.811765
0.674510
0.517647
0.592157
0.654902
0.682353
0.729412
0.772549
0.796078
0.866667
0.933333
0.941176
0.874510
0.772549
0.733333
0.745098
0.780392
0.803922
0.811765
0.819608
0.831373
0.847059
0.878431
0.847059
0.890196
0.933333
0.905882
0.854902
0.858824
0.831373
0.811765
0.803922
0.796078
0.701961
0.592157
0.670588
0.678431
0.607843
0.623529
0.666667
0.678431
0.764706
0.862745
0.929412
0.886275
0.843137
0.776471
0.713725
0.768627
0.803922
0.807843
0.811765
0.823529
0.839216
0.870588
0.850980
0.874510
0.843137
0.870588
0.811765
0.749020
0.698039
0.713725
0.768627
0.760784
0.717647
0.592157
0.631373
0.600000
0.435294
0.364706
0.427451
0.505882
0.576471
0.705882
0.835294
0.854902
0.878431
0.862745
0.745098
0.745098
0.796078
0.800000
0.807843
0.815686
0.835294
0.862745
0.639216
0.662745
0.831373
0.800000
0.619608
0.545098
0.478431
0.588235
0.729412
0.686275
0.666667
0.478431
0.403922
0.423529
0.286275
0.188235
0.298039
0.360784
0.356863
0.419608
0.631373
0.843137
0.945098
0.921569
0.752941
0.721569
0.800000
0.796078
0.803922
0.811765
0.835294
0.854902
0.521569
0.537255
0.749020
0.698039
0.525490
0.439216
0.372549
0.529412
0.682353
0.584314
0.556863
0.352941
0.258824
0.282353
0.211765
0.168627
0.200000
0.207843
0.235294
0.337255
0.623529
0.882353
0.952941
0.921569
0.800000
0.752941
0.796078
0.792157
0.796078
0.807843
0.827451
0.850980
0.427451
0.423529
0.592157
0.596078
0.423529
0.329412
0.309804
0.533333
0.584314
0.392157
0.403922
0.317647
0.266667
0.258824
0.278431
0.286275
0.247059
0.227451
0.290196
0.443137
0.682353
0.843137
0.925490
0.921569
0.894118
0.827451
0.788235
0.788235
0.792157
0.800000
0.815686
0.839216
0.349020
0.341176
0.470588
0.498039
0.392157
0.352941
0.349020
0.564706
0.490196
0.223529
0.290196
0.341176
0.215686
0.196078
0.270588
0.282353
0.298039
0.301961
0.360784
0.505882
0.592157
0.643137
0.741176
0.854902
0.921569
0.898039
0.796078
0.784314
0.788235
0.796078
0.807843
0.831373
0.368627
0.372549
0.427451
0.443137
0.529412
0.600000
0.494118
0.513725
0.380392
0.164706
0.313725
0.313725
0.156863
0.149020
0.188235
0.156863
0.149020
0.215686
0.317647
0.431373
0.419608
0.392157
0.521569
0.772549
0.894118
0.921569
0.839216
0.796078
0.807843
0.815686
0.800000
0.819608
0.592157
0.533333
0.494118
0.478431
0.666667
0.760784
0.576471
0.407843
0.282353
0.200000
0.301961
0.203922
0.149020
0.164706
0.219608
0.164706
0.094118
0.113725
0.168627
0.219608
0.223529
0.227451
0.411765
0.733333
0.878431
0.945098
0.941176
0.905882
0.909804
0.898039
0.843137
0.819608
0.749020
0.580392
0.576471
0.658824
0.741176
0.749020
0.517647
0.333333
0.345098
0.290196
0.223529
0.223529
0.243137
0.152941
0.247059
0.235294
0.133333
0.117647
0.125490
0.121569
0.133333
0.176471
0.392157
0.709804
0.847059
0.937255
0.980392
0.960784
0.952941
0.925490
0.890196
0.847059
0.733333
0.560784
0.584314
0.694118
0.741176
0.690196
0.407843
0.243137
0.431373
0.380392
0.192157
0.270588
0.349020
0.254902
0.278431
0.274510
0.184314
0.133333
0.125490
0.109804
0.133333
0.180392
0.427451
0.721569
0.800000
0.850980
0.921569
0.913725
0.886275
0.839216
0.847059
0.847059
0.729412
0.564706
0.552941
0.658824
0.701961
0.643137
0.376471
0.215686
0.450980
0.392157
0.176471
0.223529
0.317647
0.247059
0.196078
0.243137
0.266667
0.200000
0.129412
0.129412
0.160784
0.301961
0.572549
0.745098
0.733333
0.733333
0.811765
0.850980
0.835294
0.768627
0.784314
0.788235
0.733333
0.631373
0.607843
0.686275
0.682353
0.635294
0.564706
0.470588
0.501961
0.380392
0.176471
0.164706
0.211765
0.176471
0.172549
0.192157
0.266667
0.250980
0.176471
0.180392
0.274510
0.501961
0.686275
0.737255
0.623529
0.611765
0.666667
0.721569
0.752941
0.690196
0.666667
0.729412
0.682353
0.650980
0.662745
0.717647
0.678431
0.650980
0.721569
0.701961
0.584314
0.435294
0.231373
0.137255
0.164706
0.164706
0.168627
0.172549
0.188235
0.215686
0.282353
0.286275
0.450980
0.619608
0.713725
0.647059
0.439216
0.462745
0.490196
0.494118
0.552941
0.588235
0.576471
0.717647
0.600000
0.576471
0.627451
0.725490
0.670588
0.627451
0.733333
0.733333
0.603922
0.521569
0.380392
0.239216
0.200000
0.160784
0.172549
0.156863
0.223529
0.360784
0.384314
0.427451
0.607843
0.682353
0.721569
0.533333
0.368627
0.435294
0.419608
0.396078
0.403922
0.482353
0.619608
0.752941
0.498039
0.482353
0.490196
0.568627
0.592157
0.564706
0.674510
0.694118
0.600000
0.564706
0.486275
0.423529
0.356863
0.278431
0.294118
0.325490
0.388235
0.454902
0.470588
0.564706
0.666667
0.709804
0.698039
0.505882
0.443137
0.584314
0.588235
0.568627
0.556863
0.615686
0.721569
0.772549
0.368627
0.360784
0.337255
0.352941
0.443137
0.490196
0.564706
0.615686
0.596078
0.584314
0.537255
0.529412
0.482353
0.439216
0.439216
0.470588
0.474510
0.490196
0.552941
0.619608
0.674510
0.674510
0.631373
0.498039
0.462745
0.635294
0.701961
0.698039
0.709804
0.729412
0.752941
0.776471
0.360784
0.368627
0.396078
0.396078
0.447059
0.454902
0.415686
0.474510
0.545098
0.549020
0.529412
0.572549
0.541176
0.509804
0.494118
0.501961
0.498039
0.521569
0.584314
0.623529
0.658824
0.564706
0.498039
0.462745
0.458824
0.627451
0.725490
0.725490
0.741176
0.752941
0.760784
0.776471
0.517647
0.537255
0.592157
0.596078
0.580392
0.541176
0.415686
0.372549
0.419608
0.415686
0.400000
0.537255
0.592157
0.494118
0.462745
0.478431
0.498039
0.521569
0.568627
0.607843
0.560784
0.392157
0.388235
0.443137
0.486275
0.647059
0.741176
0.737255
0.737255
0.749020
0.760784
0.772549
0.611765
0.619608
0.658824
0.690196
0.662745
0.635294
0.596078
0.537255
0.474510
0.368627
0.270588
0.498039
0.650980
0.486275
0.388235
0.392157
0.450980
0.486275
0.513725
0.560784
0.470588
0.345098
0.388235
0.447059
0.545098
0.690196
0.737255
0.737255
0.733333
0.729412
0.745098
0.764706
0.627451
0.635294
0.674510
0.713725
0.729412
0.713725
0.682353
0.647059
0.650980
0.572549
0.419608
0.525490
0.694118
0.537255
0.352941
0.301961
0.349020
0.380392
0.435294
0.584314
0.615686
0.600000
0.568627
0.517647
0.584314
0.713725
0.729412
0.733333
0.733333
0.725490
0.737255
0.760784
0.654902
0.658824
0.698039
0.733333
0.756863
0.772549
0.756863
0.698039
0.690196
0.690196
0.627451
0.607843
0.686275
0.564706
0.392157
0.305882
0.309804
0.329412
0.427451
0.607843
0.639216
0.686275
0.690196
0.654902
0.662745
0.709804
0.725490
0.733333
0.729412
0.725490
0.741176
0.760784
0.674510
0.686275
0.725490
0.764706
0.788235
0.803922
0.815686
0.780392
0.733333
0.709804
0.698039
0.682353
0.666667
0.556863
0.431373
0.345098
0.329412
0.384314
0.458824
0.584314
0.588235
0.603922
0.650980
0.686275
0.741176
0.737255
0.721569
0.725490
0.725490
0.725490
0.741176
0.760784
0.698039
0.725490
0.756863
0.796078
0.827451
0.831373
0.839216
0.839216
0.811765
0.760784
0.717647
0.705882
0.678431
0.564706
0.454902
0.356863
0.317647
0.407843
0.443137
0.517647
0.541176
0.521569
0.556863
0.635294
0.764706
0.752941
0.709804
0.721569
0.721569
0.725490
0.741176
0.760784
0.725490
0.760784
0.792157
0.827451
0.850980
0.858824
0.854902
0.858824
0.839216
0.784314
0.729412
0.713725
0.690196
0.615686
0.490196
0.329412
0.270588
0.333333
0.360784
0.431373
0.474510
0.439216
0.494118
0.615686
0.725490
0.721569
0.705882
0.713725
0.725490
0.729412
0.741176
0.756863
0.772549
0.803922
0.843137
0.870588
0.898039
0.921569
0.894118
0.882353
0.843137
0.792157
0.756863
0.725490
0.713725
0.694118
0.619608
0.415686
0.286275
0.274510
0.278431
0.305882
0.372549
0.333333
0.400000
0.588235
0.682353
0.694118
0.713725
0.721569
0.729412
0.737255
0.745098
0.756863
0.800000
0.831373
0.882353
0.913725
0.929412
0.937255
0.905882
0.882353
0.847059
0.815686
0.772549
0.733333
0.721569
0.698039
0.682353
0.611765
0.490196
0.423529
0.388235
0.278431
0.258824
0.274510
0.301961
0.431373
0.592157
0.678431
0.705882
0.709804
0.717647
0.725490
0.737255
0.745098
0.627451
0.658824
0.666667
0.678431
0.701961
0.705882
0.682353
0.654902
0.635294
0.647059
0.650980
0.639216
0.635294
0.627451
0.678431
0.678431
0.647059
0.650980
0.670588
0.698039
0.725490
0.749020
0.764706
0.768627
0.772549
0.792157
0.823529
0.854902
0.874510
0.890196
0.905882
0.941176
0.592157
0.596078
0.592157
0.603922
0.647059
0.682353
0.658824
0.619608
0.631373
0.709804
0.674510
0.517647
0.400000
0.388235
0.549020
0.690196
0.670588
0.670588
0.674510
0.682353
0.698039
0.725490
0.741176
0.752941
0.772549
0.800000
0.827451
0.854902
0.874510
0.890196
0.913725
0.949020
0.588235
0.584314
0.572549
0.564706
0.596078
0.643137
0.627451
0.600000
0.658824
0.690196
0.596078
0.427451
0.325490
0.419608
0.568627
0.647059
0.674510
0.721569
0.725490
0.709804
0.713725
0.705882
0.701961
0.721569
0.752941
0.792157
0.811765
0.827451
0.847059
0.866667
0.890196
0.933333
0.584314
0.576471
0.572549
0.568627
0.600000
0.627451
0.631373
0.658824
0.701961
0.674510
0.596078
0.435294
0.360784
0.466667
0.541176
0.576471
0.619608
0.698039
0.760784
0.792157
0.776471
0.713725
0.678431
0.705882
0.733333
0.780392
0.800000
0.811765
0.827451
0.847059
0.874510
0.913725
0.576471
0.564706
0.568627
0.580392
0.596078
0.603922
0.674510
0.713725
0.701961
0.662745
0.533333
0.341176
0.364706
0.447059
0.486275
0.537255
0.584314
0.650980
0.737255
0.796078
0.768627
0.694118
0.650980
0.678431
0.713725
0.764706
0.788235
0.803922
0.811765
0.827451
0.847059
0.886275
0.615686
0.635294
0.690196
0.682353
0.650980
0.670588
0.717647
0.721569
0.674510
0.631373
0.509804
0.376471
0.450980
0.494118
0.482353
0.521569
0.572549
0.596078
0.670588
0.749020
0.764706
0.709804
0.627451
0.623529
0.678431
0.745098
0.788235
0.807843
0.807843
0.819608
0.831373
0.866667
0.760784
0.835294
0.866667
0.827451
0.733333
0.698039
0.678431
0.662745
0.635294
0.611765
0.513725
0.407843
0.486275
0.505882
0.450980
0.466667
0.474510
0.423529
0.486275
0.627451
0.741176
0.713725
0.690196
0.662745
0.635294
0.721569
0.784314
0.800000
0.803922
0.815686
0.827451
0.862745
0.737255
0.803922
0.756863
0.772549
0.666667
0.560784
0.525490
0.549020
0.592157
0.572549
0.513725
0.376471
0.419608
0.423529
0.305882
0.262745
0.282353
0.282353
0.317647
0.486275
0.666667
0.698039
0.741176
0.760784
0.678431
0.705882
0.780392
0.792157
0.800000
0.807843
0.827451
0.858824
0.513725
0.564706
0.713725
0.662745
0.466667
0.380392
0.313725
0.411765
0.541176
0.490196
0.470588
0.282353
0.219608
0.266667
0.168627
0.098039
0.207843
0.254902
0.235294
0.286275
0.494118
0.709804
0.835294
0.839216
0.701961
0.690196
0.784314
0.788235
0.796078
0.803922
0.827451
0.850980
0.388235
0.415686
0.596078
0.529412
0.368627
0.290196
0.203922
0.341176
0.490196
0.388235
0.372549
0.180392
0.105882
0.156863
0.113725
0.070588
0.121569
0.164706
0.192157
0.235294
0.482353
0.768627
0.862745
0.858824
0.760784
0.733333
0.788235
0.784314
0.788235
0.800000
0.819608
0.847059
0.298039
0.290196
0.427451
0.411765
0.262745
0.180392
0.129412
0.337255
0.400000
0.223529
0.243137
0.172549
0.145098
0.164706
0.196078
0.180392
0.149020
0.176471
0.243137
0.325490
0.521569
0.737255
0.843137
0.862745
0.858824
0.807843
0.780392
0.780392
0.784314
0.792157
0.807843
0.831373
0.227451
0.207843
0.301961
0.321569
0.231373
0.184314
0.152941
0.364706
0.321569
0.090196
0.145098
0.215686
0.129412
0.133333
0.203922
0.192157
0.203922
0.227451
0.278431
0.380392
0.443137
0.537255
0.654902
0.788235
0.870588
0.862745
0.780392
0.776471
0.780392
0.788235
0.800000
0.819608
0.258824
0.243137
0.266667
0.278431
0.364706
0.407843
0.282353
0.309804
0.231373
0.062745
0.188235
0.207843
0.094118
0.105882
0.137255
0.105882
0.090196
0.137255
0.219608
0.325490
0.313725
0.290196
0.427451
0.694118
0.831373
0.870588
0.811765
0.788235
0.800000
0.807843
0.792157
0.807843
0.458824
0.368627
0.313725
0.321569
0.501961
0.549020
0.368627
0.223529
0.145098
0.101961
0.200000
0.109804
0.086275
0.129412
0.200000
0.145098
0.062745
0.062745
0.101961
0.160784
0.176471
0.164706
0.341176
0.666667
0.807843
0.878431
0.898039
0.878431
0.890196
0.890196
0.847059
0.819608
0.584314
0.368627
0.364706
0.490196
0.564706
0.529412
0.321569
0.168627
0.211765
0.184314
0.137255
0.149020
0.184314
0.121569
0.254902
0.231373
0.105882
0.086275
0.090196
0.094118
0.109804
0.145098
0.345098
0.654902
0.780392
0.862745
0.917647
0.913725
0.921569
0.909804
0.890196
0.850980
0.552941
0.341176
0.360784
0.509804
0.552941
0.470588
0.211765
0.086275
0.301961
0.274510
0.117647
0.219608
0.321569
0.250980
0.290196
0.270588
0.156863
0.101961
0.094118
0.094118
0.113725
0.129412
0.364706
0.650980
0.721569
0.768627
0.843137
0.847059
0.835294
0.807843
0.831373
0.839216
0.537255
0.345098
0.329412
0.458824
0.505882
0.431373
0.184314
0.054902
0.313725
0.278431
0.105882
0.192157
0.317647
0.262745
0.207843
0.227451
0.239216
0.164706
0.094118
0.109804
0.133333
0.231373
0.490196
0.658824
0.647059
0.643137
0.721569
0.772549
0.768627
0.721569
0.752941
0.768627
0.545098
0.423529
0.396078
0.482353
0.478431
0.431373
0.380392
0.305882
0.360784
0.258824
0.105882
0.137255
0.219608
0.196078
0.172549
0.176471
0.239216
0.215686
0.137255
0.145098
0.227451
0.419608
0.596078
0.647059
0.537255
0.529412
0.580392
0.639216
0.686275
0.643137
0.635294
0.709804
0.513725
0.474510
0.474510
0.529412
0.486275
0.454902
0.537255
0.537255
0.439216
0.305882
0.145098
0.094118
0.152941
0.160784
0.160784
0.156863
0.164706
0.172549
0.227451
0.223529
0.380392
0.537255
0.627451
0.568627
0.372549
0.400000
0.419608
0.423529
0.498039
0.552941
0.556863
0.705882
0.450980
0.427451
0.470588
0.556863
0.490196
0.439216
0.552941
0.568627
0.454902
0.384314
0.282353
0.172549
0.152941
0.133333
0.152941
0.145098
0.203922
0.313725
0.317647
0.345098
0.517647
0.600000
0.647059
0.470588
0.317647
0.396078
0.368627
0.341176
0.364706
0.462745
0.619608
0.756863
0.380392
0.368627
0.376471
0.443137
0.447059
0.400000
0.501961
0.525490
0.431373
0.400000
0.356863
0.325490
0.286275
0.223529
0.247059
0.278431
0.341176
0.388235
0.388235
0.474510
0.572549
0.615686
0.619608
0.443137
0.403922
0.560784
0.560784
0.537255
0.537255
0.603922
0.721569
0.776471
0.278431
0.274510
0.254902
0.270588
0.341176
0.364706
0.423529
0.454902
0.415686
0.400000
0.380392
0.411765
0.400000
0.372549
0.360784
0.384314
0.388235
0.403922
0.466667
0.533333
0.588235
0.576471
0.541176
0.435294
0.427451
0.615686
0.690196
0.686275
0.701961
0.721569
0.745098
0.772549
0.282353
0.294118
0.325490
0.329412
0.372549
0.360784
0.309804
0.345098
0.396078
0.396078
0.388235
0.458824
0.458824
0.439216
0.415686
0.415686
0.407843
0.435294
0.498039
0.537255
0.576471
0.494118
0.435294
0.411765
0.427451
0.603922
0.713725
0.717647
0.733333
0.741176
0.752941
0.768627
0.447059
0.470588
0.533333
0.537255
0.525490
0.482353
0.345098
0.290196
0.321569
0.309804
0.286275
0.439216
0.513725
0.423529
0.396078
0.403922
0.415686
0.435294
0.482353
0.513725
0.478431
0.349020
0.352941
0.411765
0.462745
0.619608
0.725490
0.729412
0.729412
0.741176
0.752941
0.768627
0.552941
0.560784
0.603922
0.639216
0.619608
0.600000
0.556863
0.490196
0.423529
0.309804
0.196078
0.419608
0.576471
0.423529
0.337255
0.333333
0.380392
0.407843
0.423529
0.454902
0.380392
0.309804
0.364706
0.423529
0.521569
0.662745
0.721569
0.729412
0.725490
0.721569
0.737255
0.756863
0.568627
0.580392
0.623529
0.662745
0.694118
0.690196
0.658824
0.619608
0.619608
0.541176
0.376471
0.462745
0.623529
0.478431
0.309804
0.258824
0.286275
0.301961
0.345098
0.470588
0.509804
0.541176
0.525490
0.478431
0.556863
0.690196
0.713725
0.729412
0.725490
0.717647
0.729412
0.752941
0.600000
0.611765
0.650980
0.690196
0.721569
0.749020
0.733333
0.678431
0.674510
0.674510
0.603922
0.556863
0.619608
0.505882
0.360784
0.270588
0.250980
0.254902
0.333333
0.494118
0.521569
0.592157
0.611765
0.600000
0.631373
0.690196
0.717647
0.725490
0.721569
0.717647
0.733333
0.752941
0.631373
0.647059
0.690196
0.729412
0.760784
0.780392
0.796078
0.764706
0.721569
0.701961
0.682353
0.650980
0.611765
0.498039
0.388235
0.301961
0.270588
0.309804
0.364706
0.470588
0.470588
0.505882
0.564706
0.615686
0.701961
0.721569
0.713725
0.721569
0.717647
0.717647
0.733333
0.756863
0.666667
0.698039
0.733333
0.776471
0.811765
0.819608
0.831373
0.831373
0.800000
0.752941
0.717647
0.694118
0.643137
0.509804
0.388235
0.294118
0.254902
0.333333
0.360784
0.419608
0.447059
0.462745
0.494118
0.572549
0.721569
0.737255
0.709804
0.717647
0.721569
0.725490
0.741176
0.760784
0.701961
0.741176
0.776471
0.811765
0.843137
0.854902
0.850980
0.854902
0.835294
0.784314
0.745098
0.721569
0.682353
0.584314
0.443137
0.282353
0.227451
0.278431
0.298039
0.360784
0.407843
0.400000
0.443137
0.556863
0.686275
0.713725
0.705882
0.713725
0.725490
0.729412
0.737255
0.756863
0.756863
0.792157
0.839216
0.866667
0.898039
0.921569
0.894118
0.882353
0.843137
0.800000
0.788235
0.752941
0.729412
0.694118
0.611765
0.403922
0.274510
0.250980
0.247059
0.266667
0.333333
0.301961
0.356863
0.537255
0.647059
0.694118
0.721569
0.721569
0.729412
0.737255
0.745098
0.760784
0.792157
0.823529
0.882353
0.913725
0.937255
0.949020
0.917647
0.894118
0.858824
0.831373
0.811765
0.776471
0.756863
0.725490
0.701961
0.627451
0.501961
0.431373
0.384314
0.266667
0.239216
0.250980
0.262745
0.388235
0.568627
0.682353
0.713725
0.709804
0.717647
0.725490
0.733333
0.749020
