0.050980
0.039216
0.035294
0.047059
0.050980
0.039216
0.039216
0.023529
0.047059
0.062745
0.043137
0.039216
0.031373
0.050980
0.129412
0.101961
0.062745
0.039216
0.039216
0.047059
0.054902
0.078431
0.109804
0.121569
0.156863
0.168627
0.168627
0.168627
0.160784
0.145098
0.129412
0.109804
0.101961
0.078431
0.078431
0.078431
0.066667
0.058824
0.054902
0.050980
0.070588
0.054902
0.039216
0.035294
0.035294
0.101961
0.129412
0.098039
0.047059
0.035294
0.043137
0.074510
0.113725
0.156863
0.168627
0.180392
0.176471
0.176471
0.200000
0.211765
0.203922
0.180392
0.156863
0.141176
0.196078
0.200000
0.207843
0.196078
0.172549
0.137255
0.094118
0.094118
0.074510
0.066667
0.043137
0.043137
0.074510
0.160784
0.145098
0.109804
0.101961
0.098039
0.101961
0.137255
0.192157
0.207843
0.192157
0.172549
0.172549
0.211765
0.231373
0.223529
0.207843
0.196078
0.184314
0.160784
0.235294
0.250980
0.258824
0.262745
0.270588
0.243137
0.203922
0.149020
0.105882
0.082353
0.066667
0.082353
0.168627
0.211765
0.184314
0.156863
0.156863
0.152941
0.164706
0.215686
0.235294
0.203922
0.184314
0.192157
0.223529
0.231373
0.223529
0.219608
0.223529
0.215686
0.196078
0.172549
0.247059
0.239216
0.235294
0.250980
0.278431
0.294118
0.294118
0.262745
0.188235
0.149020
0.141176
0.176471
0.247059
0.231373
0.184314
0.164706
0.168627
0.192157
0.243137
0.247059
0.207843
0.196078
0.207843
0.219608
0.219608
0.207843
0.211765
0.223529
0.223529
0.219608
0.211765
0.196078
0.286275
0.278431
0.258824
0.258824
0.274510
0.309804
0.325490
0.321569
0.290196
0.239216
0.203922
0.247059
0.262745
0.211765
0.180392
0.176471
0.207843
0.250980
0.258824
0.219608
0.223529
0.243137
0.227451
0.203922
0.203922
0.207843
0.223529
0.227451
0.223529
0.227451
0.231373
0.219608
0.321569
0.313725
0.286275
0.282353
0.290196
0.313725
0.329412
0.337255
0.321569
0.278431
0.262745
0.321569
0.301961
0.247059
0.219608
0.235294
0.235294
0.254902
0.247059
0.243137
0.258824
0.239216
0.215686
0.203922
0.203922
0.227451
0.239216
0.235294
0.239216
0.247059
0.243137
0.227451
0.356863
0.333333
0.298039
0.286275
0.305882
0.317647
0.321569
0.341176
0.333333
0.305882
0.341176
0.400000
0.345098
0.294118
0.298039
0.286275
0.266667
0.278431
0.266667
0.262745
0.239216
0.219608
0.203922
0.207843
0.223529
0.243137
0.254902
0.254902
0.262745
0.270588
0.274510
0.254902
0.356863
0.337255
0.301961
0.282353
0.313725
0.337255
0.317647
0.325490
0.337255
0.360784
0.400000
0.360784
0.313725
0.329412
0.337255
0.317647
0.360784
0.345098
0.298039
0.258824
0.258824
0.247059
0.239216
0.235294
0.247059
0.266667
0.274510
0.282353
0.290196
0.298039
0.298039
0.282353
0.329412
0.305882
0.282353
0.294118
0.333333
0.352941
0.325490
0.298039
0.345098
0.415686
0.423529
0.329412
0.329412
0.337255
0.329412
0.384314
0.403922
0.364706
0.313725
0.286275
0.294118
0.286275
0.262745
0.258824
0.274510
0.298039
0.313725
0.317647
0.313725
0.301961
0.301961
0.290196
0.301961
0.278431
0.278431
0.317647
0.345098
0.341176
0.325490
0.325490
0.356863
0.427451
0.392157
0.356863
0.325490
0.309804
0.360784
0.396078
0.376471
0.341176
0.317647
0.305882
0.309804
0.298039
0.270588
0.266667
0.278431
0.298039
0.317647
0.321569
0.309804
0.290196
0.286275
0.274510
0.282353
0.282353
0.309804
0.337255
0.329412
0.329412
0.349020
0.325490
0.368627
0.431373
0.403922
0.356863
0.286275
0.313725
0.388235
0.364706
0.337255
0.317647
0.313725
0.329412
0.329412
0.294118
0.266667
0.262745
0.278431
0.298039
0.305882
0.305882
0.298039
0.282353
0.274510
0.282353
0.290196
0.305882
0.325490
0.341176
0.337255
0.349020
0.345098
0.341176
0.427451
0.415686
0.384314
0.298039
0.270588
0.329412
0.329412
0.305882
0.282353
0.298039
0.337255
0.333333
0.298039
0.254902
0.250980
0.266667
0.278431
0.286275
0.298039
0.309804
0.305882
0.286275
0.294118
0.290196
0.305882
0.317647
0.325490
0.349020
0.360784
0.356863
0.352941
0.392157
0.447059
0.419608
0.345098
0.313725
0.345098
0.325490
0.286275
0.274510
0.286275
0.290196
0.305882
0.298039
0.243137
0.235294
0.258824
0.270588
0.270588
0.286275
0.301961
0.321569
0.313725
0.298039
0.317647
0.309804
0.317647
0.325490
0.345098
0.376471
0.372549
0.360784
0.368627
0.435294
0.450980
0.407843
0.364706
0.396078
0.396078
0.309804
0.262745
0.290196
0.278431
0.258824
0.290196
0.270588
0.227451
0.235294
0.262745
0.278431
0.286275
0.301961
0.329412
0.337255
0.333333
0.329412
0.329412
0.329412
0.337255
0.349020
0.376471
0.400000
0.376471
0.360784
0.403922
0.458824
0.450980
0.400000
0.400000
0.423529
0.403922
0.321569
0.254902
0.239216
0.219608
0.235294
0.286275
0.254902
0.239216
0.254902
0.270588
0.286275
0.317647
0.325490
0.325490
0.333333
0.341176
0.329412
0.329412
0.325490
0.337255
0.349020
0.372549
0.396078
0.384314
0.372549
0.454902
0.482353
0.415686
0.411765
0.431373
0.423529
0.400000
0.325490
0.215686
0.188235
0.196078
0.239216
0.247059
0.243137
0.254902
0.278431
0.298039
0.313725
0.313725
0.305882
0.321569
0.345098
0.349020
0.329412
0.333333
0.325490
0.321569
0.317647
0.356863
0.388235
0.396078
0.419608
0.482353
0.462745
0.403922
0.435294
0.447059
0.427451
0.360784
0.282353
0.211765
0.176471
0.239216
0.227451
0.243137
0.270588
0.278431
0.282353
0.298039
0.294118
0.294118
0.294118
0.317647
0.321569
0.325490
0.333333
0.337255
0.329412
0.325490
0.301961
0.345098
0.411765
0.439216
0.439216
0.482353
0.462745
0.411765
0.431373
0.447059
0.415686
0.337255
0.239216
0.168627
0.180392
0.223529
0.258824
0.294118
0.282353
0.250980
0.243137
0.254902
0.274510
0.282353
0.301961
0.317647
0.294118
0.301961
0.325490
0.329412
0.329412
0.317647
0.313725
0.352941
0.439216
0.439216
0.396078
0.431373
0.431373
0.384314
0.435294
0.431373
0.403922
0.352941
0.254902
0.219608
0.243137
0.262745
0.290196
0.266667
0.227451
0.219608
0.211765
0.235294
0.258824
0.278431
0.309804
0.317647
0.313725
0.301961
0.321569
0.329412
0.301961
0.301961
0.321569
0.349020
0.423529
0.435294
0.384314
0.396078
0.400000
0.368627
0.400000
0.380392
0.372549
0.368627
0.345098
0.321569
0.278431
0.247059
0.223529
0.211765
0.196078
0.203922
0.219608
0.231373
0.243137
0.250980
0.286275
0.305882
0.305882
0.309804
0.337255
0.337255
0.298039
0.298039
0.317647
0.321569
0.360784
0.403922
0.356863
0.364706
0.380392
0.321569
0.321569
0.321569
0.356863
0.400000
0.388235
0.301961
0.200000
0.149020
0.160784
0.172549
0.180392
0.192157
0.211765
0.231373
0.239216
0.243137
0.278431
0.290196
0.298039
0.309804
0.313725
0.317647
0.294118
0.294118
0.309804
0.313725
0.349020
0.380392
0.317647
0.317647
0.349020
0.278431
0.282353
0.337255
0.372549
0.388235
0.372549
0.266667
0.149020
0.125490
0.152941
0.184314
0.203922
0.203922
0.192157
0.207843
0.235294
0.247059
0.262745
0.282353
0.286275
0.298039
0.305882
0.305882
0.290196
0.309804
0.294118
0.278431
0.317647
0.364706
0.305882
0.274510
0.313725
0.286275
0.286275
0.317647
0.321569
0.345098
0.356863
0.298039
0.200000
0.152941
0.164706
0.184314
0.184314
0.172549
0.172549
0.200000
0.223529
0.227451
0.223529
0.247059
0.262745
0.286275
0.286275
0.258824
0.231373
0.321569
0.301961
0.262745
0.282353
0.317647
0.262745
0.250980
0.305882
0.270588
0.262745
0.282353
0.286275
0.309804
0.325490
0.309804
0.211765
0.117647
0.129412
0.152941
0.152941
0.145098
0.152941
0.192157
0.215686
0.211765
0.203922
0.243137
0.250980
0.270588
0.278431
0.254902
0.223529
0.298039
0.294118
0.250980
0.254902
0.278431
0.243137
0.227451
0.250980
0.243137
0.235294
0.247059
0.258824
0.286275
0.301961
0.286275
0.207843
0.109804
0.113725
0.145098
0.149020
0.137255
0.145098
0.168627
0.184314
0.164706
0.184314
0.223529
0.231373
0.243137
0.258824
0.250980
0.231373
0.274510
0.270588
0.219608
0.211765
0.243137
0.215686
0.192157
0.219608
0.215686
0.211765
0.231373
0.250980
0.266667
0.274510
0.270588
0.223529
0.129412
0.105882
0.133333
0.133333
0.129412
0.145098
0.164706
0.176471
0.160784
0.188235
0.196078
0.207843
0.211765
0.215686
0.211765
0.219608
0.254902
0.254902
0.223529
0.211765
0.223529
0.192157
0.184314
0.211765
0.211765
0.215686
0.227451
0.243137
0.250980
0.247059
0.227451
0.196078
0.133333
0.109804
0.129412
0.133333
0.117647
0.129412
0.149020
0.156863
0.160784
0.180392
0.188235
0.196078
0.211765
0.219608
0.200000
0.196078
0.239216
0.239216
0.219608
0.215686
0.211765
0.188235
0.188235
0.215686
0.200000
0.211765
0.235294
0.239216
0.247059
0.239216
0.200000
0.176471
0.113725
0.101961
0.125490
0.125490
0.113725
0.113725
0.141176
0.145098
0.137255
0.152941
0.176471
0.180392
0.192157
0.207843
0.211765
0.196078
0.235294
0.243137
0.235294
0.211765
0.203922
0.207843
0.211765
0.223529
0.211765
0.215686
0.235294
0.235294
0.243137
0.239216
0.200000
0.137255
0.094118
0.094118
0.113725
0.125490
0.121569
0.121569
0.129412
0.141176
0.141176
0.149020
0.156863
0.160784
0.168627
0.184314
0.188235
0.176471
0.200000
0.196078
0.219608
0.215686
0.207843
0.215686
0.223529
0.223529
0.203922
0.211765
0.223529
0.227451
0.235294
0.227451
0.176471
0.117647
0.098039
0.105882
0.117647
0.121569
0.121569
0.125490
0.129412
0.152941
0.149020
0.145098
0.149020
0.145098
0.156863
0.160784
0.164706
0.152941
0.243137
0.203922
0.176471
0.196078
0.207843
0.223529
0.227451
0.219608
0.200000
0.196078
0.200000
0.196078
0.188235
0.160784
0.125490
0.101961
0.098039
0.105882
0.113725
0.113725
0.117647
0.125490
0.141176
0.137255
0.141176
0.152941
0.129412
0.129412
0.141176
0.141176
0.137255
0.129412
0.047059
0.039216
0.039216
0.054902
0.054902
0.035294
0.035294
0.035294
0.074510
0.101961
0.074510
0.054902
0.039216
0.070588
0.250980
0.172549
0.105882
0.047059
0.035294
0.047059
0.050980
0.074510
0.113725
0.125490
0.152941
0.152941
0.141176
0.149020
0.141176
0.129412
0.113725
0.090196
0.090196
0.070588
0.078431
0.090196
0.070588
0.058824
0.050980
0.066667
0.101961
0.078431
0.054902
0.039216
0.043137
0.172549
0.227451
0.149020
0.062745
0.043137
0.047059
0.062745
0.105882
0.164706
0.184314
0.188235
0.168627
0.145098
0.172549
0.192157
0.184314
0.156863
0.125490
0.105882
0.164706
0.172549
0.192157
0.176471
0.156863
0.125490
0.101961
0.121569
0.094118
0.074510
0.054902
0.047059
0.090196
0.231373
0.203922
0.125490
0.094118
0.086275
0.082353
0.117647
0.215686
0.247059
0.211765
0.160784
0.172549
0.215686
0.223529
0.196078
0.172549
0.145098
0.133333
0.117647
0.203922
0.215686
0.219608
0.219608
0.223529
0.211765
0.211765
0.160784
0.117647
0.094118
0.078431
0.078431
0.196078
0.243137
0.200000
0.129412
0.113725
0.117647
0.152941
0.250980
0.274510
0.227451
0.172549
0.188235
0.239216
0.223529
0.196078
0.172549
0.160784
0.145098
0.133333
0.117647
0.231373
0.211765
0.196078
0.211765
0.231373
0.262745
0.286275
0.243137
0.188235
0.149020
0.125490
0.176471
0.282353
0.258824
0.160784
0.129412
0.145098
0.207843
0.298039
0.301961
0.219608
0.196078
0.215686
0.243137
0.207843
0.176471
0.160784
0.156863
0.156863
0.152941
0.149020
0.141176
0.286275
0.266667
0.227451
0.219608
0.235294
0.286275
0.301961
0.301961
0.278431
0.223529
0.172549
0.270588
0.317647
0.227451
0.172549
0.172549
0.239216
0.313725
0.333333
0.239216
0.235294
0.286275
0.247059
0.180392
0.168627
0.152941
0.152941
0.160784
0.156863
0.160784
0.164706
0.156863
0.329412
0.313725
0.270588
0.243137
0.262745
0.301961
0.301961
0.321569
0.313725
0.254902
0.262745
0.376471
0.368627
0.270588
0.227451
0.266667
0.294118
0.321569
0.282353
0.278431
0.305882
0.270588
0.207843
0.152941
0.149020
0.164706
0.168627
0.168627
0.172549
0.180392
0.176471
0.164706
0.372549
0.333333
0.278431
0.247059
0.286275
0.301961
0.294118
0.325490
0.321569
0.282353
0.376471
0.498039
0.396078
0.301961
0.341176
0.321569
0.298039
0.333333
0.321569
0.301961
0.243137
0.211765
0.164706
0.149020
0.164706
0.176471
0.188235
0.188235
0.200000
0.219608
0.227451
0.211765
0.368627
0.329412
0.278431
0.258824
0.305882
0.333333
0.309804
0.298039
0.309804
0.384314
0.490196
0.443137
0.349020
0.364706
0.364706
0.333333
0.423529
0.407843
0.345098
0.250980
0.239216
0.219608
0.180392
0.168627
0.176471
0.196078
0.219608
0.239216
0.254902
0.262745
0.258824
0.239216
0.325490
0.282353
0.250980
0.286275
0.345098
0.368627
0.325490
0.282353
0.356863
0.490196
0.521569
0.380392
0.372549
0.376471
0.337255
0.443137
0.490196
0.419608
0.309804
0.258824
0.266667
0.250980
0.203922
0.192157
0.219608
0.254902
0.278431
0.286275
0.274510
0.262745
0.254902
0.235294
0.290196
0.250980
0.258824
0.333333
0.364706
0.349020
0.341176
0.345098
0.396078
0.521569
0.470588
0.415686
0.364706
0.317647
0.396078
0.474510
0.415686
0.352941
0.294118
0.266667
0.286275
0.270588
0.239216
0.231373
0.235294
0.250980
0.266667
0.266667
0.250980
0.231373
0.223529
0.219608
0.262745
0.262745
0.309804
0.368627
0.349020
0.349020
0.400000
0.356863
0.435294
0.525490
0.478431
0.415686
0.309804
0.345098
0.474510
0.419608
0.333333
0.294118
0.286275
0.317647
0.333333
0.290196
0.239216
0.211765
0.219608
0.239216
0.243137
0.243137
0.235294
0.219608
0.211765
0.223529
0.286275
0.317647
0.337255
0.380392
0.372549
0.400000
0.392157
0.380392
0.529412
0.498039
0.454902
0.345098
0.321569
0.423529
0.392157
0.337255
0.274510
0.274510
0.337255
0.352941
0.294118
0.227451
0.200000
0.196078
0.203922
0.215686
0.235294
0.250980
0.247059
0.231373
0.231373
0.239216
0.317647
0.333333
0.337255
0.392157
0.415686
0.400000
0.388235
0.458824
0.552941
0.509804
0.388235
0.356863
0.447059
0.427451
0.333333
0.278431
0.301961
0.309804
0.309804
0.301961
0.215686
0.184314
0.192157
0.207843
0.207843
0.207843
0.235294
0.278431
0.278431
0.262745
0.286275
0.274510
0.333333
0.341176
0.376471
0.431373
0.423529
0.396078
0.407843
0.529412
0.552941
0.474510
0.400000
0.462745
0.505882
0.392157
0.317647
0.333333
0.298039
0.250980
0.294118
0.258824
0.184314
0.188235
0.203922
0.215686
0.215686
0.243137
0.286275
0.317647
0.321569
0.313725
0.313725
0.294118
0.364706
0.384314
0.427451
0.462745
0.419608
0.384314
0.458824
0.568627
0.545098
0.447059
0.454902
0.513725
0.486275
0.403922
0.325490
0.270588
0.219608
0.235294
0.290196
0.227451
0.196078
0.203922
0.219608
0.243137
0.290196
0.309804
0.309804
0.317647
0.317647
0.305882
0.305882
0.298039
0.376471
0.384314
0.427451
0.454902
0.407843
0.403922
0.552941
0.592157
0.494118
0.478431
0.517647
0.513725
0.478431
0.384314
0.250980
0.192157
0.203922
0.258824
0.235294
0.215686
0.223529
0.254902
0.286275
0.309804
0.298039
0.282353
0.294118
0.313725
0.313725
0.298039
0.301961
0.294118
0.337255
0.325490
0.400000
0.443137
0.415686
0.462745
0.588235
0.545098
0.470588
0.529412
0.549020
0.525490
0.423529
0.321569
0.235294
0.196078
0.258824
0.231373
0.247059
0.298039
0.301961
0.294118
0.290196
0.266667
0.247059
0.254902
0.282353
0.282353
0.282353
0.298039
0.309804
0.298039
0.325490
0.290196
0.372549
0.458824
0.450980
0.466667
0.552941
0.513725
0.470588
0.521569
0.552941
0.498039
0.392157
0.278431
0.188235
0.207843
0.274510
0.305882
0.341176
0.317647
0.262745
0.235294
0.223529
0.219608
0.231373
0.266667
0.282353
0.250980
0.258824
0.286275
0.294118
0.301961
0.317647
0.305882
0.380392
0.474510
0.454902
0.419608
0.470588
0.454902
0.439216
0.529412
0.521569
0.478431
0.407843
0.298039
0.282353
0.321569
0.352941
0.380392
0.298039
0.223529
0.188235
0.176471
0.192157
0.207843
0.231373
0.278431
0.282353
0.270588
0.266667
0.294118
0.301961
0.274510
0.286275
0.301961
0.360784
0.443137
0.450980
0.392157
0.400000
0.411765
0.423529
0.470588
0.427451
0.423529
0.435294
0.443137
0.447059
0.403922
0.341176
0.254902
0.203922
0.168627
0.156863
0.172549
0.192157
0.200000
0.203922
0.247059
0.266667
0.262745
0.278431
0.321569
0.317647
0.274510
0.266667
0.286275
0.313725
0.352941
0.403922
0.352941
0.360784
0.400000
0.333333
0.329412
0.337255
0.407843
0.501961
0.517647
0.419608
0.282353
0.176471
0.152941
0.149020
0.149020
0.164706
0.188235
0.207843
0.211765
0.219608
0.254902
0.266667
0.270588
0.278431
0.290196
0.301961
0.274510
0.278431
0.290196
0.298039
0.337255
0.368627
0.301961
0.309804
0.352941
0.262745
0.278431
0.392157
0.466667
0.486275
0.478431
0.352941
0.184314
0.129412
0.152941
0.188235
0.207843
0.200000
0.180392
0.188235
0.207843
0.219608
0.239216
0.262745
0.270588
0.282353
0.290196
0.294118
0.278431
0.301961
0.274510
0.243137
0.294118
0.352941
0.286275
0.250980
0.301961
0.286275
0.309804
0.368627
0.384314
0.423529
0.447059
0.388235
0.274510
0.203922
0.192157
0.196078
0.184314
0.156863
0.145098
0.168627
0.192157
0.207843
0.200000
0.219608
0.239216
0.270588
0.270588
0.239216
0.207843
0.301961
0.282353
0.231373
0.247059
0.298039
0.239216
0.227451
0.301961
0.278431
0.270588
0.309804
0.329412
0.372549
0.407843
0.400000
0.278431
0.149020
0.133333
0.141176
0.133333
0.121569
0.129412
0.168627
0.192157
0.200000
0.184314
0.211765
0.227451
0.254902
0.266667
0.239216
0.211765
0.278431
0.278431
0.227451
0.227451
0.258824
0.227451
0.215686
0.250980
0.239216
0.223529
0.247059
0.278431
0.333333
0.364706
0.360784
0.266667
0.125490
0.109804
0.133333
0.133333
0.121569
0.125490
0.149020
0.164706
0.145098
0.156863
0.196078
0.215686
0.231373
0.250980
0.247059
0.235294
0.262745
0.254902
0.200000
0.188235
0.227451
0.207843
0.180392
0.211765
0.215686
0.203922
0.231373
0.266667
0.305882
0.325490
0.321569
0.278431
0.156863
0.113725
0.133333
0.133333
0.121569
0.129412
0.149020
0.160784
0.145098
0.168627
0.176471
0.192157
0.200000
0.207843
0.211765
0.219608
0.239216
0.243137
0.207843
0.192157
0.211765
0.180392
0.168627
0.207843
0.211765
0.215686
0.239216
0.270588
0.294118
0.286275
0.258824
0.239216
0.164706
0.113725
0.133333
0.133333
0.113725
0.117647
0.141176
0.149020
0.149020
0.168627
0.176471
0.188235
0.207843
0.215686
0.200000
0.196078
0.215686
0.219608
0.203922
0.200000
0.200000
0.180392
0.180392
0.219608
0.207843
0.215686
0.250980
0.286275
0.301961
0.286275
0.239216
0.219608
0.145098
0.105882
0.129412
0.125490
0.105882
0.109804
0.133333
0.141176
0.133333
0.149020
0.168627
0.176471
0.192157
0.211765
0.219608
0.211765
0.207843
0.223529
0.219608
0.203922
0.196078
0.207843
0.215686
0.243137
0.219608
0.219608
0.266667
0.298039
0.309804
0.309804
0.262745
0.180392
0.121569
0.109804
0.125490
0.129412
0.117647
0.117647
0.125490
0.145098
0.145098
0.152941
0.160784
0.160784
0.172549
0.192157
0.203922
0.200000
0.172549
0.180392
0.207843
0.203922
0.207843
0.223529
0.243137
0.250980
0.215686
0.227451
0.278431
0.301961
0.305882
0.301961
0.235294
0.149020
0.121569
0.129412
0.137255
0.133333
0.125490
0.125490
0.137255
0.160784
0.156863
0.152941
0.160784
0.160784
0.172549
0.184314
0.196078
0.184314
0.223529
0.184314
0.156863
0.180392
0.211765
0.243137
0.262745
0.254902
0.215686
0.231373
0.262745
0.270588
0.250980
0.219608
0.168627
0.129412
0.133333
0.145098
0.152941
0.149020
0.149020
0.160784
0.176471
0.176471
0.188235
0.200000
0.168627
0.164706
0.180392
0.188235
0.192157
0.184314
0.062745
0.054902
0.054902
0.078431
0.086275
0.062745
0.054902
0.062745
0.117647
0.164706
0.121569
0.094118
0.066667
0.109804
0.349020
0.286275
0.172549
0.074510
0.066667
0.074510
0.074510
0.101961
0.149020
0.160784
0.184314
0.176471
0.156863
0.164706
0.156863
0.145098
0.137255
0.109804
0.090196
0.078431
0.090196
0.105882
0.086275
0.078431
0.062745
0.105882
0.156863
0.121569
0.086275
0.066667
0.066667
0.239216
0.313725
0.239216
0.090196
0.066667
0.074510
0.082353
0.125490
0.211765
0.231373
0.231373
0.196078
0.152941
0.188235
0.211765
0.196078
0.168627
0.129412
0.105882
0.137255
0.156863
0.180392
0.164706
0.141176
0.121569
0.121569
0.172549
0.137255
0.109804
0.082353
0.074510
0.121569
0.301961
0.270588
0.168627
0.101961
0.090196
0.094118
0.137255
0.270588
0.317647
0.262745
0.188235
0.188235
0.247059
0.247059
0.207843
0.168627
0.133333
0.113725
0.101961
0.172549
0.188235
0.184314
0.176471
0.184314
0.184314
0.227451
0.192157
0.141176
0.117647
0.098039
0.098039
0.239216
0.294118
0.235294
0.125490
0.113725
0.117647
0.168627
0.305882
0.352941
0.274510
0.200000
0.219608
0.286275
0.247059
0.196078
0.156863
0.133333
0.117647
0.109804
0.101961
0.200000
0.180392
0.160784
0.168627
0.184314
0.231373
0.270588
0.227451
0.188235
0.156863
0.133333
0.196078
0.337255
0.294118
0.176471
0.141176
0.152941
0.247059
0.372549
0.376471
0.266667
0.227451
0.254902
0.278431
0.231373
0.176471
0.141176
0.129412
0.125490
0.121569
0.117647
0.113725
0.247059
0.227451
0.192157
0.176471
0.192157
0.258824
0.270588
0.258824
0.247059
0.203922
0.164706
0.301961
0.372549
0.262745
0.196078
0.196078
0.294118
0.392157
0.407843
0.282353
0.270588
0.341176
0.294118
0.200000
0.172549
0.133333
0.121569
0.125490
0.121569
0.129412
0.133333
0.125490
0.290196
0.270588
0.227451
0.200000
0.231373
0.278431
0.266667
0.278431
0.278431
0.223529
0.262745
0.431373
0.423529
0.301961
0.266667
0.313725
0.352941
0.392157
0.345098
0.329412
0.368627
0.321569
0.227451
0.145098
0.117647
0.129412
0.133333
0.133333
0.133333
0.137255
0.133333
0.129412
0.329412
0.290196
0.231373
0.200000
0.262745
0.282353
0.258824
0.290196
0.282353
0.250980
0.407843
0.576471
0.423529
0.309804
0.380392
0.360784
0.349020
0.400000
0.384314
0.349020
0.282353
0.239216
0.168627
0.125490
0.129412
0.137255
0.137255
0.141176
0.152941
0.172549
0.188235
0.188235
0.321569
0.282353
0.231373
0.219608
0.294118
0.313725
0.274510
0.250980
0.262745
0.392157
0.552941
0.490196
0.368627
0.403922
0.392157
0.364706
0.482353
0.474510
0.388235
0.258824
0.239216
0.211765
0.152941
0.133333
0.133333
0.156863
0.176471
0.200000
0.223529
0.235294
0.235294
0.215686
0.278431
0.235294
0.203922
0.262745
0.337255
0.341176
0.286275
0.247059
0.360784
0.537255
0.576471
0.411765
0.407843
0.407843
0.341176
0.486275
0.572549
0.470588
0.325490
0.250980
0.250980
0.215686
0.156863
0.160784
0.188235
0.227451
0.254902
0.247059
0.231373
0.215686
0.200000
0.188235
0.247059
0.211765
0.219608
0.313725
0.356863
0.317647
0.325490
0.360784
0.423529
0.580392
0.517647
0.450980
0.392157
0.325490
0.423529
0.525490
0.458824
0.364706
0.282353
0.243137
0.270588
0.258824
0.231373
0.223529
0.215686
0.215686
0.215686
0.207843
0.188235
0.168627
0.160784
0.164706
0.219608
0.223529
0.282353
0.356863
0.337255
0.337255
0.427451
0.364706
0.474510
0.580392
0.521569
0.447059
0.325490
0.372549
0.545098
0.466667
0.345098
0.282353
0.247059
0.298039
0.341176
0.294118
0.235294
0.188235
0.172549
0.172549
0.164706
0.164706
0.160784
0.152941
0.152941
0.164706
0.250980
0.282353
0.313725
0.376471
0.360784
0.403922
0.403922
0.380392
0.592157
0.552941
0.494118
0.364706
0.352941
0.498039
0.447059
0.372549
0.286275
0.266667
0.337255
0.364706
0.298039
0.211765
0.156863
0.145098
0.149020
0.145098
0.160784
0.176471
0.180392
0.164706
0.172549
0.188235
0.286275
0.305882
0.321569
0.400000
0.419608
0.403922
0.380392
0.482353
0.615686
0.552941
0.400000
0.380392
0.509804
0.505882
0.388235
0.301961
0.341176
0.341176
0.329412
0.317647
0.203922
0.156863
0.145098
0.145098
0.137255
0.137255
0.156863
0.200000
0.211765
0.211765
0.250980
0.247059
0.301961
0.309804
0.364706
0.447059
0.427451
0.384314
0.396078
0.576471
0.607843
0.494118
0.407843
0.498039
0.568627
0.458824
0.368627
0.380392
0.333333
0.274510
0.313725
0.254902
0.168627
0.152941
0.149020
0.152941
0.149020
0.168627
0.223529
0.270588
0.286275
0.278431
0.274510
0.250980
0.333333
0.352941
0.415686
0.482353
0.407843
0.352941
0.478431
0.611765
0.588235
0.454902
0.478431
0.568627
0.533333
0.454902
0.384314
0.301961
0.231373
0.258824
0.301961
0.211765
0.176471
0.164706
0.160784
0.188235
0.250980
0.278431
0.282353
0.274510
0.262745
0.247059
0.247059
0.231373
0.349020
0.360784
0.427451
0.470588
0.384314
0.376471
0.596078
0.650980
0.505882
0.505882
0.568627
0.568627
0.529412
0.419608
0.290196
0.211765
0.215686
0.290196
0.235294
0.200000
0.207843
0.231373
0.278431
0.290196
0.262745
0.243137
0.247059
0.250980
0.239216
0.227451
0.231373
0.227451
0.298039
0.290196
0.396078
0.447059
0.372549
0.447059
0.627451
0.564706
0.486275
0.572549
0.603922
0.572549
0.462745
0.349020
0.270588
0.219608
0.290196
0.258824
0.258824
0.313725
0.317647
0.301961
0.278431
0.227451
0.188235
0.188235
0.207843
0.203922
0.203922
0.223529
0.239216
0.235294
0.274510
0.247059
0.368627
0.447059
0.396078
0.439216
0.556863
0.498039
0.486275
0.564706
0.596078
0.533333
0.415686
0.305882
0.219608
0.250980
0.325490
0.349020
0.384314
0.352941
0.274510
0.219608
0.184314
0.160784
0.168627
0.196078
0.211765
0.184314
0.188235
0.215686
0.227451
0.231373
0.254902
0.250980
0.368627
0.443137
0.396078
0.376471
0.439216
0.415686
0.439216
0.564706
0.552941
0.498039
0.423529
0.313725
0.333333
0.396078
0.439216
0.450980
0.333333
0.219608
0.164706
0.145098
0.141176
0.145098
0.164706
0.203922
0.211765
0.203922
0.196078
0.223529
0.235294
0.203922
0.219608
0.243137
0.337255
0.392157
0.388235
0.341176
0.345098
0.380392
0.443137
0.490196
0.427451
0.419608
0.443137
0.482353
0.525490
0.505882
0.427451
0.298039
0.192157
0.141176
0.125490
0.133333
0.137255
0.141176
0.141176
0.184314
0.203922
0.196078
0.203922
0.250980
0.250980
0.211765
0.196078
0.219608
0.270588
0.298039
0.333333
0.298039
0.317647
0.376471
0.325490
0.298039
0.301961
0.407843
0.541176
0.580392
0.498039
0.356863
0.219608
0.156863
0.129412
0.129412
0.141176
0.160784
0.176471
0.176471
0.172549
0.203922
0.215686
0.211765
0.215686
0.223529
0.235294
0.211765
0.215686
0.211765
0.231373
0.270588
0.294118
0.243137
0.270588
0.309804
0.219608
0.247059
0.396078
0.505882
0.537255
0.533333
0.403922
0.223529
0.152941
0.156863
0.192157
0.211765
0.203922
0.180392
0.172549
0.176471
0.172549
0.184314
0.200000
0.207843
0.219608
0.231373
0.231373
0.219608
0.239216
0.207843
0.188235
0.231373
0.278431
0.231373
0.203922
0.250980
0.254902
0.309804
0.388235
0.411765
0.450980
0.478431
0.435294
0.329412
0.247059
0.227451
0.211765
0.176471
0.141176
0.121569
0.133333
0.141176
0.152941
0.145098
0.160784
0.176471
0.207843
0.211765
0.188235
0.160784
0.227451
0.215686
0.172549
0.180392
0.227451
0.192157
0.192157
0.266667
0.250980
0.254902
0.301961
0.337255
0.392157
0.427451
0.423529
0.317647
0.184314
0.149020
0.133333
0.113725
0.101961
0.101961
0.125490
0.145098
0.164706
0.141176
0.164706
0.176471
0.196078
0.207843
0.192157
0.168627
0.203922
0.207843
0.176471
0.168627
0.192157
0.176471
0.180392
0.215686
0.203922
0.192157
0.223529
0.266667
0.333333
0.368627
0.368627
0.286275
0.145098
0.105882
0.117647
0.113725
0.105882
0.105882
0.117647
0.133333
0.117647
0.121569
0.149020
0.164706
0.180392
0.207843
0.211765
0.203922
0.200000
0.184314
0.149020
0.145098
0.172549
0.156863
0.141176
0.172549
0.180392
0.176471
0.207843
0.254902
0.305882
0.321569
0.321569
0.286275
0.172549
0.113725
0.121569
0.117647
0.105882
0.113725
0.125490
0.137255
0.121569
0.141176
0.141176
0.152941
0.164706
0.180392
0.184314
0.196078
0.184314
0.176471
0.152941
0.149020
0.164706
0.141176
0.137255
0.172549
0.180392
0.188235
0.215686
0.266667
0.298039
0.282353
0.250980
0.239216
0.172549
0.117647
0.121569
0.121569
0.101961
0.105882
0.121569
0.129412
0.125490
0.145098
0.149020
0.156863
0.180392
0.192157
0.176471
0.176471
0.160784
0.164706
0.156863
0.156863
0.164706
0.149020
0.152941
0.188235
0.180392
0.192157
0.235294
0.290196
0.309804
0.286275
0.239216
0.227451
0.160784
0.117647
0.125490
0.117647
0.101961
0.101961
0.121569
0.125490
0.121569
0.133333
0.149020
0.156863
0.172549
0.192157
0.203922
0.207843
0.160784
0.176471
0.172549
0.156863
0.160784
0.180392
0.196078
0.215686
0.200000
0.203922
0.262745
0.325490
0.337255
0.321569
0.278431
0.207843
0.145098
0.121569
0.129412
0.129412
0.117647
0.121569
0.125490
0.137255
0.141176
0.145098
0.152941
0.160784
0.172549
0.188235
0.200000
0.203922
0.164706
0.176471
0.172549
0.164706
0.176471
0.200000
0.223529
0.231373
0.203922
0.219608
0.298039
0.352941
0.352941
0.337255
0.270588
0.176471
0.141176
0.149020
0.152941
0.145098
0.133333
0.137255
0.145098
0.168627
0.160784
0.160784
0.168627
0.164706
0.180392
0.196078
0.207843
0.207843
0.215686
0.192157
0.160784
0.168627
0.192157
0.231373
0.258824
0.250980
0.215686
0.239216
0.305882
0.325490
0.301961
0.270588
0.215686
0.160784
0.164706
0.184314
0.192157
0.180392
0.180392
0.192157
0.211765
0.215686
0.223529
0.243137
0.211765
0.200000
0.219608
0.231373
0.243137
0.239216
