0.345098
0.337255
0.333333
0.325490
0.325490
0.325490
0.325490
0.321569
0.317647
0.313725
0.309804
0.305882
0.305882
0.309804
0.309804
0.309804
0.309804
0.305882
0.301961
0.301961
0.301961
0.294118
0.290196
0.286275
0.278431
0.274510
0.278431
0.278431
0.274510
0.270588
0.266667
0.250980
0.372549
0.364706
0.356863
0.352941
0.349020
0.349020
0.349020
0.349020
0.345098
0.341176
0.337255
0.333333
0.329412
0.329412
0.329412
0.329412
0.329412
0.325490
0.321569
0.321569
0.321569
0.313725
0.309804
0.305882
0.305882
0.301961
0.301961
0.298039
0.294118
0.290196
0.286275
0.270588
0.384314
0.380392
0.376471
0.372549
0.364706
0.360784
0.360784
0.364706
0.364706
0.356863
0.356863
0.352941
0.349020
0.349020
0.349020
0.349020
0.345098
0.341176
0.341176
0.341176
0.337255
0.333333
0.325490
0.321569
0.321569
0.313725
0.313725
0.309804
0.305882
0.301961
0.298039
0.286275
0.403922
0.396078
0.392157
0.388235
0.384314
0.380392
0.380392
0.384314
0.384314
0.380392
0.376471
0.376471
0.372549
0.372549
0.372549
0.372549
0.368627
0.364706
0.364706
0.360784
0.356863
0.349020
0.345098
0.341176
0.337255
0.329412
0.325490
0.321569
0.317647
0.313725
0.309804
0.298039
0.423529
0.415686
0.411765
0.403922
0.400000
0.396078
0.396078
0.400000
0.400000
0.392157
0.392157
0.392157
0.392157
0.388235
0.388235
0.388235
0.384314
0.380392
0.380392
0.376471
0.372549
0.368627
0.360784
0.356863
0.352941
0.345098
0.337255
0.333333
0.329412
0.329412
0.321569
0.309804
0.439216
0.431373
0.427451
0.423529
0.419608
0.415686
0.415686
0.415686
0.411765
0.407843
0.403922
0.407843
0.403922
0.400000
0.400000
0.400000
0.400000
0.396078
0.396078
0.396078
0.392157
0.388235
0.384314
0.380392
0.372549
0.360784
0.352941
0.349020
0.345098
0.345098
0.337255
0.325490
0.462745
0.454902
0.447059
0.439216
0.435294
0.427451
0.423529
0.427451
0.419608
0.415686
0.419608
0.415686
0.415686
0.415686
0.415686
0.411765
0.403922
0.403922
0.403922
0.400000
0.403922
0.411765
0.411765
0.407843
0.396078
0.384314
0.384314
0.376471
0.364706
0.360784
0.360784
0.349020
0.478431
0.470588
0.470588
0.458824
0.454902
0.443137
0.439216
0.443137
0.443137
0.431373
0.419608
0.427451
0.439216
0.439216
0.435294
0.431373
0.419608
0.411765
0.407843
0.400000
0.403922
0.403922
0.388235
0.352941
0.321569
0.345098
0.380392
0.396078
0.392157
0.380392
0.376471
0.376471
0.486275
0.486275
0.490196
0.482353
0.482353
0.474510
0.474510
0.474510
0.470588
0.435294
0.305882
0.372549
0.435294
0.419608
0.411765
0.419608
0.427451
0.423529
0.427451
0.435294
0.447059
0.462745
0.411765
0.196078
0.125490
0.172549
0.196078
0.345098
0.423529
0.388235
0.380392
0.384314
0.494118
0.498039
0.513725
0.501961
0.478431
0.474510
0.470588
0.470588
0.470588
0.411765
0.352941
0.439216
0.498039
0.482353
0.490196
0.509804
0.537255
0.556863
0.564706
0.568627
0.576471
0.592157
0.427451
0.105882
0.058824
0.074510
0.141176
0.388235
0.439216
0.396078
0.392157
0.341176
0.521569
0.525490
0.537255
0.529412
0.545098
0.552941
0.549020
0.552941
0.545098
0.482353
0.509804
0.513725
0.482353
0.431373
0.396078
0.364706
0.337255
0.411765
0.619608
0.647059
0.635294
0.635294
0.411765
0.101961
0.070588
0.125490
0.345098
0.501961
0.447059
0.411765
0.403922
0.262745
0.533333
0.533333
0.486275
0.360784
0.372549
0.341176
0.321569
0.309804
0.278431
0.333333
0.337255
0.235294
0.200000
0.207843
0.200000
0.164706
0.141176
0.215686
0.588235
0.639216
0.631373
0.647059
0.419608
0.098039
0.043137
0.223529
0.541176
0.505882
0.349020
0.388235
0.400000
0.196078
0.576471
0.423529
0.380392
0.211765
0.125490
0.074510
0.070588
0.070588
0.062745
0.254902
0.294118
0.227451
0.203922
0.223529
0.223529
0.262745
0.184314
0.176471
0.588235
0.647059
0.639216
0.654902
0.419608
0.082353
0.023529
0.274510
0.627451
0.470588
0.160784
0.203922
0.227451
0.094118
0.850980
0.509804
0.470588
0.262745
0.078431
0.043137
0.039216
0.047059
0.050980
0.227451
0.298039
0.274510
0.223529
0.243137
0.243137
0.254902
0.188235
0.231373
0.607843
0.662745
0.654902
0.662745
0.427451
0.074510
0.019608
0.282353
0.623529
0.486275
0.176471
0.066667
0.047059
0.047059
0.925490
0.525490
0.490196
0.368627
0.305882
0.337255
0.352941
0.380392
0.403922
0.439216
0.466667
0.478431
0.478431
0.486275
0.498039
0.517647
0.525490
0.560784
0.650980
0.658824
0.654902
0.658824
0.439216
0.078431
0.019608
0.266667
0.607843
0.478431
0.192157
0.113725
0.054902
0.070588
0.823529
0.658824
0.694118
0.482353
0.615686
0.678431
0.666667
0.674510
0.674510
0.662745
0.662745
0.666667
0.643137
0.572549
0.611765
0.666667
0.662745
0.662745
0.654902
0.654902
0.647059
0.662745
0.454902
0.082353
0.027451
0.250980
0.572549
0.501961
0.243137
0.176471
0.145098
0.113725
0.631373
0.745098
0.694118
0.403922
0.470588
0.521569
0.501961
0.509804
0.494118
0.509804
0.505882
0.537255
0.541176
0.470588
0.490196
0.529412
0.501961
0.470588
0.447059
0.439216
0.443137
0.458824
0.305882
0.078431
0.039216
0.286275
0.603922
0.494118
0.196078
0.141176
0.117647
0.078431
0.239216
0.427451
0.239216
0.098039
0.113725
0.129412
0.094118
0.086275
0.101961
0.243137
0.266667
0.415686
0.474510
0.403922
0.349020
0.313725
0.270588
0.215686
0.176471
0.184314
0.156863
0.105882
0.058824
0.023529
0.019608
0.219608
0.415686
0.360784
0.231373
0.219608
0.203922
0.203922
0.250980
0.145098
0.066667
0.039216
0.160784
0.184314
0.047059
0.039216
0.047059
0.176471
0.262745
0.352941
0.364706
0.333333
0.317647
0.305882
0.301961
0.301961
0.301961
0.301961
0.258824
0.180392
0.050980
0.129412
0.121569
0.247059
0.337255
0.415686
0.321569
0.317647
0.301961
0.282353
0.282353
0.219608
0.207843
0.180392
0.235294
0.227451
0.156863
0.149020
0.133333
0.164706
0.184314
0.188235
0.180392
0.176471
0.176471
0.176471
0.176471
0.180392
0.188235
0.164706
0.188235
0.239216
0.070588
0.203922
0.180392
0.254902
0.239216
0.337255
0.309804
0.305882
0.301961
0.278431
0.388235
0.380392
0.368627
0.364706
0.337255
0.317647
0.321569
0.317647
0.309804
0.305882
0.290196
0.286275
0.274510
0.266667
0.266667
0.262745
0.254902
0.239216
0.219608
0.184314
0.156863
0.168627
0.137255
0.156863
0.160784
0.203922
0.250980
0.290196
0.301961
0.298039
0.301961
0.278431
0.325490
0.309804
0.309804
0.294118
0.270588
0.266667
0.266667
0.270588
0.266667
0.274510
0.262745
0.254902
0.250980
0.247059
0.250980
0.250980
0.243137
0.239216
0.227451
0.219608
0.215686
0.203922
0.188235
0.192157
0.200000
0.200000
0.215686
0.227451
0.219608
0.231373
0.235294
0.219608
0.274510
0.258824
0.247059
0.227451
0.215686
0.215686
0.219608
0.223529
0.223529
0.227451
0.219608
0.211765
0.203922
0.207843
0.215686
0.203922
0.196078
0.200000
0.188235
0.184314
0.184314
0.172549
0.156863
0.160784
0.156863
0.149020
0.133333
0.141176
0.137255
0.137255
0.129412
0.113725
0.250980
0.227451
0.215686
0.200000
0.192157
0.200000
0.200000
0.200000
0.207843
0.207843
0.203922
0.203922
0.200000
0.203922
0.200000
0.188235
0.184314
0.188235
0.168627
0.156863
0.160784
0.160784
0.168627
0.168627
0.152941
0.141176
0.133333
0.137255
0.137255
0.125490
0.117647
0.090196
0.235294
0.219608
0.211765
0.196078
0.192157
0.196078
0.196078
0.196078
0.200000
0.200000
0.200000
0.200000
0.192157
0.192157
0.188235
0.188235
0.180392
0.172549
0.160784
0.156863
0.164706
0.149020
0.141176
0.141176
0.133333
0.117647
0.121569
0.133333
0.129412
0.113725
0.109804
0.090196
0.219608
0.211765
0.207843
0.188235
0.176471
0.184314
0.192157
0.196078
0.188235
0.172549
0.176471
0.180392
0.172549
0.176471
0.180392
0.176471
0.168627
0.156863
0.152941
0.149020
0.152941
0.137255
0.121569
0.117647
0.117647
0.105882
0.105882
0.109804
0.109804
0.098039
0.098039
0.090196
0.192157
0.188235
0.196078
0.192157
0.176471
0.172549
0.172549
0.172549
0.168627
0.152941
0.145098
0.152941
0.149020
0.149020
0.149020
0.145098
0.141176
0.129412
0.121569
0.117647
0.117647
0.117647
0.117647
0.109804
0.109804
0.101961
0.094118
0.094118
0.094118
0.090196
0.090196
0.078431
0.160784
0.152941
0.164706
0.164706
0.149020
0.152941
0.152941
0.160784
0.164706
0.156863
0.160784
0.160784
0.149020
0.141176
0.133333
0.125490
0.113725
0.109804
0.105882
0.105882
0.101961
0.098039
0.098039
0.094118
0.090196
0.090196
0.090196
0.090196
0.086275
0.082353
0.078431
0.062745
0.160784
0.137255
0.137255
0.133333
0.125490
0.125490
0.121569
0.117647
0.129412
0.133333
0.141176
0.141176
0.129412
0.121569
0.113725
0.109804
0.109804
0.105882
0.101961
0.098039
0.101961
0.101961
0.078431
0.074510
0.070588
0.070588
0.086275
0.082353
0.074510
0.070588
0.066667
0.062745
0.168627
0.152941
0.145098
0.137255
0.129412
0.125490
0.125490
0.121569
0.109804
0.098039
0.094118
0.094118
0.098039
0.105882
0.101961
0.101961
0.094118
0.090196
0.098039
0.090196
0.090196
0.094118
0.082353
0.082353
0.086275
0.090196
0.094118
0.078431
0.062745
0.062745
0.058824
0.054902
0.145098
0.125490
0.117647
0.125490
0.113725
0.101961
0.101961
0.101961
0.090196
0.074510
0.066667
0.066667
0.074510
0.082353
0.078431
0.070588
0.066667
0.070588
0.070588
0.066667
0.070588
0.070588
0.066667
0.066667
0.062745
0.070588
0.074510
0.058824
0.050980
0.043137
0.035294
0.035294
0.184314
0.168627
0.156863
0.156863
0.145098
0.129412
0.125490
0.125490
0.105882
0.086275
0.082353
0.082353
0.090196
0.105882
0.094118
0.094118
0.101961
0.082353
0.070588
0.078431
0.086275
0.082353
0.082353
0.082353
0.070588
0.074510
0.090196
0.070588
0.062745
0.054902
0.050980
0.054902
0.458824
0.450980
0.447059
0.443137
0.439216
0.439216
0.439216
0.435294
0.431373
0.427451
0.423529
0.419608
0.415686
0.419608
0.419608
0.419608
0.411765
0.407843
0.407843
0.407843
0.403922
0.400000
0.396078
0.388235
0.384314
0.380392
0.372549
0.364706
0.360784
0.352941
0.349020
0.333333
0.486275
0.478431
0.470588
0.466667
0.462745
0.462745
0.462745
0.462745
0.458824
0.450980
0.447059
0.443137
0.443137
0.443137
0.443137
0.435294
0.427451
0.423529
0.419608
0.419608
0.419608
0.411765
0.407843
0.403922
0.403922
0.396078
0.388235
0.380392
0.376471
0.372549
0.368627
0.352941
0.494118
0.486275
0.482353
0.478431
0.474510
0.470588
0.470588
0.474510
0.470588
0.466667
0.462745
0.458824
0.454902
0.454902
0.454902
0.447059
0.439216
0.435294
0.435294
0.435294
0.431373
0.427451
0.419608
0.415686
0.415686
0.407843
0.400000
0.392157
0.388235
0.384314
0.380392
0.364706
0.501961
0.494118
0.494118
0.486275
0.482353
0.482353
0.482353
0.486275
0.486275
0.482353
0.478431
0.474510
0.474510
0.470588
0.470588
0.466667
0.458824
0.454902
0.454902
0.450980
0.447059
0.443137
0.435294
0.431373
0.427451
0.419608
0.411765
0.407843
0.403922
0.400000
0.396078
0.384314
0.513725
0.505882
0.501961
0.498039
0.494118
0.494118
0.494118
0.498039
0.494118
0.490196
0.486275
0.486275
0.486275
0.482353
0.482353
0.478431
0.470588
0.462745
0.466667
0.462745
0.458824
0.450980
0.447059
0.443137
0.439216
0.431373
0.427451
0.423529
0.419608
0.419608
0.411765
0.396078
0.533333
0.525490
0.517647
0.513725
0.509804
0.509804
0.509804
0.509804
0.505882
0.501961
0.498039
0.498039
0.498039
0.494118
0.494118
0.486275
0.478431
0.474510
0.478431
0.474510
0.470588
0.470588
0.462745
0.458824
0.450980
0.439216
0.443137
0.443137
0.439216
0.439216
0.431373
0.415686
0.537255
0.533333
0.529412
0.521569
0.521569
0.521569
0.517647
0.521569
0.513725
0.509804
0.509804
0.505882
0.505882
0.505882
0.505882
0.501961
0.494118
0.494118
0.490196
0.482353
0.482353
0.478431
0.470588
0.466667
0.458824
0.450980
0.454902
0.454902
0.450980
0.450980
0.447059
0.427451
0.549020
0.541176
0.541176
0.533333
0.533333
0.529412
0.525490
0.529412
0.529412
0.517647
0.498039
0.505882
0.517647
0.517647
0.513725
0.513725
0.498039
0.486275
0.478431
0.466667
0.462745
0.447059
0.423529
0.384314
0.356863
0.388235
0.415686
0.431373
0.450980
0.450980
0.447059
0.435294
0.560784
0.556863
0.552941
0.541176
0.537255
0.529412
0.529412
0.533333
0.525490
0.490196
0.356863
0.419608
0.486275
0.466667
0.462745
0.458824
0.454902
0.447059
0.443137
0.443137
0.454902
0.482353
0.427451
0.211765
0.145098
0.192157
0.200000
0.349020
0.462745
0.450980
0.454902
0.443137
0.576471
0.568627
0.564706
0.541176
0.505882
0.490196
0.486275
0.486275
0.486275
0.427451
0.364706
0.450980
0.509804
0.494118
0.501961
0.505882
0.517647
0.525490
0.529412
0.525490
0.533333
0.580392
0.427451
0.109804
0.058824
0.074510
0.113725
0.368627
0.458824
0.450980
0.462745
0.396078
0.596078
0.584314
0.572549
0.545098
0.545098
0.545098
0.541176
0.541176
0.533333
0.470588
0.490196
0.498039
0.462745
0.411765
0.380392
0.345098
0.309804
0.376471
0.576471
0.596078
0.580392
0.596078
0.392157
0.098039
0.058824
0.094118
0.290196
0.458824
0.447059
0.454902
0.466667
0.309804
0.576471
0.564706
0.498039
0.356863
0.360784
0.325490
0.301961
0.294118
0.262745
0.317647
0.313725
0.211765
0.176471
0.184314
0.172549
0.149020
0.133333
0.200000
0.564706
0.611765
0.588235
0.592157
0.392157
0.094118
0.027451
0.180392
0.470588
0.450980
0.337255
0.411765
0.443137
0.227451
0.576471
0.415686
0.364706
0.192157
0.105882
0.066667
0.062745
0.066667
0.058824
0.247059
0.282353
0.211765
0.192157
0.207843
0.211765
0.254902
0.176471
0.164706
0.564706
0.619608
0.600000
0.603922
0.400000
0.090196
0.015686
0.231373
0.556863
0.415686
0.141176
0.211765
0.243137
0.094118
0.819608
0.474510
0.439216
0.231373
0.062745
0.047059
0.047059
0.050980
0.054902
0.231373
0.298039
0.274510
0.223529
0.239216
0.239216
0.247059
0.168627
0.203922
0.572549
0.623529
0.603922
0.611765
0.419608
0.101961
0.031373
0.243137
0.560784
0.435294
0.152941
0.058824
0.043137
0.027451
0.886275
0.486275
0.450980
0.329412
0.274510
0.321569
0.333333
0.364706
0.384314
0.419608
0.447059
0.458824
0.458824
0.466667
0.478431
0.490196
0.486275
0.521569
0.607843
0.615686
0.603922
0.607843
0.431373
0.109804
0.027451
0.223529
0.541176
0.423529
0.156863
0.098039
0.050980
0.062745
0.784314
0.619608
0.654902
0.443137
0.576471
0.639216
0.627451
0.635294
0.635294
0.623529
0.623529
0.627451
0.600000
0.533333
0.572549
0.623529
0.623529
0.623529
0.615686
0.615686
0.600000
0.607843
0.439216
0.101961
0.031373
0.200000
0.498039
0.439216
0.200000
0.156863
0.145098
0.113725
0.596078
0.709804
0.658824
0.364706
0.435294
0.486275
0.466667
0.470588
0.458824
0.470588
0.462745
0.494118
0.494118
0.423529
0.443137
0.486275
0.466667
0.435294
0.411765
0.403922
0.400000
0.407843
0.286275
0.090196
0.035294
0.243137
0.537255
0.439216
0.152941
0.113725
0.105882
0.074510
0.211765
0.400000
0.211765
0.070588
0.086275
0.101961
0.066667
0.062745
0.078431
0.211765
0.219608
0.360784
0.419608
0.349020
0.294118
0.270588
0.243137
0.184314
0.145098
0.156863
0.125490
0.066667
0.043137
0.027451
0.015686
0.184314
0.360784
0.309804
0.188235
0.184314
0.184314
0.192157
0.231373
0.125490
0.047059
0.023529
0.141176
0.164706
0.027451
0.019608
0.027451
0.152941
0.219608
0.305882
0.317647
0.286275
0.274510
0.274510
0.278431
0.278431
0.282353
0.282353
0.235294
0.145098
0.031373
0.125490
0.109804
0.215686
0.294118
0.372549
0.278431
0.278431
0.270588
0.258824
0.270588
0.203922
0.192157
0.168627
0.219608
0.211765
0.145098
0.137255
0.121569
0.149020
0.156863
0.156863
0.149020
0.149020
0.149020
0.152941
0.164706
0.168627
0.172549
0.152941
0.172549
0.215686
0.050980
0.188235
0.160784
0.231373
0.207843
0.301961
0.270588
0.270588
0.262745
0.247059
0.384314
0.372549
0.364706
0.356863
0.333333
0.313725
0.317647
0.313725
0.305882
0.301961
0.282353
0.278431
0.266667
0.262745
0.262745
0.258824
0.250980
0.235294
0.215686
0.180392
0.149020
0.152941
0.117647
0.133333
0.141176
0.188235
0.231373
0.262745
0.266667
0.258824
0.258824
0.243137
0.337255
0.317647
0.317647
0.301961
0.278431
0.270588
0.270588
0.274510
0.270588
0.274510
0.266667
0.262745
0.258824
0.254902
0.258824
0.254902
0.247059
0.243137
0.227451
0.223529
0.215686
0.196078
0.172549
0.176471
0.188235
0.188235
0.203922
0.215686
0.200000
0.203922
0.203922
0.196078
0.301961
0.282353
0.270588
0.254902
0.235294
0.227451
0.231373
0.231373
0.231373
0.239216
0.227451
0.219608
0.211765
0.215686
0.223529
0.211765
0.203922
0.207843
0.196078
0.192157
0.192157
0.176471
0.156863
0.164706
0.160784
0.152941
0.133333
0.141176
0.133333
0.133333
0.125490
0.109804
0.282353
0.258824
0.247059
0.231373
0.215686
0.207843
0.211765
0.211765
0.219608
0.219608
0.215686
0.211765
0.207843
0.211765
0.207843
0.196078
0.196078
0.196078
0.180392
0.164706
0.172549
0.168627
0.176471
0.176471
0.160784
0.149020
0.137255
0.141176
0.141176
0.129412
0.121569
0.094118
0.266667
0.250980
0.243137
0.227451
0.215686
0.207843
0.207843
0.207843
0.211765
0.211765
0.207843
0.207843
0.200000
0.200000
0.196078
0.196078
0.188235
0.180392
0.168627
0.164706
0.172549
0.156863
0.149020
0.149020
0.141176
0.125490
0.125490
0.137255
0.133333
0.117647
0.113725
0.094118
0.250980
0.243137
0.239216
0.219608
0.200000
0.196078
0.203922
0.207843
0.200000
0.184314
0.184314
0.188235
0.180392
0.184314
0.188235
0.184314
0.176471
0.164706
0.160784
0.156863
0.156863
0.145098
0.129412
0.121569
0.125490
0.113725
0.109804
0.113725
0.113725
0.101961
0.101961
0.094118
0.223529
0.219608
0.227451
0.223529
0.196078
0.184314
0.184314
0.184314
0.180392
0.164706
0.156863
0.160784
0.156863
0.156863
0.156863
0.152941
0.145098
0.137255
0.129412
0.125490
0.125490
0.121569
0.121569
0.113725
0.113725
0.105882
0.098039
0.098039
0.098039
0.094118
0.094118
0.082353
0.192157
0.184314
0.196078
0.196078
0.172549
0.164706
0.164706
0.172549
0.176471
0.168627
0.172549
0.168627
0.156863
0.149020
0.141176
0.133333
0.117647
0.113725
0.109804
0.109804
0.105882
0.101961
0.101961
0.098039
0.094118
0.094118
0.094118
0.094118
0.090196
0.086275
0.082353
0.066667
0.192157
0.168627
0.168627
0.164706
0.145098
0.137255
0.137255
0.129412
0.141176
0.145098
0.149020
0.149020
0.137255
0.129412
0.121569
0.117647
0.113725
0.109804
0.105882
0.101961
0.105882
0.105882
0.082353
0.078431
0.074510
0.074510
0.090196
0.086275
0.078431
0.078431
0.074510
0.066667
0.192157
0.176471
0.168627
0.160784
0.149020
0.141176
0.137255
0.133333
0.125490
0.113725
0.109804
0.113725
0.113725
0.109804
0.105882
0.105882
0.098039
0.094118
0.101961
0.094118
0.094118
0.101961
0.090196
0.090196
0.090196
0.094118
0.094118
0.082353
0.070588
0.074510
0.074510
0.070588
0.156863
0.141176
0.133333
0.141176
0.129412
0.117647
0.113725
0.113725
0.101961
0.090196
0.086275
0.090196
0.090196
0.090196
0.078431
0.070588
0.070588
0.074510
0.074510
0.070588
0.074510
0.074510
0.070588
0.070588
0.066667
0.070588
0.074510
0.058824
0.054902
0.058824
0.062745
0.054902
0.192157
0.176471
0.168627
0.168627
0.152941
0.137255
0.133333
0.133333
0.113725
0.098039
0.101961
0.101961
0.105882
0.105882
0.090196
0.090196
0.101961
0.082353
0.070588
0.078431
0.086275
0.086275
0.082353
0.082353
0.070588
0.074510
0.082353
0.066667
0.062745
0.066667
0.074510
0.070588
0.631373
0.623529
0.615686
0.611765
0.611765
0.611765
0.611765
0.607843
0.603922
0.600000
0.603922
0.600000
0.600000
0.603922
0.603922
0.600000
0.596078
0.592157
0.592157
0.592157
0.588235
0.584314
0.580392
0.572549
0.568627
0.564706
0.560784
0.560784
0.552941
0.549020
0.545098
0.537255
0.654902
0.643137
0.639216
0.631373
0.627451
0.627451
0.627451
0.627451
0.623529
0.619608
0.623529
0.619608
0.615686
0.615686
0.619608
0.611765
0.607843
0.603922
0.600000
0.600000
0.600000
0.592157
0.588235
0.584314
0.584314
0.580392
0.584314
0.588235
0.580392
0.576471
0.572549
0.560784
0.650980
0.643137
0.643137
0.639216
0.631373
0.623529
0.623529
0.627451
0.627451
0.623529
0.623529
0.623529
0.619608
0.619608
0.619608
0.615686
0.611765
0.603922
0.603922
0.603922
0.600000
0.596078
0.588235
0.588235
0.584314
0.580392
0.588235
0.596078
0.592157
0.588235
0.580392
0.568627
0.662745
0.654902
0.650980
0.647059
0.635294
0.623529
0.623529
0.631373
0.631373
0.627451
0.627451
0.631373
0.627451
0.627451
0.627451
0.623529
0.615686
0.611765
0.611765
0.611765
0.607843
0.600000
0.596078
0.592157
0.588235
0.580392
0.588235
0.596078
0.592157
0.588235
0.584314
0.576471
0.670588
0.662745
0.658824
0.654902
0.639216
0.623529
0.627451
0.631373
0.627451
0.623529
0.627451
0.631373
0.627451
0.623529
0.623529
0.619608
0.615686
0.611765
0.611765
0.607843
0.603922
0.600000
0.592157
0.588235
0.584314
0.576471
0.580392
0.588235
0.584314
0.584314
0.576471
0.572549
0.682353
0.674510
0.670588
0.666667
0.650980
0.631373
0.631373
0.635294
0.631373
0.627451
0.631373
0.631373
0.631373
0.627451
0.627451
0.623529
0.619608
0.615686
0.615686
0.611765
0.607843
0.607843
0.603922
0.596078
0.588235
0.576471
0.580392
0.580392
0.576471
0.576471
0.568627
0.568627
0.682353
0.678431
0.678431
0.670588
0.662745
0.647059
0.647059
0.647059
0.643137
0.639216
0.635294
0.631373
0.631373
0.631373
0.631373
0.635294
0.631373
0.627451
0.623529
0.615686
0.611765
0.607843
0.603922
0.600000
0.584314
0.568627
0.560784
0.564706
0.576471
0.580392
0.564706
0.556863
0.682353
0.674510
0.678431
0.670588
0.670588
0.662745
0.658824
0.662745
0.662745
0.647059
0.611765
0.611765
0.623529
0.623529
0.619608
0.627451
0.619608
0.603922
0.588235
0.572549
0.560784
0.541176
0.525490
0.494118
0.450980
0.458824
0.478431
0.521569
0.580392
0.588235
0.564706
0.545098
0.698039
0.686275
0.678431
0.666667
0.654902
0.643137
0.639216
0.643137
0.639216
0.596078
0.439216
0.498039
0.564706
0.545098
0.541176
0.537255
0.529412
0.517647
0.501961
0.498039
0.501961
0.521569
0.482353
0.270588
0.184314
0.207843
0.219608
0.415686
0.576471
0.584314
0.572549
0.545098
0.713725
0.690196
0.678431
0.643137
0.592157
0.564706
0.560784
0.556863
0.560784
0.498039
0.415686
0.494118
0.556863
0.541176
0.545098
0.545098
0.549020
0.556863
0.549020
0.537255
0.545098
0.588235
0.450980
0.137255
0.066667
0.058824
0.105882
0.403922
0.552941
0.572549
0.576471
0.486275
0.717647
0.690196
0.662745
0.627451
0.603922
0.588235
0.584314
0.584314
0.576471
0.513725
0.517647
0.517647
0.486275
0.435294
0.403922
0.372549
0.337255
0.400000
0.596078
0.603922
0.592157
0.619608
0.427451
0.129412
0.078431
0.094118
0.270588
0.470588
0.517647
0.556863
0.564706
0.380392
0.670588
0.639216
0.560784
0.411765
0.400000
0.352941
0.333333
0.325490
0.294118
0.345098
0.333333
0.227451
0.192157
0.200000
0.188235
0.180392
0.176471
0.235294
0.596078
0.635294
0.615686
0.643137
0.450980
0.149020
0.074510
0.203922
0.450980
0.447059
0.388235
0.490196
0.517647
0.270588
0.627451
0.462745
0.400000
0.223529
0.141176
0.105882
0.098039
0.098039
0.094118
0.282353
0.309804
0.239216
0.219608
0.235294
0.235294
0.294118
0.223529
0.203922
0.600000
0.647059
0.627451
0.647059
0.447059
0.137255
0.050980
0.247059
0.537255
0.403922
0.180392
0.270588
0.290196
0.117647
0.831373
0.490196
0.458824
0.250980
0.090196
0.090196
0.086275
0.094118
0.098039
0.270588
0.337255
0.313725
0.262745
0.278431
0.278431
0.282353
0.200000
0.227451
0.592157
0.635294
0.615686
0.631373
0.439216
0.117647
0.031373
0.235294
0.529412
0.423529
0.184314
0.101961
0.062745
0.031373
0.886275
0.486275
0.454902
0.333333
0.286275
0.337255
0.349020
0.380392
0.400000
0.439216
0.474510
0.486275
0.490196
0.494118
0.509804
0.509804
0.494118
0.525490
0.611765
0.615686
0.607843
0.627451
0.447059
0.113725
0.031373
0.231373
0.529412
0.400000
0.152941
0.098039
0.043137
0.050980
0.788235
0.619608
0.658824
0.447059
0.580392
0.639216
0.627451
0.639216
0.639216
0.631373
0.639216
0.643137
0.619608
0.549020
0.588235
0.635294
0.627451
0.627451
0.619608
0.619608
0.611765
0.639216
0.462745
0.113725
0.047059
0.231373
0.501961
0.419608
0.184314
0.141176
0.129412
0.105882
0.611765
0.725490
0.674510
0.380392
0.450980
0.501961
0.482353
0.486275
0.474510
0.486275
0.478431
0.509804
0.509804
0.439216
0.458824
0.501961
0.482353
0.450980
0.427451
0.419608
0.419608
0.435294
0.301961
0.094118
0.047059
0.266667
0.549020
0.439216
0.156863
0.121569
0.117647
0.082353
0.235294
0.423529
0.235294
0.094118
0.109804
0.125490
0.090196
0.082353
0.098039
0.231373
0.231373
0.372549
0.431373
0.360784
0.305882
0.290196
0.266667
0.211765
0.172549
0.184314
0.145098
0.082353
0.047059
0.027451
0.019608
0.196078
0.376471
0.325490
0.211765
0.211765
0.215686
0.215686
0.247059
0.141176
0.062745
0.035294
0.156863
0.180392
0.043137
0.035294
0.039216
0.164706
0.223529
0.305882
0.317647
0.286275
0.274510
0.282353
0.294118
0.294118
0.298039
0.298039
0.250980
0.156863
0.035294
0.125490
0.113725
0.227451
0.309804
0.396078
0.309804
0.313725
0.313725
0.298039
0.262745
0.200000
0.188235
0.164706
0.215686
0.207843
0.141176
0.129412
0.117647
0.145098
0.145098
0.145098
0.141176
0.137255
0.137255
0.149020
0.160784
0.164706
0.168627
0.145098
0.168627
0.219608
0.050980
0.184314
0.156863
0.231373
0.215686
0.317647
0.298039
0.301961
0.301961
0.286275
0.356863
0.349020
0.337255
0.333333
0.305882
0.286275
0.290196
0.286275
0.278431
0.278431
0.262745
0.258824
0.247059
0.239216
0.239216
0.235294
0.223529
0.207843
0.188235
0.152941
0.125490
0.141176
0.109804
0.125490
0.133333
0.176471
0.223529
0.266667
0.278431
0.282353
0.290196
0.278431
0.290196
0.270588
0.270588
0.254902
0.235294
0.227451
0.227451
0.231373
0.227451
0.235294
0.235294
0.231373
0.227451
0.227451
0.231373
0.211765
0.196078
0.196078
0.180392
0.176471
0.172549
0.168627
0.152941
0.156863
0.164706
0.168627
0.184314
0.200000
0.192157
0.207843
0.215686
0.207843
0.250980
0.235294
0.223529
0.203922
0.188235
0.184314
0.184314
0.188235
0.188235
0.196078
0.184314
0.180392
0.172549
0.176471
0.184314
0.160784
0.145098
0.149020
0.137255
0.133333
0.137255
0.133333
0.117647
0.121569
0.117647
0.109804
0.098039
0.113725
0.109804
0.109804
0.101961
0.094118
0.231373
0.207843
0.196078
0.180392
0.168627
0.164706
0.168627
0.168627
0.176471
0.176471
0.172549
0.168627
0.164706
0.168627
0.164706
0.145098
0.137255
0.141176
0.121569
0.105882
0.117647
0.121569
0.129412
0.129412
0.113725
0.101961
0.101961
0.109804
0.109804
0.098039
0.090196
0.066667
0.215686
0.200000
0.192157
0.176471
0.168627
0.164706
0.164706
0.164706
0.168627
0.168627
0.164706
0.164706
0.156863
0.156863
0.152941
0.145098
0.133333
0.125490
0.113725
0.109804
0.121569
0.109804
0.105882
0.101961
0.098039
0.082353
0.090196
0.105882
0.101961
0.086275
0.082353
0.066667
0.200000
0.192157
0.188235
0.168627
0.152941
0.152941
0.160784
0.164706
0.156863
0.141176
0.141176
0.145098
0.137255
0.141176
0.145098
0.137255
0.129412
0.117647
0.109804
0.109804
0.113725
0.105882
0.090196
0.082353
0.086275
0.074510
0.074510
0.082353
0.082353
0.070588
0.070588
0.066667
0.172549
0.168627
0.176471
0.172549
0.149020
0.141176
0.141176
0.141176
0.137255
0.121569
0.113725
0.117647
0.113725
0.113725
0.113725
0.113725
0.105882
0.098039
0.090196
0.086275
0.086275
0.094118
0.094118
0.086275
0.086275
0.074510
0.066667
0.066667
0.066667
0.062745
0.062745
0.058824
0.141176
0.133333
0.145098
0.145098
0.125490
0.121569
0.121569
0.129412
0.133333
0.125490
0.129412
0.125490
0.113725
0.105882
0.098039
0.094118
0.086275
0.082353
0.078431
0.078431
0.074510
0.078431
0.082353
0.074510
0.070588
0.070588
0.066667
0.062745
0.058824
0.054902
0.050980
0.043137
0.141176
0.117647
0.117647
0.113725
0.098039
0.094118
0.090196
0.086275
0.098039
0.101961
0.105882
0.105882
0.094118
0.086275
0.082353
0.082353
0.086275
0.082353
0.078431
0.074510
0.078431
0.082353
0.062745
0.054902
0.050980
0.054902
0.062745
0.054902
0.047059
0.047059
0.039216
0.043137
0.137255
0.117647
0.109804
0.101961
0.090196
0.090196
0.086275
0.082353
0.074510
0.062745
0.070588
0.078431
0.078431
0.078431
0.074510
0.074510
0.066667
0.062745
0.070588
0.062745
0.062745
0.058824
0.047059
0.050980
0.062745
0.066667
0.070588
0.054902
0.043137
0.047059
0.043137
0.043137
0.113725
0.090196
0.078431
0.082353
0.078431
0.074510
0.070588
0.070588
0.058824
0.050980
0.062745
0.066667
0.070588
0.074510
0.066667
0.050980
0.047059
0.050980
0.050980
0.047059
0.043137
0.031373
0.027451
0.035294
0.039216
0.050980
0.058824
0.043137
0.043137
0.039216
0.039216
0.035294
0.172549
0.156863
0.145098
0.145098
0.133333
0.129412
0.125490
0.125490
0.105882
0.090196
0.105882
0.109804
0.113725
0.121569
0.105882
0.101961
0.105882
0.086275
0.074510
0.082353
0.086275
0.066667
0.062745
0.074510
0.070588
0.078431
0.094118
0.082353
0.078431
0.078431
0.082353
0.074510
