0.501961
0.572549
0.545098
0.545098
0.537255
0.529412
0.525490
0.521569
0.513725
0.509804
0.509804
0.509804
0.509804
0.509804
0.509804
0.513725
0.517647
0.521569
0.521569
0.521569
0.513725
0.509804
0.517647
0.517647
0.513725
0.513725
0.513725
0.517647
0.513725
0.509804
0.509804
0.501961
0.800000
0.984314
0.960784
0.960784
0.968627
0.968627
0.964706
0.964706
0.960784
0.956863
0.956863
0.952941
0.952941
0.952941
0.952941
0.956863
0.956863
0.960784
0.960784
0.956863
0.956863
0.956863
0.968627
0.968627
0.968627
0.968627
0.968627
0.968627
0.968627
0.964706
0.968627
0.960784
0.811765
1.000000
0.972549
0.972549
0.980392
0.976471
0.976471
0.980392
0.972549
0.972549
0.968627
0.972549
0.976471
0.972549
0.972549
0.976471
0.976471
0.976471
0.980392
0.976471
0.976471
0.972549
0.980392
0.980392
0.980392
0.980392
0.980392
0.980392
0.976471
0.972549
0.980392
0.976471
0.811765
1.000000
0.972549
0.960784
0.960784
0.964706
0.964706
0.964706
0.960784
0.960784
0.956863
0.956863
0.960784
0.956863
0.956863
0.960784
0.964706
0.960784
0.960784
0.956863
0.956863
0.960784
0.964706
0.960784
0.964706
0.964706
0.968627
0.968627
0.964706
0.972549
0.988235
0.988235
0.811765
1.000000
0.933333
0.815686
0.850980
0.843137
0.843137
0.854902
0.854902
0.850980
0.854902
0.847059
0.862745
0.866667
0.858824
0.843137
0.831373
0.839216
0.874510
0.894118
0.874510
0.847059
0.866667
0.882353
0.886275
0.890196
0.878431
0.847059
0.823529
0.917647
0.992157
0.988235
0.803922
1.000000
0.894118
0.690196
0.756863
0.780392
0.803922
0.811765
0.800000
0.807843
0.815686
0.803922
0.827451
0.843137
0.819608
0.792157
0.776471
0.792157
0.839216
0.866667
0.874510
0.862745
0.862745
0.878431
0.894118
0.894118
0.874510
0.796078
0.733333
0.878431
0.996078
0.984314
0.800000
1.000000
0.898039
0.678431
0.709804
0.788235
0.831373
0.815686
0.819608
0.839216
0.847059
0.839216
0.827451
0.811765
0.800000
0.788235
0.721569
0.662745
0.556863
0.474510
0.588235
0.843137
0.925490
0.898039
0.878431
0.866667
0.878431
0.811765
0.737255
0.870588
0.996078
0.984314
0.800000
1.000000
0.901961
0.705882
0.741176
0.796078
0.819608
0.823529
0.827451
0.823529
0.831373
0.831373
0.792157
0.784314
0.784314
0.643137
0.501961
0.431373
0.337255
0.317647
0.356863
0.517647
0.745098
0.854902
0.843137
0.843137
0.862745
0.792157
0.725490
0.870588
1.000000
0.980392
0.800000
1.000000
0.901961
0.717647
0.760784
0.784314
0.807843
0.823529
0.807843
0.796078
0.796078
0.788235
0.772549
0.756863
0.580392
0.458824
0.427451
0.388235
0.360784
0.364706
0.380392
0.396078
0.431373
0.674510
0.866667
0.878431
0.850980
0.768627
0.717647
0.874510
1.000000
0.984314
0.800000
1.000000
0.901961
0.717647
0.741176
0.756863
0.776471
0.800000
0.800000
0.780392
0.764706
0.752941
0.729412
0.568627
0.423529
0.450980
0.415686
0.360784
0.364706
0.376471
0.384314
0.415686
0.388235
0.419608
0.631373
0.819608
0.847059
0.788235
0.741176
0.878431
0.996078
0.988235
0.796078
1.000000
0.901961
0.701961
0.713725
0.717647
0.741176
0.709804
0.592157
0.572549
0.560784
0.521569
0.486275
0.454902
0.458824
0.435294
0.388235
0.360784
0.392157
0.388235
0.384314
0.403922
0.407843
0.400000
0.411765
0.556863
0.666667
0.545098
0.466667
0.764706
1.000000
0.984314
0.792157
1.000000
0.894118
0.674510
0.682353
0.682353
0.698039
0.658824
0.537255
0.556863
0.576471
0.470588
0.415686
0.509804
0.505882
0.462745
0.427451
0.380392
0.450980
0.435294
0.372549
0.396078
0.403922
0.400000
0.411765
0.423529
0.427451
0.294118
0.188235
0.674510
1.000000
0.976471
0.788235
1.000000
0.894118
0.658824
0.658824
0.666667
0.682353
0.674510
0.400000
0.431373
0.588235
0.360784
0.298039
0.282353
0.250980
0.215686
0.184314
0.145098
0.341176
0.478431
0.388235
0.384314
0.392157
0.396078
0.411765
0.423529
0.403922
0.368627
0.274510
0.709804
1.000000
0.972549
0.784314
1.000000
0.894118
0.658824
0.658824
0.670588
0.701961
0.674510
0.325490
0.239216
0.521569
0.258824
0.156863
0.176471
0.180392
0.184314
0.160784
0.188235
0.239216
0.329412
0.262745
0.262745
0.298039
0.309804
0.321569
0.329412
0.294118
0.278431
0.254902
0.701961
1.000000
0.972549
0.780392
1.000000
0.894118
0.666667
0.670588
0.690196
0.705882
0.596078
0.392157
0.188235
0.227451
0.219608
0.278431
0.282353
0.309804
0.282353
0.282353
0.239216
0.172549
0.141176
0.129412
0.133333
0.200000
0.215686
0.231373
0.262745
0.270588
0.270588
0.294118
0.741176
1.000000
0.972549
0.784314
1.000000
0.894118
0.674510
0.678431
0.705882
0.709804
0.560784
0.325490
0.145098
0.043137
0.125490
0.341176
0.352941
0.364706
0.392157
0.364706
0.180392
0.121569
0.105882
0.086275
0.105882
0.200000
0.227451
0.239216
0.305882
0.341176
0.364706
0.513725
0.854902
0.996078
0.976471
0.784314
1.000000
0.894118
0.678431
0.682353
0.721569
0.662745
0.490196
0.325490
0.156863
0.133333
0.149020
0.286275
0.384314
0.415686
0.333333
0.164706
0.141176
0.137255
0.109804
0.086275
0.137255
0.239216
0.266667
0.329412
0.419608
0.478431
0.572549
0.670588
0.878431
0.996078
0.976471
0.784314
1.000000
0.894118
0.674510
0.678431
0.729412
0.647059
0.458824
0.372549
0.160784
0.203922
0.160784
0.243137
0.407843
0.278431
0.078431
0.066667
0.125490
0.137255
0.109804
0.125490
0.188235
0.290196
0.341176
0.439216
0.529412
0.588235
0.643137
0.686275
0.874510
0.992157
0.976471
0.784314
1.000000
0.894118
0.674510
0.678431
0.721569
0.694118
0.572549
0.494118
0.094118
0.098039
0.074510
0.211765
0.223529
0.192157
0.239216
0.109804
0.105882
0.137255
0.149020
0.180392
0.250980
0.364706
0.431373
0.501961
0.568627
0.611765
0.639216
0.678431
0.882353
0.988235
0.976471
0.784314
1.000000
0.894118
0.682353
0.694118
0.701961
0.701961
0.725490
0.623529
0.117647
0.121569
0.129412
0.086275
0.062745
0.278431
0.419608
0.419608
0.196078
0.133333
0.231373
0.239216
0.298039
0.400000
0.482353
0.529412
0.580392
0.623529
0.658824
0.674510
0.878431
0.992157
0.976471
0.784314
1.000000
0.894118
0.658824
0.647059
0.674510
0.694118
0.729412
0.635294
0.156863
0.192157
0.321569
0.047059
0.121569
0.168627
0.239216
0.549020
0.403922
0.156863
0.270588
0.294118
0.321569
0.407843
0.513725
0.560784
0.584314
0.635294
0.670588
0.682353
0.878431
0.996078
0.976471
0.784314
1.000000
0.890196
0.611765
0.584314
0.623529
0.670588
0.678431
0.580392
0.164706
0.152941
0.325490
0.149020
0.258824
0.156863
0.129412
0.450980
0.490196
0.196078
0.301961
0.337255
0.360784
0.439216
0.505882
0.568627
0.607843
0.647059
0.666667
0.678431
0.878431
0.996078
0.976471
0.784314
1.000000
0.878431
0.596078
0.592157
0.541176
0.533333
0.576471
0.501961
0.184314
0.235294
0.282353
0.239216
0.427451
0.227451
0.109804
0.380392
0.509804
0.231373
0.309804
0.341176
0.376471
0.494118
0.537255
0.576471
0.639216
0.674510
0.658824
0.662745
0.878431
1.000000
0.976471
0.788235
1.000000
0.866667
0.529412
0.549020
0.541176
0.505882
0.541176
0.525490
0.227451
0.294118
0.250980
0.200000
0.388235
0.384314
0.207843
0.356863
0.501961
0.301961
0.333333
0.368627
0.313725
0.501961
0.635294
0.670588
0.674510
0.713725
0.678431
0.650980
0.870588
1.000000
0.976471
0.796078
1.000000
0.874510
0.505882
0.501961
0.525490
0.545098
0.541176
0.529412
0.219608
0.211765
0.196078
0.168627
0.380392
0.541176
0.396078
0.384314
0.498039
0.517647
0.541176
0.509804
0.364706
0.482353
0.698039
0.733333
0.701961
0.725490
0.709804
0.682353
0.878431
1.000000
0.984314
0.800000
1.000000
0.886275
0.521569
0.513725
0.537255
0.505882
0.498039
0.474510
0.243137
0.203922
0.172549
0.219608
0.450980
0.564706
0.509804
0.435294
0.560784
0.705882
0.745098
0.725490
0.600000
0.521569
0.694118
0.756863
0.741176
0.752941
0.776471
0.760784
0.901961
1.000000
0.984314
0.803922
1.000000
0.890196
0.580392
0.576471
0.600000
0.596078
0.584314
0.576471
0.435294
0.227451
0.145098
0.298039
0.462745
0.443137
0.400000
0.423529
0.639216
0.792157
0.839216
0.854902
0.823529
0.741176
0.713725
0.780392
0.803922
0.792157
0.800000
0.788235
0.909804
1.000000
0.984314
0.803922
1.000000
0.921569
0.721569
0.729412
0.756863
0.772549
0.745098
0.713725
0.631373
0.454902
0.486275
0.615686
0.647059
0.603922
0.607843
0.674510
0.800000
0.854902
0.870588
0.882353
0.886275
0.862745
0.843137
0.847059
0.847059
0.827451
0.815686
0.803922
0.917647
1.000000
0.984314
0.803922
1.000000
0.972549
0.941176
0.945098
0.945098
0.949020
0.941176
0.925490
0.917647
0.925490
0.941176
0.956863
0.952941
0.956863
0.960784
0.960784
0.960784
0.964706
0.964706
0.968627
0.960784
0.952941
0.952941
0.956863
0.956863
0.945098
0.945098
0.949020
0.968627
0.980392
0.988235
0.796078
1.000000
0.980392
0.996078
0.992157
0.984314
0.984314
0.988235
0.984314
0.972549
0.956863
0.968627
0.980392
0.980392
0.972549
0.972549
0.976471
0.980392
0.984314
0.984314
0.984314
0.980392
0.976471
0.980392
0.984314
0.988235
0.980392
0.984314
0.988235
0.976471
0.964706
0.980392
0.803922
1.000000
0.988235
0.992157
0.988235
0.988235
0.988235
0.988235
0.984314
0.984314
0.980392
0.984314
0.988235
0.988235
0.988235
0.984314
0.984314
0.984314
0.984314
0.984314
0.984314
0.984314
0.980392
0.984314
0.988235
0.988235
0.984314
0.984314
0.984314
0.984314
0.984314
0.988235
0.725490
0.898039
0.878431
0.878431
0.874510
0.874510
0.874510
0.866667
0.862745
0.862745
0.862745
0.858824
0.858824
0.854902
0.854902
0.854902
0.854902
0.858824
0.862745
0.866667
0.866667
0.862745
0.858824
0.858824
0.854902
0.854902
0.854902
0.854902
0.854902
0.854902
0.854902
0.850980
0.466667
0.545098
0.525490
0.525490
0.521569
0.513725
0.509804
0.505882
0.501961
0.501961
0.498039
0.498039
0.498039
0.498039
0.498039
0.501961
0.509804
0.513725
0.513725
0.513725
0.505882
0.498039
0.494118
0.494118
0.494118
0.494118
0.498039
0.498039
0.494118
0.490196
0.490196
0.486275
0.772549
0.964706
0.945098
0.952941
0.956863
0.956863
0.949020
0.952941
0.956863
0.956863
0.952941
0.952941
0.952941
0.952941
0.952941
0.956863
0.956863
0.956863
0.960784
0.956863
0.956863
0.952941
0.952941
0.952941
0.952941
0.952941
0.952941
0.956863
0.956863
0.952941
0.956863
0.949020
0.792157
0.988235
0.964706
0.968627
0.972549
0.972549
0.972549
0.976471
0.976471
0.976471
0.972549
0.976471
0.980392
0.976471
0.976471
0.980392
0.980392
0.976471
0.980392
0.980392
0.976471
0.972549
0.972549
0.972549
0.972549
0.976471
0.972549
0.972549
0.972549
0.968627
0.972549
0.960784
0.796078
0.996078
0.972549
0.960784
0.960784
0.960784
0.960784
0.960784
0.964706
0.968627
0.964706
0.964706
0.968627
0.964706
0.964706
0.968627
0.972549
0.968627
0.968627
0.964706
0.964706
0.964706
0.964706
0.960784
0.960784
0.964706
0.964706
0.968627
0.964706
0.972549
0.984314
0.976471
0.796078
1.000000
0.933333
0.819608
0.850980
0.843137
0.843137
0.858824
0.866667
0.866667
0.870588
0.862745
0.878431
0.882353
0.874510
0.862745
0.847059
0.854902
0.890196
0.909804
0.890196
0.854902
0.870588
0.886275
0.890196
0.894118
0.882353
0.850980
0.827451
0.917647
0.988235
0.976471
0.796078
1.000000
0.901961
0.737255
0.800000
0.800000
0.823529
0.843137
0.831373
0.839216
0.847059
0.835294
0.854902
0.870588
0.850980
0.831373
0.823529
0.815686
0.854902
0.878431
0.882353
0.870588
0.874510
0.886275
0.898039
0.898039
0.882353
0.819608
0.768627
0.894118
0.992157
0.968627
0.796078
1.000000
0.909804
0.745098
0.772549
0.819608
0.854902
0.858824
0.854902
0.866667
0.874510
0.866667
0.862745
0.858824
0.843137
0.827451
0.760784
0.682353
0.564706
0.478431
0.584314
0.835294
0.929412
0.901961
0.882353
0.878431
0.890196
0.843137
0.788235
0.898039
0.988235
0.968627
0.796078
1.000000
0.913725
0.764706
0.788235
0.823529
0.843137
0.854902
0.854902
0.847059
0.858824
0.854902
0.835294
0.847059
0.823529
0.647059
0.482353
0.419608
0.329412
0.301961
0.329412
0.482353
0.729412
0.854902
0.854902
0.870588
0.874510
0.819608
0.776471
0.894118
0.988235
0.968627
0.796078
1.000000
0.913725
0.772549
0.800000
0.819608
0.831373
0.847059
0.850980
0.847059
0.847059
0.835294
0.827451
0.807843
0.596078
0.431373
0.364706
0.341176
0.325490
0.321569
0.321569
0.337255
0.396078
0.662745
0.874510
0.901961
0.858824
0.796078
0.768627
0.901961
0.988235
0.972549
0.792157
1.000000
0.913725
0.772549
0.792157
0.815686
0.823529
0.831373
0.847059
0.835294
0.815686
0.807843
0.768627
0.572549
0.407843
0.403922
0.341176
0.298039
0.309804
0.313725
0.309804
0.345098
0.341176
0.388235
0.615686
0.807843
0.847059
0.819608
0.796078
0.909804
0.984314
0.968627
0.792157
1.000000
0.913725
0.760784
0.780392
0.803922
0.815686
0.756863
0.600000
0.568627
0.556863
0.517647
0.466667
0.400000
0.407843
0.380392
0.329412
0.305882
0.337255
0.325490
0.313725
0.337255
0.356863
0.352941
0.364706
0.501961
0.650980
0.584314
0.529412
0.796078
0.996078
0.968627
0.792157
1.000000
0.909804
0.745098
0.772549
0.792157
0.796078
0.717647
0.525490
0.513725
0.537255
0.439216
0.384314
0.458824
0.462745
0.423529
0.388235
0.349020
0.419608
0.392157
0.313725
0.337255
0.356863
0.349020
0.349020
0.352941
0.400000
0.309804
0.215686
0.690196
1.000000
0.968627
0.792157
1.000000
0.909804
0.737255
0.760784
0.780392
0.784314
0.745098
0.411765
0.411765
0.560784
0.345098
0.290196
0.266667
0.227451
0.192157
0.160784
0.133333
0.329412
0.447059
0.333333
0.329412
0.360784
0.356863
0.360784
0.364706
0.376471
0.352941
0.258824
0.705882
1.000000
0.968627
0.788235
1.000000
0.909804
0.737255
0.760784
0.776471
0.788235
0.733333
0.364706
0.250980
0.509804
0.247059
0.152941
0.164706
0.168627
0.172549
0.152941
0.180392
0.227451
0.305882
0.219608
0.215686
0.278431
0.286275
0.286275
0.290196
0.270588
0.258824
0.239216
0.698039
1.000000
0.968627
0.788235
1.000000
0.909804
0.745098
0.768627
0.784314
0.776471
0.639216
0.443137
0.223529
0.227451
0.211765
0.274510
0.278431
0.309804
0.282353
0.286275
0.235294
0.160784
0.121569
0.098039
0.101961
0.200000
0.211765
0.215686
0.239216
0.254902
0.250980
0.282353
0.737255
1.000000
0.968627
0.788235
1.000000
0.909804
0.752941
0.776471
0.792157
0.764706
0.580392
0.360784
0.180392
0.043137
0.125490
0.345098
0.352941
0.364706
0.392157
0.368627
0.172549
0.109804
0.094118
0.066667
0.090196
0.200000
0.219608
0.227451
0.286275
0.321569
0.341176
0.498039
0.847059
0.992157
0.972549
0.788235
1.000000
0.909804
0.752941
0.772549
0.803922
0.705882
0.490196
0.337255
0.168627
0.125490
0.152941
0.294118
0.368627
0.400000
0.313725
0.145098
0.121569
0.121569
0.098039
0.078431
0.129412
0.227451
0.250980
0.305882
0.392157
0.454902
0.552941
0.654902
0.870588
0.992157
0.972549
0.788235
1.000000
0.909804
0.752941
0.772549
0.800000
0.678431
0.450980
0.364706
0.152941
0.188235
0.164706
0.250980
0.388235
0.262745
0.062745
0.043137
0.113725
0.133333
0.109804
0.125490
0.180392
0.270588
0.309804
0.400000
0.486275
0.549020
0.611765
0.654902
0.862745
0.992157
0.972549
0.788235
1.000000
0.909804
0.752941
0.772549
0.792157
0.737255
0.603922
0.509804
0.090196
0.086275
0.074510
0.219608
0.223529
0.200000
0.247059
0.101961
0.109804
0.149020
0.152941
0.180392
0.235294
0.333333
0.388235
0.450980
0.509804
0.552941
0.580392
0.631373
0.866667
0.996078
0.976471
0.788235
1.000000
0.905882
0.749020
0.768627
0.788235
0.800000
0.831373
0.686275
0.133333
0.117647
0.129412
0.086275
0.058824
0.290196
0.431373
0.419608
0.200000
0.141176
0.231373
0.227451
0.278431
0.360784
0.431373
0.474510
0.517647
0.556863
0.592157
0.623529
0.858824
1.000000
0.976471
0.788235
1.000000
0.905882
0.737255
0.756863
0.776471
0.784314
0.811765
0.698039
0.180392
0.192157
0.321569
0.047059
0.117647
0.180392
0.254902
0.552941
0.400000
0.152941
0.254902
0.270588
0.290196
0.360784
0.458824
0.498039
0.517647
0.568627
0.603922
0.627451
0.854902
0.996078
0.972549
0.788235
1.000000
0.901961
0.701961
0.713725
0.705882
0.698039
0.670588
0.596078
0.180392
0.145098
0.325490
0.152941
0.258824
0.168627
0.145098
0.450980
0.478431
0.176471
0.274510
0.301961
0.317647
0.388235
0.450980
0.501961
0.537255
0.576471
0.596078
0.615686
0.850980
0.992157
0.972549
0.788235
1.000000
0.898039
0.670588
0.662745
0.572549
0.513725
0.517647
0.474510
0.156863
0.203922
0.286275
0.258824
0.431373
0.243137
0.125490
0.380392
0.490196
0.203922
0.270588
0.294118
0.321569
0.439216
0.474510
0.505882
0.560784
0.600000
0.588235
0.600000
0.843137
0.992157
0.972549
0.788235
1.000000
0.882353
0.556863
0.525490
0.509804
0.470588
0.486275
0.478431
0.180392
0.258824
0.254902
0.223529
0.392157
0.396078
0.215686
0.352941
0.470588
0.262745
0.282353
0.309804
0.254902
0.439216
0.568627
0.592157
0.588235
0.631373
0.600000
0.584314
0.839216
0.996078
0.972549
0.788235
1.000000
0.874510
0.478431
0.443137
0.466667
0.486275
0.482353
0.474510
0.184314
0.200000
0.203922
0.172549
0.368627
0.529412
0.384314
0.368627
0.454902
0.458824
0.478431
0.447059
0.298039
0.407843
0.619608
0.647059
0.611765
0.639216
0.627451
0.607843
0.847059
0.992157
0.968627
0.788235
1.000000
0.874510
0.478431
0.447059
0.470588
0.439216
0.431373
0.415686
0.203922
0.196078
0.168627
0.211765
0.427451
0.537255
0.482353
0.411765
0.505882
0.635294
0.674510
0.654902
0.529412
0.454902
0.619608
0.674510
0.654902
0.670588
0.690196
0.686275
0.866667
0.984314
0.968627
0.792157
1.000000
0.882353
0.541176
0.509804
0.537255
0.529412
0.521569
0.517647
0.400000
0.211765
0.129412
0.274510
0.435294
0.411765
0.372549
0.392157
0.576471
0.713725
0.760784
0.772549
0.752941
0.682353
0.650980
0.705882
0.725490
0.717647
0.729412
0.713725
0.866667
0.980392
0.968627
0.788235
1.000000
0.909804
0.690196
0.686275
0.713725
0.729412
0.698039
0.670588
0.607843
0.450980
0.470588
0.588235
0.623529
0.576471
0.580392
0.647059
0.749020
0.792157
0.807843
0.819608
0.827451
0.823529
0.796078
0.792157
0.788235
0.780392
0.768627
0.749020
0.886275
0.984314
0.968627
0.788235
1.000000
0.964706
0.925490
0.929412
0.933333
0.933333
0.925490
0.913725
0.917647
0.937255
0.937255
0.937255
0.941176
0.941176
0.949020
0.949020
0.941176
0.937255
0.941176
0.941176
0.941176
0.945098
0.937255
0.933333
0.929412
0.933333
0.929412
0.925490
0.960784
0.988235
0.972549
0.784314
1.000000
0.972549
0.984314
0.988235
0.980392
0.980392
0.988235
0.984314
0.988235
0.980392
0.976471
0.976471
0.980392
0.972549
0.972549
0.976471
0.984314
0.988235
0.988235
0.988235
0.988235
0.992157
0.992157
0.984314
0.980392
0.988235
0.988235
0.980392
0.984314
0.984314
0.968627
0.788235
1.000000
0.972549
0.976471
0.980392
0.976471
0.980392
0.980392
0.984314
0.988235
0.984314
0.984314
0.984314
0.984314
0.984314
0.984314
0.980392
0.984314
0.984314
0.984314
0.988235
0.988235
0.988235
0.988235
0.988235
0.984314
0.984314
0.984314
0.980392
0.984314
0.988235
0.976471
0.705882
0.878431
0.858824
0.858824
0.854902
0.858824
0.858824
0.854902
0.854902
0.858824
0.854902
0.858824
0.854902
0.850980
0.850980
0.850980
0.850980
0.854902
0.858824
0.862745
0.862745
0.858824
0.858824
0.858824
0.854902
0.854902
0.854902
0.850980
0.850980
0.850980
0.847059
0.835294
0.439216
0.521569
0.509804
0.509804
0.498039
0.490196
0.482353
0.482353
0.486275
0.486275
0.486275
0.482353
0.482353
0.482353
0.482353
0.486275
0.494118
0.494118
0.494118
0.494118
0.486275
0.486275
0.494118
0.494118
0.494118
0.490196
0.486275
0.486275
0.482353
0.478431
0.478431
0.474510
0.749020
0.949020
0.933333
0.937255
0.929412
0.929412
0.925490
0.925490
0.929412
0.929412
0.929412
0.929412
0.929412
0.929412
0.929412
0.929412
0.933333
0.937255
0.941176
0.941176
0.937255
0.941176
0.949020
0.949020
0.949020
0.949020
0.937255
0.933333
0.933333
0.929412
0.933333
0.937255
0.772549
0.976471
0.956863
0.960784
0.952941
0.952941
0.952941
0.956863
0.949020
0.949020
0.945098
0.952941
0.952941
0.952941
0.949020
0.952941
0.952941
0.960784
0.972549
0.968627
0.964706
0.964706
0.964706
0.964706
0.964706
0.968627
0.956863
0.952941
0.949020
0.945098
0.952941
0.949020
0.784314
0.988235
0.972549
0.964706
0.960784
0.960784
0.964706
0.960784
0.956863
0.956863
0.952941
0.952941
0.956863
0.956863
0.956863
0.960784
0.960784
0.960784
0.964706
0.960784
0.960784
0.960784
0.956863
0.952941
0.952941
0.956863
0.960784
0.960784
0.956863
0.964706
0.976471
0.964706
0.784314
0.996078
0.937255
0.839216
0.882353
0.870588
0.870588
0.882353
0.882353
0.878431
0.882353
0.874510
0.886275
0.894118
0.886275
0.874510
0.862745
0.862745
0.894118
0.909804
0.886275
0.854902
0.862745
0.878431
0.882353
0.882353
0.882353
0.862745
0.843137
0.929412
0.996078
0.964706
0.784314
0.984314
0.901961
0.792157
0.866667
0.843137
0.858824
0.886275
0.878431
0.882353
0.890196
0.882353
0.894118
0.898039
0.905882
0.898039
0.882353
0.870588
0.878431
0.866667
0.874510
0.878431
0.870588
0.898039
0.901961
0.878431
0.866667
0.843137
0.823529
0.925490
0.988235
0.956863
0.784314
0.972549
0.909804
0.823529
0.862745
0.874510
0.898039
0.905882
0.909804
0.921569
0.929412
0.921569
0.913725
0.913725
0.917647
0.898039
0.800000
0.701961
0.537255
0.403922
0.525490
0.815686
0.925490
0.921569
0.905882
0.874510
0.882353
0.890196
0.870588
0.933333
0.972549
0.956863
0.784314
0.972549
0.913725
0.843137
0.882353
0.890196
0.894118
0.905882
0.909804
0.905882
0.917647
0.913725
0.898039
0.921569
0.874510
0.650980
0.435294
0.337255
0.211765
0.164706
0.215686
0.415686
0.709804
0.862745
0.886275
0.898039
0.917647
0.901961
0.862745
0.925490
0.972549
0.956863
0.784314
0.972549
0.913725
0.850980
0.901961
0.905882
0.901961
0.901961
0.917647
0.925490
0.921569
0.909804
0.898039
0.866667
0.600000
0.364706
0.250980
0.219608
0.196078
0.188235
0.211765
0.258824
0.352941
0.639216
0.882353
0.933333
0.929412
0.882353
0.839216
0.921569
0.972549
0.956863
0.784314
0.976471
0.913725
0.850980
0.894118
0.909804
0.901961
0.886275
0.890196
0.882353
0.862745
0.854902
0.803922
0.564706
0.345098
0.294118
0.211765
0.192157
0.215686
0.215686
0.219608
0.258824
0.254902
0.309804
0.568627
0.803922
0.890196
0.878431
0.839216
0.917647
0.972549
0.956863
0.780392
0.976471
0.913725
0.835294
0.878431
0.901961
0.898039
0.796078
0.588235
0.533333
0.525490
0.490196
0.419608
0.309804
0.282353
0.247059
0.223529
0.215686
0.243137
0.223529
0.192157
0.207843
0.231373
0.223529
0.254902
0.443137
0.650980
0.600000
0.533333
0.796078
0.992157
0.956863
0.780392
0.980392
0.917647
0.835294
0.886275
0.905882
0.890196
0.772549
0.501961
0.447059
0.470588
0.376471
0.305882
0.345098
0.341176
0.317647
0.317647
0.298039
0.349020
0.294118
0.188235
0.200000
0.231373
0.219608
0.231373
0.266667
0.337255
0.266667
0.192157
0.674510
1.000000
0.952941
0.780392
0.984314
0.925490
0.843137
0.894118
0.905882
0.894118
0.815686
0.419608
0.372549
0.509804
0.298039
0.247059
0.207843
0.176471
0.152941
0.133333
0.121569
0.294118
0.372549
0.243137
0.235294
0.254902
0.254902
0.266667
0.278431
0.270588
0.262745
0.215686
0.674510
0.984314
0.949020
0.776471
0.984314
0.925490
0.843137
0.890196
0.901961
0.886275
0.796078
0.392157
0.243137
0.474510
0.203922
0.125490
0.172549
0.172549
0.168627
0.141176
0.152941
0.176471
0.231373
0.152941
0.156863
0.200000
0.207843
0.211765
0.211765
0.168627
0.176471
0.200000
0.674510
0.984314
0.952941
0.772549
0.980392
0.925490
0.847059
0.898039
0.901961
0.862745
0.686275
0.482353
0.239216
0.207843
0.172549
0.247059
0.282353
0.301961
0.258824
0.243137
0.188235
0.098039
0.050980
0.050980
0.070588
0.141176
0.145098
0.145098
0.164706
0.156863
0.176471
0.250980
0.717647
0.988235
0.952941
0.776471
0.980392
0.925490
0.854902
0.901961
0.901961
0.835294
0.611765
0.396078
0.192157
0.027451
0.098039
0.309804
0.313725
0.313725
0.329412
0.298039
0.117647
0.050980
0.031373
0.027451
0.062745
0.152941
0.160784
0.152941
0.203922
0.227451
0.278431
0.474510
0.835294
0.976471
0.956863
0.776471
0.984314
0.925490
0.854902
0.898039
0.905882
0.764706
0.509804
0.349020
0.160784
0.098039
0.125490
0.258824
0.313725
0.349020
0.270588
0.109804
0.094118
0.082353
0.039216
0.031373
0.090196
0.180392
0.188235
0.223529
0.294118
0.360784
0.494118
0.635294
0.870588
0.980392
0.956863
0.776471
0.984314
0.925490
0.854902
0.898039
0.913725
0.749020
0.470588
0.372549
0.145098
0.160784
0.145098
0.227451
0.345098
0.239216
0.054902
0.039216
0.101961
0.101961
0.058824
0.074510
0.129412
0.207843
0.235294
0.309804
0.380392
0.458824
0.541176
0.611765
0.847059
0.984314
0.960784
0.776471
0.984314
0.933333
0.847059
0.874510
0.905882
0.835294
0.658824
0.545098
0.101961
0.070588
0.066667
0.203922
0.188235
0.188235
0.247059
0.094118
0.086275
0.113725
0.105882
0.129412
0.176471
0.250980
0.298039
0.352941
0.407843
0.462745
0.490196
0.541176
0.815686
0.984314
0.960784
0.776471
0.996078
0.945098
0.847059
0.847059
0.890196
0.913725
0.933333
0.745098
0.156863
0.113725
0.117647
0.074510
0.043137
0.282353
0.415686
0.388235
0.156863
0.098039
0.180392
0.172549
0.211765
0.270588
0.337255
0.368627
0.411765
0.458824
0.486275
0.513725
0.800000
0.988235
0.960784
0.776471
1.000000
0.949020
0.866667
0.898039
0.909804
0.905882
0.913725
0.752941
0.207843
0.196078
0.305882
0.035294
0.109804
0.172549
0.227451
0.498039
0.345098
0.101961
0.196078
0.207843
0.211765
0.258824
0.352941
0.384314
0.396078
0.450980
0.474510
0.505882
0.788235
0.984314
0.960784
0.776471
0.992157
0.929412
0.847059
0.909804
0.843137
0.772549
0.705882
0.603922
0.184314
0.149020
0.301961
0.121569
0.231373
0.149020
0.113725
0.392157
0.415686
0.113725
0.207843
0.227451
0.231373
0.274510
0.325490
0.372549
0.400000
0.435294
0.443137
0.482353
0.780392
0.976471
0.960784
0.776471
0.972549
0.890196
0.756863
0.772549
0.596078
0.474510
0.454902
0.411765
0.133333
0.196078
0.258824
0.200000
0.376471
0.211765
0.094118
0.337255
0.427451
0.133333
0.196078
0.211765
0.223529
0.309804
0.341176
0.368627
0.415686
0.439216
0.415686
0.450980
0.772549
0.980392
0.960784
0.772549
0.968627
0.850980
0.549020
0.478431
0.411765
0.337255
0.360784
0.376471
0.141176
0.247059
0.231373
0.160784
0.317647
0.352941
0.184314
0.309804
0.403922
0.176471
0.196078
0.219608
0.152941
0.313725
0.435294
0.450980
0.435294
0.466667
0.419608
0.427451
0.756863
0.980392
0.956863
0.772549
0.988235
0.839216
0.411765
0.321569
0.337255
0.349020
0.349020
0.352941
0.133333
0.192157
0.188235
0.121569
0.294118
0.474510
0.337255
0.301961
0.345098
0.329412
0.349020
0.317647
0.172549
0.278431
0.474510
0.482353
0.431373
0.466667
0.447059
0.447059
0.752941
0.968627
0.956863
0.776471
0.996078
0.843137
0.400000
0.309804
0.333333
0.301961
0.294118
0.294118
0.137255
0.172549
0.149020
0.152941
0.337255
0.466667
0.411765
0.317647
0.345098
0.447059
0.490196
0.466667
0.345098
0.282353
0.435294
0.470588
0.439216
0.478431
0.513725
0.533333
0.784314
0.968627
0.956863
0.776471
0.996078
0.850980
0.462745
0.376471
0.403922
0.396078
0.388235
0.407843
0.325490
0.172549
0.098039
0.207843
0.333333
0.329412
0.286275
0.286275
0.411765
0.525490
0.572549
0.584314
0.568627
0.517647
0.474510
0.517647
0.529412
0.537255
0.564706
0.588235
0.807843
0.972549
0.956863
0.776471
0.992157
0.878431
0.623529
0.584314
0.611765
0.627451
0.600000
0.588235
0.545098
0.403922
0.439216
0.533333
0.533333
0.509804
0.513725
0.556863
0.643137
0.682353
0.698039
0.705882
0.721569
0.729412
0.701961
0.694118
0.686275
0.662745
0.654902
0.670588
0.850980
0.976471
0.956863
0.776471
0.984314
0.929412
0.874510
0.878431
0.882353
0.882353
0.874510
0.866667
0.870588
0.894118
0.909804
0.905882
0.890196
0.909804
0.913725
0.898039
0.894118
0.898039
0.901961
0.901961
0.901961
0.905882
0.905882
0.905882
0.901961
0.882353
0.882353
0.898039
0.941176
0.972549
0.960784
0.772549
0.980392
0.937255
0.952941
0.976471
0.968627
0.972549
0.976471
0.968627
0.956863
0.949020
0.956863
0.960784
0.960784
0.968627
0.972549
0.956863
0.960784
0.968627
0.972549
0.968627
0.964706
0.964706
0.964706
0.968627
0.972549
0.980392
0.988235
0.984314
0.972549
0.960784
0.956863
0.772549
0.984314
0.952941
0.956863
0.968627
0.968627
0.972549
0.972549
0.968627
0.968627
0.964706
0.968627
0.972549
0.972549
0.976471
0.976471
0.968627
0.968627
0.968627
0.968627
0.968627
0.968627
0.956863
0.956863
0.960784
0.960784
0.968627
0.976471
0.972549
0.968627
0.968627
0.964706
0.686275
0.858824
0.839216
0.843137
0.843137
0.843137
0.843137
0.839216
0.839216
0.839216
0.839216
0.839216
0.839216
0.835294
0.835294
0.835294
0.835294
0.835294
0.839216
0.843137
0.843137
0.835294
0.827451
0.827451
0.823529
0.823529
0.831373
0.835294
0.835294
0.835294
0.835294
0.823529
