0.631373
0.576471
0.552941
0.419608
0.364706
0.521569
0.482353
0.454902
0.450980
0.525490
0.501961
0.654902
0.760784
0.650980
0.533333
0.564706
0.643137
0.619608
0.639216
0.600000
0.588235
0.541176
0.525490
0.615686
0.549020
0.525490
0.509804
0.525490
0.592157
0.592157
0.513725
0.470588
0.588235
0.592157
0.619608
0.431373
0.450980
0.552941
0.537255
0.443137
0.474510
0.592157
0.509804
0.545098
0.737255
0.717647
0.537255
0.631373
0.631373
0.600000
0.603922
0.525490
0.529412
0.490196
0.580392
0.631373
0.596078
0.549020
0.513725
0.486275
0.592157
0.592157
0.439216
0.431373
0.513725
0.552941
0.654902
0.474510
0.447059
0.447059
0.615686
0.521569
0.482353
0.490196
0.537255
0.447059
0.635294
0.752941
0.631373
0.654902
0.647059
0.631373
0.623529
0.603922
0.556863
0.482353
0.588235
0.596078
0.650980
0.615686
0.537255
0.564706
0.521569
0.486275
0.443137
0.513725
0.509804
0.768627
0.603922
0.580392
0.482353
0.317647
0.533333
0.564706
0.474510
0.478431
0.490196
0.513725
0.572549
0.658824
0.631373
0.662745
0.682353
0.611765
0.568627
0.600000
0.529412
0.466667
0.623529
0.615686
0.650980
0.619608
0.643137
0.607843
0.513725
0.521569
0.486275
0.580392
0.592157
0.803922
0.647059
0.654902
0.549020
0.380392
0.552941
0.549020
0.443137
0.517647
0.517647
0.533333
0.517647
0.529412
0.686275
0.698039
0.576471
0.603922
0.603922
0.588235
0.482353
0.486275
0.552941
0.549020
0.560784
0.619608
0.662745
0.631373
0.592157
0.549020
0.584314
0.639216
0.607843
0.666667
0.627451
0.560784
0.537255
0.454902
0.560784
0.580392
0.537255
0.580392
0.529412
0.509804
0.525490
0.505882
0.654902
0.580392
0.458824
0.568627
0.603922
0.596078
0.596078
0.564706
0.517647
0.509804
0.525490
0.576471
0.650980
0.639216
0.631373
0.572549
0.627451
0.658824
0.611765
0.627451
0.545098
0.494118
0.533333
0.325490
0.384314
0.486275
0.552941
0.564706
0.521569
0.596078
0.592157
0.556863
0.568627
0.494118
0.490196
0.513725
0.576471
0.556863
0.545098
0.505882
0.517647
0.509804
0.517647
0.494118
0.533333
0.545098
0.596078
0.513725
0.600000
0.498039
0.607843
0.650980
0.403922
0.470588
0.596078
0.474510
0.415686
0.447059
0.490196
0.419608
0.521569
0.694118
0.600000
0.564706
0.517647
0.431373
0.388235
0.474510
0.537255
0.466667
0.400000
0.427451
0.486275
0.501961
0.568627
0.486275
0.454902
0.529412
0.549020
0.458824
0.584314
0.549020
0.537255
0.603922
0.364706
0.490196
0.619608
0.552941
0.482353
0.474510
0.533333
0.450980
0.533333
0.627451
0.592157
0.603922
0.552941
0.458824
0.400000
0.517647
0.568627
0.533333
0.525490
0.584314
0.584314
0.600000
0.635294
0.568627
0.592157
0.592157
0.600000
0.529412
0.505882
0.533333
0.505882
0.529412
0.552941
0.603922
0.572549
0.521569
0.592157
0.439216
0.482353
0.549020
0.545098
0.580392
0.619608
0.650980
0.584314
0.525490
0.560784
0.529412
0.576471
0.560784
0.592157
0.627451
0.615686
0.607843
0.647059
0.580392
0.525490
0.419608
0.549020
0.615686
0.470588
0.450980
0.509804
0.419608
0.545098
0.537255
0.513725
0.564706
0.545098
0.411765
0.360784
0.470588
0.560784
0.529412
0.607843
0.627451
0.541176
0.560784
0.560784
0.541176
0.576471
0.560784
0.596078
0.588235
0.521569
0.541176
0.584314
0.600000
0.509804
0.403922
0.443137
0.525490
0.537255
0.556863
0.521569
0.345098
0.482353
0.427451
0.345098
0.513725
0.466667
0.364706
0.258824
0.290196
0.462745
0.611765
0.603922
0.576471
0.470588
0.533333
0.560784
0.607843
0.588235
0.521569
0.588235
0.505882
0.352941
0.376471
0.490196
0.682353
0.588235
0.474510
0.439216
0.486275
0.552941
0.596078
0.505882
0.462745
0.427451
0.329412
0.282353
0.427451
0.376471
0.266667
0.270588
0.270588
0.305882
0.478431
0.600000
0.619608
0.545098
0.580392
0.576471
0.588235
0.494118
0.368627
0.454902
0.474510
0.223529
0.203922
0.474510
0.650980
0.560784
0.474510
0.415686
0.474510
0.537255
0.513725
0.462745
0.560784
0.462745
0.321569
0.345098
0.341176
0.313725
0.286275
0.274510
0.337255
0.372549
0.384314
0.423529
0.450980
0.517647
0.545098
0.572549
0.568627
0.450980
0.458824
0.525490
0.588235
0.337255
0.349020
0.623529
0.701961
0.623529
0.517647
0.474510
0.474510
0.525490
0.490196
0.521569
0.568627
0.533333
0.227451
0.243137
0.321569
0.298039
0.231373
0.282353
0.325490
0.368627
0.392157
0.356863
0.274510
0.368627
0.545098
0.564706
0.580392
0.494118
0.466667
0.572549
0.650980
0.541176
0.639216
0.713725
0.654902
0.556863
0.447059
0.490196
0.517647
0.505882
0.549020
0.501961
0.490196
0.596078
0.219608
0.196078
0.227451
0.223529
0.274510
0.333333
0.301961
0.376471
0.368627
0.407843
0.411765
0.364706
0.415686
0.549020
0.596078
0.596078
0.533333
0.631373
0.682353
0.658824
0.654902
0.596078
0.541176
0.603922
0.666667
0.545098
0.509804
0.509804
0.505882
0.431373
0.419608
0.529412
0.247059
0.239216
0.223529
0.227451
0.266667
0.301961
0.368627
0.427451
0.396078
0.403922
0.450980
0.439216
0.329412
0.458824
0.564706
0.596078
0.572549
0.576471
0.564706
0.529412
0.494118
0.388235
0.313725
0.509804
0.725490
0.662745
0.521569
0.541176
0.560784
0.392157
0.341176
0.388235
0.305882
0.305882
0.384314
0.356863
0.341176
0.368627
0.458824
0.447059
0.396078
0.392157
0.400000
0.439216
0.368627
0.364706
0.415686
0.415686
0.537255
0.572549
0.443137
0.364706
0.392157
0.250980
0.137255
0.403922
0.670588
0.733333
0.627451
0.509804
0.509804
0.407843
0.254902
0.427451
0.466667
0.278431
0.427451
0.462745
0.317647
0.470588
0.458824
0.494118
0.419608
0.396078
0.321569
0.349020
0.309804
0.305882
0.356863
0.341176
0.454902
0.415686
0.243137
0.301961
0.396078
0.403922
0.270588
0.403922
0.686275
0.650980
0.419608
0.462745
0.560784
0.380392
0.270588
0.431373
0.490196
0.305882
0.403922
0.501961
0.388235
0.458824
0.505882
0.556863
0.494118
0.435294
0.400000
0.305882
0.313725
0.443137
0.458824
0.419608
0.466667
0.290196
0.184314
0.294118
0.435294
0.525490
0.427451
0.427451
0.552941
0.513725
0.494118
0.498039
0.552941
0.403922
0.298039
0.301961
0.411765
0.356863
0.372549
0.462745
0.466667
0.443137
0.549020
0.560784
0.533333
0.482353
0.474510
0.435294
0.494118
0.588235
0.505882
0.466667
0.388235
0.164706
0.164706
0.250980
0.419608
0.486275
0.545098
0.513725
0.454902
0.498039
0.572549
0.588235
0.588235
0.427451
0.254902
0.254902
0.470588
0.498039
0.376471
0.494118
0.498039
0.439216
0.450980
0.501961
0.517647
0.482353
0.443137
0.482353
0.643137
0.584314
0.447059
0.360784
0.294118
0.223529
0.145098
0.176471
0.349020
0.435294
0.494118
0.486275
0.494118
0.490196
0.466667
0.533333
0.619608
0.462745
0.254902
0.298039
0.450980
0.482353
0.286275
0.419608
0.486275
0.501961
0.301961
0.345098
0.352941
0.392157
0.400000
0.490196
0.658824
0.556863
0.341176
0.156863
0.192157
0.352941
0.352941
0.203922
0.278431
0.435294
0.505882
0.537255
0.501961
0.474510
0.478431
0.505882
0.552941
0.478431
0.192157
0.219608
0.309804
0.403922
0.294118
0.423529
0.541176
0.545098
0.380392
0.298039
0.200000
0.113725
0.231373
0.533333
0.603922
0.568627
0.321569
0.098039
0.125490
0.223529
0.400000
0.325490
0.454902
0.482353
0.466667
0.572549
0.654902
0.650980
0.541176
0.552941
0.592157
0.454902
0.215686
0.133333
0.149020
0.435294
0.454902
0.505882
0.631373
0.556863
0.509804
0.400000
0.360784
0.184314
0.141176
0.392157
0.537255
0.498039
0.447059
0.243137
0.243137
0.262745
0.258824
0.262745
0.431373
0.580392
0.584314
0.603922
0.682353
0.674510
0.650980
0.537255
0.564706
0.403922
0.278431
0.129412
0.196078
0.352941
0.376471
0.466667
0.490196
0.517647
0.513725
0.447059
0.447059
0.286275
0.160784
0.211765
0.337255
0.466667
0.545098
0.431373
0.305882
0.282353
0.380392
0.305882
0.313725
0.494118
0.615686
0.662745
0.619608
0.556863
0.631373
0.603922
0.596078
0.262745
0.313725
0.203922
0.231373
0.227451
0.290196
0.505882
0.470588
0.486275
0.513725
0.537255
0.435294
0.388235
0.286275
0.243137
0.203922
0.364706
0.458824
0.478431
0.419608
0.447059
0.458824
0.352941
0.396078
0.505882
0.568627
0.631373
0.674510
0.596078
0.580392
0.627451
0.643137
0.450980
0.282353
0.239216
0.219608
0.239216
0.274510
0.388235
0.384314
0.423529
0.501961
0.572549
0.501961
0.466667
0.360784
0.298039
0.109804
0.156863
0.309804
0.400000
0.545098
0.533333
0.364706
0.439216
0.447059
0.568627
0.584314
0.576471
0.615686
0.584314
0.537255
0.603922
0.615686
0.556863
0.486275
0.305882
0.254902
0.254902
0.223529
0.270588
0.298039
0.364706
0.482353
0.415686
0.470588
0.545098
0.419608
0.396078
0.247059
0.192157
0.262745
0.298039
0.392157
0.458824
0.411765
0.462745
0.443137
0.486275
0.435294
0.572549
0.584314
0.556863
0.447059
0.525490
0.615686
0.537255
0.568627
0.447059
0.290196
0.235294
0.176471
0.203922
0.278431
0.447059
0.439216
0.309804
0.411765
0.564706
0.490196
0.482353
0.450980
0.419608
0.400000
0.407843
0.431373
0.458824
0.466667
0.380392
0.501961
0.533333
0.325490
0.454902
0.580392
0.490196
0.529412
0.490196
0.603922
0.470588
0.450980
0.521569
0.415686
0.349020
0.203922
0.172549
0.325490
0.419608
0.443137
0.431373
0.482353
0.498039
0.501961
0.513725
0.490196
0.486275
0.549020
0.466667
0.427451
0.482353
0.525490
0.603922
0.603922
0.576471
0.498039
0.443137
0.552941
0.450980
0.470588
0.490196
0.533333
0.317647
0.407843
0.415686
0.384314
0.341176
0.384314
0.360784
0.396078
0.368627
0.380392
0.505882
0.592157
0.513725
0.494118
0.521569
0.450980
0.400000
0.533333
0.545098
0.439216
0.466667
0.396078
0.584314
0.729412
0.533333
0.549020
0.572549
0.560784
0.474510
0.423529
0.521569
0.541176
0.588235
0.552941
0.533333
0.396078
0.317647
0.454902
0.419608
0.396078
0.388235
0.466667
0.447059
0.603922
0.705882
0.584314
0.462745
0.505882
0.580392
0.552941
0.572549
0.537255
0.533333
0.486275
0.486275
0.576471
0.498039
0.466667
0.450980
0.462745
0.529412
0.537255
0.458824
0.407843
0.545098
0.556863
0.596078
0.403922
0.407843
0.494118
0.478431
0.384314
0.415686
0.533333
0.450980
0.494118
0.682353
0.650980
0.466667
0.576471
0.568627
0.533333
0.541176
0.462745
0.474510
0.443137
0.556863
0.607843
0.552941
0.494118
0.454902
0.427451
0.529412
0.537255
0.388235
0.372549
0.470588
0.513725
0.623529
0.447059
0.407843
0.403922
0.560784
0.466667
0.431373
0.435294
0.478431
0.388235
0.576471
0.690196
0.564706
0.600000
0.592157
0.572549
0.560784
0.537255
0.498039
0.431373
0.560784
0.572549
0.607843
0.556863
0.474510
0.501961
0.458824
0.431373
0.392157
0.454902
0.474510
0.725490
0.568627
0.549020
0.447059
0.282353
0.486275
0.509804
0.427451
0.423529
0.431373
0.447059
0.513725
0.592157
0.564706
0.607843
0.631373
0.560784
0.509804
0.529412
0.462745
0.407843
0.584314
0.576471
0.600000
0.552941
0.580392
0.549020
0.454902
0.470588
0.435294
0.517647
0.568627
0.760784
0.607843
0.623529
0.513725
0.345098
0.509804
0.498039
0.400000
0.466667
0.454902
0.466667
0.458824
0.466667
0.623529
0.643137
0.525490
0.549020
0.549020
0.525490
0.415686
0.419608
0.498039
0.490196
0.494118
0.552941
0.600000
0.572549
0.533333
0.498039
0.529412
0.576471
0.615686
0.639216
0.564706
0.513725
0.494118
0.407843
0.517647
0.537255
0.490196
0.533333
0.474510
0.450980
0.466667
0.447059
0.596078
0.525490
0.411765
0.525490
0.552941
0.533333
0.525490
0.494118
0.454902
0.450980
0.462745
0.513725
0.588235
0.576471
0.564706
0.517647
0.576471
0.600000
0.631373
0.611765
0.474510
0.443137
0.486275
0.282353
0.345098
0.447059
0.505882
0.513725
0.462745
0.537255
0.533333
0.498039
0.509804
0.435294
0.439216
0.470588
0.529412
0.501961
0.482353
0.447059
0.466667
0.466667
0.474510
0.450980
0.478431
0.482353
0.533333
0.458824
0.549020
0.439216
0.631373
0.639216
0.349020
0.423529
0.552941
0.435294
0.380392
0.403922
0.443137
0.368627
0.462745
0.635294
0.545098
0.505882
0.454902
0.368627
0.333333
0.427451
0.490196
0.415686
0.352941
0.392157
0.454902
0.478431
0.541176
0.462745
0.411765
0.466667
0.490196
0.411765
0.533333
0.490196
0.560784
0.603922
0.321569
0.450980
0.576471
0.517647
0.447059
0.439216
0.486275
0.403922
0.478431
0.572549
0.537255
0.545098
0.490196
0.396078
0.341176
0.466667
0.521569
0.486275
0.482353
0.552941
0.564706
0.584314
0.619608
0.552941
0.560784
0.537255
0.541176
0.478431
0.454902
0.478431
0.533333
0.541176
0.521569
0.572549
0.533333
0.482353
0.560784
0.411765
0.443137
0.505882
0.494118
0.529412
0.564706
0.592157
0.525490
0.470588
0.505882
0.474510
0.533333
0.517647
0.549020
0.596078
0.592157
0.584314
0.623529
0.572549
0.501961
0.372549
0.486275
0.560784
0.423529
0.400000
0.541176
0.427451
0.505882
0.505882
0.478431
0.525490
0.509804
0.376471
0.321569
0.423529
0.509804
0.474510
0.552941
0.572549
0.486275
0.513725
0.513725
0.494118
0.529412
0.521569
0.556863
0.552941
0.494118
0.517647
0.564706
0.580392
0.486275
0.364706
0.388235
0.466667
0.486275
0.513725
0.556863
0.349020
0.423529
0.388235
0.317647
0.474510
0.415686
0.309804
0.207843
0.239216
0.411765
0.552941
0.549020
0.521569
0.419608
0.490196
0.525490
0.568627
0.537255
0.482353
0.564706
0.482353
0.329412
0.364706
0.482353
0.658824
0.560784
0.447059
0.396078
0.427451
0.494118
0.549020
0.533333
0.458824
0.372549
0.286275
0.247059
0.380392
0.317647
0.207843
0.219608
0.219608
0.254902
0.419608
0.545098
0.564706
0.490196
0.529412
0.541176
0.556863
0.450980
0.337255
0.443137
0.470588
0.223529
0.207843
0.486275
0.650980
0.556863
0.458824
0.376471
0.415686
0.474510
0.458824
0.478431
0.556863
0.411765
0.278431
0.305882
0.294118
0.258824
0.227451
0.223529
0.286275
0.321569
0.329412
0.368627
0.396078
0.458824
0.486275
0.529412
0.537255
0.423529
0.435294
0.517647
0.600000
0.352941
0.364706
0.643137
0.717647
0.627451
0.501961
0.435294
0.419608
0.466667
0.427451
0.521569
0.560784
0.490196
0.184314
0.207843
0.286275
0.254902
0.180392
0.227451
0.274510
0.313725
0.341176
0.305882
0.219608
0.305882
0.474510
0.509804
0.549020
0.478431
0.454902
0.568627
0.670588
0.560784
0.650980
0.721569
0.662745
0.552941
0.423529
0.443137
0.466667
0.450980
0.486275
0.490196
0.478431
0.552941
0.184314
0.168627
0.203922
0.196078
0.235294
0.274510
0.247059
0.321569
0.313725
0.360784
0.356863
0.298039
0.341176
0.482353
0.560784
0.584314
0.533333
0.635294
0.701961
0.678431
0.662745
0.588235
0.521569
0.572549
0.623529
0.498039
0.462745
0.462745
0.450980
0.400000
0.396078
0.490196
0.219608
0.219608
0.207843
0.211765
0.243137
0.262745
0.325490
0.380392
0.345098
0.349020
0.396078
0.380392
0.266667
0.411765
0.541176
0.584314
0.560784
0.568627
0.564706
0.525490
0.478431
0.360784
0.270588
0.462745
0.682353
0.615686
0.470588
0.486275
0.498039
0.341176
0.305882
0.356863
0.282353
0.294118
0.372549
0.341176
0.333333
0.356863
0.435294
0.411765
0.352941
0.341176
0.345098
0.384314
0.313725
0.341176
0.407843
0.400000
0.509804
0.545098
0.415686
0.329412
0.349020
0.200000
0.090196
0.356863
0.627451
0.686275
0.564706
0.447059
0.450980
0.364706
0.223529
0.396078
0.439216
0.262745
0.411765
0.439216
0.305882
0.470588
0.450980
0.474510
0.392157
0.356863
0.282353
0.305882
0.262745
0.274510
0.337255
0.317647
0.427451
0.384314
0.200000
0.250980
0.345098
0.345098
0.219608
0.360784
0.643137
0.600000
0.364706
0.411765
0.509804
0.345098
0.243137
0.403922
0.462745
0.282353
0.380392
0.474510
0.376471
0.466667
0.505882
0.549020
0.482353
0.403922
0.364706
0.270588
0.270588
0.411765
0.431373
0.392157
0.439216
0.258824
0.133333
0.239216
0.376471
0.462745
0.376471
0.388235
0.505882
0.466667
0.443137
0.450980
0.505882
0.376471
0.270588
0.274510
0.380392
0.333333
0.345098
0.431373
0.447059
0.439216
0.549020
0.560784
0.529412
0.458824
0.447059
0.407843
0.462745
0.556863
0.478431
0.435294
0.356863
0.133333
0.117647
0.200000
0.364706
0.431373
0.498039
0.466667
0.407843
0.450980
0.521569
0.533333
0.533333
0.407843
0.231373
0.223529
0.435294
0.470588
0.349020
0.462745
0.474510
0.423529
0.443137
0.501961
0.517647
0.462745
0.419608
0.462745
0.611765
0.556863
0.415686
0.325490
0.262745
0.192157
0.109804
0.137255
0.305882
0.388235
0.447059
0.439216
0.447059
0.443137
0.415686
0.470588
0.556863
0.435294
0.239216
0.274510
0.423529
0.458824
0.262745
0.396078
0.458824
0.458824
0.282353
0.352941
0.360784
0.384314
0.376471
0.462745
0.635294
0.537255
0.313725
0.117647
0.160784
0.325490
0.321569
0.160784
0.231373
0.388235
0.454902
0.486275
0.447059
0.423529
0.415686
0.435294
0.490196
0.443137
0.176471
0.200000
0.290196
0.388235
0.278431
0.407843
0.517647
0.494118
0.364706
0.313725
0.215686
0.117647
0.211765
0.501961
0.576471
0.549020
0.294118
0.062745
0.094118
0.192157
0.360784
0.278431
0.403922
0.427451
0.415686
0.513725
0.600000
0.600000
0.470588
0.482353
0.533333
0.419608
0.200000
0.117647
0.129412
0.419608
0.435294
0.486275
0.600000
0.513725
0.494118
0.403922
0.364706
0.180392
0.125490
0.364706
0.501961
0.466667
0.423529
0.215686
0.211765
0.223529
0.219608
0.215686
0.376471
0.525490
0.525490
0.545098
0.623529
0.615686
0.580392
0.466667
0.501961
0.372549
0.270588
0.113725
0.172549
0.329412
0.349020
0.435294
0.454902
0.474510
0.490196
0.435294
0.423529
0.266667
0.141176
0.188235
0.301961
0.427451
0.513725
0.403922
0.270588
0.239216
0.341176
0.262745
0.258824
0.439216
0.552941
0.600000
0.556863
0.494118
0.564706
0.537255
0.533333
0.231373
0.305882
0.192157
0.207843
0.200000
0.262745
0.474510
0.439216
0.450980
0.486275
0.513725
0.384314
0.337255
0.254902
0.223529
0.180392
0.325490
0.419608
0.439216
0.376471
0.403922
0.423529
0.309804
0.345098
0.447059
0.505882
0.568627
0.607843
0.529412
0.517647
0.564706
0.580392
0.415686
0.270588
0.231373
0.196078
0.211765
0.247059
0.360784
0.356863
0.400000
0.478431
0.537255
0.439216
0.400000
0.317647
0.278431
0.094118
0.121569
0.266667
0.356863
0.498039
0.490196
0.333333
0.400000
0.396078
0.509804
0.517647
0.513725
0.545098
0.513725
0.478431
0.549020
0.552941
0.521569
0.466667
0.274510
0.211765
0.219608
0.207843
0.254902
0.270588
0.333333
0.454902
0.372549
0.407843
0.478431
0.368627
0.364706
0.211765
0.152941
0.223529
0.254902
0.345098
0.415686
0.380392
0.423529
0.388235
0.419608
0.384314
0.505882
0.509804
0.486275
0.384314
0.466667
0.552941
0.529412
0.564706
0.419608
0.247059
0.207843
0.164706
0.196078
0.254902
0.411765
0.411765
0.262745
0.349020
0.501961
0.439216
0.435294
0.392157
0.360784
0.345098
0.352941
0.380392
0.411765
0.431373
0.341176
0.443137
0.466667
0.274510
0.392157
0.505882
0.423529
0.470588
0.427451
0.533333
0.474510
0.458824
0.513725
0.388235
0.325490
0.200000
0.164706
0.305882
0.392157
0.423529
0.388235
0.423529
0.435294
0.447059
0.454902
0.411765
0.411765
0.482353
0.396078
0.364706
0.431373
0.482353
0.556863
0.545098
0.513725
0.439216
0.376471
0.486275
0.388235
0.427451
0.439216
0.454902
0.294118
0.392157
0.400000
0.356863
0.317647
0.372549
0.345098
0.372549
0.345098
0.364706
0.470588
0.537255
0.450980
0.431373
0.458824
0.392157
0.337255
0.454902
0.462745
0.376471
0.419608
0.345098
0.529412
0.674510
0.474510
0.482353
0.501961
0.501961
0.435294
0.400000
0.470588
0.466667
0.517647
0.439216
0.411765
0.282353
0.219608
0.380392
0.329412
0.294118
0.290196
0.384314
0.376471
0.545098
0.635294
0.505882
0.380392
0.435294
0.525490
0.486275
0.501961
0.427451
0.364706
0.337255
0.345098
0.447059
0.384314
0.388235
0.384314
0.396078
0.458824
0.470588
0.396078
0.349020
0.478431
0.490196
0.513725
0.294118
0.313725
0.427451
0.400000
0.286275
0.321569
0.450980
0.380392
0.427451
0.611765
0.568627
0.380392
0.494118
0.505882
0.454902
0.458824
0.352941
0.313725
0.294118
0.411765
0.478431
0.447059
0.411765
0.380392
0.360784
0.470588
0.470588
0.313725
0.301961
0.392157
0.482353
0.576471
0.337255
0.321569
0.345098
0.486275
0.368627
0.345098
0.356863
0.403922
0.321569
0.513725
0.607843
0.466667
0.505882
0.482353
0.435294
0.462745
0.466667
0.384314
0.282353
0.419608
0.450980
0.509804
0.482353
0.403922
0.435294
0.392157
0.360784
0.317647
0.380392
0.368627
0.721569
0.545098
0.435294
0.360784
0.231373
0.415686
0.411765
0.349020
0.349020
0.356863
0.376471
0.447059
0.513725
0.462745
0.505882
0.498039
0.396078
0.396078
0.474510
0.364706
0.258824
0.450980
0.466667
0.517647
0.498039
0.525490
0.474510
0.368627
0.396078
0.368627
0.454902
0.443137
0.756863
0.588235
0.498039
0.423529
0.301961
0.443137
0.403922
0.325490
0.396078
0.380392
0.392157
0.388235
0.384314
0.517647
0.537255
0.415686
0.411765
0.423529
0.439216
0.305882
0.278431
0.376471
0.392157
0.427451
0.513725
0.549020
0.498039
0.443137
0.419608
0.474510
0.525490
0.474510
0.600000
0.537255
0.388235
0.392157
0.364706
0.462745
0.462745
0.439216
0.474510
0.403922
0.372549
0.392157
0.360784
0.498039
0.423529
0.317647
0.411765
0.427451
0.435294
0.435294
0.376471
0.333333
0.349020
0.388235
0.470588
0.537255
0.517647
0.498039
0.431373
0.513725
0.556863
0.474510
0.549020
0.454902
0.349020
0.392157
0.215686
0.290196
0.400000
0.462745
0.462745
0.400000
0.462745
0.447059
0.415686
0.427451
0.356863
0.356863
0.364706
0.396078
0.388235
0.388235
0.333333
0.345098
0.360784
0.388235
0.368627
0.423529
0.435294
0.443137
0.356863
0.490196
0.411765
0.454902
0.560784
0.337255
0.368627
0.478431
0.356863
0.325490
0.372549
0.400000
0.313725
0.396078
0.556863
0.450980
0.423529
0.392157
0.305882
0.254902
0.313725
0.349020
0.290196
0.243137
0.274510
0.333333
0.372549
0.447059
0.341176
0.345098
0.423529
0.376471
0.290196
0.474510
0.470588
0.372549
0.498039
0.301961
0.407843
0.525490
0.458824
0.407843
0.400000
0.423529
0.329412
0.392157
0.474510
0.431373
0.462745
0.427451
0.321569
0.243137
0.337255
0.372549
0.356863
0.376471
0.439216
0.443137
0.478431
0.525490
0.427451
0.482353
0.474510
0.419608
0.352941
0.384314
0.439216
0.345098
0.411765
0.482353
0.513725
0.494118
0.466667
0.541176
0.356863
0.349020
0.407843
0.384314
0.407843
0.447059
0.505882
0.447059
0.360784
0.372549
0.321569
0.368627
0.392157
0.450980
0.486275
0.474510
0.482353
0.541176
0.462745
0.411765
0.286275
0.376471
0.443137
0.329412
0.325490
0.352941
0.290196
0.454902
0.450980
0.439216
0.505882
0.462745
0.286275
0.207843
0.305882
0.392157
0.356863
0.439216
0.474510
0.388235
0.384314
0.368627
0.341176
0.380392
0.400000
0.458824
0.447059
0.396078
0.427451
0.482353
0.505882
0.380392
0.250980
0.294118
0.368627
0.376471
0.400000
0.376471
0.211765
0.372549
0.349020
0.258824
0.400000
0.309804
0.188235
0.078431
0.109804
0.298039
0.466667
0.450980
0.419608
0.309804
0.364706
0.388235
0.431373
0.411765
0.364706
0.443137
0.364706
0.247059
0.278431
0.380392
0.596078
0.447059
0.305882
0.309804
0.352941
0.392157
0.419608
0.364706
0.321569
0.309804
0.223529
0.152941
0.270588
0.200000
0.086275
0.086275
0.086275
0.137255
0.325490
0.450980
0.458824
0.372549
0.400000
0.388235
0.403922
0.329412
0.235294
0.321569
0.333333
0.121569
0.101961
0.360784
0.564706
0.431373
0.313725
0.286275
0.345098
0.392157
0.364706
0.333333
0.419608
0.337255
0.192157
0.180392
0.164706
0.141176
0.121569
0.098039
0.149020
0.192157
0.223529
0.274510
0.290196
0.337255
0.349020
0.360784
0.372549
0.301961
0.341176
0.415686
0.478431
0.239216
0.258824
0.537255
0.623529
0.505882
0.372549
0.345098
0.352941
0.400000
0.364706
0.400000
0.427451
0.396078
0.098039
0.090196
0.160784
0.152941
0.098039
0.117647
0.149020
0.192157
0.235294
0.211765
0.117647
0.180392
0.333333
0.333333
0.380392
0.360784
0.360784
0.474510
0.568627
0.447059
0.552941
0.643137
0.572549
0.450980
0.329412
0.372549
0.400000
0.388235
0.427451
0.388235
0.345098
0.447059
0.113725
0.086275
0.101961
0.113725
0.176471
0.188235
0.141176
0.211765
0.215686
0.266667
0.250980
0.168627
0.188235
0.305882
0.407843
0.470588
0.427451
0.517647
0.572549
0.521569
0.521569
0.490196
0.439216
0.505882
0.568627
0.447059
0.400000
0.396078
0.380392
0.301961
0.274510
0.392157
0.160784
0.145098
0.129412
0.141176
0.180392
0.200000
0.239216
0.274510
0.235294
0.247059
0.286275
0.254902
0.125490
0.235294
0.372549
0.458824
0.462745
0.470588
0.443137
0.392157
0.360784
0.282353
0.219608
0.403922
0.615686
0.564706
0.415686
0.415686
0.419608
0.247059
0.196078
0.274510
0.227451
0.207843
0.294118
0.278431
0.258824
0.301961
0.364706
0.313725
0.239216
0.227451
0.231373
0.270588
0.200000
0.180392
0.235294
0.270588
0.427451
0.482353
0.337255
0.262745
0.290196
0.156863
0.058824
0.294118
0.541176
0.627451
0.525490
0.384314
0.376471
0.270588
0.117647
0.305882
0.380392
0.172549
0.329412
0.380392
0.227451
0.411765
0.384314
0.396078
0.309804
0.250980
0.164706
0.192157
0.160784
0.156863
0.219608
0.223529
0.356863
0.321569
0.141176
0.188235
0.270588
0.270588
0.164706
0.290196
0.568627
0.552941
0.325490
0.356863
0.447059
0.254902
0.137255
0.301961
0.396078
0.200000
0.301961
0.415686
0.294118
0.392157
0.435294
0.478431
0.411765
0.305882
0.247059
0.156863
0.180392
0.329412
0.360784
0.337255
0.380392
0.200000
0.086275
0.176471
0.298039
0.376471
0.305882
0.313725
0.443137
0.423529
0.400000
0.396078
0.450980
0.294118
0.172549
0.168627
0.309804
0.247059
0.266667
0.372549
0.360784
0.345098
0.454902
0.462745
0.427451
0.356863
0.329412
0.294118
0.388235
0.490196
0.419608
0.400000
0.309804
0.078431
0.078431
0.149020
0.298039
0.356863
0.431373
0.403922
0.345098
0.396078
0.458824
0.470588
0.474510
0.321569
0.133333
0.113725
0.364706
0.392157
0.274510
0.403922
0.384314
0.313725
0.325490
0.368627
0.384314
0.360784
0.309804
0.352941
0.552941
0.490196
0.352941
0.301961
0.223529
0.137255
0.070588
0.098039
0.258824
0.333333
0.392157
0.384314
0.388235
0.376471
0.329412
0.396078
0.494118
0.325490
0.121569
0.152941
0.352941
0.415686
0.207843
0.345098
0.376471
0.356863
0.192157
0.219608
0.235294
0.309804
0.301961
0.396078
0.611765
0.462745
0.243137
0.109804
0.137255
0.266667
0.274510
0.125490
0.192157
0.329412
0.403922
0.447059
0.403922
0.356863
0.329412
0.364706
0.435294
0.321569
0.066667
0.090196
0.207843
0.329412
0.211765
0.341176
0.423529
0.380392
0.262745
0.156863
0.090196
0.062745
0.164706
0.450980
0.552941
0.474510
0.215686
0.027451
0.062745
0.149020
0.321569
0.254902
0.364706
0.368627
0.364706
0.478431
0.560784
0.537255
0.400000
0.423529
0.482353
0.309804
0.101961
0.035294
0.050980
0.321569
0.349020
0.415686
0.509804
0.400000
0.380392
0.231373
0.196078
0.105882
0.078431
0.301961
0.443137
0.396078
0.325490
0.121569
0.152941
0.184314
0.184314
0.188235
0.345098
0.482353
0.478431
0.498039
0.576471
0.556863
0.521569
0.419608
0.454902
0.286275
0.184314
0.043137
0.094118
0.243137
0.282353
0.388235
0.400000
0.400000
0.419608
0.301961
0.294118
0.196078
0.086275
0.121569
0.223529
0.356863
0.415686
0.282353
0.196078
0.203922
0.301961
0.223529
0.227451
0.403922
0.501961
0.541176
0.498039
0.439216
0.509804
0.490196
0.486275
0.176471
0.235294
0.121569
0.121569
0.117647
0.192157
0.419608
0.380392
0.396078
0.443137
0.415686
0.298039
0.286275
0.203922
0.168627
0.109804
0.250980
0.333333
0.345098
0.301961
0.352941
0.368627
0.247059
0.298039
0.415686
0.450980
0.501961
0.545098
0.482353
0.462745
0.505882
0.529412
0.388235
0.215686
0.156863
0.101961
0.109804
0.149020
0.266667
0.262745
0.325490
0.423529
0.454902
0.360784
0.345098
0.278431
0.239216
0.039216
0.050980
0.200000
0.298039
0.435294
0.427451
0.262745
0.317647
0.329412
0.466667
0.458824
0.439216
0.478431
0.462745
0.407843
0.478431
0.501961
0.474510
0.396078
0.203922
0.156863
0.164706
0.137255
0.160784
0.184314
0.286275
0.415686
0.329412
0.325490
0.396078
0.325490
0.329412
0.149020
0.090196
0.172549
0.211765
0.294118
0.360784
0.317647
0.341176
0.305882
0.360784
0.317647
0.443137
0.439216
0.400000
0.290196
0.384314
0.486275
0.360784
0.392157
0.305882
0.200000
0.168627
0.121569
0.133333
0.196078
0.380392
0.380392
0.247059
0.274510
0.415686
0.372549
0.376471
0.325490
0.298039
0.290196
0.298039
0.321569
0.356863
0.372549
0.266667
0.372549
0.407843
0.211765
0.317647
0.423529
0.341176
0.372549
0.325490
0.450980
0.258824
0.219608
0.356863
0.317647
0.274510
0.168627
0.137255
0.274510
0.356863
0.392157
0.376471
0.360784
0.356863
0.352941
0.352941
0.337255
0.349020
0.411765
0.321569
0.298039
0.372549
0.427451
0.494118
0.482353
0.454902
0.372549
0.278431
0.380392
0.325490
0.321569
0.313725
0.364706
0.192157
0.219608
0.258824
0.282353
0.262745
0.345098
0.329412
0.352941
0.309804
0.333333
0.462745
0.486275
0.376471
0.333333
0.337255
0.270588
0.250980
0.376471
0.380392
0.309804
0.360784
0.286275
0.478431
0.623529
0.419608
0.407843
0.396078
0.376471
0.321569
0.266667
0.349020
0.372549
