0.607843
0.611765
0.627451
0.635294
0.643137
0.650980
0.658824
0.670588
0.682353
0.694118
0.698039
0.701961
0.709804
0.741176
0.752941
0.752941
0.741176
0.658824
0.560784
0.686275
0.564706
0.313725
0.176471
0.137255
0.125490
0.152941
0.129412
0.121569
0.133333
0.098039
0.082353
0.145098
0.615686
0.615686
0.631373
0.643137
0.650980
0.654902
0.670588
0.678431
0.694118
0.701961
0.694118
0.701961
0.717647
0.721569
0.705882
0.701961
0.662745
0.670588
0.615686
0.498039
0.219608
0.227451
0.290196
0.176471
0.094118
0.121569
0.160784
0.117647
0.098039
0.094118
0.094118
0.121569
0.635294
0.627451
0.635294
0.658824
0.686275
0.686275
0.737255
0.725490
0.678431
0.631373
0.654902
0.658824
0.556863
0.611765
0.694118
0.568627
0.333333
0.356863
0.305882
0.203922
0.156863
0.196078
0.247059
0.180392
0.101961
0.164706
0.250980
0.156863
0.129412
0.254902
0.254902
0.207843
0.713725
0.674510
0.658824
0.658824
0.662745
0.658824
0.733333
0.733333
0.768627
0.784314
0.792157
0.752941
0.580392
0.564706
0.556863
0.333333
0.227451
0.207843
0.290196
0.188235
0.156863
0.152941
0.200000
0.172549
0.121569
0.137255
0.164706
0.121569
0.149020
0.184314
0.286275
0.270588
0.752941
0.721569
0.709804
0.584314
0.572549
0.623529
0.643137
0.607843
0.741176
0.941176
0.972549
0.972549
0.949020
0.901961
0.741176
0.305882
0.196078
0.239216
0.333333
0.215686
0.180392
0.129412
0.149020
0.145098
0.098039
0.098039
0.121569
0.121569
0.125490
0.149020
0.156863
0.098039
0.627451
0.686275
0.619608
0.494118
0.529412
0.572549
0.525490
0.505882
0.607843
0.882353
0.964706
0.968627
0.937255
0.956863
0.972549
0.584314
0.243137
0.380392
0.443137
0.180392
0.101961
0.074510
0.129412
0.188235
0.180392
0.247059
0.105882
0.125490
0.133333
0.156863
0.101961
0.094118
0.364706
0.494118
0.364706
0.431373
0.498039
0.513725
0.517647
0.537255
0.549020
0.788235
0.968627
0.913725
0.788235
0.709804
0.717647
0.662745
0.478431
0.513725
0.545098
0.356863
0.352941
0.411765
0.505882
0.560784
0.545098
0.545098
0.384314
0.337255
0.196078
0.101961
0.117647
0.094118
0.192157
0.223529
0.247059
0.458824
0.501961
0.529412
0.533333
0.545098
0.541176
0.666667
0.945098
0.831373
0.368627
0.227451
0.309804
0.407843
0.431373
0.513725
0.576471
0.623529
0.615686
0.576471
0.505882
0.549020
0.600000
0.494118
0.509804
0.450980
0.431373
0.337255
0.137255
0.090196
0.164706
0.180392
0.227451
0.494118
0.513725
0.545098
0.541176
0.552941
0.556863
0.592157
0.835294
0.831373
0.478431
0.474510
0.533333
0.556863
0.584314
0.623529
0.552941
0.537255
0.349020
0.349020
0.325490
0.494118
0.560784
0.282353
0.254902
0.258824
0.345098
0.403922
0.231373
0.098039
0.117647
0.129412
0.188235
0.501961
0.525490
0.552941
0.549020
0.556863
0.560784
0.568627
0.619608
0.619608
0.560784
0.576471
0.611765
0.611765
0.678431
0.662745
0.513725
0.545098
0.349020
0.380392
0.368627
0.517647
0.560784
0.298039
0.254902
0.219608
0.286275
0.333333
0.247059
0.086275
0.090196
0.078431
0.152941
0.482353
0.505882
0.560784
0.560784
0.564706
0.564706
0.568627
0.556863
0.549020
0.564706
0.584314
0.607843
0.615686
0.674510
0.647059
0.509804
0.517647
0.254902
0.345098
0.250980
0.415686
0.560784
0.301961
0.286275
0.219608
0.290196
0.333333
0.262745
0.184314
0.164706
0.105882
0.180392
0.466667
0.482353
0.568627
0.556863
0.552941
0.560784
0.572549
0.560784
0.541176
0.572549
0.596078
0.600000
0.611765
0.654902
0.592157
0.505882
0.529412
0.305882
0.411765
0.266667
0.423529
0.576471
0.258824
0.270588
0.203922
0.250980
0.317647
0.392157
0.470588
0.160784
0.160784
0.196078
0.462745
0.494118
0.541176
0.545098
0.564706
0.552941
0.552941
0.560784
0.556863
0.533333
0.619608
0.623529
0.603922
0.564706
0.521569
0.486275
0.580392
0.568627
0.568627
0.494118
0.549020
0.572549
0.254902
0.231373
0.196078
0.254902
0.250980
0.341176
0.337255
0.380392
0.352941
0.274510
0.356863
0.439216
0.407843
0.431373
0.517647
0.552941
0.498039
0.411765
0.505882
0.545098
0.572549
0.549020
0.537255
0.411765
0.352941
0.431373
0.576471
0.584314
0.603922
0.572549
0.592157
0.580392
0.266667
0.180392
0.215686
0.207843
0.149020
0.223529
0.180392
0.545098
0.529412
0.486275
0.368627
0.196078
0.113725
0.145098
0.223529
0.309804
0.380392
0.329412
0.466667
0.505882
0.478431
0.490196
0.427451
0.364706
0.345098
0.392157
0.458824
0.549020
0.576471
0.592157
0.615686
0.552941
0.305882
0.278431
0.490196
0.360784
0.337255
0.329412
0.141176
0.615686
0.603922
0.623529
0.482353
0.074510
0.019608
0.035294
0.054902
0.050980
0.203922
0.250980
0.321569
0.360784
0.301961
0.384314
0.372549
0.247059
0.203922
0.294118
0.443137
0.560784
0.584314
0.611765
0.619608
0.752941
0.827451
0.607843
0.639216
0.596078
0.607843
0.482353
0.101961
0.631373
0.619608
0.635294
0.521569
0.141176
0.133333
0.262745
0.172549
0.047059
0.188235
0.141176
0.054902
0.101961
0.098039
0.168627
0.168627
0.101961
0.066667
0.133333
0.282353
0.541176
0.619608
0.627451
0.619608
0.721569
0.733333
0.529412
0.298039
0.290196
0.427451
0.305882
0.082353
0.619608
0.619608
0.650980
0.517647
0.184314
0.192157
0.223529
0.149020
0.156863
0.215686
0.156863
0.019608
0.023529
0.047059
0.058824
0.074510
0.050980
0.031373
0.062745
0.098039
0.352941
0.611765
0.619608
0.619608
0.643137
0.450980
0.286275
0.137255
0.227451
0.392157
0.337255
0.160784
0.698039
0.607843
0.470588
0.341176
0.211765
0.192157
0.129412
0.137255
0.200000
0.239216
0.282353
0.039216
0.000000
0.054902
0.243137
0.262745
0.058824
0.058824
0.070588
0.050980
0.192157
0.549020
0.607843
0.600000
0.635294
0.478431
0.317647
0.109804
0.141176
0.266667
0.415686
0.454902
0.756863
0.725490
0.603922
0.388235
0.184314
0.133333
0.129412
0.137255
0.160784
0.109804
0.086275
0.019608
0.011765
0.156863
0.501961
0.447059
0.098039
0.098039
0.098039
0.054902
0.098039
0.290196
0.439216
0.517647
0.603922
0.403922
0.266667
0.090196
0.121569
0.168627
0.329412
0.525490
0.760784
0.760784
0.756863
0.572549
0.435294
0.305882
0.188235
0.188235
0.141176
0.066667
0.066667
0.066667
0.066667
0.086275
0.149020
0.164706
0.098039
0.219608
0.235294
0.074510
0.074510
0.168627
0.235294
0.294118
0.294118
0.152941
0.172549
0.184314
0.141176
0.129412
0.360784
0.596078
0.768627
0.745098
0.568627
0.431373
0.462745
0.309804
0.105882
0.125490
0.250980
0.250980
0.192157
0.145098
0.121569
0.090196
0.078431
0.054902
0.117647
0.239216
0.223529
0.117647
0.074510
0.156863
0.145098
0.176471
0.094118
0.086275
0.109804
0.231373
0.274510
0.321569
0.533333
0.654902
0.780392
0.788235
0.725490
0.541176
0.360784
0.243137
0.192157
0.223529
0.270588
0.325490
0.380392
0.372549
0.376471
0.345098
0.258824
0.156863
0.133333
0.258824
0.250980
0.125490
0.043137
0.145098
0.094118
0.109804
0.090196
0.078431
0.215686
0.470588
0.580392
0.639216
0.650980
0.639216
0.772549
0.784314
0.819608
0.827451
0.674510
0.458824
0.352941
0.341176
0.341176
0.356863
0.384314
0.443137
0.513725
0.454902
0.403922
0.376471
0.192157
0.207843
0.247059
0.074510
0.031373
0.105882
0.219608
0.184314
0.050980
0.039216
0.184314
0.462745
0.600000
0.619608
0.643137
0.647059
0.780392
0.784314
0.792157
0.811765
0.827451
0.749020
0.560784
0.388235
0.364706
0.388235
0.380392
0.388235
0.407843
0.431373
0.431373
0.341176
0.156863
0.058824
0.074510
0.035294
0.023529
0.023529
0.058824
0.070588
0.050980
0.070588
0.098039
0.152941
0.286275
0.490196
0.643137
0.650980
0.780392
0.784314
0.776471
0.800000
0.827451
0.847059
0.807843
0.658824
0.443137
0.364706
0.384314
0.392157
0.419608
0.415686
0.403922
0.396078
0.329412
0.184314
0.082353
0.054902
0.070588
0.082353
0.086275
0.098039
0.113725
0.137255
0.184314
0.294118
0.466667
0.619608
0.674510
0.662745
0.564706
0.776471
0.788235
0.788235
0.800000
0.819608
0.843137
0.850980
0.752941
0.552941
0.403922
0.364706
0.388235
0.396078
0.419608
0.427451
0.498039
0.549020
0.380392
0.262745
0.215686
0.196078
0.188235
0.200000
0.247059
0.298039
0.450980
0.627451
0.698039
0.690196
0.690196
0.701961
0.360784
0.615686
0.807843
0.811765
0.803922
0.807843
0.819608
0.819608
0.831373
0.807843
0.678431
0.466667
0.368627
0.376471
0.368627
0.356863
0.403922
0.686275
0.760784
0.631373
0.545098
0.498039
0.443137
0.447059
0.533333
0.596078
0.674510
0.690196
0.690196
0.701961
0.701961
0.694118
0.325490
0.376471
0.686275
0.831373
0.811765
0.800000
0.803922
0.819608
0.827451
0.835294
0.835294
0.764706
0.568627
0.376471
0.325490
0.333333
0.368627
0.678431
0.925490
0.882353
0.823529
0.772549
0.729412
0.705882
0.678431
0.662745
0.654902
0.662745
0.694118
0.705882
0.690196
0.678431
0.333333
0.325490
0.407843
0.701961
0.803922
0.788235
0.800000
0.807843
0.823529
0.823529
0.807843
0.827451
0.835294
0.694118
0.474510
0.352941
0.494118
0.803922
0.917647
0.913725
0.905882
0.870588
0.815686
0.764706
0.713725
0.670588
0.674510
0.666667
0.654902
0.647059
0.662745
0.662745
0.313725
0.317647
0.294118
0.439216
0.737255
0.800000
0.776471
0.780392
0.784314
0.800000
0.803922
0.811765
0.839216
0.870588
0.780392
0.584314
0.713725
0.909804
0.901961
0.905882
0.913725
0.909804
0.890196
0.831373
0.764706
0.701961
0.698039
0.705882
0.662745
0.611765
0.592157
0.600000
0.301961
0.301961
0.305882
0.290196
0.517647
0.760784
0.784314
0.784314
0.792157
0.796078
0.800000
0.800000
0.811765
0.823529
0.854902
0.843137
0.796078
0.843137
0.898039
0.917647
0.905882
0.909804
0.901961
0.886275
0.862745
0.811765
0.764706
0.741176
0.721569
0.713725
0.654902
0.611765
0.725490
0.729412
0.745098
0.752941
0.760784
0.768627
0.776471
0.788235
0.800000
0.811765
0.815686
0.823529
0.835294
0.847059
0.858824
0.862745
0.858824
0.756863
0.662745
0.796078
0.666667
0.376471
0.215686
0.180392
0.164706
0.192157
0.164706
0.152941
0.164706
0.121569
0.101961
0.168627
0.733333
0.733333
0.745098
0.756863
0.764706
0.772549
0.784314
0.796078
0.815686
0.831373
0.835294
0.835294
0.847059
0.858824
0.843137
0.835294
0.780392
0.788235
0.729412
0.615686
0.294118
0.278431
0.333333
0.231373
0.141176
0.156863
0.188235
0.133333
0.113725
0.117647
0.117647
0.149020
0.752941
0.745098
0.756863
0.772549
0.784314
0.792157
0.819608
0.823529
0.784314
0.729412
0.760784
0.772549
0.658824
0.733333
0.831373
0.674510
0.411765
0.431373
0.356863
0.250980
0.200000
0.235294
0.286275
0.219608
0.145098
0.219608
0.290196
0.176471
0.152941
0.294118
0.309804
0.270588
0.780392
0.768627
0.772549
0.764706
0.749020
0.752941
0.800000
0.811765
0.823529
0.796078
0.807843
0.800000
0.607843
0.615686
0.619608
0.396078
0.286275
0.266667
0.329412
0.227451
0.192157
0.196078
0.247059
0.211765
0.156863
0.176471
0.203922
0.145098
0.180392
0.231373
0.352941
0.329412
0.796078
0.784314
0.780392
0.647059
0.607843
0.686275
0.694118
0.658824
0.772549
0.956863
0.976471
0.976471
0.945098
0.917647
0.745098
0.329412
0.250980
0.282353
0.372549
0.258824
0.211765
0.172549
0.188235
0.172549
0.117647
0.117647
0.149020
0.152941
0.156863
0.176471
0.196078
0.137255
0.698039
0.760784
0.686275
0.537255
0.545098
0.603922
0.549020
0.529412
0.627451
0.901961
0.980392
0.980392
0.952941
0.972549
0.988235
0.607843
0.278431
0.407843
0.482353
0.219608
0.125490
0.098039
0.156863
0.200000
0.188235
0.266667
0.129412
0.152941
0.172549
0.200000
0.137255
0.121569
0.423529
0.552941
0.419608
0.470588
0.517647
0.541176
0.537255
0.556863
0.568627
0.803922
0.984314
0.925490
0.803922
0.725490
0.733333
0.682353
0.498039
0.533333
0.576471
0.388235
0.360784
0.411765
0.505882
0.533333
0.529412
0.549020
0.368627
0.341176
0.211765
0.121569
0.141176
0.121569
0.231373
0.270588
0.282353
0.482353
0.517647
0.556863
0.552941
0.564706
0.560784
0.686275
0.956863
0.847059
0.384314
0.247059
0.321569
0.427451
0.462745
0.541176
0.603922
0.647059
0.631373
0.603922
0.533333
0.564706
0.623529
0.513725
0.498039
0.462745
0.450980
0.341176
0.137255
0.117647
0.200000
0.219608
0.254902
0.509804
0.529412
0.564706
0.560784
0.572549
0.576471
0.607843
0.850980
0.847059
0.498039
0.494118
0.568627
0.611765
0.639216
0.654902
0.572549
0.556863
0.360784
0.376471
0.352941
0.521569
0.615686
0.341176
0.294118
0.301961
0.396078
0.439216
0.235294
0.117647
0.149020
0.160784
0.211765
0.521569
0.541176
0.572549
0.568627
0.576471
0.580392
0.592157
0.654902
0.654902
0.580392
0.596078
0.666667
0.686275
0.737255
0.698039
0.533333
0.564706
0.352941
0.392157
0.388235
0.541176
0.607843
0.368627
0.333333
0.282353
0.349020
0.400000
0.274510
0.105882
0.105882
0.094118
0.164706
0.498039
0.517647
0.568627
0.568627
0.572549
0.572549
0.584314
0.596078
0.592157
0.588235
0.627451
0.662745
0.678431
0.733333
0.682353
0.533333
0.537255
0.258824
0.352941
0.270588
0.431373
0.600000
0.384314
0.388235
0.282353
0.341176
0.388235
0.278431
0.188235
0.172549
0.109804
0.184314
0.462745
0.478431
0.568627
0.572549
0.580392
0.580392
0.588235
0.584314
0.580392
0.603922
0.662745
0.662745
0.670588
0.701961
0.619608
0.525490
0.549020
0.305882
0.392157
0.270588
0.431373
0.600000
0.333333
0.368627
0.254902
0.286275
0.372549
0.396078
0.431373
0.168627
0.164706
0.200000
0.435294
0.474510
0.552941
0.541176
0.549020
0.549020
0.552941
0.572549
0.576471
0.525490
0.650980
0.666667
0.647059
0.600000
0.533333
0.501961
0.600000
0.588235
0.552941
0.490196
0.560784
0.592157
0.309804
0.317647
0.247059
0.290196
0.309804
0.349020
0.309804
0.376471
0.356863
0.286275
0.337255
0.411765
0.392157
0.384314
0.458824
0.505882
0.462745
0.400000
0.521569
0.529412
0.568627
0.564706
0.556863
0.431373
0.349020
0.443137
0.619608
0.619608
0.615686
0.580392
0.603922
0.596078
0.341176
0.247059
0.262745
0.247059
0.200000
0.243137
0.176471
0.517647
0.501961
0.454902
0.352941
0.184314
0.090196
0.113725
0.196078
0.282353
0.364706
0.321569
0.478431
0.525490
0.498039
0.509804
0.447059
0.352941
0.321569
0.384314
0.482353
0.568627
0.588235
0.607843
0.627451
0.568627
0.356863
0.313725
0.517647
0.388235
0.372549
0.337255
0.117647
0.584314
0.576471
0.596078
0.470588
0.074510
0.019608
0.031373
0.054902
0.039216
0.211765
0.258824
0.313725
0.356863
0.298039
0.380392
0.364706
0.227451
0.200000
0.305882
0.474510
0.584314
0.596078
0.627451
0.635294
0.764706
0.827451
0.607843
0.650980
0.603922
0.619608
0.474510
0.066667
0.607843
0.603922
0.619608
0.509804
0.137255
0.125490
0.262745
0.180392
0.043137
0.192157
0.149020
0.050980
0.094118
0.090196
0.164706
0.160784
0.098039
0.070588
0.160784
0.329412
0.576471
0.631373
0.643137
0.635294
0.737255
0.737255
0.533333
0.298039
0.290196
0.431373
0.313725
0.086275
0.564706
0.580392
0.631373
0.517647
0.188235
0.184314
0.223529
0.156863
0.160784
0.207843
0.145098
0.023529
0.031373
0.050980
0.062745
0.078431
0.054902
0.031373
0.070588
0.133333
0.380392
0.627451
0.635294
0.635294
0.658824
0.470588
0.298039
0.137255
0.231373
0.396078
0.341176
0.196078
0.596078
0.537255
0.458824
0.349020
0.219608
0.192157
0.133333
0.141176
0.200000
0.223529
0.247059
0.043137
0.000000
0.054902
0.243137
0.262745
0.058824
0.058824
0.070588
0.062745
0.207843
0.564706
0.615686
0.611765
0.647059
0.474510
0.325490
0.113725
0.149020
0.274510
0.396078
0.450980
0.643137
0.611765
0.529412
0.352941
0.188235
0.141176
0.129412
0.141176
0.160784
0.113725
0.078431
0.019608
0.011765
0.156863
0.494118
0.439216
0.098039
0.098039
0.098039
0.054902
0.101961
0.294118
0.423529
0.498039
0.603922
0.352941
0.247059
0.094118
0.121569
0.168627
0.325490
0.513725
0.650980
0.647059
0.647059
0.498039
0.392157
0.282353
0.192157
0.203922
0.176471
0.105882
0.082353
0.078431
0.078431
0.098039
0.149020
0.164706
0.098039
0.219608
0.235294
0.074510
0.074510
0.168627
0.231373
0.282353
0.282353
0.168627
0.172549
0.180392
0.141176
0.133333
0.360784
0.564706
0.654902
0.639216
0.529412
0.443137
0.470588
0.305882
0.109804
0.129412
0.250980
0.258824
0.211765
0.176471
0.152941
0.125490
0.098039
0.074510
0.125490
0.243137
0.223529
0.117647
0.074510
0.156863
0.156863
0.176471
0.094118
0.094118
0.117647
0.231373
0.270588
0.321569
0.529412
0.635294
0.666667
0.674510
0.647059
0.537255
0.419608
0.305882
0.235294
0.266667
0.309804
0.337255
0.368627
0.368627
0.368627
0.356863
0.274510
0.188235
0.152941
0.274510
0.254902
0.125490
0.043137
0.145098
0.094118
0.109804
0.090196
0.078431
0.211765
0.447059
0.556863
0.623529
0.635294
0.623529
0.662745
0.682353
0.698039
0.709804
0.631373
0.486275
0.415686
0.431373
0.423529
0.431373
0.466667
0.478431
0.509804
0.427451
0.384314
0.376471
0.207843
0.219608
0.250980
0.074510
0.031373
0.105882
0.219608
0.184314
0.050980
0.043137
0.176471
0.435294
0.576471
0.603922
0.627451
0.631373
0.650980
0.658824
0.666667
0.690196
0.709804
0.662745
0.529412
0.431373
0.447059
0.470588
0.466667
0.466667
0.482353
0.478431
0.443137
0.329412
0.168627
0.082353
0.074510
0.039216
0.027451
0.023529
0.058824
0.070588
0.050980
0.074510
0.109804
0.168627
0.298039
0.470588
0.619608
0.627451
0.650980
0.650980
0.654902
0.674510
0.701961
0.713725
0.705882
0.607843
0.462745
0.443137
0.470588
0.474510
0.494118
0.494118
0.478431
0.415686
0.317647
0.180392
0.078431
0.070588
0.094118
0.098039
0.094118
0.098039
0.121569
0.164706
0.219608
0.301961
0.462745
0.592157
0.643137
0.631373
0.525490
0.654902
0.662745
0.662745
0.674510
0.698039
0.729412
0.729412
0.658824
0.537255
0.443137
0.447059
0.462745
0.470588
0.494118
0.494118
0.513725
0.474510
0.341176
0.250980
0.231373
0.219608
0.207843
0.215686
0.270588
0.317647
0.443137
0.596078
0.666667
0.658824
0.658824
0.670588
0.400000
0.560784
0.678431
0.674510
0.666667
0.678431
0.694118
0.686275
0.701961
0.694118
0.607843
0.470588
0.419608
0.454902
0.454902
0.447059
0.466667
0.611765
0.643137
0.533333
0.466667
0.431373
0.396078
0.431373
0.525490
0.576471
0.639216
0.658824
0.654902
0.670588
0.670588
0.662745
0.376471
0.411765
0.603922
0.694118
0.674510
0.666667
0.678431
0.694118
0.701961
0.701961
0.717647
0.682353
0.521569
0.419608
0.415686
0.431373
0.427451
0.627451
0.788235
0.745098
0.690196
0.639216
0.603922
0.603922
0.611765
0.611765
0.615686
0.650980
0.682353
0.674510
0.658824
0.647059
0.380392
0.384314
0.435294
0.619608
0.690196
0.670588
0.674510
0.682353
0.698039
0.698039
0.686275
0.705882
0.713725
0.615686
0.466667
0.400000
0.486275
0.705882
0.803922
0.803922
0.784314
0.741176
0.678431
0.639216
0.615686
0.588235
0.584314
0.596078
0.623529
0.619608
0.631373
0.631373
0.360784
0.368627
0.360784
0.443137
0.666667
0.690196
0.662745
0.666667
0.670588
0.682353
0.686275
0.690196
0.709804
0.733333
0.678431
0.529412
0.635294
0.796078
0.792157
0.800000
0.800000
0.792157
0.768627
0.717647
0.654902
0.592157
0.580392
0.588235
0.568627
0.537255
0.556863
0.588235
0.352941
0.352941
0.356863
0.360784
0.505882
0.670588
0.682353
0.682353
0.690196
0.694118
0.698039
0.698039
0.698039
0.709804
0.745098
0.741176
0.698039
0.749020
0.792157
0.803922
0.796078
0.800000
0.788235
0.772549
0.749020
0.698039
0.650980
0.623529
0.600000
0.588235
0.564706
0.552941
0.831373
0.835294
0.854902
0.866667
0.870588
0.882353
0.890196
0.898039
0.909804
0.921569
0.925490
0.937255
0.937255
0.933333
0.941176
0.945098
0.964706
0.858824
0.745098
0.890196
0.682353
0.309804
0.125490
0.082353
0.090196
0.098039
0.094118
0.121569
0.129412
0.074510
0.050980
0.109804
0.835294
0.839216
0.854902
0.866667
0.870588
0.878431
0.890196
0.901961
0.925490
0.945098
0.956863
0.952941
0.960784
0.972549
0.952941
0.937255
0.866667
0.878431
0.807843
0.619608
0.168627
0.184314
0.290196
0.164706
0.078431
0.098039
0.152941
0.109804
0.082353
0.074510
0.070588
0.094118
0.831373
0.839216
0.858824
0.870588
0.890196
0.882353
0.905882
0.925490
0.878431
0.780392
0.839216
0.847059
0.698039
0.772549
0.913725
0.705882
0.364706
0.407843
0.345098
0.180392
0.101961
0.141176
0.200000
0.145098
0.078431
0.117647
0.247059
0.172549
0.121569
0.282353
0.313725
0.243137
0.835294
0.835294
0.839216
0.839216
0.831373
0.815686
0.854902
0.866667
0.850980
0.764706
0.811765
0.823529
0.592157
0.596078
0.643137
0.341176
0.160784
0.145098
0.258824
0.109804
0.117647
0.074510
0.117647
0.129412
0.094118
0.074510
0.109804
0.125490
0.137255
0.219608
0.356863
0.309804
0.847059
0.839216
0.843137
0.674510
0.627451
0.690196
0.690196
0.650980
0.764706
0.945098
0.968627
0.968627
0.945098
0.917647
0.729412
0.223529
0.098039
0.176471
0.301961
0.113725
0.152941
0.090196
0.078431
0.094118
0.062745
0.066667
0.082353
0.113725
0.086275
0.098039
0.145098
0.086275
0.721569
0.823529
0.717647
0.533333
0.537255
0.600000
0.556863
0.533333
0.639216
0.909804
0.976471
0.976471
0.945098
0.968627
0.968627
0.537255
0.192157
0.376471
0.462745
0.121569
0.050980
0.043137
0.117647
0.180392
0.152941
0.254902
0.098039
0.117647
0.098039
0.066667
0.058824
0.066667
0.352941
0.533333
0.352941
0.443137
0.509804
0.541176
0.552941
0.572549
0.580392
0.811765
0.980392
0.925490
0.796078
0.721569
0.729412
0.666667
0.490196
0.545098
0.596078
0.337255
0.313725
0.388235
0.498039
0.529412
0.501961
0.545098
0.337255
0.329412
0.156863
0.031373
0.062745
0.054902
0.121569
0.141176
0.176471
0.466667
0.509804
0.556863
0.564706
0.576471
0.572549
0.694118
0.952941
0.843137
0.388235
0.247059
0.329412
0.447059
0.478431
0.545098
0.623529
0.635294
0.627451
0.619608
0.525490
0.560784
0.631373
0.525490
0.490196
0.466667
0.427451
0.298039
0.074510
0.047059
0.090196
0.078431
0.180392
0.498039
0.525490
0.568627
0.572549
0.584314
0.592157
0.615686
0.847059
0.847059
0.509804
0.505882
0.572549
0.635294
0.662745
0.662745
0.584314
0.568627
0.372549
0.380392
0.349020
0.529412
0.635294
0.360784
0.313725
0.301961
0.400000
0.443137
0.211765
0.074510
0.074510
0.078431
0.172549
0.509804
0.537255
0.576471
0.580392
0.588235
0.592157
0.603922
0.662745
0.662745
0.592157
0.607843
0.682353
0.717647
0.768627
0.705882
0.541176
0.576471
0.352941
0.380392
0.376471
0.545098
0.623529
0.384314
0.341176
0.278431
0.352941
0.415686
0.258824
0.058824
0.074510
0.058824
0.141176
0.482353
0.517647
0.584314
0.584314
0.580392
0.584314
0.600000
0.611765
0.603922
0.600000
0.643137
0.686275
0.709804
0.752941
0.698039
0.545098
0.549020
0.250980
0.337255
0.266667
0.435294
0.611765
0.403922
0.396078
0.286275
0.352941
0.392157
0.250980
0.152941
0.129412
0.078431
0.160784
0.439216
0.474510
0.588235
0.576471
0.568627
0.580392
0.596078
0.596078
0.588235
0.631373
0.698039
0.686275
0.690196
0.709804
0.631373
0.537255
0.560784
0.309804
0.388235
0.278431
0.443137
0.611765
0.349020
0.380392
0.266667
0.309804
0.372549
0.368627
0.411765
0.117647
0.133333
0.176471
0.407843
0.454902
0.549020
0.533333
0.533333
0.541176
0.549020
0.572549
0.572549
0.541176
0.674510
0.690196
0.666667
0.596078
0.533333
0.509804
0.615686
0.603922
0.545098
0.486275
0.568627
0.596078
0.313725
0.317647
0.258824
0.313725
0.309804
0.317647
0.266667
0.270588
0.254902
0.184314
0.250980
0.372549
0.364706
0.341176
0.427451
0.498039
0.458824
0.388235
0.509804
0.533333
0.572549
0.556863
0.545098
0.415686
0.341176
0.447059
0.619608
0.635294
0.627451
0.592157
0.615686
0.603922
0.329412
0.243137
0.266667
0.258824
0.196078
0.219608
0.145098
0.478431
0.435294
0.376471
0.286275
0.152941
0.074510
0.074510
0.149020
0.247059
0.337255
0.290196
0.458824
0.529412
0.494118
0.490196
0.427451
0.345098
0.278431
0.360784
0.470588
0.580392
0.619608
0.627451
0.639216
0.580392
0.356863
0.317647
0.525490
0.396078
0.372549
0.321569
0.105882
0.584314
0.568627
0.584314
0.466667
0.070588
0.019608
0.023529
0.031373
0.031373
0.192157
0.211765
0.278431
0.325490
0.262745
0.345098
0.333333
0.215686
0.172549
0.305882
0.490196
0.607843
0.623529
0.643137
0.647059
0.776471
0.843137
0.627451
0.662745
0.615686
0.627451
0.466667
0.054902
0.592157
0.596078
0.603922
0.494118
0.121569
0.121569
0.274510
0.192157
0.050980
0.196078
0.129412
0.027451
0.066667
0.058824
0.133333
0.133333
0.090196
0.070588
0.160784
0.341176
0.592157
0.647059
0.654902
0.647059
0.749020
0.752941
0.545098
0.301961
0.294118
0.454902
0.313725
0.054902
0.525490
0.552941
0.615686
0.505882
0.172549
0.172549
0.223529
0.160784
0.149020
0.188235
0.117647
0.011765
0.015686
0.031373
0.043137
0.062745
0.050980
0.031373
0.066667
0.137255
0.392157
0.639216
0.647059
0.650980
0.670588
0.486275
0.305882
0.137255
0.231373
0.407843
0.301961
0.098039
0.521569
0.486275
0.443137
0.352941
0.219608
0.176471
0.113725
0.129412
0.176471
0.188235
0.203922
0.031373
0.000000
0.043137
0.227451
0.247059
0.054902
0.058824
0.066667
0.074510
0.223529
0.576471
0.627451
0.619608
0.654902
0.482353
0.329412
0.113725
0.145098
0.270588
0.317647
0.290196
0.556863
0.541176
0.474510
0.333333
0.192157
0.133333
0.109804
0.117647
0.141176
0.098039
0.062745
0.015686
0.011765
0.152941
0.486275
0.427451
0.082353
0.086275
0.094118
0.058824
0.105882
0.298039
0.419608
0.486275
0.592157
0.333333
0.243137
0.094118
0.121569
0.180392
0.266667
0.356863
0.560784
0.560784
0.552941
0.423529
0.345098
0.258824
0.172549
0.180392
0.164706
0.109804
0.082353
0.074510
0.070588
0.094118
0.149020
0.164706
0.082353
0.200000
0.231373
0.074510
0.074510
0.168627
0.227451
0.274510
0.286275
0.160784
0.176471
0.184314
0.145098
0.129412
0.333333
0.529412
0.568627
0.545098
0.392157
0.266667
0.301961
0.227451
0.090196
0.113725
0.243137
0.258824
0.211765
0.184314
0.152941
0.121569
0.109804
0.082353
0.113725
0.227451
0.219608
0.117647
0.074510
0.156863
0.152941
0.180392
0.090196
0.086275
0.109804
0.227451
0.270588
0.298039
0.517647
0.647059
0.580392
0.588235
0.545098
0.392157
0.223529
0.149020
0.125490
0.160784
0.196078
0.231373
0.286275
0.329412
0.352941
0.360784
0.282353
0.188235
0.149020
0.270588
0.254902
0.125490
0.043137
0.145098
0.094118
0.109804
0.090196
0.078431
0.207843
0.443137
0.552941
0.611765
0.623529
0.615686
0.576471
0.592157
0.615686
0.635294
0.525490
0.313725
0.207843
0.211765
0.215686
0.215686
0.239216
0.286275
0.372549
0.356863
0.352941
0.368627
0.203922
0.215686
0.250980
0.074510
0.031373
0.105882
0.223529
0.188235
0.050980
0.043137
0.180392
0.450980
0.584314
0.596078
0.615686
0.619608
0.568627
0.576471
0.584314
0.603922
0.647059
0.568627
0.392157
0.243137
0.223529
0.243137
0.239216
0.243137
0.270588
0.282353
0.313725
0.290196
0.168627
0.074510
0.078431
0.039216
0.023529
0.019608
0.054902
0.070588
0.047059
0.070588
0.109804
0.180392
0.305882
0.462745
0.607843
0.619608
0.560784
0.572549
0.568627
0.592157
0.619608
0.635294
0.615686
0.490196
0.294118
0.231373
0.250980
0.258824
0.278431
0.274510
0.262745
0.274510
0.262745
0.168627
0.094118
0.078431
0.101961
0.113725
0.098039
0.098039
0.125490
0.176471
0.223529
0.309804
0.470588
0.584314
0.635294
0.623529
0.384314
0.568627
0.580392
0.580392
0.592157
0.615686
0.643137
0.650980
0.568627
0.400000
0.270588
0.223529
0.247059
0.254902
0.278431
0.294118
0.360784
0.423529
0.317647
0.243137
0.247059
0.239216
0.223529
0.231373
0.286275
0.333333
0.462745
0.600000
0.666667
0.650980
0.650980
0.662745
0.211765
0.435294
0.596078
0.600000
0.588235
0.596078
0.611765
0.607843
0.619608
0.603922
0.501961
0.305882
0.223529
0.243137
0.247059
0.254902
0.282353
0.501961
0.568627
0.478431
0.431373
0.392157
0.380392
0.435294
0.517647
0.568627
0.643137
0.647059
0.643137
0.662745
0.666667
0.654902
0.176471
0.235294
0.494118
0.615686
0.596078
0.588235
0.596078
0.611765
0.619608
0.623529
0.635294
0.592157
0.411765
0.258824
0.227451
0.239216
0.250980
0.505882
0.709804
0.662745
0.615686
0.572549
0.549020
0.560784
0.564706
0.584314
0.607843
0.643137
0.674510
0.666667
0.650980
0.639216
0.184314
0.188235
0.270588
0.513725
0.603922
0.588235
0.592157
0.600000
0.615686
0.615686
0.603922
0.627451
0.643137
0.509804
0.325490
0.243137
0.349020
0.619608
0.721569
0.713725
0.709804
0.674510
0.615686
0.572549
0.545098
0.537255
0.560784
0.584314
0.603922
0.607843
0.623529
0.623529
0.176471
0.184314
0.176471
0.294118
0.564706
0.600000
0.580392
0.588235
0.588235
0.607843
0.615686
0.611765
0.627451
0.647059
0.588235
0.423529
0.537255
0.713725
0.713725
0.721569
0.721569
0.713725
0.698039
0.654902
0.588235
0.533333
0.537255
0.552941
0.529412
0.517647
0.541176
0.576471
0.168627
0.172549
0.176471
0.172549
0.368627
0.564706
0.592157
0.611765
0.623529
0.631373
0.627451
0.607843
0.611765
0.623529
0.658824
0.650980
0.607843
0.654902
0.713725
0.733333
0.713725
0.709804
0.709804
0.701961
0.682353
0.631373
0.588235
0.572549
0.545098
0.529412
0.517647
0.517647
