0.113725
0.168627
0.015686
0.094118
0.137255
0.023529
0.094118
0.145098
0.019608
0.086275
0.145098
0.015686
0.086275
0.145098
0.015686
0.109804
0.160784
0.019608
0.113725
0.160784
0.019608
0.133333
0.184314
0.023529
0.129412
0.192157
0.015686
0.109804
0.160784
0.015686
0.109804
0.172549
0.023529
0.168627
0.266667
0.019608
0.200000
0.321569
0.011765
0.203922
0.294118
0.023529
0.243137
0.270588
0.058824
0.411765
0.509804
0.098039
0.533333
0.686275
0.149020
0.541176
0.694118
0.180392
0.490196
0.623529
0.164706
0.356863
0.482353
0.101961
0.207843
0.313725
0.043137
0.152941
0.231373
0.031373
0.133333
0.192157
0.035294
0.121569
0.176471
0.031373
0.121569
0.160784
0.043137
0.117647
0.149020
0.050980
0.109804
0.156863
0.039216
0.094118
0.152941
0.027451
0.145098
0.207843
0.058824
0.196078
0.258824
0.105882
0.141176
0.211765
0.050980
0.125490
0.200000
0.027451
0.117647
0.184314
0.015686
0.109804
0.156863
0.027451
0.101961
0.164706
0.015686
0.090196
0.152941
0.007843
0.078431
0.137255
0.019608
0.105882
0.164706
0.019608
0.113725
0.164706
0.027451
0.121569
0.164706
0.031373
0.121569
0.176471
0.019608
0.113725
0.160784
0.023529
0.113725
0.168627
0.023529
0.188235
0.282353
0.031373
0.239216
0.356863
0.039216
0.207843
0.286275
0.039216
0.247059
0.286275
0.117647
0.407843
0.521569
0.200000
0.490196
0.643137
0.152941
0.525490
0.674510
0.203922
0.572549
0.698039
0.427451
0.529412
0.647059
0.466667
0.470588
0.572549
0.490196
0.309804
0.392157
0.294118
0.176471
0.247059
0.113725
0.133333
0.188235
0.043137
0.125490
0.156863
0.047059
0.121569
0.149020
0.054902
0.117647
0.152941
0.047059
0.101961
0.156863
0.035294
0.152941
0.211765
0.066667
0.203922
0.270588
0.113725
0.137255
0.215686
0.047059
0.117647
0.207843
0.023529
0.113725
0.196078
0.015686
0.117647
0.176471
0.019608
0.113725
0.184314
0.015686
0.101961
0.164706
0.015686
0.082353
0.137255
0.023529
0.105882
0.168627
0.015686
0.113725
0.168627
0.023529
0.101961
0.152941
0.027451
0.113725
0.176471
0.019608
0.121569
0.176471
0.023529
0.117647
0.168627
0.027451
0.184314
0.274510
0.027451
0.266667
0.380392
0.035294
0.247059
0.333333
0.074510
0.372549
0.439216
0.380392
0.568627
0.682353
0.627451
0.513725
0.643137
0.407843
0.521569
0.650980
0.317647
0.698039
0.807843
0.788235
0.745098
0.847059
0.898039
0.819608
0.921569
0.972549
0.678431
0.780392
0.792157
0.298039
0.376471
0.313725
0.176471
0.231373
0.121569
0.117647
0.156863
0.047059
0.121569
0.156863
0.047059
0.121569
0.156863
0.050980
0.109804
0.160784
0.043137
0.160784
0.215686
0.078431
0.200000
0.270588
0.109804
0.141176
0.219608
0.047059
0.117647
0.211765
0.027451
0.109804
0.188235
0.007843
0.113725
0.184314
0.015686
0.117647
0.188235
0.019608
0.109804
0.168627
0.015686
0.086275
0.141176
0.023529
0.098039
0.164706
0.015686
0.105882
0.172549
0.015686
0.094118
0.152941
0.023529
0.113725
0.184314
0.015686
0.125490
0.207843
0.015686
0.121569
0.192157
0.027451
0.176471
0.250980
0.035294
0.301961
0.415686
0.133333
0.450980
0.556863
0.450980
0.525490
0.619608
0.611765
0.537255
0.654902
0.600000
0.615686
0.725490
0.701961
0.603922
0.713725
0.635294
0.729412
0.815686
0.839216
0.752941
0.831373
0.858824
0.792157
0.874510
0.898039
0.784314
0.890196
0.925490
0.439216
0.517647
0.498039
0.258824
0.321569
0.250980
0.231373
0.286275
0.223529
0.125490
0.168627
0.054902
0.121569
0.160784
0.050980
0.117647
0.164706
0.039216
0.168627
0.215686
0.086275
0.207843
0.262745
0.113725
0.145098
0.223529
0.043137
0.121569
0.215686
0.027451
0.101961
0.168627
0.011765
0.105882
0.176471
0.011765
0.109804
0.180392
0.015686
0.101961
0.168627
0.011765
0.086275
0.149020
0.019608
0.094118
0.168627
0.015686
0.101961
0.172549
0.015686
0.090196
0.156863
0.019608
0.113725
0.192157
0.015686
0.141176
0.231373
0.019608
0.137255
0.211765
0.019608
0.160784
0.235294
0.031373
0.415686
0.521569
0.411765
0.678431
0.796078
0.835294
0.694118
0.807843
0.854902
0.623529
0.737255
0.737255
0.713725
0.827451
0.854902
0.764706
0.874510
0.917647
0.678431
0.760784
0.768627
0.690196
0.749020
0.733333
0.725490
0.792157
0.796078
0.780392
0.862745
0.898039
0.749020
0.854902
0.898039
0.635294
0.752941
0.764706
0.368627
0.474510
0.450980
0.125490
0.192157
0.086275
0.129412
0.164706
0.054902
0.125490
0.160784
0.054902
0.176471
0.223529
0.086275
0.207843
0.258824
0.113725
0.141176
0.215686
0.043137
0.121569
0.215686
0.031373
0.086275
0.152941
0.015686
0.098039
0.164706
0.007843
0.101961
0.172549
0.015686
0.098039
0.168627
0.011765
0.090196
0.168627
0.011765
0.098039
0.192157
0.011765
0.101961
0.180392
0.015686
0.090196
0.160784
0.015686
0.109804
0.192157
0.011765
0.149020
0.243137
0.015686
0.152941
0.235294
0.015686
0.168627
0.262745
0.062745
0.486275
0.596078
0.545098
0.682353
0.792157
0.819608
0.717647
0.823529
0.870588
0.760784
0.866667
0.925490
0.780392
0.890196
0.945098
0.811765
0.929412
0.980392
0.682353
0.760784
0.760784
0.580392
0.615686
0.576471
0.713725
0.788235
0.788235
0.800000
0.901961
0.929412
0.843137
0.956863
0.996078
0.819608
0.937255
0.976471
0.619608
0.733333
0.733333
0.254902
0.337255
0.258824
0.094118
0.149020
0.019608
0.129412
0.168627
0.054902
0.192157
0.239216
0.109804
0.219608
0.262745
0.125490
0.133333
0.200000
0.047059
0.117647
0.203922
0.027451
0.082353
0.149020
0.015686
0.094118
0.160784
0.015686
0.101961
0.172549
0.015686
0.094118
0.172549
0.011765
0.090196
0.188235
0.007843
0.109804
0.215686
0.007843
0.109804
0.192157
0.007843
0.086275
0.164706
0.007843
0.105882
0.192157
0.007843
0.152941
0.254902
0.011765
0.160784
0.262745
0.023529
0.305882
0.411765
0.282353
0.603922
0.721569
0.733333
0.690196
0.788235
0.827451
0.725490
0.823529
0.874510
0.737255
0.847059
0.898039
0.772549
0.878431
0.929412
0.803922
0.913725
0.956863
0.737255
0.823529
0.835294
0.549020
0.580392
0.521569
0.803922
0.882353
0.890196
0.870588
0.980392
1.000000
0.858824
0.968627
0.992157
0.854902
0.956863
0.996078
0.850980
0.964706
1.000000
0.721569
0.831373
0.862745
0.313725
0.392157
0.352941
0.125490
0.168627
0.070588
0.211765
0.250980
0.125490
0.231373
0.270588
0.141176
0.129412
0.196078
0.047059
0.117647
0.203922
0.023529
0.078431
0.145098
0.019608
0.086275
0.152941
0.015686
0.101961
0.172549
0.019608
0.094118
0.184314
0.011765
0.094118
0.196078
0.007843
0.113725
0.227451
0.003922
0.109804
0.203922
0.011765
0.098039
0.168627
0.011765
0.109804
0.200000
0.011765
0.149020
0.258824
0.015686
0.188235
0.301961
0.070588
0.443137
0.552941
0.490196
0.686275
0.792157
0.843137
0.713725
0.819608
0.866667
0.705882
0.811765
0.858824
0.721569
0.823529
0.870588
0.745098
0.850980
0.898039
0.776471
0.874510
0.913725
0.686275
0.772549
0.741176
0.627451
0.698039
0.513725
0.866667
0.960784
0.976471
0.850980
0.956863
0.992157
0.839216
0.949020
0.988235
0.819608
0.925490
0.972549
0.807843
0.917647
0.956863
0.831373
0.941176
0.976471
0.823529
0.925490
0.949020
0.431373
0.509804
0.474510
0.215686
0.254902
0.137255
0.247059
0.290196
0.164706
0.129412
0.203922
0.043137
0.125490
0.219608
0.031373
0.078431
0.145098
0.027451
0.078431
0.145098
0.019608
0.098039
0.176471
0.011765
0.109804
0.200000
0.007843
0.098039
0.192157
0.007843
0.101961
0.215686
0.003922
0.105882
0.203922
0.011765
0.094118
0.176471
0.019608
0.109804
0.203922
0.019608
0.133333
0.243137
0.007843
0.239216
0.352941
0.152941
0.588235
0.694118
0.698039
0.694118
0.800000
0.835294
0.705882
0.811765
0.854902
0.694118
0.788235
0.819608
0.686275
0.780392
0.807843
0.721569
0.815686
0.850980
0.729412
0.811765
0.839216
0.701961
0.780392
0.784314
0.705882
0.760784
0.737255
0.839216
0.925490
0.960784
0.839216
0.933333
0.984314
0.811765
0.909804
0.960784
0.792157
0.894118
0.941176
0.784314
0.890196
0.933333
0.792157
0.894118
0.933333
0.835294
0.933333
0.972549
0.737255
0.831373
0.847059
0.298039
0.360784
0.286275
0.247059
0.298039
0.172549
0.141176
0.223529
0.066667
0.129412
0.235294
0.039216
0.082353
0.149020
0.019608
0.094118
0.172549
0.019608
0.109804
0.207843
0.011765
0.117647
0.223529
0.015686
0.101961
0.203922
0.015686
0.094118
0.203922
0.003922
0.101961
0.207843
0.015686
0.098039
0.192157
0.023529
0.109804
0.211765
0.023529
0.129412
0.235294
0.035294
0.356863
0.462745
0.360784
0.650980
0.756863
0.768627
0.701961
0.807843
0.850980
0.686275
0.788235
0.823529
0.666667
0.745098
0.768627
0.654902
0.737255
0.749020
0.682353
0.764706
0.776471
0.674510
0.741176
0.752941
0.717647
0.788235
0.803922
0.713725
0.768627
0.788235
0.784314
0.854902
0.882353
0.803922
0.882353
0.937255
0.788235
0.878431
0.933333
0.780392
0.878431
0.925490
0.788235
0.882353
0.929412
0.792157
0.886275
0.929412
0.796078
0.882353
0.917647
0.796078
0.878431
0.925490
0.509804
0.592157
0.580392
0.262745
0.325490
0.231373
0.152941
0.243137
0.101961
0.125490
0.239216
0.027451
0.078431
0.172549
0.003922
0.117647
0.223529
0.007843
0.149020
0.278431
0.003922
0.149020
0.278431
0.007843
0.113725
0.223529
0.011765
0.094118
0.203922
0.003922
0.101961
0.215686
0.007843
0.094118
0.203922
0.015686
0.117647
0.227451
0.023529
0.152941
0.262745
0.058824
0.349020
0.458824
0.356863
0.658824
0.764706
0.784314
0.698039
0.796078
0.835294
0.662745
0.756863
0.780392
0.635294
0.713725
0.733333
0.650980
0.729412
0.737255
0.647059
0.721569
0.717647
0.623529
0.682353
0.662745
0.701961
0.768627
0.772549
0.701961
0.764706
0.764706
0.733333
0.792157
0.815686
0.772549
0.839216
0.878431
0.756863
0.839216
0.890196
0.752941
0.843137
0.894118
0.760784
0.850980
0.898039
0.784314
0.878431
0.917647
0.784314
0.858824
0.882353
0.788235
0.862745
0.898039
0.741176
0.827451
0.866667
0.572549
0.658824
0.662745
0.321569
0.415686
0.345098
0.145098
0.262745
0.058824
0.082353
0.188235
0.011765
0.141176
0.274510
0.003922
0.207843
0.380392
0.007843
0.200000
0.360784
0.015686
0.133333
0.262745
0.011765
0.098039
0.207843
0.007843
0.098039
0.211765
0.011765
0.090196
0.203922
0.011765
0.121569
0.235294
0.019608
0.149020
0.270588
0.015686
0.368627
0.482353
0.368627
0.670588
0.772549
0.796078
0.635294
0.733333
0.756863
0.611765
0.690196
0.709804
0.576471
0.639216
0.654902
0.615686
0.686275
0.682353
0.623529
0.674510
0.662745
0.576471
0.623529
0.592157
0.674510
0.737255
0.733333
0.682353
0.752941
0.768627
0.694118
0.760784
0.780392
0.729412
0.796078
0.819608
0.721569
0.796078
0.839216
0.737255
0.815686
0.870588
0.745098
0.831373
0.882353
0.764706
0.847059
0.886275
0.772549
0.847059
0.870588
0.772549
0.843137
0.870588
0.807843
0.890196
0.933333
0.772549
0.858824
0.886275
0.474510
0.556863
0.517647
0.160784
0.270588
0.066667
0.094118
0.203922
0.007843
0.152941
0.294118
0.011765
0.243137
0.427451
0.015686
0.231373
0.411765
0.015686
0.149020
0.286275
0.011765
0.098039
0.207843
0.007843
0.086275
0.196078
0.015686
0.082353
0.192157
0.011765
0.113725
0.227451
0.019608
0.156863
0.278431
0.031373
0.458824
0.572549
0.509804
0.639216
0.733333
0.756863
0.592157
0.666667
0.654902
0.490196
0.541176
0.541176
0.298039
0.337255
0.349020
0.568627
0.627451
0.627451
0.592157
0.639216
0.623529
0.564706
0.607843
0.580392
0.650980
0.705882
0.709804
0.650980
0.717647
0.729412
0.650980
0.701961
0.721569
0.647059
0.690196
0.705882
0.678431
0.741176
0.772549
0.717647
0.792157
0.835294
0.737255
0.819608
0.862745
0.756863
0.835294
0.866667
0.764706
0.839216
0.850980
0.768627
0.827451
0.847059
0.788235
0.843137
0.866667
0.784314
0.850980
0.866667
0.478431
0.552941
0.521569
0.133333
0.231373
0.047059
0.105882
0.223529
0.003922
0.133333
0.282353
0.011765
0.215686
0.396078
0.011765
0.215686
0.396078
0.011765
0.137255
0.282353
0.007843
0.090196
0.203922
0.007843
0.074510
0.176471
0.011765
0.070588
0.176471
0.011765
0.094118
0.203922
0.015686
0.137255
0.258824
0.031373
0.321569
0.450980
0.321569
0.576471
0.670588
0.666667
0.537255
0.603922
0.600000
0.490196
0.560784
0.568627
0.470588
0.545098
0.572549
0.568627
0.631373
0.643137
0.592157
0.650980
0.650980
0.564706
0.611765
0.603922
0.607843
0.647059
0.643137
0.611765
0.627451
0.627451
0.568627
0.580392
0.580392
0.623529
0.635294
0.647059
0.627451
0.674510
0.694118
0.690196
0.760784
0.788235
0.733333
0.811765
0.847059
0.741176
0.815686
0.847059
0.741176
0.807843
0.811765
0.760784
0.807843
0.811765
0.741176
0.764706
0.772549
0.768627
0.815686
0.815686
0.713725
0.780392
0.803922
0.407843
0.490196
0.419608
0.113725
0.243137
0.011765
0.117647
0.266667
0.011765
0.152941
0.317647
0.011765
0.160784
0.321569
0.015686
0.117647
0.258824
0.007843
0.094118
0.203922
0.015686
0.078431
0.180392
0.015686
0.074510
0.176471
0.011765
0.086275
0.192157
0.015686
0.094118
0.211765
0.003922
0.219608
0.345098
0.160784
0.545098
0.639216
0.623529
0.635294
0.709804
0.725490
0.686275
0.768627
0.796078
0.721569
0.800000
0.823529
0.682353
0.749020
0.772549
0.639216
0.713725
0.733333
0.619608
0.682353
0.698039
0.615686
0.678431
0.678431
0.525490
0.525490
0.537255
0.301961
0.286275
0.294118
0.325490
0.329412
0.341176
0.615686
0.650980
0.678431
0.647059
0.717647
0.741176
0.721569
0.800000
0.827451
0.733333
0.803922
0.831373
0.741176
0.800000
0.807843
0.760784
0.807843
0.815686
0.721569
0.737255
0.729412
0.764706
0.803922
0.807843
0.717647
0.800000
0.819608
0.262745
0.349020
0.274510
0.109804
0.247059
0.011765
0.105882
0.250980
0.007843
0.105882
0.250980
0.011765
0.113725
0.250980
0.015686
0.105882
0.239216
0.011765
0.094118
0.215686
0.019608
0.086275
0.207843
0.011765
0.086275
0.211765
0.007843
0.082353
0.196078
0.011765
0.082353
0.196078
0.023529
0.133333
0.254902
0.105882
0.549020
0.654902
0.631373
0.717647
0.811765
0.850980
0.698039
0.792157
0.819608
0.713725
0.788235
0.803922
0.749020
0.823529
0.866667
0.721569
0.800000
0.835294
0.717647
0.792157
0.819608
0.674510
0.745098
0.772549
0.564706
0.607843
0.639216
0.156863
0.176471
0.219608
0.070588
0.090196
0.137255
0.349020
0.372549
0.400000
0.615686
0.670588
0.694118
0.705882
0.776471
0.800000
0.698039
0.760784
0.784314
0.733333
0.780392
0.796078
0.760784
0.811765
0.815686
0.725490
0.749020
0.749020
0.749020
0.788235
0.792157
0.776471
0.843137
0.862745
0.474510
0.560784
0.513725
0.105882
0.231373
0.011765
0.094118
0.223529
0.007843
0.082353
0.215686
0.015686
0.090196
0.219608
0.019608
0.098039
0.227451
0.011765
0.094118
0.231373
0.011765
0.101961
0.239216
0.015686
0.109804
0.243137
0.023529
0.094118
0.219608
0.027451
0.141176
0.254902
0.117647
0.498039
0.596078
0.572549
0.737255
0.823529
0.874510
0.725490
0.815686
0.862745
0.678431
0.764706
0.803922
0.376471
0.423529
0.454902
0.380392
0.435294
0.482353
0.639216
0.698039
0.749020
0.698039
0.772549
0.815686
0.705882
0.788235
0.807843
0.690196
0.768627
0.780392
0.529412
0.580392
0.603922
0.121569
0.141176
0.164706
0.247059
0.258824
0.254902
0.576471
0.615686
0.615686
0.678431
0.741176
0.756863
0.670588
0.725490
0.745098
0.709804
0.756863
0.764706
0.764706
0.819608
0.839216
0.725490
0.760784
0.760784
0.737255
0.780392
0.784314
0.764706
0.819608
0.831373
0.713725
0.776471
0.792157
0.086275
0.200000
0.015686
0.078431
0.196078
0.007843
0.082353
0.196078
0.015686
0.098039
0.215686
0.019608
0.098039
0.231373
0.007843
0.094118
0.231373
0.011765
0.098039
0.231373
0.015686
0.105882
0.239216
0.027451
0.137255
0.258824
0.078431
0.129412
0.239216
0.113725
0.501961
0.592157
0.552941
0.658824
0.729412
0.745098
0.600000
0.670588
0.658824
0.521569
0.580392
0.584314
0.050980
0.070588
0.070588
0.039216
0.058824
0.074510
0.286275
0.317647
0.341176
0.564706
0.627451
0.654902
0.623529
0.694118
0.705882
0.674510
0.737255
0.737255
0.666667
0.721569
0.733333
0.474510
0.494118
0.513725
0.525490
0.521569
0.517647
0.564706
0.588235
0.580392
0.643137
0.698039
0.698039
0.658824
0.709804
0.729412
0.686275
0.733333
0.737255
0.780392
0.835294
0.858824
0.709804
0.752941
0.752941
0.733333
0.772549
0.776471
0.756863
0.800000
0.803922
0.654902
0.701961
0.690196
0.066667
0.172549
0.023529
0.066667
0.168627
0.019608
0.066667
0.172549
0.019608
0.090196
0.203922
0.023529
0.101961
0.231373
0.015686
0.094118
0.215686
0.015686
0.090196
0.200000
0.027451
0.090196
0.203922
0.027451
0.094118
0.200000
0.031373
0.176471
0.274510
0.152941
0.517647
0.600000
0.572549
0.615686
0.678431
0.670588
0.560784
0.607843
0.580392
0.407843
0.447059
0.435294
0.031373
0.035294
0.039216
0.047059
0.054902
0.066667
0.156863
0.164706
0.188235
0.505882
0.552941
0.572549
0.619608
0.682353
0.698039
0.662745
0.717647
0.721569
0.717647
0.784314
0.792157
0.631373
0.674510
0.666667
0.560784
0.572549
0.549020
0.533333
0.549020
0.525490
0.623529
0.662745
0.647059
0.686275
0.745098
0.756863
0.713725
0.756863
0.756863
0.729412
0.780392
0.772549
0.721569
0.760784
0.764706
0.733333
0.776471
0.780392
0.768627
0.803922
0.815686
0.835294
0.847059
0.858824
0.070588
0.145098
0.035294
0.066667
0.145098
0.031373
0.066667
0.141176
0.027451
0.078431
0.176471
0.031373
0.101961
0.207843
0.027451
0.090196
0.192157
0.019608
0.078431
0.180392
0.027451
0.078431
0.176471
0.031373
0.078431
0.172549
0.027451
0.090196
0.180392
0.070588
0.450980
0.537255
0.490196
0.556863
0.615686
0.572549
0.505882
0.533333
0.454902
0.407843
0.415686
0.384314
0.074510
0.086275
0.098039
0.117647
0.121569
0.145098
0.333333
0.345098
0.368627
0.478431
0.509804
0.529412
0.615686
0.662745
0.666667
0.647059
0.698039
0.698039
0.698039
0.764706
0.776471
0.682353
0.733333
0.752941
0.592157
0.615686
0.615686
0.552941
0.560784
0.533333
0.600000
0.635294
0.623529
0.678431
0.737255
0.737255
0.717647
0.764706
0.764706
0.717647
0.756863
0.749020
0.725490
0.760784
0.760784
0.749020
0.788235
0.800000
0.811765
0.823529
0.847059
0.941176
0.937255
0.976471
0.141176
0.180392
0.094118
0.129412
0.172549
0.086275
0.121569
0.172549
0.074510
0.129412
0.188235
0.078431
0.164706
0.215686
0.082353
0.156863
0.211765
0.074510
0.125490
0.184314
0.058824
0.105882
0.172549
0.054902
0.101961
0.172549
0.058824
0.156863
0.223529
0.129412
0.427451
0.501961
0.443137
0.525490
0.576471
0.525490
0.450980
0.443137
0.345098
0.372549
0.333333
0.254902
0.207843
0.219608
0.211765
0.250980
0.262745
0.270588
0.407843
0.411765
0.403922
0.482353
0.505882
0.521569
0.600000
0.635294
0.631373
0.635294
0.662745
0.650980
0.678431
0.725490
0.717647
0.698039
0.756863
0.768627
0.650980
0.698039
0.698039
0.584314
0.611765
0.592157
0.576471
0.603922
0.584314
0.654902
0.701961
0.686275
0.749020
0.800000
0.811765
0.745098
0.784314
0.788235
0.725490
0.760784
0.760784
0.768627
0.796078
0.792157
0.831373
0.811765
0.835294
0.862745
0.819608
0.870588
0.274510
0.286275
0.231373
0.250980
0.274510
0.219608
0.243137
0.274510
0.211765
0.262745
0.286275
0.215686
0.305882
0.317647
0.227451
0.305882
0.317647
0.231373
0.262745
0.278431
0.200000
0.215686
0.250980
0.172549
0.219608
0.262745
0.176471
0.250980
0.290196
0.215686
0.294118
0.352941
0.290196
0.482353
0.537255
0.478431
0.427451
0.423529
0.329412
0.360784
0.333333
0.235294
0.298039
0.290196
0.231373
0.231373
0.235294
0.200000
0.317647
0.290196
0.239216
0.501961
0.501961
0.478431
0.596078
0.635294
0.635294
0.627451
0.670588
0.666667
0.694118
0.745098
0.737255
0.713725
0.776471
0.784314
0.713725
0.772549
0.788235
0.670588
0.717647
0.725490
0.588235
0.607843
0.592157
0.611765
0.647059
0.627451
0.756863
0.811765
0.831373
0.752941
0.800000
0.807843
0.745098
0.780392
0.788235
0.788235
0.800000
0.807843
0.866667
0.819608
0.858824
0.854902
0.819608
0.839216
0.341176
0.352941
0.321569
0.329412
0.352941
0.321569
0.333333
0.360784
0.321569
0.341176
0.368627
0.325490
0.392157
0.400000
0.345098
0.403922
0.411765
0.352941
0.368627
0.380392
0.329412
0.329412
0.352941
0.298039
0.325490
0.352941
0.290196
0.309804
0.333333
0.278431
0.360784
0.407843
0.364706
0.509804
0.568627
0.521569
0.447059
0.454902
0.364706
0.388235
0.360784
0.278431
0.250980
0.231373
0.203922
0.149020
0.133333
0.125490
0.149020
0.105882
0.082353
0.407843
0.360784
0.294118
0.580392
0.600000
0.584314
0.654902
0.698039
0.698039
0.682353
0.733333
0.733333
0.705882
0.768627
0.768627
0.709804
0.768627
0.784314
0.701961
0.756863
0.776471
0.674510
0.713725
0.725490
0.607843
0.647059
0.635294
0.709804
0.764706
0.780392
0.756863
0.815686
0.815686
0.733333
0.776471
0.776471
0.792157
0.800000
0.815686
0.870588
0.831373
0.862745
0.584314
0.592157
0.537255
0.368627
0.388235
0.349020
0.337255
0.368627
0.341176
0.341176
0.376471
0.345098
0.349020
0.388235
0.352941
0.380392
0.411765
0.368627
0.400000
0.427451
0.384314
0.384314
0.415686
0.372549
0.364706
0.396078
0.360784
0.368627
0.403922
0.360784
0.364706
0.396078
0.352941
0.400000
0.447059
0.411765
0.509804
0.576471
0.541176
0.470588
0.466667
0.403922
0.466667
0.305882
0.313725
0.450980
0.258824
0.325490
0.403922
0.219608
0.294118
0.305882
0.180392
0.239216
0.290196
0.215686
0.168627
0.549020
0.556863
0.509804
0.615686
0.647059
0.631373
0.690196
0.737255
0.733333
0.698039
0.752941
0.756863
0.678431
0.741176
0.745098
0.682353
0.749020
0.760784
0.686275
0.745098
0.768627
0.650980
0.701961
0.705882
0.658824
0.717647
0.717647
0.741176
0.807843
0.807843
0.745098
0.776471
0.772549
0.768627
0.776471
0.772549
0.752941
0.745098
0.745098
0.439216
0.443137
0.368627
0.580392
0.580392
0.509804
0.450980
0.466667
0.407843
0.388235
0.407843
0.356863
0.384314
0.403922
0.352941
0.403922
0.419608
0.376471
0.384314
0.407843
0.372549
0.345098
0.384314
0.352941
0.345098
0.384314
0.356863
0.345098
0.388235
0.356863
0.341176
0.380392
0.352941
0.349020
0.396078
0.360784
0.474510
0.541176
0.509804
0.490196
0.529412
0.454902
0.439216
0.403922
0.321569
0.262745
0.172549
0.160784
0.266667
0.121569
0.121569
0.333333
0.184314
0.207843
0.160784
0.094118
0.086275
0.419608
0.407843
0.333333
0.596078
0.619608
0.576471
0.627451
0.658824
0.643137
0.682353
0.721569
0.713725
0.666667
0.713725
0.709804
0.647059
0.705882
0.705882
0.654902
0.713725
0.709804
0.643137
0.686275
0.686275
0.647059
0.694118
0.682353
0.705882
0.772549
0.772549
0.733333
0.772549
0.768627
0.737255
0.764706
0.760784
0.725490
0.733333
0.725490
0.631373
0.631373
0.556863
0.784314
0.764706
0.690196
0.705882
0.690196
0.615686
0.662745
0.647059
0.576471
0.674510
0.662745
0.588235
0.666667
0.658824
0.584314
0.568627
0.572549
0.505882
0.462745
0.486275
0.431373
0.439216
0.466667
0.423529
0.411765
0.439216
0.407843
0.376471
0.407843
0.384314
0.396078
0.427451
0.392157
0.490196
0.552941
0.529412
0.521569
0.552941
0.509804
0.458824
0.466667
0.372549
0.223529
0.239216
0.196078
0.019608
0.035294
0.031373
0.066667
0.070588
0.062745
0.192157
0.152941
0.117647
0.380392
0.337255
0.250980
0.568627
0.588235
0.521569
0.596078
0.619608
0.592157
0.619608
0.654902
0.631373
0.666667
0.713725
0.713725
0.619608
0.658824
0.654902
0.584314
0.615686
0.584314
0.600000
0.635294
0.615686
0.635294
0.666667
0.650980
0.694118
0.752941
0.741176
0.741176
0.796078
0.800000
0.733333
0.780392
0.784314
0.741176
0.756863
0.752941
0.752941
0.733333
0.678431
0.827451
0.803922
0.737255
0.823529
0.796078
0.729412
0.854902
0.819608
0.749020
0.905882
0.874510
0.800000
0.905882
0.874510
0.796078
0.835294
0.811765
0.737255
0.764706
0.749020
0.678431
0.717647
0.713725
0.650980
0.647059
0.647059
0.596078
0.568627
0.576471
0.533333
0.552941
0.568627
0.529412
0.560784
0.615686
0.596078
0.525490
0.584314
0.552941
0.474510
0.494118
0.407843
0.458824
0.447059
0.368627
0.368627
0.376471
0.341176
0.396078
0.400000
0.333333
0.450980
0.423529
0.305882
0.427451
0.392157
0.278431
0.454902
0.439216
0.341176
0.537255
0.541176
0.462745
0.521569
0.541176
0.470588
0.603922
0.639216
0.607843
0.584314
0.603922
0.572549
0.576471
0.596078
0.564706
0.603922
0.639216
0.615686
0.654902
0.686275
0.670588
0.701961
0.749020
0.733333
0.713725
0.772549
0.772549
0.717647
0.772549
0.776471
0.741176
0.752941
0.756863
0.819608
0.768627
0.784314
0.745098
0.729412
0.662745
0.803922
0.772549
0.709804
0.874510
0.835294
0.772549
0.941176
0.901961
0.839216
0.952941
0.917647
0.850980
0.898039
0.862745
0.796078
0.839216
0.803922
0.749020
0.800000
0.772549
0.713725
0.737255
0.725490
0.666667
0.666667
0.662745
0.615686
0.623529
0.643137
0.615686
0.568627
0.639216
0.627451
0.537255
0.600000
0.568627
0.509804
0.517647
0.443137
0.474510
0.458824
0.360784
0.486275
0.498039
0.411765
0.513725
0.494118
0.411765
0.494118
0.447059
0.341176
0.474510
0.447059
0.325490
0.466667
0.439216
0.325490
0.470588
0.454902
0.345098
0.474510
0.486275
0.388235
0.525490
0.541176
0.482353
0.564706
0.580392
0.541176
0.603922
0.627451
0.600000
0.647059
0.686275
0.666667
0.694118
0.733333
0.713725
0.701961
0.749020
0.733333
0.705882
0.749020
0.741176
0.713725
0.756863
0.756863
0.745098
0.756863
0.764706
0.819608
0.717647
0.752941
0.615686
0.611765
0.549020
0.650980
0.639216
0.576471
0.717647
0.705882
0.639216
0.788235
0.776471
0.709804
0.803922
0.792157
0.717647
0.772549
0.760784
0.694118
0.737255
0.721569
0.670588
0.713725
0.701961
0.643137
0.662745
0.662745
0.603922
0.619608
0.627451
0.576471
0.611765
0.643137
0.631373
0.564706
0.643137
0.635294
0.533333
0.596078
0.568627
0.513725
0.545098
0.486275
0.490196
0.490196
0.396078
0.490196
0.482353
0.384314
0.494118
0.494118
0.384314
0.501961
0.466667
0.345098
0.509804
0.486275
0.376471
0.521569
0.513725
0.419608
0.529412
0.513725
0.431373
0.541176
0.556863
0.505882
0.568627
0.592157
0.572549
0.607843
0.639216
0.619608
0.647059
0.682353
0.658824
0.678431
0.721569
0.709804
0.694118
0.741176
0.721569
0.701961
0.749020
0.733333
0.709804
0.756863
0.749020
0.729412
0.772549
0.772549
0.749020
0.760784
0.772549
0.807843
0.662745
0.694118
0.592157
0.603922
0.549020
0.537255
0.545098
0.498039
0.517647
0.521569
0.482353
0.494118
0.505882
0.466667
0.458824
0.474510
0.439216
0.443137
0.458824
0.423529
0.435294
0.450980
0.419608
0.431373
0.443137
0.419608
0.439216
0.454902
0.423529
0.494118
0.513725
0.482353
0.576471
0.627451
0.627451
0.592157
0.670588
0.670588
0.552941
0.623529
0.603922
0.533333
0.592157
0.549020
0.513725
0.537255
0.450980
0.490196
0.494118
0.396078
0.486275
0.494118
0.384314
0.490196
0.482353
0.372549
0.498039
0.482353
0.364706
0.525490
0.525490
0.427451
0.552941
0.552941
0.478431
0.564706
0.584314
0.556863
0.588235
0.619608
0.619608
0.611765
0.658824
0.639216
0.674510
0.725490
0.705882
0.674510
0.733333
0.717647
0.701961
0.752941
0.737255
0.713725
0.764706
0.752941
0.717647
0.776471
0.768627
0.741176
0.792157
0.796078
0.756863
0.772549
0.792157
0.796078
0.650980
0.682353
0.584314
0.592157
0.556863
0.560784
0.560784
0.533333
0.525490
0.529412
0.498039
0.439216
0.447059
0.427451
0.352941
0.372549
0.356863
0.352941
0.376471
0.364706
0.376471
0.400000
0.388235
0.380392
0.407843
0.400000
0.380392
0.415686
0.411765
0.462745
0.513725
0.509804
0.580392
0.650980
0.662745
0.607843
0.686275
0.694118
0.564706
0.635294
0.619608
0.564706
0.635294
0.615686
0.537255
0.584314
0.541176
0.521569
0.545098
0.486275
0.501961
0.525490
0.447059
0.505882
0.525490
0.443137
0.486275
0.498039
0.400000
0.509804
0.525490
0.447059
0.537255
0.549020
0.498039
0.600000
0.639216
0.611765
0.600000
0.639216
0.615686
0.639216
0.690196
0.666667
0.674510
0.729412
0.713725
0.694118
0.749020
0.729412
0.713725
0.764706
0.752941
0.721569
0.776471
0.772549
0.733333
0.788235
0.788235
0.745098
0.796078
0.800000
0.764706
0.788235
0.815686
0.807843
0.670588
0.705882
0.533333
0.541176
0.513725
0.552941
0.552941
0.521569
0.552941
0.556863
0.513725
0.486275
0.490196
0.458824
0.392157
0.415686
0.396078
0.376471
0.400000
0.388235
0.392157
0.415686
0.396078
0.396078
0.427451
0.403922
0.392157
0.431373
0.415686
0.501961
0.568627
0.564706
0.615686
0.698039
0.713725
0.619608
0.709804
0.721569
0.564706
0.639216
0.623529
0.556863
0.631373
0.619608
0.560784
0.623529
0.600000
0.533333
0.584314
0.552941
0.541176
0.580392
0.537255
0.521569
0.564706
0.525490
0.501961
0.545098
0.505882
0.513725
0.549020
0.521569
0.552941
0.584314
0.576471
0.619608
0.674510
0.666667
0.627451
0.674510
0.654902
0.650980
0.705882
0.690196
0.682353
0.737255
0.725490
0.698039
0.749020
0.729412
0.721569
0.772549
0.764706
0.737255
0.796078
0.796078
0.745098
0.807843
0.823529
0.745098
0.796078
0.807843
0.788235
0.784314
0.815686
0.835294
0.717647
0.764706
