0.317647
0.368627
0.372549
0.423529
0.403922
0.364706
0.309804
0.329412
0.376471
0.364706
0.380392
0.415686
0.407843
0.392157
0.407843
0.415686
0.360784
0.321569
0.313725
0.301961
0.286275
0.282353
0.301961
0.341176
0.294118
0.313725
0.349020
0.333333
0.321569
0.325490
0.321569
0.345098
0.341176
0.403922
0.403922
0.521569
0.517647
0.345098
0.254902
0.278431
0.345098
0.349020
0.341176
0.392157
0.403922
0.380392
0.396078
0.411765
0.349020
0.258824
0.247059
0.262745
0.254902
0.231373
0.235294
0.333333
0.239216
0.258824
0.286275
0.274510
0.274510
0.270588
0.270588
0.341176
0.356863
0.360784
0.396078
0.447059
0.501961
0.443137
0.282353
0.290196
0.341176
0.349020
0.349020
0.392157
0.415686
0.419608
0.368627
0.360784
0.352941
0.278431
0.266667
0.239216
0.247059
0.290196
0.254902
0.313725
0.298039
0.235294
0.211765
0.243137
0.258824
0.239216
0.219608
0.313725
0.356863
0.356863
0.439216
0.482353
0.560784
0.596078
0.360784
0.317647
0.341176
0.372549
0.435294
0.466667
0.435294
0.478431
0.415686
0.321569
0.298039
0.305882
0.317647
0.274510
0.250980
0.294118
0.278431
0.290196
0.388235
0.298039
0.203922
0.231373
0.278431
0.250980
0.211765
0.286275
0.388235
0.388235
0.435294
0.478431
0.545098
0.698039
0.701961
0.568627
0.490196
0.545098
0.584314
0.513725
0.494118
0.470588
0.388235
0.325490
0.333333
0.333333
0.349020
0.290196
0.262745
0.239216
0.250980
0.278431
0.333333
0.305882
0.254902
0.258824
0.274510
0.254902
0.250980
0.298039
0.337255
0.372549
0.474510
0.388235
0.400000
0.701961
0.968627
0.952941
0.913725
0.843137
0.658824
0.588235
0.545098
0.454902
0.345098
0.321569
0.349020
0.294118
0.298039
0.298039
0.286275
0.243137
0.254902
0.247059
0.254902
0.313725
0.290196
0.243137
0.231373
0.223529
0.223529
0.290196
0.317647
0.325490
0.462745
0.411765
0.403922
0.635294
0.925490
0.976471
1.000000
0.945098
0.623529
0.545098
0.494118
0.400000
0.380392
0.329412
0.305882
0.290196
0.298039
0.305882
0.290196
0.227451
0.235294
0.227451
0.227451
0.290196
0.286275
0.227451
0.203922
0.184314
0.188235
0.278431
0.372549
0.376471
0.396078
0.447059
0.427451
0.552941
0.803922
0.949020
0.949020
0.988235
0.764706
0.513725
0.415686
0.356863
0.384314
0.360784
0.313725
0.309804
0.294118
0.301961
0.247059
0.247059
0.227451
0.211765
0.219608
0.215686
0.223529
0.200000
0.219608
0.211765
0.172549
0.282353
0.349020
0.313725
0.294118
0.415686
0.443137
0.533333
0.650980
0.823529
0.898039
1.000000
0.721569
0.364706
0.341176
0.419608
0.450980
0.454902
0.447059
0.396078
0.352941
0.337255
0.266667
0.278431
0.243137
0.196078
0.160784
0.164706
0.180392
0.160784
0.164706
0.184314
0.168627
0.266667
0.345098
0.309804
0.282353
0.411765
0.368627
0.286275
0.498039
0.721569
0.701961
0.741176
0.650980
0.525490
0.678431
0.807843
0.847059
0.878431
0.890196
0.835294
0.788235
0.682353
0.541176
0.431373
0.309804
0.215686
0.176471
0.184314
0.164706
0.219608
0.192157
0.176471
0.176471
0.247059
0.349020
0.352941
0.333333
0.443137
0.415686
0.321569
0.584314
0.952941
0.717647
0.588235
0.878431
0.941176
0.984314
1.000000
0.988235
0.992157
1.000000
1.000000
1.000000
0.996078
0.956863
0.854902
0.705882
0.490196
0.203922
0.168627
0.188235
0.258824
0.274510
0.180392
0.180392
0.262745
0.352941
0.411765
0.376471
0.431373
0.423529
0.403922
0.603922
0.839216
0.898039
0.909804
0.996078
0.996078
0.988235
0.992157
0.996078
1.000000
0.988235
0.972549
0.988235
0.992157
0.992157
1.000000
1.000000
0.941176
0.654902
0.282353
0.188235
0.247059
0.341176
0.207843
0.192157
0.266667
0.400000
0.431373
0.392157
0.372549
0.364706
0.360784
0.313725
0.443137
0.905882
1.000000
0.992157
1.000000
0.992157
0.996078
1.000000
1.000000
0.992157
0.937255
0.909804
0.925490
0.894118
0.933333
1.000000
1.000000
0.984314
0.690196
0.270588
0.231373
0.235294
0.196078
0.215686
0.262745
0.435294
0.450980
0.360784
0.309804
0.294118
0.274510
0.254902
0.474510
0.929412
0.992157
1.000000
1.000000
0.980392
0.980392
1.000000
0.996078
1.000000
0.968627
0.878431
0.839216
0.698039
0.800000
0.996078
1.000000
0.945098
0.854902
0.470588
0.235294
0.192157
0.200000
0.231373
0.270588
0.407843
0.396078
0.341176
0.356863
0.278431
0.235294
0.388235
0.811765
0.992157
0.984314
1.000000
0.988235
0.929412
0.898039
0.937255
0.972549
0.960784
0.925490
0.870588
0.807843
0.521569
0.623529
0.945098
1.000000
0.984314
0.882353
0.580392
0.227451
0.211765
0.192157
0.200000
0.274510
0.364706
0.345098
0.305882
0.415686
0.356863
0.282353
0.474510
0.835294
0.988235
0.988235
0.996078
0.945098
0.854902
0.835294
0.854902
0.913725
0.878431
0.780392
0.721569
0.682353
0.407843
0.447059
0.784314
0.945098
1.000000
0.890196
0.701961
0.290196
0.203922
0.188235
0.211765
0.282353
0.376471
0.364706
0.294118
0.388235
0.376471
0.321569
0.466667
0.772549
0.976471
0.988235
0.945098
0.854902
0.815686
0.792157
0.807843
0.682353
0.572549
0.600000
0.549020
0.490196
0.356863
0.368627
0.505882
0.776471
1.000000
0.850980
0.756863
0.466667
0.250980
0.250980
0.231373
0.317647
0.352941
0.337255
0.274510
0.333333
0.388235
0.345098
0.470588
0.780392
0.980392
0.996078
0.815686
0.623529
0.603922
0.588235
0.556863
0.376471
0.294118
0.290196
0.274510
0.278431
0.286275
0.345098
0.329412
0.498039
0.917647
0.901961
0.713725
0.682353
0.349020
0.262745
0.258824
0.333333
0.333333
0.321569
0.278431
0.258824
0.364706
0.396078
0.380392
0.611765
0.925490
0.929412
0.541176
0.337255
0.368627
0.482353
0.498039
0.376471
0.356863
0.243137
0.215686
0.180392
0.258824
0.388235
0.349020
0.439216
0.686275
0.933333
0.623529
0.666667
0.682353
0.450980
0.345098
0.325490
0.305882
0.274510
0.286275
0.282353
0.329412
0.372549
0.337255
0.423529
0.756863
0.862745
0.423529
0.333333
0.403922
0.482353
0.509804
0.400000
0.364706
0.325490
0.321569
0.262745
0.341176
0.486275
0.400000
0.486275
0.662745
0.898039
0.788235
0.431373
0.584314
0.639216
0.556863
0.450980
0.286275
0.247059
0.286275
0.352941
0.368627
0.349020
0.262745
0.396078
0.756863
0.968627
0.603922
0.349020
0.376471
0.329412
0.407843
0.376471
0.321569
0.317647
0.341176
0.325490
0.411765
0.596078
0.545098
0.403922
0.525490
0.737255
0.972549
0.647059
0.305882
0.298039
0.360784
0.415686
0.282353
0.258824
0.274510
0.337255
0.372549
0.407843
0.286275
0.372549
0.721569
0.945098
0.517647
0.305882
0.313725
0.313725
0.423529
0.356863
0.329412
0.368627
0.419608
0.356863
0.407843
0.588235
0.541176
0.356863
0.298039
0.423529
0.788235
0.937255
0.525490
0.258824
0.247059
0.313725
0.301961
0.258824
0.211765
0.254902
0.301961
0.349020
0.360784
0.372549
0.627451
0.823529
0.356863
0.278431
0.321569
0.337255
0.392157
0.372549
0.384314
0.415686
0.431373
0.364706
0.301961
0.415686
0.356863
0.270588
0.301961
0.364706
0.419608
0.752941
0.749020
0.368627
0.317647
0.341176
0.301961
0.262745
0.188235
0.203922
0.211765
0.231373
0.349020
0.388235
0.568627
0.682353
0.247059
0.207843
0.274510
0.235294
0.262745
0.352941
0.376471
0.376471
0.396078
0.321569
0.313725
0.403922
0.301961
0.286275
0.360784
0.364706
0.239216
0.427451
0.796078
0.490196
0.286275
0.333333
0.282353
0.243137
0.184314
0.180392
0.168627
0.184314
0.282353
0.376471
0.647059
0.584314
0.192157
0.164706
0.180392
0.176471
0.227451
0.278431
0.274510
0.298039
0.345098
0.270588
0.345098
0.298039
0.239216
0.270588
0.286275
0.286275
0.282353
0.321569
0.564706
0.592157
0.262745
0.298039
0.274510
0.219608
0.168627
0.168627
0.156863
0.215686
0.439216
0.450980
0.721569
0.529412
0.188235
0.180392
0.164706
0.192157
0.250980
0.215686
0.200000
0.223529
0.274510
0.309804
0.309804
0.227451
0.172549
0.227451
0.294118
0.250980
0.313725
0.337255
0.270588
0.486275
0.349020
0.282353
0.286275
0.207843
0.160784
0.164706
0.219608
0.388235
0.545098
0.435294
0.705882
0.533333
0.266667
0.270588
0.196078
0.211765
0.270588
0.227451
0.192157
0.196078
0.219608
0.266667
0.286275
0.223529
0.180392
0.235294
0.250980
0.247059
0.309804
0.270588
0.231373
0.352941
0.329412
0.278431
0.341176
0.313725
0.203922
0.192157
0.258824
0.372549
0.368627
0.411765
0.729412
0.564706
0.396078
0.407843
0.309804
0.274510
0.274510
0.254902
0.247059
0.243137
0.207843
0.227451
0.270588
0.215686
0.180392
0.200000
0.219608
0.254902
0.274510
0.239216
0.266667
0.286275
0.243137
0.278431
0.419608
0.505882
0.337255
0.207843
0.215686
0.192157
0.254902
0.592157
0.631373
0.454902
0.458824
0.419608
0.349020
0.349020
0.329412
0.290196
0.309804
0.266667
0.231373
0.247059
0.262745
0.243137
0.211765
0.211765
0.231373
0.243137
0.247059
0.250980
0.270588
0.274510
0.258824
0.286275
0.525490
0.541176
0.462745
0.305882
0.168627
0.215686
0.521569
0.780392
0.560784
0.372549
0.450980
0.403922
0.352941
0.298039
0.337255
0.309804
0.266667
0.270588
0.270588
0.278431
0.258824
0.239216
0.215686
0.184314
0.184314
0.192157
0.219608
0.258824
0.270588
0.262745
0.231373
0.298039
0.650980
0.760784
0.701961
0.627451
0.321569
0.270588
0.596078
0.611765
0.392157
0.403922
0.411765
0.384314
0.388235
0.345098
0.337255
0.380392
0.321569
0.337255
0.341176
0.329412
0.313725
0.305882
0.278431
0.274510
0.278431
0.278431
0.254902
0.270588
0.290196
0.270588
0.262745
0.313725
0.572549
0.643137
0.615686
0.603922
0.521569
0.360784
0.337255
0.356863
0.329412
0.376471
0.372549
0.360784
0.380392
0.360784
0.337255
0.352941
0.356863
0.333333
0.317647
0.325490
0.329412
0.313725
0.309804
0.321569
0.313725
0.317647
0.313725
0.282353
0.270588
0.290196
0.286275
0.294118
0.364706
0.427451
0.419608
0.443137
0.403922
0.400000
0.396078
0.388235
0.415686
0.439216
0.458824
0.494118
0.490196
0.466667
0.478431
0.482353
0.423529
0.384314
0.372549
0.356863
0.341176
0.345098
0.364706
0.396078
0.333333
0.345098
0.392157
0.384314
0.364706
0.368627
0.368627
0.388235
0.388235
0.470588
0.427451
0.462745
0.450980
0.384314
0.380392
0.388235
0.415686
0.439216
0.458824
0.494118
0.478431
0.454902
0.498039
0.525490
0.450980
0.360784
0.341176
0.352941
0.341176
0.309804
0.309804
0.400000
0.294118
0.301961
0.337255
0.337255
0.333333
0.329412
0.329412
0.396078
0.403922
0.427451
0.380392
0.286275
0.309804
0.400000
0.380392
0.419608
0.427451
0.427451
0.419608
0.407843
0.392157
0.431373
0.454902
0.486275
0.474510
0.392157
0.376471
0.345098
0.349020
0.384314
0.345098
0.396078
0.368627
0.294118
0.278431
0.317647
0.337255
0.309804
0.290196
0.372549
0.400000
0.423529
0.380392
0.211765
0.223529
0.411765
0.380392
0.419608
0.423529
0.427451
0.396078
0.337255
0.270588
0.376471
0.450980
0.427451
0.403922
0.407843
0.419608
0.376471
0.352941
0.400000
0.380392
0.384314
0.466667
0.368627
0.278431
0.313725
0.364706
0.337255
0.294118
0.349020
0.419608
0.423529
0.349020
0.200000
0.184314
0.466667
0.678431
0.635294
0.533333
0.533333
0.407843
0.215686
0.219608
0.352941
0.411765
0.411765
0.431373
0.427451
0.435294
0.368627
0.345098
0.345098
0.356863
0.372549
0.411765
0.376471
0.325490
0.341176
0.368627
0.349020
0.337255
0.364706
0.360784
0.364706
0.384314
0.203922
0.172549
0.541176
0.941176
0.976471
0.909804
0.756863
0.368627
0.172549
0.278431
0.454902
0.427451
0.403922
0.458824
0.388235
0.372549
0.360784
0.352941
0.341176
0.352941
0.325490
0.325490
0.376471
0.352941
0.321569
0.329412
0.325490
0.305882
0.345098
0.360784
0.349020
0.427451
0.298039
0.258824
0.521569
0.854902
0.929412
0.972549
0.874510
0.360784
0.219608
0.352941
0.478431
0.462745
0.396078
0.415686
0.392157
0.384314
0.380392
0.364706
0.321569
0.321569
0.301961
0.294118
0.352941
0.360784
0.321569
0.301961
0.270588
0.235294
0.301961
0.439216
0.450980
0.423529
0.388235
0.337255
0.458824
0.682353
0.819608
0.862745
0.945098
0.607843
0.349020
0.407843
0.462745
0.439216
0.403922
0.407843
0.403922
0.384314
0.388235
0.333333
0.329412
0.305882
0.286275
0.290196
0.286275
0.301961
0.294118
0.313725
0.278431
0.188235
0.282353
0.415686
0.415686
0.360784
0.400000
0.372549
0.427451
0.498039
0.658824
0.780392
0.960784
0.654902
0.333333
0.388235
0.482353
0.470588
0.478431
0.505882
0.458824
0.423529
0.411765
0.345098
0.352941
0.309804
0.262745
0.235294
0.239216
0.247059
0.231373
0.243137
0.239216
0.180392
0.262745
0.388235
0.411765
0.360784
0.407843
0.282353
0.149020
0.337255
0.572549
0.564706
0.631373
0.643137
0.564706
0.694118
0.796078
0.843137
0.882353
0.886275
0.847059
0.807843
0.713725
0.588235
0.494118
0.376471
0.286275
0.254902
0.270588
0.219608
0.262745
0.250980
0.231373
0.207843
0.258824
0.396078
0.458824
0.415686
0.450980
0.321569
0.152941
0.435294
0.854902
0.607843
0.486275
0.886275
0.968627
0.972549
0.960784
0.964706
0.972549
0.956863
0.972549
0.992157
0.992157
0.964706
0.882353
0.745098
0.529412
0.254902
0.239216
0.247059
0.313725
0.337255
0.239216
0.227451
0.294118
0.407843
0.513725
0.450980
0.435294
0.333333
0.247059
0.474510
0.752941
0.835294
0.870588
1.000000
0.996078
0.964706
0.956863
0.968627
0.980392
0.945098
0.917647
0.941176
0.952941
0.964706
1.000000
1.000000
0.941176
0.666667
0.313725
0.250980
0.317647
0.403922
0.266667
0.243137
0.305882
0.439216
0.509804
0.447059
0.360784
0.278431
0.243137
0.219608
0.380392
0.870588
0.992157
0.996078
0.992157
0.956863
0.945098
0.960784
0.988235
0.976471
0.886275
0.831373
0.850980
0.827451
0.894118
0.984314
0.996078
0.980392
0.690196
0.301961
0.286275
0.290196
0.247059
0.270588
0.305882
0.466667
0.521569
0.411765
0.290196
0.219608
0.188235
0.192157
0.443137
0.925490
0.996078
1.000000
0.980392
0.925490
0.913725
0.941176
0.972549
0.996078
0.921569
0.792157
0.741176
0.603922
0.725490
0.952941
0.996078
0.929412
0.823529
0.474510
0.266667
0.235294
0.250980
0.290196
0.317647
0.454902
0.482353
0.403922
0.349020
0.215686
0.164706
0.341176
0.792157
0.996078
0.992157
0.996078
0.956863
0.858824
0.819608
0.862745
0.933333
0.941176
0.866667
0.776471
0.701961
0.419608
0.537255
0.901961
0.992157
0.976471
0.847059
0.560784
0.239216
0.235294
0.235294
0.262745
0.325490
0.423529
0.447059
0.384314
0.431373
0.309804
0.211765
0.427451
0.815686
0.988235
0.992157
0.980392
0.894118
0.772549
0.741176
0.768627
0.858824
0.835294
0.705882
0.623529
0.588235
0.317647
0.360784
0.741176
0.937255
1.000000
0.862745
0.674510
0.290196
0.219608
0.223529
0.270588
0.333333
0.415686
0.450980
0.376471
0.439216
0.364706
0.270588
0.435294
0.764706
0.980392
0.996078
0.913725
0.784314
0.721569
0.698039
0.729412
0.615686
0.498039
0.517647
0.474510
0.435294
0.301961
0.274510
0.443137
0.745098
1.000000
0.819608
0.733333
0.454902
0.247059
0.262745
0.262745
0.345098
0.384314
0.407843
0.349020
0.384314
0.388235
0.298039
0.443137
0.768627
0.980392
1.000000
0.768627
0.545098
0.525490
0.525490
0.521569
0.345098
0.247059
0.239216
0.227451
0.231373
0.227451
0.262745
0.274510
0.466667
0.894118
0.882353
0.694118
0.674510
0.352941
0.274510
0.278431
0.352941
0.356863
0.372549
0.329412
0.286275
0.349020
0.352941
0.345098
0.592157
0.925490
0.917647
0.478431
0.270588
0.325490
0.474510
0.517647
0.403922
0.376471
0.258824
0.207843
0.133333
0.184314
0.329412
0.325490
0.439216
0.686275
0.929412
0.627451
0.670588
0.690196
0.470588
0.372549
0.352941
0.313725
0.301961
0.309804
0.286275
0.301961
0.317647
0.294118
0.396078
0.745098
0.850980
0.376471
0.298039
0.407843
0.509804
0.552941
0.443137
0.419608
0.392157
0.356863
0.239216
0.270588
0.431373
0.388235
0.501961
0.674510
0.898039
0.792157
0.447059
0.603922
0.670588
0.600000
0.486275
0.278431
0.254902
0.286275
0.329412
0.325490
0.294118
0.211765
0.356863
0.729412
0.956863
0.592157
0.360784
0.423529
0.376471
0.439216
0.396078
0.356863
0.392157
0.407843
0.321569
0.345098
0.533333
0.525490
0.415686
0.537255
0.737255
0.972549
0.662745
0.329412
0.337255
0.411765
0.458824
0.270588
0.250980
0.262745
0.309804
0.329412
0.345098
0.223529
0.321569
0.690196
0.933333
0.525490
0.337255
0.360784
0.360784
0.443137
0.356863
0.345098
0.423529
0.470588
0.356863
0.352941
0.533333
0.529412
0.380392
0.317647
0.419608
0.780392
0.941176
0.545098
0.301961
0.305882
0.364706
0.282353
0.243137
0.196078
0.243137
0.266667
0.286275
0.286275
0.305882
0.592157
0.819608
0.356863
0.286275
0.333333
0.352941
0.407843
0.396078
0.419608
0.450980
0.458824
0.364706
0.274510
0.400000
0.388235
0.337255
0.349020
0.364706
0.400000
0.737255
0.752941
0.403922
0.380392
0.400000
0.286275
0.243137
0.172549
0.188235
0.196078
0.203922
0.298039
0.337255
0.537255
0.674510
0.247059
0.207843
0.278431
0.243137
0.274510
0.376471
0.411765
0.407843
0.415686
0.325490
0.305882
0.403922
0.337255
0.352941
0.411765
0.372549
0.227451
0.415686
0.800000
0.521569
0.337255
0.380392
0.274510
0.231373
0.172549
0.168627
0.168627
0.184314
0.250980
0.333333
0.615686
0.576471
0.192157
0.164706
0.184314
0.184314
0.235294
0.298039
0.301961
0.325490
0.364706
0.282353
0.349020
0.313725
0.278431
0.325490
0.337255
0.309804
0.294118
0.325490
0.572549
0.619608
0.294118
0.325490
0.274510
0.215686
0.164706
0.164706
0.152941
0.200000
0.400000
0.403922
0.698039
0.525490
0.200000
0.188235
0.168627
0.203922
0.270588
0.243137
0.231373
0.250980
0.298039
0.325490
0.325490
0.254902
0.207843
0.274510
0.341176
0.290196
0.345098
0.352941
0.286275
0.505882
0.368627
0.290196
0.282353
0.203922
0.160784
0.164706
0.200000
0.325490
0.474510
0.372549
0.674510
0.537255
0.294118
0.298039
0.223529
0.239216
0.305882
0.270588
0.231373
0.231373
0.247059
0.286275
0.309804
0.258824
0.219608
0.270588
0.294118
0.294118
0.349020
0.294118
0.247059
0.368627
0.341176
0.282353
0.337255
0.301961
0.184314
0.164706
0.219608
0.317647
0.321569
0.376471
0.701961
0.545098
0.403922
0.423529
0.325490
0.301961
0.313725
0.298039
0.294118
0.286275
0.247059
0.258824
0.305882
0.270588
0.227451
0.239216
0.266667
0.309804
0.321569
0.274510
0.301961
0.317647
0.270588
0.294118
0.427451
0.498039
0.309804
0.164706
0.172549
0.164706
0.247059
0.588235
0.607843
0.411765
0.435294
0.411765
0.352941
0.372549
0.360784
0.329412
0.356863
0.313725
0.278431
0.290196
0.309804
0.298039
0.266667
0.258824
0.278431
0.301961
0.298039
0.294118
0.321569
0.321569
0.301961
0.317647
0.556863
0.552941
0.462745
0.298039
0.152941
0.196078
0.505882
0.768627
0.541176
0.345098
0.427451
0.396078
0.352941
0.317647
0.368627
0.352941
0.313725
0.317647
0.317647
0.321569
0.301961
0.286275
0.258824
0.223529
0.223529
0.239216
0.262745
0.298039
0.313725
0.301961
0.274510
0.333333
0.694118
0.792157
0.729412
0.650980
0.329412
0.254902
0.572549
0.584314
0.364706
0.384314
0.388235
0.364706
0.384314
0.360784
0.368627
0.419608
0.368627
0.380392
0.388235
0.376471
0.352941
0.337255
0.309804
0.301961
0.305882
0.309804
0.294118
0.309804
0.325490
0.305882
0.298039
0.349020
0.596078
0.662745
0.639216
0.627451
0.537255
0.352941
0.305882
0.309804
0.294118
0.352941
0.337255
0.329412
0.368627
0.368627
0.360784
0.388235
0.400000
0.376471
0.356863
0.364706
0.364706
0.337255
0.329412
0.341176
0.333333
0.337255
0.349020
0.317647
0.301961
0.317647
0.317647
0.325490
0.270588
0.298039
0.278431
0.313725
0.286275
0.270588
0.262745
0.262745
0.274510
0.258824
0.266667
0.298039
0.290196
0.274510
0.294118
0.313725
0.274510
0.247059
0.258824
0.258824
0.250980
0.243137
0.247059
0.278431
0.235294
0.274510
0.290196
0.266667
0.282353
0.294118
0.282353
0.290196
0.262745
0.278431
0.223529
0.290196
0.294118
0.200000
0.184314
0.200000
0.215686
0.203922
0.200000
0.247059
0.247059
0.215686
0.235294
0.266667
0.219608
0.152941
0.168627
0.211765
0.211765
0.156863
0.141176
0.227451
0.145098
0.180392
0.200000
0.184314
0.200000
0.203922
0.207843
0.278431
0.258824
0.207843
0.160784
0.141176
0.180392
0.211765
0.156863
0.188235
0.188235
0.164706
0.160784
0.188235
0.192157
0.200000
0.160784
0.184314
0.203922
0.149020
0.164706
0.164706
0.180392
0.196078
0.137255
0.184314
0.176471
0.133333
0.121569
0.149020
0.164706
0.152941
0.145098
0.250980
0.254902
0.203922
0.196078
0.149020
0.168627
0.258824
0.168627
0.176471
0.164706
0.160784
0.188235
0.196078
0.156863
0.211765
0.180392
0.133333
0.149020
0.168627
0.192157
0.160784
0.149020
0.188235
0.152941
0.156863
0.262745
0.196078
0.125490
0.149020
0.180392
0.164706
0.149020
0.235294
0.298039
0.235294
0.207843
0.188235
0.184314
0.356863
0.525490
0.474510
0.345098
0.301961
0.266667
0.152941
0.156863
0.203922
0.160784
0.141176
0.188235
0.188235
0.211765
0.152941
0.137255
0.137255
0.145098
0.160784
0.211765
0.196078
0.164706
0.176471
0.188235
0.180392
0.200000
0.258824
0.247059
0.207843
0.266667
0.176471
0.172549
0.470588
0.850980
0.949020
0.854902
0.600000
0.274510
0.129412
0.168627
0.231373
0.156863
0.141176
0.207843
0.152941
0.168627
0.180392
0.176471
0.156863
0.180392
0.164706
0.152941
0.192157
0.176471
0.152941
0.164706
0.176471
0.180392
0.250980
0.223529
0.164706
0.274510
0.231373
0.235294
0.443137
0.725490
0.847059
0.913725
0.768627
0.258824
0.117647
0.168627
0.203922
0.172549
0.141176
0.180392
0.172549
0.188235
0.207843
0.200000
0.152941
0.172549
0.172549
0.156863
0.200000
0.203922
0.176471
0.168627
0.160784
0.152941
0.239216
0.282353
0.235294
0.231373
0.286275
0.294118
0.376471
0.521569
0.635294
0.749020
0.882353
0.486275
0.176471
0.180392
0.180392
0.168627
0.149020
0.156863
0.160784
0.152941
0.168627
0.125490
0.152941
0.164706
0.176471
0.188235
0.172549
0.184314
0.176471
0.211765
0.203922
0.149020
0.247059
0.262745
0.200000
0.164706
0.290196
0.325490
0.372549
0.360784
0.435294
0.619608
0.913725
0.529412
0.145098
0.176471
0.262745
0.262745
0.258824
0.266667
0.219608
0.184314
0.176471
0.113725
0.156863
0.156863
0.152941
0.149020
0.152941
0.149020
0.129412
0.156863
0.180392
0.152941
0.243137
0.262745
0.215686
0.180392
0.317647
0.250980
0.133333
0.262745
0.364706
0.376471
0.564706
0.525490
0.411765
0.552941
0.666667
0.713725
0.749020
0.760784
0.713725
0.670588
0.568627
0.423529
0.286275
0.200000
0.160784
0.160784
0.184314
0.125490
0.164706
0.164706
0.164706
0.160784
0.231373
0.262745
0.243137
0.227451
0.380392
0.317647
0.149020
0.388235
0.717647
0.474510
0.423529
0.827451
0.886275
0.870588
0.862745
0.878431
0.890196
0.874510
0.890196
0.917647
0.929412
0.898039
0.764706
0.635294
0.454902
0.192157
0.164706
0.145098
0.196078
0.235294
0.156863
0.168627
0.254902
0.247059
0.262745
0.243137
0.368627
0.341176
0.239216
0.427451
0.686275
0.772549
0.827451
0.992157
0.956863
0.870588
0.850980
0.882353
0.905882
0.862745
0.823529
0.850980
0.882353
0.913725
0.952941
0.980392
0.917647
0.631373
0.250980
0.137255
0.184314
0.298039
0.180392
0.176471
0.258824
0.266667
0.250980
0.227451
0.278431
0.282353
0.243137
0.192157
0.337255
0.835294
0.980392
0.988235
0.945098
0.862745
0.839216
0.874510
0.937255
0.937255
0.807843
0.729412
0.737255
0.721569
0.815686
0.929412
0.956863
0.929412
0.611765
0.192157
0.172549
0.188235
0.160784
0.196078
0.250980
0.286275
0.254902
0.184314
0.200000
0.219608
0.192157
0.172549
0.415686
0.913725
1.000000
0.992157
0.933333
0.827451
0.803922
0.847059
0.937255
0.976471
0.854902
0.678431
0.600000
0.462745
0.627451
0.894118
0.960784
0.874510
0.729412
0.368627
0.172549
0.141176
0.160784
0.203922
0.247059
0.282353
0.227451
0.184314
0.270588
0.215686
0.152941
0.313725
0.760784
0.988235
1.000000
0.988235
0.905882
0.760784
0.705882
0.768627
0.878431
0.894118
0.784314
0.666667
0.576471
0.294118
0.443137
0.854902
0.972549
0.937255
0.752941
0.466667
0.156863
0.149020
0.141176
0.164706
0.247059
0.266667
0.203922
0.180392
0.364706
0.305882
0.188235
0.388235
0.776471
0.980392
1.000000
0.968627
0.835294
0.670588
0.627451
0.674510
0.776471
0.745098
0.600000
0.513725
0.482353
0.219608
0.278431
0.698039
0.929412
0.980392
0.780392
0.588235
0.219608
0.141176
0.133333
0.164706
0.243137
0.278431
0.231373
0.184314
0.349020
0.345098
0.250980
0.388235
0.713725
0.964706
1.000000
0.878431
0.713725
0.623529
0.588235
0.631373
0.505882
0.384314
0.415686
0.380392
0.341176
0.215686
0.207843
0.360784
0.690196
0.968627
0.745098
0.643137
0.376471
0.160784
0.160784
0.145098
0.243137
0.262745
0.219608
0.168627
0.282353
0.345098
0.270588
0.396078
0.725490
0.964706
1.000000
0.725490
0.462745
0.403922
0.376471
0.368627
0.211765
0.145098
0.160784
0.176471
0.200000
0.203922
0.196078
0.156863
0.384314
0.866667
0.831373
0.592157
0.560784
0.231373
0.152941
0.152941
0.243137
0.262745
0.227451
0.180392
0.172549
0.274510
0.294118
0.294118
0.552941
0.909804
0.917647
0.431373
0.168627
0.164706
0.262745
0.286275
0.215686
0.243137
0.141176
0.141176
0.129412
0.200000
0.254902
0.184314
0.333333
0.658824
0.898039
0.513725
0.521569
0.549020
0.333333
0.235294
0.239216
0.250980
0.203922
0.188235
0.156863
0.188235
0.239216
0.239216
0.368627
0.737255
0.843137
0.309804
0.168627
0.211765
0.274510
0.298039
0.215686
0.203922
0.176471
0.180392
0.149020
0.235294
0.341176
0.223529
0.356863
0.615686
0.854902
0.690196
0.305882
0.466667
0.521569
0.447059
0.360784
0.247059
0.203922
0.192157
0.184314
0.176471
0.192157
0.156863
0.345098
0.733333
0.941176
0.494118
0.196078
0.211765
0.149020
0.215686
0.192157
0.141176
0.137255
0.168627
0.164706
0.266667
0.443137
0.341176
0.231373
0.423529
0.650980
0.894118
0.572549
0.215686
0.200000
0.250980
0.317647
0.254902
0.223529
0.192157
0.180392
0.184314
0.231373
0.164706
0.301961
0.686275
0.913725
0.419608
0.172549
0.160784
0.145098
0.239216
0.172549
0.141176
0.176471
0.231373
0.196078
0.266667
0.423529
0.337255
0.172549
0.156863
0.286275
0.701961
0.894118
0.458824
0.160784
0.117647
0.207843
0.274510
0.215686
0.145098
0.168627
0.180392
0.200000
0.227451
0.270588
0.568627
0.788235
0.282353
0.172549
0.188235
0.176471
0.219608
0.188235
0.180392
0.188235
0.219608
0.203922
0.168627
0.243137
0.196078
0.137255
0.164706
0.203922
0.294118
0.686275
0.678431
0.239216
0.168627
0.243137
0.266667
0.223529
0.141176
0.160784
0.156863
0.156863
0.262745
0.305882
0.501961
0.639216
0.211765
0.160784
0.207843
0.141176
0.149020
0.227451
0.227451
0.200000
0.215686
0.176471
0.188235
0.250980
0.168627
0.172549
0.235294
0.211765
0.094118
0.333333
0.717647
0.368627
0.160784
0.262745
0.254902
0.219608
0.164706
0.168627
0.160784
0.168627
0.239216
0.309804
0.572549
0.525490
0.168627
0.160784
0.172549
0.145098
0.168627
0.215686
0.203922
0.192157
0.215686
0.145098
0.227451
0.184314
0.137255
0.176471
0.176471
0.156863
0.137255
0.211765
0.482353
0.486275
0.172549
0.254902
0.274510
0.219608
0.168627
0.172549
0.149020
0.188235
0.384314
0.380392
0.647059
0.458824
0.141176
0.160784
0.156863
0.168627
0.192157
0.164706
0.168627
0.164706
0.188235
0.203922
0.207843
0.152941
0.105882
0.152941
0.203922
0.141176
0.176471
0.227451
0.192157
0.388235
0.270588
0.247059
0.317647
0.227451
0.168627
0.160784
0.176471
0.290196
0.439216
0.333333
0.619608
0.458824
0.176471
0.203922
0.160784
0.156863
0.172549
0.152941
0.160784
0.149020
0.152941
0.172549
0.196078
0.184314
0.141176
0.172549
0.172549
0.156863
0.192157
0.176471
0.164706
0.258824
0.247059
0.243137
0.388235
0.345098
0.203922
0.160784
0.188235
0.282353
0.298039
0.349020
0.643137
0.439216
0.223529
0.250980
0.184314
0.156863
0.149020
0.149020
0.180392
0.172549
0.133333
0.141176
0.184314
0.160784
0.141176
0.160784
0.164706
0.172549
0.172549
0.145098
0.176471
0.184314
0.160784
0.235294
0.474510
0.549020
0.341176
0.164706
0.149020
0.141176
0.243137
0.568627
0.533333
0.266667
0.231373
0.200000
0.156863
0.192157
0.192157
0.168627
0.203922
0.164706
0.137255
0.156863
0.176471
0.156863
0.164706
0.192157
0.196078
0.168627
0.156863
0.156863
0.160784
0.168627
0.180392
0.239216
0.588235
0.596078
0.486275
0.294118
0.133333
0.176471
0.494118
0.725490
0.435294
0.180392
0.235294
0.200000
0.172549
0.145098
0.203922
0.188235
0.149020
0.164706
0.172549
0.184314
0.168627
0.168627
0.172549
0.160784
0.149020
0.129412
0.141176
0.180392
0.188235
0.184314
0.172549
0.254902
0.709804
0.827451
0.749020
0.647059
0.313725
0.243137
0.552941
0.533333
0.258824
0.235294
0.239216
0.219608
0.239216
0.219608
0.223529
0.270588
0.211765
0.235294
0.247059
0.247059
0.235294
0.250980
0.239216
0.243137
0.243137
0.231373
0.196078
0.211765
0.243137
0.227451
0.223529
0.278431
0.611765
0.698039
0.666667
0.639216
0.529412
0.341176
0.290196
0.278431
0.231373
0.270588
0.258824
0.254902
0.286275
0.278431
0.266667
0.274510
0.278431
0.262745
0.250980
0.266667
0.282353
0.278431
0.278431
0.290196
0.282353
0.282353
0.270588
0.243137
0.250980
0.278431
0.270588
0.270588
