0.274510
0.266667
0.176471
0.160784
0.200000
0.294118
0.384314
0.415686
0.368627
0.337255
0.325490
0.337255
0.403922
0.419608
0.411765
0.419608
0.380392
0.372549
0.388235
0.360784
0.396078
0.415686
0.372549
0.321569
0.352941
0.419608
0.517647
0.615686
0.635294
0.615686
0.603922
0.576471
0.282353
0.274510
0.231373
0.211765
0.203922
0.305882
0.443137
0.466667
0.403922
0.368627
0.325490
0.356863
0.403922
0.407843
0.396078
0.423529
0.384314
0.325490
0.345098
0.364706
0.419608
0.435294
0.372549
0.341176
0.321569
0.305882
0.352941
0.435294
0.462745
0.513725
0.580392
0.615686
0.270588
0.243137
0.227451
0.219608
0.203922
0.321569
0.498039
0.494118
0.439216
0.427451
0.376471
0.396078
0.400000
0.435294
0.411765
0.380392
0.352941
0.345098
0.352941
0.368627
0.380392
0.376471
0.341176
0.368627
0.349020
0.329412
0.360784
0.372549
0.368627
0.360784
0.396078
0.462745
0.278431
0.250980
0.215686
0.200000
0.219608
0.364706
0.474510
0.470588
0.427451
0.427451
0.372549
0.352941
0.415686
0.474510
0.403922
0.396078
0.360784
0.345098
0.349020
0.360784
0.396078
0.388235
0.356863
0.380392
0.333333
0.345098
0.400000
0.372549
0.388235
0.356863
0.364706
0.392157
0.313725
0.254902
0.196078
0.176471
0.243137
0.435294
0.462745
0.450980
0.450980
0.474510
0.380392
0.313725
0.411765
0.466667
0.376471
0.403922
0.443137
0.392157
0.333333
0.364706
0.415686
0.415686
0.372549
0.403922
0.356863
0.360784
0.392157
0.349020
0.352941
0.341176
0.419608
0.470588
0.352941
0.262745
0.188235
0.145098
0.239216
0.454902
0.486275
0.498039
0.509804
0.501961
0.427451
0.376471
0.392157
0.407843
0.407843
0.384314
0.396078
0.396078
0.360784
0.349020
0.341176
0.341176
0.301961
0.333333
0.333333
0.325490
0.337255
0.325490
0.364706
0.341176
0.411765
0.494118
0.380392
0.270588
0.172549
0.129412
0.258824
0.439216
0.427451
0.494118
0.549020
0.458824
0.388235
0.372549
0.372549
0.388235
0.392157
0.349020
0.325490
0.352941
0.341176
0.321569
0.333333
0.313725
0.258824
0.231373
0.258824
0.278431
0.286275
0.298039
0.313725
0.356863
0.396078
0.454902
0.337255
0.286275
0.188235
0.129412
0.250980
0.396078
0.415686
0.427451
0.400000
0.305882
0.278431
0.266667
0.266667
0.337255
0.372549
0.325490
0.298039
0.352941
0.337255
0.301961
0.352941
0.352941
0.321569
0.278431
0.298039
0.290196
0.298039
0.286275
0.282353
0.337255
0.364706
0.439216
0.305882
0.294118
0.239216
0.125490
0.196078
0.341176
0.376471
0.294118
0.223529
0.200000
0.207843
0.219608
0.188235
0.207843
0.258824
0.250980
0.258824
0.305882
0.329412
0.329412
0.317647
0.313725
0.317647
0.349020
0.403922
0.341176
0.349020
0.325490
0.309804
0.380392
0.372549
0.384314
0.352941
0.305882
0.231373
0.105882
0.141176
0.235294
0.250980
0.200000
0.239216
0.250980
0.286275
0.278431
0.274510
0.243137
0.254902
0.258824
0.239216
0.243137
0.282353
0.341176
0.325490
0.309804
0.305882
0.349020
0.462745
0.364706
0.321569
0.329412
0.337255
0.423529
0.407843
0.400000
0.368627
0.325490
0.215686
0.098039
0.137255
0.223529
0.215686
0.207843
0.290196
0.286275
0.305882
0.313725
0.368627
0.317647
0.384314
0.396078
0.282353
0.223529
0.278431
0.333333
0.337255
0.329412
0.364706
0.407843
0.435294
0.333333
0.317647
0.305882
0.337255
0.435294
0.411765
0.466667
0.368627
0.321569
0.172549
0.125490
0.203922
0.231373
0.211765
0.247059
0.250980
0.309804
0.321569
0.290196
0.301961
0.305882
0.419608
0.439216
0.301961
0.247059
0.290196
0.317647
0.298039
0.309804
0.407843
0.380392
0.333333
0.270588
0.286275
0.309804
0.341176
0.454902
0.419608
0.458824
0.333333
0.200000
0.090196
0.137255
0.219608
0.223529
0.243137
0.333333
0.298039
0.349020
0.317647
0.250980
0.250980
0.282353
0.337255
0.337255
0.290196
0.282353
0.286275
0.309804
0.301961
0.305882
0.352941
0.321569
0.305882
0.250980
0.231373
0.294118
0.372549
0.458824
0.439216
0.400000
0.203922
0.043137
0.062745
0.160784
0.247059
0.266667
0.305882
0.349020
0.333333
0.301961
0.258824
0.294118
0.360784
0.376471
0.360784
0.372549
0.352941
0.368627
0.356863
0.372549
0.443137
0.411765
0.352941
0.372549
0.388235
0.309804
0.258824
0.294118
0.388235
0.486275
0.466667
0.447059
0.196078
0.101961
0.098039
0.207843
0.270588
0.329412
0.333333
0.364706
0.313725
0.274510
0.301961
0.407843
0.450980
0.450980
0.447059
0.447059
0.431373
0.427451
0.400000
0.419608
0.482353
0.447059
0.356863
0.419608
0.407843
0.356863
0.282353
0.290196
0.345098
0.462745
0.458824
0.431373
0.200000
0.270588
0.180392
0.207843
0.282353
0.376471
0.305882
0.360784
0.388235
0.329412
0.345098
0.313725
0.321569
0.341176
0.360784
0.341176
0.345098
0.333333
0.301961
0.364706
0.305882
0.239216
0.282353
0.443137
0.403922
0.392157
0.313725
0.266667
0.333333
0.411765
0.407843
0.392157
0.168627
0.262745
0.298039
0.274510
0.286275
0.372549
0.337255
0.396078
0.411765
0.411765
0.352941
0.231373
0.231373
0.243137
0.247059
0.227451
0.305882
0.356863
0.352941
0.431373
0.286275
0.180392
0.341176
0.517647
0.458824
0.427451
0.313725
0.282353
0.388235
0.443137
0.403922
0.423529
0.164706
0.231373
0.298039
0.349020
0.384314
0.384314
0.384314
0.396078
0.345098
0.301961
0.231373
0.337255
0.431373
0.286275
0.207843
0.282353
0.380392
0.352941
0.411765
0.474510
0.450980
0.431373
0.533333
0.545098
0.462745
0.360784
0.235294
0.333333
0.450980
0.466667
0.423529
0.427451
0.145098
0.215686
0.239216
0.372549
0.407843
0.368627
0.337255
0.274510
0.294118
0.298039
0.239216
0.427451
0.603922
0.419608
0.313725
0.556863
0.458824
0.290196
0.388235
0.482353
0.592157
0.619608
0.549020
0.419608
0.345098
0.180392
0.160784
0.372549
0.435294
0.435294
0.439216
0.450980
0.172549
0.235294
0.301961
0.478431
0.431373
0.333333
0.337255
0.250980
0.301961
0.372549
0.321569
0.403922
0.517647
0.458824
0.474510
0.639216
0.580392
0.494118
0.486275
0.533333
0.580392
0.494118
0.345098
0.235294
0.125490
0.086275
0.258824
0.415686
0.423529
0.439216
0.486275
0.482353
0.227451
0.215686
0.372549
0.784314
0.772549
0.466667
0.341176
0.317647
0.313725
0.313725
0.309804
0.309804
0.407843
0.447059
0.501961
0.564706
0.564706
0.584314
0.549020
0.466667
0.360784
0.250980
0.149020
0.094118
0.078431
0.219608
0.419608
0.431373
0.419608
0.454902
0.470588
0.486275
0.270588
0.215686
0.478431
0.929412
0.980392
0.839216
0.611765
0.431373
0.329412
0.278431
0.337255
0.337255
0.321569
0.349020
0.427451
0.525490
0.447059
0.380392
0.321569
0.184314
0.094118
0.054902
0.047059
0.105882
0.219608
0.329412
0.443137
0.427451
0.447059
0.454902
0.466667
0.501961
0.286275
0.254902
0.607843
0.956863
0.976471
0.984314
0.929412
0.643137
0.392157
0.388235
0.478431
0.431373
0.321569
0.341176
0.443137
0.545098
0.364706
0.168627
0.082353
0.019608
0.023529
0.066667
0.176471
0.274510
0.305882
0.337255
0.474510
0.474510
0.478431
0.478431
0.474510
0.486275
0.317647
0.321569
0.729412
0.952941
0.976471
0.988235
1.000000
0.898039
0.564706
0.423529
0.427451
0.337255
0.258824
0.352941
0.490196
0.494118
0.278431
0.141176
0.109804
0.125490
0.196078
0.262745
0.341176
0.321569
0.309804
0.419608
0.466667
0.498039
0.501961
0.494118
0.486275
0.474510
0.341176
0.525490
0.847059
0.945098
0.972549
0.992157
0.984314
0.992157
0.898039
0.615686
0.360784
0.317647
0.388235
0.466667
0.494118
0.439216
0.309804
0.305882
0.372549
0.392157
0.392157
0.372549
0.345098
0.290196
0.325490
0.458824
0.494118
0.517647
0.494118
0.494118
0.494118
0.474510
0.423529
0.682353
0.850980
0.937255
0.976471
0.984314
0.984314
0.984314
0.984314
0.933333
0.705882
0.490196
0.517647
0.509804
0.462745
0.349020
0.298039
0.384314
0.478431
0.454902
0.392157
0.368627
0.443137
0.450980
0.368627
0.435294
0.505882
0.509804
0.505882
0.517647
0.501961
0.545098
0.478431
0.752941
0.835294
0.882353
0.956863
0.988235
0.988235
0.976471
0.968627
0.992157
0.968627
0.725490
0.490196
0.454902
0.313725
0.200000
0.317647
0.407843
0.462745
0.435294
0.360784
0.407843
0.490196
0.490196
0.443137
0.447059
0.466667
0.517647
0.521569
0.505882
0.509804
0.670588
0.545098
0.776471
0.843137
0.843137
0.913725
0.992157
0.984314
0.976471
0.968627
0.976471
1.000000
0.890196
0.431373
0.223529
0.223529
0.286275
0.341176
0.388235
0.435294
0.450980
0.450980
0.482353
0.470588
0.486275
0.490196
0.478431
0.490196
0.521569
0.513725
0.478431
0.501961
0.674510
0.674510
0.788235
0.858824
0.850980
0.890196
0.972549
0.984314
0.984314
0.984314
0.976471
0.976471
0.780392
0.309804
0.180392
0.341176
0.384314
0.380392
0.427451
0.462745
0.466667
0.505882
0.529412
0.505882
0.494118
0.470588
0.517647
0.564706
0.545098
0.501961
0.450980
0.427451
0.368627
0.788235
0.780392
0.847059
0.874510
0.878431
0.952941
0.988235
0.984314
0.988235
0.984314
0.976471
0.854902
0.505882
0.388235
0.407843
0.352941
0.419608
0.478431
0.470588
0.474510
0.466667
0.478431
0.513725
0.501961
0.486275
0.545098
0.619608
0.556863
0.533333
0.541176
0.533333
0.470588
0.823529
0.776471
0.831373
0.886275
0.870588
0.929412
0.980392
0.976471
0.992157
0.992157
0.980392
0.964706
0.792157
0.517647
0.454902
0.400000
0.427451
0.525490
0.584314
0.564706
0.509804
0.470588
0.545098
0.552941
0.482353
0.537255
0.623529
0.541176
0.509804
0.525490
0.564706
0.529412
0.796078
0.792157
0.831373
0.878431
0.874510
0.894118
0.980392
0.988235
0.996078
1.000000
0.988235
0.972549
0.937255
0.674510
0.462745
0.439216
0.415686
0.541176
0.670588
0.592157
0.584314
0.584314
0.627451
0.647059
0.513725
0.509804
0.576471
0.533333
0.454902
0.462745
0.537255
0.549020
0.266667
0.278431
0.211765
0.211765
0.243137
0.305882
0.368627
0.400000
0.376471
0.329412
0.325490
0.337255
0.372549
0.360784
0.372549
0.392157
0.349020
0.345098
0.360784
0.325490
0.356863
0.376471
0.333333
0.282353
0.305882
0.372549
0.470588
0.568627
0.592157
0.568627
0.552941
0.517647
0.266667
0.278431
0.258824
0.254902
0.239216
0.309804
0.415686
0.443137
0.400000
0.352941
0.317647
0.356863
0.380392
0.356863
0.376471
0.415686
0.376471
0.313725
0.329412
0.329412
0.380392
0.396078
0.333333
0.301961
0.282353
0.266667
0.313725
0.392157
0.427451
0.474510
0.533333
0.552941
0.250980
0.243137
0.250980
0.258824
0.231373
0.317647
0.462745
0.462745
0.427451
0.400000
0.360784
0.400000
0.384314
0.396078
0.403922
0.384314
0.352941
0.349020
0.345098
0.333333
0.341176
0.337255
0.301961
0.329412
0.313725
0.294118
0.325490
0.333333
0.337255
0.329412
0.352941
0.407843
0.247059
0.243137
0.235294
0.231373
0.239216
0.349020
0.435294
0.431373
0.403922
0.384314
0.349020
0.352941
0.407843
0.443137
0.392157
0.388235
0.352941
0.337255
0.337255
0.325490
0.356863
0.349020
0.317647
0.341176
0.298039
0.309804
0.364706
0.337255
0.356863
0.325490
0.325490
0.337255
0.274510
0.243137
0.207843
0.203922
0.254902
0.415686
0.415686
0.407843
0.419608
0.423529
0.349020
0.313725
0.411765
0.443137
0.349020
0.372549
0.415686
0.360784
0.301961
0.329412
0.376471
0.376471
0.329412
0.364706
0.321569
0.325490
0.356863
0.313725
0.321569
0.305882
0.376471
0.419608
0.309804
0.239216
0.196078
0.168627
0.243137
0.423529
0.431373
0.443137
0.470588
0.454902
0.396078
0.372549
0.384314
0.388235
0.372549
0.349020
0.356863
0.360784
0.321569
0.309804
0.305882
0.301961
0.266667
0.298039
0.294118
0.290196
0.305882
0.298039
0.337255
0.305882
0.372549
0.447059
0.333333
0.231373
0.172549
0.160784
0.250980
0.403922
0.380392
0.439216
0.490196
0.423529
0.360784
0.352941
0.352941
0.364706
0.360784
0.317647
0.298039
0.321569
0.309804
0.286275
0.301961
0.282353
0.231373
0.200000
0.215686
0.243137
0.258824
0.282353
0.301961
0.325490
0.356863
0.407843
0.294118
0.239216
0.188235
0.164706
0.258824
0.384314
0.392157
0.388235
0.352941
0.274510
0.250980
0.235294
0.235294
0.305882
0.341176
0.290196
0.266667
0.321569
0.305882
0.262745
0.317647
0.321569
0.290196
0.243137
0.254902
0.250980
0.274510
0.274510
0.270588
0.305882
0.325490
0.392157
0.262745
0.250980
0.235294
0.164706
0.227451
0.356863
0.380392
0.278431
0.196078
0.164706
0.172549
0.184314
0.152941
0.172549
0.223529
0.215686
0.223529
0.270588
0.290196
0.282353
0.270588
0.266667
0.274510
0.305882
0.356863
0.301961
0.325490
0.313725
0.301961
0.349020
0.333333
0.333333
0.309804
0.262745
0.227451
0.145098
0.180392
0.262745
0.262745
0.196078
0.219608
0.215686
0.247059
0.243137
0.235294
0.203922
0.219608
0.223529
0.203922
0.207843
0.247059
0.290196
0.274510
0.262745
0.258824
0.305882
0.415686
0.325490
0.298039
0.321569
0.325490
0.396078
0.368627
0.345098
0.325490
0.282353
0.215686
0.133333
0.164706
0.235294
0.215686
0.196078
0.266667
0.250980
0.266667
0.278431
0.329412
0.282353
0.349020
0.360784
0.250980
0.192157
0.239216
0.278431
0.278431
0.274510
0.313725
0.352941
0.384314
0.294118
0.294118
0.294118
0.325490
0.403922
0.372549
0.411765
0.321569
0.278431
0.172549
0.156863
0.215686
0.223529
0.192157
0.215686
0.215686
0.274510
0.286275
0.258824
0.266667
0.270588
0.388235
0.407843
0.274510
0.215686
0.250980
0.258824
0.231373
0.247059
0.345098
0.321569
0.282353
0.231373
0.258824
0.298039
0.329412
0.423529
0.380392
0.400000
0.290196
0.176471
0.094118
0.145098
0.200000
0.188235
0.203922
0.286275
0.254902
0.313725
0.282353
0.215686
0.219608
0.250980
0.301961
0.301961
0.250980
0.239216
0.239216
0.250980
0.239216
0.247059
0.294118
0.262745
0.247059
0.203922
0.196078
0.274510
0.349020
0.411765
0.384314
0.337255
0.168627
0.039216
0.066667
0.145098
0.203922
0.215686
0.254902
0.298039
0.286275
0.266667
0.223529
0.258824
0.325490
0.341176
0.325490
0.333333
0.305882
0.313725
0.294118
0.317647
0.388235
0.356863
0.298039
0.313725
0.325490
0.254902
0.215686
0.266667
0.352941
0.423529
0.400000
0.380392
0.164706
0.101961
0.098039
0.184314
0.227451
0.274510
0.282353
0.313725
0.266667
0.239216
0.266667
0.372549
0.415686
0.415686
0.415686
0.407843
0.380392
0.372549
0.337255
0.352941
0.415686
0.380392
0.290196
0.352941
0.341176
0.301961
0.239216
0.262745
0.309804
0.396078
0.388235
0.360784
0.180392
0.274510
0.172549
0.176471
0.231373
0.325490
0.254902
0.309804
0.341176
0.294118
0.309804
0.278431
0.286275
0.305882
0.325490
0.301961
0.294118
0.278431
0.239216
0.290196
0.231373
0.164706
0.203922
0.372549
0.337255
0.333333
0.270588
0.239216
0.298039
0.345098
0.337255
0.321569
0.164706
0.270588
0.286275
0.227451
0.235294
0.321569
0.290196
0.345098
0.364706
0.372549
0.317647
0.192157
0.196078
0.207843
0.211765
0.184314
0.254902
0.301961
0.286275
0.349020
0.200000
0.098039
0.258824
0.439216
0.392157
0.372549
0.266667
0.254902
0.352941
0.376471
0.333333
0.352941
0.172549
0.247059
0.282353
0.290196
0.325490
0.337255
0.333333
0.345098
0.294118
0.262745
0.196078
0.301961
0.396078
0.250980
0.172549
0.243137
0.329412
0.298039
0.341176
0.392157
0.364706
0.341176
0.443137
0.462745
0.396078
0.305882
0.192157
0.305882
0.415686
0.396078
0.352941
0.352941
0.156863
0.227451
0.215686
0.309804
0.352941
0.317647
0.290196
0.227451
0.247059
0.258824
0.200000
0.388235
0.564706
0.376471
0.274510
0.509804
0.403922
0.235294
0.321569
0.396078
0.505882
0.529412
0.458824
0.337255
0.278431
0.129412
0.117647
0.341176
0.396078
0.360784
0.364706
0.376471
0.172549
0.219608
0.258824
0.415686
0.380392
0.290196
0.294118
0.211765
0.258824
0.329412
0.274510
0.349020
0.454902
0.388235
0.396078
0.564706
0.513725
0.435294
0.427451
0.454902
0.498039
0.411765
0.254902
0.156863
0.086275
0.047059
0.215686
0.368627
0.364706
0.368627
0.411765
0.407843
0.219608
0.184314
0.321569
0.725490
0.729412
0.427451
0.305882
0.278431
0.274510
0.270588
0.258824
0.250980
0.333333
0.368627
0.407843
0.478431
0.494118
0.525490
0.498039
0.415686
0.305882
0.196078
0.090196
0.043137
0.047059
0.184314
0.372549
0.372549
0.352941
0.384314
0.396078
0.411765
0.250980
0.184314
0.431373
0.882353
0.949020
0.811765
0.580392
0.400000
0.298039
0.239216
0.286275
0.278431
0.247059
0.270588
0.333333
0.439216
0.372549
0.321569
0.274510
0.160784
0.078431
0.039216
0.027451
0.082353
0.188235
0.286275
0.388235
0.364706
0.376471
0.380392
0.392157
0.427451
0.258824
0.227451
0.572549
0.921569
0.956863
0.968627
0.909804
0.619608
0.368627
0.345098
0.427451
0.368627
0.247059
0.258824
0.352941
0.458824
0.290196
0.109804
0.039216
0.011765
0.023529
0.062745
0.172549
0.262745
0.266667
0.282353
0.411765
0.403922
0.400000
0.403922
0.400000
0.411765
0.282353
0.290196
0.701961
0.933333
0.960784
0.972549
0.988235
0.890196
0.545098
0.384314
0.376471
0.278431
0.184314
0.270588
0.396078
0.407843
0.207843
0.082353
0.062745
0.101961
0.176471
0.243137
0.325490
0.298039
0.262745
0.360784
0.396078
0.419608
0.423529
0.419608
0.411765
0.400000
0.294118
0.490196
0.827451
0.933333
0.964706
0.988235
0.976471
0.988235
0.890196
0.580392
0.309804
0.258824
0.313725
0.388235
0.403922
0.352941
0.239216
0.247059
0.317647
0.325490
0.325490
0.309804
0.286275
0.231373
0.266667
0.396078
0.419608
0.431373
0.407843
0.415686
0.423529
0.400000
0.376471
0.654902
0.835294
0.929412
0.972549
0.980392
0.980392
0.988235
0.988235
0.909804
0.662745
0.427451
0.443137
0.431373
0.400000
0.290196
0.243137
0.333333
0.423529
0.372549
0.305882
0.290196
0.364706
0.376471
0.301961
0.368627
0.431373
0.427451
0.423529
0.439216
0.419608
0.462745
0.439216
0.725490
0.815686
0.870588
0.949020
0.984314
0.992157
0.988235
0.984314
0.984314
0.945098
0.678431
0.415686
0.380392
0.286275
0.180392
0.290196
0.372549
0.411765
0.360784
0.282353
0.333333
0.419608
0.419608
0.372549
0.372549
0.392157
0.443137
0.439216
0.419608
0.419608
0.580392
0.501961
0.745098
0.819608
0.823529
0.898039
0.984314
0.984314
0.988235
0.984314
0.980392
0.992157
0.862745
0.376471
0.164706
0.200000
0.270588
0.313725
0.349020
0.380392
0.380392
0.376471
0.411765
0.400000
0.415686
0.419608
0.403922
0.415686
0.447059
0.435294
0.392157
0.411765
0.588235
0.623529
0.749020
0.827451
0.827451
0.866667
0.952941
0.976471
0.984314
0.992157
0.992157
0.980392
0.768627
0.274510
0.141176
0.317647
0.360784
0.341176
0.376471
0.403922
0.396078
0.431373
0.454902
0.435294
0.423529
0.396078
0.443137
0.490196
0.470588
0.423529
0.372549
0.349020
0.290196
0.725490
0.729412
0.807843
0.843137
0.847059
0.925490
0.968627
0.976471
0.992157
0.996078
0.980392
0.843137
0.470588
0.349020
0.380392
0.321569
0.372549
0.419608
0.400000
0.403922
0.396078
0.403922
0.439216
0.427451
0.411765
0.470588
0.545098
0.482353
0.462745
0.466667
0.462745
0.400000
0.756863
0.717647
0.784314
0.847059
0.831373
0.890196
0.952941
0.964706
0.984314
0.992157
0.972549
0.933333
0.737255
0.458824
0.415686
0.356863
0.368627
0.458824
0.509804
0.494118
0.439216
0.400000
0.470588
0.478431
0.407843
0.462745
0.549020
0.466667
0.439216
0.462745
0.501961
0.470588
0.725490
0.733333
0.780392
0.835294
0.831373
0.854902
0.949020
0.968627
0.984314
0.988235
0.960784
0.925490
0.870588
0.603922
0.411765
0.392157
0.352941
0.474510
0.596078
0.525490
0.513725
0.509804
0.552941
0.572549
0.439216
0.435294
0.501961
0.458824
0.384314
0.411765
0.490196
0.498039
0.188235
0.192157
0.121569
0.113725
0.137255
0.203922
0.266667
0.286275
0.247059
0.196078
0.192157
0.215686
0.270588
0.270588
0.266667
0.278431
0.235294
0.231373
0.247059
0.223529
0.258824
0.282353
0.235294
0.192157
0.247059
0.313725
0.411765
0.509804
0.541176
0.529412
0.513725
0.470588
0.184314
0.192157
0.160784
0.152941
0.133333
0.207843
0.313725
0.333333
0.274510
0.219608
0.184314
0.235294
0.274510
0.266667
0.262745
0.294118
0.254902
0.192157
0.211765
0.227451
0.282353
0.298039
0.235294
0.203922
0.188235
0.172549
0.219608
0.298039
0.337255
0.396078
0.462745
0.498039
0.156863
0.145098
0.145098
0.145098
0.129412
0.219608
0.364706
0.356863
0.305882
0.270588
0.231373
0.278431
0.278431
0.301961
0.286275
0.258824
0.231373
0.223529
0.227451
0.231373
0.243137
0.239216
0.203922
0.227451
0.196078
0.176471
0.203922
0.215686
0.219608
0.215686
0.254902
0.337255
0.149020
0.137255
0.121569
0.113725
0.137255
0.254902
0.337255
0.325490
0.282353
0.262745
0.223529
0.231373
0.298039
0.345098
0.278431
0.266667
0.231373
0.219608
0.219608
0.227451
0.258824
0.250980
0.219608
0.239216
0.172549
0.180392
0.235294
0.207843
0.227451
0.203922
0.215686
0.247059
0.172549
0.133333
0.090196
0.082353
0.152941
0.321569
0.321569
0.305882
0.301961
0.305882
0.223529
0.192157
0.301961
0.345098
0.235294
0.258824
0.301961
0.247059
0.192157
0.227451
0.278431
0.278431
0.235294
0.262745
0.200000
0.203922
0.235294
0.192157
0.203922
0.200000
0.270588
0.309804
0.215686
0.137255
0.082353
0.050980
0.145098
0.337255
0.341176
0.345098
0.356863
0.341176
0.278431
0.258824
0.278431
0.290196
0.274510
0.247059
0.258824
0.258824
0.227451
0.227451
0.223529
0.215686
0.176471
0.200000
0.188235
0.180392
0.196078
0.180392
0.227451
0.207843
0.266667
0.325490
0.250980
0.149020
0.074510
0.054902
0.156863
0.317647
0.294118
0.349020
0.400000
0.337255
0.274510
0.262745
0.266667
0.282353
0.290196
0.250980
0.227451
0.254902
0.247059
0.235294
0.247059
0.219608
0.152941
0.117647
0.133333
0.149020
0.152941
0.168627
0.184314
0.219608
0.243137
0.278431
0.215686
0.164706
0.094118
0.058824
0.149020
0.282353
0.301961
0.317647
0.294118
0.215686
0.192157
0.180392
0.180392
0.250980
0.294118
0.247059
0.223529
0.274510
0.262745
0.227451
0.274510
0.266667
0.219608
0.168627
0.176471
0.164706
0.168627
0.156863
0.152941
0.196078
0.211765
0.266667
0.184314
0.172549
0.141176
0.054902
0.098039
0.239216
0.298039
0.231373
0.168627
0.137255
0.145098
0.156863
0.125490
0.145098
0.196078
0.192157
0.196078
0.243137
0.266667
0.250980
0.231373
0.215686
0.207843
0.235294
0.282353
0.215686
0.223529
0.196078
0.180392
0.239216
0.223529
0.223529
0.227451
0.184314
0.137255
0.035294
0.058824
0.156863
0.196078
0.160784
0.207843
0.203922
0.235294
0.231373
0.223529
0.192157
0.196078
0.203922
0.184314
0.184314
0.223529
0.258824
0.235294
0.211765
0.192157
0.235294
0.341176
0.235294
0.196078
0.203922
0.207843
0.278431
0.258824
0.247059
0.243137
0.203922
0.121569
0.031373
0.078431
0.164706
0.164706
0.168627
0.250980
0.231373
0.243137
0.254902
0.309804
0.258824
0.313725
0.325490
0.211765
0.152941
0.203922
0.247059
0.243137
0.223529
0.250980
0.286275
0.309804
0.203922
0.192157
0.180392
0.203922
0.286275
0.262745
0.317647
0.243137
0.203922
0.082353
0.062745
0.160784
0.192157
0.160784
0.188235
0.188235
0.239216
0.247059
0.219608
0.231373
0.231373
0.333333
0.352941
0.219608
0.156863
0.200000
0.223529
0.200000
0.200000
0.286275
0.254902
0.207843
0.141176
0.156863
0.184314
0.207843
0.301961
0.270588
0.313725
0.231373
0.133333
0.039216
0.074510
0.156863
0.160784
0.172549
0.254902
0.219608
0.274510
0.247059
0.176471
0.180392
0.211765
0.258824
0.250980
0.200000
0.184314
0.184314
0.207843
0.196078
0.196078
0.239216
0.207843
0.192157
0.133333
0.113725
0.172549
0.243137
0.298039
0.278431
0.243137
0.125490
0.023529
0.039216
0.098039
0.160784
0.180392
0.219608
0.262745
0.250980
0.235294
0.196078
0.231373
0.298039
0.313725
0.298039
0.301961
0.266667
0.266667
0.243137
0.274510
0.345098
0.313725
0.254902
0.270588
0.286275
0.200000
0.149020
0.180392
0.254902
0.321569
0.298039
0.278431
0.109804
0.066667
0.058824
0.137255
0.188235
0.243137
0.247059
0.274510
0.231373
0.207843
0.239216
0.345098
0.392157
0.388235
0.384314
0.372549
0.345098
0.329412
0.290196
0.321569
0.388235
0.352941
0.262745
0.321569
0.301961
0.250980
0.172549
0.176471
0.215686
0.301961
0.294118
0.266667
0.109804
0.211765
0.121569
0.133333
0.196078
0.290196
0.219608
0.274510
0.305882
0.262745
0.282353
0.250980
0.258824
0.278431
0.298039
0.266667
0.258824
0.231373
0.192157
0.266667
0.211765
0.145098
0.188235
0.349020
0.301961
0.282353
0.200000
0.152941
0.207843
0.254902
0.247059
0.231373
0.078431
0.184314
0.219608
0.192157
0.200000
0.286275
0.254902
0.309804
0.329412
0.345098
0.290196
0.164706
0.168627
0.180392
0.184314
0.152941
0.219608
0.258824
0.239216
0.317647
0.172549
0.070588
0.231373
0.407843
0.352941
0.321569
0.200000
0.168627
0.258824
0.294118
0.250980
0.270588
0.074510
0.137255
0.203922
0.262745
0.298039
0.298039
0.298039
0.309804
0.258824
0.235294
0.172549
0.274510
0.368627
0.223529
0.145098
0.211765
0.294118
0.254902
0.290196
0.337255
0.309804
0.290196
0.388235
0.411765
0.352941
0.254902
0.121569
0.215686
0.325490
0.325490
0.278431
0.282353
0.058824
0.113725
0.137255
0.282353
0.325490
0.282353
0.254902
0.192157
0.211765
0.227451
0.172549
0.360784
0.537255
0.349020
0.243137
0.474510
0.368627
0.188235
0.262745
0.325490
0.427451
0.458824
0.384314
0.274510
0.235294
0.086275
0.054902
0.258824
0.313725
0.294118
0.298039
0.309804
0.078431
0.137255
0.211765
0.396078
0.352941
0.254902
0.258824
0.176471
0.223529
0.294118
0.243137
0.317647
0.427451
0.360784
0.356863
0.521569
0.462745
0.380392
0.360784
0.372549
0.419608
0.345098
0.203922
0.113725
0.054902
0.019608
0.160784
0.305882
0.298039
0.301961
0.345098
0.341176
0.125490
0.121569
0.290196
0.709804
0.701961
0.396078
0.270588
0.247059
0.243137
0.235294
0.223529
0.215686
0.305882
0.337255
0.364706
0.427451
0.439216
0.466667
0.431373
0.337255
0.239216
0.149020
0.062745
0.023529
0.027451
0.145098
0.317647
0.313725
0.290196
0.317647
0.329412
0.345098
0.160784
0.121569
0.396078
0.862745
0.925490
0.784314
0.552941
0.372549
0.266667
0.203922
0.250980
0.243137
0.219608
0.239216
0.290196
0.388235
0.317647
0.258824
0.219608
0.117647
0.043137
0.015686
0.007843
0.054902
0.145098
0.235294
0.329412
0.298039
0.309804
0.313725
0.325490
0.360784
0.172549
0.164706
0.533333
0.898039
0.937255
0.949020
0.890196
0.600000
0.345098
0.309804
0.392157
0.337255
0.219608
0.231373
0.309804
0.407843
0.235294
0.054902
0.007843
0.000000
0.000000
0.027451
0.133333
0.215686
0.215686
0.227451
0.349020
0.333333
0.329412
0.337255
0.333333
0.345098
0.196078
0.227451
0.658824
0.905882
0.945098
0.960784
0.976471
0.878431
0.529412
0.352941
0.341176
0.243137
0.156863
0.243137
0.352941
0.356863
0.149020
0.031373
0.035294
0.074510
0.137255
0.192157
0.266667
0.235294
0.203922
0.298039
0.329412
0.345098
0.345098
0.349020
0.345098
0.333333
0.211765
0.427451
0.784314
0.905882
0.949020
0.976471
0.968627
0.980392
0.878431
0.545098
0.270588
0.223529
0.286275
0.356863
0.360784
0.301961
0.184314
0.188235
0.262745
0.290196
0.286275
0.250980
0.211765
0.152941
0.203922
0.329412
0.349020
0.349020
0.325490
0.349020
0.356863
0.333333
0.301961
0.592157
0.788235
0.894118
0.952941
0.964706
0.972549
0.980392
0.980392
0.890196
0.635294
0.400000
0.411765
0.392157
0.341176
0.227451
0.180392
0.262745
0.360784
0.333333
0.262745
0.223529
0.278431
0.286275
0.231373
0.301961
0.360784
0.349020
0.345098
0.368627
0.349020
0.392157
0.372549
0.666667
0.764706
0.827451
0.917647
0.964706
0.976471
0.984314
0.980392
0.984314
0.937255
0.654902
0.380392
0.329412
0.211765
0.101961
0.207843
0.290196
0.341176
0.313725
0.231373
0.262745
0.329412
0.325490
0.301961
0.305882
0.325490
0.376471
0.372549
0.352941
0.349020
0.509804
0.431373
0.682353
0.768627
0.780392
0.866667
0.960784
0.968627
0.980392
0.984314
0.976471
0.976471
0.839216
0.333333
0.109804
0.121569
0.184314
0.231373
0.266667
0.309804
0.325490
0.317647
0.337255
0.313725
0.325490
0.349020
0.337255
0.349020
0.380392
0.376471
0.341176
0.360784
0.537255
0.549020
0.682353
0.768627
0.776471
0.835294
0.937255
0.964706
0.984314
0.992157
0.984314
0.964706
0.733333
0.227451
0.078431
0.235294
0.274510
0.262745
0.301961
0.329412
0.333333
0.368627
0.384314
0.356863
0.345098
0.325490
0.376471
0.423529
0.403922
0.364706
0.337255
0.317647
0.254902
0.647059
0.662745
0.745098
0.788235
0.815686
0.909804
0.960784
0.976471
0.992157
0.988235
0.964706
0.807843
0.419608
0.282353
0.298039
0.235294
0.294118
0.349020
0.329412
0.325490
0.321569
0.333333
0.372549
0.360784
0.345098
0.403922
0.478431
0.415686
0.403922
0.431373
0.427451
0.364706
0.670588
0.643137
0.717647
0.788235
0.803922
0.878431
0.949020
0.964706
0.992157
0.988235
0.956863
0.905882
0.698039
0.400000
0.337255
0.278431
0.294118
0.388235
0.439216
0.407843
0.352941
0.329412
0.411765
0.423529
0.341176
0.392157
0.482353
0.400000
0.376471
0.403922
0.447059
0.415686
0.635294
0.654902
0.709804
0.772549
0.800000
0.843137
0.945098
0.972549
0.992157
0.992157
0.952941
0.898039
0.831373
0.549020
0.341176
0.313725
0.282353
0.403922
0.521569
0.427451
0.427451
0.443137
0.501961
0.521569
0.376471
0.368627
0.435294
0.392157
0.313725
0.329412
0.407843
0.415686
