0.172549
0.180392
0.168627
0.164706
0.164706
0.164706
0.152941
0.149020
0.145098
0.145098
0.164706
0.192157
0.200000
0.192157
0.188235
0.188235
0.192157
0.184314
0.168627
0.156863
0.152941
0.152941
0.149020
0.152941
0.156863
0.172549
0.184314
0.184314
0.192157
0.219608
0.239216
0.239216
0.172549
0.184314
0.172549
0.172549
0.168627
0.164706
0.156863
0.156863
0.156863
0.152941
0.168627
0.172549
0.176471
0.184314
0.184314
0.180392
0.180392
0.184314
0.172549
0.164706
0.168627
0.164706
0.164706
0.164706
0.164706
0.164706
0.180392
0.192157
0.203922
0.231373
0.235294
0.223529
0.184314
0.207843
0.200000
0.168627
0.156863
0.160784
0.168627
0.172549
0.176471
0.180392
0.180392
0.184314
0.184314
0.180392
0.188235
0.196078
0.192157
0.200000
0.196078
0.184314
0.184314
0.176471
0.184314
0.176471
0.188235
0.180392
0.188235
0.215686
0.207843
0.200000
0.200000
0.192157
0.160784
0.180392
0.156863
0.168627
0.180392
0.184314
0.164706
0.192157
0.203922
0.200000
0.211765
0.207843
0.196078
0.196078
0.207843
0.211765
0.211765
0.207843
0.200000
0.200000
0.196078
0.196078
0.200000
0.203922
0.211765
0.211765
0.211765
0.215686
0.207843
0.188235
0.188235
0.192157
0.215686
0.231373
0.152941
0.176471
0.188235
0.215686
0.152941
0.196078
0.215686
0.215686
0.215686
0.215686
0.215686
0.215686
0.215686
0.219608
0.219608
0.215686
0.211765
0.215686
0.219608
0.223529
0.227451
0.227451
0.211765
0.215686
0.207843
0.207843
0.211765
0.203922
0.207843
0.223529
0.329412
0.309804
0.203922
0.196078
0.207843
0.243137
0.172549
0.203922
0.223529
0.231373
0.219608
0.231373
0.235294
0.243137
0.235294
0.235294
0.239216
0.243137
0.239216
0.231373
0.250980
0.247059
0.254902
0.254902
0.239216
0.250980
0.243137
0.235294
0.239216
0.231373
0.235294
0.247059
0.333333
0.337255
0.211765
0.211765
0.227451
0.258824
0.192157
0.207843
0.227451
0.247059
0.250980
0.247059
0.247059
0.258824
0.254902
0.258824
0.262745
0.266667
0.250980
0.266667
0.274510
0.278431
0.262745
0.262745
0.274510
0.282353
0.290196
0.262745
0.262745
0.258824
0.254902
0.258824
0.337255
0.341176
0.231373
0.243137
0.235294
0.243137
0.188235
0.215686
0.247059
0.219608
0.235294
0.258824
0.270588
0.278431
0.278431
0.286275
0.282353
0.286275
0.278431
0.282353
0.286275
0.286275
0.286275
0.298039
0.301961
0.301961
0.290196
0.270588
0.282353
0.278431
0.278431
0.266667
0.352941
0.321569
0.294118
0.298039
0.250980
0.235294
0.207843
0.235294
0.243137
0.172549
0.160784
0.254902
0.305882
0.301961
0.313725
0.301961
0.317647
0.317647
0.301961
0.290196
0.294118
0.309804
0.309804
0.313725
0.317647
0.321569
0.301961
0.305882
0.309804
0.301961
0.309804
0.301961
0.403922
0.356863
0.317647
0.333333
0.290196
0.286275
0.250980
0.266667
0.278431
0.196078
0.192157
0.290196
0.435294
0.427451
0.329412
0.337255
0.352941
0.325490
0.337255
0.333333
0.364706
0.278431
0.250980
0.243137
0.239216
0.282353
0.356863
0.337255
0.325490
0.278431
0.231373
0.235294
0.349020
0.333333
0.239216
0.305882
0.282353
0.301961
0.290196
0.301961
0.282353
0.223529
0.313725
0.411765
0.447059
0.431373
0.301961
0.274510
0.294118
0.247059
0.243137
0.247059
0.235294
0.211765
0.270588
0.317647
0.290196
0.227451
0.262745
0.298039
0.286275
0.243137
0.227451
0.219608
0.321569
0.301961
0.294118
0.356863
0.435294
0.431373
0.345098
0.321569
0.211765
0.203922
0.364706
0.419608
0.227451
0.274510
0.356863
0.407843
0.376471
0.360784
0.341176
0.278431
0.176471
0.192157
0.254902
0.286275
0.282353
0.180392
0.168627
0.196078
0.219608
0.247059
0.274510
0.223529
0.211765
0.337255
0.298039
0.341176
0.450980
0.478431
0.364706
0.329412
0.298039
0.298039
0.431373
0.439216
0.372549
0.352941
0.619608
0.729412
0.745098
0.713725
0.654902
0.568627
0.278431
0.258824
0.313725
0.270588
0.282353
0.223529
0.176471
0.239216
0.247059
0.282353
0.274510
0.215686
0.211765
0.349020
0.321569
0.180392
0.231373
0.309804
0.313725
0.368627
0.427451
0.541176
0.580392
0.639216
0.670588
0.650980
0.701961
0.815686
0.878431
0.894118
0.854902
0.788235
0.415686
0.337255
0.305882
0.188235
0.286275
0.254902
0.223529
0.286275
0.321569
0.337255
0.341176
0.301961
0.078431
0.149020
0.129412
0.039216
0.094118
0.247059
0.309804
0.454902
0.588235
0.670588
0.776471
0.854902
0.811765
0.803922
0.788235
0.800000
0.815686
0.905882
0.839216
0.780392
0.721569
0.686275
0.647059
0.458824
0.392157
0.419608
0.341176
0.419608
0.498039
0.415686
0.317647
0.388235
0.000000
0.003922
0.129412
0.215686
0.270588
0.290196
0.274510
0.266667
0.458824
0.580392
0.690196
0.752941
0.811765
0.847059
0.874510
0.647059
0.525490
0.556863
0.482353
0.447059
0.498039
0.596078
0.486275
0.321569
0.282353
0.235294
0.215686
0.329412
0.298039
0.266667
0.227451
0.313725
0.098039
0.086275
0.211765
0.298039
0.266667
0.254902
0.243137
0.188235
0.066667
0.094118
0.188235
0.243137
0.274510
0.360784
0.431373
0.227451
0.176471
0.180392
0.200000
0.223529
0.219608
0.247059
0.105882
0.290196
0.321569
0.313725
0.301961
0.321569
0.345098
0.341176
0.352941
0.341176
0.235294
0.227451
0.274510
0.286275
0.270588
0.247059
0.258824
0.239216
0.203922
0.164706
0.184314
0.211765
0.203922
0.156863
0.184314
0.176471
0.129412
0.133333
0.145098
0.133333
0.133333
0.180392
0.164706
0.352941
0.349020
0.345098
0.345098
0.356863
0.360784
0.364706
0.364706
0.376471
0.258824
0.250980
0.262745
0.309804
0.321569
0.294118
0.282353
0.290196
0.313725
0.333333
0.368627
0.345098
0.341176
0.305882
0.301961
0.227451
0.176471
0.184314
0.164706
0.133333
0.090196
0.105882
0.227451
0.337255
0.352941
0.352941
0.349020
0.368627
0.364706
0.372549
0.368627
0.388235
0.258824
0.258824
0.270588
0.290196
0.290196
0.278431
0.270588
0.290196
0.317647
0.337255
0.368627
0.388235
0.403922
0.411765
0.427451
0.349020
0.317647
0.262745
0.223529
0.211765
0.211765
0.215686
0.290196
0.360784
0.360784
0.356863
0.360784
0.380392
0.388235
0.388235
0.400000
0.419608
0.231373
0.243137
0.239216
0.243137
0.274510
0.258824
0.262745
0.274510
0.301961
0.325490
0.356863
0.364706
0.380392
0.419608
0.454902
0.439216
0.435294
0.403922
0.341176
0.309804
0.301961
0.282353
0.286275
0.349020
0.352941
0.345098
0.356863
0.372549
0.376471
0.384314
0.396078
0.415686
0.235294
0.227451
0.227451
0.219608
0.243137
0.282353
0.262745
0.254902
0.250980
0.305882
0.364706
0.403922
0.435294
0.439216
0.454902
0.443137
0.474510
0.450980
0.388235
0.368627
0.376471
0.341176
0.325490
0.345098
0.345098
0.341176
0.345098
0.345098
0.345098
0.352941
0.356863
0.368627
0.207843
0.207843
0.211765
0.219608
0.239216
0.270588
0.235294
0.231373
0.247059
0.309804
0.376471
0.415686
0.427451
0.435294
0.443137
0.435294
0.462745
0.458824
0.396078
0.368627
0.372549
0.352941
0.329412
0.333333
0.337255
0.333333
0.329412
0.321569
0.329412
0.325490
0.329412
0.337255
0.168627
0.168627
0.192157
0.215686
0.227451
0.223529
0.266667
0.278431
0.325490
0.352941
0.368627
0.392157
0.396078
0.407843
0.415686
0.419608
0.423529
0.423529
0.392157
0.364706
0.356863
0.360784
0.337255
0.337255
0.337255
0.337255
0.333333
0.333333
0.329412
0.333333
0.329412
0.325490
0.223529
0.211765
0.262745
0.262745
0.345098
0.313725
0.384314
0.450980
0.419608
0.321569
0.317647
0.333333
0.352941
0.360784
0.388235
0.392157
0.403922
0.400000
0.376471
0.356863
0.349020
0.352941
0.341176
0.333333
0.333333
0.329412
0.325490
0.329412
0.333333
0.341176
0.337255
0.337255
0.164706
0.215686
0.341176
0.549020
0.588235
0.564706
0.419608
0.501961
0.396078
0.286275
0.294118
0.305882
0.337255
0.360784
0.372549
0.364706
0.372549
0.376471
0.349020
0.337255
0.341176
0.341176
0.329412
0.329412
0.329412
0.321569
0.317647
0.309804
0.321569
0.329412
0.329412
0.329412
0.160784
0.196078
0.262745
0.462745
0.694118
0.643137
0.341176
0.294118
0.274510
0.278431
0.282353
0.329412
0.349020
0.356863
0.380392
0.380392
0.372549
0.356863
0.341176
0.333333
0.337255
0.329412
0.325490
0.321569
0.321569
0.309804
0.298039
0.305882
0.305882
0.309804
0.313725
0.313725
0.239216
0.219608
0.250980
0.325490
0.388235
0.349020
0.301961
0.305882
0.286275
0.258824
0.266667
0.333333
0.337255
0.352941
0.376471
0.364706
0.376471
0.368627
0.341176
0.329412
0.325490
0.329412
0.321569
0.301961
0.305882
0.305882
0.286275
0.286275
0.298039
0.305882
0.301961
0.305882
0.262745
0.231373
0.309804
0.356863
0.356863
0.250980
0.254902
0.329412
0.368627
0.309804
0.411765
0.419608
0.313725
0.337255
0.352941
0.349020
0.356863
0.345098
0.317647
0.313725
0.309804
0.309804
0.301961
0.290196
0.298039
0.298039
0.290196
0.286275
0.294118
0.298039
0.301961
0.309804
0.247059
0.231373
0.262745
0.419608
0.529412
0.435294
0.227451
0.180392
0.247059
0.235294
0.505882
0.529412
0.321569
0.309804
0.325490
0.345098
0.321569
0.317647
0.309804
0.301961
0.298039
0.286275
0.282353
0.282353
0.282353
0.290196
0.278431
0.278431
0.278431
0.274510
0.274510
0.290196
0.254902
0.243137
0.235294
0.309804
0.576471
0.639216
0.443137
0.262745
0.184314
0.145098
0.337255
0.360784
0.305882
0.301961
0.309804
0.321569
0.309804
0.317647
0.305882
0.301961
0.301961
0.286275
0.286275
0.286275
0.270588
0.266667
0.258824
0.250980
0.258824
0.258824
0.266667
0.270588
0.250980
0.235294
0.239216
0.243137
0.333333
0.333333
0.294118
0.231373
0.254902
0.168627
0.239216
0.266667
0.278431
0.298039
0.309804
0.305882
0.309804
0.317647
0.298039
0.298039
0.290196
0.286275
0.278431
0.270588
0.278431
0.282353
0.266667
0.258824
0.266667
0.270588
0.278431
0.286275
0.196078
0.184314
0.184314
0.196078
0.207843
0.211765
0.200000
0.196078
0.192157
0.188235
0.200000
0.227451
0.235294
0.227451
0.223529
0.223529
0.227451
0.219608
0.203922
0.192157
0.192157
0.207843
0.203922
0.203922
0.211765
0.223529
0.223529
0.215686
0.223529
0.250980
0.270588
0.270588
0.196078
0.188235
0.188235
0.207843
0.207843
0.203922
0.196078
0.196078
0.196078
0.192157
0.203922
0.207843
0.211765
0.219608
0.219608
0.215686
0.215686
0.219608
0.207843
0.200000
0.207843
0.211765
0.211765
0.215686
0.215686
0.211765
0.215686
0.223529
0.235294
0.262745
0.266667
0.254902
0.207843
0.211765
0.215686
0.200000
0.192157
0.192157
0.200000
0.203922
0.207843
0.211765
0.215686
0.219608
0.219608
0.215686
0.223529
0.231373
0.227451
0.235294
0.231373
0.219608
0.223529
0.223529
0.227451
0.223529
0.231373
0.227451
0.219608
0.247059
0.239216
0.231373
0.231373
0.223529
0.184314
0.188235
0.176471
0.200000
0.215686
0.219608
0.200000
0.227451
0.235294
0.235294
0.247059
0.243137
0.231373
0.231373
0.243137
0.247059
0.247059
0.243137
0.235294
0.235294
0.235294
0.239216
0.239216
0.243137
0.250980
0.250980
0.247059
0.247059
0.239216
0.219608
0.219608
0.223529
0.243137
0.239216
0.172549
0.211765
0.223529
0.243137
0.180392
0.223529
0.243137
0.243137
0.250980
0.250980
0.250980
0.250980
0.250980
0.254902
0.254902
0.250980
0.247059
0.250980
0.254902
0.258824
0.262745
0.262745
0.247059
0.250980
0.243137
0.239216
0.243137
0.235294
0.239216
0.254902
0.356863
0.317647
0.223529
0.235294
0.235294
0.258824
0.188235
0.219608
0.243137
0.250980
0.254902
0.266667
0.270588
0.278431
0.270588
0.270588
0.274510
0.278431
0.274510
0.266667
0.286275
0.282353
0.290196
0.290196
0.274510
0.282353
0.274510
0.266667
0.270588
0.262745
0.266667
0.278431
0.356863
0.349020
0.227451
0.250980
0.258824
0.278431
0.215686
0.231373
0.250980
0.274510
0.286275
0.282353
0.282353
0.290196
0.290196
0.290196
0.298039
0.301961
0.286275
0.301961
0.305882
0.305882
0.294118
0.290196
0.301961
0.309804
0.321569
0.294118
0.294118
0.290196
0.286275
0.290196
0.364706
0.349020
0.235294
0.262745
0.266667
0.278431
0.223529
0.250980
0.282353
0.254902
0.274510
0.294118
0.298039
0.298039
0.298039
0.309804
0.309804
0.313725
0.301961
0.305882
0.309804
0.301961
0.305882
0.313725
0.317647
0.317647
0.321569
0.309804
0.317647
0.317647
0.313725
0.301961
0.372549
0.317647
0.290196
0.298039
0.266667
0.258824
0.235294
0.266667
0.278431
0.207843
0.196078
0.282353
0.321569
0.309804
0.317647
0.317647
0.341176
0.333333
0.321569
0.305882
0.309804
0.325490
0.325490
0.325490
0.325490
0.333333
0.325490
0.337255
0.337255
0.329412
0.337255
0.329412
0.411765
0.341176
0.298039
0.321569
0.282353
0.282353
0.258824
0.282353
0.305882
0.223529
0.211765
0.301961
0.439216
0.423529
0.325490
0.341176
0.364706
0.333333
0.345098
0.337255
0.368627
0.286275
0.258824
0.250980
0.243137
0.282353
0.360784
0.345098
0.333333
0.286275
0.239216
0.243137
0.341176
0.309804
0.211765
0.286275
0.254902
0.274510
0.274510
0.298039
0.294118
0.239216
0.313725
0.407843
0.435294
0.411765
0.274510
0.262745
0.286275
0.235294
0.235294
0.235294
0.227451
0.211765
0.270588
0.317647
0.286275
0.223529
0.254902
0.290196
0.274510
0.231373
0.215686
0.207843
0.313725
0.274510
0.262745
0.337255
0.407843
0.396078
0.317647
0.309804
0.211765
0.203922
0.349020
0.392157
0.196078
0.231373
0.309804
0.372549
0.345098
0.329412
0.309804
0.243137
0.149020
0.184314
0.247059
0.274510
0.270588
0.168627
0.152941
0.176471
0.200000
0.223529
0.254902
0.203922
0.211765
0.317647
0.270588
0.321569
0.431373
0.454902
0.345098
0.309804
0.282353
0.278431
0.400000
0.396078
0.317647
0.294118
0.552941
0.670588
0.694118
0.658824
0.603922
0.509804
0.235294
0.243137
0.298039
0.258824
0.262745
0.207843
0.156863
0.219608
0.227451
0.262745
0.254902
0.196078
0.223529
0.337255
0.305882
0.172549
0.235294
0.309804
0.305882
0.345098
0.396078
0.501961
0.529412
0.584314
0.603922
0.576471
0.623529
0.745098
0.807843
0.827451
0.784314
0.713725
0.356863
0.313725
0.282353
0.160784
0.258824
0.231373
0.203922
0.270588
0.305882
0.321569
0.321569
0.286275
0.090196
0.149020
0.129412
0.043137
0.113725
0.266667
0.317647
0.439216
0.552941
0.623529
0.713725
0.788235
0.733333
0.721569
0.701961
0.721569
0.737255
0.823529
0.756863
0.698039
0.654902
0.654902
0.615686
0.423529
0.360784
0.384314
0.321569
0.407843
0.486275
0.400000
0.305882
0.372549
0.015686
0.015686
0.137255
0.231373
0.290196
0.313725
0.305882
0.286275
0.462745
0.560784
0.643137
0.698039
0.749020
0.780392
0.796078
0.596078
0.486275
0.517647
0.439216
0.403922
0.458824
0.576471
0.466667
0.309804
0.270588
0.231373
0.223529
0.341176
0.309804
0.282353
0.243137
0.325490
0.113725
0.098039
0.227451
0.313725
0.278431
0.282353
0.282353
0.227451
0.086275
0.090196
0.156863
0.203922
0.227451
0.305882
0.372549
0.196078
0.156863
0.156863
0.176471
0.200000
0.200000
0.231373
0.101961
0.290196
0.329412
0.325490
0.325490
0.352941
0.372549
0.368627
0.380392
0.368627
0.262745
0.250980
0.298039
0.313725
0.290196
0.274510
0.298039
0.278431
0.223529
0.164706
0.168627
0.188235
0.172549
0.117647
0.141176
0.149020
0.113725
0.113725
0.121569
0.109804
0.113725
0.168627
0.160784
0.352941
0.352941
0.360784
0.368627
0.384314
0.388235
0.392157
0.392157
0.403922
0.294118
0.286275
0.298039
0.345098
0.345098
0.321569
0.325490
0.333333
0.333333
0.333333
0.368627
0.337255
0.325490
0.286275
0.274510
0.203922
0.156863
0.164706
0.141176
0.109804
0.070588
0.098039
0.227451
0.337255
0.364706
0.368627
0.372549
0.396078
0.392157
0.400000
0.396078
0.415686
0.294118
0.294118
0.305882
0.325490
0.313725
0.309804
0.313725
0.333333
0.333333
0.337255
0.376471
0.388235
0.400000
0.400000
0.411765
0.333333
0.298039
0.243137
0.203922
0.188235
0.192157
0.211765
0.290196
0.368627
0.376471
0.376471
0.388235
0.407843
0.415686
0.415686
0.427451
0.447059
0.270588
0.282353
0.278431
0.282353
0.301961
0.290196
0.305882
0.313725
0.317647
0.325490
0.356863
0.364706
0.372549
0.407843
0.435294
0.423529
0.415686
0.384314
0.321569
0.290196
0.290196
0.286275
0.294118
0.364706
0.372549
0.376471
0.384314
0.400000
0.403922
0.411765
0.423529
0.443137
0.282353
0.274510
0.274510
0.266667
0.274510
0.317647
0.305882
0.294118
0.266667
0.301961
0.360784
0.396078
0.419608
0.415686
0.423529
0.419608
0.458824
0.431373
0.368627
0.349020
0.364706
0.349020
0.341176
0.368627
0.372549
0.376471
0.376471
0.372549
0.372549
0.380392
0.384314
0.396078
0.258824
0.258824
0.262745
0.270588
0.274510
0.305882
0.278431
0.270588
0.262745
0.305882
0.364706
0.396078
0.400000
0.396078
0.403922
0.407843
0.447059
0.443137
0.376471
0.349020
0.360784
0.368627
0.349020
0.360784
0.372549
0.372549
0.360784
0.349020
0.356863
0.352941
0.356863
0.364706
0.211765
0.219608
0.235294
0.239216
0.250980
0.250980
0.282353
0.298039
0.341176
0.368627
0.364706
0.384314
0.372549
0.380392
0.384314
0.403922
0.415686
0.411765
0.380392
0.352941
0.349020
0.368627
0.349020
0.352941
0.356863
0.356863
0.356863
0.360784
0.356863
0.360784
0.356863
0.352941
0.266667
0.262745
0.294118
0.270588
0.352941
0.325490
0.376471
0.443137
0.423529
0.349020
0.325490
0.333333
0.341176
0.345098
0.364706
0.380392
0.400000
0.396078
0.372549
0.352941
0.349020
0.360784
0.345098
0.337255
0.337255
0.337255
0.345098
0.356863
0.360784
0.368627
0.364706
0.364706
0.203922
0.262745
0.372549
0.552941
0.592157
0.560784
0.396078
0.474510
0.384314
0.290196
0.298039
0.305882
0.329412
0.345098
0.349020
0.352941
0.368627
0.372549
0.345098
0.333333
0.341176
0.349020
0.337255
0.333333
0.333333
0.325490
0.337255
0.337255
0.349020
0.356863
0.356863
0.356863
0.196078
0.235294
0.294118
0.466667
0.686275
0.623529
0.301961
0.247059
0.239216
0.266667
0.286275
0.329412
0.341176
0.341176
0.356863
0.368627
0.368627
0.352941
0.337255
0.329412
0.337255
0.337255
0.329412
0.325490
0.325490
0.313725
0.317647
0.333333
0.333333
0.337255
0.341176
0.341176
0.262745
0.254902
0.274510
0.329412
0.372549
0.317647
0.243137
0.243137
0.235294
0.235294
0.266667
0.333333
0.329412
0.337255
0.352941
0.352941
0.372549
0.364706
0.337255
0.325490
0.325490
0.333333
0.329412
0.305882
0.309804
0.313725
0.309804
0.313725
0.325490
0.333333
0.329412
0.333333
0.286275
0.262745
0.329412
0.352941
0.333333
0.207843
0.188235
0.262745
0.313725
0.282353
0.411765
0.419608
0.305882
0.321569
0.333333
0.337255
0.352941
0.341176
0.313725
0.309804
0.309804
0.317647
0.309804
0.294118
0.301961
0.305882
0.309804
0.313725
0.321569
0.325490
0.329412
0.337255
0.266667
0.262745
0.274510
0.407843
0.501961
0.392157
0.164706
0.117647
0.200000
0.211765
0.509804
0.529412
0.313725
0.294118
0.301961
0.333333
0.321569
0.313725
0.305882
0.298039
0.294118
0.294118
0.286275
0.286275
0.286275
0.294118
0.298039
0.305882
0.305882
0.301961
0.301961
0.317647
0.274510
0.270588
0.243137
0.294118
0.549020
0.603922
0.384314
0.200000
0.145098
0.129412
0.341176
0.360784
0.298039
0.286275
0.286275
0.305882
0.305882
0.313725
0.301961
0.298039
0.298039
0.294118
0.294118
0.290196
0.274510
0.270588
0.278431
0.278431
0.286275
0.286275
0.294118
0.298039
0.266667
0.254902
0.250980
0.239216
0.321569
0.317647
0.266667
0.203922
0.239216
0.164706
0.239216
0.266667
0.278431
0.286275
0.298039
0.301961
0.309804
0.313725
0.294118
0.294118
0.294118
0.294118
0.286275
0.274510
0.278431
0.286275
0.282353
0.278431
0.286275
0.290196
0.298039
0.305882
0.227451
0.203922
0.207843
0.235294
0.254902
0.258824
0.247059
0.243137
0.239216
0.231373
0.235294
0.258824
0.270588
0.262745
0.258824
0.258824
0.262745
0.254902
0.239216
0.227451
0.231373
0.258824
0.254902
0.254902
0.262745
0.274510
0.274510
0.266667
0.274510
0.301961
0.321569
0.321569
0.223529
0.207843
0.211765
0.239216
0.250980
0.243137
0.235294
0.239216
0.235294
0.231373
0.239216
0.243137
0.247059
0.254902
0.254902
0.250980
0.250980
0.254902
0.243137
0.235294
0.247059
0.262745
0.266667
0.266667
0.266667
0.266667
0.266667
0.274510
0.286275
0.313725
0.317647
0.305882
0.227451
0.227451
0.231373
0.231373
0.231373
0.235294
0.243137
0.247059
0.250980
0.250980
0.250980
0.254902
0.254902
0.250980
0.258824
0.266667
0.262745
0.270588
0.266667
0.254902
0.258824
0.270588
0.278431
0.270588
0.282353
0.274510
0.270588
0.298039
0.290196
0.282353
0.282353
0.274510
0.200000
0.196078
0.184314
0.227451
0.250980
0.254902
0.235294
0.262745
0.270588
0.270588
0.282353
0.278431
0.266667
0.266667
0.278431
0.282353
0.282353
0.278431
0.270588
0.270588
0.270588
0.278431
0.278431
0.286275
0.290196
0.290196
0.294118
0.298039
0.290196
0.270588
0.270588
0.274510
0.254902
0.239216
0.176471
0.231373
0.250980
0.274510
0.211765
0.254902
0.274510
0.278431
0.282353
0.286275
0.286275
0.286275
0.286275
0.290196
0.290196
0.286275
0.282353
0.286275
0.290196
0.294118
0.298039
0.301961
0.282353
0.286275
0.290196
0.290196
0.294118
0.286275
0.290196
0.305882
0.360784
0.313725
0.227451
0.247059
0.262745
0.294118
0.223529
0.254902
0.274510
0.286275
0.290196
0.301961
0.305882
0.313725
0.305882
0.305882
0.309804
0.313725
0.309804
0.301961
0.321569
0.317647
0.325490
0.325490
0.309804
0.317647
0.321569
0.317647
0.321569
0.313725
0.317647
0.329412
0.360784
0.341176
0.227451
0.258824
0.282353
0.309804
0.243137
0.258824
0.278431
0.301961
0.321569
0.317647
0.317647
0.325490
0.325490
0.329412
0.333333
0.337255
0.321569
0.337255
0.345098
0.345098
0.333333
0.329412
0.341176
0.352941
0.368627
0.345098
0.345098
0.341176
0.337255
0.341176
0.352941
0.333333
0.227451
0.266667
0.294118
0.309804
0.254902
0.282353
0.313725
0.286275
0.294118
0.317647
0.321569
0.325490
0.325490
0.341176
0.345098
0.352941
0.349020
0.356863
0.356863
0.337255
0.345098
0.360784
0.364706
0.376471
0.364706
0.349020
0.360784
0.356863
0.356863
0.349020
0.356863
0.298039
0.274510
0.301961
0.286275
0.282353
0.258824
0.290196
0.309804
0.235294
0.207843
0.298039
0.337255
0.329412
0.337255
0.333333
0.360784
0.360784
0.356863
0.352941
0.349020
0.345098
0.349020
0.360784
0.368627
0.380392
0.360784
0.364706
0.368627
0.360784
0.368627
0.364706
0.392157
0.317647
0.282353
0.321569
0.282353
0.278431
0.262745
0.298039
0.325490
0.243137
0.215686
0.305882
0.447059
0.435294
0.333333
0.341176
0.360784
0.341176
0.356863
0.360784
0.384314
0.282353
0.258824
0.258824
0.262745
0.309804
0.380392
0.364706
0.352941
0.305882
0.258824
0.266667
0.321569
0.282353
0.188235
0.282353
0.243137
0.250980
0.262745
0.298039
0.305882
0.250980
0.305882
0.396078
0.427451
0.407843
0.274510
0.243137
0.266667
0.219608
0.227451
0.235294
0.223529
0.184314
0.247059
0.301961
0.282353
0.227451
0.262745
0.294118
0.282353
0.239216
0.223529
0.219608
0.294118
0.254902
0.247059
0.333333
0.388235
0.364706
0.298039
0.298039
0.207843
0.200000
0.325490
0.368627
0.172549
0.211765
0.290196
0.341176
0.309804
0.301961
0.294118
0.235294
0.129412
0.141176
0.207843
0.247059
0.250980
0.152941
0.141176
0.168627
0.192157
0.219608
0.247059
0.196078
0.203922
0.305882
0.266667
0.333333
0.427451
0.435294
0.329412
0.294118
0.266667
0.258824
0.356863
0.356863
0.278431
0.258824
0.517647
0.635294
0.658824
0.631373
0.584314
0.501961
0.211765
0.196078
0.250980
0.219608
0.235294
0.184314
0.145098
0.207843
0.215686
0.247059
0.243137
0.184314
0.235294
0.341176
0.317647
0.200000
0.250980
0.309804
0.298039
0.329412
0.368627
0.466667
0.474510
0.525490
0.549020
0.525490
0.572549
0.709804
0.780392
0.800000
0.768627
0.705882
0.341176
0.266667
0.239216
0.125490
0.235294
0.211765
0.196078
0.262745
0.298039
0.317647
0.317647
0.274510
0.113725
0.160784
0.149020
0.078431
0.149020
0.286275
0.321569
0.423529
0.521569
0.580392
0.654902
0.725490
0.678431
0.666667
0.647059
0.686275
0.717647
0.811765
0.752941
0.698039
0.647059
0.615686
0.580392
0.400000
0.341176
0.372549
0.321569
0.411765
0.490196
0.403922
0.309804
0.372549
0.047059
0.043137
0.168627
0.266667
0.337255
0.360784
0.329412
0.290196
0.447059
0.537255
0.611765
0.662745
0.713725
0.737255
0.756863
0.568627
0.474510
0.509804
0.443137
0.411765
0.458824
0.545098
0.443137
0.290196
0.258824
0.223529
0.235294
0.360784
0.329412
0.298039
0.258824
0.345098
0.149020
0.137255
0.262745
0.349020
0.329412
0.333333
0.313725
0.239216
0.090196
0.082353
0.141176
0.184314
0.200000
0.278431
0.337255
0.172549
0.145098
0.156863
0.184314
0.215686
0.203922
0.211765
0.086275
0.278431
0.321569
0.325490
0.341176
0.376471
0.396078
0.392157
0.403922
0.396078
0.294118
0.282353
0.329412
0.345098
0.333333
0.317647
0.325490
0.290196
0.227451
0.160784
0.152941
0.164706
0.145098
0.086275
0.105882
0.125490
0.098039
0.105882
0.125490
0.121569
0.117647
0.160784
0.156863
0.356863
0.360784
0.372549
0.388235
0.407843
0.411765
0.415686
0.415686
0.431373
0.321569
0.313725
0.325490
0.372549
0.384314
0.360784
0.345098
0.341176
0.341176
0.337255
0.349020
0.317647
0.298039
0.250980
0.235294
0.176471
0.141176
0.149020
0.137255
0.113725
0.078431
0.101961
0.235294
0.356863
0.384314
0.392157
0.396078
0.419608
0.415686
0.423529
0.419608
0.443137
0.321569
0.321569
0.333333
0.352941
0.349020
0.341176
0.333333
0.341176
0.349020
0.349020
0.360784
0.368627
0.376471
0.368627
0.372549
0.298039
0.274510
0.227451
0.192157
0.184314
0.196078
0.215686
0.301961
0.384314
0.396078
0.400000
0.411765
0.431373
0.439216
0.439216
0.450980
0.470588
0.298039
0.305882
0.301961
0.309804
0.329412
0.313725
0.321569
0.329412
0.341176
0.345098
0.349020
0.349020
0.356863
0.380392
0.403922
0.384314
0.384314
0.360784
0.305882
0.278431
0.282353
0.278431
0.294118
0.372549
0.388235
0.392157
0.407843
0.423529
0.427451
0.435294
0.447059
0.466667
0.305882
0.298039
0.298039
0.290196
0.294118
0.329412
0.317647
0.313725
0.294118
0.329412
0.360784
0.388235
0.403922
0.400000
0.400000
0.380392
0.419608
0.400000
0.349020
0.333333
0.349020
0.329412
0.321569
0.356863
0.368627
0.376471
0.396078
0.396078
0.396078
0.403922
0.407843
0.423529
0.282353
0.282353
0.286275
0.290196
0.294118
0.313725
0.290196
0.286275
0.290196
0.337255
0.372549
0.396078
0.392157
0.388235
0.392157
0.376471
0.407843
0.407843
0.352941
0.333333
0.345098
0.337255
0.321569
0.337255
0.352941
0.360784
0.376471
0.372549
0.380392
0.376471
0.380392
0.392157
0.227451
0.239216
0.258824
0.274510
0.282353
0.270588
0.301961
0.305882
0.349020
0.368627
0.360784
0.380392
0.372549
0.376471
0.376471
0.388235
0.396078
0.396078
0.368627
0.341176
0.337255
0.352941
0.333333
0.349020
0.356863
0.364706
0.376471
0.384314
0.380392
0.384314
0.380392
0.376471
0.278431
0.278431
0.317647
0.301961
0.380392
0.341176
0.388235
0.447059
0.415686
0.329412
0.313725
0.325490
0.337255
0.341176
0.364706
0.376471
0.396078
0.388235
0.364706
0.345098
0.341176
0.352941
0.345098
0.352941
0.352941
0.356863
0.368627
0.380392
0.384314
0.392157
0.388235
0.392157
0.231373
0.274510
0.384314
0.568627
0.588235
0.549020
0.388235
0.470588
0.376471
0.282353
0.290196
0.298039
0.321569
0.341176
0.349020
0.349020
0.360784
0.364706
0.337255
0.325490
0.333333
0.341176
0.337255
0.345098
0.349020
0.345098
0.360784
0.360784
0.372549
0.380392
0.380392
0.384314
0.231373
0.250980
0.294118
0.458824
0.654902
0.588235
0.278431
0.239216
0.239216
0.262745
0.274510
0.321569
0.333333
0.337255
0.356863
0.364706
0.360784
0.345098
0.329412
0.321569
0.329412
0.329412
0.329412
0.337255
0.341176
0.333333
0.341176
0.356863
0.356863
0.360784
0.364706
0.368627
0.301961
0.266667
0.270588
0.309804
0.333333
0.270588
0.215686
0.235294
0.235294
0.231373
0.258824
0.325490
0.321569
0.333333
0.352941
0.349020
0.364706
0.356863
0.329412
0.317647
0.317647
0.329412
0.329412
0.317647
0.329412
0.333333
0.329412
0.337255
0.349020
0.356863
0.352941
0.360784
0.309804
0.270588
0.321569
0.337255
0.301961
0.168627
0.168627
0.250980
0.305882
0.270588
0.403922
0.411765
0.298039
0.317647
0.329412
0.333333
0.345098
0.333333
0.305882
0.301961
0.301961
0.309804
0.309804
0.305882
0.317647
0.325490
0.333333
0.337255
0.345098
0.349020
0.352941
0.360784
0.278431
0.262745
0.274510
0.411765
0.494118
0.376471
0.160784
0.113725
0.188235
0.192157
0.498039
0.521569
0.305882
0.290196
0.301961
0.325490
0.309804
0.305882
0.298039
0.290196
0.286275
0.286275
0.286275
0.298039
0.301961
0.313725
0.321569
0.329412
0.329412
0.325490
0.325490
0.341176
0.270588
0.266667
0.254902
0.309804
0.560784
0.611765
0.392157
0.200000
0.125490
0.101961
0.329412
0.352941
0.290196
0.282353
0.286275
0.301961
0.298039
0.305882
0.294118
0.290196
0.290196
0.286275
0.294118
0.301961
0.290196
0.290196
0.301961
0.301961
0.309804
0.309804
0.317647
0.325490
0.274510
0.262745
0.258824
0.254902
0.341176
0.329412
0.262745
0.188235
0.219608
0.149020
0.231373
0.262745
0.274510
0.286275
0.298039
0.298039
0.305882
0.309804
0.290196
0.290196
0.290196
0.294118
0.290196
0.290196
0.301961
0.309804
0.305882
0.298039
0.305882
0.313725
0.321569
0.329412
