0.870588
0.886275
0.886275
0.894118
0.898039
0.901961
0.901961
0.905882
0.909804
0.909804
0.913725
0.913725
0.909804
0.909804
0.909804
0.909804
0.909804
0.909804
0.909804
0.909804
0.913725
0.913725
0.913725
0.909804
0.913725
0.905882
0.929412
0.768627
0.392157
0.407843
0.403922
0.372549
0.890196
0.905882
0.905882
0.913725
0.917647
0.921569
0.917647
0.921569
0.925490
0.925490
0.925490
0.925490
0.925490
0.921569
0.921569
0.921569
0.925490
0.925490
0.925490
0.925490
0.925490
0.925490
0.925490
0.925490
0.925490
0.925490
0.937255
0.839216
0.674510
0.698039
0.678431
0.658824
0.929412
0.945098
0.941176
0.945098
0.949020
0.949020
0.945098
0.941176
0.945098
0.949020
0.949020
0.949020
0.949020
0.945098
0.945098
0.945098
0.949020
0.952941
0.952941
0.949020
0.949020
0.949020
0.949020
0.949020
0.949020
0.949020
0.949020
0.952941
0.956863
0.956863
0.956863
0.960784
0.941176
0.956863
0.949020
0.949020
0.952941
0.952941
0.952941
0.949020
0.949020
0.952941
0.956863
0.956863
0.956863
0.956863
0.956863
0.956863
0.956863
0.956863
0.956863
0.956863
0.956863
0.956863
0.956863
0.956863
0.956863
0.956863
0.956863
0.956863
0.952941
0.952941
0.949020
0.949020
0.937255
0.949020
0.941176
0.941176
0.945098
0.949020
0.949020
0.949020
0.949020
0.949020
0.952941
0.952941
0.952941
0.952941
0.952941
0.952941
0.952941
0.952941
0.952941
0.952941
0.952941
0.952941
0.952941
0.952941
0.952941
0.952941
0.952941
0.952941
0.956863
0.952941
0.949020
0.949020
0.937255
0.949020
0.945098
0.945098
0.949020
0.952941
0.949020
0.949020
0.949020
0.952941
0.952941
0.952941
0.952941
0.952941
0.952941
0.952941
0.952941
0.952941
0.952941
0.952941
0.952941
0.952941
0.952941
0.952941
0.952941
0.952941
0.952941
0.949020
0.945098
0.945098
0.941176
0.941176
0.945098
0.960784
0.956863
0.956863
0.956863
0.960784
0.972549
0.972549
0.972549
0.976471
0.980392
0.980392
0.976471
0.976471
0.976471
0.980392
0.980392
0.984314
0.980392
0.980392
0.984314
0.984314
0.984314
0.984314
0.984314
0.984314
0.984314
0.980392
0.972549
0.968627
0.964706
0.960784
0.949020
0.964706
0.964706
0.968627
0.976471
0.980392
0.988235
0.988235
0.988235
0.988235
0.992157
0.992157
0.988235
0.988235
0.988235
0.992157
0.992157
0.988235
0.988235
0.988235
0.992157
0.992157
0.992157
0.992157
0.992157
0.992157
0.996078
0.992157
0.988235
0.984314
0.980392
0.972549
0.952941
0.972549
0.980392
0.984314
0.992157
0.992157
0.992157
0.992157
0.992157
0.992157
0.992157
0.992157
0.988235
0.984314
0.980392
0.976471
0.976471
0.980392
0.980392
0.988235
0.992157
0.992157
0.988235
0.988235
0.992157
0.992157
0.992157
0.992157
0.992157
0.988235
0.984314
0.980392
0.949020
0.972549
0.976471
0.980392
0.988235
0.992157
0.988235
0.980392
0.964706
0.945098
0.917647
0.882353
0.850980
0.827451
0.819608
0.800000
0.803922
0.815686
0.831373
0.847059
0.862745
0.894118
0.921569
0.941176
0.972549
0.984314
0.988235
0.992157
0.992157
0.988235
0.980392
0.972549
0.956863
0.984314
0.984314
0.988235
0.996078
0.992157
0.984314
0.941176
0.749020
0.603922
0.556863
0.447059
0.364706
0.345098
0.384314
0.419608
0.415686
0.392157
0.372549
0.345098
0.368627
0.466667
0.560784
0.666667
0.819608
0.945098
0.988235
0.992157
0.992157
0.992157
0.988235
0.984314
0.968627
0.992157
0.992157
0.996078
0.996078
0.988235
0.984314
0.800000
0.384314
0.149020
0.125490
0.172549
0.203922
0.243137
0.270588
0.258824
0.235294
0.278431
0.282353
0.239216
0.184314
0.168627
0.137255
0.192157
0.509804
0.870588
0.980392
0.988235
0.988235
0.988235
0.988235
0.988235
0.968627
0.992157
0.988235
0.992157
0.992157
0.988235
0.941176
0.627451
0.203922
0.121569
0.168627
0.207843
0.352941
0.521569
0.556863
0.407843
0.325490
0.474510
0.576471
0.490196
0.270588
0.149020
0.192157
0.133333
0.294118
0.745098
0.956863
0.956863
0.964706
0.988235
0.988235
0.988235
0.972549
0.992157
0.980392
0.921569
0.847059
0.874510
0.847059
0.462745
0.176471
0.294118
0.231373
0.086275
0.137255
0.254902
0.431373
0.513725
0.490196
0.537255
0.419608
0.227451
0.094118
0.058824
0.247059
0.270588
0.172549
0.584314
0.866667
0.764706
0.784314
0.909804
0.988235
0.992157
0.960784
0.984314
0.956863
0.780392
0.705882
0.701961
0.615686
0.286275
0.082353
0.219608
0.192157
0.137255
0.141176
0.149020
0.247059
0.360784
0.384314
0.372549
0.231373
0.137255
0.133333
0.125490
0.200000
0.215686
0.109804
0.333333
0.654902
0.690196
0.686275
0.831373
0.980392
0.992157
0.972549
0.988235
0.976471
0.886275
0.705882
0.490196
0.309804
0.211765
0.262745
0.552941
0.662745
0.647059
0.658824
0.662745
0.650980
0.623529
0.615686
0.631373
0.662745
0.682353
0.662745
0.643137
0.647059
0.537255
0.298039
0.211765
0.294118
0.537255
0.776471
0.937255
0.988235
0.992157
0.980392
0.992157
0.992157
0.964706
0.537255
0.317647
0.407843
0.454902
0.450980
0.756863
0.941176
0.866667
0.827451
0.792157
0.752941
0.639216
0.576471
0.647059
0.756863
0.788235
0.811765
0.839216
0.886275
0.705882
0.458824
0.458824
0.415686
0.333333
0.509804
0.913725
0.988235
0.992157
0.980392
0.992157
0.980392
0.847059
0.427451
0.494118
0.650980
0.639216
0.572549
0.662745
0.792157
0.733333
0.654902
0.509804
0.447059
0.423529
0.396078
0.407843
0.435294
0.501961
0.639216
0.709804
0.756863
0.674510
0.600000
0.631373
0.670588
0.541176
0.470588
0.835294
0.988235
0.992157
0.980392
0.996078
0.964706
0.784314
0.643137
0.725490
0.768627
0.788235
0.800000
0.768627
0.729412
0.682353
0.627451
0.443137
0.368627
0.400000
0.384314
0.388235
0.360784
0.419608
0.619608
0.682353
0.717647
0.764706
0.792157
0.796078
0.780392
0.745098
0.694118
0.815686
0.964706
0.992157
0.980392
0.996078
0.952941
0.803922
0.764706
0.803922
0.819608
0.823529
0.792157
0.752941
0.705882
0.662745
0.639216
0.564706
0.513725
0.517647
0.513725
0.533333
0.501961
0.517647
0.635294
0.674510
0.709804
0.756863
0.800000
0.831373
0.823529
0.803922
0.764706
0.815686
0.945098
0.984314
0.976471
0.996078
0.937255
0.792157
0.749020
0.776471
0.800000
0.800000
0.776471
0.752941
0.717647
0.690196
0.666667
0.643137
0.611765
0.603922
0.600000
0.611765
0.619608
0.639216
0.674510
0.698039
0.725490
0.760784
0.788235
0.811765
0.803922
0.772549
0.756863
0.780392
0.913725
0.984314
0.976471
0.996078
0.898039
0.725490
0.701961
0.725490
0.733333
0.690196
0.647059
0.600000
0.549020
0.517647
0.490196
0.470588
0.454902
0.439216
0.443137
0.450980
0.454902
0.466667
0.486275
0.509804
0.541176
0.580392
0.623529
0.666667
0.721569
0.733333
0.705882
0.686275
0.847059
0.992157
0.972549
0.996078
0.858824
0.658824
0.698039
0.674510
0.482353
0.345098
0.270588
0.227451
0.211765
0.168627
0.152941
0.149020
0.141176
0.141176
0.156863
0.164706
0.160784
0.164706
0.172549
0.180392
0.188235
0.207843
0.258824
0.301961
0.376471
0.611765
0.705882
0.623529
0.800000
0.996078
0.976471
1.000000
0.831373
0.607843
0.690196
0.560784
0.341176
0.239216
0.176471
0.184314
0.231373
0.184314
0.172549
0.168627
0.164706
0.172549
0.192157
0.196078
0.188235
0.180392
0.176471
0.180392
0.180392
0.168627
0.180392
0.207843
0.196078
0.407843
0.670588
0.588235
0.776471
1.000000
0.894118
0.913725
0.745098
0.486275
0.596078
0.431373
0.254902
0.219608
0.184314
0.243137
0.329412
0.301961
0.294118
0.290196
0.286275
0.294118
0.298039
0.301961
0.301961
0.298039
0.294118
0.305882
0.298039
0.231373
0.176471
0.188235
0.184314
0.313725
0.556863
0.482353
0.690196
0.913725
0.701961
0.717647
0.580392
0.286275
0.396078
0.325490
0.145098
0.129412
0.160784
0.219608
0.262745
0.278431
0.333333
0.360784
0.372549
0.380392
0.380392
0.384314
0.380392
0.364706
0.345098
0.298039
0.258824
0.211765
0.152941
0.121569
0.117647
0.254902
0.360784
0.282353
0.537255
0.729412
0.596078
0.603922
0.486275
0.164706
0.117647
0.125490
0.050980
0.109804
0.313725
0.380392
0.368627
0.403922
0.443137
0.466667
0.478431
0.490196
0.486275
0.482353
0.474510
0.474510
0.462745
0.427451
0.396078
0.396078
0.305882
0.098039
0.043137
0.109804
0.113725
0.152941
0.466667
0.635294
0.419608
0.407843
0.337255
0.101961
0.015686
0.019608
0.015686
0.070588
0.145098
0.164706
0.160784
0.149020
0.133333
0.129412
0.129412
0.145098
0.141176
0.125490
0.109804
0.105882
0.109804
0.113725
0.113725
0.129412
0.113725
0.054902
0.019608
0.019608
0.027451
0.129412
0.470588
0.619608
0.384314
0.376471
0.345098
0.215686
0.152941
0.156863
0.164706
0.200000
0.184314
0.164706
0.160784
0.152941
0.141176
0.137255
0.137255
0.141176
0.145098
0.141176
0.133333
0.129412
0.129412
0.129412
0.133333
0.141176
0.156863
0.180392
0.184314
0.196078
0.192157
0.301961
0.537255
0.603922
0.529412
0.537255
0.529412
0.513725
0.501961
0.509804
0.509804
0.513725
0.505882
0.505882
0.509804
0.509804
0.501961
0.505882
0.513725
0.505882
0.505882
0.513725
0.513725
0.517647
0.525490
0.525490
0.525490
0.513725
0.509804
0.509804
0.533333
0.549020
0.552941
0.576471
0.603922
0.607843
0.584314
0.600000
0.592157
0.600000
0.603922
0.615686
0.615686
0.611765
0.603922
0.603922
0.603922
0.603922
0.592157
0.596078
0.603922
0.596078
0.592157
0.596078
0.596078
0.600000
0.600000
0.600000
0.603922
0.596078
0.592157
0.592157
0.600000
0.600000
0.611765
0.611765
0.600000
0.600000
0.568627
0.572549
0.572549
0.576471
0.580392
0.592157
0.592157
0.588235
0.580392
0.584314
0.588235
0.580392
0.576471
0.572549
0.568627
0.568627
0.580392
0.576471
0.572549
0.580392
0.576471
0.572549
0.576471
0.584314
0.588235
0.588235
0.588235
0.580392
0.584314
0.584314
0.584314
0.584314
0.870588
0.886275
0.886275
0.894118
0.898039
0.901961
0.901961
0.905882
0.909804
0.909804
0.913725
0.913725
0.913725
0.913725
0.913725
0.913725
0.909804
0.909804
0.909804
0.909804
0.909804
0.909804
0.909804
0.909804
0.913725
0.905882
0.929412
0.768627
0.392157
0.407843
0.403922
0.372549
0.890196
0.905882
0.905882
0.913725
0.917647
0.921569
0.917647
0.921569
0.925490
0.925490
0.925490
0.925490
0.925490
0.925490
0.925490
0.925490
0.925490
0.925490
0.925490
0.925490
0.925490
0.925490
0.925490
0.925490
0.925490
0.925490
0.937255
0.839216
0.674510
0.698039
0.678431
0.658824
0.929412
0.941176
0.941176
0.949020
0.952941
0.952941
0.949020
0.945098
0.949020
0.949020
0.952941
0.952941
0.952941
0.952941
0.952941
0.952941
0.952941
0.952941
0.952941
0.952941
0.952941
0.952941
0.952941
0.952941
0.952941
0.952941
0.952941
0.956863
0.960784
0.960784
0.956863
0.960784
0.941176
0.956863
0.952941
0.952941
0.960784
0.960784
0.956863
0.956863
0.956863
0.960784
0.964706
0.964706
0.964706
0.964706
0.964706
0.964706
0.960784
0.960784
0.960784
0.960784
0.960784
0.960784
0.960784
0.960784
0.960784
0.960784
0.964706
0.964706
0.960784
0.960784
0.956863
0.956863
0.937255
0.949020
0.945098
0.945098
0.952941
0.952941
0.956863
0.956863
0.956863
0.960784
0.960784
0.960784
0.960784
0.960784
0.960784
0.960784
0.960784
0.960784
0.960784
0.960784
0.960784
0.960784
0.960784
0.960784
0.960784
0.960784
0.960784
0.960784
0.964706
0.960784
0.956863
0.956863
0.937255
0.952941
0.949020
0.956863
0.960784
0.960784
0.956863
0.956863
0.956863
0.956863
0.960784
0.960784
0.960784
0.960784
0.960784
0.960784
0.960784
0.960784
0.960784
0.960784
0.960784
0.960784
0.960784
0.960784
0.960784
0.960784
0.956863
0.956863
0.952941
0.952941
0.949020
0.949020
0.952941
0.968627
0.968627
0.972549
0.976471
0.976471
0.976471
0.976471
0.976471
0.980392
0.980392
0.980392
0.980392
0.976471
0.980392
0.980392
0.984314
0.984314
0.980392
0.984314
0.984314
0.984314
0.984314
0.984314
0.984314
0.988235
0.984314
0.980392
0.972549
0.972549
0.972549
0.968627
0.956863
0.972549
0.972549
0.980392
0.988235
0.992157
0.988235
0.988235
0.988235
0.988235
0.992157
0.992157
0.988235
0.988235
0.988235
0.988235
0.988235
0.988235
0.988235
0.988235
0.988235
0.992157
0.992157
0.992157
0.992157
0.992157
0.996078
0.992157
0.988235
0.984314
0.984314
0.980392
0.960784
0.980392
0.984314
0.988235
0.992157
0.996078
0.992157
0.992157
0.992157
0.992157
0.992157
0.992157
0.988235
0.984314
0.984314
0.984314
0.984314
0.984314
0.984314
0.988235
0.992157
0.992157
0.988235
0.988235
0.992157
0.992157
0.992157
0.992157
0.992157
0.992157
0.992157
0.988235
0.956863
0.980392
0.980392
0.980392
0.988235
0.992157
0.988235
0.984314
0.972549
0.949020
0.913725
0.886275
0.858824
0.831373
0.827451
0.815686
0.811765
0.823529
0.847059
0.866667
0.878431
0.901961
0.925490
0.945098
0.968627
0.976471
0.984314
0.992157
0.992157
0.992157
0.984314
0.976471
0.964706
0.992157
0.988235
0.988235
0.996078
0.992157
0.980392
0.949020
0.768627
0.611765
0.556863
0.462745
0.384314
0.352941
0.352941
0.352941
0.364706
0.356863
0.349020
0.349020
0.396078
0.486275
0.572549
0.682353
0.823529
0.941176
0.984314
0.992157
0.992157
0.992157
0.988235
0.984314
0.976471
1.000000
0.996078
0.996078
0.996078
0.984314
0.980392
0.803922
0.400000
0.160784
0.137255
0.200000
0.235294
0.262745
0.290196
0.282353
0.250980
0.298039
0.309804
0.278431
0.227451
0.200000
0.156863
0.211765
0.525490
0.878431
0.980392
0.988235
0.988235
0.988235
0.988235
0.988235
0.972549
0.996078
0.988235
0.992157
0.992157
0.984314
0.945098
0.647059
0.235294
0.156863
0.207843
0.243137
0.400000
0.592157
0.639216
0.490196
0.400000
0.549020
0.654902
0.560784
0.321569
0.192157
0.235294
0.172549
0.321569
0.756863
0.960784
0.956863
0.964706
0.988235
0.988235
0.988235
0.972549
0.992157
0.980392
0.921569
0.850980
0.870588
0.847059
0.482353
0.207843
0.345098
0.282353
0.109804
0.160784
0.305882
0.501961
0.596078
0.572549
0.611765
0.486275
0.278431
0.133333
0.105882
0.298039
0.313725
0.192157
0.596078
0.870588
0.760784
0.784314
0.909804
0.988235
0.992157
0.960784
0.984314
0.956863
0.784314
0.701961
0.705882
0.635294
0.298039
0.101961
0.254902
0.219608
0.156863
0.156863
0.168627
0.274510
0.400000
0.435294
0.419608
0.266667
0.164706
0.160784
0.160784
0.247059
0.262745
0.125490
0.360784
0.674510
0.690196
0.686275
0.827451
0.980392
0.992157
0.972549
0.988235
0.972549
0.886275
0.713725
0.494118
0.290196
0.137255
0.192157
0.541176
0.670588
0.658824
0.674510
0.678431
0.658824
0.627451
0.627451
0.643137
0.666667
0.682353
0.674510
0.662745
0.682353
0.552941
0.219608
0.113725
0.266667
0.541176
0.776471
0.941176
0.988235
0.992157
0.980392
0.992157
0.992157
0.960784
0.533333
0.164706
0.125490
0.137255
0.192157
0.670588
0.941176
0.870588
0.843137
0.807843
0.764706
0.650980
0.588235
0.658824
0.764706
0.800000
0.827451
0.854902
0.898039
0.631373
0.203922
0.133333
0.125490
0.141176
0.458824
0.921569
0.992157
0.988235
0.980392
0.992157
0.988235
0.839216
0.356863
0.262745
0.364706
0.380392
0.392157
0.607843
0.792157
0.741176
0.670588
0.525490
0.462745
0.439216
0.411765
0.423529
0.450980
0.521569
0.654902
0.725490
0.764706
0.600000
0.411765
0.407843
0.403922
0.309804
0.372549
0.811765
0.984314
0.992157
0.980392
0.996078
0.956863
0.792157
0.615686
0.686275
0.756863
0.764706
0.768627
0.760784
0.741176
0.705882
0.650980
0.458824
0.384314
0.415686
0.400000
0.403922
0.376471
0.435294
0.635294
0.698039
0.733333
0.772549
0.788235
0.792157
0.792157
0.737255
0.670588
0.807843
0.964706
0.992157
0.980392
0.996078
0.952941
0.819608
0.768627
0.827451
0.843137
0.839216
0.803922
0.760784
0.717647
0.686275
0.658824
0.572549
0.517647
0.525490
0.517647
0.537255
0.509804
0.525490
0.647059
0.686275
0.717647
0.756863
0.807843
0.835294
0.850980
0.823529
0.776471
0.831373
0.949020
0.984314
0.976471
0.996078
0.937255
0.796078
0.760784
0.796078
0.815686
0.819608
0.796078
0.768627
0.733333
0.705882
0.678431
0.647059
0.611765
0.603922
0.603922
0.611765
0.623529
0.643137
0.682353
0.701961
0.733333
0.756863
0.784314
0.807843
0.807843
0.784314
0.768627
0.792157
0.913725
0.984314
0.976471
0.996078
0.894118
0.729412
0.713725
0.749020
0.752941
0.705882
0.662745
0.615686
0.568627
0.533333
0.505882
0.486275
0.466667
0.454902
0.454902
0.462745
0.470588
0.482353
0.509804
0.533333
0.560784
0.600000
0.635294
0.682353
0.737255
0.749020
0.721569
0.694118
0.850980
0.992157
0.972549
0.996078
0.854902
0.654902
0.709804
0.690196
0.498039
0.360784
0.286275
0.247059
0.231373
0.188235
0.176471
0.172549
0.168627
0.168627
0.180392
0.188235
0.184314
0.192157
0.211765
0.215686
0.223529
0.231373
0.278431
0.321569
0.396078
0.623529
0.721569
0.635294
0.803922
0.996078
0.972549
0.996078
0.827451
0.600000
0.694118
0.572549
0.356863
0.258824
0.192157
0.203922
0.250980
0.203922
0.200000
0.200000
0.196078
0.207843
0.223529
0.227451
0.219608
0.215686
0.211765
0.215686
0.211765
0.192157
0.203922
0.231373
0.215686
0.423529
0.690196
0.600000
0.776471
0.996078
0.901961
0.921569
0.745098
0.486275
0.603922
0.450980
0.274510
0.239216
0.200000
0.258824
0.341176
0.313725
0.309804
0.313725
0.309804
0.317647
0.321569
0.325490
0.325490
0.321569
0.317647
0.329412
0.317647
0.247059
0.188235
0.203922
0.200000
0.329412
0.572549
0.494118
0.701961
0.917647
0.721569
0.737255
0.592157
0.294118
0.415686
0.352941
0.164706
0.145098
0.172549
0.227451
0.262745
0.282353
0.337255
0.368627
0.380392
0.388235
0.392157
0.392157
0.388235
0.372549
0.352941
0.305882
0.262745
0.211765
0.152941
0.125490
0.129412
0.270588
0.376471
0.298039
0.552941
0.745098
0.611765
0.619608
0.501961
0.180392
0.141176
0.149020
0.066667
0.117647
0.321569
0.392157
0.380392
0.411765
0.458824
0.482353
0.494118
0.505882
0.505882
0.501961
0.494118
0.486275
0.466667
0.431373
0.400000
0.403922
0.313725
0.105882
0.047059
0.121569
0.121569
0.164706
0.482353
0.650980
0.431373
0.419608
0.349020
0.117647
0.031373
0.035294
0.023529
0.078431
0.149020
0.164706
0.160784
0.149020
0.137255
0.129412
0.133333
0.149020
0.145098
0.129412
0.113725
0.109804
0.113725
0.117647
0.121569
0.125490
0.113725
0.054902
0.019608
0.023529
0.031373
0.137255
0.482353
0.631373
0.396078
0.388235
0.356863
0.227451
0.168627
0.172549
0.172549
0.203922
0.184314
0.164706
0.160784
0.149020
0.141176
0.133333
0.133333
0.137255
0.141176
0.137255
0.129412
0.129412
0.133333
0.133333
0.137255
0.145098
0.160784
0.184314
0.188235
0.203922
0.196078
0.313725
0.549020
0.615686
0.541176
0.549020
0.541176
0.525490
0.513725
0.521569
0.517647
0.517647
0.509804
0.517647
0.525490
0.521569
0.513725
0.517647
0.529412
0.517647
0.517647
0.525490
0.525490
0.525490
0.529412
0.529412
0.529412
0.533333
0.529412
0.529412
0.541176
0.552941
0.556863
0.584314
0.615686
0.619608
0.596078
0.611765
0.603922
0.611765
0.615686
0.627451
0.627451
0.619608
0.611765
0.615686
0.615686
0.615686
0.607843
0.607843
0.619608
0.607843
0.607843
0.611765
0.611765
0.611765
0.607843
0.611765
0.615686
0.607843
0.607843
0.607843
0.611765
0.611765
0.623529
0.623529
0.611765
0.611765
0.580392
0.584314
0.584314
0.588235
0.592157
0.603922
0.603922
0.600000
0.592157
0.596078
0.600000
0.592157
0.588235
0.584314
0.580392
0.580392
0.592157
0.588235
0.584314
0.592157
0.588235
0.584314
0.588235
0.596078
0.600000
0.600000
0.600000
0.592157
0.596078
0.596078
0.596078
0.596078
0.878431
0.894118
0.894118
0.901961
0.905882
0.909804
0.909804
0.913725
0.917647
0.917647
0.921569
0.921569
0.921569
0.921569
0.921569
0.921569
0.917647
0.917647
0.917647
0.921569
0.925490
0.925490
0.925490
0.921569
0.921569
0.913725
0.937255
0.776471
0.400000
0.415686
0.403922
0.372549
0.898039
0.913725
0.913725
0.921569
0.925490
0.929412
0.925490
0.929412
0.933333
0.933333
0.933333
0.933333
0.933333
0.933333
0.933333
0.933333
0.933333
0.933333
0.933333
0.929412
0.929412
0.929412
0.929412
0.933333
0.933333
0.933333
0.945098
0.847059
0.682353
0.701961
0.678431
0.658824
0.933333
0.952941
0.949020
0.949020
0.952941
0.956863
0.949020
0.949020
0.952941
0.952941
0.952941
0.952941
0.952941
0.952941
0.952941
0.952941
0.956863
0.956863
0.956863
0.952941
0.949020
0.949020
0.949020
0.952941
0.956863
0.956863
0.956863
0.956863
0.960784
0.960784
0.956863
0.960784
0.949020
0.964706
0.952941
0.952941
0.956863
0.956863
0.956863
0.952941
0.956863
0.956863
0.960784
0.960784
0.960784
0.960784
0.960784
0.960784
0.960784
0.960784
0.960784
0.956863
0.956863
0.956863
0.956863
0.960784
0.960784
0.960784
0.960784
0.960784
0.956863
0.956863
0.952941
0.952941
0.945098
0.956863
0.945098
0.945098
0.949020
0.952941
0.952941
0.952941
0.952941
0.956863
0.956863
0.956863
0.956863
0.956863
0.956863
0.956863
0.956863
0.956863
0.956863
0.956863
0.956863
0.956863
0.956863
0.956863
0.956863
0.956863
0.956863
0.956863
0.960784
0.956863
0.952941
0.952941
0.945098
0.956863
0.952941
0.952941
0.956863
0.956863
0.952941
0.952941
0.952941
0.956863
0.956863
0.956863
0.956863
0.956863
0.956863
0.956863
0.956863
0.956863
0.956863
0.956863
0.956863
0.956863
0.956863
0.956863
0.956863
0.956863
0.952941
0.952941
0.949020
0.949020
0.945098
0.945098
0.952941
0.964706
0.964706
0.968627
0.968627
0.972549
0.976471
0.976471
0.976471
0.976471
0.980392
0.980392
0.980392
0.976471
0.980392
0.980392
0.984314
0.984314
0.980392
0.984314
0.984314
0.984314
0.984314
0.984314
0.984314
0.984314
0.984314
0.980392
0.972549
0.968627
0.968627
0.964706
0.952941
0.968627
0.968627
0.976471
0.984314
0.988235
0.988235
0.988235
0.988235
0.988235
0.988235
0.988235
0.988235
0.984314
0.988235
0.988235
0.988235
0.988235
0.984314
0.988235
0.988235
0.992157
0.992157
0.992157
0.992157
0.992157
0.996078
0.992157
0.988235
0.984314
0.980392
0.976471
0.956863
0.976471
0.980392
0.988235
0.992157
0.996078
0.992157
0.992157
0.992157
0.992157
0.992157
0.992157
0.992157
0.984314
0.984314
0.984314
0.984314
0.984314
0.984314
0.988235
0.992157
0.992157
0.988235
0.988235
0.992157
0.992157
0.992157
0.992157
0.992157
0.992157
0.988235
0.984314
0.952941
0.976471
0.976471
0.980392
0.988235
0.992157
0.988235
0.984314
0.972549
0.952941
0.925490
0.894118
0.866667
0.843137
0.831373
0.807843
0.803922
0.819608
0.847059
0.862745
0.870588
0.894118
0.917647
0.941176
0.968627
0.980392
0.984314
0.988235
0.988235
0.988235
0.980392
0.972549
0.960784
0.988235
0.988235
0.988235
0.996078
0.992157
0.984314
0.945098
0.764706
0.615686
0.564706
0.466667
0.376471
0.333333
0.333333
0.333333
0.325490
0.321569
0.321569
0.329412
0.380392
0.470588
0.560784
0.674510
0.819608
0.941176
0.980392
0.984314
0.984314
0.984314
0.988235
0.984314
0.972549
0.996078
0.996078
0.996078
0.996078
0.988235
0.980392
0.803922
0.396078
0.152941
0.125490
0.184314
0.223529
0.270588
0.286275
0.266667
0.227451
0.282353
0.301961
0.266667
0.203922
0.180392
0.141176
0.203922
0.521569
0.874510
0.976471
0.980392
0.980392
0.984314
0.988235
0.988235
0.972549
0.996078
0.988235
0.992157
0.992157
0.988235
0.945098
0.635294
0.219608
0.137255
0.180392
0.211765
0.376471
0.592157
0.635294
0.482353
0.388235
0.541176
0.647059
0.545098
0.294118
0.176471
0.219608
0.156863
0.301961
0.745098
0.952941
0.949020
0.960784
0.984314
0.984314
0.984314
0.972549
0.992157
0.980392
0.921569
0.847059
0.874510
0.854902
0.466667
0.184314
0.321569
0.250980
0.078431
0.133333
0.286275
0.486275
0.588235
0.564706
0.600000
0.466667
0.250980
0.105882
0.082353
0.282353
0.298039
0.168627
0.580392
0.866667
0.760784
0.780392
0.905882
0.980392
0.984314
0.960784
0.984314
0.956863
0.784314
0.701961
0.713725
0.647059
0.290196
0.090196
0.239216
0.200000
0.125490
0.121569
0.137255
0.250980
0.384314
0.419608
0.396078
0.239216
0.129412
0.121569
0.129412
0.223529
0.243137
0.101961
0.345098
0.674510
0.690196
0.686275
0.827451
0.972549
0.984314
0.972549
0.988235
0.976471
0.886275
0.709804
0.490196
0.286275
0.129412
0.184314
0.529412
0.658824
0.631373
0.643137
0.654902
0.647059
0.627451
0.627451
0.635294
0.650980
0.662745
0.654902
0.650980
0.674510
0.529412
0.200000
0.109804
0.266667
0.537255
0.776471
0.941176
0.980392
0.984314
0.976471
0.984314
0.992157
0.972549
0.517647
0.117647
0.086275
0.121569
0.180392
0.650980
0.921569
0.854902
0.831373
0.800000
0.764706
0.650980
0.592157
0.658824
0.764706
0.792157
0.823529
0.850980
0.898039
0.623529
0.188235
0.117647
0.109804
0.117647
0.447059
0.913725
0.984314
0.980392
0.972549
0.984314
0.976471
0.835294
0.349020
0.227451
0.329412
0.349020
0.356863
0.580392
0.780392
0.737255
0.670588
0.521569
0.458824
0.435294
0.407843
0.419608
0.447059
0.517647
0.650980
0.721569
0.764706
0.603922
0.392157
0.380392
0.380392
0.286275
0.364706
0.807843
0.980392
0.984314
0.972549
0.988235
0.956863
0.780392
0.603922
0.662745
0.737255
0.756863
0.764706
0.752941
0.737255
0.709804
0.654902
0.454902
0.380392
0.411765
0.396078
0.400000
0.372549
0.431373
0.631373
0.694118
0.729412
0.768627
0.784314
0.784314
0.764706
0.717647
0.678431
0.815686
0.956863
0.984314
0.972549
0.988235
0.952941
0.819608
0.768627
0.823529
0.843137
0.839216
0.800000
0.764706
0.725490
0.698039
0.670588
0.580392
0.525490
0.529412
0.521569
0.537255
0.509804
0.525490
0.650980
0.690196
0.717647
0.749020
0.800000
0.835294
0.839216
0.815686
0.772549
0.823529
0.941176
0.976471
0.968627
0.988235
0.933333
0.792157
0.756863
0.792157
0.807843
0.811765
0.788235
0.768627
0.737255
0.713725
0.686275
0.654902
0.623529
0.611765
0.603922
0.611765
0.623529
0.647059
0.690196
0.713725
0.741176
0.756863
0.784314
0.807843
0.803922
0.780392
0.764706
0.784314
0.905882
0.976471
0.968627
0.988235
0.894118
0.729412
0.709804
0.741176
0.749020
0.701961
0.658824
0.607843
0.560784
0.525490
0.501961
0.478431
0.458824
0.447059
0.450980
0.462745
0.466667
0.478431
0.498039
0.525490
0.552941
0.592157
0.631373
0.678431
0.733333
0.745098
0.717647
0.690196
0.843137
0.984314
0.964706
0.988235
0.850980
0.654902
0.705882
0.686275
0.490196
0.352941
0.278431
0.235294
0.211765
0.172549
0.156863
0.152941
0.145098
0.145098
0.168627
0.180392
0.176471
0.176471
0.184314
0.192157
0.200000
0.223529
0.274510
0.313725
0.388235
0.619608
0.717647
0.627451
0.796078
0.988235
0.972549
0.992157
0.819608
0.596078
0.698039
0.576471
0.341176
0.235294
0.172549
0.192157
0.247059
0.200000
0.192157
0.184314
0.180392
0.192157
0.211765
0.215686
0.207843
0.200000
0.196078
0.200000
0.200000
0.192157
0.200000
0.215686
0.203922
0.419608
0.686275
0.592157
0.764706
0.996078
0.905882
0.925490
0.741176
0.474510
0.607843
0.454902
0.262745
0.219608
0.184314
0.254902
0.345098
0.317647
0.313725
0.313725
0.309804
0.317647
0.321569
0.325490
0.325490
0.321569
0.317647
0.329412
0.321569
0.254902
0.188235
0.188235
0.192157
0.325490
0.568627
0.490196
0.694118
0.925490
0.733333
0.749020
0.592157
0.282353
0.411765
0.352941
0.160784
0.141176
0.168627
0.231373
0.270588
0.290196
0.345098
0.384314
0.396078
0.403922
0.407843
0.407843
0.403922
0.392157
0.368627
0.321569
0.282353
0.227451
0.156863
0.117647
0.121569
0.270588
0.372549
0.294118
0.556863
0.756863
0.635294
0.643137
0.509804
0.168627
0.133333
0.141176
0.058824
0.113725
0.325490
0.403922
0.400000
0.435294
0.474510
0.498039
0.509804
0.521569
0.517647
0.513725
0.505882
0.501961
0.486275
0.447059
0.415686
0.415686
0.321569
0.109804
0.050980
0.125490
0.129412
0.172549
0.494118
0.674510
0.458824
0.447059
0.364706
0.113725
0.031373
0.031373
0.015686
0.074510
0.160784
0.180392
0.176471
0.164706
0.149020
0.137255
0.137255
0.152941
0.149020
0.133333
0.117647
0.113725
0.117647
0.121569
0.121569
0.125490
0.109804
0.050980
0.015686
0.019608
0.023529
0.137255
0.494118
0.654902
0.423529
0.415686
0.376471
0.239216
0.180392
0.180392
0.176471
0.211765
0.207843
0.180392
0.168627
0.160784
0.152941
0.152941
0.149020
0.152941
0.160784
0.156863
0.149020
0.145098
0.149020
0.149020
0.149020
0.152941
0.164706
0.188235
0.192157
0.203922
0.196078
0.317647
0.564706
0.643137
0.568627
0.576471
0.564706
0.545098
0.537255
0.541176
0.533333
0.541176
0.541176
0.545098
0.549020
0.549020
0.541176
0.549020
0.560784
0.552941
0.552941
0.560784
0.560784
0.560784
0.564706
0.564706
0.564706
0.556863
0.552941
0.552941
0.568627
0.580392
0.584314
0.607843
0.635294
0.647059
0.623529
0.639216
0.631373
0.639216
0.643137
0.654902
0.650980
0.647059
0.643137
0.643137
0.643137
0.643137
0.635294
0.639216
0.647059
0.639216
0.635294
0.639216
0.639216
0.643137
0.639216
0.639216
0.647059
0.635294
0.635294
0.635294
0.643137
0.639216
0.650980
0.650980
0.639216
0.639216
0.607843
0.611765
0.611765
0.615686
0.619608
0.631373
0.631373
0.627451
0.619608
0.623529
0.627451
0.619608
0.615686
0.611765
0.607843
0.607843
0.619608
0.615686
0.611765
0.619608
0.615686
0.611765
0.615686
0.623529
0.627451
0.627451
0.627451
0.619608
0.623529
0.623529
0.623529
0.623529
