1.000000
0.988235
0.980392
0.980392
0.980392
0.976471
0.972549
0.980392
0.976471
0.980392
0.956863
0.850980
0.945098
0.984314
0.984314
0.980392
0.980392
0.988235
0.988235
0.992157
0.988235
0.988235
0.988235
0.992157
0.992157
0.992157
0.992157
0.992157
0.992157
0.992157
0.992157
0.992157
1.000000
1.000000
0.992157
0.929412
0.925490
0.988235
0.988235
0.956863
0.917647
0.886275
0.752941
0.474510
0.713725
0.882353
0.925490
0.976471
1.000000
1.000000
1.000000
1.000000
1.000000
1.000000
1.000000
1.000000
1.000000
1.000000
1.000000
1.000000
1.000000
1.000000
1.000000
1.000000
1.000000
0.992157
0.984314
0.784314
0.701961
0.792157
0.737255
0.635294
0.545098
0.486275
0.380392
0.223529
0.294118
0.427451
0.533333
0.670588
0.776471
0.862745
0.941176
0.984314
0.992157
0.984314
0.976471
0.980392
0.996078
0.996078
0.996078
0.996078
0.996078
0.996078
0.996078
0.996078
1.000000
0.996078
0.996078
0.776471
0.600000
0.580392
0.470588
0.364706
0.301961
0.270588
0.239216
0.196078
0.160784
0.184314
0.207843
0.274510
0.364706
0.470588
0.603922
0.729412
0.843137
0.917647
0.952941
0.976471
1.000000
1.000000
1.000000
1.000000
1.000000
1.000000
1.000000
1.000000
1.000000
0.996078
0.996078
0.835294
0.596078
0.576471
0.552941
0.529412
0.498039
0.407843
0.294118
0.215686
0.168627
0.180392
0.200000
0.227451
0.266667
0.325490
0.407843
0.525490
0.627451
0.686275
0.858824
0.996078
0.996078
1.000000
1.000000
1.000000
1.000000
1.000000
1.000000
1.000000
1.000000
0.992157
0.996078
0.862745
0.603922
0.588235
0.584314
0.596078
0.600000
0.592157
0.556863
0.478431
0.368627
0.298039
0.345098
0.407843
0.439216
0.454902
0.521569
0.568627
0.588235
0.588235
0.807843
1.000000
1.000000
1.000000
1.000000
0.996078
0.996078
1.000000
1.000000
1.000000
1.000000
0.992157
0.996078
0.882353
0.627451
0.607843
0.600000
0.592157
0.596078
0.603922
0.639216
0.627451
0.631373
0.596078
0.529412
0.494118
0.486275
0.474510
0.529412
0.588235
0.611765
0.611765
0.807843
0.996078
0.984314
0.992157
0.984314
0.972549
0.972549
0.996078
1.000000
1.000000
1.000000
0.992157
1.000000
0.901961
0.647059
0.619608
0.619608
0.615686
0.619608
0.607843
0.619608
0.607843
0.654902
0.596078
0.482353
0.462745
0.454902
0.431373
0.462745
0.509804
0.576471
0.607843
0.843137
1.000000
0.945098
0.952941
0.968627
0.984314
0.992157
1.000000
1.000000
1.000000
1.000000
0.996078
1.000000
0.921569
0.670588
0.631373
0.639216
0.639216
0.635294
0.631373
0.650980
0.631373
0.662745
0.584314
0.478431
0.462745
0.443137
0.400000
0.403922
0.447059
0.600000
0.690196
0.858824
0.964706
0.960784
0.976471
0.992157
1.000000
0.996078
1.000000
1.000000
1.000000
1.000000
0.996078
1.000000
0.937255
0.694118
0.647059
0.654902
0.658824
0.654902
0.647059
0.666667
0.643137
0.678431
0.607843
0.482353
0.454902
0.454902
0.447059
0.498039
0.631373
0.772549
0.823529
0.827451
0.843137
0.886275
0.901961
0.925490
0.960784
0.992157
1.000000
1.000000
1.000000
1.000000
0.996078
1.000000
0.952941
0.721569
0.662745
0.666667
0.670588
0.666667
0.658824
0.670588
0.662745
0.694118
0.611765
0.450980
0.443137
0.470588
0.529412
0.678431
0.811765
0.878431
0.890196
0.878431
0.854902
0.843137
0.866667
0.815686
0.776471
0.929412
0.996078
1.000000
1.000000
1.000000
0.996078
1.000000
0.972549
0.741176
0.654902
0.678431
0.682353
0.686275
0.670588
0.686275
0.678431
0.705882
0.627451
0.435294
0.415686
0.443137
0.545098
0.698039
0.796078
0.882353
0.933333
0.937255
0.917647
0.862745
0.768627
0.627451
0.607843
0.905882
0.996078
1.000000
1.000000
1.000000
1.000000
1.000000
0.992157
0.827451
0.662745
0.658824
0.686275
0.701961
0.686275
0.698039
0.694118
0.717647
0.643137
0.439216
0.384314
0.392157
0.435294
0.501961
0.549020
0.670588
0.776471
0.854902
0.815686
0.615686
0.403922
0.341176
0.552941
0.952941
1.000000
0.996078
1.000000
1.000000
1.000000
1.000000
1.000000
0.968627
0.788235
0.584314
0.643137
0.705882
0.709804
0.713725
0.701961
0.725490
0.658824
0.403922
0.309804
0.368627
0.356863
0.360784
0.305882
0.360784
0.478431
0.533333
0.403922
0.247059
0.164706
0.266667
0.592157
0.952941
0.996078
0.992157
1.000000
1.000000
1.000000
1.000000
0.996078
1.000000
0.854902
0.396078
0.423529
0.631373
0.690196
0.717647
0.701961
0.729412
0.674510
0.352941
0.247059
0.427451
0.392157
0.360784
0.235294
0.215686
0.333333
0.325490
0.223529
0.219608
0.211765
0.294118
0.592157
0.941176
0.996078
0.992157
0.996078
1.000000
1.000000
1.000000
0.996078
1.000000
0.862745
0.282353
0.156863
0.474510
0.568627
0.654902
0.705882
0.737255
0.682353
0.341176
0.250980
0.560784
0.584314
0.474510
0.254902
0.215686
0.305882
0.235294
0.196078
0.266667
0.286275
0.349020
0.439216
0.760784
0.996078
0.996078
0.996078
1.000000
1.000000
1.000000
0.996078
1.000000
0.921569
0.470588
0.239216
0.380392
0.368627
0.431373
0.596078
0.717647
0.678431
0.321569
0.270588
0.635294
0.721569
0.709804
0.564706
0.368627
0.313725
0.250980
0.231373
0.305882
0.392157
0.474510
0.501961
0.698039
0.984314
1.000000
0.996078
1.000000
1.000000
1.000000
1.000000
0.984314
1.000000
0.650980
0.247059
0.372549
0.250980
0.184314
0.388235
0.545098
0.611765
0.345098
0.368627
0.690196
0.713725
0.764706
0.796078
0.639216
0.443137
0.317647
0.349020
0.415686
0.509804
0.639216
0.686275
0.807843
0.988235
1.000000
0.996078
1.000000
1.000000
1.000000
1.000000
0.988235
0.988235
0.650980
0.231373
0.294118
0.203922
0.129412
0.196078
0.356863
0.494118
0.286275
0.360784
0.729412
0.721569
0.709804
0.725490
0.721569
0.670588
0.545098
0.509804
0.580392
0.639216
0.694118
0.705882
0.831373
1.000000
0.996078
1.000000
1.000000
1.000000
1.000000
1.000000
0.984314
0.796078
0.439216
0.203922
0.188235
0.121569
0.137255
0.125490
0.223529
0.345098
0.192157
0.250980
0.623529
0.654902
0.650980
0.690196
0.698039
0.709804
0.690196
0.670588
0.709804
0.709804
0.631373
0.545098
0.737255
1.000000
0.996078
1.000000
1.000000
1.000000
1.000000
1.000000
0.988235
0.776471
0.407843
0.184314
0.121569
0.129412
0.168627
0.141176
0.137255
0.215686
0.231373
0.254902
0.352941
0.427451
0.560784
0.690196
0.725490
0.670588
0.623529
0.709804
0.752941
0.647059
0.533333
0.490196
0.788235
1.000000
0.996078
1.000000
1.000000
1.000000
1.000000
1.000000
1.000000
0.960784
0.756863
0.392157
0.168627
0.211765
0.235294
0.215686
0.184314
0.164706
0.227451
0.231373
0.152941
0.180392
0.407843
0.611765
0.717647
0.698039
0.662745
0.701961
0.635294
0.564706
0.521569
0.486275
0.784314
1.000000
0.996078
1.000000
1.000000
1.000000
1.000000
1.000000
0.992157
0.988235
0.976471
0.807843
0.450980
0.301961
0.298039
0.282353
0.247059
0.211765
0.239216
0.266667
0.219608
0.137255
0.247059
0.509804
0.662745
0.709804
0.639216
0.584314
0.545098
0.552941
0.549020
0.470588
0.713725
1.000000
1.000000
1.000000
1.000000
1.000000
1.000000
1.000000
0.996078
0.988235
0.988235
0.984314
0.862745
0.564706
0.345098
0.321569
0.305882
0.278431
0.254902
0.270588
0.203922
0.145098
0.168627
0.392157
0.568627
0.694118
0.615686
0.556863
0.529412
0.525490
0.517647
0.541176
0.815686
1.000000
0.996078
1.000000
1.000000
1.000000
1.000000
1.000000
1.000000
0.996078
0.996078
0.992157
1.000000
0.937255
0.627451
0.364706
0.337255
0.321569
0.305882
0.282353
0.188235
0.101961
0.145098
0.301961
0.419608
0.584314
0.647059
0.580392
0.513725
0.490196
0.525490
0.760784
0.984314
1.000000
1.000000
1.000000
1.000000
1.000000
1.000000
1.000000
1.000000
1.000000
1.000000
1.000000
0.992157
1.000000
0.956863
0.674510
0.415686
0.396078
0.568627
0.415686
0.227451
0.180392
0.145098
0.266667
0.407843
0.486275
0.576471
0.521569
0.505882
0.525490
0.517647
0.705882
0.945098
0.992157
1.000000
1.000000
1.000000
1.000000
1.000000
1.000000
1.000000
1.000000
1.000000
1.000000
0.996078
0.984314
0.996078
0.964706
0.772549
0.756863
0.760784
0.341176
0.152941
0.160784
0.188235
0.200000
0.431373
0.552941
0.533333
0.533333
0.564706
0.501961
0.384314
0.552941
0.898039
1.000000
1.000000
1.000000
1.000000
1.000000
1.000000
1.000000
1.000000
1.000000
1.000000
1.000000
0.996078
0.984314
0.984314
0.996078
0.988235
0.992157
0.909804
0.545098
0.180392
0.141176
0.196078
0.129412
0.282353
0.490196
0.541176
0.568627
0.533333
0.380392
0.454902
0.827451
0.980392
0.996078
1.000000
1.000000
1.000000
1.000000
1.000000
1.000000
1.000000
1.000000
1.000000
1.000000
1.000000
0.996078
0.996078
0.996078
0.996078
0.996078
0.996078
0.886275
0.537255
0.262745
0.164706
0.152941
0.211765
0.333333
0.431373
0.435294
0.325490
0.454902
0.803922
0.984314
0.996078
1.000000
1.000000
1.000000
1.000000
1.000000
1.000000
1.000000
1.000000
1.000000
1.000000
1.000000
1.000000
1.000000
1.000000
1.000000
1.000000
0.996078
0.996078
0.996078
0.921569
0.674510
0.384314
0.254902
0.227451
0.262745
0.309804
0.313725
0.431373
0.800000
0.996078
0.984314
0.988235
1.000000
1.000000
1.000000
1.000000
1.000000
1.000000
1.000000
1.000000
1.000000
1.000000
1.000000
1.000000
1.000000
1.000000
1.000000
1.000000
1.000000
0.996078
0.992157
0.988235
0.964706
0.847059
0.635294
0.392157
0.282353
0.290196
0.486275
0.811765
0.980392
0.988235
0.972549
0.980392
1.000000
1.000000
1.000000
1.000000
1.000000
1.000000
1.000000
1.000000
1.000000
1.000000
1.000000
1.000000
1.000000
1.000000
1.000000
1.000000
1.000000
1.000000
0.996078
0.996078
0.992157
0.996078
0.960784
0.831373
0.607843
0.560784
0.850980
0.992157
0.992157
0.988235
0.980392
0.984314
1.000000
1.000000
1.000000
1.000000
0.988235
0.980392
0.980392
0.980392
0.976471
0.972549
0.980392
0.976471
0.980392
0.956863
0.850980
0.945098
0.984314
0.980392
0.972549
0.976471
0.984314
0.988235
0.988235
0.988235
0.984314
0.984314
0.984314
0.988235
0.992157
0.992157
0.992157
0.992157
0.992157
0.992157
0.992157
1.000000
1.000000
0.992157
0.929412
0.925490
0.988235
0.988235
0.956863
0.917647
0.886275
0.752941
0.474510
0.713725
0.882353
0.929412
0.980392
1.000000
1.000000
1.000000
1.000000
1.000000
1.000000
1.000000
1.000000
1.000000
1.000000
1.000000
1.000000
1.000000
1.000000
1.000000
1.000000
1.000000
0.992157
0.984314
0.784314
0.701961
0.792157
0.737255
0.635294
0.545098
0.486275
0.380392
0.223529
0.294118
0.431373
0.552941
0.690196
0.788235
0.862745
0.937255
0.984314
0.996078
0.996078
0.996078
0.996078
0.996078
0.996078
0.996078
0.996078
0.996078
0.996078
0.996078
0.996078
1.000000
0.996078
0.996078
0.776471
0.600000
0.580392
0.470588
0.364706
0.301961
0.270588
0.239216
0.196078
0.160784
0.188235
0.235294
0.294118
0.364706
0.450980
0.576471
0.705882
0.827451
0.917647
0.972549
0.996078
1.000000
1.000000
1.000000
1.000000
1.000000
1.000000
1.000000
1.000000
1.000000
0.996078
0.996078
0.835294
0.596078
0.576471
0.552941
0.529412
0.498039
0.407843
0.294118
0.215686
0.168627
0.184314
0.215686
0.231373
0.243137
0.278431
0.345098
0.462745
0.584314
0.666667
0.862745
1.000000
0.996078
1.000000
1.000000
1.000000
1.000000
1.000000
1.000000
1.000000
1.000000
0.992157
0.996078
0.862745
0.603922
0.588235
0.584314
0.596078
0.600000
0.592157
0.556863
0.478431
0.368627
0.294118
0.341176
0.376471
0.380392
0.364706
0.415686
0.470588
0.513725
0.545098
0.800000
1.000000
0.996078
1.000000
1.000000
1.000000
1.000000
1.000000
1.000000
1.000000
1.000000
0.992157
0.996078
0.882353
0.627451
0.607843
0.600000
0.592157
0.596078
0.607843
0.647059
0.627451
0.627451
0.572549
0.435294
0.337255
0.286275
0.262745
0.325490
0.419608
0.494118
0.556863
0.807843
1.000000
0.968627
0.984314
0.996078
1.000000
1.000000
1.000000
1.000000
1.000000
1.000000
0.992157
1.000000
0.901961
0.647059
0.619608
0.619608
0.615686
0.619608
0.619608
0.631373
0.607843
0.650980
0.556863
0.305882
0.207843
0.176471
0.172549
0.258824
0.400000
0.505882
0.572549
0.843137
1.000000
0.996078
0.996078
0.988235
0.980392
0.984314
0.996078
1.000000
1.000000
1.000000
0.996078
1.000000
0.921569
0.670588
0.631373
0.639216
0.639216
0.639216
0.643137
0.662745
0.631373
0.654902
0.537255
0.262745
0.184314
0.164706
0.152941
0.219608
0.349020
0.494118
0.549020
0.698039
0.823529
0.874510
0.925490
0.964706
0.976471
0.984314
1.000000
1.000000
1.000000
1.000000
0.996078
1.000000
0.937255
0.694118
0.647059
0.654902
0.658824
0.654902
0.658824
0.674510
0.643137
0.674510
0.560784
0.262745
0.164706
0.125490
0.098039
0.137255
0.227451
0.317647
0.321569
0.305882
0.317647
0.392157
0.533333
0.713725
0.874510
0.968627
1.000000
1.000000
1.000000
1.000000
0.996078
1.000000
0.952941
0.721569
0.662745
0.666667
0.670588
0.670588
0.670588
0.682353
0.658824
0.690196
0.572549
0.258824
0.160784
0.094118
0.050980
0.121569
0.188235
0.207843
0.196078
0.196078
0.219608
0.231373
0.227451
0.282353
0.552941
0.929412
1.000000
0.996078
1.000000
1.000000
0.996078
1.000000
0.972549
0.741176
0.654902
0.678431
0.682353
0.690196
0.682353
0.694118
0.678431
0.701961
0.584314
0.254902
0.152941
0.090196
0.070588
0.121569
0.152941
0.168627
0.176471
0.200000
0.211765
0.207843
0.270588
0.360784
0.545098
0.937255
1.000000
0.996078
1.000000
1.000000
1.000000
1.000000
0.992157
0.827451
0.662745
0.658824
0.686275
0.701961
0.698039
0.709804
0.694118
0.713725
0.596078
0.247059
0.149020
0.113725
0.082353
0.094118
0.129412
0.164706
0.160784
0.203922
0.180392
0.149020
0.368627
0.635294
0.737255
0.956863
0.996078
1.000000
1.000000
1.000000
1.000000
1.000000
1.000000
0.968627
0.788235
0.584314
0.643137
0.701961
0.701961
0.717647
0.709804
0.725490
0.603922
0.247059
0.145098
0.113725
0.086275
0.105882
0.176471
0.243137
0.196078
0.172549
0.149020
0.176471
0.313725
0.545098
0.749020
0.968627
0.996078
0.992157
1.000000
1.000000
1.000000
1.000000
0.996078
1.000000
0.854902
0.396078
0.423529
0.627451
0.678431
0.725490
0.721569
0.733333
0.615686
0.247059
0.133333
0.105882
0.074510
0.094118
0.207843
0.305882
0.231373
0.121569
0.176471
0.294118
0.345098
0.423529
0.588235
0.878431
0.992157
0.992157
0.996078
1.000000
1.000000
1.000000
0.996078
1.000000
0.862745
0.282353
0.156863
0.474510
0.576471
0.682353
0.733333
0.745098
0.619608
0.239216
0.105882
0.145098
0.137255
0.078431
0.152941
0.270588
0.247059
0.149020
0.266667
0.388235
0.392157
0.360784
0.239216
0.533333
0.980392
1.000000
0.996078
1.000000
1.000000
1.000000
0.996078
1.000000
0.921569
0.470588
0.239216
0.384314
0.400000
0.482353
0.639216
0.733333
0.619608
0.231373
0.094118
0.125490
0.152941
0.129412
0.109804
0.113725
0.164706
0.270588
0.443137
0.403922
0.243137
0.125490
0.113725
0.450980
0.968627
1.000000
0.996078
1.000000
1.000000
1.000000
1.000000
0.984314
1.000000
0.650980
0.243137
0.376471
0.286275
0.243137
0.447059
0.580392
0.584314
0.290196
0.203922
0.149020
0.101961
0.105882
0.094118
0.086275
0.074510
0.168627
0.349020
0.243137
0.094118
0.094118
0.235294
0.584314
0.980392
1.000000
0.996078
1.000000
1.000000
1.000000
1.000000
0.988235
0.988235
0.650980
0.231373
0.294118
0.227451
0.184314
0.274510
0.427451
0.517647
0.286275
0.239216
0.227451
0.156863
0.121569
0.086275
0.098039
0.113725
0.090196
0.090196
0.090196
0.149020
0.250980
0.313725
0.592157
0.988235
1.000000
0.996078
1.000000
1.000000
1.000000
1.000000
0.984314
0.796078
0.439216
0.203922
0.188235
0.125490
0.180392
0.211765
0.325490
0.415686
0.247059
0.180392
0.188235
0.180392
0.184314
0.149020
0.094118
0.109804
0.109804
0.082353
0.164706
0.247059
0.266667
0.239216
0.541176
0.992157
1.000000
0.996078
1.000000
1.000000
1.000000
1.000000
0.988235
0.776471
0.407843
0.184314
0.117647
0.113725
0.180392
0.196078
0.215686
0.282353
0.258824
0.184314
0.082353
0.129412
0.192157
0.172549
0.156863
0.117647
0.086275
0.164706
0.274510
0.239216
0.184314
0.235294
0.670588
1.000000
0.996078
1.000000
1.000000
1.000000
1.000000
1.000000
1.000000
0.960784
0.756863
0.392157
0.164706
0.184314
0.211765
0.215686
0.203922
0.184314
0.176471
0.137255
0.058824
0.054902
0.125490
0.129412
0.203922
0.200000
0.156863
0.192157
0.200000
0.211765
0.180392
0.196078
0.654902
1.000000
0.996078
1.000000
1.000000
1.000000
1.000000
1.000000
0.992157
0.988235
0.976471
0.807843
0.443137
0.258824
0.254902
0.258824
0.235294
0.200000
0.172549
0.168627
0.180392
0.094118
0.039216
0.070588
0.184314
0.239216
0.156863
0.125490
0.200000
0.219608
0.149020
0.090196
0.525490
1.000000
1.000000
1.000000
1.000000
1.000000
1.000000
1.000000
0.996078
0.988235
0.988235
0.984314
0.858824
0.525490
0.294118
0.282353
0.270588
0.243137
0.192157
0.184314
0.188235
0.152941
0.047059
0.027451
0.133333
0.250980
0.156863
0.137255
0.215686
0.172549
0.062745
0.152941
0.654902
1.000000
1.000000
1.000000
1.000000
1.000000
1.000000
1.000000
1.000000
0.996078
0.996078
0.996078
1.000000
0.909804
0.584314
0.317647
0.290196
0.278431
0.250980
0.211765
0.188235
0.149020
0.090196
0.035294
0.058824
0.168627
0.207843
0.156863
0.133333
0.082353
0.078431
0.486275
0.941176
1.000000
1.000000
1.000000
1.000000
1.000000
1.000000
1.000000
1.000000
1.000000
1.000000
1.000000
0.992157
0.992157
0.941176
0.643137
0.368627
0.352941
0.537255
0.356863
0.227451
0.231373
0.121569
0.101961
0.129412
0.105882
0.145098
0.074510
0.062745
0.129412
0.172549
0.560784
0.980392
1.000000
1.000000
1.000000
1.000000
1.000000
1.000000
1.000000
1.000000
1.000000
1.000000
1.000000
0.996078
0.988235
0.996078
0.949020
0.741176
0.729412
0.756863
0.294118
0.149020
0.192157
0.172549
0.125490
0.219608
0.188235
0.090196
0.070588
0.141176
0.196078
0.160784
0.474510
0.941176
1.000000
0.996078
1.000000
1.000000
1.000000
1.000000
1.000000
1.000000
1.000000
1.000000
1.000000
1.000000
0.996078
0.992157
0.992157
0.976471
0.984314
0.913725
0.513725
0.168627
0.149020
0.176471
0.098039
0.129412
0.184314
0.141176
0.156863
0.223529
0.192157
0.329412
0.772549
0.992157
1.000000
1.000000
1.000000
1.000000
1.000000
1.000000
1.000000
1.000000
1.000000
1.000000
1.000000
1.000000
1.000000
1.000000
0.996078
0.996078
0.992157
0.992157
0.870588
0.525490
0.250980
0.145098
0.113725
0.105882
0.133333
0.152941
0.156863
0.168627
0.356863
0.749020
0.960784
0.996078
1.000000
1.000000
1.000000
1.000000
1.000000
1.000000
1.000000
1.000000
1.000000
1.000000
1.000000
1.000000
1.000000
1.000000
1.000000
1.000000
0.996078
0.988235
0.988235
0.909804
0.662745
0.368627
0.207843
0.145098
0.133333
0.125490
0.129412
0.345098
0.749020
0.972549
0.984314
0.992157
1.000000
1.000000
1.000000
1.000000
1.000000
1.000000
1.000000
1.000000
1.000000
1.000000
1.000000
1.000000
1.000000
1.000000
1.000000
1.000000
0.996078
0.992157
0.988235
0.984314
0.960784
0.839216
0.592157
0.325490
0.196078
0.180392
0.388235
0.772549
0.964706
0.984314
0.988235
0.996078
1.000000
1.000000
1.000000
1.000000
1.000000
1.000000
1.000000
1.000000
1.000000
1.000000
1.000000
1.000000
1.000000
1.000000
1.000000
1.000000
1.000000
1.000000
0.996078
0.996078
0.992157
0.992157
0.933333
0.792157
0.568627
0.517647
0.819608
0.988235
0.992157
0.996078
0.996078
1.000000
1.000000
1.000000
1.000000
1.000000
0.988235
0.980392
0.980392
0.980392
0.976471
0.972549
0.980392
0.976471
0.980392
0.956863
0.850980
0.945098
0.984314
0.984314
0.976471
0.980392
0.988235
0.988235
0.992157
0.992157
0.988235
0.988235
0.992157
0.992157
0.992157
0.992157
0.992157
0.992157
0.992157
0.992157
0.992157
1.000000
1.000000
0.992157
0.929412
0.925490
0.988235
0.988235
0.956863
0.917647
0.886275
0.752941
0.474510
0.713725
0.882353
0.925490
0.976471
1.000000
1.000000
1.000000
1.000000
1.000000
1.000000
1.000000
1.000000
1.000000
1.000000
1.000000
1.000000
1.000000
1.000000
1.000000
1.000000
1.000000
0.992157
0.984314
0.784314
0.701961
0.792157
0.737255
0.635294
0.545098
0.486275
0.380392
0.223529
0.294118
0.431373
0.537255
0.674510
0.776471
0.850980
0.929412
0.976471
0.984314
0.984314
0.984314
0.984314
0.996078
0.996078
0.996078
0.996078
0.996078
0.996078
0.996078
0.996078
1.000000
0.996078
0.996078
0.776471
0.600000
0.580392
0.470588
0.364706
0.301961
0.270588
0.239216
0.196078
0.160784
0.184314
0.207843
0.266667
0.349020
0.439216
0.568627
0.698039
0.815686
0.901961
0.949020
0.976471
1.000000
1.000000
1.000000
1.000000
1.000000
1.000000
1.000000
1.000000
1.000000
0.996078
0.996078
0.835294
0.596078
0.576471
0.552941
0.529412
0.498039
0.407843
0.294118
0.215686
0.168627
0.180392
0.188235
0.203922
0.223529
0.270588
0.341176
0.458824
0.572549
0.647059
0.835294
0.984314
0.996078
1.000000
1.000000
1.000000
1.000000
1.000000
1.000000
1.000000
1.000000
0.992157
0.996078
0.862745
0.603922
0.588235
0.584314
0.596078
0.600000
0.592157
0.556863
0.478431
0.368627
0.290196
0.313725
0.352941
0.368627
0.360784
0.415686
0.470588
0.509804
0.529412
0.772549
0.996078
0.996078
1.000000
1.000000
0.996078
0.996078
1.000000
1.000000
1.000000
1.000000
0.992157
0.996078
0.882353
0.627451
0.607843
0.600000
0.592157
0.596078
0.607843
0.643137
0.627451
0.631373
0.568627
0.396078
0.317647
0.298039
0.270588
0.325490
0.431373
0.517647
0.580392
0.800000
0.992157
0.988235
0.996078
0.996078
0.984314
0.976471
0.996078
1.000000
1.000000
1.000000
0.992157
1.000000
0.901961
0.647059
0.619608
0.619608
0.615686
0.619608
0.615686
0.627451
0.607843
0.654902
0.552941
0.262745
0.196078
0.196078
0.172549
0.223529
0.372549
0.509804
0.592157
0.827451
0.992157
0.992157
1.000000
0.992157
0.984314
0.984314
0.996078
1.000000
1.000000
1.000000
0.996078
1.000000
0.921569
0.670588
0.631373
0.639216
0.639216
0.639216
0.639216
0.658824
0.631373
0.658824
0.533333
0.243137
0.188235
0.184314
0.149020
0.164706
0.266667
0.435294
0.517647
0.658824
0.764706
0.823529
0.890196
0.952941
0.992157
1.000000
1.000000
1.000000
1.000000
1.000000
0.996078
1.000000
0.937255
0.694118
0.647059
0.654902
0.658824
0.654902
0.654902
0.670588
0.643137
0.678431
0.560784
0.254902
0.180392
0.164706
0.121569
0.117647
0.156863
0.250980
0.270588
0.250980
0.250980
0.325490
0.462745
0.658824
0.862745
0.980392
1.000000
1.000000
1.000000
1.000000
0.996078
1.000000
0.952941
0.721569
0.662745
0.666667
0.670588
0.666667
0.666667
0.678431
0.658824
0.694118
0.572549
0.250980
0.180392
0.145098
0.109804
0.145098
0.125490
0.117647
0.098039
0.086275
0.094118
0.109804
0.141176
0.231373
0.513725
0.901961
1.000000
1.000000
1.000000
1.000000
0.996078
1.000000
0.972549
0.741176
0.654902
0.678431
0.682353
0.686275
0.678431
0.690196
0.674510
0.705882
0.588235
0.250980
0.172549
0.137255
0.117647
0.149020
0.109804
0.098039
0.086275
0.098039
0.117647
0.125490
0.141176
0.203922
0.431373
0.894118
1.000000
0.996078
1.000000
1.000000
1.000000
1.000000
0.992157
0.827451
0.662745
0.658824
0.686275
0.701961
0.694118
0.705882
0.694118
0.713725
0.600000
0.254902
0.164706
0.133333
0.086275
0.074510
0.094118
0.105882
0.098039
0.149020
0.152941
0.113725
0.172549
0.352941
0.588235
0.949020
1.000000
0.996078
1.000000
1.000000
1.000000
1.000000
1.000000
0.968627
0.788235
0.584314
0.643137
0.705882
0.705882
0.717647
0.701961
0.713725
0.600000
0.247059
0.129412
0.109804
0.070588
0.078431
0.125490
0.160784
0.137255
0.133333
0.101961
0.109804
0.168627
0.360784
0.650980
0.960784
0.996078
0.992157
1.000000
1.000000
1.000000
1.000000
0.996078
1.000000
0.854902
0.396078
0.423529
0.631373
0.686275
0.721569
0.701961
0.709804
0.603922
0.235294
0.086275
0.101961
0.070588
0.090196
0.160784
0.223529
0.207843
0.129412
0.133333
0.223529
0.254902
0.333333
0.541176
0.874510
0.996078
0.992157
0.996078
1.000000
1.000000
1.000000
0.996078
1.000000
0.862745
0.282353
0.156863
0.474510
0.576471
0.670588
0.713725
0.717647
0.611765
0.235294
0.066667
0.145098
0.129412
0.074510
0.121569
0.211765
0.239216
0.164706
0.227451
0.294118
0.290196
0.278431
0.207843
0.541176
0.984314
1.000000
0.996078
1.000000
1.000000
1.000000
0.996078
1.000000
0.921569
0.470588
0.239216
0.384314
0.392157
0.462745
0.611765
0.701961
0.611765
0.227451
0.066667
0.137255
0.141176
0.125490
0.137255
0.105882
0.149020
0.227451
0.337255
0.298039
0.200000
0.125490
0.101961
0.423529
0.964706
1.000000
0.996078
1.000000
1.000000
1.000000
1.000000
0.984314
1.000000
0.650980
0.243137
0.376471
0.278431
0.223529
0.415686
0.541176
0.568627
0.282353
0.172549
0.160784
0.086275
0.094118
0.121569
0.090196
0.050980
0.105882
0.243137
0.184314
0.109804
0.137255
0.223529
0.537255
0.972549
1.000000
0.996078
1.000000
1.000000
1.000000
1.000000
0.988235
0.988235
0.650980
0.231373
0.294118
0.223529
0.164706
0.235294
0.380392
0.482353
0.258824
0.192157
0.231373
0.137255
0.094118
0.062745
0.078431
0.094118
0.062745
0.054902
0.094118
0.160784
0.254902
0.298039
0.572549
0.984314
1.000000
0.996078
1.000000
1.000000
1.000000
1.000000
0.984314
0.796078
0.439216
0.203922
0.188235
0.125490
0.164706
0.172549
0.266667
0.364706
0.196078
0.121569
0.188235
0.160784
0.145098
0.125490
0.090196
0.105882
0.101961
0.082353
0.160784
0.235294
0.247059
0.223529
0.533333
0.992157
1.000000
0.996078
1.000000
1.000000
1.000000
1.000000
0.988235
0.776471
0.407843
0.184314
0.121569
0.125490
0.176471
0.172549
0.176471
0.239216
0.211765
0.152941
0.094118
0.109804
0.164706
0.184314
0.168627
0.113725
0.074510
0.168627
0.274510
0.231373
0.184314
0.223529
0.650980
1.000000
0.996078
1.000000
1.000000
1.000000
1.000000
1.000000
1.000000
0.960784
0.756863
0.392157
0.164706
0.196078
0.219608
0.215686
0.200000
0.168627
0.156863
0.160784
0.090196
0.050980
0.109804
0.145098
0.203922
0.176471
0.145098
0.211765
0.227451
0.219608
0.196078
0.200000
0.639216
1.000000
0.996078
1.000000
1.000000
1.000000
1.000000
1.000000
0.992157
0.988235
0.976471
0.807843
0.443137
0.262745
0.258824
0.250980
0.227451
0.184314
0.172549
0.215686
0.227451
0.098039
0.035294
0.090196
0.180392
0.207843
0.141176
0.129412
0.192157
0.215686
0.176471
0.117647
0.525490
1.000000
1.000000
1.000000
1.000000
1.000000
1.000000
1.000000
0.996078
0.988235
0.988235
0.984314
0.854902
0.513725
0.278431
0.262745
0.250980
0.223529
0.203922
0.243137
0.239216
0.164706
0.047059
0.047059
0.133333
0.227451
0.141176
0.125490
0.176471
0.156863
0.094118
0.180392
0.643137
1.000000
1.000000
1.000000
1.000000
1.000000
1.000000
1.000000
1.000000
0.996078
0.996078
0.996078
1.000000
0.894118
0.560784
0.294118
0.266667
0.258824
0.270588
0.266667
0.235294
0.164706
0.101961
0.050980
0.058824
0.149020
0.196078
0.145098
0.105882
0.078431
0.109804
0.486275
0.905882
0.996078
1.000000
1.000000
1.000000
1.000000
1.000000
1.000000
1.000000
1.000000
1.000000
1.000000
0.992157
0.980392
0.925490
0.631373
0.356863
0.349020
0.545098
0.392157
0.254902
0.243137
0.149020
0.113725
0.125490
0.098039
0.137255
0.074510
0.066667
0.137255
0.196078
0.549020
0.941176
0.996078
1.000000
1.000000
1.000000
1.000000
1.000000
1.000000
1.000000
1.000000
1.000000
1.000000
0.996078
0.980392
0.988235
0.952941
0.745098
0.733333
0.749020
0.301961
0.152941
0.203922
0.203922
0.125490
0.211765
0.180392
0.090196
0.078431
0.152941
0.196078
0.172549
0.470588
0.921569
1.000000
1.000000
1.000000
1.000000
1.000000
1.000000
1.000000
1.000000
1.000000
1.000000
1.000000
1.000000
0.996078
0.992157
0.996078
0.984314
0.988235
0.901961
0.505882
0.160784
0.156863
0.203922
0.098039
0.125490
0.184314
0.149020
0.176471
0.239216
0.192157
0.337255
0.784314
0.992157
1.000000
1.000000
1.000000
1.000000
1.000000
1.000000
1.000000
1.000000
1.000000
1.000000
1.000000
1.000000
1.000000
1.000000
0.996078
0.996078
0.996078
0.992157
0.870588
0.525490
0.254902
0.156863
0.133333
0.125490
0.152941
0.168627
0.176471
0.192157
0.376471
0.760784
0.972549
0.996078
1.000000
1.000000
1.000000
1.000000
1.000000
1.000000
1.000000
1.000000
1.000000
1.000000
1.000000
1.000000
1.000000
1.000000
1.000000
1.000000
0.996078
0.992157
0.992157
0.917647
0.666667
0.376471
0.235294
0.168627
0.145098
0.129412
0.137255
0.364706
0.768627
0.984314
0.988235
0.992157
1.000000
1.000000
1.000000
1.000000
1.000000
1.000000
1.000000
1.000000
1.000000
1.000000
1.000000
1.000000
1.000000
1.000000
1.000000
1.000000
1.000000
0.996078
0.992157
0.988235
0.960784
0.843137
0.615686
0.345098
0.200000
0.176471
0.380392
0.780392
0.972549
0.988235
0.984314
0.992157
1.000000
1.000000
1.000000
1.000000
1.000000
1.000000
1.000000
1.000000
1.000000
1.000000
1.000000
1.000000
1.000000
1.000000
1.000000
1.000000
1.000000
1.000000
0.996078
0.996078
0.992157
0.996078
0.949020
0.807843
0.564706
0.505882
0.807843
0.988235
0.996078
0.996078
0.996078
0.996078
1.000000
1.000000
1.000000
