108
113
76
103
110
71
97
105
66
102
113
73
101
113
72
89
105
62
86
104
59
91
106
62
101
110
68
115
118
78
117
114
77
115
110
74
112
115
77
97
111
70
92
108
66
100
107
68
106
106
70
105
110
72
106
111
71
116
116
76
117
124
82
98
110
66
98
110
66
115
119
77
121
120
81
101
108
68
95
106
66
100
110
70
108
116
77
106
113
75
99
105
67
104
108
69
113
120
80
107
114
74
99
106
66
109
117
76
107
115
75
90
105
62
84
105
60
91
104
61
106
107
68
122
115
77
122
112
74
120
111
73
112
112
73
95
106
65
92
104
63
108
112
73
110
107
71
108
110
72
107
109
69
115
113
72
118
120
78
103
109
65
105
110
67
117
118
76
116
114
74
101
105
65
96
102
62
104
109
69
119
123
84
110
112
74
105
106
68
119
117
79
115
118
78
110
112
72
109
111
71
119
120
81
121
121
82
102
110
70
96
110
68
101
102
64
126
111
76
146
124
89
132
113
74
123
110
69
110
107
67
98
104
63
94
103
61
113
114
75
118
111
75
111
109
71
107
108
67
115
113
70
122
120
77
114
113
69
112
112
68
120
118
74
107
104
62
104
105
65
106
107
68
112
112
73
128
126
88
116
112
75
110
106
68
126
120
82
123
120
81
123
118
80
121
115
77
127
119
82
136
126
89
116
113
76
106
107
70
106
90
58
143
111
81
175
139
106
144
118
78
118
104
60
111
106
65
104
108
67
102
108
66
113
111
72
113
104
67
114
111
72
114
113
71
117
114
70
124
120
76
119
114
70
119
114
70
121
117
72
109
106
62
112
109
69
115
112
73
120
115
77
132
126
88
122
115
77
111
103
66
124
115
77
129
120
81
130
121
82
124
113
76
107
92
57
129
110
78
121
105
73
109
95
63
118
89
57
155
113
80
175
133
97
150
120
80
119
102
60
111
103
63
110
107
67
112
108
68
120
110
72
115
103
65
119
109
71
122
115
73
127
118
74
126
115
72
121
110
68
124
112
71
125
115
73
124
115
74
125
118
76
121
115
72
123
115
73
132
123
81
124
113
71
121
109
68
126
116
74
132
118
77
128
115
74
132
117
79
115
95
62
112
85
55
118
90
63
121
92
64
149
111
78
197
153
114
189
149
107
160
130
89
127
109
71
121
112
73
118
108
70
123
109
72
128
111
75
126
109
73
124
110
73
125
110
71
132
115
72
131
113
72
131
113
74
131
113
74
135
116
80
135
118
81
129
118
74
125
116
69
125
115
68
130
118
73
132
118
73
136
122
77
131
119
74
133
114
71
131
112
69
136
117
75
153
128
90
144
113
77
140
107
75
140
103
74
167
125
91
216
172
134
198
160
118
156
130
88
129
114
74
123
117
77
117
108
69
124
111
73
129
114
77
119
104
68
118
105
67
125
110
70
124
105
63
131
111
70
138
118
79
135
115
77
137
116
80
141
121
85
130
117
74
122
110
65
121
108
64
128
113
69
141
124
81
138
121
78
131
116
72
140
118
75
138
117
72
146
124
80
159
132
90
156
123
83
163
126
88
166
125
91
177
133
97
199
155
117
200
163
123
155
128
88
128
112
71
119
110
70
121
112
73
132
117
80
128
111
75
124
107
71
119
105
68
126
109
70
127
105
64
137
114
75
143
119
81
133
110
73
135
112
77
143
120
85
131
114
74
122
106
64
124
106
65
140
121
80
144
124
83
136
114
75
134
115
73
140
118
79
130
109
67
143
121
78
171
145
102
161
130
88
156
120
79
174
135
94
187
145
105
172
131
93
198
161
123
167
135
97
141
117
77
137
121
83
138
122
86
137
116
82
132
108
75
139
116
82
135
114
79
137
114
77
139
113
74
146
120
82
140
114
77
133
107
72
134
107
73
143
116
83
135
114
76
129
109
70
130
109
71
143
121
83
147
124
86
145
120
83
140
117
78
129
109
72
118
99
60
126
107
65
182
158
116
185
155
114
155
121
77
151
113
69
170
132
90
164
125
87
176
138
101
162
125
89
149
114
78
144
118
83
145
121
87
139
112
78
134
105
72
144
115
82
136
110
76
137
109
74
147
116
78
149
118
81
148
116
81
137
106
71
130
100
66
138
109
76
130
106
70
128
104
68
125
101
64
128
102
66
141
114
79
143
115
80
136
110
73
132
108
71
125
103
64
132
111
70
166
142
101
197
166
126
178
141
100
179
139
97
188
150
111
163
127
91
156
119
85
155
115
84
150
108
78
150
114
85
153
122
89
153
124
86
143
117
77
142
116
76
140
114
77
141
112
76
148
115
77
156
119
82
160
123
87
149
114
77
138
109
70
139
114
74
135
109
70
132
105
66
130
103
64
133
105
67
142
114
76
142
114
77
131
103
66
125
100
65
128
104
66
131
108
68
146
120
80
179
148
109
172
139
99
167
134
93
185
148
110
162
123
88
149
112
79
143
111
79
138
110
78
143
116
83
150
120
86
160
128
91
146
114
76
136
108
71
138
116
81
136
114
77
143
118
78
152
122
83
160
129
90
146
117
78
143
118
77
141
120
78
134
114
72
131
110
68
129
108
67
133
112
71
138
116
75
135
113
72
127
104
63
119
99
63
127
107
70
128
107
68
127
104
65
136
111
71
139
113
73
129
99
59
149
108
72
178
129
96
166
121
90
136
105
74
120
102
70
125
108
72
129
105
70
150
116
84
143
105
76
130
98
69
135
113
82
134
114
79
141
115
76
146
118
80
154
125
87
140
112
74
139
111
73
143
117
78
142
119
78
145
122
81
139
117
76
137
115
74
128
106
65
126
103
62
133
107
66
101
97
58
109
101
62
116
106
66
113
102
60
107
98
54
113
99
58
137
112
75
148
113
76
164
121
85
163
122
89
129
96
68
89
65
40
103
83
54
114
92
62
120
93
67
122
91
66
133
103
76
138
113
81
132
105
71
139
108
73
138
110
73
130
106
68
133
110
72
136
114
75
138
116
77
135
114
73
138
117
76
142
121
80
142
121
80
129
109
67
122
101
59
133
109
67
81
95
51
88
97
53
96
102
58
96
102
56
88
98
50
97
102
57
118
112
71
108
101
55
105
95
48
109
96
53
101
83
51
80
58
36
100
73
53
101
76
55
72
54
32
87
71
46
121
99
69
141
110
76
139
109
72
127
105
68
108
96
56
98
95
52
102
105
60
105
109
64
103
106
60
104
104
57
103
103
55
104
104
56
113
113
65
111
111
63
99
99
51
105
102
54
74
98
51
78
100
52
80
100
52
77
98
50
75
98
48
78
98
51
83
100
54
81
99
50
73
91
40
76
91
43
84
92
51
84
84
50
93
78
53
67
53
32
59
49
28
95
74
53
116
82
59
141
103
74
146
115
81
133
117
81
103
104
64
80
96
52
74
100
51
76
103
51
76
99
46
77
97
46
77
97
45
78
99
45
79
100
47
76
95
43
78
94
44
81
98
48
71
97
49
71
97
49
74
100
52
68
94
46
69
95
47
71
97
49
73
99
51
74
100
53
71
96
48
74
97
49
77
100
52
73
91
46
77
83
46
67
69
37
66
60
33
83
51
32
123
75
57
146
106
80
150
126
95
130
118
88
72
74
42
70
86
48
72
97
53
76
104
52
75
100
45
71
96
44
72
98
47
69
98
45
73
102
48
73
98
47
74
95
45
75
98
48
68
93
46
71
97
49
71
97
49
68
94
46
71
97
49
69
96
47
69
96
47
70
96
47
74
99
50
71
95
46
71
93
45
74
94
46
74
92
46
85
96
53
94
87
51
107
76
48
136
95
69
157
122
91
167
148
119
101
95
71
59
52
29
93
87
60
90
89
54
84
90
44
87
98
45
80
100
47
73
98
46
68
97
46
67
97
46
73
101
50
70
95
44
72
97
45
65
91
44
67
93
45
71
97
49
71
97
49
70
96
48
69
96
46
71
98
45
70
97
45
74
99
47
73
96
45
72
94
43
73
96
44
68
95
41
85
95
46
114
98
57
149
116
81
171
136
103
186
156
122
176
153
125
104
84
65
113
86
70
129
95
78
133
99
74
119
90
54
122
102
57
111
109
61
89
99
52
82
98
53
74
98
51
74
101
51
74
102
47
74
101
47
66
92
44
67
93
45
69
95
47
70
96
48
72
98
50
73
100
49
75
102
48
72
99
45
73
98
44
76
100
47
76
99
46
77
99
46
77
103
49
98
98
52
142
110
72
192
151
116
214
183
149
209
184
152
187
158
131
176
142
120
193
158
138
174
138
115
179
140
114
170
126
94
168
122
85
170
139
99
143
125
87
111
105
69
89
98
60
75
94
48
75
102
47
76
104
48
67
93
45
68
95
46
72
99
50
70
97
48
65
92
42
71
99
47
74
102
48
73
100
46
75
100
46
76
100
46
69
93
39
67
92
38
79
101
50
107
99
56
155
113
77
203
156
123
223
191
157
215
191
161
214
185
156
228
194
163
235
207
175
221
198
165
203
175
141
195
154
120
191
138
105
202
154
120
174
138
106
146
127
97
115
114
81
67
81
38
69
93
39
70
97
42
69
95
47
71
98
49
74
101
49
70
97
45
68
95
41
74
101
48
72
100
48
76
100
49
76
98
48
78
100
50
70
94
44
65
92
41
78
101
51
106
100
55
155
117
78
193
146
109
206
167
132
211
180
149
218
189
159
233
206
173
227
203
167
216
192
156
214
185
150
211
173
140
208
164
133
207
171
138
189
164
131
170
160
127
125
130
93
71
89
45
68
93
41
70
97
44
73
93
47
75
95
48
76
97
47
77
98
46
80
101
48
82
104
52
72
96
46
80
100
51
84
101
54
82
100
52
78
99
50
71
97
46
72
97
46
101
99
52
159
124
83
194
146
108
207
165
130
220
184
155
223
193
166
236
214
184
240
222
191
234
219
186
230
215
180
219
202
167
201
182
146
175
162
123
161
155
116
139
144
104
90
104
61
75
95
49
75
99
49
73
99
47
67
91
44
68
92
43
67
92
40
72
97
44
79
104
50
79
106
52
71
99
47
74
99
48
77
100
50
73
96
46
75
101
50
74
104
52
73
98
47
100
98
51
156
121
80
201
153
115
215
173
138
226
190
161
230
202
177
235
217
193
211
201
176
170
169
140
150
156
121
128
137
97
107
118
72
97
109
62
88
102
55
80
100
51
79
103
53
71
95
45
73
96
46
74
98
48
69
96
48
69
96
47
70
97
45
76
104
50
78
106
51
77
106
52
70
99
47
68
93
42
68
91
41
67
90
40
72
99
48
78
108
56
84
107
56
104
98
53
152
116
75
208
161
123
226
187
151
234
202
171
243
218
193
236
222
200
208
204
182
140
148
122
79
97
62
70
94
49
76
103
49
77
102
50
72
98
45
66
95
40
68
98
41
65
92
37
75
98
47
75
98
48
85
96
53
89
101
56
91
103
56
92
105
56
93
105
55
92
103
54
93
101
56
99
103
59
101
103
60
100
103
60
99
104
60
92
101
56
92
102
55
111
98
55
158
118
78
211
164
125
230
194
157
239
214
181
248
229
201
244
232
208
249
245
223
201
209
183
101
120
85
70
97
47
71
100
41
70
96
42
70
97
43
68
98
39
63
94
34
69
97
40
77
100
49
76
99
50
138
118
85
142
120
86
140
117
81
144
120
82
142
116
77
139
111
70
142
111
69
151
118
79
143
109
74
143
110
76
153
121
86
144
115
78
139
114
76
144
108
69
168
118
79
218
167
127
238
201
163
242
221
188
248
232
204
251
236
214
248
242
225
184
192
169
97
116
77
74
98
46
78
103
47
75
100
49
72
99
47
70
98
44
66
94
39
71
98
44
77
103
52
78
102
52
173
129
97
178
133
100
176
131
98
167
122
88
167
122
88
175
130
92
160
113
73
147
99
63
150
101
68
167
117
86
169
119
85
150
101
64
165
117
81
176
125
87
182
128
86
227
176
134
248
210
172
245
223
190
249
233
204
254
239
218
233
227
214
138
147
125
75
96
55
77
101
49
79
103
50
74
99
48
67
94
43
66
93
42
65
92
41
70
97
46
72
99
48
69
94
43
191
137
97
195
142
103
191
140
102
190
141
105
196
148
113
181
137
101
158
117
81
139
96
62
139
92
60
157
107
74
151
98
61
138
84
44
154
101
61
176
123
82
200
148
105
236
190
148
248
214
175
248
226
192
249
233
203
246
234
212
210
207
193
120
130
108
76
97
56
73
97
45
73
96
43
65
90
40
60
87
36
60
87
36
68
95
44
71
98
47
66
93
42
71
96
45
204
150
106
204
151
108
204
153
112
205
156
116
217
170
131
213
168
131
198
156
120
177
134
101
153
106
74
144
93
60
153
99
62
153
98
57
162
106
65
193
140
99
222
177
136
247
212
173
250
225
190
250
234
202
250
237
208
240
231
207
203
204
188
123
136
113
79
101
60
76
99
47
78
100
48
65
90
39
62
89
38
68
95
44
70
97
46
71
98
47
69
96
45
73
99
47
229
186
144
225
181
138
215
171
128
210
166
123
206
162
118
210
166
123
215
170
130
189
142
107
161
112
80
152
102
71
150
100
66
164
113
75
178
124
85
214
165
126
237
202
165
251
228
195
252
238
209
251
242
216
248
240
213
237
232
207
191
195
178
111
126
103
74
96
56
74
98
46
80
101
49
75
99
49
68
95
44
70
97
47
66
93
42
67
95
44
70
97
46
73
100
48
237
200
158
237
199
155
236
197
152
231
189
144
220
178
131
213
170
124
206
160
117
191
144
105
181
134
98
170
121
87
173
124
90
206
157
121
195
143
105
224
181
144
248
221
189
254
242
213
254
248
224
253
247
225
246
240
215
223
221
195
153
161
142
88
106
79
81
102
60
81
102
49
83
102
51
80
105
53
71
98
45
71
97
45
73
98
47
73
99
48
72
99
48
69
96
44
