0.011765
0.027451
0.027451
0.019608
0.015686
0.011765
0.007843
0.000000
0.000000
0.000000
0.003922
0.000000
0.000000
0.000000
0.000000
0.003922
0.003922
0.003922
0.003922
0.000000
0.000000
0.003922
0.003922
0.003922
0.007843
0.019608
0.031373
0.039216
0.054902
0.066667
0.062745
0.050980
0.007843
0.031373
0.043137
0.043137
0.039216
0.027451
0.015686
0.000000
0.000000
0.000000
0.003922
0.003922
0.003922
0.003922
0.003922
0.007843
0.007843
0.011765
0.007843
0.000000
0.003922
0.007843
0.000000
0.000000
0.000000
0.003922
0.011765
0.019608
0.027451
0.035294
0.031373
0.015686
0.027451
0.039216
0.050980
0.054902
0.050980
0.035294
0.019608
0.003922
0.000000
0.000000
0.003922
0.003922
0.000000
0.003922
0.003922
0.007843
0.011765
0.019608
0.011765
0.007843
0.003922
0.000000
0.003922
0.007843
0.007843
0.015686
0.023529
0.027451
0.027451
0.027451
0.015686
0.003922
0.082353
0.074510
0.078431
0.094118
0.094118
0.082353
0.070588
0.043137
0.023529
0.011765
0.007843
0.003922
0.000000
0.003922
0.007843
0.015686
0.027451
0.031373
0.031373
0.031373
0.019608
0.003922
0.007843
0.011765
0.007843
0.011765
0.019608
0.023529
0.019608
0.015686
0.007843
0.000000
0.129412
0.113725
0.121569
0.141176
0.145098
0.133333
0.129412
0.113725
0.101961
0.082353
0.062745
0.054902
0.054902
0.047059
0.054902
0.066667
0.074510
0.074510
0.074510
0.070588
0.062745
0.043137
0.031373
0.039216
0.035294
0.027451
0.027451
0.023529
0.031373
0.031373
0.027451
0.015686
0.164706
0.160784
0.168627
0.176471
0.192157
0.180392
0.176471
0.192157
0.200000
0.192157
0.168627
0.164706
0.156863
0.145098
0.145098
0.145098
0.141176
0.141176
0.133333
0.125490
0.109804
0.101961
0.086275
0.082353
0.098039
0.074510
0.050980
0.062745
0.082353
0.074510
0.074510
0.066667
0.215686
0.211765
0.215686
0.219608
0.227451
0.227451
0.239216
0.262745
0.270588
0.270588
0.247059
0.247059
0.235294
0.235294
0.235294
0.231373
0.223529
0.223529
0.215686
0.200000
0.180392
0.172549
0.164706
0.152941
0.094118
0.196078
0.345098
0.286275
0.180392
0.160784
0.152941
0.149020
0.250980
0.247059
0.250980
0.254902
0.258824
0.270588
0.278431
0.290196
0.298039
0.294118
0.286275
0.301961
0.313725
0.325490
0.321569
0.317647
0.301961
0.298039
0.298039
0.290196
0.270588
0.247059
0.262745
0.184314
0.254902
0.725490
0.843137
0.811765
0.490196
0.282353
0.231373
0.223529
0.258824
0.258824
0.270588
0.274510
0.270588
0.278431
0.282353
0.282353
0.294118
0.298039
0.313725
0.345098
0.372549
0.396078
0.392157
0.380392
0.364706
0.352941
0.352941
0.341176
0.321569
0.321569
0.294118
0.105882
0.611765
1.000000
0.917647
0.901961
0.596078
0.360784
0.270588
0.286275
0.270588
0.254902
0.258824
0.266667
0.258824
0.258824
0.270588
0.278431
0.301961
0.329412
0.356863
0.388235
0.411765
0.415686
0.411765
0.407843
0.400000
0.388235
0.384314
0.388235
0.384314
0.384314
0.278431
0.050980
0.400000
0.819608
0.788235
0.529412
0.411765
0.376471
0.341176
0.313725
0.282353
0.270588
0.262745
0.262745
0.262745
0.258824
0.274510
0.298039
0.337255
0.376471
0.411765
0.439216
0.439216
0.427451
0.415686
0.407843
0.411765
0.423529
0.419608
0.435294
0.435294
0.458824
0.243137
0.074510
0.458824
0.827451
0.690196
0.403922
0.407843
0.388235
0.360784
0.345098
0.258824
0.262745
0.262745
0.270588
0.274510
0.282353
0.290196
0.317647
0.360784
0.396078
0.423529
0.450980
0.454902
0.439216
0.431373
0.419608
0.427451
0.431373
0.431373
0.450980
0.462745
0.482353
0.164706
0.188235
0.847059
0.992157
0.737255
0.478431
0.454902
0.435294
0.411765
0.388235
0.223529
0.247059
0.262745
0.274510
0.274510
0.278431
0.286275
0.305882
0.341176
0.368627
0.392157
0.415686
0.431373
0.423529
0.419608
0.431373
0.439216
0.435294
0.423529
0.431373
0.486275
0.403922
0.109804
0.423529
0.968627
0.972549
0.694118
0.521569
0.494118
0.462745
0.435294
0.407843
0.215686
0.227451
0.247059
0.266667
0.270588
0.274510
0.286275
0.298039
0.313725
0.321569
0.345098
0.368627
0.384314
0.392157
0.403922
0.407843
0.411765
0.419608
0.411765
0.435294
0.462745
0.180392
0.105882
0.462745
0.745098
0.878431
0.737255
0.529412
0.513725
0.474510
0.427451
0.407843
0.196078
0.188235
0.215686
0.247059
0.262745
0.282353
0.294118
0.294118
0.294118
0.290196
0.325490
0.356863
0.376471
0.392157
0.392157
0.376471
0.372549
0.396078
0.419608
0.431373
0.352941
0.247059
0.313725
0.517647
0.717647
0.917647
0.933333
0.627451
0.525490
0.474510
0.419608
0.403922
0.184314
0.176471
0.196078
0.219608
0.254902
0.282353
0.294118
0.298039
0.313725
0.313725
0.337255
0.364706
0.384314
0.403922
0.403922
0.380392
0.376471
0.400000
0.415686
0.321569
0.337255
0.517647
0.619608
0.643137
0.850980
0.992157
0.980392
0.717647
0.525490
0.486275
0.439216
0.419608
0.196078
0.207843
0.227451
0.243137
0.274510
0.294118
0.317647
0.333333
0.364706
0.372549
0.372549
0.380392
0.392157
0.388235
0.396078
0.392157
0.388235
0.388235
0.231373
0.207843
0.239216
0.239216
0.341176
0.560784
0.890196
0.992157
0.956863
0.658824
0.505882
0.490196
0.462745
0.458824
0.188235
0.231373
0.270588
0.274510
0.294118
0.309804
0.329412
0.341176
0.380392
0.396078
0.388235
0.407843
0.411765
0.396078
0.407843
0.411765
0.282353
0.125490
0.086275
0.211765
0.274510
0.352941
0.549020
0.756863
0.964706
1.000000
0.870588
0.560784
0.509804
0.501961
0.486275
0.482353
0.219608
0.262745
0.290196
0.313725
0.333333
0.321569
0.313725
0.305882
0.333333
0.360784
0.388235
0.411765
0.419608
0.435294
0.439216
0.305882
0.109804
0.152941
0.156863
0.235294
0.407843
0.639216
0.905882
0.992157
0.996078
0.921569
0.682353
0.521569
0.525490
0.521569
0.505882
0.494118
0.317647
0.341176
0.333333
0.352941
0.376471
0.360784
0.333333
0.305882
0.313725
0.360784
0.400000
0.431373
0.443137
0.380392
0.188235
0.090196
0.156863
0.352941
0.498039
0.458824
0.572549
0.800000
0.929412
0.905882
0.823529
0.635294
0.509804
0.486275
0.501961
0.498039
0.474510
0.462745
0.392157
0.396078
0.380392
0.392157
0.419608
0.419608
0.407843
0.360784
0.337255
0.364706
0.419608
0.403922
0.235294
0.082353
0.094118
0.235294
0.192157
0.317647
0.494118
0.400000
0.415686
0.588235
0.737255
0.658824
0.580392
0.517647
0.486275
0.454902
0.450980
0.447059
0.431373
0.427451
0.380392
0.403922
0.407843
0.427451
0.482353
0.501961
0.490196
0.447059
0.396078
0.364706
0.345098
0.215686
0.113725
0.105882
0.274510
0.431373
0.360784
0.321569
0.235294
0.141176
0.341176
0.533333
0.615686
0.541176
0.505882
0.474510
0.450980
0.431373
0.403922
0.411765
0.403922
0.411765
0.384314
0.392157
0.415686
0.458824
0.529412
0.564706
0.560784
0.482353
0.372549
0.317647
0.254902
0.360784
0.396078
0.376471
0.400000
0.427451
0.454902
0.450980
0.325490
0.203922
0.388235
0.513725
0.501961
0.474510
0.443137
0.423529
0.411765
0.400000
0.376471
0.384314
0.388235
0.388235
0.376471
0.372549
0.403922
0.486275
0.545098
0.509804
0.423529
0.305882
0.407843
0.454902
0.376471
0.352941
0.345098
0.356863
0.384314
0.400000
0.411765
0.419608
0.431373
0.482353
0.474510
0.509804
0.490196
0.431373
0.423529
0.400000
0.403922
0.392157
0.380392
0.368627
0.352941
0.329412
0.368627
0.337255
0.380392
0.423529
0.337255
0.356863
0.466667
0.501961
0.505882
0.443137
0.321569
0.266667
0.274510
0.309804
0.349020
0.376471
0.400000
0.411765
0.431373
0.462745
0.509804
0.419608
0.321569
0.317647
0.396078
0.380392
0.372549
0.368627
0.364706
0.376471
0.368627
0.349020
0.380392
0.364706
0.309804
0.305882
0.372549
0.458824
0.490196
0.478431
0.454902
0.415686
0.317647
0.250980
0.262745
0.305882
0.321569
0.364706
0.419608
0.419608
0.411765
0.356863
0.329412
0.349020
0.345098
0.321569
0.325490
0.329412
0.337255
0.345098
0.364706
0.380392
0.388235
0.400000
0.729412
0.713725
0.615686
0.611765
0.615686
0.580392
0.576471
0.588235
0.529412
0.458824
0.360784
0.294118
0.313725
0.368627
0.403922
0.494118
0.568627
0.643137
0.600000
0.501961
0.447059
0.474510
0.423529
0.411765
0.447059
0.400000
0.396078
0.419608
0.454902
0.509804
0.470588
0.505882
0.898039
0.925490
0.870588
0.796078
0.784314
0.811765
0.886275
0.898039
0.831373
0.760784
0.674510
0.647059
0.639216
0.600000
0.482353
0.647059
0.745098
0.882353
0.894118
0.847059
0.878431
0.839216
0.745098
0.643137
0.764706
0.650980
0.533333
0.611765
0.741176
0.835294
0.772549
0.819608
0.537255
0.482353
0.400000
0.376471
0.541176
0.725490
0.917647
0.870588
0.800000
0.925490
0.956863
0.886275
0.909804
0.866667
0.709804
0.717647
0.784314
0.823529
0.952941
0.952941
0.925490
0.945098
0.976471
0.874510
0.854902
0.874510
0.788235
0.752941
0.874510
0.803922
0.647059
0.827451
0.768627
0.701961
0.717647
0.752941
0.745098
0.788235
0.835294
0.823529
0.772549
0.788235
0.894118
0.513725
0.490196
0.721569
0.898039
0.835294
0.823529
0.847059
0.827451
0.874510
0.862745
0.788235
0.929412
0.905882
0.760784
0.839216
0.937255
0.933333
0.870588
0.686275
0.627451
0.792157
0.772549
0.733333
0.764706
0.827451
0.698039
0.701961
0.847059
0.800000
0.756863
0.749020
0.768627
0.607843
0.529412
0.619608
0.749020
0.756863
0.737255
0.725490
0.725490
0.749020
0.839216
0.862745
0.945098
0.913725
0.823529
0.768627
0.725490
0.807843
0.674510
0.603922
0.666667
0.858824
0.603922
0.639216
0.705882
0.745098
0.584314
0.619608
0.678431
0.521569
0.392157
0.639216
0.517647
0.713725
0.776471
0.631373
0.615686
0.741176
0.733333
0.701961
0.603922
0.643137
0.823529
0.878431
0.811765
0.717647
0.866667
0.901961
0.701961
0.545098
0.490196
0.478431
0.694118
0.796078
0.243137
0.250980
0.254902
0.247059
0.243137
0.231373
0.211765
0.196078
0.188235
0.180392
0.172549
0.160784
0.164706
0.180392
0.188235
0.184314
0.176471
0.176471
0.172549
0.176471
0.192157
0.207843
0.219608
0.231373
0.243137
0.258824
0.274510
0.286275
0.301961
0.313725
0.313725
0.313725
0.243137
0.258824
0.262745
0.254902
0.254902
0.239216
0.223529
0.200000
0.188235
0.176471
0.160784
0.152941
0.172549
0.184314
0.192157
0.192157
0.196078
0.196078
0.188235
0.184314
0.192157
0.200000
0.200000
0.203922
0.215686
0.227451
0.243137
0.254902
0.266667
0.278431
0.274510
0.262745
0.274510
0.270588
0.270588
0.262745
0.258824
0.247059
0.227451
0.211765
0.207843
0.196078
0.168627
0.168627
0.188235
0.200000
0.207843
0.215686
0.227451
0.243137
0.239216
0.235294
0.227451
0.219608
0.215686
0.207843
0.215686
0.227451
0.239216
0.250980
0.258824
0.266667
0.258824
0.243137
0.313725
0.294118
0.294118
0.301961
0.294118
0.290196
0.286275
0.258824
0.243137
0.223529
0.203922
0.200000
0.207843
0.223529
0.235294
0.247059
0.258824
0.266667
0.266667
0.270588
0.258824
0.247059
0.235294
0.223529
0.227451
0.231373
0.239216
0.254902
0.247059
0.243137
0.243137
0.243137
0.356863
0.337255
0.349020
0.360784
0.345098
0.329412
0.333333
0.321569
0.305882
0.286275
0.270588
0.266667
0.270588
0.270588
0.278431
0.290196
0.298039
0.298039
0.301961
0.305882
0.301961
0.286275
0.266667
0.266667
0.258824
0.254902
0.258824
0.266667
0.266667
0.258824
0.270588
0.270588
0.396078
0.392157
0.403922
0.403922
0.388235
0.372549
0.368627
0.376471
0.384314
0.376471
0.360784
0.356863
0.349020
0.341176
0.345098
0.349020
0.349020
0.349020
0.352941
0.349020
0.345098
0.341176
0.329412
0.317647
0.317647
0.290196
0.274510
0.286275
0.298039
0.294118
0.301961
0.305882
0.435294
0.427451
0.435294
0.431373
0.423529
0.415686
0.415686
0.431373
0.435294
0.439216
0.419608
0.423529
0.411765
0.407843
0.407843
0.415686
0.411765
0.419608
0.411765
0.400000
0.384314
0.380392
0.384314
0.356863
0.243137
0.321569
0.478431
0.419608
0.325490
0.337255
0.352941
0.356863
0.450980
0.443137
0.450980
0.447059
0.450980
0.454902
0.450980
0.447059
0.458824
0.458824
0.450980
0.466667
0.474510
0.474510
0.470588
0.474510
0.474510
0.474510
0.470588
0.466667
0.450980
0.435294
0.435294
0.298039
0.286275
0.729412
0.850980
0.831373
0.545098
0.392157
0.388235
0.400000
0.447059
0.439216
0.443137
0.447059
0.450980
0.450980
0.454902
0.447059
0.450980
0.450980
0.466667
0.494118
0.513725
0.517647
0.509804
0.505882
0.501961
0.498039
0.509804
0.505882
0.490196
0.501961
0.439216
0.164706
0.603922
0.984314
0.901961
0.886275
0.603922
0.423529
0.396078
0.447059
0.458824
0.435294
0.435294
0.439216
0.431373
0.423529
0.427451
0.435294
0.439216
0.450980
0.478431
0.505882
0.521569
0.529412
0.529412
0.537255
0.533333
0.529412
0.541176
0.545098
0.545098
0.552941
0.403922
0.086275
0.388235
0.792157
0.784314
0.568627
0.486275
0.482353
0.482353
0.482353
0.474510
0.454902
0.443137
0.435294
0.423529
0.411765
0.423529
0.443137
0.458824
0.478431
0.513725
0.537255
0.533333
0.537255
0.537255
0.537255
0.549020
0.568627
0.572549
0.584314
0.580392
0.603922
0.333333
0.082353
0.443137
0.811765
0.701961
0.474510
0.509804
0.501961
0.494118
0.498039
0.454902
0.447059
0.443137
0.439216
0.427451
0.427451
0.431373
0.454902
0.482353
0.498039
0.525490
0.552941
0.552941
0.549020
0.549020
0.545098
0.564706
0.576471
0.580392
0.592157
0.596078
0.600000
0.223529
0.180392
0.827451
0.984314
0.760784
0.537255
0.537255
0.529412
0.525490
0.513725
0.431373
0.439216
0.443137
0.447059
0.439216
0.435294
0.431373
0.447059
0.466667
0.482353
0.501961
0.517647
0.525490
0.529412
0.537255
0.556863
0.572549
0.572549
0.576471
0.592157
0.623529
0.482353
0.141176
0.415686
0.941176
0.976471
0.725490
0.572549
0.572549
0.552941
0.541176
0.529412
0.435294
0.431373
0.435294
0.450980
0.447059
0.443137
0.443137
0.443137
0.454902
0.458824
0.482353
0.498039
0.505882
0.509804
0.525490
0.537255
0.552941
0.568627
0.572549
0.600000
0.600000
0.239216
0.117647
0.427451
0.682353
0.858824
0.752941
0.576471
0.596078
0.568627
0.545098
0.537255
0.431373
0.403922
0.419608
0.443137
0.450980
0.462745
0.458824
0.447059
0.454902
0.454902
0.482353
0.513725
0.525490
0.529412
0.529412
0.521569
0.533333
0.564706
0.580392
0.572549
0.439216
0.270588
0.290196
0.439216
0.619608
0.878431
0.933333
0.670588
0.607843
0.576471
0.541176
0.541176
0.435294
0.407843
0.415686
0.427451
0.450980
0.466667
0.470588
0.462745
0.478431
0.474510
0.498039
0.521569
0.533333
0.545098
0.549020
0.537255
0.545098
0.576471
0.568627
0.411765
0.345098
0.466667
0.549020
0.549020
0.745098
0.956863
0.988235
0.768627
0.611765
0.588235
0.564706
0.552941
0.450980
0.443137
0.447059
0.447059
0.466667
0.482353
0.498039
0.501961
0.521569
0.517647
0.513725
0.525490
0.537255
0.541176
0.556863
0.549020
0.549020
0.537255
0.317647
0.239216
0.219608
0.188235
0.274510
0.474510
0.815686
0.964706
0.972549
0.725490
0.603922
0.600000
0.580392
0.584314
0.450980
0.470588
0.494118
0.486275
0.494118
0.505882
0.517647
0.521569
0.549020
0.556863
0.549020
0.556863
0.556863
0.545098
0.556863
0.545098
0.380392
0.184314
0.109804
0.219608
0.262745
0.325490
0.505882
0.709804
0.929412
0.996078
0.886275
0.631373
0.607843
0.603922
0.592157
0.592157
0.478431
0.501961
0.517647
0.529412
0.533333
0.521569
0.513725
0.509804
0.525490
0.545098
0.560784
0.572549
0.568627
0.564706
0.545098
0.372549
0.129412
0.149020
0.152941
0.231373
0.392157
0.592157
0.862745
0.972549
0.988235
0.933333
0.729412
0.600000
0.615686
0.619608
0.607843
0.600000
0.541176
0.556863
0.545098
0.549020
0.556863
0.545098
0.525490
0.505882
0.505882
0.533333
0.564706
0.572549
0.568627
0.466667
0.235294
0.098039
0.149020
0.329412
0.454902
0.427451
0.537255
0.729412
0.858824
0.870588
0.823529
0.682353
0.596078
0.592157
0.607843
0.611765
0.596078
0.584314
0.596078
0.596078
0.572549
0.572549
0.576471
0.580392
0.576471
0.537255
0.517647
0.537255
0.572549
0.505882
0.286275
0.094118
0.094118
0.231373
0.188235
0.301961
0.443137
0.352941
0.372549
0.505882
0.662745
0.643137
0.615686
0.596078
0.592157
0.576471
0.580392
0.580392
0.568627
0.564706
0.592157
0.600000
0.600000
0.603922
0.623529
0.635294
0.623529
0.596078
0.560784
0.529412
0.474510
0.278431
0.117647
0.113725
0.294118
0.458824
0.392157
0.352941
0.247059
0.149020
0.356863
0.541176
0.635294
0.607843
0.607843
0.596078
0.572549
0.560784
0.549020
0.552941
0.545098
0.549020
0.580392
0.580392
0.596078
0.627451
0.662745
0.674510
0.662745
0.592157
0.478431
0.411765
0.349020
0.447059
0.478431
0.466667
0.501961
0.525490
0.549020
0.549020
0.415686
0.278431
0.462745
0.596078
0.592157
0.588235
0.580392
0.560784
0.529412
0.529412
0.517647
0.525490
0.529412
0.525490
0.560784
0.564706
0.580392
0.639216
0.666667
0.600000
0.490196
0.372549
0.474510
0.541176
0.505882
0.501961
0.490196
0.498039
0.517647
0.525490
0.525490
0.525490
0.521569
0.537255
0.517647
0.556863
0.552941
0.537255
0.556863
0.541176
0.529412
0.521569
0.521569
0.509804
0.494118
0.470588
0.533333
0.529412
0.552941
0.552941
0.427451
0.423529
0.521569
0.560784
0.584314
0.552941
0.466667
0.431373
0.443137
0.466667
0.498039
0.505882
0.513725
0.521569
0.525490
0.529412
0.560784
0.474510
0.372549
0.380392
0.494118
0.505882
0.505882
0.505882
0.505882
0.517647
0.513725
0.486275
0.501961
0.505882
0.439216
0.419608
0.478431
0.564706
0.600000
0.592157
0.568627
0.537255
0.450980
0.403922
0.427451
0.462745
0.482353
0.494118
0.509804
0.521569
0.517647
0.427451
0.384314
0.443137
0.466667
0.419608
0.411765
0.462745
0.482353
0.498039
0.498039
0.513725
0.529412
0.498039
0.658824
0.674510
0.580392
0.584314
0.623529
0.603922
0.607843
0.627451
0.580392
0.525490
0.450980
0.411765
0.443137
0.478431
0.501961
0.525490
0.517647
0.588235
0.533333
0.403922
0.352941
0.431373
0.450980
0.454902
0.486275
0.490196
0.498039
0.501961
0.490196
0.517647
0.470588
0.439216
0.650980
0.725490
0.682353
0.600000
0.584314
0.615686
0.701961
0.717647
0.670588
0.627451
0.560784
0.552941
0.560784
0.549020
0.435294
0.521569
0.537255
0.662745
0.650980
0.584314
0.623529
0.635294
0.580392
0.470588
0.592157
0.533333
0.427451
0.486275
0.568627
0.647059
0.576471
0.584314
0.313725
0.301961
0.239216
0.207843
0.345098
0.517647
0.725490
0.658824
0.560784
0.674510
0.709804
0.635294
0.662745
0.643137
0.509804
0.482353
0.513725
0.576471
0.721569
0.705882
0.666667
0.729412
0.764706
0.603922
0.560784
0.623529
0.545098
0.486275
0.584314
0.529412
0.400000
0.564706
0.501961
0.462745
0.490196
0.517647
0.505882
0.560784
0.588235
0.560784
0.509804
0.545098
0.647059
0.313725
0.298039
0.482353
0.635294
0.564706
0.560784
0.588235
0.564706
0.603922
0.572549
0.521569
0.694118
0.658824
0.494118
0.564706
0.678431
0.662745
0.572549
0.443137
0.415686
0.521569
0.494118
0.458824
0.494118
0.556863
0.435294
0.431373
0.549020
0.537255
0.521569
0.521569
0.517647
0.407843
0.329412
0.372549
0.466667
0.474510
0.470588
0.435294
0.454902
0.486275
0.545098
0.584314
0.674510
0.639216
0.545098
0.458824
0.439216
0.545098
0.403922
0.364706
0.431373
0.552941
0.360784
0.372549
0.423529
0.498039
0.364706
0.380392
0.427451
0.352941
0.266667
0.454902
0.298039
0.482353
0.505882
0.368627
0.349020
0.486275
0.482353
0.415686
0.368627
0.427451
0.564706
0.584314
0.521569
0.439216
0.584314
0.596078
0.419608
0.305882
0.262745
0.250980
0.435294
0.505882
0.403922
0.411765
0.415686
0.403922
0.392157
0.376471
0.356863
0.337255
0.321569
0.309804
0.305882
0.298039
0.298039
0.317647
0.329412
0.333333
0.337255
0.341176
0.341176
0.341176
0.349020
0.360784
0.380392
0.400000
0.415686
0.439216
0.458824
0.474510
0.494118
0.513725
0.517647
0.517647
0.415686
0.431373
0.439216
0.427451
0.403922
0.384314
0.360784
0.337255
0.317647
0.298039
0.290196
0.286275
0.298039
0.317647
0.329412
0.337255
0.345098
0.352941
0.349020
0.345098
0.349020
0.356863
0.356863
0.360784
0.376471
0.396078
0.415686
0.435294
0.450980
0.466667
0.470588
0.462745
0.458824
0.454902
0.458824
0.447059
0.411765
0.392157
0.368627
0.345098
0.333333
0.317647
0.305882
0.305882
0.321569
0.349020
0.360784
0.372549
0.388235
0.403922
0.403922
0.400000
0.392157
0.384314
0.384314
0.380392
0.392157
0.407843
0.423529
0.435294
0.439216
0.450980
0.447059
0.439216
0.509804
0.482353
0.478431
0.478431
0.458824
0.439216
0.419608
0.380392
0.364706
0.356863
0.349020
0.349020
0.356863
0.384314
0.403922
0.419608
0.435294
0.443137
0.443137
0.447059
0.435294
0.419608
0.411765
0.411765
0.411765
0.419608
0.427451
0.427451
0.427451
0.435294
0.439216
0.435294
0.549020
0.513725
0.509804
0.517647
0.505882
0.482353
0.462745
0.431373
0.423529
0.415686
0.407843
0.415686
0.423529
0.439216
0.450980
0.466667
0.478431
0.482353
0.490196
0.490196
0.490196
0.470588
0.443137
0.435294
0.431373
0.427451
0.431373
0.435294
0.454902
0.466667
0.470588
0.458824
0.556863
0.537255
0.533333
0.529412
0.517647
0.490196
0.474510
0.474510
0.474510
0.470588
0.462745
0.478431
0.482353
0.490196
0.498039
0.513725
0.521569
0.533333
0.545098
0.541176
0.533333
0.529412
0.509804
0.486275
0.486275
0.458824
0.431373
0.447059
0.478431
0.482353
0.482353
0.474510
0.549020
0.525490
0.521569
0.509804
0.490196
0.478431
0.478431
0.490196
0.478431
0.470588
0.470588
0.494118
0.505882
0.513725
0.529412
0.549020
0.560784
0.580392
0.592157
0.580392
0.564706
0.560784
0.556863
0.513725
0.392157
0.447059
0.576471
0.525490
0.458824
0.482353
0.498039
0.498039
0.505882
0.486275
0.482353
0.470588
0.458824
0.462745
0.458824
0.458824
0.447059
0.431373
0.443137
0.486275
0.517647
0.537255
0.545098
0.568627
0.584314
0.600000
0.615686
0.615686
0.603922
0.584314
0.560784
0.396078
0.368627
0.772549
0.862745
0.858824
0.600000
0.470588
0.486275
0.505882
0.415686
0.403922
0.403922
0.403922
0.400000
0.400000
0.400000
0.388235
0.388235
0.380392
0.403922
0.450980
0.501961
0.525490
0.533333
0.549020
0.564706
0.568627
0.580392
0.596078
0.592157
0.592157
0.501961
0.203922
0.643137
1.000000
0.901961
0.862745
0.584314
0.427451
0.423529
0.490196
0.349020
0.325490
0.321569
0.321569
0.313725
0.301961
0.301961
0.305882
0.309804
0.325490
0.352941
0.403922
0.450980
0.466667
0.478431
0.505882
0.525490
0.533333
0.541176
0.556863
0.560784
0.568627
0.415686
0.113725
0.435294
0.819608
0.772549
0.529412
0.439216
0.427451
0.427451
0.423529
0.270588
0.250980
0.235294
0.227451
0.215686
0.203922
0.207843
0.227451
0.247059
0.274510
0.309804
0.356863
0.380392
0.384314
0.392157
0.411765
0.447059
0.478431
0.501961
0.513725
0.513725
0.549020
0.313725
0.117647
0.505882
0.827451
0.639216
0.364706
0.388235
0.376471
0.360784
0.352941
0.180392
0.172549
0.164706
0.160784
0.152941
0.152941
0.152941
0.168627
0.203922
0.231373
0.262745
0.305882
0.333333
0.325490
0.333333
0.352941
0.388235
0.427451
0.462745
0.474510
0.482353
0.509804
0.203922
0.235294
0.882353
0.976471
0.643137
0.345098
0.329412
0.333333
0.337255
0.329412
0.105882
0.117647
0.121569
0.125490
0.125490
0.117647
0.109804
0.121569
0.156863
0.184314
0.207843
0.235294
0.250980
0.250980
0.262745
0.309804
0.349020
0.372549
0.384314
0.403922
0.474510
0.403922
0.152941
0.470588
0.964706
0.949020
0.600000
0.329412
0.290196
0.278431
0.282353
0.282353
0.090196
0.090196
0.098039
0.105882
0.105882
0.101961
0.098039
0.098039
0.117647
0.129412
0.149020
0.164706
0.176471
0.192157
0.219608
0.243137
0.262745
0.286275
0.294118
0.333333
0.415686
0.200000
0.160784
0.458824
0.698039
0.850980
0.662745
0.337255
0.282353
0.243137
0.219608
0.219608
0.074510
0.054902
0.070588
0.090196
0.086275
0.098039
0.094118
0.082353
0.090196
0.090196
0.113725
0.137255
0.149020
0.172549
0.188235
0.176471
0.184314
0.219608
0.262745
0.313725
0.294118
0.270588
0.337255
0.454902
0.639216
0.890196
0.878431
0.439216
0.274510
0.223529
0.172549
0.176471
0.070588
0.047059
0.050980
0.062745
0.070588
0.082353
0.086275
0.074510
0.101961
0.109804
0.121569
0.133333
0.137255
0.164706
0.176471
0.168627
0.176471
0.219608
0.286275
0.262745
0.321569
0.486275
0.568627
0.564706
0.764706
0.968627
0.941176
0.525490
0.258824
0.223529
0.192157
0.188235
0.074510
0.070588
0.066667
0.062745
0.078431
0.090196
0.101961
0.101961
0.141176
0.156863
0.141176
0.133333
0.125490
0.133333
0.156863
0.172549
0.200000
0.243137
0.176471
0.203922
0.247059
0.211765
0.290196
0.498039
0.835294
0.964706
0.878431
0.450980
0.235294
0.215686
0.207843
0.227451
0.066667
0.086275
0.101961
0.094118
0.098039
0.109804
0.117647
0.117647
0.137255
0.133333
0.133333
0.152941
0.164706
0.164706
0.156863
0.180392
0.156863
0.109804
0.109804
0.247059
0.309804
0.372549
0.529412
0.713725
0.952941
0.996078
0.756863
0.333333
0.235294
0.211765
0.211765
0.235294
0.090196
0.121569
0.133333
0.145098
0.141176
0.129412
0.113725
0.105882
0.117647
0.129412
0.133333
0.149020
0.160784
0.172549
0.215686
0.176471
0.082353
0.184314
0.203922
0.290196
0.454902
0.650980
0.898039
0.980392
0.972549
0.843137
0.478431
0.247059
0.243137
0.231373
0.227451
0.231373
0.160784
0.184314
0.172549
0.176471
0.180392
0.160784
0.137255
0.105882
0.121569
0.160784
0.168627
0.184314
0.211765
0.180392
0.098039
0.101961
0.192157
0.356863
0.494118
0.466667
0.564706
0.741176
0.862745
0.815686
0.654902
0.415686
0.219608
0.192157
0.223529
0.219608
0.203922
0.200000
0.215686
0.227451
0.215686
0.219608
0.215686
0.207843
0.196078
0.156863
0.145098
0.152941
0.184314
0.211765
0.133333
0.066667
0.117647
0.270588
0.231373
0.321569
0.435294
0.356863
0.337255
0.439216
0.552941
0.415686
0.270588
0.215686
0.200000
0.184314
0.192157
0.192157
0.180392
0.172549
0.211765
0.239216
0.250980
0.270588
0.305882
0.298039
0.270588
0.243137
0.203922
0.172549
0.180392
0.125490
0.078431
0.050980
0.184314
0.329412
0.243137
0.188235
0.141176
0.105882
0.215686
0.290196
0.337255
0.235294
0.188235
0.172549
0.172549
0.180392
0.172549
0.176471
0.168627
0.176471
0.200000
0.250980
0.254902
0.278431
0.352941
0.384314
0.388235
0.337255
0.227451
0.196078
0.180392
0.250980
0.211765
0.145098
0.156863
0.176471
0.188235
0.188235
0.164706
0.129412
0.227451
0.219608
0.188235
0.168627
0.133333
0.129412
0.145098
0.156863
0.141176
0.149020
0.152941
0.152941
0.168627
0.203922
0.239216
0.305882
0.360784
0.345098
0.298039
0.223529
0.298039
0.298039
0.184314
0.141176
0.133333
0.129412
0.145098
0.160784
0.164706
0.152941
0.176471
0.301961
0.266667
0.266667
0.254902
0.180392
0.152941
0.129412
0.149020
0.149020
0.145098
0.133333
0.117647
0.094118
0.125490
0.125490
0.207843
0.290196
0.231373
0.243137
0.321569
0.333333
0.321569
0.247059
0.133333
0.078431
0.082353
0.094118
0.117647
0.141176
0.160784
0.172549
0.192157
0.239216
0.247059
0.180392
0.141176
0.125490
0.172549
0.137255
0.121569
0.129412
0.133333
0.137255
0.129412
0.105882
0.113725
0.145098
0.145098
0.180392
0.258824
0.313725
0.317647
0.298039
0.262745
0.223529
0.129412
0.058824
0.066667
0.098039
0.101961
0.113725
0.145098
0.160784
0.168627
0.168627
0.152941
0.141176
0.133333
0.113725
0.101961
0.101961
0.082353
0.105882
0.121569
0.121569
0.141176
0.137255
0.349020
0.380392
0.305882
0.329412
0.356863
0.317647
0.309804
0.329412
0.278431
0.207843
0.121569
0.066667
0.090196
0.129412
0.149020
0.192157
0.223529
0.301961
0.270588
0.219608
0.203922
0.207843
0.156863
0.137255
0.137255
0.109804
0.125490
0.137255
0.141176
0.196078
0.180392
0.192157
0.454902
0.529412
0.482353
0.403922
0.380392
0.396078
0.470588
0.494118
0.439216
0.372549
0.294118
0.274510
0.274510
0.278431
0.184314
0.305882
0.356863
0.482353
0.450980
0.388235
0.431373
0.431373
0.380392
0.258824
0.325490
0.254902
0.192157
0.258824
0.349020
0.439216
0.372549
0.388235
0.176471
0.184314
0.145098
0.129412
0.215686
0.356863
0.545098
0.482353
0.376471
0.474510
0.505882
0.427451
0.450980
0.443137
0.329412
0.313725
0.349020
0.380392
0.482353
0.482353
0.458824
0.501961
0.549020
0.407843
0.360784
0.423529
0.368627
0.298039
0.400000
0.368627
0.243137
0.392157
0.329412
0.321569
0.372549
0.376471
0.364706
0.415686
0.415686
0.376471
0.325490
0.368627
0.470588
0.200000
0.184314
0.309804
0.439216
0.345098
0.337255
0.380392
0.376471
0.400000
0.349020
0.325490
0.505882
0.435294
0.266667
0.364706
0.470588
0.427451
0.356863
0.262745
0.247059
0.341176
0.290196
0.278431
0.321569
0.356863
0.262745
0.258824
0.345098
0.352941
0.349020
0.341176
0.325490
0.274510
0.200000
0.227451
0.317647
0.286275
0.270588
0.250980
0.262745
0.305882
0.341176
0.364706
0.462745
0.403922
0.305882
0.254902
0.247059
0.352941
0.227451
0.200000
0.250980
0.364706
0.215686
0.231373
0.258824
0.321569
0.239216
0.239216
0.266667
0.250980
0.192157
0.329412
0.164706
0.337255
0.333333
0.223529
0.227451
0.345098
0.309804
0.235294
0.211765
0.294118
0.392157
0.364706
0.286275
0.219608
0.380392
0.388235
0.250980
0.164706
0.145098
0.117647
0.270588
0.345098
