0.713725
0.725490
0.721569
0.713725
0.709804
0.709804
0.713725
0.717647
0.721569
0.721569
0.721569
0.721569
0.717647
0.709804
0.709804
0.709804
0.709804
0.717647
0.717647
0.709804
0.705882
0.698039
0.678431
0.666667
0.650980
0.635294
0.615686
0.588235
0.568627
0.560784
0.549020
0.533333
0.694118
0.701961
0.698039
0.690196
0.686275
0.686275
0.690196
0.698039
0.698039
0.701961
0.705882
0.701961
0.698039
0.694118
0.698039
0.701961
0.701961
0.713725
0.717647
0.709804
0.701961
0.698039
0.686275
0.682353
0.658824
0.623529
0.600000
0.580392
0.568627
0.552941
0.529412
0.513725
0.698039
0.701961
0.698039
0.690196
0.686275
0.686275
0.690196
0.694118
0.698039
0.701961
0.705882
0.705882
0.705882
0.709804
0.717647
0.721569
0.725490
0.745098
0.752941
0.745098
0.741176
0.764706
0.811765
0.831373
0.729412
0.639216
0.607843
0.584314
0.576471
0.556863
0.525490
0.505882
0.698039
0.701961
0.698039
0.694118
0.690196
0.690196
0.690196
0.694118
0.698039
0.701961
0.709804
0.709804
0.721569
0.733333
0.741176
0.752941
0.764706
0.784314
0.792157
0.788235
0.796078
0.858824
0.909804
0.917647
0.835294
0.694118
0.631373
0.600000
0.576471
0.545098
0.509804
0.494118
0.698039
0.705882
0.705882
0.701961
0.701961
0.709804
0.709804
0.709804
0.709804
0.713725
0.717647
0.725490
0.749020
0.768627
0.788235
0.807843
0.823529
0.843137
0.847059
0.827451
0.843137
0.870588
0.874510
0.886275
0.858824
0.749020
0.682353
0.619608
0.572549
0.529412
0.490196
0.470588
0.705882
0.709804
0.717647
0.709804
0.709804
0.737255
0.749020
0.749020
0.749020
0.752941
0.756863
0.764706
0.780392
0.768627
0.721569
0.678431
0.635294
0.588235
0.607843
0.737255
0.815686
0.843137
0.874510
0.894118
0.835294
0.682353
0.635294
0.584314
0.529412
0.501961
0.474510
0.458824
0.717647
0.729412
0.737255
0.745098
0.764706
0.788235
0.796078
0.792157
0.784314
0.788235
0.788235
0.733333
0.615686
0.466667
0.352941
0.298039
0.250980
0.227451
0.372549
0.615686
0.756863
0.827451
0.878431
0.894118
0.827451
0.501961
0.309804
0.337255
0.337255
0.352941
0.376471
0.392157
0.725490
0.749020
0.764706
0.831373
0.882353
0.878431
0.862745
0.847059
0.811765
0.745098
0.603922
0.372549
0.227451
0.203922
0.207843
0.239216
0.290196
0.392157
0.450980
0.525490
0.670588
0.780392
0.839216
0.886275
0.835294
0.447059
0.152941
0.152941
0.149020
0.156863
0.164706
0.207843
0.733333
0.756863
0.776471
0.831373
0.894118
0.890196
0.878431
0.878431
0.858824
0.741176
0.494118
0.286275
0.266667
0.239216
0.227451
0.247059
0.325490
0.509804
0.584314
0.549020
0.572549
0.650980
0.682353
0.749020
0.690196
0.349020
0.137255
0.129412
0.125490
0.125490
0.141176
0.141176
0.733333
0.752941
0.780392
0.803922
0.854902
0.898039
0.894118
0.882353
0.870588
0.811765
0.627451
0.517647
0.478431
0.286275
0.223529
0.266667
0.345098
0.498039
0.576471
0.600000
0.549020
0.541176
0.541176
0.513725
0.529412
0.407843
0.196078
0.129412
0.125490
0.121569
0.137255
0.145098
0.721569
0.752941
0.780392
0.796078
0.819608
0.858824
0.894118
0.905882
0.878431
0.756863
0.670588
0.666667
0.545098
0.376471
0.294118
0.298039
0.419608
0.568627
0.584314
0.694118
0.666667
0.639216
0.525490
0.419608
0.462745
0.505882
0.349020
0.156863
0.125490
0.117647
0.113725
0.113725
0.717647
0.752941
0.784314
0.803922
0.823529
0.807843
0.839216
0.890196
0.823529
0.705882
0.690196
0.698039
0.564706
0.517647
0.450980
0.392157
0.529412
0.709804
0.752941
0.674510
0.584314
0.650980
0.627451
0.478431
0.427451
0.482353
0.474510
0.254902
0.125490
0.121569
0.121569
0.117647
0.705882
0.745098
0.784314
0.807843
0.827451
0.823529
0.819608
0.807843
0.741176
0.701961
0.756863
0.815686
0.729412
0.647059
0.611765
0.568627
0.647059
0.792157
0.717647
0.388235
0.313725
0.588235
0.670588
0.639216
0.517647
0.529412
0.552941
0.333333
0.145098
0.149020
0.160784
0.141176
0.701961
0.741176
0.772549
0.792157
0.807843
0.819608
0.823529
0.764706
0.698039
0.760784
0.811765
0.678431
0.654902
0.749020
0.772549
0.756863
0.776471
0.823529
0.650980
0.501961
0.517647
0.670588
0.721569
0.725490
0.627451
0.666667
0.658824
0.407843
0.184314
0.196078
0.200000
0.176471
0.694118
0.733333
0.760784
0.776471
0.792157
0.811765
0.819608
0.780392
0.705882
0.741176
0.760784
0.450980
0.352941
0.592157
0.803922
0.811765
0.811765
0.823529
0.678431
0.733333
0.807843
0.756863
0.776471
0.741176
0.686275
0.760784
0.741176
0.486275
0.207843
0.239216
0.254902
0.235294
0.686275
0.721569
0.756863
0.772549
0.784314
0.796078
0.815686
0.780392
0.682353
0.729412
0.815686
0.721569
0.686275
0.721569
0.686275
0.803922
0.803922
0.752941
0.729412
0.803922
0.788235
0.760784
0.776471
0.713725
0.752941
0.803922
0.772549
0.525490
0.254902
0.313725
0.317647
0.262745
0.678431
0.713725
0.749020
0.764706
0.772549
0.792157
0.807843
0.803922
0.721569
0.725490
0.792157
0.815686
0.847059
0.835294
0.784314
0.756863
0.709804
0.654902
0.737255
0.874510
0.843137
0.796078
0.749020
0.764706
0.847059
0.850980
0.788235
0.494118
0.301961
0.309804
0.282353
0.250980
0.674510
0.709804
0.741176
0.752941
0.760784
0.788235
0.792157
0.800000
0.803922
0.788235
0.796078
0.819608
0.858824
0.854902
0.894118
0.819608
0.745098
0.737255
0.815686
0.913725
0.878431
0.850980
0.792157
0.807843
0.890196
0.862745
0.721569
0.474510
0.411765
0.356863
0.321569
0.266667
0.678431
0.709804
0.737255
0.749020
0.760784
0.776471
0.784314
0.792157
0.803922
0.831373
0.827451
0.827451
0.882353
0.898039
0.909804
0.921569
0.835294
0.709804
0.839216
0.898039
0.894118
0.866667
0.815686
0.843137
0.866667
0.788235
0.619608
0.533333
0.505882
0.454902
0.388235
0.301961
0.674510
0.698039
0.721569
0.733333
0.745098
0.756863
0.768627
0.776471
0.792157
0.823529
0.847059
0.878431
0.901961
0.913725
0.905882
0.909804
0.882353
0.756863
0.800000
0.862745
0.854902
0.839216
0.858824
0.886275
0.827451
0.713725
0.639216
0.600000
0.533333
0.490196
0.411765
0.317647
0.674510
0.686275
0.705882
0.717647
0.725490
0.733333
0.752941
0.776471
0.800000
0.811765
0.807843
0.854902
0.909804
0.925490
0.917647
0.894118
0.878431
0.886275
0.878431
0.886275
0.882353
0.901961
0.913725
0.862745
0.792157
0.737255
0.686275
0.643137
0.572549
0.513725
0.439216
0.349020
0.678431
0.686275
0.698039
0.705882
0.717647
0.729412
0.756863
0.784314
0.792157
0.803922
0.807843
0.796078
0.843137
0.882353
0.909804
0.905882
0.913725
0.909804
0.886275
0.886275
0.901961
0.878431
0.862745
0.847059
0.803922
0.772549
0.745098
0.674510
0.592157
0.521569
0.482353
0.407843
0.674510
0.678431
0.686275
0.698039
0.713725
0.737255
0.745098
0.749020
0.756863
0.772549
0.796078
0.800000
0.803922
0.835294
0.862745
0.866667
0.886275
0.886275
0.870588
0.854902
0.858824
0.823529
0.803922
0.819608
0.796078
0.760784
0.713725
0.643137
0.564706
0.505882
0.490196
0.454902
0.674510
0.670588
0.674510
0.686275
0.698039
0.717647
0.729412
0.733333
0.737255
0.745098
0.784314
0.815686
0.776471
0.815686
0.839216
0.831373
0.843137
0.854902
0.858824
0.854902
0.839216
0.819608
0.788235
0.792157
0.752941
0.713725
0.674510
0.600000
0.552941
0.537255
0.509804
0.466667
0.670588
0.670588
0.670588
0.670588
0.678431
0.698039
0.713725
0.717647
0.721569
0.725490
0.772549
0.800000
0.780392
0.772549
0.772549
0.784314
0.807843
0.839216
0.847059
0.847059
0.827451
0.807843
0.768627
0.752941
0.717647
0.694118
0.658824
0.580392
0.549020
0.560784
0.556863
0.513725
0.666667
0.666667
0.666667
0.666667
0.666667
0.690196
0.698039
0.698039
0.705882
0.709804
0.756863
0.756863
0.796078
0.784314
0.729412
0.717647
0.701961
0.709804
0.760784
0.776471
0.745098
0.745098
0.717647
0.729412
0.733333
0.690196
0.647059
0.623529
0.611765
0.584314
0.556863
0.486275
0.662745
0.666667
0.666667
0.666667
0.666667
0.682353
0.690196
0.690196
0.690196
0.698039
0.733333
0.733333
0.752941
0.792157
0.756863
0.674510
0.607843
0.576471
0.611765
0.635294
0.678431
0.698039
0.686275
0.721569
0.725490
0.717647
0.682353
0.666667
0.650980
0.580392
0.529412
0.439216
0.666667
0.666667
0.666667
0.662745
0.666667
0.674510
0.674510
0.678431
0.686275
0.694118
0.717647
0.717647
0.686275
0.709804
0.725490
0.662745
0.615686
0.580392
0.564706
0.611765
0.694118
0.686275
0.658824
0.654902
0.654902
0.678431
0.674510
0.666667
0.639216
0.541176
0.435294
0.392157
0.674510
0.670588
0.670588
0.662745
0.662745
0.666667
0.666667
0.674510
0.686275
0.686275
0.705882
0.698039
0.658824
0.631373
0.603922
0.564706
0.549020
0.541176
0.552941
0.592157
0.619608
0.615686
0.588235
0.564706
0.572549
0.556863
0.525490
0.533333
0.474510
0.380392
0.364706
0.396078
0.678431
0.678431
0.678431
0.666667
0.654902
0.662745
0.666667
0.678431
0.690196
0.694118
0.690196
0.682353
0.662745
0.627451
0.576471
0.517647
0.474510
0.450980
0.450980
0.454902
0.454902
0.443137
0.431373
0.423529
0.435294
0.415686
0.384314
0.380392
0.372549
0.384314
0.411765
0.435294
0.682353
0.698039
0.698039
0.678431
0.662745
0.666667
0.670588
0.682353
0.694118
0.698039
0.690196
0.690196
0.678431
0.650980
0.607843
0.552941
0.509804
0.474510
0.447059
0.435294
0.419608
0.403922
0.396078
0.392157
0.403922
0.407843
0.411765
0.415686
0.423529
0.435294
0.454902
0.466667
0.701961
0.729412
0.741176
0.717647
0.690196
0.690196
0.690196
0.705882
0.717647
0.721569
0.713725
0.713725
0.701961
0.678431
0.643137
0.600000
0.564706
0.529412
0.501961
0.490196
0.482353
0.470588
0.462745
0.458824
0.454902
0.462745
0.466667
0.470588
0.490196
0.509804
0.525490
0.517647
0.576471
0.588235
0.588235
0.580392
0.572549
0.572549
0.576471
0.584314
0.584314
0.584314
0.584314
0.584314
0.580392
0.576471
0.572549
0.572549
0.572549
0.572549
0.568627
0.564706
0.556863
0.549020
0.533333
0.517647
0.501961
0.490196
0.474510
0.462745
0.450980
0.439216
0.419608
0.407843
0.564706
0.568627
0.564706
0.556863
0.552941
0.552941
0.556863
0.564706
0.564706
0.568627
0.572549
0.568627
0.564706
0.560784
0.564706
0.568627
0.564706
0.568627
0.568627
0.568627
0.572549
0.576471
0.572549
0.560784
0.525490
0.490196
0.466667
0.447059
0.435294
0.423529
0.403922
0.388235
0.564706
0.568627
0.564706
0.556863
0.552941
0.552941
0.556863
0.560784
0.564706
0.568627
0.572549
0.572549
0.572549
0.576471
0.584314
0.588235
0.592157
0.596078
0.600000
0.607843
0.619608
0.658824
0.713725
0.721569
0.607843
0.513725
0.474510
0.443137
0.423529
0.415686
0.400000
0.380392
0.564706
0.568627
0.564706
0.556863
0.556863
0.556863
0.556863
0.560784
0.564706
0.568627
0.576471
0.576471
0.584314
0.596078
0.603922
0.611765
0.623529
0.623529
0.631373
0.647059
0.678431
0.768627
0.835294
0.831373
0.729412
0.568627
0.490196
0.443137
0.415686
0.407843
0.392157
0.372549
0.568627
0.568627
0.564706
0.560784
0.560784
0.568627
0.568627
0.572549
0.572549
0.576471
0.584314
0.592157
0.611765
0.635294
0.650980
0.666667
0.678431
0.690196
0.698039
0.701961
0.752941
0.807843
0.831373
0.839216
0.784314
0.627451
0.529412
0.462745
0.423529
0.403922
0.376471
0.360784
0.572549
0.580392
0.588235
0.584314
0.584314
0.592157
0.596078
0.596078
0.600000
0.603922
0.607843
0.631373
0.662745
0.662745
0.635294
0.603922
0.568627
0.525490
0.549020
0.682353
0.760784
0.792157
0.819608
0.835294
0.764706
0.592157
0.529412
0.478431
0.427451
0.392157
0.352941
0.337255
0.584314
0.603922
0.627451
0.647059
0.662745
0.658824
0.654902
0.650980
0.647059
0.650980
0.654902
0.647059
0.556863
0.423529
0.329412
0.294118
0.262745
0.243137
0.376471
0.603922
0.725490
0.776471
0.811765
0.819608
0.760784
0.450980
0.266667
0.298039
0.298039
0.294118
0.298039
0.305882
0.588235
0.631373
0.670588
0.752941
0.803922
0.784314
0.764706
0.749020
0.713725
0.650980
0.517647
0.356863
0.254902
0.231373
0.239216
0.274510
0.325490
0.411765
0.454902
0.509804
0.635294
0.725490
0.768627
0.807843
0.772549
0.427451
0.168627
0.176471
0.168627
0.172549
0.184314
0.211765
0.596078
0.635294
0.674510
0.741176
0.811765
0.819608
0.811765
0.807843
0.784314
0.666667
0.423529
0.282353
0.305882
0.282353
0.274510
0.290196
0.360784
0.513725
0.568627
0.521569
0.541176
0.615686
0.643137
0.690196
0.643137
0.360784
0.188235
0.188235
0.168627
0.176471
0.200000
0.192157
0.596078
0.627451
0.658824
0.690196
0.752941
0.823529
0.827451
0.811765
0.796078
0.737255
0.560784
0.486275
0.482353
0.313725
0.270588
0.309804
0.372549
0.486275
0.541176
0.560784
0.513725
0.513725
0.513725
0.466667
0.498039
0.423529
0.250980
0.188235
0.176471
0.168627
0.188235
0.196078
0.588235
0.619608
0.647059
0.662745
0.690196
0.760784
0.811765
0.823529
0.800000
0.682353
0.607843
0.623529
0.529412
0.388235
0.325490
0.325490
0.427451
0.525490
0.529412
0.650980
0.627451
0.596078
0.470588
0.368627
0.431373
0.501961
0.372549
0.203922
0.180392
0.172549
0.160784
0.164706
0.584314
0.615686
0.639216
0.650980
0.666667
0.686275
0.729412
0.788235
0.737255
0.635294
0.631373
0.643137
0.529412
0.505882
0.458824
0.400000
0.517647
0.654902
0.701961
0.658824
0.580392
0.631373
0.576471
0.431373
0.392157
0.450980
0.462745
0.282353
0.184314
0.180392
0.172549
0.168627
0.580392
0.607843
0.631373
0.643137
0.658824
0.682353
0.698039
0.698039
0.650980
0.631373
0.701961
0.756863
0.678431
0.619608
0.600000
0.549020
0.611765
0.745098
0.698039
0.407843
0.352941
0.600000
0.639216
0.600000
0.478431
0.482353
0.517647
0.341176
0.203922
0.211765
0.211765
0.192157
0.564706
0.596078
0.623529
0.639216
0.654902
0.686275
0.701961
0.654902
0.603922
0.682353
0.752941
0.647059
0.631373
0.717647
0.725490
0.694118
0.698039
0.780392
0.635294
0.486275
0.490196
0.619608
0.643137
0.666667
0.576471
0.603922
0.611765
0.396078
0.219608
0.247059
0.250980
0.227451
0.549020
0.588235
0.615686
0.631373
0.650980
0.674510
0.694118
0.666667
0.603922
0.654902
0.690196
0.450980
0.380392
0.596078
0.780392
0.768627
0.752941
0.756863
0.607843
0.654902
0.725490
0.662745
0.682353
0.670588
0.627451
0.694118
0.686275
0.470588
0.235294
0.286275
0.305882
0.286275
0.541176
0.580392
0.611765
0.627451
0.639216
0.654902
0.682353
0.654902
0.576471
0.635294
0.733333
0.674510
0.650980
0.670588
0.623529
0.725490
0.709804
0.639216
0.611765
0.694118
0.698039
0.682353
0.705882
0.654902
0.694118
0.737255
0.721569
0.509804
0.282353
0.364706
0.368627
0.313725
0.533333
0.568627
0.603922
0.619608
0.627451
0.643137
0.658824
0.666667
0.603922
0.619608
0.694118
0.717647
0.741176
0.725490
0.666667
0.631373
0.584314
0.537255
0.631373
0.780392
0.760784
0.729412
0.690196
0.705882
0.784314
0.784314
0.737255
0.482353
0.333333
0.360784
0.333333
0.301961
0.529412
0.560784
0.592157
0.603922
0.611765
0.631373
0.639216
0.658824
0.674510
0.682353
0.705882
0.737255
0.784314
0.776471
0.815686
0.741176
0.666667
0.674510
0.760784
0.854902
0.819608
0.792157
0.733333
0.752941
0.827451
0.800000
0.670588
0.458824
0.439216
0.400000
0.364706
0.309804
0.521569
0.552941
0.580392
0.588235
0.600000
0.615686
0.623529
0.639216
0.666667
0.733333
0.760784
0.760784
0.807843
0.831373
0.850980
0.866667
0.784314
0.674510
0.807843
0.862745
0.850980
0.815686
0.760784
0.800000
0.823529
0.733333
0.564706
0.498039
0.501961
0.462745
0.403922
0.325490
0.513725
0.537255
0.560784
0.572549
0.584314
0.603922
0.611765
0.619608
0.650980
0.713725
0.768627
0.800000
0.819608
0.839216
0.839216
0.850980
0.827451
0.717647
0.768627
0.823529
0.807843
0.784314
0.796078
0.835294
0.772549
0.647059
0.568627
0.552941
0.509804
0.482353
0.407843
0.321569
0.517647
0.525490
0.545098
0.556863
0.568627
0.584314
0.596078
0.611765
0.643137
0.682353
0.705882
0.764706
0.827451
0.847059
0.850980
0.835294
0.823529
0.839216
0.839216
0.835294
0.823529
0.831373
0.839216
0.792157
0.717647
0.650980
0.596078
0.576471
0.529412
0.486275
0.415686
0.333333
0.517647
0.525490
0.537255
0.545098
0.556863
0.584314
0.607843
0.615686
0.623529
0.654902
0.686275
0.701961
0.764706
0.811765
0.850980
0.850980
0.862745
0.858824
0.835294
0.823529
0.831373
0.800000
0.784314
0.760784
0.705882
0.666667
0.639216
0.588235
0.529412
0.470588
0.439216
0.372549
0.517647
0.517647
0.525490
0.537255
0.556863
0.580392
0.588235
0.584314
0.592157
0.619608
0.658824
0.694118
0.713725
0.749020
0.788235
0.800000
0.823529
0.823529
0.803922
0.784314
0.780392
0.745098
0.721569
0.713725
0.678431
0.643137
0.603922
0.549020
0.490196
0.447059
0.435294
0.403922
0.517647
0.513725
0.517647
0.529412
0.541176
0.545098
0.556863
0.572549
0.588235
0.600000
0.643137
0.694118
0.662745
0.705882
0.741176
0.741176
0.760784
0.768627
0.764706
0.760784
0.749020
0.725490
0.694118
0.670588
0.623529
0.600000
0.572549
0.513725
0.478431
0.470588
0.447059
0.407843
0.513725
0.513725
0.513725
0.513725
0.521569
0.529412
0.541176
0.556863
0.572549
0.584314
0.631373
0.670588
0.658824
0.654902
0.662745
0.682353
0.713725
0.733333
0.729412
0.733333
0.713725
0.694118
0.650980
0.627451
0.596078
0.584314
0.564706
0.505882
0.482353
0.501961
0.501961
0.458824
0.509804
0.513725
0.509804
0.509804
0.509804
0.517647
0.529412
0.541176
0.556863
0.568627
0.615686
0.615686
0.662745
0.654902
0.607843
0.603922
0.596078
0.600000
0.647059
0.662745
0.631373
0.631373
0.603922
0.615686
0.619608
0.588235
0.564706
0.556863
0.556863
0.541176
0.513725
0.427451
0.509804
0.509804
0.509804
0.509804
0.509804
0.513725
0.521569
0.529412
0.541176
0.556863
0.588235
0.588235
0.607843
0.654902
0.631373
0.556863
0.498039
0.478431
0.521569
0.541176
0.588235
0.607843
0.592157
0.619608
0.623529
0.627451
0.607843
0.611765
0.603922
0.537255
0.486275
0.380392
0.505882
0.505882
0.505882
0.505882
0.505882
0.513725
0.513725
0.521569
0.529412
0.541176
0.564706
0.572549
0.545098
0.572549
0.600000
0.541176
0.498039
0.478431
0.466667
0.513725
0.596078
0.588235
0.560784
0.560784
0.564706
0.596078
0.596078
0.596078
0.572549
0.462745
0.352941
0.301961
0.513725
0.509804
0.509804
0.501961
0.501961
0.509804
0.509804
0.517647
0.529412
0.529412
0.549020
0.549020
0.517647
0.494118
0.470588
0.443137
0.427451
0.427451
0.443137
0.482353
0.509804
0.501961
0.474510
0.466667
0.486275
0.466667
0.435294
0.443137
0.384314
0.278431
0.250980
0.286275
0.517647
0.517647
0.517647
0.505882
0.494118
0.505882
0.509804
0.521569
0.533333
0.537255
0.533333
0.525490
0.509804
0.482353
0.435294
0.384314
0.349020
0.333333
0.333333
0.337255
0.333333
0.321569
0.309804
0.309804
0.325490
0.305882
0.274510
0.270588
0.262745
0.266667
0.290196
0.313725
0.525490
0.537255
0.537255
0.517647
0.501961
0.505882
0.513725
0.525490
0.537255
0.541176
0.533333
0.521569
0.509804
0.490196
0.454902
0.411765
0.376471
0.345098
0.321569
0.305882
0.286275
0.274510
0.262745
0.258824
0.270588
0.274510
0.278431
0.282353
0.290196
0.301961
0.317647
0.333333
0.537255
0.568627
0.580392
0.552941
0.529412
0.529412
0.533333
0.545098
0.556863
0.560784
0.552941
0.537255
0.525490
0.505882
0.482353
0.447059
0.423529
0.392157
0.364706
0.352941
0.341176
0.333333
0.317647
0.313725
0.309804
0.317647
0.321569
0.325490
0.345098
0.364706
0.380392
0.372549
0.470588
0.482353
0.478431
0.470588
0.466667
0.462745
0.470588
0.474510
0.478431
0.478431
0.478431
0.478431
0.474510
0.466667
0.466667
0.466667
0.466667
0.474510
0.470588
0.458824
0.447059
0.435294
0.415686
0.376471
0.360784
0.376471
0.380392
0.360784
0.333333
0.329412
0.329412
0.317647
0.458824
0.462745
0.458824
0.450980
0.447059
0.447059
0.450980
0.458824
0.458824
0.462745
0.466667
0.462745
0.458824
0.454902
0.458824
0.462745
0.458824
0.470588
0.470588
0.462745
0.458824
0.450980
0.439216
0.443137
0.415686
0.380392
0.360784
0.341176
0.329412
0.325490
0.317647
0.301961
0.458824
0.462745
0.458824
0.450980
0.447059
0.447059
0.447059
0.454902
0.458824
0.462745
0.466667
0.466667
0.466667
0.470588
0.478431
0.482353
0.486275
0.490196
0.498039
0.509804
0.533333
0.580392
0.643137
0.658824
0.533333
0.411765
0.356863
0.333333
0.333333
0.329412
0.309804
0.290196
0.458824
0.462745
0.458824
0.450980
0.447059
0.450980
0.454902
0.454902
0.458824
0.458824
0.466667
0.466667
0.474510
0.486275
0.494118
0.505882
0.513725
0.501961
0.513725
0.560784
0.627451
0.749020
0.835294
0.823529
0.678431
0.478431
0.368627
0.325490
0.321569
0.317647
0.301961
0.286275
0.462745
0.470588
0.462745
0.450980
0.447059
0.462745
0.470588
0.462745
0.458824
0.454902
0.454902
0.462745
0.490196
0.517647
0.541176
0.568627
0.588235
0.584314
0.600000
0.631373
0.717647
0.811765
0.854902
0.850980
0.756863
0.556863
0.419608
0.341176
0.305882
0.301961
0.286275
0.274510
0.470588
0.474510
0.478431
0.482353
0.490196
0.501961
0.498039
0.494118
0.486275
0.478431
0.478431
0.509804
0.552941
0.572549
0.564706
0.556863
0.541176
0.498039
0.517647
0.658824
0.749020
0.792157
0.827451
0.839216
0.745098
0.545098
0.454902
0.396078
0.341176
0.298039
0.258824
0.239216
0.482353
0.482353
0.505882
0.556863
0.603922
0.600000
0.584314
0.572549
0.560784
0.556863
0.556863
0.556863
0.490196
0.376471
0.313725
0.301961
0.290196
0.270588
0.396078
0.619608
0.733333
0.780392
0.811765
0.811765
0.745098
0.435294
0.247059
0.274510
0.262745
0.243137
0.239216
0.243137
0.490196
0.494118
0.533333
0.670588
0.784314
0.772549
0.737255
0.713725
0.666667
0.596078
0.462745
0.333333
0.254902
0.243137
0.266667
0.313725
0.372549
0.439216
0.470588
0.525490
0.643137
0.729412
0.768627
0.792157
0.760784
0.439216
0.196078
0.200000
0.176471
0.184314
0.200000
0.215686
0.494118
0.517647
0.568627
0.674510
0.788235
0.819608
0.819608
0.819608
0.792157
0.658824
0.407843
0.294118
0.341176
0.329412
0.325490
0.333333
0.392157
0.521569
0.552941
0.501961
0.513725
0.584314
0.615686
0.678431
0.650980
0.380392
0.223529
0.231373
0.211765
0.223529
0.247059
0.231373
0.486275
0.529412
0.584314
0.635294
0.709804
0.807843
0.839216
0.847059
0.831373
0.752941
0.556863
0.498039
0.517647
0.364706
0.321569
0.345098
0.388235
0.486275
0.525490
0.537255
0.474510
0.466667
0.470588
0.462745
0.521569
0.443137
0.278431
0.231373
0.235294
0.219608
0.227451
0.231373
0.482353
0.517647
0.564706
0.592157
0.631373
0.717647
0.792157
0.831373
0.819608
0.686275
0.596078
0.623529
0.552941
0.423529
0.364706
0.345098
0.431373
0.525490
0.533333
0.658824
0.631373
0.580392
0.443137
0.360784
0.443137
0.517647
0.400000
0.243137
0.227451
0.215686
0.196078
0.200000
0.478431
0.513725
0.541176
0.560784
0.580392
0.607843
0.678431
0.768627
0.737255
0.627451
0.607843
0.631373
0.533333
0.525490
0.478431
0.403922
0.505882
0.654902
0.725490
0.698039
0.623529
0.643137
0.556863
0.415686
0.392157
0.462745
0.490196
0.313725
0.219608
0.215686
0.207843
0.203922
0.474510
0.501961
0.525490
0.541176
0.552941
0.584314
0.623529
0.662745
0.635294
0.611765
0.670588
0.737255
0.674510
0.623529
0.603922
0.537255
0.588235
0.741176
0.721569
0.458824
0.403922
0.615686
0.619608
0.572549
0.466667
0.490196
0.541176
0.372549
0.231373
0.243137
0.247059
0.227451
0.450980
0.486275
0.513725
0.525490
0.545098
0.584314
0.623529
0.600000
0.572549
0.662745
0.741176
0.666667
0.658824
0.729412
0.713725
0.654902
0.647059
0.768627
0.658824
0.501961
0.494118
0.600000
0.603922
0.611765
0.537255
0.596078
0.635294
0.439216
0.274510
0.294118
0.286275
0.262745
0.435294
0.474510
0.501961
0.517647
0.537255
0.572549
0.611765
0.600000
0.564706
0.631373
0.690196
0.501961
0.450980
0.643137
0.796078
0.752941
0.717647
0.729412
0.584314
0.627451
0.690196
0.627451
0.643137
0.619608
0.584314
0.682353
0.709804
0.517647
0.294118
0.333333
0.341176
0.321569
0.427451
0.466667
0.498039
0.513725
0.525490
0.545098
0.584314
0.580392
0.525490
0.603922
0.721569
0.694118
0.674510
0.674510
0.600000
0.682353
0.654902
0.572549
0.549020
0.643137
0.654902
0.650980
0.678431
0.623529
0.666667
0.733333
0.745098
0.549020
0.321569
0.400000
0.403922
0.349020
0.419608
0.454902
0.490196
0.505882
0.513725
0.529412
0.560784
0.584314
0.545098
0.580392
0.674510
0.698039
0.713725
0.682353
0.607843
0.556863
0.498039
0.470588
0.580392
0.737255
0.729412
0.705882
0.674510
0.690196
0.772549
0.788235
0.756863
0.509804
0.352941
0.392157
0.368627
0.337255
0.411765
0.447059
0.474510
0.486275
0.494118
0.513725
0.529412
0.564706
0.607843
0.639216
0.682353
0.725490
0.764706
0.752941
0.784314
0.701961
0.623529
0.650980
0.752941
0.843137
0.811765
0.780392
0.725490
0.745098
0.831373
0.807843
0.686275
0.478431
0.454902
0.431373
0.403922
0.349020
0.396078
0.427451
0.454902
0.462745
0.474510
0.490196
0.498039
0.525490
0.584314
0.690196
0.749020
0.741176
0.784314
0.807843
0.831373
0.854902
0.776471
0.690196
0.835294
0.882353
0.866667
0.823529
0.764706
0.803922
0.823529
0.725490
0.556863
0.505882
0.525490
0.505882
0.447059
0.368627
0.392157
0.411765
0.435294
0.447059
0.458824
0.474510
0.482353
0.501961
0.556863
0.658824
0.745098
0.796078
0.815686
0.835294
0.847059
0.866667
0.850980
0.741176
0.792157
0.839216
0.815686
0.788235
0.796078
0.831373
0.760784
0.623529
0.545098
0.545098
0.525490
0.513725
0.443137
0.352941
0.392157
0.400000
0.419608
0.431373
0.443137
0.462745
0.474510
0.490196
0.537255
0.607843
0.662745
0.760784
0.835294
0.858824
0.866667
0.858824
0.854902
0.862745
0.850980
0.839216
0.819608
0.827451
0.827451
0.776471
0.686275
0.607843
0.556863
0.552941
0.525490
0.498039
0.431373
0.349020
0.392157
0.400000
0.411765
0.419608
0.435294
0.470588
0.486275
0.494118
0.513725
0.568627
0.623529
0.674510
0.745098
0.796078
0.843137
0.850980
0.866667
0.866667
0.839216
0.827451
0.827451
0.788235
0.764706
0.733333
0.666667
0.611765
0.580392
0.549020
0.509804
0.470588
0.439216
0.372549
0.388235
0.388235
0.396078
0.407843
0.423529
0.454902
0.458824
0.443137
0.458824
0.509804
0.572549
0.635294
0.670588
0.709804
0.756863
0.776471
0.800000
0.803922
0.784314
0.760784
0.756863
0.717647
0.690196
0.670588
0.619608
0.580392
0.545098
0.509804
0.462745
0.439216
0.435294
0.403922
0.380392
0.376471
0.380392
0.392157
0.403922
0.415686
0.415686
0.411765
0.427451
0.462745
0.537255
0.619608
0.607843
0.654902
0.698039
0.701961
0.725490
0.717647
0.705882
0.701961
0.690196
0.670588
0.635294
0.603922
0.549020
0.537255
0.525490
0.482353
0.454902
0.466667
0.450980
0.415686
0.380392
0.376471
0.376471
0.376471
0.384314
0.396078
0.400000
0.396078
0.411765
0.443137
0.521569
0.592157
0.596078
0.600000
0.615686
0.639216
0.670588
0.670588
0.650980
0.654902
0.635294
0.615686
0.576471
0.556863
0.533333
0.533333
0.525490
0.478431
0.466667
0.498039
0.501961
0.454902
0.372549
0.376471
0.372549
0.372549
0.372549
0.384314
0.384314
0.380392
0.396078
0.431373
0.505882
0.533333
0.588235
0.588235
0.549020
0.552941
0.545098
0.537255
0.572549
0.588235
0.556863
0.556863
0.529412
0.549020
0.568627
0.549020
0.533333
0.537255
0.549020
0.533333
0.501961
0.407843
0.372549
0.376471
0.372549
0.372549
0.372549
0.380392
0.376471
0.368627
0.380392
0.419608
0.478431
0.498039
0.525490
0.576471
0.560784
0.494118
0.439216
0.423529
0.462745
0.486275
0.529412
0.549020
0.537255
0.564706
0.576471
0.588235
0.580392
0.596078
0.596078
0.525490
0.462745
0.345098
0.380392
0.380392
0.376471
0.376471
0.376471
0.376471
0.372549
0.376471
0.388235
0.403922
0.435294
0.439216
0.415686
0.458824
0.501961
0.458824
0.427451
0.407843
0.400000
0.450980
0.541176
0.541176
0.517647
0.517647
0.521569
0.552941
0.560784
0.564706
0.541176
0.419608
0.298039
0.239216
0.388235
0.388235
0.384314
0.376471
0.376471
0.376471
0.372549
0.384314
0.392157
0.392157
0.411765
0.396078
0.364706
0.356863
0.356863
0.341176
0.337255
0.337255
0.352941
0.400000
0.435294
0.439216
0.419608
0.411765
0.431373
0.415686
0.380392
0.388235
0.329412
0.211765
0.180392
0.203922
0.396078
0.392157
0.392157
0.380392
0.368627
0.372549
0.372549
0.384314
0.396078
0.400000
0.396078
0.384314
0.368627
0.345098
0.309804
0.262745
0.235294
0.219608
0.223529
0.235294
0.243137
0.239216
0.235294
0.239216
0.258824
0.239216
0.207843
0.203922
0.192157
0.192157
0.211765
0.227451
0.400000
0.411765
0.411765
0.392157
0.376471
0.372549
0.376471
0.388235
0.400000
0.403922
0.396078
0.388235
0.376471
0.352941
0.317647
0.270588
0.235294
0.207843
0.188235
0.180392
0.176471
0.168627
0.164706
0.172549
0.184314
0.192157
0.192157
0.196078
0.203922
0.219608
0.231373
0.239216
0.411765
0.439216
0.450980
0.423529
0.400000
0.392157
0.392157
0.403922
0.415686
0.419608
0.411765
0.403922
0.392157
0.368627
0.337255
0.294118
0.266667
0.239216
0.219608
0.215686
0.219608
0.215686
0.207843
0.207843
0.207843
0.215686
0.219608
0.223529
0.243137
0.262745
0.282353
0.270588
