0.819608
0.803922
0.803922
0.803922
0.803922
0.843137
0.835294
0.819608
0.831373
0.819608
0.807843
0.788235
0.800000
0.811765
0.835294
0.839216
0.843137
0.827451
0.831373
0.839216
0.827451
0.807843
0.800000
0.800000
0.807843
0.811765
0.815686
0.811765
0.788235
0.800000
0.827451
0.866667
0.588235
0.396078
0.400000
0.439216
0.443137
0.498039
0.529412
0.498039
0.549020
0.580392
0.552941
0.556863
0.494118
0.549020
0.572549
0.533333
0.603922
0.627451
0.552941
0.560784
0.529412
0.556863
0.545098
0.517647
0.529412
0.501961
0.541176
0.505882
0.427451
0.545098
0.662745
0.796078
0.611765
0.415686
0.400000
0.423529
0.407843
0.423529
0.447059
0.435294
0.505882
0.454902
0.400000
0.454902
0.501961
0.529412
0.498039
0.478431
0.537255
0.537255
0.537255
0.513725
0.431373
0.458824
0.482353
0.454902
0.466667
0.392157
0.427451
0.403922
0.372549
0.458824
0.556863
0.768627
0.643137
0.478431
0.560784
0.560784
0.509804
0.592157
0.521569
0.501961
0.615686
0.509804
0.419608
0.462745
0.533333
0.525490
0.513725
0.533333
0.513725
0.447059
0.513725
0.494118
0.454902
0.478431
0.439216
0.352941
0.435294
0.388235
0.427451
0.392157
0.435294
0.423529
0.317647
0.572549
0.733333
0.564706
0.627451
0.631373
0.537255
0.509804
0.419608
0.423529
0.505882
0.525490
0.564706
0.549020
0.521569
0.537255
0.537255
0.572549
0.596078
0.552941
0.549020
0.490196
0.509804
0.568627
0.505882
0.521569
0.509804
0.478431
0.482353
0.368627
0.427451
0.435294
0.368627
0.552941
0.729412
0.545098
0.615686
0.666667
0.576471
0.584314
0.349020
0.341176
0.403922
0.462745
0.607843
0.639216
0.615686
0.635294
0.505882
0.392157
0.427451
0.474510
0.603922
0.596078
0.584314
0.556863
0.517647
0.690196
0.670588
0.623529
0.537255
0.419608
0.545098
0.482353
0.454902
0.635294
0.686275
0.501961
0.588235
0.650980
0.552941
0.600000
0.478431
0.309804
0.352941
0.450980
0.529412
0.596078
0.611765
0.521569
0.458824
0.321569
0.329412
0.376471
0.588235
0.627451
0.615686
0.611765
0.568627
0.666667
0.643137
0.639216
0.509804
0.498039
0.678431
0.619608
0.627451
0.674510
0.678431
0.482353
0.545098
0.576471
0.490196
0.509804
0.533333
0.435294
0.392157
0.411765
0.458824
0.482353
0.466667
0.501961
0.439216
0.290196
0.360784
0.505882
0.576471
0.588235
0.580392
0.592157
0.619608
0.725490
0.631373
0.623529
0.521569
0.509804
0.627451
0.623529
0.662745
0.698039
0.670588
0.462745
0.501961
0.505882
0.466667
0.498039
0.501961
0.541176
0.596078
0.396078
0.356863
0.419608
0.415686
0.423529
0.415686
0.443137
0.486275
0.568627
0.564706
0.552941
0.537255
0.541176
0.627451
0.737255
0.639216
0.627451
0.592157
0.580392
0.611765
0.627451
0.686275
0.741176
0.686275
0.486275
0.501961
0.486275
0.478431
0.541176
0.513725
0.509804
0.592157
0.501961
0.396078
0.356863
0.392157
0.400000
0.478431
0.545098
0.525490
0.576471
0.600000
0.564706
0.537255
0.505882
0.552941
0.576471
0.572549
0.631373
0.627451
0.717647
0.768627
0.792157
0.831373
0.803922
0.674510
0.466667
0.509804
0.478431
0.462745
0.478431
0.458824
0.486275
0.619608
0.588235
0.462745
0.400000
0.431373
0.498039
0.552941
0.541176
0.517647
0.537255
0.560784
0.560784
0.537255
0.498039
0.631373
0.764706
0.729412
0.850980
0.807843
0.800000
0.745098
0.654902
0.596078
0.694118
0.674510
0.486275
0.556863
0.529412
0.435294
0.447059
0.478431
0.458824
0.615686
0.607843
0.458824
0.454902
0.458824
0.498039
0.521569
0.529412
0.513725
0.517647
0.521569
0.529412
0.505882
0.560784
0.823529
0.890196
0.764706
0.705882
0.611765
0.525490
0.466667
0.450980
0.486275
0.705882
0.694118
0.537255
0.552941
0.490196
0.439216
0.501961
0.513725
0.478431
0.592157
0.588235
0.490196
0.450980
0.478431
0.494118
0.494118
0.541176
0.529412
0.505882
0.490196
0.517647
0.478431
0.556863
0.627451
0.525490
0.533333
0.517647
0.541176
0.525490
0.529412
0.584314
0.596078
0.756863
0.607843
0.462745
0.486275
0.447059
0.411765
0.443137
0.458824
0.486275
0.564706
0.580392
0.470588
0.321569
0.400000
0.494118
0.498039
0.501961
0.517647
0.490196
0.470588
0.490196
0.466667
0.482353
0.450980
0.498039
0.619608
0.639216
0.631373
0.654902
0.650980
0.666667
0.647059
0.729412
0.517647
0.341176
0.384314
0.427451
0.447059
0.533333
0.572549
0.690196
0.576471
0.549020
0.494118
0.388235
0.447059
0.498039
0.498039
0.462745
0.482353
0.478431
0.466667
0.458824
0.486275
0.549020
0.549020
0.588235
0.537255
0.580392
0.611765
0.607843
0.678431
0.635294
0.474510
0.643137
0.545098
0.458824
0.650980
0.717647
0.776471
0.898039
0.870588
0.811765
0.549020
0.494118
0.443137
0.396078
0.443137
0.450980
0.470588
0.443137
0.431373
0.458824
0.462745
0.423529
0.501961
0.556863
0.525490
0.513725
0.545098
0.552941
0.572549
0.482353
0.564706
0.564706
0.486275
0.682353
0.831373
0.831373
0.964706
0.882353
0.784314
0.713725
0.635294
0.545098
0.349020
0.360784
0.376471
0.345098
0.427451
0.435294
0.439216
0.447059
0.423529
0.529412
0.517647
0.403922
0.447059
0.494118
0.513725
0.556863
0.525490
0.529412
0.505882
0.494118
0.494118
0.513725
0.509804
0.631373
0.823529
0.682353
0.607843
0.529412
0.466667
0.415686
0.364706
0.352941
0.286275
0.329412
0.372549
0.337255
0.439216
0.400000
0.411765
0.470588
0.462745
0.572549
0.568627
0.513725
0.415686
0.478431
0.490196
0.505882
0.552941
0.505882
0.458824
0.443137
0.466667
0.513725
0.474510
0.580392
0.603922
0.400000
0.400000
0.364706
0.317647
0.329412
0.313725
0.309804
0.313725
0.439216
0.509804
0.447059
0.450980
0.396078
0.352941
0.443137
0.431373
0.458824
0.501961
0.490196
0.419608
0.478431
0.494118
0.450980
0.494118
0.525490
0.482353
0.498039
0.509804
0.549020
0.541176
0.619608
0.533333
0.313725
0.329412
0.321569
0.372549
0.411765
0.450980
0.360784
0.333333
0.549020
0.545098
0.549020
0.498039
0.450980
0.352941
0.431373
0.388235
0.462745
0.521569
0.470588
0.407843
0.427451
0.498039
0.470588
0.494118
0.545098
0.529412
0.486275
0.517647
0.533333
0.549020
0.666667
0.525490
0.313725
0.364706
0.415686
0.474510
0.478431
0.498039
0.431373
0.325490
0.529412
0.478431
0.423529
0.325490
0.376471
0.356863
0.396078
0.345098
0.466667
0.427451
0.337255
0.388235
0.450980
0.470588
0.458824
0.521569
0.490196
0.439216
0.380392
0.423529
0.474510
0.462745
0.627451
0.619608
0.450980
0.447059
0.470588
0.490196
0.517647
0.517647
0.450980
0.282353
0.392157
0.439216
0.454902
0.458824
0.368627
0.356863
0.400000
0.329412
0.501961
0.431373
0.333333
0.501961
0.541176
0.552941
0.494118
0.521569
0.494118
0.431373
0.400000
0.450980
0.537255
0.517647
0.678431
0.662745
0.509804
0.490196
0.501961
0.552941
0.505882
0.517647
0.505882
0.317647
0.305882
0.517647
0.556863
0.513725
0.352941
0.403922
0.423529
0.388235
0.466667
0.356863
0.384314
0.560784
0.580392
0.635294
0.643137
0.631373
0.627451
0.584314
0.486275
0.486275
0.537255
0.541176
0.658824
0.662745
0.498039
0.501961
0.509804
0.545098
0.521569
0.537255
0.509804
0.494118
0.454902
0.509804
0.545098
0.450980
0.352941
0.501961
0.537255
0.505882
0.403922
0.380392
0.415686
0.494118
0.549020
0.615686
0.647059
0.647059
0.635294
0.639216
0.584314
0.533333
0.462745
0.407843
0.631373
0.611765
0.501961
0.545098
0.533333
0.486275
0.501961
0.537255
0.529412
0.537255
0.529412
0.498039
0.509804
0.317647
0.400000
0.556863
0.549020
0.552941
0.517647
0.501961
0.505882
0.529412
0.556863
0.545098
0.588235
0.611765
0.603922
0.643137
0.631373
0.603922
0.541176
0.533333
0.658824
0.596078
0.474510
0.549020
0.549020
0.478431
0.490196
0.537255
0.498039
0.490196
0.513725
0.529412
0.525490
0.250980
0.423529
0.537255
0.505882
0.517647
0.572549
0.572549
0.529412
0.505882
0.533333
0.556863
0.556863
0.525490
0.549020
0.623529
0.623529
0.670588
0.623529
0.588235
0.705882
0.658824
0.525490
0.521569
0.513725
0.501961
0.541176
0.572549
0.537255
0.533333
0.494118
0.513725
0.494118
0.290196
0.454902
0.529412
0.450980
0.458824
0.529412
0.560784
0.564706
0.611765
0.607843
0.592157
0.600000
0.572549
0.596078
0.631373
0.607843
0.662745
0.647059
0.596078
0.749020
0.654902
0.458824
0.458824
0.482353
0.584314
0.564706
0.541176
0.509804
0.525490
0.517647
0.494118
0.458824
0.329412
0.490196
0.501961
0.490196
0.541176
0.556863
0.564706
0.588235
0.647059
0.615686
0.560784
0.603922
0.631373
0.619608
0.619608
0.647059
0.670588
0.678431
0.674510
0.764706
0.580392
0.372549
0.443137
0.466667
0.517647
0.513725
0.529412
0.529412
0.556863
0.600000
0.580392
0.447059
0.301961
0.517647
0.556863
0.552941
0.572549
0.576471
0.521569
0.588235
0.627451
0.549020
0.517647
0.568627
0.635294
0.619608
0.639216
0.615686
0.580392
0.619608
0.658824
0.737255
0.584314
0.411765
0.470588
0.466667
0.435294
0.470588
0.521569
0.498039
0.525490
0.537255
0.533333
0.396078
0.329412
0.556863
0.619608
0.588235
0.545098
0.564706
0.603922
0.572549
0.611765
0.584314
0.580392
0.584314
0.623529
0.619608
0.643137
0.658824
0.611765
0.584314
0.631373
0.713725
0.709804
0.592157
0.611765
0.588235
0.537255
0.549020
0.576471
0.525490
0.529412
0.525490
0.513725
0.419608
0.415686
0.564706
0.623529
0.584314
0.592157
0.552941
0.603922
0.607843
0.607843
0.619608
0.635294
0.611765
0.639216
0.631373
0.596078
0.643137
0.623529
0.603922
0.643137
0.713725
0.827451
0.815686
0.835294
0.847059
0.831373
0.823529
0.827451
0.815686
0.815686
0.823529
0.800000
0.749020
0.760784
0.780392
0.800000
0.811765
0.815686
0.815686
0.811765
0.807843
0.811765
0.823529
0.843137
0.835294
0.835294
0.807843
0.803922
0.815686
0.807843
0.815686
0.839216
0.847059
0.717647
0.764706
0.796078
0.796078
0.784314
0.823529
0.815686
0.800000
0.827451
0.815686
0.796078
0.772549
0.780392
0.807843
0.827451
0.815686
0.815686
0.796078
0.803922
0.819608
0.796078
0.788235
0.788235
0.792157
0.803922
0.811765
0.815686
0.803922
0.764706
0.772549
0.796078
0.752941
0.545098
0.372549
0.384314
0.415686
0.415686
0.466667
0.494118
0.462745
0.545098
0.588235
0.545098
0.541176
0.470588
0.533333
0.556863
0.505882
0.576471
0.588235
0.501961
0.517647
0.482353
0.517647
0.529412
0.509804
0.521569
0.501961
0.537255
0.482353
0.396078
0.505882
0.619608
0.717647
0.592157
0.396078
0.372549
0.400000
0.380392
0.400000
0.423529
0.415686
0.509804
0.462745
0.396078
0.443137
0.474510
0.494118
0.466667
0.450980
0.525490
0.517647
0.501961
0.482353
0.396078
0.431373
0.466667
0.439216
0.447059
0.380392
0.407843
0.364706
0.345098
0.431373
0.525490
0.741176
0.596078
0.431373
0.525490
0.541176
0.498039
0.592157
0.521569
0.505882
0.603922
0.482353
0.400000
0.439216
0.494118
0.482353
0.462745
0.490196
0.498039
0.439216
0.505882
0.490196
0.443137
0.470588
0.423529
0.317647
0.396078
0.352941
0.388235
0.337255
0.400000
0.403922
0.298039
0.556863
0.694118
0.505882
0.580392
0.596078
0.505882
0.494118
0.388235
0.360784
0.400000
0.431373
0.513725
0.505882
0.470588
0.498039
0.458824
0.462745
0.521569
0.498039
0.486275
0.447059
0.482353
0.545098
0.462745
0.462745
0.447059
0.415686
0.423529
0.317647
0.376471
0.388235
0.333333
0.529412
0.690196
0.482353
0.568627
0.631373
0.529412
0.533333
0.262745
0.196078
0.223529
0.305882
0.490196
0.533333
0.505882
0.560784
0.388235
0.243137
0.309804
0.356863
0.470588
0.490196
0.501961
0.494118
0.466667
0.639216
0.619608
0.568627
0.490196
0.376471
0.486275
0.419608
0.415686
0.615686
0.647059
0.450980
0.560784
0.650980
0.568627
0.596078
0.423529
0.188235
0.184314
0.274510
0.360784
0.435294
0.462745
0.396078
0.317647
0.164706
0.188235
0.219608
0.400000
0.466667
0.478431
0.494118
0.509804
0.623529
0.596078
0.596078
0.470588
0.450980
0.607843
0.537255
0.572549
0.647059
0.666667
0.470588
0.560784
0.619608
0.533333
0.552941
0.541176
0.388235
0.294118
0.286275
0.317647
0.341176
0.337255
0.352941
0.290196
0.149020
0.231373
0.356863
0.403922
0.415686
0.411765
0.431373
0.529412
0.666667
0.568627
0.564706
0.470588
0.462745
0.560784
0.541176
0.603922
0.666667
0.674510
0.478431
0.549020
0.552941
0.478431
0.517647
0.509804
0.521569
0.552941
0.313725
0.243137
0.321569
0.325490
0.274510
0.266667
0.313725
0.360784
0.427451
0.407843
0.388235
0.349020
0.352941
0.517647
0.662745
0.564706
0.560784
0.541176
0.545098
0.572549
0.572549
0.635294
0.713725
0.678431
0.498039
0.537255
0.521569
0.490196
0.552941
0.525490
0.513725
0.560784
0.380392
0.247059
0.266667
0.313725
0.254902
0.321569
0.388235
0.368627
0.403922
0.415686
0.384314
0.349020
0.321569
0.454902
0.529412
0.529412
0.600000
0.603922
0.698039
0.745098
0.760784
0.792157
0.776471
0.658824
0.466667
0.525490
0.494118
0.470588
0.490196
0.466667
0.494118
0.572549
0.450980
0.317647
0.317647
0.349020
0.349020
0.388235
0.376471
0.356863
0.360784
0.372549
0.372549
0.352941
0.333333
0.560784
0.741176
0.698039
0.819608
0.772549
0.756863
0.698039
0.611765
0.552941
0.662745
0.647059
0.466667
0.541176
0.517647
0.427451
0.443137
0.474510
0.454902
0.549020
0.458824
0.333333
0.388235
0.372549
0.341176
0.349020
0.360784
0.341176
0.341176
0.337255
0.333333
0.329412
0.419608
0.764706
0.862745
0.729412
0.674510
0.576471
0.478431
0.419608
0.407843
0.443137
0.678431
0.662745
0.498039
0.501961
0.447059
0.419608
0.486275
0.501961
0.466667
0.505882
0.431373
0.372549
0.400000
0.396078
0.329412
0.313725
0.360784
0.349020
0.333333
0.305882
0.313725
0.305882
0.439216
0.572549
0.490196
0.490196
0.462745
0.482353
0.478431
0.482353
0.533333
0.545098
0.725490
0.564706
0.411765
0.427451
0.396078
0.388235
0.435294
0.454902
0.466667
0.462745
0.423529
0.352941
0.243137
0.290196
0.321569
0.317647
0.325490
0.337255
0.317647
0.298039
0.298039
0.286275
0.372549
0.403922
0.454902
0.564706
0.572549
0.556863
0.592157
0.588235
0.603922
0.584314
0.686275
0.470588
0.301961
0.360784
0.400000
0.411765
0.533333
0.576471
0.662745
0.458824
0.396078
0.360784
0.250980
0.286275
0.309804
0.313725
0.290196
0.309804
0.309804
0.309804
0.290196
0.298039
0.427451
0.486275
0.533333
0.478431
0.525490
0.549020
0.529412
0.600000
0.556863
0.396078
0.592157
0.529412
0.443137
0.647059
0.701961
0.745098
0.886275
0.847059
0.768627
0.423529
0.337255
0.301961
0.247059
0.274510
0.270588
0.294118
0.274510
0.278431
0.309804
0.321569
0.258824
0.309804
0.431373
0.458824
0.450980
0.482353
0.494118
0.505882
0.403922
0.486275
0.486275
0.403922
0.631373
0.819608
0.819608
0.952941
0.866667
0.760784
0.701961
0.603922
0.482353
0.231373
0.215686
0.243137
0.196078
0.254902
0.274510
0.270588
0.282353
0.290196
0.415686
0.403922
0.266667
0.270588
0.376471
0.439216
0.486275
0.450980
0.458824
0.431373
0.415686
0.415686
0.435294
0.431373
0.580392
0.800000
0.654902
0.580392
0.505882
0.454902
0.423529
0.341176
0.290196
0.180392
0.215686
0.258824
0.200000
0.282353
0.270588
0.254902
0.305882
0.345098
0.490196
0.505882
0.415686
0.266667
0.384314
0.415686
0.423529
0.474510
0.423529
0.380392
0.364706
0.388235
0.439216
0.396078
0.525490
0.572549
0.364706
0.360784
0.337255
0.321569
0.337255
0.298039
0.262745
0.215686
0.349020
0.443137
0.356863
0.329412
0.278431
0.211765
0.294118
0.333333
0.392157
0.439216
0.400000
0.305882
0.396078
0.419608
0.368627
0.411765
0.443137
0.403922
0.419608
0.431373
0.470588
0.462745
0.564706
0.501961
0.282353
0.298039
0.301961
0.372549
0.400000
0.423529
0.321569
0.247059
0.466667
0.505882
0.505882
0.411765
0.341176
0.223529
0.313725
0.305882
0.396078
0.435294
0.368627
0.309804
0.345098
0.419608
0.392157
0.415686
0.466667
0.450980
0.407843
0.439216
0.454902
0.466667
0.615686
0.513725
0.305882
0.364706
0.415686
0.454902
0.450980
0.454902
0.380392
0.243137
0.454902
0.431373
0.372549
0.243137
0.262745
0.243137
0.294118
0.266667
0.403922
0.349020
0.243137
0.298039
0.376471
0.396078
0.384314
0.447059
0.415686
0.360784
0.301961
0.345098
0.396078
0.384314
0.576471
0.607843
0.443137
0.443137
0.462745
0.458824
0.474510
0.466667
0.388235
0.207843
0.317647
0.376471
0.396078
0.388235
0.254902
0.254902
0.321569
0.258824
0.435294
0.360784
0.243137
0.415686
0.474510
0.478431
0.415686
0.443137
0.415686
0.352941
0.321569
0.372549
0.458824
0.435294
0.627451
0.631373
0.470588
0.454902
0.466667
0.509804
0.454902
0.462745
0.435294
0.243137
0.231373
0.443137
0.494118
0.447059
0.239216
0.313725
0.364706
0.317647
0.396078
0.294118
0.301961
0.482353
0.517647
0.560784
0.560784
0.549020
0.545098
0.501961
0.407843
0.407843
0.458824
0.462745
0.607843
0.611765
0.439216
0.447059
0.458824
0.498039
0.470588
0.478431
0.450980
0.439216
0.400000
0.447059
0.474510
0.384314
0.266667
0.427451
0.470588
0.435294
0.333333
0.317647
0.349020
0.427451
0.486275
0.541176
0.564706
0.568627
0.556863
0.560784
0.505882
0.454902
0.384314
0.329412
0.576471
0.560784
0.447059
0.486275
0.486275
0.443137
0.458824
0.494118
0.486275
0.501961
0.490196
0.443137
0.439216
0.250980
0.333333
0.486275
0.474510
0.478431
0.447059
0.439216
0.443137
0.466667
0.490196
0.474510
0.513725
0.537255
0.529412
0.568627
0.560784
0.529412
0.466667
0.458824
0.611765
0.560784
0.431373
0.505882
0.509804
0.450980
0.466667
0.513725
0.470588
0.454902
0.466667
0.470588
0.458824
0.188235
0.364706
0.478431
0.439216
0.454902
0.509804
0.509804
0.466667
0.443137
0.470588
0.490196
0.490196
0.458824
0.482353
0.556863
0.552941
0.603922
0.552941
0.521569
0.658824
0.631373
0.498039
0.494118
0.482353
0.470588
0.509804
0.541176
0.505882
0.494118
0.447059
0.454902
0.427451
0.227451
0.407843
0.482353
0.396078
0.407843
0.474510
0.498039
0.501961
0.549020
0.545098
0.537255
0.549020
0.517647
0.541176
0.576471
0.552941
0.607843
0.588235
0.537255
0.705882
0.639216
0.443137
0.443137
0.458824
0.537255
0.517647
0.494118
0.462745
0.478431
0.470588
0.435294
0.388235
0.266667
0.443137
0.454902
0.439216
0.490196
0.498039
0.501961
0.525490
0.584314
0.556863
0.509804
0.556863
0.584314
0.568627
0.564706
0.596078
0.619608
0.627451
0.623529
0.725490
0.576471
0.341176
0.396078
0.419608
0.458824
0.454902
0.466667
0.470588
0.505882
0.549020
0.525490
0.388235
0.243137
0.474510
0.517647
0.509804
0.529412
0.529412
0.462745
0.529412
0.568627
0.494118
0.470588
0.525490
0.592157
0.572549
0.592157
0.572549
0.525490
0.560784
0.600000
0.694118
0.537255
0.372549
0.415686
0.411765
0.376471
0.411765
0.462745
0.435294
0.466667
0.486275
0.486275
0.352941
0.286275
0.517647
0.580392
0.549020
0.509804
0.521569
0.549020
0.517647
0.556863
0.533333
0.537255
0.541176
0.580392
0.576471
0.596078
0.600000
0.552941
0.533333
0.580392
0.678431
0.623529
0.541176
0.568627
0.545098
0.486275
0.498039
0.525490
0.474510
0.482353
0.482353
0.478431
0.384314
0.384314
0.525490
0.584314
0.545098
0.552941
0.513725
0.556863
0.564706
0.564706
0.576471
0.592157
0.568627
0.596078
0.588235
0.545098
0.572549
0.576471
0.564706
0.600000
0.662745
0.725490
0.760784
0.811765
0.827451
0.803922
0.792157
0.800000
0.788235
0.788235
0.796078
0.780392
0.733333
0.745098
0.756863
0.772549
0.788235
0.788235
0.788235
0.784314
0.780392
0.784314
0.792157
0.811765
0.803922
0.803922
0.776471
0.764706
0.776471
0.788235
0.796078
0.792157
0.737255
0.447059
0.741176
0.721569
0.705882
0.733333
0.780392
0.772549
0.760784
0.760784
0.780392
0.768627
0.729412
0.764706
0.733333
0.764706
0.796078
0.800000
0.784314
0.760784
0.752941
0.760784
0.721569
0.729412
0.745098
0.729412
0.713725
0.717647
0.749020
0.752941
0.764706
0.752941
0.419608
0.384314
0.317647
0.309804
0.309804
0.329412
0.388235
0.427451
0.400000
0.400000
0.439216
0.419608
0.411765
0.376471
0.388235
0.443137
0.439216
0.498039
0.549020
0.482353
0.458824
0.443137
0.431373
0.411765
0.396078
0.396078
0.333333
0.368627
0.396078
0.352941
0.501961
0.654902
0.674510
0.478431
0.305882
0.356863
0.349020
0.313725
0.325490
0.337255
0.309804
0.321569
0.270588
0.215686
0.247059
0.321569
0.329412
0.345098
0.364706
0.380392
0.407843
0.443137
0.400000
0.345098
0.337255
0.321569
0.313725
0.341176
0.239216
0.262745
0.294118
0.270588
0.388235
0.552941
0.780392
0.627451
0.447059
0.501961
0.517647
0.466667
0.525490
0.423529
0.380392
0.466667
0.376471
0.274510
0.286275
0.368627
0.349020
0.368627
0.403922
0.329412
0.262745
0.349020
0.317647
0.305882
0.309804
0.266667
0.223529
0.349020
0.290196
0.321569
0.309804
0.305882
0.305882
0.266667
0.549020
0.713725
0.501961
0.529412
0.545098
0.466667
0.423529
0.313725
0.301961
0.349020
0.360784
0.407843
0.392157
0.380392
0.411765
0.396078
0.407843
0.439216
0.411765
0.400000
0.313725
0.325490
0.380392
0.352941
0.411765
0.423529
0.388235
0.407843
0.301961
0.258824
0.270588
0.243137
0.482353
0.662745
0.431373
0.486275
0.537255
0.450980
0.447059
0.203922
0.188235
0.203922
0.235294
0.392157
0.443137
0.435294
0.478431
0.329412
0.211765
0.282353
0.337255
0.443137
0.423529
0.415686
0.415686
0.415686
0.623529
0.619608
0.568627
0.478431
0.329412
0.403922
0.360784
0.325490
0.549020
0.592157
0.372549
0.447059
0.517647
0.435294
0.470588
0.341176
0.168627
0.156863
0.207843
0.286275
0.376471
0.419608
0.317647
0.258824
0.137255
0.180392
0.219608
0.392157
0.439216
0.454902
0.490196
0.509804
0.643137
0.627451
0.611765
0.466667
0.427451
0.611765
0.592157
0.572549
0.607843
0.596078
0.376471
0.427451
0.470588
0.392157
0.400000
0.411765
0.309804
0.239216
0.227451
0.262745
0.313725
0.329412
0.305882
0.243137
0.113725
0.200000
0.337255
0.380392
0.380392
0.376471
0.423529
0.545098
0.705882
0.611765
0.584314
0.470588
0.443137
0.529412
0.572549
0.643137
0.658824
0.607843
0.380392
0.411765
0.415686
0.356863
0.376471
0.372549
0.411765
0.478431
0.254902
0.203922
0.317647
0.333333
0.254902
0.235294
0.274510
0.317647
0.388235
0.360784
0.321569
0.286275
0.301961
0.509804
0.682353
0.576471
0.541176
0.501961
0.478431
0.454902
0.517647
0.654902
0.713725
0.619608
0.400000
0.400000
0.380392
0.372549
0.419608
0.403922
0.423529
0.490196
0.309804
0.223529
0.290196
0.309804
0.227451
0.294118
0.372549
0.360784
0.376471
0.360784
0.325490
0.278431
0.235294
0.376471
0.458824
0.470588
0.549020
0.564706
0.670588
0.733333
0.788235
0.862745
0.800000
0.619608
0.380392
0.388235
0.352941
0.356863
0.360784
0.349020
0.400000
0.498039
0.376471
0.290196
0.349020
0.352941
0.309804
0.352941
0.352941
0.341176
0.333333
0.321569
0.309804
0.286275
0.258824
0.494118
0.698039
0.701961
0.866667
0.843137
0.819608
0.768627
0.686275
0.635294
0.690196
0.619608
0.396078
0.423529
0.396078
0.337255
0.329412
0.356863
0.352941
0.466667
0.380392
0.298039
0.419608
0.388235
0.290196
0.294118
0.317647
0.309804
0.309804
0.286275
0.266667
0.258824
0.376471
0.800000
0.925490
0.788235
0.721569
0.619608
0.517647
0.450980
0.431373
0.458824
0.674510
0.619608
0.443137
0.435294
0.376471
0.341176
0.380392
0.376471
0.352941
0.415686
0.341176
0.337255
0.439216
0.419608
0.270588
0.247059
0.305882
0.298039
0.294118
0.258824
0.239216
0.239216
0.411765
0.615686
0.549020
0.525490
0.478431
0.486275
0.466667
0.470588
0.521569
0.533333
0.713725
0.537255
0.360784
0.349020
0.317647
0.313725
0.305882
0.329412
0.376471
0.380392
0.333333
0.301961
0.250980
0.286275
0.247059
0.235294
0.262745
0.278431
0.262745
0.239216
0.215686
0.215686
0.345098
0.392157
0.447059
0.568627
0.596078
0.580392
0.592157
0.592157
0.611765
0.596078
0.686275
0.458824
0.231373
0.200000
0.258824
0.352941
0.403922
0.494118
0.639216
0.396078
0.305882
0.274510
0.172549
0.215686
0.219608
0.231373
0.215686
0.239216
0.223529
0.223529
0.200000
0.200000
0.392157
0.486275
0.529412
0.478431
0.525490
0.552941
0.541176
0.607843
0.568627
0.407843
0.588235
0.486275
0.388235
0.541176
0.615686
0.733333
0.870588
0.886275
0.788235
0.356863
0.231373
0.188235
0.125490
0.164706
0.207843
0.227451
0.192157
0.184314
0.215686
0.243137
0.172549
0.211765
0.388235
0.458824
0.454902
0.486275
0.494118
0.509804
0.411765
0.490196
0.494118
0.411765
0.627451
0.827451
0.843137
0.960784
0.878431
0.776471
0.725490
0.670588
0.513725
0.176471
0.129412
0.129412
0.058824
0.133333
0.223529
0.207843
0.188235
0.196078
0.337255
0.352941
0.200000
0.184314
0.341176
0.443137
0.490196
0.458824
0.466667
0.439216
0.423529
0.423529
0.443137
0.439216
0.576471
0.815686
0.694118
0.619608
0.549020
0.466667
0.356863
0.313725
0.282353
0.164706
0.180392
0.184314
0.082353
0.164706
0.203922
0.172549
0.207843
0.270588
0.454902
0.490196
0.380392
0.207843
0.372549
0.431373
0.431373
0.482353
0.435294
0.388235
0.372549
0.396078
0.443137
0.403922
0.521569
0.549020
0.364706
0.356863
0.321569
0.270588
0.231373
0.223529
0.235294
0.203922
0.337255
0.423529
0.313725
0.266667
0.207843
0.133333
0.223529
0.282353
0.372549
0.435294
0.376471
0.270588
0.392157
0.431373
0.376471
0.419608
0.454902
0.411765
0.427451
0.439216
0.478431
0.470588
0.564706
0.474510
0.266667
0.262745
0.239216
0.294118
0.341176
0.388235
0.309804
0.211765
0.443137
0.521569
0.521569
0.396078
0.278431
0.168627
0.274510
0.274510
0.380392
0.427451
0.345098
0.290196
0.341176
0.419608
0.392157
0.415686
0.466667
0.454902
0.415686
0.447059
0.462745
0.474510
0.615686
0.486275
0.270588
0.282353
0.329412
0.423529
0.435294
0.458824
0.396078
0.219608
0.427451
0.439216
0.388235
0.239216
0.215686
0.200000
0.266667
0.247059
0.392157
0.345098
0.227451
0.282353
0.376471
0.388235
0.368627
0.431373
0.400000
0.352941
0.309804
0.352941
0.403922
0.392157
0.576471
0.592157
0.411765
0.372549
0.396078
0.458824
0.494118
0.490196
0.419608
0.196078
0.290196
0.372549
0.407843
0.392157
0.227451
0.223529
0.301961
0.254902
0.439216
0.364706
0.235294
0.407843
0.482353
0.482353
0.415686
0.443137
0.415686
0.356863
0.329412
0.380392
0.466667
0.447059
0.623529
0.631373
0.478431
0.439216
0.450980
0.525490
0.474510
0.478431
0.454902
0.231373
0.203922
0.431373
0.501961
0.462745
0.227451
0.294118
0.356863
0.329412
0.415686
0.301961
0.298039
0.482353
0.529412
0.588235
0.588235
0.576471
0.572549
0.525490
0.415686
0.415686
0.466667
0.470588
0.603922
0.619608
0.478431
0.478431
0.470588
0.498039
0.466667
0.478431
0.447059
0.400000
0.352941
0.427451
0.486275
0.392157
0.247059
0.415686
0.486275
0.454902
0.352941
0.329412
0.352941
0.431373
0.501961
0.572549
0.603922
0.600000
0.584314
0.584314
0.521569
0.470588
0.400000
0.341176
0.576471
0.564706
0.478431
0.513725
0.494118
0.443137
0.462745
0.498039
0.490196
0.462745
0.443137
0.435294
0.443137
0.231373
0.294118
0.474510
0.494118
0.494118
0.458824
0.450980
0.454902
0.478431
0.505882
0.498039
0.541176
0.560784
0.549020
0.588235
0.580392
0.552941
0.490196
0.482353
0.615686
0.549020
0.431373
0.501961
0.509804
0.466667
0.482353
0.529412
0.486275
0.450980
0.462745
0.474510
0.443137
0.145098
0.309804
0.450980
0.447059
0.458824
0.513725
0.521569
0.478431
0.454902
0.482353
0.501961
0.505882
0.482353
0.509804
0.588235
0.584314
0.635294
0.584314
0.552941
0.666667
0.603922
0.458824
0.454902
0.462745
0.482353
0.521569
0.552941
0.521569
0.498039
0.454902
0.470588
0.419608
0.184314
0.356863
0.466667
0.411765
0.419608
0.482353
0.509804
0.513725
0.560784
0.556863
0.533333
0.549020
0.537255
0.576471
0.615686
0.588235
0.643137
0.627451
0.576471
0.713725
0.588235
0.372549
0.380392
0.419608
0.533333
0.517647
0.494118
0.462745
0.474510
0.474510
0.450980
0.396078
0.250980
0.423529
0.466667
0.478431
0.529412
0.521569
0.513725
0.537255
0.596078
0.564706
0.501961
0.549020
0.600000
0.607843
0.615686
0.635294
0.658824
0.662745
0.658824
0.729412
0.490196
0.294118
0.392157
0.384314
0.458824
0.458824
0.470588
0.470588
0.494118
0.533333
0.525490
0.388235
0.247059
0.490196
0.545098
0.549020
0.568627
0.549020
0.466667
0.537255
0.572549
0.498039
0.474510
0.533333
0.607843
0.600000
0.627451
0.623529
0.560784
0.584314
0.615686
0.666667
0.556863
0.301961
0.439216
0.427451
0.384314
0.423529
0.474510
0.447059
0.474510
0.486275
0.474510
0.329412
0.266667
0.545098
0.615686
0.584314
0.541176
0.549020
0.568627
0.537255
0.576471
0.552941
0.560784
0.572549
0.607843
0.603922
0.627451
0.647059
0.588235
0.556863
0.600000
0.705882
0.627451
0.521569
0.588235
0.556863
0.482353
0.498039
0.525490
0.474510
0.498039
0.494118
0.462745
0.349020
0.341176
0.545098
0.619608
0.580392
0.588235
0.541176
0.584314
0.588235
0.588235
0.600000
0.623529
0.603922
0.631373
0.623529
0.576471
0.592157
0.603922
0.592157
0.619608
0.603922
0.435294
0.788235
0.811765
0.788235
0.784314
0.776471
0.784314
0.772549
0.788235
0.800000
0.760784
0.698039
0.705882
0.756863
0.784314
0.796078
0.796078
0.796078
0.792157
0.784314
0.788235
0.800000
0.827451
0.819608
0.819608
0.792157
0.772549
0.768627
0.792157
0.788235
0.752941
0.403922
