0.325490
0.321569
0.337255
0.482353
0.529412
0.529412
0.600000
0.623529
0.635294
0.615686
0.478431
0.333333
0.349020
0.341176
0.325490
0.329412
0.321569
0.313725
0.313725
0.317647
0.305882
0.352941
0.509804
0.572549
0.588235
0.564706
0.635294
0.698039
0.780392
0.776471
0.745098
0.580392
0.325490
0.317647
0.325490
0.435294
0.498039
0.517647
0.611765
0.619608
0.564706
0.486275
0.403922
0.333333
0.329412
0.325490
0.321569
0.309804
0.309804
0.313725
0.317647
0.309804
0.360784
0.611765
0.784314
0.819608
0.862745
0.858824
0.882353
0.878431
0.878431
0.835294
0.666667
0.407843
0.329412
0.325490
0.325490
0.345098
0.380392
0.423529
0.509804
0.474510
0.396078
0.364706
0.345098
0.337255
0.337255
0.329412
0.321569
0.313725
0.313725
0.313725
0.317647
0.337255
0.611765
0.858824
0.858824
0.819608
0.890196
0.941176
0.949020
0.941176
0.956863
0.913725
0.760784
0.639216
0.329412
0.325490
0.325490
0.321569
0.325490
0.345098
0.380392
0.368627
0.356863
0.360784
0.349020
0.337255
0.333333
0.329412
0.321569
0.313725
0.313725
0.313725
0.305882
0.427451
0.819608
0.890196
0.823529
0.776471
0.917647
0.945098
0.941176
0.913725
0.956863
0.917647
0.788235
0.713725
0.333333
0.325490
0.325490
0.325490
0.333333
0.345098
0.376471
0.364706
0.352941
0.345098
0.337255
0.329412
0.325490
0.321569
0.313725
0.317647
0.313725
0.313725
0.313725
0.521569
0.749020
0.854902
0.819608
0.819608
0.956863
0.933333
0.894118
0.878431
0.894118
0.913725
0.800000
0.650980
0.329412
0.325490
0.325490
0.329412
0.333333
0.345098
0.356863
0.349020
0.341176
0.356863
0.356863
0.341176
0.321569
0.313725
0.309804
0.309804
0.301961
0.317647
0.368627
0.592157
0.733333
0.811765
0.839216
0.901961
0.976471
0.905882
0.835294
0.776471
0.694118
0.670588
0.796078
0.647059
0.321569
0.317647
0.325490
0.325490
0.325490
0.337255
0.349020
0.360784
0.388235
0.411765
0.411765
0.380392
0.360784
0.384314
0.423529
0.462745
0.478431
0.541176
0.639216
0.741176
0.780392
0.756863
0.717647
0.913725
0.800000
0.596078
0.682353
0.572549
0.615686
0.505882
0.764706
0.674510
0.329412
0.349020
0.372549
0.352941
0.388235
0.435294
0.466667
0.490196
0.521569
0.560784
0.556863
0.498039
0.509804
0.572549
0.686275
0.756863
0.788235
0.807843
0.815686
0.827451
0.831373
0.788235
0.698039
0.925490
0.619608
0.498039
0.549020
0.341176
0.545098
0.725490
0.815686
0.678431
0.364706
0.498039
0.572549
0.513725
0.556863
0.603922
0.619608
0.615686
0.600000
0.607843
0.639216
0.635294
0.639216
0.670588
0.764706
0.835294
0.850980
0.847059
0.831373
0.823529
0.831373
0.807843
0.862745
0.972549
0.858824
0.780392
0.552941
0.333333
0.415686
0.670588
0.807843
0.686275
0.431373
0.596078
0.686275
0.635294
0.611765
0.623529
0.650980
0.674510
0.670588
0.666667
0.694118
0.678431
0.682353
0.721569
0.764706
0.823529
0.850980
0.858824
0.854902
0.835294
0.792157
0.858824
0.960784
0.980392
0.972549
0.800000
0.541176
0.396078
0.427451
0.615686
0.780392
0.709804
0.552941
0.666667
0.725490
0.674510
0.635294
0.662745
0.705882
0.713725
0.721569
0.709804
0.745098
0.698039
0.682353
0.764706
0.784314
0.807843
0.835294
0.862745
0.874510
0.850980
0.835294
0.921569
0.968627
0.964706
0.945098
0.823529
0.603922
0.607843
0.635294
0.529412
0.729412
0.631373
0.678431
0.721569
0.768627
0.705882
0.650980
0.705882
0.768627
0.768627
0.745098
0.733333
0.780392
0.737255
0.698039
0.780392
0.815686
0.827451
0.831373
0.862745
0.890196
0.878431
0.886275
0.937255
0.960784
0.956863
0.909804
0.741176
0.635294
0.752941
0.733333
0.682353
0.721569
0.443137
0.733333
0.752941
0.752941
0.705882
0.654902
0.752941
0.823529
0.835294
0.811765
0.768627
0.776471
0.749020
0.733333
0.803922
0.843137
0.835294
0.835294
0.854902
0.898039
0.905882
0.898039
0.933333
0.945098
0.945098
0.909804
0.792157
0.823529
0.870588
0.862745
0.870588
0.694118
0.372549
0.776471
0.796078
0.772549
0.796078
0.749020
0.788235
0.839216
0.835294
0.835294
0.811765
0.784314
0.764706
0.800000
0.839216
0.854902
0.843137
0.843137
0.866667
0.909804
0.937255
0.925490
0.925490
0.925490
0.921569
0.905882
0.898039
0.909804
0.882353
0.854902
0.827451
0.584314
0.368627
0.823529
0.839216
0.847059
0.874510
0.831373
0.807843
0.831373
0.823529
0.854902
0.870588
0.839216
0.823529
0.839216
0.862745
0.874510
0.850980
0.843137
0.886275
0.937255
0.960784
0.956863
0.929412
0.901961
0.898039
0.890196
0.874510
0.866667
0.831373
0.784314
0.717647
0.462745
0.356863
0.870588
0.886275
0.898039
0.901961
0.874510
0.858824
0.878431
0.862745
0.874510
0.890196
0.882353
0.866667
0.858824
0.874510
0.882353
0.870588
0.843137
0.890196
0.945098
0.956863
0.964706
0.941176
0.905882
0.909804
0.909804
0.858824
0.815686
0.803922
0.721569
0.525490
0.360784
0.360784
0.901961
0.917647
0.933333
0.937255
0.909804
0.905882
0.917647
0.905882
0.909804
0.917647
0.917647
0.874510
0.874510
0.886275
0.866667
0.862745
0.839216
0.886275
0.945098
0.952941
0.964706
0.964706
0.937255
0.925490
0.917647
0.870588
0.803922
0.776471
0.678431
0.423529
0.325490
0.345098
0.921569
0.937255
0.949020
0.952941
0.937255
0.925490
0.925490
0.921569
0.917647
0.933333
0.937255
0.878431
0.862745
0.870588
0.843137
0.843137
0.850980
0.901961
0.949020
0.952941
0.964706
0.976471
0.968627
0.937255
0.913725
0.874510
0.819608
0.784314
0.643137
0.403922
0.352941
0.337255
0.937255
0.941176
0.949020
0.952941
0.937255
0.925490
0.929412
0.905882
0.898039
0.917647
0.933333
0.890196
0.866667
0.858824
0.843137
0.843137
0.874510
0.901961
0.941176
0.952941
0.968627
0.976471
0.972549
0.941176
0.917647
0.874510
0.819608
0.772549
0.584314
0.368627
0.352941
0.341176
0.941176
0.941176
0.952941
0.952941
0.933333
0.925490
0.917647
0.886275
0.866667
0.901961
0.925490
0.878431
0.850980
0.854902
0.850980
0.843137
0.890196
0.909804
0.929412
0.941176
0.960784
0.968627
0.972549
0.952941
0.913725
0.866667
0.807843
0.698039
0.462745
0.337255
0.341176
0.345098
0.933333
0.937255
0.941176
0.941176
0.937255
0.921569
0.913725
0.882353
0.854902
0.870588
0.850980
0.749020
0.717647
0.819608
0.827451
0.784314
0.827451
0.862745
0.901961
0.929412
0.952941
0.960784
0.960784
0.945098
0.862745
0.760784
0.721569
0.541176
0.380392
0.341176
0.368627
0.384314
0.933333
0.933333
0.925490
0.937255
0.945098
0.933333
0.917647
0.898039
0.858824
0.796078
0.705882
0.564706
0.533333
0.682353
0.749020
0.717647
0.694118
0.713725
0.800000
0.882353
0.941176
0.952941
0.945098
0.866667
0.643137
0.494118
0.462745
0.392157
0.360784
0.376471
0.392157
0.407843
0.905882
0.909804
0.905882
0.925490
0.933333
0.937255
0.925490
0.901961
0.866667
0.694118
0.541176
0.392157
0.368627
0.478431
0.619608
0.670588
0.615686
0.552941
0.717647
0.862745
0.929412
0.949020
0.905882
0.611765
0.388235
0.368627
0.337255
0.345098
0.380392
0.368627
0.356863
0.352941
0.874510
0.850980
0.858824
0.894118
0.917647
0.929412
0.929412
0.905882
0.878431
0.600000
0.380392
0.333333
0.329412
0.360784
0.435294
0.490196
0.427451
0.364706
0.556863
0.870588
0.929412
0.960784
0.835294
0.454902
0.333333
0.345098
0.345098
0.352941
0.376471
0.356863
0.352941
0.333333
0.847059
0.760784
0.721569
0.811765
0.882353
0.901961
0.909804
0.909804
0.839216
0.478431
0.333333
0.345098
0.360784
0.380392
0.384314
0.372549
0.352941
0.356863
0.376471
0.627451
0.886275
0.941176
0.807843
0.415686
0.337255
0.333333
0.329412
0.333333
0.337255
0.349020
0.360784
0.333333
0.784314
0.698039
0.611765
0.627451
0.819608
0.874510
0.890196
0.843137
0.596078
0.368627
0.360784
0.360784
0.372549
0.380392
0.368627
0.352941
0.352941
0.352941
0.321569
0.400000
0.792157
0.925490
0.839216
0.423529
0.321569
0.333333
0.333333
0.337255
0.333333
0.333333
0.345098
0.356863
0.698039
0.662745
0.701961
0.596078
0.705882
0.858824
0.890196
0.603922
0.364706
0.352941
0.345098
0.329412
0.341176
0.360784
0.356863
0.352941
0.352941
0.356863
0.356863
0.356863
0.584314
0.898039
0.882353
0.678431
0.419608
0.321569
0.333333
0.360784
0.341176
0.337255
0.360784
0.411765
0.588235
0.560784
0.760784
0.666667
0.490196
0.709804
0.784314
0.447059
0.368627
0.411765
0.364706
0.329412
0.333333
0.341176
0.349020
0.356863
0.368627
0.411765
0.384314
0.368627
0.360784
0.721569
0.854902
0.839216
0.639216
0.352941
0.352941
0.380392
0.345098
0.345098
0.368627
0.419608
0.474510
0.450980
0.545098
0.505882
0.454902
0.647059
0.784314
0.584314
0.400000
0.356863
0.384314
0.360784
0.341176
0.333333
0.337255
0.337255
0.341176
0.352941
0.372549
0.380392
0.349020
0.482353
0.741176
0.741176
0.619608
0.368627
0.368627
0.392157
0.372549
0.431373
0.423529
0.407843
0.384314
0.356863
0.345098
0.352941
0.474510
0.670588
0.823529
0.827451
0.486275
0.321569
0.345098
0.329412
0.352941
0.337255
0.333333
0.329412
0.349020
0.360784
0.364706
0.352941
0.372549
0.400000
0.474510
0.447059
0.423529
0.407843
0.403922
0.403922
0.447059
0.454902
0.466667
0.486275
0.341176
0.329412
0.349020
0.364706
0.462745
0.592157
0.682353
0.737255
0.454902
0.349020
0.356863
0.325490
0.337255
0.341176
0.341176
0.341176
0.396078
0.356863
0.356863
0.384314
0.384314
0.396078
0.419608
0.474510
0.427451
0.415686
0.400000
0.415686
0.400000
0.352941
0.439216
0.443137
0.364706
0.380392
0.368627
0.356863
0.388235
0.392157
0.431373
0.423529
0.349020
0.341176
0.341176
0.349020
0.364706
0.356863
0.345098
0.352941
0.372549
0.360784
0.443137
0.439216
0.462745
0.431373
0.447059
0.466667
0.427451
0.415686
0.403922
0.384314
0.360784
0.376471
0.396078
0.372549
0.321569
0.317647
0.333333
0.443137
0.478431
0.494118
0.580392
0.607843
0.611765
0.592157
0.454902
0.309804
0.325490
0.329412
0.325490
0.337255
0.333333
0.325490
0.325490
0.329412
0.317647
0.360784
0.505882
0.556863
0.564706
0.537255
0.623529
0.698039
0.792157
0.792157
0.760784
0.596078
0.321569
0.313725
0.325490
0.407843
0.454902
0.482353
0.580392
0.592157
0.541176
0.462745
0.380392
0.309804
0.309804
0.317647
0.321569
0.317647
0.325490
0.325490
0.329412
0.321569
0.364706
0.603922
0.768627
0.788235
0.835294
0.835294
0.866667
0.862745
0.866667
0.831373
0.666667
0.419608
0.325490
0.321569
0.321569
0.329412
0.349020
0.388235
0.462745
0.439216
0.372549
0.341176
0.321569
0.313725
0.313725
0.321569
0.321569
0.325490
0.325490
0.325490
0.329412
0.349020
0.611765
0.843137
0.827451
0.780392
0.862745
0.929412
0.929412
0.909804
0.921569
0.890196
0.749020
0.647059
0.325490
0.321569
0.321569
0.317647
0.305882
0.309804
0.325490
0.321569
0.333333
0.341176
0.325490
0.313725
0.313725
0.317647
0.321569
0.325490
0.325490
0.325490
0.317647
0.439216
0.815686
0.874510
0.792157
0.733333
0.890196
0.941176
0.913725
0.866667
0.901961
0.874510
0.764706
0.717647
0.317647
0.317647
0.317647
0.321569
0.317647
0.313725
0.325490
0.325490
0.337255
0.333333
0.325490
0.321569
0.325490
0.325490
0.317647
0.321569
0.333333
0.333333
0.317647
0.513725
0.725490
0.819608
0.780392
0.776471
0.921569
0.913725
0.870588
0.835294
0.847059
0.882353
0.776471
0.639216
0.317647
0.313725
0.317647
0.321569
0.321569
0.321569
0.317647
0.313725
0.325490
0.341176
0.345098
0.333333
0.325490
0.317647
0.309804
0.305882
0.321569
0.333333
0.360784
0.568627
0.690196
0.760784
0.792157
0.858824
0.941176
0.874510
0.807843
0.745098
0.662745
0.654902
0.780392
0.623529
0.317647
0.313725
0.313725
0.317647
0.317647
0.313725
0.309804
0.317647
0.337255
0.364706
0.364706
0.337255
0.321569
0.349020
0.396078
0.439216
0.474510
0.537255
0.623529
0.717647
0.745098
0.717647
0.678431
0.878431
0.768627
0.576471
0.662745
0.549020
0.592157
0.501961
0.760784
0.662745
0.321569
0.325490
0.337255
0.321569
0.356863
0.388235
0.407843
0.415686
0.435294
0.474510
0.470588
0.415686
0.415686
0.494118
0.627451
0.709804
0.749020
0.772549
0.784314
0.796078
0.800000
0.760784
0.674510
0.905882
0.603922
0.490196
0.541176
0.329412
0.533333
0.721569
0.811765
0.674510
0.329412
0.435294
0.486275
0.435294
0.486275
0.513725
0.517647
0.501961
0.486275
0.498039
0.533333
0.521569
0.505882
0.556863
0.682353
0.776471
0.792157
0.788235
0.784314
0.788235
0.811765
0.796078
0.850980
0.960784
0.854902
0.780392
0.545098
0.325490
0.411765
0.666667
0.811765
0.694118
0.368627
0.509804
0.576471
0.521569
0.494118
0.494118
0.517647
0.541176
0.537255
0.537255
0.564706
0.545098
0.537255
0.596078
0.674510
0.756863
0.780392
0.784314
0.800000
0.792157
0.768627
0.843137
0.952941
0.980392
0.976471
0.803922
0.537255
0.392157
0.427451
0.607843
0.780392
0.713725
0.478431
0.580392
0.619608
0.556863
0.494118
0.501961
0.568627
0.588235
0.580392
0.568627
0.603922
0.560784
0.552941
0.654902
0.698039
0.737255
0.760784
0.788235
0.807843
0.796078
0.792157
0.890196
0.956863
0.972549
0.956863
0.831373
0.607843
0.611765
0.635294
0.513725
0.717647
0.623529
0.576471
0.615686
0.650980
0.588235
0.509804
0.549020
0.639216
0.654902
0.619608
0.607843
0.654902
0.611765
0.580392
0.674510
0.729412
0.752941
0.756863
0.792157
0.827451
0.823529
0.831373
0.898039
0.945098
0.960784
0.921569
0.749020
0.643137
0.756863
0.733333
0.670588
0.709804
0.435294
0.615686
0.639216
0.639216
0.600000
0.533333
0.611765
0.709804
0.741176
0.713725
0.670588
0.678431
0.647059
0.619608
0.701961
0.756863
0.760784
0.764706
0.788235
0.839216
0.850980
0.843137
0.882353
0.921569
0.941176
0.913725
0.800000
0.827451
0.878431
0.862745
0.858824
0.682353
0.364706
0.662745
0.701961
0.686275
0.709804
0.643137
0.662745
0.741176
0.760784
0.760784
0.733333
0.709804
0.678431
0.690196
0.741176
0.772549
0.764706
0.772549
0.800000
0.843137
0.878431
0.858824
0.866667
0.890196
0.909804
0.905882
0.905882
0.917647
0.882353
0.854902
0.815686
0.576471
0.360784
0.737255
0.776471
0.792157
0.807843
0.733333
0.694118
0.741176
0.756863
0.788235
0.807843
0.776471
0.752941
0.733333
0.768627
0.792157
0.776471
0.772549
0.815686
0.870588
0.898039
0.890196
0.866667
0.862745
0.878431
0.886275
0.882353
0.878431
0.839216
0.788235
0.709804
0.458824
0.352941
0.807843
0.827451
0.835294
0.835294
0.792157
0.768627
0.788235
0.776471
0.803922
0.831373
0.819608
0.788235
0.768627
0.788235
0.800000
0.796078
0.776471
0.831373
0.898039
0.921569
0.929412
0.901961
0.870588
0.878431
0.890196
0.874510
0.858824
0.843137
0.737255
0.517647
0.352941
0.356863
0.847059
0.858824
0.874510
0.870588
0.843137
0.827451
0.827451
0.815686
0.835294
0.862745
0.858824
0.796078
0.800000
0.811765
0.796078
0.792157
0.776471
0.831373
0.901961
0.929412
0.945098
0.937255
0.901961
0.890196
0.890196
0.878431
0.850980
0.827451
0.694118
0.419608
0.317647
0.337255
0.874510
0.886275
0.894118
0.894118
0.870588
0.850980
0.847059
0.843137
0.854902
0.886275
0.882353
0.807843
0.796078
0.807843
0.784314
0.784314
0.784314
0.839216
0.901961
0.929412
0.941176
0.945098
0.933333
0.898039
0.886275
0.874510
0.854902
0.823529
0.654902
0.396078
0.345098
0.329412
0.890196
0.894118
0.901961
0.901961
0.878431
0.858824
0.854902
0.835294
0.843137
0.882353
0.882353
0.823529
0.807843
0.803922
0.792157
0.792157
0.807843
0.835294
0.894118
0.929412
0.941176
0.941176
0.937255
0.901961
0.882353
0.862745
0.847059
0.800000
0.584314
0.360784
0.345098
0.333333
0.898039
0.901961
0.913725
0.909804
0.886275
0.862745
0.847059
0.819608
0.819608
0.866667
0.882353
0.811765
0.796078
0.807843
0.803922
0.796078
0.819608
0.839216
0.878431
0.917647
0.933333
0.933333
0.933333
0.913725
0.870588
0.847059
0.827451
0.717647
0.458824
0.329412
0.333333
0.337255
0.894118
0.905882
0.917647
0.905882
0.890196
0.866667
0.847059
0.823529
0.807843
0.835294
0.807843
0.701961
0.682353
0.780392
0.784314
0.737255
0.772549
0.811765
0.858824
0.898039
0.917647
0.929412
0.933333
0.925490
0.843137
0.749020
0.725490
0.549020
0.372549
0.337255
0.364706
0.376471
0.894118
0.909804
0.917647
0.909804
0.901961
0.882353
0.854902
0.839216
0.811765
0.756863
0.666667
0.537255
0.517647
0.654902
0.709804
0.670588
0.658824
0.682353
0.764706
0.850980
0.905882
0.925490
0.933333
0.862745
0.639216
0.490196
0.458824
0.388235
0.356863
0.372549
0.388235
0.403922
0.870588
0.886275
0.894118
0.901961
0.898039
0.894118
0.870588
0.847059
0.823529
0.658824
0.513725
0.368627
0.356863
0.454902
0.580392
0.627451
0.584314
0.529412
0.694118
0.843137
0.898039
0.921569
0.894118
0.607843
0.384314
0.364706
0.333333
0.341176
0.376471
0.364706
0.352941
0.349020
0.835294
0.827451
0.847059
0.878431
0.890196
0.894118
0.882353
0.858824
0.839216
0.572549
0.360784
0.317647
0.321569
0.345098
0.407843
0.458824
0.407843
0.356863
0.545098
0.858824
0.905882
0.929412
0.819608
0.450980
0.333333
0.341176
0.341176
0.349020
0.372549
0.352941
0.349020
0.329412
0.803922
0.733333
0.709804
0.800000
0.862745
0.874510
0.866667
0.870588
0.807843
0.454902
0.321569
0.341176
0.368627
0.380392
0.368627
0.352941
0.341176
0.356863
0.376471
0.623529
0.862745
0.909804
0.792157
0.411765
0.337255
0.329412
0.325490
0.329412
0.333333
0.345098
0.356863
0.329412
0.737255
0.662745
0.588235
0.607843
0.792157
0.839216
0.847059
0.803922
0.568627
0.349020
0.352941
0.364706
0.380392
0.384314
0.360784
0.345098
0.349020
0.352941
0.317647
0.400000
0.772549
0.894118
0.823529
0.411765
0.313725
0.329412
0.329412
0.333333
0.329412
0.329412
0.341176
0.352941
0.650980
0.615686
0.654902
0.545098
0.654902
0.807843
0.831373
0.556863
0.345098
0.345098
0.345098
0.337255
0.341176
0.356863
0.352941
0.349020
0.349020
0.352941
0.352941
0.352941
0.556863
0.862745
0.858824
0.650980
0.396078
0.317647
0.329412
0.356863
0.337255
0.333333
0.356863
0.407843
0.545098
0.521569
0.717647
0.611765
0.431373
0.654902
0.725490
0.400000
0.349020
0.403922
0.368627
0.337255
0.329412
0.337255
0.345098
0.352941
0.364706
0.407843
0.380392
0.364706
0.341176
0.694118
0.839216
0.811765
0.619608
0.349020
0.349020
0.376471
0.341176
0.341176
0.364706
0.411765
0.443137
0.419608
0.513725
0.454902
0.396078
0.592157
0.725490
0.537255
0.380392
0.352941
0.384314
0.368627
0.341176
0.329412
0.333333
0.333333
0.337255
0.349020
0.368627
0.376471
0.337255
0.466667
0.733333
0.729412
0.607843
0.364706
0.364706
0.388235
0.368627
0.423529
0.415686
0.403922
0.364706
0.341176
0.325490
0.301961
0.411765
0.615686
0.764706
0.784314
0.466667
0.313725
0.345098
0.337255
0.349020
0.333333
0.329412
0.325490
0.341176
0.356863
0.360784
0.349020
0.364706
0.396078
0.466667
0.439216
0.419608
0.403922
0.400000
0.400000
0.443137
0.447059
0.458824
0.478431
0.325490
0.317647
0.333333
0.321569
0.400000
0.541176
0.631373
0.694118
0.439216
0.341176
0.356863
0.333333
0.333333
0.337255
0.337255
0.337255
0.392157
0.352941
0.352941
0.380392
0.380392
0.396078
0.419608
0.474510
0.427451
0.411765
0.396078
0.407843
0.392157
0.345098
0.431373
0.435294
0.341176
0.360784
0.349020
0.329412
0.356863
0.352941
0.384314
0.384314
0.337255
0.333333
0.337255
0.345098
0.360784
0.352941
0.341176
0.349020
0.376471
0.364706
0.443137
0.443137
0.466667
0.439216
0.450980
0.474510
0.431373
0.407843
0.396078
0.376471
0.352941
0.368627
0.388235
0.364706
0.356863
0.349020
0.364706
0.486275
0.525490
0.537255
0.619608
0.647059
0.650980
0.631373
0.494118
0.349020
0.364706
0.364706
0.356863
0.368627
0.360784
0.352941
0.352941
0.356863
0.356863
0.400000
0.533333
0.576471
0.592157
0.584314
0.678431
0.760784
0.858824
0.858824
0.823529
0.658824
0.352941
0.345098
0.356863
0.447059
0.501961
0.525490
0.623529
0.635294
0.580392
0.501961
0.419608
0.349020
0.345098
0.352941
0.349020
0.349020
0.349020
0.352941
0.352941
0.349020
0.407843
0.658824
0.811765
0.823529
0.862745
0.862745
0.901961
0.913725
0.921569
0.878431
0.721569
0.478431
0.356863
0.352941
0.352941
0.364706
0.392157
0.431373
0.509804
0.482353
0.411765
0.380392
0.360784
0.352941
0.352941
0.352941
0.352941
0.352941
0.352941
0.352941
0.356863
0.376471
0.647059
0.882353
0.862745
0.803922
0.870588
0.929412
0.945098
0.945098
0.960784
0.921569
0.792157
0.705882
0.356863
0.352941
0.352941
0.349020
0.345098
0.352941
0.376471
0.368627
0.372549
0.376471
0.364706
0.352941
0.352941
0.352941
0.352941
0.352941
0.352941
0.352941
0.341176
0.466667
0.835294
0.882353
0.792157
0.725490
0.874510
0.921569
0.913725
0.890196
0.929412
0.894118
0.800000
0.772549
0.349020
0.349020
0.356863
0.360784
0.356863
0.360784
0.376471
0.380392
0.388235
0.380392
0.360784
0.352941
0.364706
0.364706
0.356863
0.360784
0.368627
0.368627
0.352941
0.549020
0.749020
0.831373
0.780392
0.768627
0.913725
0.905882
0.847059
0.843137
0.878431
0.886275
0.803922
0.705882
0.356863
0.356863
0.364706
0.364706
0.364706
0.368627
0.372549
0.376471
0.388235
0.392157
0.376471
0.364706
0.368627
0.360784
0.356863
0.352941
0.352941
0.364706
0.396078
0.603922
0.725490
0.788235
0.807843
0.862745
0.945098
0.874510
0.784314
0.749020
0.701961
0.654902
0.800000
0.686275
0.368627
0.356863
0.356863
0.352941
0.349020
0.352941
0.352941
0.368627
0.396078
0.411765
0.396078
0.364706
0.360784
0.388235
0.431373
0.470588
0.482353
0.541176
0.639216
0.737255
0.772549
0.745098
0.694118
0.878431
0.768627
0.580392
0.658824
0.568627
0.627451
0.505882
0.772549
0.694118
0.364706
0.356863
0.356863
0.329412
0.356863
0.396078
0.419608
0.435294
0.454902
0.486275
0.466667
0.403922
0.419608
0.494118
0.623529
0.698039
0.721569
0.745098
0.772549
0.803922
0.823529
0.780392
0.682353
0.901961
0.592157
0.494118
0.564706
0.364706
0.568627
0.756863
0.843137
0.698039
0.349020
0.439216
0.470588
0.400000
0.439216
0.478431
0.486275
0.470588
0.443137
0.443137
0.466667
0.450980
0.454902
0.501961
0.619608
0.705882
0.721569
0.733333
0.756863
0.780392
0.827451
0.811765
0.854902
0.952941
0.835294
0.784314
0.592157
0.372549
0.450980
0.756863
0.882353
0.729412
0.364706
0.478431
0.529412
0.462745
0.427451
0.423529
0.443137
0.462745
0.458824
0.447059
0.462745
0.443137
0.443137
0.494118
0.549020
0.623529
0.674510
0.709804
0.749020
0.764706
0.768627
0.854902
0.956863
0.980392
0.972549
0.819608
0.596078
0.454902
0.482353
0.725490
0.874510
0.772549
0.450980
0.509804
0.549020
0.501961
0.435294
0.427451
0.458824
0.474510
0.482353
0.474510
0.505882
0.462745
0.450980
0.521569
0.525490
0.545098
0.619608
0.682353
0.733333
0.745098
0.764706
0.882353
0.964706
0.992157
0.988235
0.874510
0.670588
0.686275
0.717647
0.611765
0.803922
0.690196
0.509804
0.513725
0.556863
0.517647
0.443137
0.458824
0.513725
0.513725
0.486275
0.474510
0.521569
0.482353
0.454902
0.525490
0.549020
0.549020
0.584314
0.650980
0.721569
0.752941
0.796078
0.886275
0.945098
0.980392
0.956863
0.796078
0.701961
0.831373
0.819608
0.752941
0.788235
0.498039
0.509804
0.505882
0.521569
0.505882
0.435294
0.494118
0.556863
0.572549
0.549020
0.505882
0.513725
0.486275
0.466667
0.537255
0.572549
0.560784
0.568627
0.623529
0.725490
0.784314
0.803922
0.862745
0.917647
0.956863
0.945098
0.847059
0.890196
0.952941
0.941176
0.937255
0.749020
0.415686
0.541176
0.560784
0.564706
0.596078
0.517647
0.517647
0.560784
0.576471
0.588235
0.560784
0.537255
0.509804
0.513725
0.556863
0.580392
0.572549
0.576471
0.639216
0.749020
0.839216
0.831373
0.835294
0.878431
0.917647
0.933333
0.956863
0.976471
0.960784
0.937255
0.882353
0.631373
0.400000
0.611765
0.643137
0.690196
0.698039
0.600000
0.541176
0.549020
0.572549
0.631373
0.654902
0.623529
0.588235
0.549020
0.576471
0.603922
0.588235
0.588235
0.678431
0.803922
0.890196
0.870588
0.831373
0.847059
0.878431
0.909804
0.933333
0.937255
0.917647
0.866667
0.768627
0.501961
0.384314
0.701961
0.745098
0.788235
0.764706
0.694118
0.647059
0.643137
0.631373
0.690196
0.749020
0.717647
0.647059
0.623529
0.635294
0.643137
0.627451
0.592157
0.701961
0.847059
0.913725
0.905882
0.878431
0.858824
0.882353
0.921569
0.929412
0.917647
0.921569
0.815686
0.564706
0.396078
0.396078
0.764706
0.803922
0.847059
0.827451
0.768627
0.733333
0.709804
0.690196
0.745098
0.815686
0.788235
0.674510
0.666667
0.666667
0.635294
0.619608
0.596078
0.713725
0.858824
0.913725
0.921569
0.921569
0.898039
0.901961
0.929412
0.941176
0.913725
0.905882
0.780392
0.462745
0.360784
0.380392
0.811765
0.847059
0.870588
0.858824
0.815686
0.772549
0.745098
0.725490
0.764706
0.850980
0.839216
0.709804
0.658824
0.654902
0.615686
0.611765
0.631373
0.752941
0.878431
0.921569
0.925490
0.937255
0.941176
0.921569
0.929412
0.941176
0.921569
0.901961
0.741176
0.443137
0.388235
0.372549
0.862745
0.874510
0.882353
0.882353
0.839216
0.800000
0.772549
0.733333
0.756863
0.858824
0.870588
0.764706
0.698039
0.678431
0.650980
0.643137
0.690196
0.780392
0.890196
0.925490
0.937255
0.945098
0.956863
0.933333
0.933333
0.929412
0.913725
0.882353
0.674510
0.407843
0.384314
0.376471
0.894118
0.890196
0.898039
0.894118
0.862745
0.819608
0.784314
0.725490
0.737255
0.858824
0.890196
0.780392
0.721569
0.721569
0.705882
0.686275
0.737255
0.807843
0.886275
0.921569
0.937255
0.949020
0.964706
0.952941
0.929412
0.917647
0.898039
0.803922
0.549020
0.376471
0.376471
0.384314
0.886275
0.898039
0.909804
0.901961
0.878431
0.831373
0.792157
0.741176
0.729412
0.811765
0.823529
0.709804
0.662745
0.745098
0.737255
0.686275
0.737255
0.803922
0.866667
0.901961
0.925490
0.941176
0.956863
0.960784
0.886275
0.800000
0.780392
0.607843
0.435294
0.376471
0.400000
0.415686
0.882353
0.901961
0.917647
0.913725
0.894118
0.850980
0.803922
0.772549
0.749020
0.725490
0.682353
0.572549
0.545098
0.674510
0.721569
0.674510
0.666667
0.690196
0.776471
0.858824
0.913725
0.933333
0.949020
0.890196
0.670588
0.521569
0.490196
0.419608
0.388235
0.403922
0.419608
0.435294
0.862745
0.890196
0.909804
0.917647
0.905882
0.882353
0.835294
0.800000
0.784314
0.647059
0.533333
0.415686
0.411765
0.509804
0.627451
0.662745
0.603922
0.545098
0.705882
0.854902
0.905882
0.929412
0.909804
0.635294
0.415686
0.396078
0.364706
0.372549
0.407843
0.396078
0.384314
0.380392
0.839216
0.843137
0.870588
0.909804
0.917647
0.898039
0.862745
0.839216
0.835294
0.584314
0.388235
0.368627
0.392157
0.411765
0.466667
0.505882
0.435294
0.376471
0.564706
0.878431
0.917647
0.941176
0.839216
0.478431
0.364706
0.372549
0.372549
0.380392
0.403922
0.384314
0.380392
0.360784
0.827451
0.764706
0.741176
0.847059
0.909804
0.898039
0.866667
0.874510
0.831373
0.486275
0.356863
0.388235
0.423529
0.427451
0.407843
0.384314
0.368627
0.384314
0.403922
0.650980
0.878431
0.921569
0.811765
0.439216
0.368627
0.360784
0.356863
0.360784
0.364706
0.376471
0.388235
0.360784
0.756863
0.690196
0.619608
0.650980
0.835294
0.862745
0.862745
0.827451
0.607843
0.388235
0.396078
0.407843
0.419608
0.415686
0.384314
0.364706
0.376471
0.384314
0.349020
0.431373
0.796078
0.901961
0.819608
0.435294
0.352941
0.360784
0.360784
0.364706
0.360784
0.356863
0.368627
0.384314
0.662745
0.631373
0.670588
0.572549
0.666667
0.807843
0.854902
0.600000
0.384314
0.376471
0.376471
0.368627
0.372549
0.388235
0.380392
0.376471
0.380392
0.384314
0.384314
0.384314
0.603922
0.866667
0.815686
0.654902
0.443137
0.349020
0.360784
0.388235
0.368627
0.356863
0.380392
0.435294
0.564706
0.537255
0.733333
0.647059
0.450980
0.650980
0.741176
0.439216
0.388235
0.435294
0.396078
0.368627
0.360784
0.368627
0.376471
0.384314
0.400000
0.439216
0.411765
0.396078
0.388235
0.705882
0.807843
0.823529
0.662745
0.380392
0.380392
0.407843
0.372549
0.372549
0.396078
0.447059
0.466667
0.443137
0.537255
0.501961
0.427451
0.592157
0.729412
0.568627
0.419608
0.384314
0.415686
0.396078
0.372549
0.360784
0.364706
0.364706
0.368627
0.380392
0.400000
0.407843
0.372549
0.482353
0.725490
0.745098
0.643137
0.396078
0.396078
0.419608
0.400000
0.470588
0.462745
0.447059
0.396078
0.368627
0.356863
0.360784
0.454902
0.615686
0.756863
0.803922
0.505882
0.345098
0.376471
0.364706
0.380392
0.364706
0.360784
0.356863
0.372549
0.388235
0.388235
0.380392
0.396078
0.419608
0.490196
0.462745
0.447059
0.435294
0.431373
0.431373
0.482353
0.501961
0.513725
0.533333
0.360784
0.349020
0.368627
0.388235
0.450980
0.541176
0.615686
0.709804
0.474510
0.372549
0.388235
0.360784
0.364706
0.368627
0.368627
0.368627
0.423529
0.384314
0.388235
0.411765
0.407843
0.427451
0.458824
0.505882
0.454902
0.443137
0.431373
0.439216
0.431373
0.403922
0.490196
0.494118
0.380392
0.400000
0.388235
0.384314
0.407843
0.380392
0.400000
0.411765
0.380392
0.376471
0.376471
0.384314
0.392157
0.384314
0.372549
0.380392
0.411765
0.419608
0.505882
0.486275
0.505882
0.486275
0.501961
0.521569
0.474510
0.447059
0.439216
0.419608
0.396078
0.419608
0.439216
0.415686
