1.000000
0.992157
0.976471
0.988235
0.996078
0.996078
0.996078
0.996078
0.996078
0.996078
0.996078
0.996078
0.996078
0.996078
0.996078
0.996078
0.996078
0.996078
0.996078
0.996078
0.996078
0.996078
0.996078
0.996078
0.996078
0.996078
0.996078
0.996078
0.996078
0.996078
0.996078
1.000000
1.000000
1.000000
0.933333
0.968627
1.000000
1.000000
1.000000
1.000000
1.000000
1.000000
1.000000
1.000000
1.000000
1.000000
1.000000
1.000000
1.000000
1.000000
1.000000
1.000000
1.000000
1.000000
1.000000
1.000000
1.000000
1.000000
1.000000
1.000000
1.000000
1.000000
1.000000
1.000000
1.000000
0.996078
0.909804
0.956863
1.000000
0.996078
0.996078
0.996078
0.996078
0.996078
1.000000
1.000000
1.000000
0.996078
0.996078
0.996078
1.000000
1.000000
1.000000
1.000000
1.000000
0.996078
0.996078
0.996078
1.000000
0.996078
0.996078
0.996078
0.996078
0.996078
0.996078
1.000000
1.000000
1.000000
0.909804
0.960784
1.000000
0.996078
0.996078
0.992157
0.992157
1.000000
1.000000
1.000000
1.000000
0.996078
0.992157
0.996078
1.000000
1.000000
1.000000
1.000000
1.000000
0.996078
0.992157
0.996078
1.000000
0.996078
0.992157
0.992157
0.996078
0.996078
0.996078
1.000000
1.000000
1.000000
0.909804
0.960784
1.000000
0.992157
0.992157
0.988235
0.992157
0.996078
1.000000
1.000000
1.000000
0.996078
0.988235
0.992157
1.000000
1.000000
1.000000
1.000000
1.000000
0.984314
0.992157
0.996078
1.000000
0.996078
0.988235
0.984314
0.945098
0.929412
0.937255
0.945098
1.000000
1.000000
0.909804
0.960784
1.000000
0.992157
0.980392
0.972549
0.992157
0.996078
1.000000
1.000000
1.000000
1.000000
0.960784
0.968627
1.000000
1.000000
1.000000
1.000000
1.000000
0.937255
0.988235
0.996078
1.000000
0.996078
0.996078
0.909804
0.627451
0.549020
0.556863
0.596078
1.000000
1.000000
0.913725
0.941176
0.901961
0.843137
0.784314
0.764706
0.913725
1.000000
0.996078
0.996078
0.996078
1.000000
0.933333
0.929412
1.000000
0.996078
1.000000
1.000000
1.000000
0.909804
0.976471
1.000000
0.996078
1.000000
0.960784
0.623529
0.278431
0.262745
0.250980
0.411765
1.000000
0.996078
0.921569
0.886275
0.529412
0.368627
0.329412
0.309804
0.580392
0.909804
0.992157
0.988235
0.992157
1.000000
0.925490
0.925490
1.000000
0.996078
1.000000
0.996078
1.000000
0.913725
0.952941
0.988235
0.996078
0.980392
0.717647
0.333333
0.274510
0.274510
0.282353
0.682353
1.000000
1.000000
0.921569
0.925490
0.576471
0.250980
0.247059
0.254902
0.270588
0.552941
0.890196
0.988235
0.988235
0.996078
0.913725
0.925490
1.000000
0.992157
0.996078
0.992157
1.000000
0.913725
0.941176
0.988235
0.984314
0.788235
0.392157
0.290196
0.329412
0.286275
0.454902
0.925490
1.000000
0.996078
0.917647
0.960784
0.886275
0.427451
0.250980
0.313725
0.286275
0.266667
0.529412
0.874510
0.988235
0.976471
0.847059
0.913725
1.000000
0.996078
0.996078
0.992157
0.984314
0.792157
0.772549
0.905882
0.823529
0.443137
0.294118
0.325490
0.329412
0.368627
0.737255
1.000000
1.000000
0.996078
0.913725
0.952941
0.996078
0.752941
0.345098
0.317647
0.317647
0.294118
0.266667
0.513725
0.831373
0.756863
0.537255
0.733333
0.933333
0.866667
0.803922
0.843137
0.800000
0.450980
0.372549
0.556863
0.462745
0.298039
0.333333
0.325490
0.294118
0.564706
0.945098
1.000000
0.996078
0.960784
0.843137
0.905882
0.976471
0.960784
0.619608
0.301961
0.270588
0.333333
0.321569
0.290196
0.431373
0.360784
0.231373
0.411765
0.607843
0.486275
0.388235
0.450980
0.439216
0.317647
0.258824
0.270588
0.282353
0.325490
0.329412
0.298039
0.419608
0.839216
1.000000
1.000000
0.831373
0.654902
0.615686
0.619608
0.690196
0.925490
0.917647
0.533333
0.270588
0.282353
0.345098
0.333333
0.286275
0.290196
0.258824
0.376471
0.298039
0.333333
0.345098
0.286275
0.290196
0.380392
0.313725
0.333333
0.337255
0.376471
0.286275
0.400000
0.768627
0.988235
0.996078
1.000000
0.529412
0.309804
0.435294
0.352941
0.352941
0.772549
1.000000
0.886275
0.560784
0.298039
0.282353
0.400000
0.360784
0.360784
0.298039
0.368627
0.278431
0.364706
0.415686
0.309804
0.270588
0.321569
0.345098
0.384314
0.352941
0.376471
0.364706
0.725490
0.972549
0.992157
0.996078
1.000000
0.482353
0.400000
0.498039
0.431373
0.415686
0.705882
1.000000
0.988235
0.921569
0.619608
0.345098
0.341176
0.349020
0.368627
0.309804
0.313725
0.250980
0.274510
0.333333
0.258824
0.247059
0.329412
0.325490
0.341176
0.294118
0.368627
0.686275
0.964706
0.992157
0.996078
1.000000
1.000000
0.521569
0.450980
0.494118
0.466667
0.447059
0.682353
1.000000
0.992157
1.000000
0.945098
0.682353
0.368627
0.274510
0.329412
0.349020
0.360784
0.254902
0.262745
0.298039
0.258824
0.250980
0.333333
0.325490
0.305882
0.345098
0.658824
0.952941
0.996078
1.000000
1.000000
1.000000
1.000000
0.447059
0.384314
0.301961
0.368627
0.384314
0.615686
1.000000
0.996078
0.996078
0.992157
0.964706
0.741176
0.403922
0.305882
0.384314
0.345098
0.298039
0.266667
0.282353
0.270588
0.286275
0.301961
0.317647
0.329412
0.623529
0.945098
0.988235
0.996078
1.000000
1.000000
1.000000
1.000000
0.321569
0.235294
0.156863
0.223529
0.239216
0.564706
1.000000
0.996078
1.000000
0.992157
0.992157
0.976471
0.780392
0.431373
0.329412
0.313725
0.333333
0.278431
0.262745
0.274510
0.309804
0.294118
0.294118
0.533333
0.905882
0.996078
0.988235
0.996078
1.000000
1.000000
1.000000
1.000000
0.274510
0.188235
0.227451
0.215686
0.152941
0.572549
1.000000
0.996078
1.000000
0.996078
0.988235
0.992157
0.988235
0.780392
0.419608
0.305882
0.376471
0.270588
0.247059
0.254902
0.325490
0.317647
0.439216
0.843137
0.996078
0.992157
0.996078
0.996078
1.000000
1.000000
1.000000
1.000000
0.400000
0.215686
0.278431
0.239216
0.223529
0.701961
1.000000
0.988235
0.996078
0.992157
0.992157
0.996078
1.000000
0.984314
0.768627
0.407843
0.333333
0.250980
0.215686
0.239216
0.290196
0.392157
0.756863
0.984314
1.000000
1.000000
1.000000
1.000000
1.000000
1.000000
1.000000
1.000000
0.756863
0.552941
0.607843
0.580392
0.623529
0.909804
0.996078
0.992157
0.996078
0.992157
0.992157
0.996078
1.000000
0.996078
0.976471
0.760784
0.388235
0.211765
0.243137
0.294118
0.282353
0.666667
0.964706
0.996078
1.000000
1.000000
1.000000
1.000000
1.000000
1.000000
1.000000
1.000000
0.964706
0.901961
0.925490
0.917647
0.933333
0.980392
0.988235
0.984314
0.901961
0.843137
0.964706
1.000000
1.000000
0.996078
0.992157
0.972549
0.756863
0.329412
0.270588
0.356863
0.529412
0.925490
0.992157
0.992157
1.000000
1.000000
1.000000
1.000000
1.000000
1.000000
1.000000
1.000000
0.905882
0.874510
0.929412
0.964706
0.988235
0.984314
0.921569
0.690196
0.494118
0.474510
0.862745
1.000000
0.996078
0.996078
0.996078
0.996078
0.980392
0.745098
0.360784
0.466667
0.862745
0.996078
0.996078
0.996078
1.000000
1.000000
1.000000
1.000000
1.000000
1.000000
1.000000
1.000000
0.686275
0.564706
0.631373
0.788235
0.984314
1.000000
0.682353
0.219608
0.305882
0.376471
0.772549
1.000000
0.988235
0.992157
1.000000
1.000000
1.000000
0.972549
0.760784
0.800000
0.988235
0.996078
1.000000
1.000000
1.000000
1.000000
1.000000
1.000000
1.000000
1.000000
1.000000
1.000000
0.549020
0.380392
0.388235
0.529412
0.952941
1.000000
0.611765
0.078431
0.290196
0.400000
0.670588
1.000000
0.988235
0.992157
1.000000
1.000000
1.000000
0.992157
0.968627
0.972549
0.992157
0.996078
1.000000
1.000000
1.000000
1.000000
1.000000
1.000000
1.000000
1.000000
1.000000
1.000000
0.545098
0.376471
0.345098
0.376471
0.850980
1.000000
0.674510
0.078431
0.243137
0.380392
0.356863
0.603922
0.917647
1.000000
1.000000
1.000000
1.000000
0.984314
0.984314
0.988235
0.992157
0.996078
1.000000
1.000000
1.000000
1.000000
1.000000
1.000000
1.000000
1.000000
1.000000
1.000000
0.580392
0.447059
0.450980
0.486275
0.576471
0.921569
0.760784
0.149020
0.235294
0.439216
0.290196
0.286275
0.792157
1.000000
0.992157
1.000000
1.000000
0.996078
0.996078
0.996078
0.996078
1.000000
1.000000
1.000000
1.000000
1.000000
1.000000
1.000000
1.000000
1.000000
1.000000
1.000000
0.603922
0.486275
0.505882
0.576471
0.341176
0.764706
0.933333
0.713725
0.705882
0.709804
0.607843
0.517647
0.886275
1.000000
0.992157
0.996078
1.000000
1.000000
1.000000
1.000000
1.000000
1.000000
1.000000
1.000000
1.000000
1.000000
1.000000
1.000000
1.000000
1.000000
1.000000
1.000000
0.686275
0.564706
0.556863
0.686275
0.509804
0.796078
1.000000
0.976471
0.952941
0.929412
0.831373
0.745098
0.890196
0.909804
0.968627
1.000000
1.000000
1.000000
1.000000
1.000000
1.000000
1.000000
1.000000
1.000000
1.000000
1.000000
1.000000
1.000000
1.000000
1.000000
1.000000
1.000000
0.921569
0.854902
0.839216
0.898039
0.929412
0.968627
0.992157
0.988235
0.980392
0.988235
0.972549
0.890196
0.764706
0.780392
0.952941
1.000000
1.000000
1.000000
1.000000
1.000000
1.000000
1.000000
1.000000
1.000000
1.000000
1.000000
1.000000
1.000000
1.000000
1.000000
1.000000
1.000000
0.996078
0.980392
0.984314
0.984314
0.996078
0.996078
0.996078
0.996078
0.996078
0.996078
0.996078
0.992157
0.960784
0.933333
0.988235
1.000000
1.000000
1.000000
1.000000
1.000000
1.000000
1.000000
1.000000
1.000000
1.000000
1.000000
1.000000
1.000000
1.000000
1.000000
1.000000
1.000000
1.000000
0.996078
0.996078
1.000000
0.996078
1.000000
1.000000
1.000000
1.000000
1.000000
1.000000
1.000000
1.000000
1.000000
1.000000
1.000000
1.000000
1.000000
1.000000
1.000000
1.000000
1.000000
1.000000
1.000000
1.000000
1.000000
1.000000
1.000000
1.000000
1.000000
1.000000
1.000000
1.000000
0.992157
0.976471
0.988235
0.996078
0.996078
0.996078
0.996078
0.996078
0.996078
0.996078
0.996078
0.996078
0.996078
0.996078
0.996078
0.996078
0.996078
0.996078
0.996078
0.996078
0.996078
0.996078
0.996078
0.996078
0.996078
0.996078
0.996078
0.996078
0.996078
0.996078
1.000000
1.000000
1.000000
0.933333
0.968627
1.000000
1.000000
1.000000
1.000000
1.000000
1.000000
1.000000
1.000000
1.000000
1.000000
1.000000
1.000000
1.000000
1.000000
1.000000
1.000000
1.000000
1.000000
1.000000
1.000000
1.000000
1.000000
1.000000
1.000000
1.000000
1.000000
1.000000
1.000000
1.000000
0.996078
0.909804
0.956863
1.000000
0.996078
0.996078
0.996078
0.996078
0.996078
1.000000
1.000000
1.000000
0.996078
0.996078
0.996078
1.000000
1.000000
1.000000
1.000000
1.000000
0.996078
0.996078
0.996078
1.000000
0.996078
0.996078
0.996078
0.996078
0.996078
0.996078
1.000000
1.000000
1.000000
0.909804
0.960784
1.000000
0.996078
0.996078
0.992157
0.992157
1.000000
1.000000
1.000000
1.000000
0.996078
0.992157
0.996078
1.000000
1.000000
1.000000
1.000000
1.000000
0.996078
0.992157
0.996078
1.000000
0.996078
0.992157
0.992157
0.996078
0.996078
0.996078
1.000000
1.000000
1.000000
0.909804
0.960784
1.000000
0.992157
0.992157
0.988235
0.992157
0.996078
1.000000
1.000000
1.000000
0.996078
0.988235
0.992157
1.000000
1.000000
1.000000
1.000000
1.000000
0.984314
0.992157
0.996078
1.000000
0.996078
0.988235
0.984314
0.945098
0.929412
0.937255
0.945098
1.000000
1.000000
0.909804
0.960784
1.000000
0.992157
0.980392
0.972549
0.992157
0.996078
1.000000
1.000000
1.000000
1.000000
0.960784
0.968627
1.000000
1.000000
1.000000
1.000000
1.000000
0.937255
0.988235
0.996078
1.000000
0.996078
0.996078
0.909804
0.627451
0.549020
0.556863
0.596078
1.000000
1.000000
0.913725
0.941176
0.901961
0.843137
0.784314
0.760784
0.913725
1.000000
0.996078
0.996078
0.996078
1.000000
0.933333
0.929412
1.000000
0.996078
1.000000
1.000000
1.000000
0.909804
0.976471
0.996078
0.996078
0.996078
0.956863
0.619608
0.278431
0.258824
0.250980
0.411765
1.000000
0.996078
0.921569
0.886275
0.529412
0.368627
0.325490
0.305882
0.576471
0.909804
0.992157
0.988235
0.992157
1.000000
0.925490
0.925490
1.000000
0.996078
1.000000
0.996078
1.000000
0.913725
0.956863
0.988235
0.984314
0.972549
0.709804
0.325490
0.274510
0.270588
0.282353
0.682353
1.000000
1.000000
0.921569
0.925490
0.572549
0.247059
0.243137
0.250980
0.266667
0.549020
0.890196
0.988235
0.988235
0.996078
0.913725
0.925490
1.000000
0.992157
0.996078
0.992157
1.000000
0.913725
0.941176
0.984314
0.976471
0.780392
0.384314
0.282353
0.325490
0.282353
0.450980
0.921569
1.000000
0.996078
0.917647
0.960784
0.882353
0.423529
0.247059
0.309804
0.282353
0.262745
0.529412
0.874510
0.988235
0.976471
0.847059
0.913725
1.000000
0.996078
0.996078
0.992157
0.984314
0.792157
0.772549
0.901961
0.819608
0.435294
0.286275
0.317647
0.325490
0.364706
0.733333
1.000000
1.000000
0.996078
0.913725
0.952941
0.996078
0.749020
0.341176
0.313725
0.313725
0.290196
0.266667
0.513725
0.831373
0.756863
0.537255
0.733333
0.933333
0.866667
0.803922
0.843137
0.800000
0.450980
0.372549
0.552941
0.458824
0.294118
0.329412
0.321569
0.294118
0.564706
0.945098
1.000000
0.996078
0.960784
0.843137
0.905882
0.976471
0.960784
0.615686
0.298039
0.266667
0.329412
0.317647
0.286275
0.431373
0.360784
0.231373
0.411765
0.607843
0.482353
0.384314
0.450980
0.435294
0.317647
0.254902
0.266667
0.282353
0.325490
0.329412
0.298039
0.419608
0.839216
1.000000
1.000000
0.831373
0.654902
0.615686
0.619608
0.694118
0.925490
0.913725
0.529412
0.270588
0.278431
0.341176
0.329412
0.282353
0.286275
0.254902
0.372549
0.294118
0.329412
0.341176
0.282353
0.290196
0.376471
0.309804
0.333333
0.337255
0.380392
0.286275
0.400000
0.768627
0.988235
0.996078
1.000000
0.529412
0.309804
0.435294
0.356863
0.352941
0.772549
1.000000
0.886275
0.560784
0.294118
0.278431
0.396078
0.356863
0.356863
0.294118
0.364706
0.274510
0.360784
0.411765
0.305882
0.266667
0.317647
0.341176
0.388235
0.356863
0.380392
0.368627
0.725490
0.972549
0.992157
0.996078
1.000000
0.478431
0.392157
0.494118
0.431373
0.411765
0.698039
1.000000
0.988235
0.921569
0.619608
0.341176
0.337255
0.345098
0.364706
0.305882
0.309804
0.243137
0.270588
0.329412
0.254902
0.243137
0.333333
0.329412
0.345098
0.301961
0.376471
0.690196
0.968627
0.992157
0.996078
1.000000
1.000000
0.509804
0.439216
0.486275
0.458824
0.439216
0.674510
1.000000
0.992157
1.000000
0.945098
0.682353
0.368627
0.270588
0.325490
0.345098
0.356863
0.247059
0.254902
0.290196
0.250980
0.247059
0.341176
0.341176
0.313725
0.345098
0.662745
0.952941
1.000000
0.996078
1.000000
1.000000
1.000000
0.439216
0.376471
0.294118
0.360784
0.376471
0.607843
1.000000
0.996078
0.996078
0.992157
0.964706
0.741176
0.403922
0.301961
0.380392
0.345098
0.301961
0.262745
0.270588
0.262745
0.282353
0.309804
0.337255
0.341176
0.623529
0.945098
0.988235
0.996078
1.000000
1.000000
1.000000
1.000000
0.313725
0.227451
0.152941
0.223529
0.235294
0.560784
1.000000
0.996078
1.000000
0.992157
0.992157
0.976471
0.780392
0.427451
0.325490
0.321569
0.349020
0.278431
0.250980
0.266667
0.309804
0.298039
0.309804
0.541176
0.905882
0.996078
0.988235
0.996078
1.000000
1.000000
1.000000
1.000000
0.274510
0.188235
0.227451
0.215686
0.152941
0.572549
1.000000
0.992157
1.000000
0.996078
0.988235
0.992157
0.988235
0.780392
0.415686
0.317647
0.400000
0.278431
0.235294
0.250980
0.329412
0.317647
0.447059
0.847059
0.996078
0.992157
0.996078
0.996078
1.000000
1.000000
1.000000
1.000000
0.403922
0.219608
0.282353
0.243137
0.223529
0.705882
1.000000
0.988235
0.996078
0.992157
0.992157
0.996078
1.000000
0.980392
0.764706
0.419608
0.352941
0.266667
0.215686
0.243137
0.298039
0.396078
0.760784
0.988235
0.996078
1.000000
1.000000
1.000000
1.000000
1.000000
1.000000
1.000000
0.764706
0.556863
0.611765
0.588235
0.627451
0.913725
1.000000
0.992157
0.996078
0.992157
0.992157
0.996078
1.000000
0.996078
0.976471
0.760784
0.400000
0.227451
0.254902
0.305882
0.294118
0.674510
0.964706
0.996078
1.000000
1.000000
1.000000
1.000000
1.000000
1.000000
1.000000
1.000000
0.976471
0.917647
0.937255
0.929412
0.941176
0.992157
0.996078
0.984314
0.901961
0.843137
0.960784
1.000000
1.000000
0.996078
0.992157
0.964706
0.756863
0.349020
0.294118
0.376471
0.545098
0.933333
0.992157
0.992157
1.000000
1.000000
1.000000
1.000000
1.000000
1.000000
1.000000
1.000000
0.949020
0.933333
0.964706
0.988235
0.984314
0.988235
0.929412
0.690196
0.486275
0.458824
0.858824
1.000000
0.992157
0.996078
0.996078
0.992157
0.976471
0.752941
0.376471
0.482353
0.870588
0.996078
0.996078
0.996078
1.000000
1.000000
1.000000
1.000000
1.000000
1.000000
1.000000
1.000000
0.780392
0.705882
0.721569
0.831373
0.972549
0.996078
0.682353
0.215686
0.294118
0.356863
0.768627
1.000000
0.988235
0.992157
1.000000
0.996078
1.000000
0.972549
0.764706
0.803922
0.988235
0.996078
1.000000
1.000000
1.000000
1.000000
1.000000
1.000000
1.000000
1.000000
1.000000
1.000000
0.678431
0.580392
0.537255
0.596078
0.941176
1.000000
0.607843
0.070588
0.274510
0.376471
0.666667
1.000000
0.988235
0.992157
1.000000
1.000000
1.000000
0.992157
0.968627
0.972549
0.992157
0.996078
1.000000
1.000000
1.000000
1.000000
1.000000
1.000000
1.000000
1.000000
1.000000
1.000000
0.690196
0.607843
0.541176
0.454902
0.839216
1.000000
0.670588
0.070588
0.231373
0.356863
0.352941
0.607843
0.913725
1.000000
1.000000
1.000000
1.000000
0.984314
0.984314
0.988235
0.992157
0.996078
1.000000
1.000000
1.000000
1.000000
1.000000
1.000000
1.000000
1.000000
1.000000
1.000000
0.733333
0.682353
0.658824
0.576471
0.560784
0.917647
0.756863
0.145098
0.223529
0.415686
0.286275
0.286275
0.792157
1.000000
0.992157
1.000000
1.000000
0.996078
0.996078
0.996078
0.996078
1.000000
1.000000
1.000000
1.000000
1.000000
1.000000
1.000000
1.000000
1.000000
1.000000
1.000000
0.737255
0.698039
0.701961
0.658824
0.321569
0.760784
0.933333
0.709804
0.694118
0.690196
0.603922
0.521569
0.886275
1.000000
0.992157
0.996078
1.000000
1.000000
1.000000
1.000000
1.000000
1.000000
1.000000
1.000000
1.000000
1.000000
1.000000
1.000000
1.000000
1.000000
1.000000
1.000000
0.784314
0.713725
0.698039
0.752941
0.490196
0.788235
1.000000
0.972549
0.941176
0.909804
0.831373
0.745098
0.890196
0.909804
0.968627
1.000000
1.000000
1.000000
1.000000
1.000000
1.000000
1.000000
1.000000
1.000000
1.000000
1.000000
1.000000
1.000000
1.000000
1.000000
1.000000
1.000000
0.960784
0.921569
0.905882
0.937255
0.913725
0.960784
0.992157
0.988235
0.972549
0.976471
0.972549
0.890196
0.764706
0.780392
0.952941
1.000000
1.000000
1.000000
1.000000
1.000000
1.000000
1.000000
1.000000
1.000000
1.000000
1.000000
1.000000
1.000000
1.000000
1.000000
1.000000
1.000000
1.000000
0.996078
0.996078
0.996078
0.992157
0.992157
0.996078
0.996078
0.992157
0.992157
0.996078
0.992157
0.960784
0.933333
0.988235
1.000000
1.000000
1.000000
1.000000
1.000000
1.000000
1.000000
1.000000
1.000000
1.000000
1.000000
1.000000
1.000000
1.000000
1.000000
1.000000
1.000000
1.000000
0.996078
1.000000
1.000000
0.996078
1.000000
1.000000
1.000000
1.000000
1.000000
1.000000
1.000000
1.000000
1.000000
1.000000
1.000000
1.000000
1.000000
1.000000
1.000000
1.000000
1.000000
1.000000
1.000000
1.000000
1.000000
1.000000
1.000000
1.000000
1.000000
1.000000
1.000000
1.000000
0.992157
0.976471
0.988235
0.996078
0.996078
0.996078
0.996078
0.996078
0.996078
0.996078
0.996078
0.996078
0.996078
0.996078
0.996078
0.996078
0.996078
0.996078
0.996078
0.996078
0.996078
0.996078
0.996078
0.996078
0.996078
0.996078
0.996078
0.996078
0.996078
0.996078
1.000000
1.000000
1.000000
0.933333
0.968627
1.000000
1.000000
1.000000
1.000000
1.000000
1.000000
1.000000
1.000000
1.000000
1.000000
1.000000
1.000000
1.000000
1.000000
1.000000
1.000000
1.000000
1.000000
1.000000
1.000000
1.000000
1.000000
1.000000
1.000000
1.000000
1.000000
1.000000
1.000000
1.000000
0.996078
0.909804
0.956863
1.000000
0.996078
0.996078
0.996078
0.996078
0.996078
1.000000
1.000000
1.000000
0.996078
0.996078
0.996078
1.000000
1.000000
1.000000
1.000000
1.000000
0.996078
0.996078
0.996078
1.000000
0.996078
0.996078
0.996078
0.996078
0.996078
0.996078
1.000000
1.000000
1.000000
0.909804
0.960784
1.000000
0.996078
0.996078
0.992157
0.992157
1.000000
1.000000
1.000000
1.000000
0.996078
0.992157
0.996078
1.000000
1.000000
1.000000
1.000000
1.000000
0.996078
0.992157
0.996078
1.000000
0.996078
0.992157
0.992157
0.996078
0.996078
0.996078
1.000000
1.000000
1.000000
0.909804
0.960784
1.000000
0.992157
0.992157
0.988235
0.992157
0.996078
1.000000
1.000000
1.000000
0.996078
0.988235
0.992157
1.000000
1.000000
1.000000
1.000000
1.000000
0.984314
0.992157
0.996078
1.000000
0.996078
0.988235
0.984314
0.945098
0.929412
0.937255
0.945098
1.000000
1.000000
0.909804
0.960784
1.000000
0.992157
0.980392
0.972549
0.992157
0.996078
1.000000
1.000000
1.000000
1.000000
0.960784
0.968627
1.000000
1.000000
1.000000
1.000000
1.000000
0.937255
0.988235
0.996078
1.000000
0.996078
0.996078
0.913725
0.627451
0.549020
0.556863
0.596078
1.000000
1.000000
0.913725
0.941176
0.905882
0.847059
0.792157
0.768627
0.917647
1.000000
0.996078
0.996078
0.996078
1.000000
0.933333
0.929412
1.000000
0.996078
1.000000
1.000000
1.000000
0.909804
0.976471
1.000000
0.996078
1.000000
0.960784
0.623529
0.282353
0.266667
0.254902
0.415686
1.000000
0.996078
0.921569
0.886275
0.541176
0.388235
0.349020
0.333333
0.600000
0.917647
0.992157
0.988235
0.992157
1.000000
0.925490
0.925490
1.000000
0.996078
1.000000
0.996078
1.000000
0.913725
0.952941
0.992157
0.996078
0.980392
0.717647
0.341176
0.290196
0.286275
0.298039
0.690196
1.000000
1.000000
0.921569
0.929412
0.588235
0.270588
0.274510
0.286275
0.294118
0.564706
0.894118
0.988235
0.988235
0.996078
0.913725
0.925490
1.000000
0.992157
0.996078
0.992157
1.000000
0.913725
0.941176
0.988235
0.984314
0.792157
0.396078
0.298039
0.345098
0.305882
0.470588
0.929412
1.000000
0.996078
0.917647
0.964706
0.890196
0.443137
0.274510
0.337255
0.309804
0.282353
0.537255
0.878431
0.988235
0.976471
0.847059
0.917647
1.000000
1.000000
0.996078
0.992157
0.988235
0.796078
0.776471
0.909804
0.831373
0.447059
0.301961
0.333333
0.345098
0.380392
0.749020
1.000000
1.000000
0.996078
0.909804
0.952941
1.000000
0.764706
0.360784
0.337255
0.337255
0.309804
0.282353
0.521569
0.835294
0.760784
0.545098
0.741176
0.937255
0.870588
0.807843
0.847059
0.803922
0.458824
0.376471
0.564706
0.478431
0.313725
0.349020
0.337255
0.305882
0.572549
0.949020
1.000000
0.996078
0.960784
0.843137
0.901961
0.972549
0.964706
0.631373
0.317647
0.282353
0.352941
0.341176
0.301961
0.439216
0.372549
0.239216
0.423529
0.619608
0.494118
0.396078
0.458824
0.447059
0.329412
0.266667
0.286275
0.301961
0.345098
0.352941
0.309804
0.427451
0.843137
1.000000
1.000000
0.831373
0.654902
0.615686
0.611765
0.686275
0.929412
0.921569
0.537255
0.282353
0.301961
0.368627
0.352941
0.298039
0.301961
0.270588
0.392157
0.313725
0.345098
0.356863
0.301961
0.305882
0.392157
0.329412
0.352941
0.360784
0.403922
0.309804
0.415686
0.768627
0.988235
0.996078
1.000000
0.529412
0.309804
0.435294
0.345098
0.345098
0.772549
1.000000
0.890196
0.568627
0.317647
0.309804
0.423529
0.376471
0.380392
0.313725
0.388235
0.294118
0.380392
0.431373
0.325490
0.286275
0.337255
0.360784
0.411765
0.384314
0.407843
0.396078
0.737255
0.972549
0.992157
0.996078
1.000000
0.478431
0.396078
0.494118
0.419608
0.403922
0.701961
1.000000
0.988235
0.925490
0.631373
0.364706
0.356863
0.368627
0.388235
0.329412
0.337255
0.270588
0.298039
0.352941
0.274510
0.262745
0.352941
0.349020
0.364706
0.317647
0.396078
0.705882
0.972549
0.992157
0.996078
1.000000
1.000000
0.513725
0.443137
0.486275
0.450980
0.435294
0.678431
1.000000
0.992157
1.000000
0.949020
0.686275
0.376471
0.286275
0.349020
0.376471
0.388235
0.282353
0.290196
0.313725
0.266667
0.262745
0.356863
0.356863
0.325490
0.349020
0.666667
0.956863
1.000000
1.000000
1.000000
1.000000
1.000000
0.443137
0.380392
0.294118
0.352941
0.372549
0.611765
1.000000
0.996078
0.996078
0.992157
0.964706
0.745098
0.415686
0.321569
0.407843
0.376471
0.329412
0.286275
0.282353
0.274510
0.301961
0.325490
0.349020
0.345098
0.623529
0.945098
0.988235
0.996078
1.000000
1.000000
1.000000
1.000000
0.317647
0.231373
0.152941
0.215686
0.231373
0.564706
1.000000
0.996078
1.000000
0.992157
0.992157
0.976471
0.784314
0.447059
0.352941
0.352941
0.368627
0.286275
0.254902
0.278431
0.329412
0.313725
0.317647
0.545098
0.905882
0.996078
0.988235
0.996078
1.000000
1.000000
1.000000
1.000000
0.274510
0.188235
0.223529
0.207843
0.149020
0.572549
1.000000
0.996078
1.000000
0.996078
0.992157
0.988235
0.988235
0.788235
0.435294
0.345098
0.411765
0.274510
0.243137
0.274510
0.352941
0.337255
0.454902
0.847059
0.996078
0.992157
0.996078
0.996078
1.000000
1.000000
1.000000
1.000000
0.403922
0.219608
0.278431
0.231373
0.215686
0.705882
1.000000
0.992157
0.996078
0.992157
0.992157
0.992157
0.996078
0.984314
0.776471
0.439216
0.356863
0.258824
0.247059
0.282353
0.325490
0.411765
0.764706
0.984314
1.000000
1.000000
1.000000
1.000000
1.000000
1.000000
1.000000
1.000000
0.760784
0.556863
0.607843
0.576471
0.619608
0.913725
1.000000
0.992157
0.996078
0.992157
0.992157
0.988235
0.992157
0.996078
0.980392
0.776471
0.400000
0.231373
0.317647
0.368627
0.321569
0.686275
0.960784
0.992157
1.000000
1.000000
1.000000
1.000000
1.000000
1.000000
1.000000
1.000000
0.972549
0.909804
0.929412
0.917647
0.933333
0.988235
0.996078
0.984314
0.905882
0.843137
0.964706
0.992157
0.988235
0.992157
0.996078
0.976471
0.756863
0.360784
0.380392
0.454902
0.568627
0.941176
0.988235
0.988235
1.000000
1.000000
1.000000
1.000000
1.000000
1.000000
1.000000
1.000000
0.905882
0.886275
0.917647
0.949020
0.988235
0.992157
0.929412
0.698039
0.498039
0.474510
0.862745
1.000000
0.988235
0.996078
1.000000
0.996078
0.980392
0.760784
0.427451
0.525490
0.882353
1.000000
0.992157
0.996078
1.000000
1.000000
1.000000
1.000000
1.000000
1.000000
1.000000
1.000000
0.639216
0.537255
0.576471
0.745098
0.980392
1.000000
0.682353
0.227451
0.309804
0.372549
0.780392
1.000000
0.988235
0.992157
1.000000
1.000000
1.000000
0.976471
0.772549
0.811765
0.992157
0.996078
1.000000
1.000000
1.000000
1.000000
1.000000
1.000000
1.000000
1.000000
1.000000
1.000000
0.474510
0.309804
0.305882
0.466667
0.937255
1.000000
0.607843
0.082353
0.290196
0.392157
0.674510
1.000000
0.988235
0.992157
1.000000
1.000000
1.000000
0.992157
0.968627
0.972549
0.992157
0.996078
1.000000
1.000000
1.000000
1.000000
1.000000
1.000000
1.000000
1.000000
1.000000
1.000000
0.490196
0.305882
0.282353
0.301961
0.823529
1.000000
0.670588
0.082353
0.239216
0.368627
0.356863
0.607843
0.913725
1.000000
1.000000
1.000000
1.000000
0.984314
0.984314
0.988235
0.992157
0.996078
1.000000
1.000000
1.000000
1.000000
1.000000
1.000000
1.000000
1.000000
1.000000
1.000000
0.533333
0.372549
0.388235
0.411765
0.537255
0.913725
0.756863
0.152941
0.227451
0.423529
0.286275
0.286275
0.792157
1.000000
0.992157
1.000000
1.000000
0.996078
0.996078
0.996078
0.996078
1.000000
1.000000
1.000000
1.000000
1.000000
1.000000
1.000000
1.000000
1.000000
1.000000
1.000000
0.505882
0.376471
0.396078
0.490196
0.309804
0.760784
0.933333
0.713725
0.694118
0.690196
0.600000
0.517647
0.886275
1.000000
0.992157
0.996078
1.000000
1.000000
1.000000
1.000000
1.000000
1.000000
1.000000
1.000000
1.000000
1.000000
1.000000
1.000000
1.000000
1.000000
1.000000
1.000000
0.592157
0.478431
0.447059
0.611765
0.498039
0.796078
1.000000
0.972549
0.937255
0.909804
0.823529
0.745098
0.890196
0.905882
0.968627
1.000000
1.000000
1.000000
1.000000
1.000000
1.000000
1.000000
1.000000
1.000000
1.000000
1.000000
1.000000
1.000000
1.000000
1.000000
1.000000
1.000000
0.909804
0.866667
0.811765
0.862745
0.929412
0.968627
0.988235
0.980392
0.964706
0.972549
0.960784
0.886275
0.764706
0.780392
0.952941
1.000000
1.000000
1.000000
1.000000
1.000000
1.000000
1.000000
1.000000
1.000000
1.000000
1.000000
1.000000
1.000000
1.000000
1.000000
1.000000
1.000000
1.000000
0.992157
0.984314
0.976471
0.996078
0.996078
0.996078
0.992157
0.988235
0.988235
0.992157
0.992157
0.960784
0.933333
0.988235
1.000000
1.000000
1.000000
1.000000
1.000000
1.000000
1.000000
1.000000
1.000000
1.000000
1.000000
1.000000
1.000000
1.000000
1.000000
1.000000
1.000000
1.000000
0.996078
0.996078
1.000000
0.996078
1.000000
1.000000
1.000000
1.000000
1.000000
1.000000
1.000000
1.000000
1.000000
1.000000
1.000000
1.000000
1.000000
1.000000
1.000000
1.000000
1.000000
1.000000
1.000000
1.000000
1.000000
1.000000
1.000000
1.000000
1.000000
1.000000
1.000000
