0.003922
0.000000
0.000000
0.000000
0.000000
0.000000
0.000000
0.003922
0.003922
0.000000
0.000000
0.000000
0.000000
0.000000
0.000000
0.000000
0.000000
0.000000
0.000000
0.000000
0.000000
0.000000
0.000000
0.000000
0.000000
0.003922
0.003922
0.000000
0.000000
0.000000
0.000000
0.000000
0.003922
0.000000
0.000000
0.000000
0.000000
0.000000
0.000000
0.000000
0.000000
0.000000
0.000000
0.000000
0.000000
0.000000
0.000000
0.000000
0.000000
0.000000
0.000000
0.000000
0.000000
0.000000
0.000000
0.000000
0.000000
0.000000
0.000000
0.000000
0.000000
0.000000
0.000000
0.000000
0.003922
0.003922
0.000000
0.000000
0.000000
0.000000
0.000000
0.000000
0.000000
0.000000
0.000000
0.000000
0.000000
0.000000
0.000000
0.000000
0.000000
0.000000
0.000000
0.000000
0.000000
0.000000
0.000000
0.000000
0.000000
0.000000
0.000000
0.000000
0.000000
0.000000
0.000000
0.000000
0.000000
0.000000
0.000000
0.000000
0.000000
0.000000
0.000000
0.000000
0.000000
0.000000
0.000000
0.000000
0.000000
0.000000
0.000000
0.000000
0.000000
0.000000
0.000000
0.000000
0.000000
0.000000
0.000000
0.000000
0.000000
0.000000
0.000000
0.000000
0.000000
0.000000
0.000000
0.000000
0.000000
0.000000
0.000000
0.000000
0.000000
0.000000
0.000000
0.000000
0.000000
0.000000
0.000000
0.000000
0.000000
0.000000
0.000000
0.000000
0.000000
0.000000
0.000000
0.000000
0.000000
0.000000
0.000000
0.000000
0.000000
0.000000
0.000000
0.000000
0.000000
0.000000
0.000000
0.000000
0.000000
0.000000
0.000000
0.000000
0.000000
0.000000
0.000000
0.000000
0.000000
0.003922
0.000000
0.000000
0.000000
0.000000
0.000000
0.000000
0.000000
0.003922
0.000000
0.003922
0.000000
0.000000
0.000000
0.000000
0.000000
0.000000
0.000000
0.000000
0.000000
0.000000
0.000000
0.000000
0.000000
0.000000
0.000000
0.000000
0.000000
0.000000
0.000000
0.000000
0.000000
0.000000
0.015686
0.039216
0.003922
0.003922
0.003922
0.000000
0.000000
0.007843
0.031373
0.003922
0.000000
0.000000
0.000000
0.000000
0.000000
0.000000
0.000000
0.000000
0.000000
0.000000
0.000000
0.000000
0.000000
0.000000
0.000000
0.000000
0.000000
0.000000
0.000000
0.000000
0.003922
0.000000
0.066667
0.235294
0.109804
0.000000
0.007843
0.003922
0.000000
0.062745
0.203922
0.070588
0.000000
0.003922
0.000000
0.000000
0.000000
0.000000
0.000000
0.000000
0.000000
0.000000
0.000000
0.000000
0.000000
0.000000
0.000000
0.000000
0.000000
0.000000
0.000000
0.003922
0.003922
0.000000
0.086275
0.352941
0.305882
0.070588
0.113725
0.152941
0.082353
0.207843
0.356863
0.176471
0.000000
0.003922
0.000000
0.000000
0.000000
0.000000
0.000000
0.000000
0.000000
0.000000
0.000000
0.000000
0.000000
0.000000
0.000000
0.000000
0.000000
0.000000
0.000000
0.003922
0.007843
0.000000
0.074510
0.317647
0.423529
0.247059
0.152941
0.172549
0.133333
0.349020
0.486275
0.247059
0.027451
0.007843
0.000000
0.000000
0.000000
0.000000
0.000000
0.000000
0.000000
0.000000
0.000000
0.000000
0.000000
0.000000
0.000000
0.000000
0.000000
0.000000
0.000000
0.000000
0.007843
0.007843
0.035294
0.227451
0.407843
0.313725
0.235294
0.227451
0.172549
0.392157
0.556863
0.274510
0.105882
0.027451
0.000000
0.000000
0.000000
0.000000
0.000000
0.000000
0.000000
0.000000
0.000000
0.000000
0.000000
0.000000
0.000000
0.000000
0.000000
0.000000
0.000000
0.000000
0.007843
0.019608
0.011765
0.149020
0.380392
0.443137
0.454902
0.509804
0.478431
0.466667
0.482353
0.372549
0.250980
0.180392
0.082353
0.050980
0.027451
0.003922
0.000000
0.000000
0.000000
0.000000
0.000000
0.000000
0.007843
0.003922
0.003922
0.003922
0.000000
0.000000
0.003922
0.003922
0.003922
0.019608
0.039216
0.219608
0.533333
0.756863
0.725490
0.611765
0.631373
0.560784
0.454902
0.470588
0.486275
0.364706
0.196078
0.082353
0.078431
0.070588
0.066667
0.062745
0.039216
0.007843
0.003922
0.003922
0.035294
0.019608
0.000000
0.000000
0.000000
0.000000
0.000000
0.003922
0.003922
0.007843
0.145098
0.603922
0.878431
0.980392
0.984314
0.784314
0.654902
0.698039
0.454902
0.450980
0.666667
0.415686
0.258824
0.152941
0.113725
0.086275
0.090196
0.137255
0.149020
0.098039
0.023529
0.000000
0.160784
0.129412
0.094118
0.078431
0.066667
0.054902
0.043137
0.031373
0.015686
0.090196
0.423529
0.807843
0.996078
0.972549
0.835294
0.654902
0.682353
0.607843
0.403922
0.498039
0.686275
0.384314
0.313725
0.262745
0.188235
0.149020
0.133333
0.101961
0.117647
0.196078
0.113725
0.090196
0.713725
0.694118
0.686275
0.658824
0.631373
0.611765
0.588235
0.560784
0.529412
0.552941
0.619608
0.643137
0.949020
0.811765
0.647059
0.717647
0.713725
0.607843
0.447059
0.596078
0.752941
0.419608
0.400000
0.368627
0.270588
0.219608
0.211765
0.160784
0.149020
0.207843
0.168627
0.149020
0.364706
0.384314
0.407843
0.419608
0.431373
0.443137
0.454902
0.474510
0.482353
0.509804
0.537255
0.682353
0.858824
0.627451
0.717647
0.847059
0.678431
0.729412
0.600000
0.596078
0.682353
0.403922
0.431373
0.435294
0.364706
0.305882
0.282353
0.227451
0.196078
0.247059
0.211765
0.152941
0.000000
0.000000
0.000000
0.000000
0.000000
0.000000
0.000000
0.007843
0.003922
0.062745
0.415686
0.858824
0.768627
0.619608
0.772549
0.870588
0.847059
0.776471
0.584314
0.611765
0.533333
0.341176
0.392157
0.435294
0.439216
0.403922
0.396078
0.309804
0.258824
0.301961
0.243137
0.188235
0.007843
0.007843
0.007843
0.007843
0.007843
0.011765
0.011765
0.015686
0.011765
0.058824
0.509804
0.949020
0.780392
0.678431
0.807843
0.811765
0.800000
0.670588
0.568627
0.603922
0.501961
0.305882
0.349020
0.419608
0.458824
0.454902
0.435294
0.356863
0.325490
0.337255
0.266667
0.192157
0.003922
0.003922
0.000000
0.000000
0.003922
0.003922
0.007843
0.023529
0.015686
0.215686
0.662745
0.933333
0.874510
0.760784
0.729412
0.694118
0.690196
0.576471
0.596078
0.443137
0.427451
0.266667
0.345098
0.431373
0.466667
0.466667
0.443137
0.392157
0.368627
0.364706
0.305882
0.219608
0.031373
0.019608
0.011765
0.011765
0.015686
0.023529
0.027451
0.035294
0.031373
0.415686
0.929412
0.972549
0.878431
0.803922
0.678431
0.600000
0.596078
0.635294
0.400000
0.321569
0.290196
0.231373
0.266667
0.415686
0.474510
0.470588
0.447059
0.439216
0.427451
0.400000
0.345098
0.282353
0.043137
0.035294
0.023529
0.023529
0.035294
0.043137
0.047059
0.039216
0.066667
0.596078
0.996078
0.956863
0.870588
0.796078
0.745098
0.674510
0.603922
0.431373
0.266667
0.290196
0.250980
0.247059
0.301961
0.407843
0.505882
0.486275
0.443137
0.486275
0.486275
0.403922
0.364706
0.298039
0.047059
0.039216
0.031373
0.039216
0.035294
0.043137
0.058824
0.035294
0.239216
0.819608
0.992157
0.945098
0.898039
0.858824
0.772549
0.639216
0.470588
0.203922
0.215686
0.517647
0.466667
0.301961
0.368627
0.501961
0.541176
0.501961
0.447059
0.470588
0.501961
0.431373
0.380392
0.301961
0.074510
0.074510
0.086275
0.109804
0.117647
0.141176
0.172549
0.188235
0.560784
0.917647
0.984314
0.956863
0.929412
0.960784
0.800000
0.533333
0.403922
0.384314
0.450980
0.635294
0.635294
0.466667
0.439216
0.513725
0.517647
0.470588
0.403922
0.431373
0.494118
0.427451
0.392157
0.309804
0.517647
0.533333
0.552941
0.580392
0.600000
0.611765
0.615686
0.494118
0.552941
0.878431
0.984314
0.894118
0.890196
0.952941
0.615686
0.415686
0.294118
0.360784
0.474510
0.658824
0.576471
0.286275
0.219608
0.317647
0.423529
0.447059
0.423529
0.439216
0.482353
0.403922
0.368627
0.317647
0.564706
0.521569
0.482353
0.447059
0.407843
0.364706
0.337255
0.450980
0.466667
0.839216
0.886275
0.635294
0.694118
0.803922
0.517647
0.317647
0.133333
0.054902
0.239216
0.650980
0.462745
0.066667
0.090196
0.152941
0.266667
0.368627
0.407843
0.458824
0.482353
0.396078
0.360784
0.325490
0.117647
0.109804
0.105882
0.105882
0.109804
0.109804
0.109804
0.298039
0.439216
0.635294
0.819608
0.600000
0.537255
0.494118
0.419608
0.192157
0.101961
0.074510
0.231373
0.619608
0.427451
0.094118
0.133333
0.117647
0.137255
0.223529
0.333333
0.466667
0.419608
0.309804
0.325490
0.349020
0.152941
0.156863
0.164706
0.164706
0.164706
0.164706
0.164706
0.164706
0.282353
0.431373
0.658824
0.537255
0.274510
0.223529
0.337255
0.184314
0.098039
0.094118
0.270588
0.600000
0.337255
0.090196
0.133333
0.121569
0.117647
0.137255
0.219608
0.407843
0.352941
0.266667
0.305882
0.360784
0.184314
0.184314
0.180392
0.176471
0.172549
0.168627
0.180392
0.192157
0.200000
0.215686
0.278431
0.215686
0.105882
0.243137
0.301961
0.160784
0.086275
0.121569
0.396078
0.611765
0.329412
0.200000
0.278431
0.286275
0.301961
0.313725
0.227451
0.313725
0.305882
0.250980
0.294118
0.368627
0.219608
0.211765
0.211765
0.203922
0.203922
0.200000
0.200000
0.211765
0.219608
0.215686
0.219608
0.239216
0.278431
0.325490
0.270588
0.192157
0.325490
0.431373
0.529412
0.615686
0.537255
0.439216
0.423529
0.380392
0.345098
0.313725
0.227451
0.305882
0.270588
0.266667
0.352941
0.400000
0.301961
0.317647
0.352941
0.372549
0.411765
0.447059
0.474510
0.490196
0.509804
0.509804
0.494118
0.509804
0.521569
0.474510
0.294118
0.172549
0.321569
0.396078
0.545098
0.584314
0.301961
0.211765
0.223529
0.215686
0.211765
0.215686
0.203922
0.270588
0.262745
0.290196
0.439216
0.549020
0.607843
0.611765
0.615686
0.588235
0.560784
0.537255
0.505882
0.466667
0.423529
0.376471
0.345098
0.325490
0.294118
0.274510
0.239216
0.113725
0.160784
0.290196
0.541176
0.545098
0.211765
0.239216
0.270588
0.266667
0.270588
0.262745
0.235294
0.262745
0.258824
0.274510
0.466667
0.596078
0.003922
0.000000
0.000000
0.000000
0.000000
0.000000
0.000000
0.003922
0.003922
0.000000
0.000000
0.000000
0.000000
0.000000
0.000000
0.000000
0.000000
0.000000
0.000000
0.000000
0.000000
0.000000
0.000000
0.000000
0.000000
0.003922
0.003922
0.000000
0.000000
0.000000
0.000000
0.000000
0.003922
0.000000
0.000000
0.000000
0.000000
0.000000
0.000000
0.000000
0.000000
0.000000
0.000000
0.000000
0.000000
0.000000
0.000000
0.000000
0.000000
0.000000
0.000000
0.000000
0.000000
0.000000
0.000000
0.000000
0.000000
0.000000
0.000000
0.000000
0.000000
0.000000
0.000000
0.000000
0.003922
0.003922
0.000000
0.000000
0.000000
0.000000
0.000000
0.000000
0.000000
0.000000
0.000000
0.000000
0.000000
0.000000
0.000000
0.000000
0.000000
0.000000
0.000000
0.000000
0.000000
0.000000
0.000000
0.000000
0.000000
0.000000
0.000000
0.000000
0.000000
0.000000
0.000000
0.000000
0.000000
0.000000
0.000000
0.000000
0.000000
0.000000
0.000000
0.000000
0.000000
0.000000
0.000000
0.000000
0.000000
0.000000
0.000000
0.000000
0.000000
0.000000
0.000000
0.000000
0.000000
0.000000
0.000000
0.000000
0.000000
0.000000
0.000000
0.000000
0.000000
0.000000
0.000000
0.000000
0.000000
0.000000
0.000000
0.000000
0.000000
0.000000
0.000000
0.000000
0.000000
0.000000
0.000000
0.000000
0.000000
0.000000
0.000000
0.000000
0.000000
0.000000
0.000000
0.000000
0.000000
0.000000
0.000000
0.000000
0.000000
0.000000
0.000000
0.000000
0.000000
0.000000
0.000000
0.000000
0.000000
0.000000
0.000000
0.000000
0.000000
0.000000
0.000000
0.000000
0.000000
0.003922
0.000000
0.000000
0.000000
0.000000
0.000000
0.000000
0.000000
0.003922
0.003922
0.003922
0.000000
0.000000
0.000000
0.000000
0.000000
0.000000
0.000000
0.000000
0.000000
0.000000
0.000000
0.000000
0.000000
0.000000
0.000000
0.000000
0.000000
0.000000
0.000000
0.000000
0.000000
0.000000
0.007843
0.019608
0.003922
0.003922
0.007843
0.000000
0.000000
0.003922
0.007843
0.003922
0.000000
0.000000
0.000000
0.000000
0.000000
0.000000
0.000000
0.000000
0.000000
0.000000
0.000000
0.000000
0.000000
0.000000
0.000000
0.000000
0.000000
0.000000
0.000000
0.000000
0.003922
0.000000
0.047059
0.160784
0.070588
0.003922
0.003922
0.000000
0.000000
0.039216
0.133333
0.047059
0.000000
0.003922
0.000000
0.000000
0.000000
0.000000
0.000000
0.000000
0.000000
0.000000
0.000000
0.000000
0.000000
0.000000
0.000000
0.000000
0.000000
0.000000
0.000000
0.003922
0.003922
0.000000
0.066667
0.243137
0.200000
0.054902
0.101961
0.141176
0.066667
0.141176
0.247059
0.121569
0.000000
0.003922
0.000000
0.000000
0.000000
0.000000
0.000000
0.000000
0.000000
0.000000
0.000000
0.000000
0.000000
0.000000
0.000000
0.000000
0.000000
0.000000
0.000000
0.003922
0.003922
0.003922
0.050980
0.207843
0.278431
0.156863
0.129412
0.160784
0.117647
0.235294
0.337255
0.176471
0.019608
0.003922
0.000000
0.000000
0.000000
0.000000
0.000000
0.000000
0.000000
0.000000
0.000000
0.000000
0.000000
0.000000
0.000000
0.000000
0.000000
0.000000
0.000000
0.000000
0.007843
0.007843
0.015686
0.121569
0.290196
0.247059
0.168627
0.176471
0.133333
0.266667
0.376471
0.176471
0.074510
0.027451
0.007843
0.000000
0.000000
0.000000
0.000000
0.000000
0.000000
0.000000
0.000000
0.000000
0.000000
0.000000
0.000000
0.000000
0.000000
0.000000
0.000000
0.000000
0.007843
0.011765
0.007843
0.094118
0.290196
0.325490
0.317647
0.368627
0.360784
0.345098
0.309804
0.231373
0.164706
0.133333
0.066667
0.054902
0.027451
0.003922
0.000000
0.000000
0.000000
0.000000
0.000000
0.000000
0.003922
0.003922
0.000000
0.000000
0.000000
0.000000
0.003922
0.003922
0.003922
0.019608
0.023529
0.121569
0.400000
0.662745
0.635294
0.466667
0.486275
0.443137
0.321569
0.321569
0.345098
0.262745
0.137255
0.082353
0.070588
0.054902
0.054902
0.058824
0.039216
0.007843
0.003922
0.003922
0.019608
0.007843
0.000000
0.000000
0.000000
0.000000
0.000000
0.000000
0.003922
0.003922
0.078431
0.513725
0.839216
0.988235
0.992157
0.701961
0.505882
0.552941
0.337255
0.313725
0.494118
0.290196
0.184314
0.129412
0.094118
0.070588
0.078431
0.117647
0.129412
0.082353
0.023529
0.000000
0.105882
0.090196
0.066667
0.050980
0.043137
0.035294
0.027451
0.019608
0.007843
0.058824
0.286275
0.725490
1.000000
0.972549
0.780392
0.525490
0.533333
0.470588
0.278431
0.356863
0.505882
0.278431
0.258824
0.235294
0.176471
0.133333
0.121569
0.086275
0.098039
0.180392
0.098039
0.058824
0.482353
0.470588
0.454902
0.431373
0.419608
0.403922
0.388235
0.368627
0.341176
0.384314
0.423529
0.521569
0.933333
0.733333
0.478431
0.552941
0.615686
0.545098
0.325490
0.423529
0.564706
0.313725
0.345098
0.341176
0.262745
0.207843
0.196078
0.145098
0.133333
0.192157
0.149020
0.117647
0.239216
0.247059
0.254902
0.266667
0.286275
0.294118
0.305882
0.313725
0.317647
0.341176
0.345098
0.568627
0.819608
0.490196
0.541176
0.694118
0.592157
0.654902
0.450980
0.427451
0.525490
0.313725
0.380392
0.407843
0.352941
0.294118
0.270588
0.223529
0.196078
0.243137
0.200000
0.141176
0.000000
0.000000
0.000000
0.000000
0.000000
0.000000
0.000000
0.003922
0.000000
0.031373
0.278431
0.788235
0.705882
0.482353
0.619608
0.705882
0.670588
0.607843
0.403922
0.427451
0.400000
0.262745
0.329412
0.392157
0.407843
0.368627
0.360784
0.286275
0.243137
0.286275
0.227451
0.176471
0.003922
0.003922
0.003922
0.003922
0.003922
0.007843
0.007843
0.007843
0.003922
0.019608
0.356863
0.905882
0.733333
0.529412
0.635294
0.627451
0.619608
0.509804
0.376471
0.415686
0.349020
0.207843
0.270588
0.356863
0.411765
0.407843
0.392157
0.321569
0.290196
0.321569
0.247059
0.188235
0.003922
0.003922
0.000000
0.000000
0.003922
0.003922
0.003922
0.003922
0.003922
0.117647
0.458824
0.784314
0.705882
0.568627
0.556863
0.529412
0.521569
0.384314
0.411765
0.278431
0.266667
0.156863
0.250980
0.349020
0.403922
0.411765
0.388235
0.341176
0.313725
0.337255
0.286275
0.219608
0.011765
0.003922
0.000000
0.000000
0.000000
0.003922
0.007843
0.019608
0.007843
0.317647
0.866667
0.933333
0.666667
0.545098
0.458824
0.439216
0.392157
0.411765
0.243137
0.149020
0.145098
0.125490
0.160784
0.309804
0.400000
0.392157
0.376471
0.376471
0.360784
0.349020
0.305882
0.270588
0.011765
0.007843
0.007843
0.007843
0.007843
0.011765
0.019608
0.027451
0.027451
0.486275
0.988235
0.929412
0.670588
0.596078
0.529412
0.486275
0.407843
0.254902
0.129412
0.141176
0.156863
0.156863
0.180392
0.274510
0.407843
0.380392
0.352941
0.419608
0.423529
0.349020
0.313725
0.282353
0.015686
0.011765
0.015686
0.011765
0.011765
0.011765
0.019608
0.015686
0.149020
0.698039
1.000000
0.882353
0.698039
0.682353
0.600000
0.478431
0.333333
0.113725
0.101961
0.305882
0.305882
0.192157
0.247059
0.380392
0.439216
0.388235
0.341176
0.380392
0.439216
0.372549
0.329412
0.270588
0.023529
0.027451
0.039216
0.039216
0.054902
0.074510
0.086275
0.113725
0.392157
0.788235
1.000000
0.901961
0.752941
0.796078
0.623529
0.368627
0.262745
0.231373
0.274510
0.396078
0.396078
0.305882
0.329412
0.411765
0.415686
0.364706
0.294118
0.317647
0.415686
0.352941
0.333333
0.243137
0.321569
0.337255
0.345098
0.360784
0.380392
0.388235
0.396078
0.349020
0.396078
0.784314
0.988235
0.839216
0.737255
0.784314
0.443137
0.254902
0.196078
0.215686
0.282353
0.419608
0.349020
0.168627
0.145098
0.227451
0.317647
0.349020
0.325490
0.325490
0.380392
0.298039
0.290196
0.207843
0.360784
0.333333
0.313725
0.278431
0.243137
0.223529
0.211765
0.356863
0.400000
0.803922
0.866667
0.572549
0.592157
0.670588
0.392157
0.235294
0.117647
0.027451
0.121569
0.400000
0.270588
0.027451
0.023529
0.078431
0.188235
0.282353
0.321569
0.364706
0.372549
0.270588
0.243137
0.180392
0.047059
0.043137
0.043137
0.043137
0.031373
0.035294
0.043137
0.223529
0.376471
0.603922
0.784314
0.537255
0.454902
0.400000
0.341176
0.176471
0.109804
0.039216
0.117647
0.364706
0.247059
0.047059
0.050980
0.043137
0.066667
0.141176
0.247059
0.364706
0.309804
0.188235
0.192157
0.192157
0.070588
0.074510
0.074510
0.074510
0.074510
0.078431
0.074510
0.066667
0.184314
0.352941
0.596078
0.478431
0.235294
0.168627
0.266667
0.172549
0.101961
0.035294
0.133333
0.352941
0.203922
0.039216
0.058824
0.054902
0.047059
0.066667
0.152941
0.317647
0.243137
0.141176
0.164706
0.207843
0.078431
0.086275
0.086275
0.082353
0.082353
0.078431
0.082353
0.074510
0.078431
0.125490
0.207843
0.152941
0.047059
0.160784
0.254902
0.164706
0.082353
0.047059
0.207843
0.372549
0.200000
0.109804
0.152941
0.152941
0.164706
0.168627
0.129412
0.239216
0.196078
0.125490
0.160784
0.223529
0.101961
0.098039
0.101961
0.094118
0.090196
0.086275
0.082353
0.082353
0.086275
0.094118
0.098039
0.121569
0.152941
0.200000
0.215686
0.176471
0.215686
0.254902
0.309804
0.360784
0.309804
0.247059
0.239216
0.203922
0.184314
0.164706
0.117647
0.223529
0.160784
0.137255
0.203922
0.250980
0.156863
0.168627
0.192157
0.207843
0.227451
0.254902
0.278431
0.286275
0.305882
0.305882
0.294118
0.305882
0.313725
0.290196
0.219608
0.156863
0.188235
0.211765
0.321569
0.345098
0.160784
0.090196
0.090196
0.090196
0.098039
0.101961
0.101961
0.188235
0.156863
0.156863
0.290196
0.431373
0.380392
0.380392
0.384314
0.376471
0.356863
0.329412
0.298039
0.270588
0.247059
0.215686
0.184314
0.164706
0.141176
0.121569
0.149020
0.113725
0.078431
0.137255
0.309804
0.309804
0.105882
0.113725
0.125490
0.121569
0.121569
0.125490
0.121569
0.188235
0.180392
0.149020
0.345098
0.490196
0.003922
0.000000
0.000000
0.000000
0.000000
0.000000
0.000000
0.003922
0.003922
0.000000
0.000000
0.000000
0.000000
0.000000
0.000000
0.000000
0.000000
0.000000
0.000000
0.000000
0.000000
0.000000
0.000000
0.000000
0.000000
0.003922
0.003922
0.000000
0.000000
0.000000
0.000000
0.000000
0.003922
0.000000
0.000000
0.000000
0.000000
0.000000
0.000000
0.000000
0.000000
0.000000
0.000000
0.000000
0.000000
0.000000
0.000000
0.000000
0.000000
0.000000
0.000000
0.000000
0.000000
0.000000
0.000000
0.000000
0.000000
0.000000
0.000000
0.000000
0.000000
0.000000
0.000000
0.000000
0.003922
0.003922
0.000000
0.000000
0.000000
0.000000
0.000000
0.000000
0.000000
0.000000
0.000000
0.000000
0.000000
0.000000
0.000000
0.000000
0.000000
0.000000
0.000000
0.000000
0.000000
0.000000
0.000000
0.000000
0.000000
0.000000
0.000000
0.000000
0.000000
0.000000
0.000000
0.000000
0.000000
0.000000
0.000000
0.000000
0.000000
0.000000
0.000000
0.000000
0.000000
0.000000
0.000000
0.000000
0.000000
0.000000
0.000000
0.000000
0.000000
0.000000
0.000000
0.000000
0.000000
0.000000
0.000000
0.000000
0.000000
0.000000
0.000000
0.000000
0.000000
0.000000
0.000000
0.000000
0.000000
0.000000
0.000000
0.000000
0.000000
0.000000
0.000000
0.000000
0.000000
0.000000
0.000000
0.000000
0.000000
0.000000
0.000000
0.000000
0.000000
0.000000
0.000000
0.000000
0.000000
0.000000
0.000000
0.000000
0.000000
0.000000
0.000000
0.000000
0.000000
0.000000
0.000000
0.000000
0.000000
0.000000
0.000000
0.000000
0.000000
0.000000
0.000000
0.000000
0.000000
0.000000
0.000000
0.000000
0.000000
0.000000
0.000000
0.000000
0.000000
0.003922
0.011765
0.003922
0.000000
0.000000
0.000000
0.000000
0.000000
0.000000
0.000000
0.000000
0.000000
0.000000
0.000000
0.000000
0.000000
0.000000
0.000000
0.000000
0.000000
0.000000
0.000000
0.000000
0.000000
0.007843
0.015686
0.015686
0.003922
0.003922
0.003922
0.000000
0.000000
0.003922
0.011765
0.003922
0.000000
0.000000
0.000000
0.000000
0.000000
0.000000
0.000000
0.000000
0.000000
0.000000
0.000000
0.000000
0.000000
0.000000
0.000000
0.000000
0.000000
0.000000
0.000000
0.000000
0.000000
0.003922
0.035294
0.098039
0.039216
0.011765
0.007843
0.000000
0.000000
0.027451
0.094118
0.031373
0.000000
0.003922
0.000000
0.000000
0.000000
0.000000
0.000000
0.000000
0.000000
0.000000
0.000000
0.000000
0.000000
0.000000
0.000000
0.000000
0.000000
0.000000
0.000000
0.003922
0.003922
0.000000
0.047059
0.152941
0.117647
0.043137
0.098039
0.133333
0.058824
0.094118
0.160784
0.082353
0.000000
0.003922
0.000000
0.000000
0.000000
0.000000
0.000000
0.000000
0.000000
0.000000
0.000000
0.000000
0.000000
0.000000
0.000000
0.000000
0.000000
0.000000
0.000000
0.003922
0.003922
0.003922
0.035294
0.121569
0.164706
0.105882
0.113725
0.145098
0.090196
0.145098
0.219608
0.125490
0.019608
0.007843
0.000000
0.000000
0.000000
0.000000
0.000000
0.000000
0.000000
0.000000
0.000000
0.000000
0.000000
0.000000
0.000000
0.000000
0.000000
0.000000
0.000000
0.000000
0.007843
0.007843
0.011765
0.074510
0.200000
0.200000
0.149020
0.145098
0.101961
0.188235
0.254902
0.125490
0.066667
0.023529
0.007843
0.000000
0.000000
0.000000
0.000000
0.000000
0.000000
0.000000
0.000000
0.000000
0.000000
0.000000
0.000000
0.000000
0.000000
0.000000
0.000000
0.000000
0.007843
0.007843
0.011765
0.074510
0.227451
0.258824
0.227451
0.278431
0.313725
0.298039
0.215686
0.215686
0.176471
0.101961
0.070588
0.050980
0.023529
0.003922
0.000000
0.000000
0.000000
0.003922
0.000000
0.000000
0.003922
0.003922
0.000000
0.000000
0.000000
0.000000
0.003922
0.003922
0.003922
0.011765
0.019608
0.090196
0.321569
0.592157
0.552941
0.352941
0.403922
0.384314
0.254902
0.325490
0.407843
0.215686
0.125490
0.066667
0.058824
0.054902
0.054902
0.054902
0.035294
0.007843
0.003922
0.003922
0.027451
0.015686
0.000000
0.000000
0.000000
0.000000
0.000000
0.003922
0.003922
0.011765
0.050980
0.470588
0.815686
0.976471
0.980392
0.643137
0.415686
0.454902
0.247059
0.341176
0.647059
0.274510
0.164706
0.121569
0.078431
0.050980
0.058824
0.101961
0.113725
0.070588
0.015686
0.000000
0.086275
0.066667
0.039216
0.031373
0.035294
0.027451
0.023529
0.023529
0.011765
0.047059
0.184314
0.647059
0.992157
0.964706
0.737255
0.431373
0.423529
0.384314
0.168627
0.411765
0.682353
0.235294
0.231373
0.223529
0.160784
0.121569
0.105882
0.070588
0.086275
0.164706
0.082353
0.050980
0.341176
0.329412
0.317647
0.298039
0.290196
0.278431
0.262745
0.247059
0.219608
0.262745
0.266667
0.415686
0.905882
0.666667
0.360784
0.396078
0.533333
0.525490
0.227451
0.517647
0.764706
0.282353
0.325490
0.333333
0.247059
0.196078
0.184314
0.133333
0.121569
0.184314
0.149020
0.090196
0.176471
0.184314
0.184314
0.200000
0.207843
0.211765
0.219608
0.215686
0.223529
0.243137
0.215686
0.482353
0.784314
0.380392
0.407843
0.537255
0.529412
0.611765
0.341176
0.498039
0.650980
0.278431
0.356863
0.400000
0.349020
0.282353
0.258824
0.207843
0.180392
0.227451
0.192157
0.121569
0.000000
0.000000
0.000000
0.000000
0.003922
0.003922
0.007843
0.011765
0.011765
0.023529
0.188235
0.725490
0.654902
0.372549
0.498039
0.568627
0.521569
0.462745
0.298039
0.521569
0.427451
0.203922
0.313725
0.372549
0.400000
0.364706
0.356863
0.274510
0.231373
0.274510
0.215686
0.164706
0.003922
0.003922
0.003922
0.003922
0.007843
0.011765
0.011765
0.007843
0.007843
0.015686
0.309804
0.917647
0.674510
0.392157
0.505882
0.494118
0.482353
0.376471
0.396078
0.549020
0.376471
0.152941
0.247059
0.337255
0.403922
0.411765
0.392157
0.309804
0.266667
0.313725
0.239216
0.168627
0.003922
0.003922
0.000000
0.000000
0.003922
0.003922
0.003922
0.007843
0.007843
0.137255
0.576471
0.980392
0.831373
0.564706
0.462745
0.392157
0.392157
0.368627
0.501961
0.266667
0.266667
0.109804
0.207843
0.317647
0.384314
0.396078
0.376471
0.325490
0.294118
0.337255
0.274510
0.196078
0.007843
0.003922
0.000000
0.000000
0.000000
0.000000
0.003922
0.011765
0.003922
0.282353
0.839216
0.956863
0.764706
0.792157
0.603922
0.372549
0.392157
0.552941
0.231373
0.074510
0.129412
0.086275
0.113725
0.266667
0.356863
0.352941
0.333333
0.345098
0.333333
0.333333
0.298039
0.258824
0.003922
0.000000
0.000000
0.000000
0.000000
0.003922
0.007843
0.015686
0.011765
0.403922
0.956863
0.886275
0.509804
0.525490
0.690196
0.627451
0.521569
0.286275
0.050980
0.078431
0.101961
0.094118
0.101961
0.219608
0.368627
0.341176
0.305882
0.380392
0.388235
0.321569
0.290196
0.258824
0.007843
0.007843
0.011765
0.011765
0.007843
0.011765
0.015686
0.011765
0.094118
0.584314
0.980392
0.800000
0.498039
0.525490
0.486275
0.458824
0.360784
0.078431
0.062745
0.223529
0.219608
0.121569
0.160784
0.317647
0.403922
0.352941
0.298039
0.337255
0.396078
0.341176
0.298039
0.239216
0.019608
0.023529
0.027451
0.031373
0.027451
0.035294
0.050980
0.070588
0.243137
0.658824
0.996078
0.823529
0.529412
0.588235
0.454902
0.376471
0.321569
0.152941
0.184314
0.266667
0.270588
0.215686
0.262745
0.349020
0.360784
0.321569
0.250980
0.274510
0.372549
0.325490
0.313725
0.203922
0.215686
0.219608
0.215686
0.231373
0.235294
0.235294
0.254902
0.250980
0.274510
0.698039
0.968627
0.788235
0.560784
0.576471
0.360784
0.337255
0.223529
0.145098
0.176471
0.270588
0.247059
0.113725
0.105882
0.164706
0.243137
0.301961
0.278431
0.282353
0.341176
0.278431
0.262745
0.149020
0.235294
0.219608
0.203922
0.172549
0.160784
0.145098
0.141176
0.298039
0.352941
0.764706
0.823529
0.533333
0.498039
0.529412
0.384314
0.294118
0.113725
0.027451
0.082353
0.270588
0.207843
0.015686
0.003922
0.035294
0.125490
0.231373
0.270588
0.317647
0.321569
0.215686
0.188235
0.101961
0.023529
0.019608
0.011765
0.007843
0.007843
0.011765
0.015686
0.180392
0.329412
0.576471
0.741176
0.482353
0.392157
0.309804
0.282353
0.176471
0.101961
0.027451
0.078431
0.254902
0.180392
0.031373
0.019608
0.015686
0.031373
0.094118
0.196078
0.321569
0.247059
0.101961
0.113725
0.094118
0.019608
0.023529
0.019608
0.023529
0.023529
0.023529
0.023529
0.023529
0.137255
0.313725
0.552941
0.419608
0.192157
0.137255
0.219608
0.156863
0.094118
0.015686
0.078431
0.239216
0.141176
0.019608
0.019608
0.023529
0.015686
0.023529
0.109804
0.274510
0.184314
0.066667
0.074510
0.101961
0.015686
0.027451
0.031373
0.027451
0.027451
0.023529
0.027451
0.031373
0.035294
0.070588
0.160784
0.129412
0.027451
0.125490
0.223529
0.160784
0.082353
0.011765
0.129412
0.254902
0.137255
0.058824
0.070588
0.074510
0.074510
0.082353
0.082353
0.196078
0.137255
0.050980
0.066667
0.109804
0.043137
0.035294
0.043137
0.035294
0.027451
0.019608
0.019608
0.027451
0.031373
0.031373
0.027451
0.054902
0.078431
0.121569
0.180392
0.172549
0.160784
0.145098
0.172549
0.223529
0.184314
0.156863
0.164706
0.133333
0.101961
0.082353
0.070588
0.172549
0.094118
0.054902
0.105882
0.133333
0.074510
0.082353
0.090196
0.109804
0.125490
0.152941
0.176471
0.176471
0.192157
0.180392
0.164706
0.192157
0.192157
0.192157
0.168627
0.137255
0.129412
0.113725
0.188235
0.219608
0.101961
0.050980
0.035294
0.035294
0.031373
0.027451
0.039216
0.125490
0.090196
0.074510
0.196078
0.341176
0.247059
0.250980
0.250980
0.254902
0.243137
0.231373
0.211765
0.180392
0.149020
0.121569
0.109804
0.105882
0.070588
0.050980
0.101961
0.098039
0.027451
0.050980
0.188235
0.207843
0.062745
0.031373
0.039216
0.039216
0.039216
0.043137
0.039216
0.113725
0.121569
0.078431
0.266667
0.415686
