0.294118
0.298039
0.305882
0.313725
0.321569
0.329412
0.333333
0.345098
0.349020
0.368627
0.352941
0.333333
0.345098
0.349020
0.349020
0.337255
0.337255
0.392157
0.447059
0.505882
0.568627
0.592157
0.615686
0.623529
0.635294
0.631373
0.635294
0.635294
0.643137
0.650980
0.654902
0.647059
0.317647
0.333333
0.368627
0.384314
0.376471
0.396078
0.376471
0.349020
0.356863
0.372549
0.372549
0.349020
0.364706
0.376471
0.356863
0.349020
0.337255
0.333333
0.345098
0.345098
0.388235
0.454902
0.478431
0.513725
0.552941
0.568627
0.560784
0.560784
0.560784
0.588235
0.600000
0.631373
0.317647
0.372549
0.396078
0.419608
0.439216
0.400000
0.392157
0.396078
0.368627
0.364706
0.376471
0.372549
0.384314
0.380392
0.360784
0.345098
0.349020
0.349020
0.337255
0.317647
0.349020
0.400000
0.341176
0.345098
0.360784
0.376471
0.364706
0.368627
0.364706
0.372549
0.376471
0.431373
0.317647
0.364706
0.321569
0.309804
0.337255
0.278431
0.364706
0.400000
0.403922
0.376471
0.380392
0.396078
0.388235
0.364706
0.360784
0.356863
0.360784
0.364706
0.407843
0.368627
0.372549
0.411765
0.345098
0.333333
0.325490
0.333333
0.337255
0.341176
0.341176
0.341176
0.333333
0.329412
0.325490
0.313725
0.243137
0.215686
0.270588
0.247059
0.270588
0.290196
0.396078
0.356863
0.360784
0.411765
0.431373
0.447059
0.415686
0.372549
0.349020
0.345098
0.407843
0.388235
0.439216
0.439216
0.349020
0.349020
0.349020
0.329412
0.317647
0.321569
0.325490
0.337255
0.352941
0.349020
0.298039
0.290196
0.270588
0.258824
0.309804
0.301961
0.219608
0.313725
0.380392
0.498039
0.678431
0.725490
0.749020
0.760784
0.749020
0.690196
0.643137
0.498039
0.450980
0.611765
0.709804
0.521569
0.298039
0.337255
0.364706
0.360784
0.341176
0.313725
0.298039
0.305882
0.329412
0.317647
0.364706
0.301961
0.341176
0.290196
0.203922
0.250980
0.286275
0.380392
0.407843
0.631373
0.905882
0.909804
0.898039
0.827451
0.835294
0.780392
0.650980
0.572549
0.490196
0.564706
0.650980
0.529412
0.384314
0.396078
0.396078
0.392157
0.376471
0.364706
0.349020
0.352941
0.380392
0.364706
0.305882
0.286275
0.337255
0.337255
0.262745
0.298039
0.345098
0.333333
0.458824
0.654902
0.729412
0.717647
0.717647
0.721569
0.733333
0.721569
0.458824
0.505882
0.564706
0.600000
0.639216
0.603922
0.596078
0.545098
0.439216
0.380392
0.364706
0.356863
0.352941
0.352941
0.376471
0.376471
0.266667
0.262745
0.309804
0.305882
0.294118
0.309804
0.305882
0.400000
0.756863
0.843137
0.831373
0.819608
0.831373
0.835294
0.827451
0.682353
0.552941
0.549020
0.537255
0.639216
0.713725
0.690196
0.745098
0.725490
0.501961
0.615686
0.505882
0.411765
0.407843
0.341176
0.376471
0.352941
0.282353
0.262745
0.301961
0.298039
0.286275
0.333333
0.286275
0.392157
0.650980
0.654902
0.643137
0.635294
0.623529
0.615686
0.627451
0.650980
0.694118
0.596078
0.482353
0.619608
0.701961
0.690196
0.756863
0.717647
0.458824
0.705882
0.725490
0.643137
0.529412
0.380392
0.415686
0.352941
0.239216
0.235294
0.262745
0.305882
0.266667
0.321569
0.298039
0.321569
0.341176
0.329412
0.325490
0.321569
0.313725
0.313725
0.325490
0.509804
0.670588
0.611765
0.447059
0.607843
0.713725
0.694118
0.752941
0.749020
0.525490
0.639216
0.772549
0.701961
0.580392
0.376471
0.415686
0.396078
0.231373
0.235294
0.282353
0.301961
0.258824
0.388235
0.458824
0.400000
0.466667
0.450980
0.474510
0.462745
0.419608
0.415686
0.396078
0.411765
0.623529
0.619608
0.450980
0.611765
0.717647
0.698039
0.749020
0.749020
0.584314
0.623529
0.713725
0.686275
0.572549
0.356863
0.400000
0.419608
0.219608
0.278431
0.454902
0.337255
0.192157
0.525490
0.631373
0.509804
0.529412
0.498039
0.552941
0.517647
0.458824
0.470588
0.458824
0.407843
0.619608
0.611765
0.454902
0.623529
0.713725
0.694118
0.756863
0.721569
0.639216
0.674510
0.674510
0.670588
0.552941
0.337255
0.407843
0.443137
0.203922
0.290196
0.407843
0.270588
0.160784
0.552941
0.600000
0.423529
0.396078
0.380392
0.431373
0.396078
0.356863
0.388235
0.411765
0.447059
0.603922
0.600000
0.431373
0.615686
0.694118
0.709804
0.729412
0.678431
0.662745
0.650980
0.654902
0.666667
0.533333
0.309804
0.349020
0.349020
0.254902
0.360784
0.423529
0.254902
0.168627
0.360784
0.494118
0.466667
0.431373
0.443137
0.470588
0.474510
0.466667
0.466667
0.521569
0.615686
0.658824
0.568627
0.403922
0.592157
0.662745
0.666667
0.654902
0.658824
0.643137
0.647059
0.698039
0.639216
0.533333
0.345098
0.325490
0.305882
0.250980
0.333333
0.474510
0.282353
0.164706
0.274510
0.474510
0.713725
0.745098
0.733333
0.721569
0.725490
0.733333
0.756863
0.725490
0.647059
0.639216
0.517647
0.364706
0.580392
0.639216
0.635294
0.635294
0.615686
0.635294
0.690196
0.674510
0.603922
0.509804
0.321569
0.282353
0.290196
0.349020
0.462745
0.360784
0.200000
0.101961
0.352941
0.623529
0.611765
0.607843
0.611765
0.584314
0.627451
0.639216
0.627451
0.670588
0.670588
0.572549
0.498039
0.372549
0.537255
0.623529
0.631373
0.623529
0.631373
0.698039
0.682353
0.654902
0.603922
0.498039
0.290196
0.266667
0.270588
0.305882
0.447059
0.403922
0.223529
0.094118
0.152941
0.313725
0.258824
0.176471
0.192157
0.231373
0.266667
0.215686
0.215686
0.439216
0.643137
0.564706
0.470588
0.380392
0.490196
0.556863
0.560784
0.580392
0.635294
0.635294
0.631373
0.607843
0.545098
0.482353
0.360784
0.333333
0.270588
0.266667
0.235294
0.380392
0.305882
0.109804
0.117647
0.223529
0.321569
0.239216
0.274510
0.282353
0.227451
0.211765
0.305882
0.513725
0.647059
0.517647
0.396078
0.286275
0.278431
0.325490
0.301961
0.317647
0.349020
0.356863
0.380392
0.392157
0.356863
0.368627
0.407843
0.392157
0.337255
0.317647
0.200000
0.301961
0.423529
0.129412
0.129412
0.247059
0.541176
0.501961
0.427451
0.376471
0.392157
0.470588
0.509804
0.607843
0.643137
0.282353
0.227451
0.294118
0.235294
0.192157
0.109804
0.090196
0.160784
0.168627
0.192157
0.274510
0.388235
0.501961
0.552941
0.549020
0.537255
0.274510
0.200000
0.321569
0.458824
0.227451
0.235294
0.356863
0.650980
0.600000
0.454902
0.380392
0.415686
0.568627
0.639216
0.631373
0.498039
0.247059
0.231373
0.419608
0.337255
0.200000
0.137255
0.141176
0.176471
0.168627
0.227451
0.270588
0.525490
0.674510
0.670588
0.670588
0.647059
0.458824
0.454902
0.572549
0.549020
0.572549
0.635294
0.611765
0.552941
0.545098
0.474510
0.376471
0.400000
0.513725
0.572549
0.568627
0.372549
0.262745
0.243137
0.333333
0.290196
0.278431
0.294118
0.411765
0.325490
0.152941
0.262745
0.278431
0.564706
0.654902
0.647059
0.654902
0.639216
0.678431
0.666667
0.698039
0.650980
0.682353
0.698039
0.643137
0.439216
0.266667
0.247059
0.266667
0.321569
0.278431
0.243137
0.247059
0.223529
0.211765
0.211765
0.164706
0.160784
0.305882
0.356863
0.423529
0.341176
0.184314
0.243137
0.313725
0.521569
0.600000
0.631373
0.654902
0.654902
0.615686
0.596078
0.592157
0.588235
0.572549
0.556863
0.576471
0.494118
0.117647
0.152941
0.396078
0.458824
0.203922
0.058824
0.101961
0.098039
0.149020
0.180392
0.137255
0.168627
0.301961
0.368627
0.372549
0.384314
0.419608
0.470588
0.525490
0.568627
0.600000
0.615686
0.611765
0.615686
0.549020
0.533333
0.537255
0.509804
0.513725
0.549020
0.549020
0.482353
0.239216
0.231373
0.294118
0.235294
0.184314
0.152941
0.172549
0.200000
0.286275
0.360784
0.407843
0.447059
0.486275
0.533333
0.572549
0.600000
0.607843
0.615686
0.607843
0.603922
0.603922
0.603922
0.607843
0.596078
0.596078
0.623529
0.631373
0.635294
0.631373
0.623529
0.596078
0.580392
0.529412
0.490196
0.482353
0.486275
0.505882
0.537255
0.549020
0.549020
0.572549
0.592157
0.611765
0.619608
0.619608
0.615686
0.615686
0.611765
0.611765
0.603922
0.603922
0.600000
0.596078
0.580392
0.560784
0.549020
0.619608
0.623529
0.627451
0.627451
0.627451
0.623529
0.631373
0.666667
0.654902
0.635294
0.631373
0.643137
0.650980
0.686275
0.690196
0.654902
0.631373
0.615686
0.611765
0.607843
0.607843
0.607843
0.603922
0.600000
0.596078
0.592157
0.584314
0.568627
0.552941
0.564706
0.580392
0.564706
0.611765
0.611765
0.619608
0.627451
0.639216
0.650980
0.678431
0.725490
0.705882
0.682353
0.670588
0.658824
0.647059
0.639216
0.631373
0.611765
0.607843
0.603922
0.603922
0.600000
0.596078
0.596078
0.588235
0.576471
0.564706
0.552941
0.552941
0.584314
0.619608
0.643137
0.662745
0.600000
0.635294
0.650980
0.666667
0.666667
0.666667
0.674510
0.686275
0.713725
0.678431
0.639216
0.627451
0.619608
0.619608
0.615686
0.611765
0.603922
0.600000
0.596078
0.596078
0.584314
0.576471
0.564706
0.549020
0.541176
0.541176
0.537255
0.564706
0.635294
0.654902
0.600000
0.541176
0.517647
0.654902
0.650980
0.650980
0.647059
0.631373
0.627451
0.627451
0.623529
0.615686
0.603922
0.600000
0.596078
0.596078
0.596078
0.592157
0.588235
0.580392
0.564706
0.549020
0.541176
0.541176
0.541176
0.541176
0.545098
0.545098
0.537255
0.541176
0.545098
0.529412
0.525490
0.533333
0.533333
0.603922
0.603922
0.603922
0.600000
0.600000
0.600000
0.600000
0.596078
0.592157
0.588235
0.588235
0.588235
0.580392
0.572549
0.560784
0.549020
0.537255
0.537255
0.549020
0.568627
0.564706
0.556863
0.552941
0.541176
0.529412
0.521569
0.525490
0.537255
0.549020
0.556863
0.556863
0.552941
0.552941
0.564706
0.568627
0.568627
0.568627
0.572549
0.568627
0.568627
0.568627
0.560784
0.552941
0.545098
0.533333
0.529412
0.521569
0.525490
0.549020
0.627451
0.733333
0.717647
0.584314
0.525490
0.517647
0.517647
0.517647
0.529412
0.537255
0.549020
0.552941
0.556863
0.549020
0.533333
0.380392
0.392157
0.400000
0.411765
0.415686
0.423529
0.427451
0.431373
0.439216
0.454902
0.447059
0.439216
0.447059
0.447059
0.450980
0.443137
0.443137
0.490196
0.545098
0.603922
0.658824
0.666667
0.686275
0.698039
0.705882
0.705882
0.705882
0.705882
0.713725
0.721569
0.717647
0.713725
0.403922
0.415686
0.450980
0.466667
0.458824
0.474510
0.462745
0.443137
0.447059
0.450980
0.454902
0.439216
0.454902
0.462745
0.454902
0.447059
0.439216
0.443137
0.454902
0.454902
0.486275
0.533333
0.564706
0.603922
0.639216
0.647059
0.639216
0.643137
0.643137
0.662745
0.670588
0.690196
0.403922
0.447059
0.466667
0.501961
0.517647
0.486275
0.474510
0.474510
0.454902
0.443137
0.454902
0.447059
0.458824
0.462745
0.447059
0.439216
0.439216
0.439216
0.435294
0.419608
0.443137
0.470588
0.435294
0.447059
0.462745
0.470588
0.462745
0.466667
0.462745
0.470588
0.478431
0.521569
0.407843
0.439216
0.400000
0.400000
0.439216
0.372549
0.447059
0.474510
0.474510
0.443137
0.450980
0.466667
0.462745
0.450980
0.443137
0.447059
0.450980
0.447059
0.470588
0.450980
0.454902
0.482353
0.439216
0.435294
0.423529
0.431373
0.439216
0.443137
0.443137
0.439216
0.435294
0.431373
0.407843
0.392157
0.313725
0.290196
0.356863
0.333333
0.345098
0.364706
0.466667
0.443137
0.439216
0.474510
0.482353
0.498039
0.478431
0.454902
0.450980
0.443137
0.482353
0.447059
0.478431
0.505882
0.443137
0.439216
0.439216
0.435294
0.415686
0.415686
0.427451
0.431373
0.435294
0.435294
0.360784
0.360784
0.333333
0.313725
0.380392
0.368627
0.282353
0.372549
0.450980
0.466667
0.607843
0.635294
0.647059
0.658824
0.654902
0.580392
0.443137
0.400000
0.517647
0.584314
0.698039
0.580392
0.400000
0.439216
0.458824
0.450980
0.431373
0.407843
0.396078
0.392157
0.392157
0.380392
0.435294
0.372549
0.400000
0.341176
0.254902
0.305882
0.345098
0.443137
0.454902
0.403922
0.611765
0.639216
0.635294
0.517647
0.529412
0.431373
0.294118
0.341176
0.486275
0.396078
0.466667
0.490196
0.431373
0.443137
0.443137
0.447059
0.454902
0.439216
0.423529
0.423529
0.439216
0.423529
0.403922
0.376471
0.411765
0.403922
0.317647
0.352941
0.403922
0.392157
0.407843
0.352941
0.392157
0.419608
0.435294
0.380392
0.376471
0.392157
0.368627
0.454902
0.549020
0.309804
0.207843
0.266667
0.411765
0.435294
0.396078
0.427451
0.439216
0.431373
0.439216
0.431373
0.439216
0.435294
0.360784
0.349020
0.372549
0.356863
0.345098
0.360784
0.376471
0.388235
0.458824
0.533333
0.552941
0.537255
0.533333
0.529412
0.411765
0.329412
0.298039
0.372549
0.537255
0.325490
0.215686
0.254902
0.545098
0.682353
0.517647
0.541176
0.388235
0.368627
0.427451
0.415686
0.427451
0.407843
0.360784
0.337255
0.360784
0.345098
0.333333
0.376471
0.341176
0.360784
0.450980
0.533333
0.537255
0.521569
0.501961
0.490196
0.376471
0.282353
0.278431
0.309804
0.462745
0.294118
0.223529
0.270588
0.576471
0.701961
0.521569
0.690196
0.615686
0.403922
0.333333
0.439216
0.466667
0.407843
0.305882
0.294118
0.325490
0.345098
0.317647
0.360784
0.305882
0.333333
0.356863
0.345098
0.352941
0.349020
0.333333
0.333333
0.321569
0.309804
0.274510
0.286275
0.427451
0.290196
0.227451
0.262745
0.568627
0.721569
0.560784
0.619608
0.643137
0.439216
0.325490
0.431373
0.466667
0.447059
0.282353
0.286275
0.333333
0.321569
0.305882
0.388235
0.341176
0.415686
0.501961
0.478431
0.505882
0.505882
0.466667
0.462745
0.415686
0.321569
0.254902
0.274510
0.423529
0.294118
0.239216
0.278431
0.545098
0.713725
0.552941
0.478431
0.545098
0.415686
0.317647
0.403922
0.443137
0.462745
0.258824
0.313725
0.486275
0.337255
0.211765
0.466667
0.439216
0.549020
0.580392
0.556863
0.596078
0.572549
0.529412
0.552941
0.482353
0.266667
0.203922
0.305882
0.439216
0.317647
0.266667
0.309804
0.596078
0.588235
0.435294
0.501961
0.576471
0.392157
0.270588
0.384314
0.458824
0.494118
0.243137
0.333333
0.462745
0.290196
0.164706
0.486275
0.403922
0.431373
0.443137
0.431373
0.478431
0.443137
0.403922
0.454902
0.415686
0.243137
0.200000
0.333333
0.419608
0.301961
0.231373
0.439216
0.537255
0.458824
0.513725
0.517647
0.494118
0.392157
0.258824
0.352941
0.411765
0.431373
0.286275
0.435294
0.517647
0.313725
0.149020
0.356863
0.427451
0.282353
0.215686
0.231373
0.254902
0.258824
0.243137
0.274510
0.278431
0.227451
0.243137
0.360784
0.388235
0.250980
0.207843
0.411765
0.443137
0.572549
0.549020
0.458824
0.552941
0.333333
0.266667
0.384314
0.380392
0.380392
0.258824
0.396078
0.556863
0.317647
0.129412
0.298039
0.443137
0.372549
0.317647
0.278431
0.247059
0.258824
0.301961
0.372549
0.376471
0.396078
0.447059
0.384314
0.325490
0.239216
0.188235
0.392157
0.505882
0.509804
0.407843
0.564706
0.529412
0.219608
0.266667
0.368627
0.345098
0.352941
0.313725
0.474510
0.435294
0.247059
0.094118
0.352941
0.521569
0.278431
0.286275
0.188235
0.239216
0.215686
0.227451
0.247059
0.219608
0.337255
0.317647
0.219608
0.309804
0.219608
0.164706
0.423529
0.517647
0.396078
0.588235
0.596078
0.470588
0.243137
0.282353
0.321569
0.298039
0.305882
0.250980
0.447059
0.427451
0.231373
0.090196
0.176471
0.305882
0.227451
0.184314
0.176471
0.223529
0.243137
0.192157
0.219608
0.270588
0.345098
0.333333
0.262745
0.309804
0.270588
0.250980
0.392157
0.415686
0.517647
0.549020
0.505882
0.482353
0.321569
0.341176
0.396078
0.352941
0.282353
0.247059
0.247059
0.400000
0.309804
0.098039
0.145098
0.196078
0.211765
0.176471
0.227451
0.235294
0.180392
0.168627
0.247059
0.243137
0.313725
0.250980
0.196078
0.200000
0.231373
0.247059
0.227451
0.243137
0.282353
0.262745
0.309804
0.364706
0.345098
0.360784
0.447059
0.431373
0.352941
0.345098
0.231373
0.329412
0.419608
0.113725
0.149020
0.196078
0.286275
0.298039
0.239216
0.211765
0.196078
0.149020
0.200000
0.235294
0.247059
0.168627
0.156863
0.160784
0.164706
0.200000
0.113725
0.105882
0.172549
0.176471
0.203922
0.282353
0.403922
0.505882
0.572549
0.576471
0.549020
0.305882
0.231373
0.349020
0.466667
0.223529
0.239216
0.309804
0.450980
0.356863
0.223529
0.180392
0.176471
0.137255
0.313725
0.376471
0.227451
0.227451
0.176471
0.207843
0.211765
0.211765
0.145098
0.149020
0.188235
0.180392
0.231373
0.278431
0.533333
0.682353
0.674510
0.674510
0.654902
0.470588
0.466667
0.588235
0.556863
0.572549
0.631373
0.537255
0.360784
0.227451
0.156863
0.207843
0.168627
0.149020
0.313725
0.321569
0.211765
0.266667
0.172549
0.200000
0.219608
0.278431
0.305882
0.423529
0.337255
0.160784
0.266667
0.286275
0.580392
0.670588
0.658824
0.662745
0.650980
0.666667
0.654902
0.686275
0.635294
0.662745
0.694118
0.603922
0.345098
0.133333
0.113725
0.223529
0.231373
0.125490
0.133333
0.133333
0.156863
0.215686
0.196078
0.141176
0.152941
0.309804
0.372549
0.443137
0.352941
0.192157
0.250980
0.317647
0.525490
0.603922
0.635294
0.658824
0.662745
0.600000
0.584314
0.584314
0.576471
0.564706
0.560784
0.576471
0.490196
0.109804
0.160784
0.400000
0.466667
0.215686
0.058824
0.101961
0.105882
0.164706
0.196078
0.152941
0.180392
0.305882
0.372549
0.380392
0.388235
0.411765
0.458824
0.513725
0.556863
0.588235
0.611765
0.611765
0.615686
0.552941
0.537255
0.541176
0.517647
0.521569
0.564706
0.564706
0.490196
0.227451
0.219608
0.290196
0.231373
0.168627
0.149020
0.164706
0.192157
0.282353
0.345098
0.384314
0.423529
0.470588
0.509804
0.549020
0.584314
0.596078
0.600000
0.600000
0.600000
0.603922
0.603922
0.607843
0.596078
0.600000
0.631373
0.639216
0.639216
0.631373
0.619608
0.584314
0.541176
0.494118
0.470588
0.458824
0.454902
0.466667
0.494118
0.505882
0.513725
0.537255
0.556863
0.576471
0.584314
0.596078
0.596078
0.596078
0.603922
0.607843
0.603922
0.600000
0.600000
0.596078
0.580392
0.560784
0.549020
0.623529
0.627451
0.627451
0.627451
0.631373
0.627451
0.623529
0.635294
0.623529
0.615686
0.615686
0.619608
0.619608
0.639216
0.643137
0.619608
0.611765
0.600000
0.596078
0.600000
0.603922
0.603922
0.600000
0.600000
0.600000
0.592157
0.580392
0.564706
0.549020
0.560784
0.576471
0.560784
0.619608
0.615686
0.623529
0.631373
0.639216
0.654902
0.666667
0.694118
0.678431
0.666667
0.654902
0.643137
0.631373
0.631373
0.619608
0.603922
0.603922
0.600000
0.600000
0.596078
0.596078
0.588235
0.584314
0.576471
0.564706
0.552941
0.549020
0.580392
0.615686
0.639216
0.658824
0.596078
0.639216
0.650980
0.662745
0.662745
0.662745
0.666667
0.670588
0.682353
0.658824
0.635294
0.627451
0.619608
0.619608
0.615686
0.611765
0.603922
0.600000
0.592157
0.592157
0.584314
0.572549
0.556863
0.545098
0.537255
0.537255
0.533333
0.560784
0.631373
0.650980
0.596078
0.537255
0.517647
0.650980
0.650980
0.650980
0.643137
0.631373
0.631373
0.627451
0.623529
0.615686
0.603922
0.600000
0.596078
0.596078
0.596078
0.592157
0.588235
0.576471
0.560784
0.549020
0.537255
0.537255
0.537255
0.537255
0.541176
0.541176
0.533333
0.537255
0.545098
0.525490
0.521569
0.533333
0.533333
0.603922
0.607843
0.607843
0.603922
0.603922
0.603922
0.603922
0.600000
0.592157
0.588235
0.588235
0.584314
0.580392
0.572549
0.560784
0.549020
0.533333
0.533333
0.545098
0.564706
0.560784
0.552941
0.549020
0.537255
0.525490
0.517647
0.525490
0.537255
0.549020
0.556863
0.560784
0.552941
0.556863
0.564706
0.568627
0.568627
0.572549
0.572549
0.568627
0.568627
0.568627
0.560784
0.552941
0.541176
0.529412
0.525490
0.521569
0.525490
0.541176
0.619608
0.729412
0.713725
0.584314
0.525490
0.517647
0.513725
0.517647
0.525490
0.541176
0.549020
0.556863
0.560784
0.556863
0.537255
0.403922
0.427451
0.431373
0.439216
0.454902
0.458824
0.462745
0.470588
0.482353
0.486275
0.482353
0.482353
0.490196
0.490196
0.490196
0.486275
0.474510
0.513725
0.560784
0.627451
0.686275
0.701961
0.737255
0.749020
0.756863
0.756863
0.752941
0.749020
0.752941
0.752941
0.749020
0.745098
0.423529
0.439216
0.450980
0.462745
0.474510
0.462745
0.474510
0.482353
0.482353
0.486275
0.486275
0.474510
0.486275
0.490196
0.486275
0.482353
0.474510
0.470588
0.474510
0.482353
0.505882
0.537255
0.592157
0.639216
0.674510
0.678431
0.674510
0.670588
0.666667
0.686275
0.694118
0.717647
0.411765
0.415686
0.380392
0.372549
0.403922
0.372549
0.427451
0.474510
0.474510
0.482353
0.482353
0.474510
0.482353
0.482353
0.474510
0.470588
0.474510
0.474510
0.474510
0.462745
0.474510
0.486275
0.466667
0.474510
0.486275
0.486275
0.482353
0.486275
0.478431
0.490196
0.494118
0.537255
0.407843
0.368627
0.258824
0.223529
0.250980
0.219608
0.333333
0.372549
0.454902
0.474510
0.474510
0.486275
0.478431
0.470588
0.470588
0.470588
0.474510
0.474510
0.501961
0.486275
0.482353
0.505882
0.478431
0.474510
0.466667
0.462745
0.458824
0.454902
0.450980
0.443137
0.443137
0.435294
0.356863
0.325490
0.192157
0.156863
0.203922
0.184314
0.215686
0.235294
0.427451
0.466667
0.458824
0.490196
0.494118
0.513725
0.494118
0.474510
0.474510
0.466667
0.501961
0.505882
0.501961
0.513725
0.478431
0.478431
0.474510
0.466667
0.447059
0.439216
0.435294
0.427451
0.423529
0.415686
0.282353
0.286275
0.235294
0.196078
0.247059
0.227451
0.164706
0.305882
0.450980
0.501961
0.635294
0.666667
0.682353
0.690196
0.678431
0.611765
0.482353
0.427451
0.517647
0.513725
0.654902
0.588235
0.439216
0.478431
0.490196
0.478431
0.466667
0.443137
0.423529
0.403922
0.388235
0.372549
0.305882
0.250980
0.286275
0.243137
0.156863
0.211765
0.243137
0.384314
0.411765
0.400000
0.658824
0.690196
0.690196
0.545098
0.564706
0.478431
0.329412
0.368627
0.478431
0.349020
0.439216
0.494118
0.450980
0.470588
0.470588
0.474510
0.470588
0.458824
0.439216
0.439216
0.439216
0.423529
0.192157
0.180392
0.270588
0.270588
0.203922
0.258824
0.325490
0.298039
0.325490
0.349020
0.419608
0.443137
0.450980
0.407843
0.411765
0.423529
0.388235
0.462745
0.537255
0.321569
0.223529
0.262745
0.317647
0.396078
0.407843
0.423529
0.419608
0.431373
0.443137
0.431373
0.431373
0.411765
0.172549
0.168627
0.235294
0.219608
0.207843
0.247059
0.258824
0.274510
0.462745
0.552941
0.560784
0.545098
0.549020
0.549020
0.443137
0.360784
0.313725
0.392157
0.533333
0.321569
0.231373
0.254902
0.321569
0.560784
0.584314
0.478431
0.321569
0.360784
0.403922
0.384314
0.403922
0.384314
0.207843
0.192157
0.235294
0.235294
0.200000
0.274510
0.231373
0.286275
0.466667
0.537255
0.549020
0.533333
0.517647
0.498039
0.400000
0.305882
0.286275
0.325490
0.462745
0.298039
0.235294
0.278431
0.392157
0.584314
0.627451
0.592157
0.478431
0.407843
0.305882
0.368627
0.411765
0.392157
0.168627
0.172549
0.231373
0.270588
0.200000
0.235294
0.219608
0.309804
0.376471
0.372549
0.384314
0.380392
0.360784
0.352941
0.341176
0.325490
0.286275
0.301961
0.415686
0.294118
0.243137
0.270588
0.419608
0.627451
0.619608
0.596078
0.596078
0.458824
0.298039
0.333333
0.388235
0.407843
0.160784
0.184314
0.258824
0.258824
0.207843
0.278431
0.298039
0.411765
0.521569
0.505882
0.541176
0.541176
0.501961
0.494118
0.443137
0.333333
0.250980
0.290196
0.415686
0.301961
0.258824
0.290196
0.364706
0.580392
0.611765
0.505882
0.556863
0.427451
0.294118
0.305882
0.349020
0.384314
0.160784
0.231373
0.443137
0.313725
0.168627
0.427451
0.439216
0.556863
0.607843
0.580392
0.619608
0.600000
0.560784
0.580392
0.509804
0.270588
0.196078
0.317647
0.431373
0.325490
0.282353
0.325490
0.490196
0.482353
0.470588
0.529412
0.603922
0.403922
0.254902
0.278431
0.333333
0.356863
0.156863
0.286275
0.470588
0.278431
0.145098
0.474510
0.407843
0.439216
0.450980
0.447059
0.494118
0.462745
0.427451
0.478431
0.435294
0.243137
0.207843
0.341176
0.407843
0.309804
0.247059
0.450980
0.529412
0.450980
0.529412
0.533333
0.517647
0.403922
0.235294
0.258824
0.290196
0.266667
0.203922
0.443137
0.576471
0.345098
0.137255
0.309804
0.380392
0.298039
0.235294
0.254902
0.278431
0.286275
0.274510
0.298039
0.305882
0.250980
0.258824
0.364706
0.376471
0.258824
0.223529
0.411765
0.462745
0.596078
0.576471
0.486275
0.541176
0.333333
0.239216
0.286275
0.274510
0.262745
0.164706
0.345098
0.580392
0.333333
0.109804
0.239216
0.372549
0.392157
0.349020
0.305882
0.270588
0.270588
0.313725
0.388235
0.403922
0.411765
0.450980
0.388235
0.309804
0.247059
0.200000
0.400000
0.525490
0.529412
0.454902
0.482353
0.329412
0.211765
0.235294
0.282353
0.254902
0.266667
0.247059
0.435294
0.443137
0.235294
0.074510
0.301961
0.458824
0.294118
0.294118
0.211765
0.247059
0.235294
0.254902
0.274510
0.247059
0.360784
0.329412
0.223529
0.294118
0.219608
0.180392
0.435294
0.525490
0.411765
0.513725
0.254902
0.211765
0.243137
0.262745
0.247059
0.227451
0.247059
0.223529
0.435294
0.447059
0.231373
0.078431
0.145098
0.247059
0.227451
0.184314
0.172549
0.219608
0.235294
0.192157
0.227451
0.290196
0.364706
0.333333
0.262745
0.294118
0.262745
0.250980
0.380392
0.427451
0.462745
0.301961
0.203922
0.290196
0.313725
0.337255
0.333333
0.290196
0.262745
0.192157
0.200000
0.380392
0.294118
0.090196
0.113725
0.152941
0.203922
0.184314
0.227451
0.227451
0.180392
0.176471
0.247059
0.258824
0.333333
0.270588
0.200000
0.196078
0.215686
0.254902
0.215686
0.239216
0.235294
0.196078
0.247059
0.313725
0.333333
0.341176
0.400000
0.388235
0.337255
0.270588
0.164706
0.286275
0.400000
0.105882
0.125490
0.164706
0.294118
0.298039
0.247059
0.215686
0.203922
0.172549
0.200000
0.227451
0.262745
0.176471
0.164706
0.164706
0.160784
0.203922
0.117647
0.101961
0.172549
0.184314
0.207843
0.294118
0.400000
0.486275
0.525490
0.533333
0.517647
0.231373
0.168627
0.298039
0.423529
0.180392
0.203922
0.270588
0.423529
0.333333
0.227451
0.192157
0.188235
0.141176
0.290196
0.345098
0.231373
0.223529
0.176471
0.211765
0.207843
0.211765
0.149020
0.156863
0.192157
0.176471
0.227451
0.274510
0.525490
0.670588
0.662745
0.666667
0.647059
0.419608
0.423529
0.545098
0.509804
0.521569
0.603922
0.505882
0.341176
0.215686
0.172549
0.215686
0.180392
0.149020
0.294118
0.298039
0.203922
0.254902
0.168627
0.200000
0.207843
0.270588
0.309804
0.435294
0.345098
0.160784
0.258824
0.286275
0.588235
0.678431
0.674510
0.678431
0.666667
0.639216
0.631373
0.666667
0.607843
0.631373
0.670588
0.584314
0.337255
0.137255
0.125490
0.219608
0.231373
0.133333
0.137255
0.129412
0.149020
0.211765
0.192157
0.141176
0.145098
0.301961
0.380392
0.454902
0.364706
0.196078
0.247059
0.317647
0.529412
0.611765
0.647059
0.670588
0.670588
0.584314
0.572549
0.576471
0.572549
0.552941
0.545098
0.576471
0.498039
0.113725
0.160784
0.407843
0.474510
0.215686
0.054902
0.101961
0.101961
0.164706
0.192157
0.145098
0.176471
0.298039
0.368627
0.372549
0.376471
0.396078
0.447059
0.501961
0.552941
0.588235
0.615686
0.615686
0.615686
0.545098
0.533333
0.537255
0.513725
0.525490
0.576471
0.568627
0.486275
0.215686
0.200000
0.282353
0.227451
0.164706
0.133333
0.145098
0.180392
0.270588
0.333333
0.364706
0.411765
0.450980
0.490196
0.533333
0.560784
0.580392
0.596078
0.600000
0.600000
0.603922
0.607843
0.611765
0.600000
0.600000
0.635294
0.643137
0.647059
0.635294
0.623529
0.584314
0.517647
0.470588
0.458824
0.439216
0.435294
0.450980
0.474510
0.482353
0.498039
0.525490
0.541176
0.564706
0.580392
0.588235
0.592157
0.600000
0.596078
0.603922
0.607843
0.603922
0.600000
0.596078
0.572549
0.552941
0.541176
0.631373
0.639216
0.639216
0.639216
0.631373
0.623529
0.615686
0.611765
0.607843
0.603922
0.607843
0.611765
0.611765
0.627451
0.627451
0.611765
0.603922
0.592157
0.592157
0.600000
0.607843
0.603922
0.600000
0.600000
0.600000
0.592157
0.576471
0.556863
0.545098
0.552941
0.568627
0.549020
0.623529
0.619608
0.623529
0.631373
0.639216
0.650980
0.658824
0.670588
0.658824
0.650980
0.647059
0.631373
0.623529
0.627451
0.619608
0.603922
0.603922
0.603922
0.600000
0.600000
0.600000
0.592157
0.584314
0.576471
0.560784
0.541176
0.537255
0.568627
0.603922
0.631373
0.650980
0.584314
0.635294
0.647059
0.658824
0.658824
0.658824
0.666667
0.666667
0.670588
0.650980
0.639216
0.627451
0.619608
0.615686
0.611765
0.607843
0.603922
0.596078
0.596078
0.592157
0.580392
0.572549
0.552941
0.541176
0.529412
0.521569
0.521569
0.545098
0.619608
0.647059
0.588235
0.525490
0.505882
0.639216
0.639216
0.647059
0.643137
0.635294
0.631373
0.623529
0.623529
0.615686
0.603922
0.600000
0.596078
0.596078
0.592157
0.588235
0.584314
0.572549
0.556863
0.537255
0.529412
0.525490
0.517647
0.521569
0.525490
0.525490
0.517647
0.521569
0.533333
0.521569
0.517647
0.525490
0.529412
0.600000
0.607843
0.611765
0.611765
0.607843
0.603922
0.600000
0.592157
0.592157
0.588235
0.584314
0.584314
0.580392
0.564706
0.556863
0.537255
0.517647
0.517647
0.529412
0.545098
0.545098
0.533333
0.533333
0.521569
0.509804
0.501961
0.513725
0.533333
0.552941
0.560784
0.564706
0.556863
0.556863
0.568627
0.568627
0.560784
0.564706
0.568627
0.564706
0.564706
0.564706
0.556863
0.545098
0.533333
0.521569
0.509804
0.505882
0.505882
0.529412
0.607843
0.717647
0.701961
0.568627
0.509804
0.505882
0.505882
0.509804
0.521569
0.537255
0.556863
0.564706
0.568627
0.560784
0.537255
