0.223529
0.254902
0.262745
0.313725
0.258824
0.145098
0.207843
0.231373
0.219608
0.278431
0.341176
0.419608
0.400000
0.450980
0.360784
0.180392
0.219608
0.290196
0.274510
0.329412
0.372549
0.270588
0.200000
0.250980
0.231373
0.203922
0.184314
0.176471
0.172549
0.160784
0.176471
0.223529
0.184314
0.227451
0.254902
0.341176
0.341176
0.184314
0.188235
0.247059
0.243137
0.282353
0.305882
0.435294
0.466667
0.392157
0.364706
0.235294
0.184314
0.278431
0.200000
0.294118
0.364706
0.270588
0.200000
0.250980
0.266667
0.200000
0.152941
0.172549
0.180392
0.180392
0.184314
0.231373
0.156863
0.192157
0.247059
0.356863
0.364706
0.239216
0.192157
0.325490
0.345098
0.392157
0.341176
0.356863
0.356863
0.294118
0.376471
0.309804
0.176471
0.239216
0.133333
0.168627
0.227451
0.207843
0.203922
0.219608
0.278431
0.231373
0.160784
0.164706
0.188235
0.200000
0.192157
0.196078
0.129412
0.168627
0.286275
0.313725
0.270588
0.219608
0.156863
0.368627
0.458824
0.517647
0.419608
0.345098
0.309804
0.278431
0.388235
0.380392
0.196078
0.227451
0.168627
0.113725
0.160784
0.203922
0.223529
0.235294
0.250980
0.258824
0.184314
0.152941
0.192157
0.207843
0.188235
0.250980
0.176471
0.294118
0.247059
0.211765
0.215686
0.250980
0.113725
0.207843
0.364706
0.505882
0.474510
0.396078
0.341176
0.309804
0.392157
0.443137
0.247059
0.192157
0.227451
0.184314
0.160784
0.207843
0.247059
0.227451
0.235294
0.278431
0.227451
0.168627
0.192157
0.231373
0.200000
0.239216
0.270588
0.345098
0.274510
0.254902
0.231373
0.250980
0.203922
0.137255
0.156863
0.301961
0.341176
0.349020
0.400000
0.352941
0.431373
0.545098
0.368627
0.152941
0.172549
0.172549
0.164706
0.192157
0.270588
0.227451
0.254902
0.266667
0.239216
0.176471
0.290196
0.380392
0.286275
0.231373
0.219608
0.227451
0.298039
0.294118
0.223529
0.215686
0.254902
0.223529
0.149020
0.141176
0.145098
0.235294
0.317647
0.364706
0.537255
0.678431
0.537255
0.196078
0.176471
0.156863
0.152941
0.200000
0.294118
0.239216
0.258824
0.337255
0.290196
0.294118
0.470588
0.411765
0.274510
0.239216
0.137255
0.152941
0.196078
0.203922
0.231373
0.247059
0.219608
0.270588
0.266667
0.247059
0.207843
0.192157
0.180392
0.254902
0.549020
0.721569
0.658824
0.282353
0.172549
0.152941
0.152941
0.200000
0.262745
0.333333
0.411765
0.458824
0.364706
0.462745
0.513725
0.317647
0.239216
0.196078
0.137255
0.172549
0.172549
0.156863
0.250980
0.345098
0.247059
0.325490
0.372549
0.466667
0.392157
0.384314
0.337255
0.247059
0.490196
0.717647
0.701961
0.396078
0.192157
0.184314
0.172549
0.172549
0.247059
0.549020
0.631373
0.623529
0.533333
0.635294
0.592157
0.349020
0.294118
0.239216
0.164706
0.305882
0.266667
0.203922
0.341176
0.443137
0.262745
0.356863
0.435294
0.572549
0.572549
0.537255
0.619608
0.650980
0.705882
0.768627
0.768627
0.686275
0.603922
0.568627
0.466667
0.341176
0.384314
0.643137
0.650980
0.662745
0.631373
0.745098
0.662745
0.392157
0.301961
0.321569
0.180392
0.305882
0.317647
0.321569
0.372549
0.388235
0.309804
0.360784
0.439216
0.545098
0.560784
0.525490
0.564706
0.627451
0.623529
0.611765
0.639216
0.698039
0.756863
0.800000
0.807843
0.756863
0.733333
0.674510
0.619608
0.537255
0.564706
0.760784
0.600000
0.466667
0.415686
0.333333
0.160784
0.168627
0.180392
0.192157
0.192157
0.274510
0.290196
0.243137
0.290196
0.317647
0.407843
0.525490
0.376471
0.341176
0.301961
0.290196
0.360784
0.466667
0.498039
0.525490
0.705882
0.819608
0.835294
0.752941
0.592157
0.431373
0.541176
0.709804
0.529412
0.478431
0.423529
0.254902
0.160784
0.192157
0.184314
0.149020
0.184314
0.294118
0.360784
0.329412
0.286275
0.250980
0.427451
0.423529
0.352941
0.329412
0.329412
0.262745
0.254902
0.372549
0.403922
0.368627
0.494118
0.772549
0.811765
0.815686
0.666667
0.607843
0.650980
0.631373
0.549020
0.521569
0.474510
0.356863
0.156863
0.188235
0.176471
0.172549
0.325490
0.505882
0.556863
0.552941
0.505882
0.462745
0.596078
0.549020
0.388235
0.337255
0.329412
0.266667
0.219608
0.341176
0.341176
0.345098
0.403922
0.701961
0.843137
0.831373
0.784314
0.760784
0.729412
0.686275
0.674510
0.670588
0.643137
0.564706
0.145098
0.141176
0.184314
0.372549
0.611765
0.698039
0.709804
0.725490
0.752941
0.745098
0.745098
0.709804
0.603922
0.580392
0.552941
0.513725
0.501961
0.549020
0.509804
0.466667
0.509804
0.678431
0.878431
0.858824
0.843137
0.858824
0.792157
0.752941
0.717647
0.698039
0.682353
0.650980
0.168627
0.298039
0.454902
0.654902
0.776471
0.819608
0.839216
0.839216
0.882353
0.854902
0.772549
0.792157
0.807843
0.800000
0.776471
0.772549
0.772549
0.772549
0.776471
0.784314
0.760784
0.729412
0.796078
0.854902
0.835294
0.843137
0.784314
0.749020
0.686275
0.654902
0.635294
0.615686
0.341176
0.466667
0.619608
0.725490
0.733333
0.741176
0.713725
0.690196
0.690196
0.690196
0.686275
0.690196
0.694118
0.721569
0.717647
0.725490
0.760784
0.768627
0.807843
0.886275
0.882353
0.870588
0.850980
0.850980
0.792157
0.792157
0.772549
0.705882
0.627451
0.580392
0.568627
0.572549
0.407843
0.623529
0.780392
0.741176
0.643137
0.643137
0.674510
0.674510
0.662745
0.701961
0.721569
0.725490
0.737255
0.721569
0.737255
0.733333
0.721569
0.713725
0.717647
0.729412
0.709804
0.701961
0.737255
0.811765
0.847059
0.878431
0.862745
0.760784
0.556863
0.494118
0.505882
0.509804
0.329412
0.615686
0.713725
0.400000
0.239216
0.309804
0.529412
0.733333
0.721569
0.729412
0.737255
0.733333
0.749020
0.721569
0.741176
0.749020
0.737255
0.729412
0.745098
0.745098
0.721569
0.749020
0.776471
0.670588
0.639216
0.764706
0.886275
0.784314
0.521569
0.435294
0.447059
0.454902
0.309804
0.490196
0.423529
0.203922
0.247059
0.286275
0.317647
0.627451
0.772549
0.698039
0.717647
0.709804
0.713725
0.701961
0.709804
0.721569
0.721569
0.725490
0.745098
0.752941
0.768627
0.803922
0.545098
0.309804
0.266667
0.411765
0.709804
0.701961
0.407843
0.352941
0.419608
0.427451
0.364706
0.372549
0.270588
0.239216
0.447059
0.529412
0.388235
0.498039
0.741176
0.698039
0.709804
0.717647
0.709804
0.717647
0.729412
0.737255
0.737255
0.717647
0.725490
0.713725
0.725490
0.615686
0.301961
0.317647
0.309804
0.266667
0.470588
0.678431
0.454902
0.360784
0.435294
0.431373
0.388235
0.337255
0.254902
0.325490
0.615686
0.666667
0.513725
0.474510
0.694118
0.698039
0.650980
0.654902
0.666667
0.686275
0.698039
0.709804
0.705882
0.678431
0.686275
0.662745
0.650980
0.450980
0.341176
0.576471
0.580392
0.356863
0.274510
0.623529
0.549020
0.345098
0.368627
0.403922
0.384314
0.415686
0.329412
0.392157
0.580392
0.533333
0.545098
0.400000
0.533333
0.556863
0.486275
0.478431
0.498039
0.513725
0.521569
0.541176
0.545098
0.552941
0.588235
0.580392
0.678431
0.439216
0.431373
0.666667
0.678431
0.486275
0.180392
0.447059
0.552941
0.415686
0.368627
0.380392
0.396078
0.376471
0.286275
0.392157
0.607843
0.600000
0.537255
0.258824
0.274510
0.274510
0.219608
0.223529
0.243137
0.258824
0.274510
0.294118
0.305882
0.321569
0.364706
0.396078
0.470588
0.266667
0.474510
0.631373
0.635294
0.552941
0.176471
0.250980
0.431373
0.458824
0.380392
0.439216
0.450980
0.443137
0.368627
0.337255
0.505882
0.568627
0.384314
0.192157
0.235294
0.227451
0.192157
0.164706
0.152941
0.188235
0.168627
0.141176
0.137255
0.113725
0.145098
0.176471
0.168627
0.109804
0.396078
0.643137
0.682353
0.513725
0.152941
0.168627
0.266667
0.396078
0.388235
0.450980
0.517647
0.513725
0.494118
0.372549
0.329412
0.411765
0.356863
0.345098
0.380392
0.380392
0.411765
0.407843
0.388235
0.439216
0.403922
0.368627
0.333333
0.313725
0.372549
0.364706
0.325490
0.231373
0.270588
0.552941
0.592157
0.352941
0.188235
0.254902
0.341176
0.396078
0.423529
0.415686
0.537255
0.537255
0.509804
0.505882
0.490196
0.501961
0.486275
0.458824
0.498039
0.541176
0.572549
0.564706
0.529412
0.545098
0.533333
0.513725
0.474510
0.588235
0.592157
0.560784
0.549020
0.513725
0.403922
0.494118
0.470588
0.376471
0.411765
0.490196
0.521569
0.486275
0.439216
0.396078
0.537255
0.537255
0.525490
0.564706
0.584314
0.611765
0.588235
0.541176
0.607843
0.627451
0.603922
0.588235
0.541176
0.592157
0.560784
0.576471
0.556863
0.576471
0.576471
0.600000
0.596078
0.564706
0.513725
0.580392
0.525490
0.549020
0.556863
0.572549
0.588235
0.560784
0.498039
0.450980
0.560784
0.564706
0.572549
0.584314
0.607843
0.654902
0.639216
0.603922
0.635294
0.647059
0.647059
0.600000
0.505882
0.615686
0.639216
0.600000
0.584314
0.592157
0.588235
0.521569
0.533333
0.533333
0.474510
0.596078
0.560784
0.556863
0.549020
0.556863
0.615686
0.549020
0.541176
0.490196
0.556863
0.592157
0.572549
0.564706
0.623529
0.674510
0.647059
0.584314
0.600000
0.670588
0.639216
0.627451
0.588235
0.607843
0.701961
0.666667
0.611765
0.658824
0.619608
0.525490
0.537255
0.490196
0.494118
0.596078
0.525490
0.521569
0.529412
0.545098
0.568627
0.513725
0.501961
0.474510
0.584314
0.592157
0.592157
0.623529
0.643137
0.650980
0.670588
0.596078
0.584314
0.619608
0.596078
0.647059
0.662745
0.607843
0.627451
0.654902
0.615686
0.643137
0.662745
0.592157
0.592157
0.505882
0.513725
0.600000
0.513725
0.509804
0.521569
0.513725
0.537255
0.537255
0.490196
0.450980
0.666667
0.631373
0.623529
0.650980
0.654902
0.639216
0.654902
0.650980
0.694118
0.670588
0.635294
0.694118
0.678431
0.619608
0.615686
0.643137
0.611765
0.639216
0.729412
0.631373
0.623529
0.580392
0.517647
0.650980
0.615686
0.529412
0.482353
0.588235
0.580392
0.584314
0.466667
0.427451
0.262745
0.298039
0.294118
0.325490
0.266667
0.160784
0.235294
0.282353
0.278431
0.313725
0.427451
0.552941
0.498039
0.505882
0.403922
0.219608
0.290196
0.396078
0.368627
0.427451
0.474510
0.360784
0.301961
0.341176
0.309804
0.274510
0.250980
0.247059
0.231373
0.215686
0.227451
0.270588
0.203922
0.258824
0.278431
0.352941
0.349020
0.207843
0.235294
0.317647
0.317647
0.337255
0.415686
0.584314
0.576471
0.458824
0.415686
0.282353
0.250980
0.364706
0.278431
0.388235
0.478431
0.380392
0.321569
0.364706
0.372549
0.298039
0.239216
0.250980
0.250980
0.239216
0.239216
0.298039
0.164706
0.219608
0.270588
0.368627
0.384314
0.270588
0.254902
0.411765
0.431373
0.458824
0.466667
0.509804
0.466667
0.364706
0.427451
0.356863
0.231373
0.294118
0.184314
0.250980
0.333333
0.325490
0.333333
0.352941
0.403922
0.352941
0.266667
0.254902
0.262745
0.254902
0.250980
0.270588
0.137255
0.203922
0.321569
0.349020
0.317647
0.266667
0.223529
0.450980
0.549020
0.592157
0.545098
0.478431
0.392157
0.345098
0.431373
0.415686
0.235294
0.262745
0.207843
0.180392
0.250980
0.313725
0.352941
0.372549
0.388235
0.396078
0.305882
0.258824
0.274510
0.266667
0.243137
0.329412
0.192157
0.341176
0.294118
0.270588
0.294118
0.313725
0.172549
0.266667
0.450980
0.588235
0.596078
0.494118
0.384314
0.360784
0.419608
0.462745
0.262745
0.223529
0.274510
0.247059
0.239216
0.301961
0.364706
0.356863
0.372549
0.423529
0.360784
0.282353
0.278431
0.290196
0.250980
0.305882
0.290196
0.396078
0.345098
0.349020
0.333333
0.333333
0.266667
0.192157
0.227451
0.372549
0.427451
0.411765
0.427451
0.396078
0.443137
0.541176
0.364706
0.180392
0.219608
0.223529
0.227451
0.282353
0.384314
0.345098
0.380392
0.396078
0.372549
0.294118
0.372549
0.439216
0.341176
0.290196
0.235294
0.266667
0.407843
0.435294
0.345098
0.325490
0.360784
0.317647
0.207843
0.172549
0.180392
0.270588
0.356863
0.403922
0.521569
0.643137
0.517647
0.219608
0.196078
0.168627
0.200000
0.294118
0.411765
0.333333
0.341176
0.427451
0.396078
0.384314
0.529412
0.470588
0.341176
0.298039
0.152941
0.207843
0.305882
0.333333
0.352941
0.368627
0.349020
0.403922
0.368627
0.325490
0.270588
0.243137
0.227451
0.282353
0.525490
0.674510
0.639216
0.309804
0.192157
0.160784
0.200000
0.301961
0.376471
0.384314
0.447059
0.525490
0.454902
0.529412
0.549020
0.352941
0.294118
0.266667
0.160784
0.262745
0.266667
0.243137
0.356863
0.466667
0.388235
0.482353
0.529412
0.603922
0.494118
0.443137
0.372549
0.266667
0.470588
0.686275
0.694118
0.431373
0.227451
0.207843
0.227451
0.274510
0.345098
0.549020
0.615686
0.674510
0.607843
0.682353
0.615686
0.364706
0.321569
0.309804
0.192157
0.415686
0.349020
0.262745
0.431373
0.556863
0.403922
0.513725
0.588235
0.709804
0.662745
0.556863
0.611765
0.662745
0.698039
0.752941
0.768627
0.713725
0.639216
0.603922
0.525490
0.435294
0.458824
0.611765
0.600000
0.694118
0.690196
0.784314
0.686275
0.392157
0.305882
0.380392
0.203922
0.396078
0.380392
0.372549
0.458824
0.490196
0.431373
0.494118
0.552941
0.647059
0.619608
0.501961
0.517647
0.639216
0.631373
0.619608
0.650980
0.717647
0.780392
0.831373
0.854902
0.823529
0.788235
0.647059
0.572549
0.552941
0.615686
0.807843
0.635294
0.462745
0.411765
0.411765
0.168627
0.211765
0.227451
0.247059
0.274510
0.360784
0.376471
0.333333
0.364706
0.396078
0.458824
0.486275
0.313725
0.352941
0.325490
0.313725
0.384314
0.474510
0.505882
0.545098
0.737255
0.862745
0.870588
0.745098
0.576471
0.435294
0.588235
0.776471
0.584314
0.486275
0.435294
0.400000
0.168627
0.207843
0.231373
0.239216
0.262745
0.345098
0.388235
0.352941
0.325490
0.317647
0.454902
0.372549
0.305882
0.345098
0.352941
0.294118
0.286275
0.372549
0.400000
0.388235
0.517647
0.803922
0.858824
0.835294
0.666667
0.603922
0.694118
0.709804
0.619608
0.545098
0.509804
0.529412
0.172549
0.203922
0.211765
0.227451
0.305882
0.388235
0.372549
0.356863
0.317647
0.333333
0.447059
0.396078
0.313725
0.278431
0.270588
0.223529
0.200000
0.305882
0.313725
0.349020
0.407843
0.705882
0.874510
0.882353
0.835294
0.784314
0.776471
0.756863
0.741176
0.721569
0.701961
0.686275
0.149020
0.156863
0.137255
0.207843
0.337255
0.360784
0.349020
0.372549
0.411765
0.431373
0.392157
0.356863
0.298039
0.250980
0.219608
0.207843
0.235294
0.325490
0.325490
0.313725
0.356863
0.517647
0.772549
0.862745
0.882353
0.839216
0.772549
0.784314
0.780392
0.776471
0.764706
0.749020
0.160784
0.298039
0.290196
0.298039
0.400000
0.443137
0.466667
0.482353
0.572549
0.545098
0.384314
0.364706
0.376471
0.337255
0.317647
0.349020
0.392157
0.411765
0.431373
0.462745
0.454902
0.431373
0.537255
0.650980
0.607843
0.541176
0.572549
0.686275
0.709804
0.721569
0.709804
0.698039
0.329412
0.407843
0.356863
0.290196
0.321569
0.317647
0.258824
0.215686
0.223529
0.211765
0.200000
0.227451
0.227451
0.227451
0.227451
0.262745
0.337255
0.341176
0.372549
0.474510
0.494118
0.505882
0.490196
0.431373
0.329412
0.325490
0.411765
0.509804
0.576471
0.600000
0.596078
0.619608
0.400000
0.466667
0.462745
0.388235
0.313725
0.290196
0.262745
0.196078
0.168627
0.152941
0.160784
0.168627
0.160784
0.164706
0.172549
0.184314
0.196078
0.203922
0.203922
0.219608
0.227451
0.247059
0.301961
0.380392
0.450980
0.545098
0.494118
0.466667
0.458824
0.482353
0.498039
0.525490
0.317647
0.352941
0.364706
0.243137
0.176471
0.180392
0.258824
0.325490
0.250980
0.176471
0.188235
0.203922
0.192157
0.196078
0.196078
0.200000
0.203922
0.203922
0.207843
0.207843
0.215686
0.262745
0.321569
0.352941
0.384314
0.454902
0.470588
0.478431
0.427451
0.431373
0.435294
0.447059
0.290196
0.219608
0.156863
0.188235
0.286275
0.274510
0.200000
0.290196
0.301961
0.160784
0.184314
0.196078
0.192157
0.203922
0.200000
0.203922
0.211765
0.207843
0.200000
0.196078
0.235294
0.329412
0.227451
0.180392
0.172549
0.164706
0.262745
0.337255
0.305882
0.380392
0.423529
0.419608
0.345098
0.180392
0.137255
0.294118
0.482353
0.560784
0.372549
0.196078
0.235294
0.160784
0.164706
0.176471
0.172549
0.176471
0.180392
0.188235
0.188235
0.192157
0.188235
0.176471
0.235294
0.250980
0.176471
0.333333
0.349020
0.196078
0.133333
0.227451
0.239216
0.376471
0.443137
0.431373
0.384314
0.235294
0.184314
0.380392
0.662745
0.721569
0.537255
0.247059
0.184314
0.164706
0.168627
0.188235
0.180392
0.168627
0.168627
0.168627
0.160784
0.164706
0.164706
0.164706
0.278431
0.247059
0.301961
0.607843
0.623529
0.360784
0.141176
0.180392
0.176471
0.301961
0.372549
0.396078
0.396078
0.392157
0.305882
0.435294
0.627451
0.596078
0.588235
0.270588
0.192157
0.231373
0.266667
0.278431
0.266667
0.258824
0.254902
0.258824
0.250980
0.239216
0.219608
0.219608
0.466667
0.396078
0.462745
0.701961
0.717647
0.529412
0.180392
0.149020
0.207843
0.321569
0.364706
0.372549
0.396078
0.380392
0.286275
0.407843
0.643137
0.654902
0.572549
0.207843
0.101961
0.141176
0.188235
0.211765
0.211765
0.219608
0.231373
0.239216
0.247059
0.250980
0.231373
0.231373
0.396078
0.301961
0.541176
0.674510
0.666667
0.607843
0.188235
0.145098
0.270588
0.364706
0.368627
0.431373
0.419608
0.419608
0.352941
0.325490
0.525490
0.607843
0.396078
0.176471
0.156863
0.160784
0.176471
0.156863
0.141176
0.172549
0.156863
0.133333
0.137255
0.137255
0.145098
0.137255
0.152941
0.141176
0.458824
0.686275
0.717647
0.545098
0.152941
0.164706
0.247059
0.356863
0.380392
0.439216
0.458824
0.447059
0.450980
0.337255
0.337255
0.431373
0.345098
0.352941
0.380392
0.356863
0.380392
0.384314
0.360784
0.392157
0.368627
0.352941
0.329412
0.301961
0.356863
0.352941
0.305882
0.219608
0.301961
0.596078
0.623529
0.360784
0.200000
0.235294
0.333333
0.419608
0.423529
0.400000
0.486275
0.474510
0.458824
0.454902
0.450980
0.458824
0.443137
0.458824
0.494118
0.494118
0.501961
0.517647
0.498039
0.494118
0.490196
0.505882
0.490196
0.537255
0.529412
0.529412
0.501961
0.462745
0.411765
0.501961
0.482353
0.352941
0.380392
0.439216
0.494118
0.498039
0.435294
0.392157
0.505882
0.501961
0.482353
0.509804
0.501961
0.525490
0.529412
0.521569
0.564706
0.533333
0.498039
0.521569
0.501961
0.545098
0.509804
0.549020
0.556863
0.521569
0.521569
0.584314
0.560784
0.529412
0.517647
0.560784
0.525490
0.517647
0.486275
0.517647
0.560784
0.541176
0.482353
0.450980
0.529412
0.533333
0.533333
0.525490
0.521569
0.560784
0.572549
0.564706
0.584314
0.564706
0.552941
0.537255
0.466667
0.568627
0.568627
0.529412
0.529412
0.533333
0.556863
0.533333
0.545098
0.541176
0.494118
0.576471
0.560784
0.537255
0.501961
0.525490
0.584314
0.521569
0.517647
0.478431
0.525490
0.552941
0.529412
0.505882
0.533333
0.584314
0.568627
0.525490
0.549020
0.600000
0.556863
0.564706
0.541176
0.552941
0.615686
0.568627
0.521569
0.584314
0.572549
0.521569
0.545098
0.513725
0.513725
0.572549
0.517647
0.505882
0.505882
0.529412
0.533333
0.478431
0.478431
0.466667
0.545098
0.549020
0.545098
0.556863
0.552941
0.568627
0.596078
0.521569
0.529412
0.560784
0.525490
0.580392
0.600000
0.537255
0.537255
0.560784
0.537255
0.556863
0.584314
0.545098
0.564706
0.505882
0.529412
0.552941
0.486275
0.482353
0.501961
0.498039
0.498039
0.505882
0.482353
0.458824
0.623529
0.588235
0.572549
0.588235
0.580392
0.576471
0.588235
0.572549
0.635294
0.615686
0.572549
0.627451
0.600000
0.529412
0.525490
0.584314
0.584314
0.580392
0.643137
0.564706
0.568627
0.560784
0.517647
0.580392
0.556863
0.482353
0.458824
0.564706
0.537255
0.564706
0.490196
0.462745
0.219608
0.239216
0.227451
0.250980
0.203922
0.125490
0.188235
0.188235
0.176471
0.211765
0.282353
0.376471
0.337255
0.360784
0.290196
0.192157
0.223529
0.231373
0.270588
0.270588
0.243137
0.219608
0.200000
0.247059
0.231373
0.200000
0.184314
0.180392
0.168627
0.152941
0.172549
0.223529
0.168627
0.203922
0.211765
0.274510
0.282353
0.160784
0.164706
0.192157
0.172549
0.203922
0.262745
0.411765
0.419608
0.313725
0.294118
0.227451
0.188235
0.219608
0.164706
0.227451
0.254902
0.227451
0.203922
0.254902
0.278431
0.211765
0.160784
0.176471
0.180392
0.172549
0.176471
0.243137
0.133333
0.164706
0.207843
0.290196
0.309804
0.215686
0.168627
0.274510
0.266667
0.313725
0.317647
0.341176
0.305882
0.215686
0.294118
0.258824
0.168627
0.200000
0.101961
0.133333
0.176471
0.196078
0.211765
0.231373
0.298039
0.254902
0.176471
0.172549
0.188235
0.184314
0.184314
0.211765
0.101961
0.149020
0.250980
0.258824
0.223529
0.207843
0.145098
0.329412
0.407843
0.470588
0.411765
0.317647
0.219608
0.184314
0.274510
0.270588
0.160784
0.215686
0.156863
0.113725
0.168627
0.219608
0.227451
0.243137
0.270588
0.282353
0.203922
0.164706
0.188235
0.188235
0.172549
0.266667
0.156863
0.282353
0.223529
0.164706
0.180392
0.250980
0.121569
0.188235
0.356863
0.513725
0.490196
0.333333
0.188235
0.180392
0.239216
0.262745
0.168627
0.184314
0.207843
0.188235
0.184314
0.215686
0.235294
0.227451
0.250980
0.301961
0.254902
0.184314
0.188235
0.207843
0.176471
0.250980
0.247059
0.333333
0.262745
0.239216
0.219608
0.274510
0.227451
0.141176
0.176471
0.337255
0.356863
0.270588
0.231373
0.207843
0.258824
0.341176
0.262745
0.133333
0.133333
0.152941
0.168627
0.180392
0.243137
0.219608
0.254902
0.262745
0.239216
0.176471
0.278431
0.356863
0.266667
0.231373
0.188235
0.203922
0.309804
0.333333
0.266667
0.262745
0.294118
0.247059
0.164706
0.156863
0.152941
0.196078
0.223529
0.239216
0.380392
0.509804
0.415686
0.168627
0.156863
0.129412
0.152941
0.196078
0.247059
0.207843
0.211765
0.258824
0.207843
0.235294
0.431373
0.392157
0.262745
0.227451
0.129412
0.160784
0.235294
0.258824
0.286275
0.298039
0.266667
0.313725
0.305882
0.294118
0.243137
0.200000
0.145098
0.168627
0.427451
0.588235
0.549020
0.254902
0.160784
0.133333
0.156863
0.215686
0.235294
0.262745
0.321569
0.364706
0.282353
0.392157
0.474510
0.298039
0.235294
0.207843
0.145098
0.215686
0.211765
0.184314
0.286275
0.388235
0.294118
0.376471
0.423529
0.517647
0.427451
0.388235
0.313725
0.203922
0.411765
0.623529
0.619608
0.368627
0.180392
0.168627
0.180392
0.211765
0.258824
0.439216
0.490196
0.545098
0.486275
0.592157
0.564706
0.337255
0.298039
0.282353
0.152941
0.337255
0.274510
0.196078
0.356863
0.470588
0.298039
0.396078
0.447059
0.564706
0.541176
0.466667
0.549020
0.627451
0.654902
0.701961
0.701961
0.647059
0.584314
0.556863
0.474510
0.392157
0.415686
0.517647
0.478431
0.592157
0.607843
0.713725
0.643137
0.380392
0.313725
0.384314
0.141176
0.301961
0.286275
0.290196
0.376471
0.396078
0.321569
0.368627
0.407843
0.478431
0.462745
0.380392
0.435294
0.592157
0.584314
0.564706
0.588235
0.647059
0.717647
0.780392
0.807843
0.792157
0.760784
0.564706
0.458824
0.450980
0.537255
0.737255
0.572549
0.435294
0.415686
0.423529
0.133333
0.152941
0.160784
0.172549
0.184314
0.258824
0.270588
0.219608
0.258824
0.266667
0.313725
0.372549
0.231373
0.270588
0.243137
0.239216
0.313725
0.403922
0.439216
0.490196
0.698039
0.831373
0.831373
0.674510
0.466667
0.313725
0.490196
0.678431
0.486275
0.427451
0.415686
0.396078
0.145098
0.168627
0.184314
0.160784
0.156863
0.227451
0.266667
0.235294
0.227451
0.203922
0.337255
0.286275
0.231373
0.258824
0.270588
0.223529
0.223529
0.305882
0.337255
0.333333
0.478431
0.764706
0.803922
0.772549
0.580392
0.478431
0.568627
0.580392
0.486275
0.447059
0.447059
0.478431
0.145098
0.156863
0.156863
0.141176
0.192157
0.270588
0.262745
0.258824
0.235294
0.239216
0.372549
0.341176
0.247059
0.215686
0.215686
0.176471
0.149020
0.247059
0.250980
0.282353
0.349020
0.650980
0.815686
0.827451
0.756863
0.666667
0.623529
0.592157
0.580392
0.572549
0.568627
0.584314
0.145098
0.137255
0.101961
0.152941
0.250980
0.274510
0.266667
0.301961
0.352941
0.372549
0.349020
0.325490
0.254902
0.207843
0.188235
0.176471
0.192157
0.278431
0.274510
0.254902
0.309804
0.482353
0.741176
0.815686
0.807843
0.737255
0.615686
0.600000
0.592157
0.588235
0.588235
0.600000
0.152941
0.282353
0.258824
0.247059
0.298039
0.341176
0.376471
0.400000
0.486275
0.458824
0.313725
0.301961
0.305882
0.266667
0.254902
0.282353
0.313725
0.349020
0.376471
0.407843
0.407843
0.388235
0.501961
0.627451
0.588235
0.505882
0.447059
0.498039
0.501961
0.513725
0.509804
0.505882
0.266667
0.352941
0.298039
0.235294
0.250980
0.254902
0.207843
0.164706
0.172549
0.160784
0.137255
0.141176
0.137255
0.152941
0.156863
0.196078
0.258824
0.266667
0.301961
0.407843
0.431373
0.431373
0.411765
0.411765
0.329412
0.298039
0.313725
0.349020
0.384314
0.400000
0.403922
0.419608
0.294118
0.384314
0.407843
0.352941
0.305882
0.278431
0.239216
0.160784
0.121569
0.117647
0.121569
0.113725
0.109804
0.117647
0.133333
0.149020
0.156863
0.145098
0.145098
0.168627
0.172549
0.176471
0.215686
0.337255
0.411765
0.466667
0.400000
0.345098
0.298039
0.313725
0.337255
0.352941
0.211765
0.294118
0.352941
0.223529
0.176471
0.176471
0.243137
0.282353
0.200000
0.145098
0.152941
0.156863
0.145098
0.125490
0.141176
0.152941
0.156863
0.149020
0.156863
0.164706
0.168627
0.207843
0.262745
0.298039
0.337255
0.411765
0.415686
0.380392
0.290196
0.290196
0.305882
0.309804
0.219608
0.196078
0.168627
0.192157
0.294118
0.282353
0.192157
0.254902
0.262745
0.125490
0.129412
0.145098
0.149020
0.125490
0.125490
0.137255
0.145098
0.145098
0.152941
0.156863
0.203922
0.309804
0.211765
0.152941
0.149020
0.164706
0.247059
0.254902
0.227451
0.317647
0.317647
0.294118
0.298039
0.164706
0.137255
0.294118
0.474510
0.552941
0.364706
0.172549
0.200000
0.105882
0.098039
0.125490
0.137255
0.121569
0.125490
0.129412
0.125490
0.125490
0.125490
0.117647
0.184314
0.223529
0.180392
0.333333
0.345098
0.192157
0.109804
0.164706
0.223529
0.372549
0.337255
0.301961
0.317647
0.184314
0.164706
0.372549
0.623529
0.686275
0.521569
0.211765
0.141176
0.121569
0.125490
0.145098
0.141176
0.137255
0.133333
0.125490
0.109804
0.109804
0.105882
0.105882
0.200000
0.176471
0.298039
0.615686
0.631373
0.349020
0.094118
0.129412
0.160784
0.243137
0.239216
0.274510
0.298039
0.294118
0.254902
0.423529
0.592157
0.564706
0.588235
0.247059
0.141176
0.203922
0.254902
0.247059
0.227451
0.235294
0.227451
0.219608
0.203922
0.207843
0.207843
0.203922
0.419608
0.333333
0.443137
0.709804
0.725490
0.513725
0.149020
0.117647
0.164706
0.227451
0.227451
0.258824
0.282353
0.250980
0.196078
0.396078
0.627451
0.643137
0.592157
0.196078
0.070588
0.137255
0.196078
0.200000
0.192157
0.207843
0.219608
0.219608
0.219608
0.243137
0.243137
0.247059
0.396078
0.282353
0.513725
0.666667
0.662745
0.588235
0.196078
0.125490
0.200000
0.266667
0.247059
0.313725
0.309804
0.278431
0.231373
0.294118
0.509804
0.576471
0.396078
0.141176
0.109804
0.121569
0.141176
0.121569
0.098039
0.125490
0.117647
0.094118
0.101961
0.113725
0.125490
0.113725
0.133333
0.121569
0.423529
0.658824
0.694118
0.521569
0.152941
0.141176
0.164706
0.239216
0.250980
0.313725
0.356863
0.305882
0.309804
0.270588
0.274510
0.349020
0.282353
0.243137
0.247059
0.211765
0.219608
0.239216
0.231373
0.247059
0.231373
0.231373
0.219608
0.211765
0.258824
0.239216
0.200000
0.141176
0.254902
0.541176
0.572549
0.321569
0.141176
0.184314
0.243137
0.262745
0.266667
0.258824
0.364706
0.337255
0.321569
0.337255
0.321569
0.321569
0.301961
0.274510
0.294118
0.282353
0.282353
0.321569
0.317647
0.305882
0.305882
0.321569
0.305882
0.376471
0.368627
0.356863
0.321569
0.301961
0.290196
0.380392
0.360784
0.247059
0.254902
0.313725
0.349020
0.321569
0.270588
0.239216
0.345098
0.341176
0.325490
0.341176
0.329412
0.360784
0.349020
0.305882
0.352941
0.325490
0.290196
0.329412
0.317647
0.356863
0.325490
0.356863
0.352941
0.329412
0.337255
0.400000
0.368627
0.337255
0.341176
0.392157
0.352941
0.356863
0.329412
0.345098
0.368627
0.364706
0.329412
0.298039
0.360784
0.352941
0.345098
0.337255
0.341176
0.396078
0.388235
0.349020
0.372549
0.352941
0.341176
0.333333
0.266667
0.368627
0.376471
0.337255
0.329412
0.329412
0.360784
0.349020
0.360784
0.352941
0.305882
0.403922
0.384314
0.364706
0.337255
0.341176
0.396078
0.349020
0.364706
0.333333
0.388235
0.400000
0.356863
0.321569
0.356863
0.419608
0.392157
0.317647
0.333333
0.392157
0.352941
0.360784
0.333333
0.349020
0.419608
0.376471
0.325490
0.356863
0.349020
0.313725
0.341176
0.305882
0.321569
0.396078
0.337255
0.329412
0.333333
0.341176
0.345098
0.309804
0.329412
0.325490
0.447059
0.439216
0.415686
0.407843
0.392157
0.415686
0.427451
0.329412
0.329412
0.372549
0.341176
0.388235
0.396078
0.337255
0.345098
0.368627
0.337255
0.313725
0.337255
0.317647
0.341176
0.282353
0.333333
0.380392
0.305882
0.301961
0.325490
0.309804
0.309804
0.333333
0.325490
0.313725
0.529412
0.482353
0.462745
0.458824
0.431373
0.435294
0.439216
0.407843
0.458824
0.454902
0.415686
0.447059
0.407843
0.345098
0.345098
0.392157
0.376471
0.349020
0.419608
0.356863
0.356863
0.337255
0.321569
0.411765
0.384314
0.305882
0.278431
0.380392
0.349020
0.388235
0.325490
0.309804
