0.019608
0.137255
0.235294
0.196078
0.031373
0.078431
0.200000
0.141176
0.090196
0.043137
0.047059
0.000000
0.023529
0.043137
0.117647
0.172549
0.184314
0.066667
0.023529
0.117647
0.086275
0.000000
0.000000
0.000000
0.011765
0.000000
0.003922
0.152941
0.270588
0.227451
0.101961
0.000000
0.031373
0.215686
0.211765
0.203922
0.074510
0.082353
0.184314
0.113725
0.105882
0.125490
0.133333
0.086275
0.074510
0.035294
0.196078
0.223529
0.329412
0.192157
0.211765
0.266667
0.196078
0.121569
0.117647
0.109804
0.113725
0.125490
0.129412
0.294118
0.364706
0.247059
0.113725
0.039216
0.027451
0.160784
0.243137
0.180392
0.027451
0.082353
0.160784
0.215686
0.235294
0.211765
0.196078
0.250980
0.180392
0.062745
0.168627
0.133333
0.243137
0.239216
0.231373
0.176471
0.192157
0.282353
0.235294
0.180392
0.207843
0.250980
0.282353
0.294118
0.262745
0.219608
0.352941
0.337255
0.003922
0.019608
0.062745
0.035294
0.000000
0.019608
0.098039
0.117647
0.074510
0.027451
0.078431
0.223529
0.176471
0.121569
0.117647
0.062745
0.109804
0.133333
0.101961
0.066667
0.070588
0.180392
0.094118
0.023529
0.019608
0.125490
0.113725
0.090196
0.058824
0.192157
0.384314
0.317647
0.000000
0.003922
0.000000
0.000000
0.000000
0.011765
0.050980
0.062745
0.039216
0.031373
0.066667
0.074510
0.094118
0.070588
0.031373
0.058824
0.101961
0.152941
0.133333
0.050980
0.054902
0.043137
0.031373
0.011765
0.007843
0.086275
0.125490
0.149020
0.184314
0.180392
0.164706
0.137255
0.003922
0.003922
0.007843
0.007843
0.007843
0.023529
0.035294
0.035294
0.015686
0.113725
0.164706
0.215686
0.168627
0.047059
0.050980
0.066667
0.066667
0.101961
0.050980
0.050980
0.035294
0.007843
0.035294
0.011765
0.039216
0.137255
0.172549
0.098039
0.129412
0.172549
0.243137
0.278431
0.000000
0.003922
0.007843
0.015686
0.019608
0.023529
0.031373
0.074510
0.015686
0.054902
0.427451
0.650980
0.368627
0.192157
0.207843
0.090196
0.117647
0.117647
0.043137
0.058824
0.039216
0.027451
0.062745
0.000000
0.039216
0.137255
0.062745
0.019608
0.047059
0.094118
0.082353
0.098039
0.003922
0.003922
0.003922
0.007843
0.035294
0.043137
0.047059
0.082353
0.031373
0.117647
0.427451
0.658824
0.478431
0.525490
0.462745
0.262745
0.215686
0.050980
0.043137
0.023529
0.031373
0.043137
0.050980
0.027451
0.098039
0.094118
0.082353
0.047059
0.000000
0.011765
0.003922
0.062745
0.003922
0.003922
0.007843
0.011765
0.015686
0.031373
0.054902
0.070588
0.101961
0.337255
0.533333
0.490196
0.450980
0.615686
0.627451
0.384314
0.200000
0.039216
0.011765
0.015686
0.027451
0.047059
0.039216
0.117647
0.141176
0.129412
0.219608
0.117647
0.050980
0.015686
0.031373
0.047059
0.003922
0.003922
0.007843
0.023529
0.043137
0.090196
0.145098
0.266667
0.478431
0.686275
0.811765
0.494118
0.274510
0.400000
0.568627
0.411765
0.294118
0.192157
0.082353
0.031373
0.019608
0.066667
0.058824
0.062745
0.047059
0.094118
0.109804
0.105882
0.070588
0.023529
0.039216
0.058824
0.003922
0.000000
0.007843
0.035294
0.082353
0.113725
0.184314
0.505882
0.800000
0.803922
0.835294
0.690196
0.301961
0.298039
0.662745
0.580392
0.584314
0.501961
0.200000
0.054902
0.000000
0.066667
0.062745
0.003922
0.019608
0.133333
0.203922
0.086275
0.023529
0.011765
0.023529
0.090196
0.007843
0.000000
0.019608
0.054902
0.086275
0.145098
0.145098
0.294118
0.729412
0.898039
0.815686
0.737255
0.741176
0.717647
0.756863
0.662745
0.800000
0.713725
0.466667
0.227451
0.105882
0.074510
0.047059
0.007843
0.011765
0.149020
0.176471
0.000000
0.003922
0.007843
0.027451
0.109804
0.019608
0.015686
0.054902
0.070588
0.156863
0.337255
0.415686
0.235294
0.345098
0.713725
0.905882
0.839216
0.827451
0.752941
0.741176
0.792157
0.772549
0.729412
0.721569
0.435294
0.262745
0.145098
0.035294
0.003922
0.000000
0.058824
0.050980
0.000000
0.007843
0.000000
0.058824
0.196078
0.054902
0.039216
0.074510
0.090196
0.156863
0.419608
0.678431
0.439216
0.239216
0.364706
0.639216
0.858824
0.913725
0.768627
0.741176
0.854902
0.721569
0.764706
0.650980
0.478431
0.454902
0.282353
0.105882
0.027451
0.019608
0.039216
0.023529
0.023529
0.011765
0.015686
0.066667
0.184314
0.054902
0.039216
0.066667
0.082353
0.121569
0.270588
0.533333
0.576471
0.384314
0.368627
0.494118
0.678431
0.933333
0.850980
0.725490
0.772549
0.678431
0.741176
0.615686
0.658824
0.603922
0.431373
0.239216
0.129412
0.035294
0.039216
0.082353
0.023529
0.023529
0.078431
0.039216
0.031373
0.066667
0.035294
0.054902
0.101961
0.133333
0.192157
0.301961
0.380392
0.392157
0.384314
0.431373
0.564706
0.737255
0.733333
0.701961
0.705882
0.756863
0.764706
0.760784
0.835294
0.643137
0.486275
0.333333
0.211765
0.149020
0.050980
0.050980
0.039216
0.070588
0.035294
0.011765
0.047059
0.086275
0.090196
0.043137
0.125490
0.133333
0.168627
0.215686
0.239216
0.298039
0.352941
0.419608
0.498039
0.533333
0.627451
0.627451
0.752941
0.827451
0.749020
0.792157
0.862745
0.729412
0.541176
0.478431
0.337255
0.180392
0.117647
0.039216
0.027451
0.035294
0.039216
0.070588
0.082353
0.105882
0.070588
0.039216
0.152941
0.203922
0.215686
0.219608
0.243137
0.309804
0.411765
0.533333
0.533333
0.521569
0.639216
0.733333
0.831373
0.819608
0.862745
0.803922
0.827451
0.921569
0.717647
0.576471
0.458824
0.227451
0.152941
0.054902
0.035294
0.105882
0.125490
0.172549
0.200000
0.133333
0.050980
0.003922
0.054902
0.200000
0.278431
0.286275
0.321569
0.392157
0.513725
0.588235
0.592157
0.556863
0.639216
0.764706
0.913725
0.937255
0.949020
0.811765
0.796078
0.811765
0.721569
0.647059
0.411765
0.345098
0.235294
0.109804
0.047059
0.125490
0.109804
0.176471
0.309804
0.109804
0.098039
0.023529
0.007843
0.039216
0.160784
0.290196
0.400000
0.505882
0.549020
0.541176
0.462745
0.396078
0.611765
0.796078
0.901961
0.945098
0.878431
0.831373
0.752941
0.670588
0.729412
0.800000
0.529412
0.368627
0.282353
0.156863
0.058824
0.078431
0.086275
0.090196
0.149020
0.050980
0.192157
0.094118
0.000000
0.003922
0.011765
0.070588
0.180392
0.294118
0.313725
0.250980
0.105882
0.117647
0.647059
0.909804
0.737255
0.792157
0.913725
0.807843
0.756863
0.745098
0.611765
0.729412
0.658824
0.364706
0.274510
0.223529
0.070588
0.043137
0.027451
0.062745
0.082353
0.074510
0.125490
0.101961
0.011765
0.000000
0.003922
0.000000
0.000000
0.007843
0.007843
0.000000
0.000000
0.121569
0.611765
0.839216
0.419608
0.341176
0.803922
0.839216
0.776471
0.674510
0.494118
0.572549
0.541176
0.368627
0.239216
0.262745
0.129412
0.113725
0.160784
0.078431
0.011765
0.109804
0.058824
0.117647
0.058824
0.019608
0.000000
0.000000
0.007843
0.003922
0.043137
0.176471
0.203922
0.184314
0.560784
0.764706
0.325490
0.066667
0.239216
0.439216
0.580392
0.600000
0.568627
0.494118
0.439216
0.345098
0.305882
0.294118
0.141176
0.141176
0.172549
0.062745
0.011765
0.113725
0.054902
0.101961
0.141176
0.035294
0.035294
0.062745
0.062745
0.054902
0.231373
0.392157
0.298039
0.333333
0.698039
0.760784
0.337255
0.035294
0.027451
0.086275
0.211765
0.372549
0.494118
0.482353
0.447059
0.458824
0.309804
0.239216
0.180392
0.164706
0.058824
0.043137
0.031373
0.086275
0.066667
0.094118
0.145098
0.043137
0.098039
0.243137
0.203922
0.282353
0.623529
0.474510
0.435294
0.592157
0.701961
0.556863
0.223529
0.054902
0.031373
0.003922
0.003922
0.027451
0.266667
0.525490
0.521569
0.584314
0.494118
0.298039
0.184314
0.192157
0.078431
0.047059
0.023529
0.054902
0.074510
0.062745
0.105882
0.098039
0.074510
0.184314
0.396078
0.486275
0.494118
0.450980
0.400000
0.490196
0.631373
0.501961
0.113725
0.039216
0.078431
0.070588
0.039216
0.023529
0.047059
0.333333
0.505882
0.607843
0.737255
0.458824
0.235294
0.223529
0.109804
0.019608
0.019608
0.058824
0.074510
0.070588
0.047059
0.094118
0.058824
0.223529
0.286275
0.149020
0.125490
0.192157
0.305882
0.517647
0.474510
0.254902
0.078431
0.098039
0.125490
0.117647
0.109804
0.094118
0.050980
0.082353
0.270588
0.411765
0.729412
0.486275
0.266667
0.243137
0.054902
0.015686
0.027451
0.047059
0.098039
0.113725
0.031373
0.074510
0.078431
0.121569
0.047059
0.043137
0.117647
0.141176
0.325490
0.584314
0.521569
0.164706
0.121569
0.180392
0.188235
0.109804
0.066667
0.094118
0.047059
0.027451
0.031373
0.152941
0.549020
0.474510
0.254902
0.231373
0.074510
0.074510
0.074510
0.070588
0.082353
0.078431
0.058824
0.078431
0.121569
0.054902
0.090196
0.082353
0.074510
0.168627
0.313725
0.419608
0.247059
0.043137
0.121569
0.129412
0.156863
0.074510
0.039216
0.039216
0.047059
0.101961
0.054902
0.070588
0.435294
0.380392
0.176471
0.086275
0.027451
0.031373
0.121569
0.050980
0.035294
0.039216
0.117647
0.062745
0.121569
0.078431
0.078431
0.121569
0.141176
0.309804
0.490196
0.407843
0.117647
0.050980
0.043137
0.023529
0.050980
0.066667
0.066667
0.039216
0.117647
0.098039
0.125490
0.129412
0.223529
0.254902
0.109804
0.039216
0.043137
0.031373
0.039216
0.023529
0.035294
0.050980
0.090196
0.066667
0.058824
0.113725
0.105882
0.247059
0.376471
0.278431
0.219608
0.164706
0.101961
0.133333
0.105882
0.070588
0.078431
0.105882
0.074510
0.054902
0.149020
0.145098
0.200000
0.211765
0.156863
0.109804
0.113725
0.082353
0.039216
0.086275
0.094118
0.133333
0.137255
0.129412
0.105882
0.141176
0.125490
0.200000
0.203922
0.239216
0.243137
0.129412
0.133333
0.129412
0.113725
0.121569
0.152941
0.113725
0.098039
0.125490
0.121569
0.160784
0.227451
0.192157
0.145098
0.145098
0.121569
0.070588
0.047059
0.121569
0.094118
0.101961
0.117647
0.184314
0.243137
0.286275
0.227451
0.094118
0.149020
0.290196
0.243137
0.223529
0.192157
0.141176
0.015686
0.019608
0.035294
0.101961
0.164706
0.203922
0.113725
0.058824
0.133333
0.086275
0.007843
0.003922
0.000000
0.000000
0.000000
0.027451
0.286275
0.435294
0.325490
0.133333
0.003922
0.098039
0.254902
0.227451
0.200000
0.074510
0.113725
0.262745
0.227451
0.274510
0.301961
0.231373
0.117647
0.086275
0.039216
0.200000
0.254902
0.411765
0.317647
0.321569
0.329412
0.211765
0.125490
0.113725
0.094118
0.086275
0.109804
0.149020
0.431373
0.498039
0.294118
0.129412
0.082353
0.003922
0.149020
0.243137
0.180392
0.023529
0.109804
0.243137
0.345098
0.388235
0.329412
0.235294
0.262745
0.196078
0.109804
0.250980
0.247059
0.431373
0.482353
0.439216
0.309804
0.247059
0.301961
0.243137
0.176471
0.188235
0.247059
0.313725
0.396078
0.329412
0.247059
0.439216
0.517647
0.007843
0.019608
0.058824
0.035294
0.007843
0.058824
0.180392
0.227451
0.168627
0.054902
0.058824
0.215686
0.172549
0.200000
0.250980
0.243137
0.388235
0.458824
0.360784
0.250980
0.160784
0.219608
0.117647
0.039216
0.027451
0.141176
0.160784
0.137255
0.066667
0.219608
0.525490
0.560784
0.015686
0.003922
0.000000
0.000000
0.011765
0.043137
0.098039
0.105882
0.094118
0.062745
0.078431
0.109804
0.133333
0.117647
0.117647
0.231373
0.372549
0.447059
0.356863
0.243137
0.152941
0.074510
0.058824
0.047059
0.047059
0.109804
0.184314
0.211765
0.227451
0.239216
0.250980
0.239216
0.011765
0.000000
0.007843
0.023529
0.039216
0.066667
0.090196
0.090196
0.043137
0.145098
0.125490
0.094118
0.180392
0.172549
0.149020
0.164706
0.262745
0.380392
0.266667
0.235294
0.113725
0.035294
0.047059
0.023529
0.086275
0.176471
0.243137
0.200000
0.211765
0.231373
0.290196
0.333333
0.003922
0.000000
0.011765
0.043137
0.054902
0.074510
0.101961
0.168627
0.070588
0.070588
0.278431
0.313725
0.188235
0.294118
0.400000
0.286275
0.317647
0.309804
0.227451
0.215686
0.090196
0.054902
0.090196
0.023529
0.117647
0.219608
0.152941
0.082353
0.074510
0.113725
0.125490
0.184314
0.000000
0.000000
0.015686
0.043137
0.078431
0.101961
0.129412
0.211765
0.156863
0.133333
0.254902
0.384314
0.235294
0.298039
0.376471
0.384314
0.411765
0.200000
0.145098
0.094118
0.043137
0.074510
0.101961
0.113725
0.274510
0.266667
0.262745
0.152941
0.015686
0.011765
0.019608
0.133333
0.000000
0.003922
0.011765
0.027451
0.043137
0.109804
0.172549
0.145098
0.098039
0.215686
0.313725
0.290196
0.298039
0.466667
0.439216
0.200000
0.125490
0.074510
0.047059
0.035294
0.035294
0.094118
0.117647
0.270588
0.392157
0.380392
0.447059
0.333333
0.196078
0.043137
0.023529
0.090196
0.000000
0.000000
0.007843
0.027451
0.035294
0.125490
0.219608
0.247059
0.341176
0.490196
0.607843
0.360784
0.262745
0.392157
0.462745
0.211765
0.090196
0.070588
0.054902
0.035294
0.047059
0.125490
0.125490
0.188235
0.258824
0.325490
0.294118
0.301961
0.231373
0.054902
0.039216
0.156863
0.003922
0.003922
0.015686
0.054902
0.078431
0.121569
0.223529
0.478431
0.662745
0.596078
0.611765
0.529412
0.243137
0.274510
0.568627
0.380392
0.321569
0.250980
0.050980
0.007843
0.015686
0.105882
0.074510
0.031373
0.121569
0.270588
0.321569
0.176471
0.074510
0.007843
0.039216
0.258824
0.023529
0.003922
0.027451
0.098039
0.145098
0.207843
0.239216
0.329412
0.690196
0.796078
0.631373
0.513725
0.552941
0.541176
0.584314
0.482353
0.600000
0.494118
0.227451
0.086275
0.082353
0.105882
0.058824
0.000000
0.043137
0.219608
0.235294
0.011765
0.007843
0.000000
0.070588
0.325490
0.047059
0.015686
0.058824
0.109804
0.203922
0.407843
0.541176
0.309804
0.380392
0.721569
0.839216
0.717647
0.701961
0.552941
0.541176
0.635294
0.607843
0.521569
0.458824
0.215686
0.160784
0.168627
0.082353
0.027451
0.035294
0.109804
0.086275
0.007843
0.011765
0.000000
0.141176
0.439216
0.094118
0.050980
0.086275
0.125490
0.207843
0.490196
0.800000
0.549020
0.309804
0.419608
0.662745
0.847059
0.870588
0.643137
0.600000
0.721569
0.560784
0.576471
0.431373
0.266667
0.266667
0.176471
0.137255
0.164706
0.203922
0.200000
0.105882
0.039216
0.007843
0.023529
0.164706
0.396078
0.090196
0.070588
0.105882
0.137255
0.188235
0.341176
0.635294
0.690196
0.462745
0.427451
0.549020
0.701961
0.925490
0.788235
0.607843
0.619608
0.505882
0.572549
0.450980
0.486275
0.376471
0.215686
0.192157
0.294118
0.337255
0.352941
0.286275
0.074510
0.015686
0.078431
0.078431
0.125490
0.101961
0.074510
0.105882
0.164706
0.196078
0.250980
0.372549
0.470588
0.466667
0.450980
0.505882
0.623529
0.776471
0.717647
0.611765
0.560784
0.603922
0.627451
0.639216
0.701961
0.427451
0.243137
0.160784
0.200000
0.356863
0.341176
0.247059
0.098039
0.101961
0.054902
0.031373
0.074510
0.113725
0.113725
0.070588
0.164706
0.192157
0.227451
0.274510
0.305882
0.372549
0.435294
0.509804
0.576471
0.592157
0.627451
0.580392
0.694118
0.749020
0.639216
0.694118
0.764706
0.549020
0.309804
0.243137
0.160784
0.184314
0.231373
0.129412
0.078431
0.125490
0.168627
0.200000
0.184314
0.137255
0.082353
0.039216
0.160784
0.247059
0.266667
0.270588
0.301961
0.392157
0.505882
0.623529
0.596078
0.560784
0.623529
0.709804
0.839216
0.800000
0.776471
0.709804
0.756863
0.788235
0.525490
0.356863
0.250980
0.090196
0.113725
0.074510
0.117647
0.294118
0.368627
0.396078
0.431373
0.196078
0.086275
0.007843
0.054902
0.215686
0.298039
0.317647
0.372549
0.462745
0.588235
0.631373
0.600000
0.556863
0.603922
0.709804
0.886275
0.933333
0.909804
0.725490
0.701961
0.686275
0.545098
0.450980
0.207843
0.152941
0.105882
0.062745
0.133333
0.325490
0.321569
0.400000
0.603922
0.164706
0.125490
0.027451
0.000000
0.043137
0.160784
0.286275
0.400000
0.509804
0.556863
0.541176
0.443137
0.372549
0.541176
0.698039
0.847059
0.929412
0.858824
0.756863
0.611765
0.486275
0.580392
0.650980
0.325490
0.168627
0.129412
0.074510
0.066667
0.141176
0.254902
0.384314
0.450980
0.090196
0.223529
0.105882
0.000000
0.000000
0.003922
0.050980
0.152941
0.250980
0.274510
0.223529
0.078431
0.086275
0.549020
0.776471
0.658824
0.760784
0.886275
0.737255
0.619608
0.572549
0.482353
0.592157
0.466667
0.184314
0.129412
0.129412
0.074510
0.121569
0.180392
0.270588
0.250980
0.137255
0.188235
0.149020
0.039216
0.000000
0.000000
0.000000
0.000000
0.000000
0.000000
0.000000
0.000000
0.098039
0.513725
0.698039
0.321569
0.290196
0.752941
0.784314
0.705882
0.568627
0.360784
0.419608
0.372549
0.219608
0.125490
0.172549
0.133333
0.329412
0.352941
0.113725
0.027451
0.184314
0.133333
0.188235
0.109804
0.035294
0.007843
0.011765
0.011765
0.007843
0.023529
0.160784
0.227451
0.168627
0.462745
0.627451
0.235294
0.027451
0.200000
0.403922
0.537255
0.525490
0.454902
0.352941
0.294118
0.227451
0.200000
0.196078
0.133333
0.376471
0.368627
0.066667
0.015686
0.172549
0.117647
0.164706
0.196078
0.066667
0.062745
0.082353
0.070588
0.043137
0.156863
0.333333
0.309804
0.270588
0.580392
0.631373
0.258824
0.023529
0.015686
0.074510
0.184314
0.321569
0.423529
0.400000
0.364706
0.388235
0.223529
0.137255
0.184314
0.301961
0.156863
0.058824
0.043137
0.121569
0.101961
0.133333
0.184314
0.082353
0.133333
0.266667
0.219608
0.262745
0.545098
0.400000
0.380392
0.474510
0.584314
0.450980
0.172549
0.062745
0.031373
0.011765
0.003922
0.007843
0.231373
0.498039
0.505882
0.545098
0.415686
0.188235
0.141176
0.200000
0.058824
0.027451
0.047059
0.082353
0.105882
0.090196
0.137255
0.141176
0.109804
0.211765
0.411765
0.490196
0.501961
0.450980
0.352941
0.380392
0.521569
0.411765
0.094118
0.070588
0.098039
0.094118
0.054902
0.027451
0.039216
0.329412
0.490196
0.541176
0.639216
0.325490
0.145098
0.145098
0.050980
0.007843
0.027451
0.094118
0.117647
0.109804
0.086275
0.133333
0.090196
0.247059
0.298039
0.160784
0.172549
0.239216
0.258824
0.400000
0.360784
0.176471
0.086275
0.164706
0.164706
0.145098
0.129412
0.105882
0.054902
0.098039
0.270588
0.364706
0.658824
0.388235
0.168627
0.152941
0.035294
0.039216
0.007843
0.070588
0.117647
0.141176
0.066667
0.117647
0.113725
0.149020
0.058824
0.066667
0.160784
0.137255
0.254902
0.478431
0.443137
0.133333
0.168627
0.270588
0.262745
0.145098
0.094118
0.109804
0.062745
0.058824
0.058824
0.141176
0.517647
0.380392
0.113725
0.141176
0.050980
0.082353
0.105882
0.090196
0.090196
0.098039
0.090196
0.109804
0.156863
0.094118
0.125490
0.121569
0.094118
0.137255
0.247059
0.345098
0.203922
0.043137
0.156863
0.176471
0.200000
0.101961
0.058824
0.062745
0.070588
0.137255
0.074510
0.058824
0.427451
0.309804
0.094118
0.090196
0.047059
0.035294
0.168627
0.078431
0.058824
0.066667
0.141176
0.078431
0.149020
0.117647
0.129412
0.152941
0.141176
0.294118
0.462745
0.384314
0.129412
0.074510
0.062745
0.039216
0.066667
0.090196
0.090196
0.062745
0.149020
0.129412
0.125490
0.125490
0.262745
0.282353
0.180392
0.211765
0.192157
0.101961
0.090196
0.058824
0.082353
0.094118
0.117647
0.094118
0.094118
0.156863
0.145098
0.270588
0.376471
0.282353
0.250980
0.227451
0.180392
0.200000
0.152941
0.109804
0.125490
0.160784
0.121569
0.101961
0.203922
0.192157
0.211765
0.239216
0.282353
0.262745
0.274510
0.329412
0.282353
0.227451
0.192157
0.172549
0.188235
0.168627
0.133333
0.188235
0.160784
0.231373
0.235294
0.247059
0.247059
0.156863
0.207843
0.254902
0.227451
0.200000
0.215686
0.184314
0.188235
0.211765
0.203922
0.243137
0.317647
0.262745
0.188235
0.211765
0.298039
0.298039
0.203922
0.352941
0.341176
0.254902
0.231373
0.027451
0.117647
0.188235
0.145098
0.019608
0.062745
0.172549
0.113725
0.074510
0.023529
0.023529
0.011765
0.019608
0.031373
0.101961
0.149020
0.156863
0.054902
0.011765
0.098039
0.070588
0.000000
0.000000
0.000000
0.003922
0.000000
0.000000
0.098039
0.164706
0.160784
0.090196
0.000000
0.023529
0.192157
0.168627
0.160784
0.062745
0.066667
0.156863
0.078431
0.074510
0.086275
0.101961
0.078431
0.074510
0.027451
0.172549
0.188235
0.266667
0.121569
0.164706
0.227451
0.164706
0.094118
0.094118
0.090196
0.086275
0.098039
0.090196
0.168627
0.243137
0.200000
0.098039
0.027451
0.011765
0.149020
0.231373
0.168627
0.019608
0.066667
0.129412
0.164706
0.172549
0.168627
0.168627
0.203922
0.168627
0.047059
0.117647
0.090196
0.172549
0.149020
0.164706
0.137255
0.160784
0.231373
0.196078
0.164706
0.180392
0.211765
0.215686
0.200000
0.200000
0.172549
0.282353
0.298039
0.003922
0.015686
0.050980
0.027451
0.000000
0.015686
0.070588
0.086275
0.043137
0.011765
0.066667
0.176471
0.145098
0.086275
0.066667
0.027451
0.047059
0.043137
0.039216
0.039216
0.047059
0.137255
0.066667
0.015686
0.011765
0.098039
0.074510
0.039216
0.031373
0.133333
0.282353
0.262745
0.003922
0.000000
0.000000
0.000000
0.000000
0.007843
0.039216
0.054902
0.047059
0.054902
0.098039
0.090196
0.101961
0.054902
0.019608
0.035294
0.050980
0.070588
0.078431
0.043137
0.047059
0.039216
0.031373
0.011765
0.007843
0.043137
0.054902
0.043137
0.070588
0.094118
0.078431
0.027451
0.003922
0.000000
0.003922
0.011765
0.011765
0.015686
0.023529
0.023529
0.035294
0.160784
0.094118
0.031373
0.105882
0.050980
0.031373
0.027451
0.047059
0.094118
0.035294
0.054902
0.039216
0.019608
0.054902
0.023529
0.035294
0.054902
0.050980
0.011765
0.039216
0.070588
0.105882
0.105882
0.000000
0.000000
0.003922
0.023529
0.023529
0.019608
0.019608
0.058824
0.023529
0.043137
0.164706
0.168627
0.074510
0.070588
0.121569
0.070588
0.117647
0.094118
0.019608
0.043137
0.023529
0.019608
0.062745
0.003922
0.039216
0.098039
0.015686
0.003922
0.035294
0.086275
0.054902
0.066667
0.000000
0.000000
0.003922
0.019608
0.035294
0.035294
0.031373
0.066667
0.031373
0.035294
0.121569
0.211765
0.117647
0.129412
0.160784
0.172549
0.211765
0.047059
0.031373
0.019608
0.007843
0.031373
0.047059
0.035294
0.098039
0.058824
0.031373
0.031373
0.015686
0.031373
0.019608
0.082353
0.003922
0.003922
0.011765
0.019608
0.023529
0.043137
0.058824
0.054902
0.019608
0.113725
0.168627
0.160784
0.239216
0.349020
0.290196
0.105882
0.062745
0.019608
0.015686
0.031373
0.015686
0.039216
0.043137
0.121569
0.133333
0.054902
0.109804
0.043137
0.015686
0.011765
0.023529
0.035294
0.003922
0.000000
0.019608
0.050980
0.137255
0.227451
0.227451
0.192157
0.196078
0.270588
0.333333
0.219608
0.235294
0.321569
0.325490
0.125490
0.066667
0.039216
0.027451
0.043137
0.019608
0.054902
0.050980
0.062745
0.039216
0.027451
0.039216
0.031373
0.027451
0.027451
0.047059
0.027451
0.000000
0.003922
0.050980
0.141176
0.325490
0.454902
0.435294
0.486275
0.419608
0.250980
0.282353
0.364706
0.207843
0.207843
0.435294
0.278431
0.227451
0.133333
0.015686
0.023529
0.007843
0.062745
0.050980
0.003922
0.023529
0.098039
0.160784
0.058824
0.015686
0.019608
0.023529
0.039216
0.003922
0.019608
0.137255
0.274510
0.431373
0.580392
0.545098
0.529412
0.623529
0.556863
0.376471
0.349020
0.443137
0.400000
0.407843
0.313725
0.376471
0.196078
0.078431
0.050980
0.050980
0.054902
0.035294
0.007843
0.023529
0.129412
0.160784
0.000000
0.003922
0.011765
0.023529
0.074510
0.011765
0.066667
0.258824
0.407843
0.576471
0.745098
0.792157
0.588235
0.552941
0.749020
0.737255
0.537255
0.447059
0.313725
0.333333
0.450980
0.380392
0.188235
0.180392
0.098039
0.086275
0.074510
0.023529
0.015686
0.019608
0.043137
0.039216
0.000000
0.003922
0.000000
0.054902
0.180392
0.027451
0.117647
0.337255
0.454902
0.588235
0.796078
0.941176
0.737255
0.568627
0.588235
0.717647
0.788235
0.670588
0.403922
0.333333
0.470588
0.309804
0.250980
0.200000
0.125490
0.152941
0.082353
0.031373
0.027451
0.039216
0.027451
0.019608
0.023529
0.000000
0.007843
0.058824
0.149020
0.023529
0.101961
0.345098
0.470588
0.525490
0.670588
0.831373
0.874510
0.721569
0.643137
0.701961
0.792157
0.894118
0.674510
0.403922
0.372549
0.247059
0.270588
0.211765
0.274510
0.227451
0.141176
0.078431
0.074510
0.027451
0.023529
0.070588
0.031373
0.011765
0.070588
0.047059
0.011765
0.047059
0.062745
0.286275
0.482353
0.505882
0.615686
0.705882
0.745098
0.756863
0.717647
0.729412
0.807843
0.850980
0.682353
0.478431
0.341176
0.329412
0.333333
0.337255
0.415686
0.223529
0.145098
0.098039
0.082353
0.094118
0.023529
0.039216
0.047059
0.062745
0.035294
0.027451
0.043137
0.086275
0.101961
0.172549
0.411765
0.482353
0.572549
0.654902
0.662745
0.709804
0.741176
0.768627
0.780392
0.674510
0.556863
0.482353
0.517647
0.482353
0.380392
0.423529
0.462745
0.290196
0.145098
0.133333
0.086275
0.074510
0.070588
0.035294
0.031373
0.019608
0.019608
0.066667
0.070588
0.117647
0.082353
0.070588
0.305882
0.498039
0.560784
0.639216
0.694118
0.752941
0.819608
0.874510
0.772549
0.584314
0.537255
0.650980
0.760784
0.650980
0.619608
0.517647
0.470588
0.490196
0.301961
0.176471
0.133333
0.054902
0.074510
0.039216
0.031373
0.058824
0.066667
0.117647
0.117647
0.121569
0.047059
0.000000
0.086275
0.341176
0.513725
0.615686
0.694118
0.752941
0.823529
0.835294
0.725490
0.521569
0.529412
0.572549
0.788235
0.901961
0.819608
0.552941
0.443137
0.415686
0.286275
0.243137
0.101961
0.094118
0.070588
0.031373
0.031373
0.086275
0.058824
0.074510
0.137255
0.094118
0.090196
0.019608
0.011765
0.086275
0.266667
0.443137
0.568627
0.682353
0.686275
0.611765
0.486275
0.337255
0.384314
0.427451
0.674510
0.886275
0.741176
0.541176
0.400000
0.298039
0.301961
0.364706
0.168627
0.078431
0.090196
0.062745
0.039216
0.043137
0.054902
0.062745
0.058824
0.043137
0.168627
0.082353
0.003922
0.000000
0.015686
0.082353
0.184314
0.313725
0.309804
0.200000
0.074510
0.062745
0.333333
0.431373
0.458824
0.705882
0.788235
0.592157
0.400000
0.337255
0.258824
0.341176
0.266667
0.090196
0.094118
0.117647
0.058824
0.035294
0.023529
0.074510
0.043137
0.058824
0.086275
0.082353
0.015686
0.000000
0.000000
0.000000
0.000000
0.003922
0.000000
0.000000
0.000000
0.090196
0.333333
0.403922
0.192157
0.282353
0.690196
0.705882
0.533333
0.376471
0.207843
0.239216
0.211765
0.137255
0.082353
0.125490
0.058824
0.109804
0.149020
0.050980
0.007843
0.101961
0.035294
0.098039
0.062745
0.027451
0.000000
0.003922
0.023529
0.027451
0.027451
0.203922
0.321569
0.149020
0.290196
0.423529
0.152941
0.031373
0.168627
0.345098
0.466667
0.450980
0.333333
0.192157
0.149020
0.137255
0.149020
0.133333
0.043137
0.137255
0.172549
0.043137
0.027451
0.105882
0.039216
0.086275
0.137255
0.035294
0.023529
0.050980
0.062745
0.039216
0.121569
0.372549
0.419608
0.184314
0.352941
0.462745
0.176471
0.011765
0.027451
0.066667
0.168627
0.282353
0.337255
0.278431
0.235294
0.294118
0.180392
0.098039
0.109804
0.152941
0.054902
0.043137
0.031373
0.070588
0.039216
0.070588
0.125490
0.023529
0.066667
0.203922
0.188235
0.184314
0.423529
0.400000
0.427451
0.321569
0.325490
0.286275
0.105882
0.054902
0.050980
0.007843
0.000000
0.003922
0.203922
0.415686
0.396078
0.450980
0.317647
0.125490
0.105882
0.137255
0.027451
0.035294
0.027451
0.039216
0.047059
0.043137
0.086275
0.078431
0.043137
0.149020
0.376471
0.415686
0.400000
0.427451
0.341176
0.235294
0.329412
0.301961
0.054902
0.043137
0.062745
0.054902
0.035294
0.023529
0.035294
0.270588
0.407843
0.435294
0.447059
0.192157
0.105882
0.113725
0.043137
0.023529
0.015686
0.054902
0.058824
0.058824
0.043137
0.082353
0.039216
0.192157
0.270588
0.133333
0.105882
0.164706
0.168627
0.243137
0.243137
0.133333
0.054902
0.086275
0.066667
0.058824
0.070588
0.074510
0.039216
0.070588
0.254902
0.298039
0.454902
0.250980
0.113725
0.101961
0.019608
0.043137
0.003922
0.035294
0.078431
0.098039
0.031373
0.074510
0.066667
0.098039
0.027451
0.035294
0.105882
0.082353
0.156863
0.329412
0.349020
0.090196
0.082353
0.145098
0.129412
0.054902
0.039216
0.082353
0.039216
0.027451
0.043137
0.121569
0.439216
0.321569
0.086275
0.101961
0.039216
0.078431
0.054902
0.054902
0.062745
0.066667
0.054902
0.070588
0.098039
0.035294
0.078431
0.074510
0.047059
0.090196
0.168627
0.250980
0.172549
0.039216
0.121569
0.125490
0.149020
0.066667
0.035294
0.039216
0.035294
0.090196
0.043137
0.050980
0.400000
0.274510
0.066667
0.043137
0.023529
0.043137
0.121569
0.043137
0.023529
0.031373
0.101961
0.043137
0.086275
0.050980
0.070588
0.113725
0.090196
0.196078
0.356863
0.321569
0.105882
0.062745
0.050980
0.027451
0.050980
0.058824
0.066667
0.035294
0.086275
0.074510
0.101961
0.094118
0.188235
0.192157
0.066667
0.031373
0.047059
0.043137
0.043137
0.023529
0.043137
0.054902
0.078431
0.050980
0.035294
0.082353
0.090196
0.223529
0.321569
0.200000
0.152941
0.129412
0.086275
0.105882
0.074510
0.047059
0.058824
0.074510
0.058824
0.043137
0.113725
0.117647
0.160784
0.145098
0.125490
0.090196
0.101961
0.062745
0.019608
0.070588
0.082353
0.109804
0.117647
0.105882
0.074510
0.109804
0.074510
0.133333
0.149020
0.176471
0.176471
0.105882
0.117647
0.109804
0.090196
0.094118
0.121569
0.094118
0.082353
0.086275
0.090196
0.137255
0.203922
0.172549
0.105882
0.070588
0.082353
0.058824
0.047059
0.101961
0.054902
0.066667
0.078431
