0.294118
0.305882
0.317647
0.325490
0.341176
0.341176
0.313725
0.321569
0.325490
0.317647
0.329412
0.349020
0.349020
0.364706
0.376471
0.372549
0.380392
0.384314
0.376471
0.376471
0.372549
0.364706
0.356863
0.352941
0.356863
0.356863
0.364706
0.356863
0.364706
0.349020
0.333333
0.333333
0.321569
0.317647
0.325490
0.333333
0.352941
0.356863
0.329412
0.349020
0.337255
0.329412
0.349020
0.368627
0.376471
0.388235
0.388235
0.388235
0.372549
0.372549
0.364706
0.356863
0.368627
0.376471
0.384314
0.396078
0.384314
0.360784
0.356863
0.372549
0.376471
0.364706
0.356863
0.356863
0.321569
0.325490
0.329412
0.352941
0.360784
0.349020
0.360784
0.368627
0.360784
0.368627
0.380392
0.372549
0.384314
0.376471
0.388235
0.396078
0.376471
0.372549
0.368627
0.376471
0.388235
0.396078
0.388235
0.396078
0.396078
0.376471
0.376471
0.388235
0.388235
0.388235
0.376471
0.372549
0.325490
0.341176
0.325490
0.349020
0.364706
0.360784
0.364706
0.388235
0.396078
0.392157
0.392157
0.403922
0.396078
0.380392
0.384314
0.403922
0.403922
0.407843
0.403922
0.376471
0.368627
0.392157
0.392157
0.396078
0.403922
0.407843
0.411765
0.407843
0.407843
0.403922
0.403922
0.380392
0.341176
0.341176
0.337255
0.352941
0.364706
0.349020
0.352941
0.372549
0.392157
0.388235
0.380392
0.407843
0.407843
0.419608
0.411765
0.411765
0.407843
0.419608
0.470588
0.447059
0.427451
0.411765
0.400000
0.419608
0.427451
0.435294
0.439216
0.431373
0.407843
0.411765
0.415686
0.392157
0.294118
0.298039
0.337255
0.360784
0.368627
0.352941
0.349020
0.368627
0.407843
0.423529
0.419608
0.427451
0.439216
0.439216
0.411765
0.403922
0.411765
0.447059
0.509804
0.545098
0.529412
0.474510
0.458824
0.454902
0.431373
0.419608
0.443137
0.447059
0.423529
0.411765
0.415686
0.415686
0.294118
0.333333
0.372549
0.388235
0.372549
0.368627
0.352941
0.372549
0.400000
0.423529
0.443137
0.447059
0.458824
0.435294
0.435294
0.439216
0.458824
0.505882
0.545098
0.580392
0.580392
0.556863
0.545098
0.533333
0.474510
0.423529
0.435294
0.447059
0.439216
0.423529
0.423529
0.419608
0.321569
0.364706
0.376471
0.396078
0.411765
0.384314
0.384314
0.380392
0.400000
0.435294
0.447059
0.458824
0.435294
0.450980
0.454902
0.462745
0.517647
0.568627
0.611765
0.623529
0.623529
0.615686
0.600000
0.576471
0.568627
0.545098
0.509804
0.466667
0.431373
0.431373
0.423529
0.403922
0.333333
0.364706
0.364706
0.368627
0.392157
0.396078
0.392157
0.388235
0.396078
0.447059
0.466667
0.407843
0.368627
0.435294
0.396078
0.415686
0.454902
0.552941
0.596078
0.600000
0.631373
0.619608
0.607843
0.596078
0.568627
0.549020
0.545098
0.509804
0.486275
0.474510
0.403922
0.341176
0.396078
0.384314
0.380392
0.392157
0.411765
0.435294
0.431373
0.431373
0.450980
0.494118
0.415686
0.266667
0.380392
0.419608
0.380392
0.392157
0.403922
0.435294
0.439216
0.486275
0.592157
0.635294
0.596078
0.501961
0.419608
0.352941
0.356863
0.345098
0.419608
0.549020
0.505882
0.411765
0.427451
0.423529
0.435294
0.443137
0.447059
0.454902
0.470588
0.466667
0.494118
0.560784
0.431373
0.325490
0.450980
0.388235
0.313725
0.301961
0.345098
0.443137
0.427451
0.396078
0.501961
0.603922
0.482353
0.372549
0.337255
0.294118
0.290196
0.258824
0.247059
0.321569
0.403922
0.478431
0.443137
0.443137
0.454902
0.443137
0.454902
0.443137
0.447059
0.466667
0.462745
0.501961
0.443137
0.415686
0.454902
0.372549
0.258824
0.215686
0.211765
0.364706
0.415686
0.329412
0.400000
0.376471
0.286275
0.274510
0.282353
0.282353
0.286275
0.294118
0.294118
0.298039
0.258824
0.262745
0.439216
0.427451
0.431373
0.450980
0.458824
0.403922
0.411765
0.450980
0.400000
0.380392
0.376471
0.458824
0.509804
0.403922
0.286275
0.196078
0.200000
0.341176
0.447059
0.341176
0.403922
0.396078
0.325490
0.309804
0.325490
0.349020
0.337255
0.349020
0.376471
0.376471
0.337255
0.258824
0.384314
0.376471
0.384314
0.392157
0.396078
0.396078
0.400000
0.411765
0.360784
0.301961
0.329412
0.458824
0.380392
0.313725
0.243137
0.188235
0.329412
0.419608
0.505882
0.419608
0.431373
0.462745
0.396078
0.392157
0.372549
0.392157
0.427451
0.450980
0.431373
0.388235
0.360784
0.305882
0.443137
0.435294
0.431373
0.423529
0.439216
0.498039
0.509804
0.470588
0.400000
0.239216
0.243137
0.372549
0.294118
0.247059
0.149020
0.160784
0.294118
0.427451
0.576471
0.494118
0.396078
0.462745
0.411765
0.396078
0.392157
0.411765
0.458824
0.462745
0.427451
0.407843
0.352941
0.333333
0.615686
0.600000
0.592157
0.580392
0.627451
0.600000
0.615686
0.650980
0.619608
0.321569
0.270588
0.443137
0.400000
0.286275
0.188235
0.156863
0.247059
0.317647
0.490196
0.505882
0.356863
0.392157
0.360784
0.380392
0.388235
0.400000
0.439216
0.419608
0.384314
0.368627
0.341176
0.380392
0.733333
0.698039
0.666667
0.643137
0.670588
0.662745
0.615686
0.701961
0.725490
0.494118
0.450980
0.403922
0.435294
0.333333
0.270588
0.258824
0.345098
0.454902
0.478431
0.411765
0.313725
0.329412
0.321569
0.384314
0.372549
0.376471
0.407843
0.376471
0.317647
0.352941
0.380392
0.431373
0.796078
0.796078
0.737255
0.654902
0.654902
0.709804
0.623529
0.556863
0.600000
0.549020
0.552941
0.360784
0.427451
0.407843
0.313725
0.301961
0.407843
0.513725
0.501961
0.368627
0.349020
0.337255
0.360784
0.396078
0.372549
0.380392
0.392157
0.349020
0.294118
0.333333
0.407843
0.505882
0.819608
0.847059
0.800000
0.647059
0.674510
0.729412
0.619608
0.494118
0.525490
0.517647
0.588235
0.427451
0.396078
0.603922
0.611765
0.494118
0.458824
0.439216
0.509804
0.392157
0.317647
0.360784
0.400000
0.396078
0.380392
0.368627
0.345098
0.309804
0.305882
0.298039
0.427451
0.600000
0.819608
0.862745
0.784314
0.654902
0.698039
0.666667
0.572549
0.513725
0.509804
0.494118
0.545098
0.458824
0.372549
0.486275
0.541176
0.580392
0.478431
0.376471
0.627451
0.580392
0.450980
0.474510
0.431373
0.411765
0.407843
0.372549
0.321569
0.294118
0.286275
0.345098
0.537255
0.627451
0.784314
0.866667
0.764706
0.686275
0.686275
0.600000
0.533333
0.509804
0.490196
0.525490
0.486275
0.415686
0.329412
0.294118
0.309804
0.352941
0.396078
0.450980
0.666667
0.670588
0.560784
0.505882
0.454902
0.458824
0.431373
0.364706
0.305882
0.298039
0.317647
0.443137
0.619608
0.650980
0.725490
0.850980
0.764706
0.694118
0.686275
0.560784
0.545098
0.513725
0.541176
0.592157
0.458824
0.411765
0.360784
0.356863
0.356863
0.313725
0.403922
0.478431
0.584314
0.588235
0.501961
0.513725
0.517647
0.482353
0.462745
0.392157
0.313725
0.313725
0.400000
0.556863
0.694118
0.694118
0.701961
0.803922
0.721569
0.654902
0.615686
0.560784
0.552941
0.513725
0.607843
0.615686
0.513725
0.454902
0.450980
0.454902
0.458824
0.423529
0.454902
0.423529
0.509804
0.596078
0.545098
0.549020
0.552941
0.478431
0.494118
0.431373
0.337255
0.372549
0.470588
0.568627
0.647059
0.635294
0.670588
0.741176
0.678431
0.564706
0.556863
0.552941
0.552941
0.584314
0.705882
0.607843
0.529412
0.470588
0.482353
0.447059
0.415686
0.423529
0.431373
0.443137
0.533333
0.572549
0.552941
0.576471
0.576471
0.486275
0.509804
0.427451
0.325490
0.356863
0.494118
0.549020
0.576471
0.600000
0.592157
0.666667
0.603922
0.529412
0.541176
0.525490
0.541176
0.682353
0.725490
0.603922
0.588235
0.556863
0.505882
0.486275
0.509804
0.505882
0.498039
0.513725
0.521569
0.513725
0.494118
0.564706
0.549020
0.482353
0.533333
0.443137
0.407843
0.490196
0.588235
0.603922
0.607843
0.611765
0.505882
0.533333
0.513725
0.529412
0.541176
0.513725
0.549020
0.756863
0.792157
0.713725
0.725490
0.596078
0.505882
0.560784
0.615686
0.537255
0.501961
0.482353
0.505882
0.513725
0.537255
0.592157
0.545098
0.478431
0.498039
0.517647
0.611765
0.643137
0.654902
0.666667
0.647059
0.647059
0.509804
0.521569
0.517647
0.525490
0.545098
0.560784
0.705882
0.831373
0.807843
0.670588
0.725490
0.639216
0.486275
0.596078
0.623529
0.537255
0.486275
0.490196
0.501961
0.533333
0.615686
0.654902
0.580392
0.509804
0.580392
0.654902
0.698039
0.678431
0.690196
0.713725
0.690196
0.686275
0.560784
0.560784
0.576471
0.576471
0.552941
0.639216
0.780392
0.784314
0.772549
0.631373
0.729412
0.745098
0.505882
0.549020
0.552941
0.505882
0.486275
0.501961
0.552941
0.603922
0.650980
0.690196
0.647059
0.678431
0.721569
0.713725
0.709804
0.701961
0.713725
0.709804
0.694118
0.694118
0.596078
0.576471
0.600000
0.615686
0.576471
0.682353
0.788235
0.803922
0.819608
0.698039
0.760784
0.709804
0.498039
0.501961
0.600000
0.525490
0.505882
0.533333
0.552941
0.619608
0.662745
0.674510
0.713725
0.780392
0.745098
0.729412
0.725490
0.733333
0.737255
0.717647
0.713725
0.709804
0.592157
0.592157
0.603922
0.607843
0.592157
0.745098
0.858824
0.866667
0.870588
0.721569
0.690196
0.654902
0.513725
0.584314
0.639216
0.584314
0.549020
0.537255
0.576471
0.643137
0.674510
0.678431
0.741176
0.776471
0.752941
0.749020
0.752941
0.764706
0.760784
0.745098
0.749020
0.741176
0.576471
0.580392
0.584314
0.588235
0.615686
0.807843
0.858824
0.866667
0.890196
0.776471
0.780392
0.729412
0.501961
0.576471
0.635294
0.619608
0.568627
0.580392
0.631373
0.658824
0.658824
0.674510
0.733333
0.752941
0.752941
0.756863
0.772549
0.784314
0.760784
0.760784
0.768627
0.737255
0.580392
0.588235
0.572549
0.588235
0.737255
0.874510
0.870588
0.870588
0.901961
0.843137
0.874510
0.792157
0.701961
0.725490
0.698039
0.725490
0.674510
0.674510
0.670588
0.662745
0.686275
0.745098
0.772549
0.784314
0.788235
0.792157
0.807843
0.807843
0.780392
0.792157
0.788235
0.745098
0.243137
0.254902
0.266667
0.274510
0.294118
0.286275
0.250980
0.258824
0.262745
0.254902
0.266667
0.286275
0.286275
0.301961
0.313725
0.309804
0.313725
0.317647
0.313725
0.313725
0.305882
0.298039
0.290196
0.286275
0.290196
0.290196
0.301961
0.305882
0.313725
0.298039
0.282353
0.282353
0.270588
0.262745
0.270588
0.282353
0.301961
0.298039
0.266667
0.286275
0.274510
0.266667
0.286275
0.305882
0.313725
0.325490
0.325490
0.325490
0.309804
0.305882
0.301961
0.294118
0.301961
0.309804
0.317647
0.329412
0.317647
0.294118
0.298039
0.317647
0.321569
0.313725
0.305882
0.305882
0.258824
0.262745
0.270588
0.294118
0.301961
0.286275
0.298039
0.305882
0.298039
0.305882
0.317647
0.309804
0.321569
0.313725
0.325490
0.333333
0.313725
0.309804
0.309804
0.317647
0.325490
0.329412
0.321569
0.329412
0.333333
0.313725
0.313725
0.325490
0.329412
0.325490
0.317647
0.317647
0.258824
0.278431
0.262745
0.286275
0.301961
0.298039
0.301961
0.325490
0.333333
0.329412
0.329412
0.341176
0.333333
0.317647
0.321569
0.341176
0.341176
0.345098
0.352941
0.329412
0.309804
0.329412
0.325490
0.333333
0.341176
0.345098
0.345098
0.345098
0.341176
0.341176
0.341176
0.329412
0.278431
0.278431
0.274510
0.290196
0.301961
0.286275
0.290196
0.309804
0.329412
0.325490
0.317647
0.345098
0.345098
0.356863
0.349020
0.349020
0.345098
0.360784
0.431373
0.411765
0.376471
0.356863
0.341176
0.352941
0.364706
0.376471
0.380392
0.372549
0.349020
0.352941
0.356863
0.337255
0.231373
0.235294
0.274510
0.298039
0.305882
0.290196
0.286275
0.305882
0.345098
0.360784
0.356863
0.364706
0.376471
0.372549
0.349020
0.341176
0.352941
0.403922
0.474510
0.509804
0.494118
0.435294
0.407843
0.392157
0.376471
0.368627
0.392157
0.396078
0.376471
0.364706
0.364706
0.352941
0.231373
0.270588
0.309804
0.325490
0.309804
0.305882
0.290196
0.309804
0.337255
0.360784
0.380392
0.384314
0.396078
0.372549
0.376471
0.376471
0.400000
0.462745
0.513725
0.552941
0.549020
0.529412
0.509804
0.490196
0.427451
0.368627
0.384314
0.400000
0.388235
0.380392
0.376471
0.360784
0.258824
0.301961
0.313725
0.333333
0.349020
0.321569
0.321569
0.317647
0.337255
0.372549
0.384314
0.392157
0.368627
0.384314
0.388235
0.396078
0.458824
0.525490
0.576471
0.588235
0.588235
0.580392
0.564706
0.533333
0.521569
0.498039
0.462745
0.427451
0.392157
0.376471
0.372549
0.345098
0.270588
0.301961
0.301961
0.305882
0.329412
0.333333
0.329412
0.325490
0.333333
0.384314
0.403922
0.341176
0.294118
0.360784
0.321569
0.341176
0.403922
0.505882
0.549020
0.552941
0.584314
0.572549
0.572549
0.552941
0.517647
0.517647
0.513725
0.486275
0.466667
0.423529
0.345098
0.266667
0.329412
0.321569
0.317647
0.329412
0.349020
0.372549
0.368627
0.368627
0.388235
0.431373
0.352941
0.203922
0.309804
0.345098
0.305882
0.321569
0.341176
0.372549
0.376471
0.423529
0.537255
0.592157
0.545098
0.431373
0.333333
0.270588
0.274510
0.270588
0.364706
0.509804
0.466667
0.352941
0.364706
0.360784
0.372549
0.380392
0.384314
0.388235
0.400000
0.396078
0.431373
0.505882
0.372549
0.266667
0.388235
0.321569
0.247059
0.231373
0.274510
0.360784
0.345098
0.313725
0.431373
0.541176
0.392157
0.250980
0.207843
0.168627
0.160784
0.129412
0.137255
0.247059
0.345098
0.443137
0.380392
0.380392
0.392157
0.380392
0.392157
0.376471
0.368627
0.392157
0.400000
0.454902
0.384314
0.352941
0.384314
0.301961
0.192157
0.152941
0.156863
0.298039
0.333333
0.247059
0.317647
0.294118
0.188235
0.160784
0.164706
0.156863
0.160784
0.168627
0.160784
0.149020
0.137255
0.203922
0.376471
0.364706
0.368627
0.388235
0.396078
0.337255
0.337255
0.372549
0.333333
0.337255
0.325490
0.380392
0.454902
0.349020
0.227451
0.133333
0.145098
0.270588
0.380392
0.282353
0.329412
0.317647
0.235294
0.211765
0.215686
0.223529
0.207843
0.211765
0.231373
0.227451
0.207843
0.164706
0.305882
0.301961
0.305882
0.317647
0.317647
0.325490
0.329412
0.333333
0.286275
0.270588
0.290196
0.384314
0.337255
0.286275
0.203922
0.145098
0.266667
0.345098
0.435294
0.352941
0.356863
0.388235
0.317647
0.305882
0.282353
0.290196
0.309804
0.309804
0.294118
0.262745
0.239216
0.203922
0.384314
0.376471
0.372549
0.380392
0.407843
0.462745
0.478431
0.419608
0.341176
0.211765
0.207843
0.305882
0.250980
0.227451
0.137255
0.145098
0.266667
0.392157
0.513725
0.419608
0.329412
0.403922
0.341176
0.313725
0.309804
0.321569
0.349020
0.337255
0.305882
0.298039
0.247059
0.239216
0.592157
0.580392
0.568627
0.568627
0.615686
0.584314
0.592157
0.623529
0.580392
0.290196
0.235294
0.380392
0.380392
0.286275
0.188235
0.156863
0.231373
0.290196
0.431373
0.431373
0.298039
0.345098
0.298039
0.298039
0.305882
0.309804
0.333333
0.317647
0.278431
0.274510
0.247059
0.286275
0.709804
0.678431
0.647059
0.623529
0.635294
0.627451
0.592157
0.674510
0.694118
0.458824
0.407843
0.360784
0.431373
0.333333
0.262745
0.250980
0.329412
0.423529
0.427451
0.368627
0.274510
0.294118
0.282353
0.309804
0.298039
0.298039
0.309804
0.282353
0.235294
0.274510
0.278431
0.301961
0.768627
0.768627
0.709804
0.631373
0.619608
0.670588
0.588235
0.529412
0.584314
0.525490
0.505882
0.321569
0.419608
0.396078
0.298039
0.286275
0.392157
0.486275
0.458824
0.337255
0.321569
0.305882
0.325490
0.321569
0.301961
0.301961
0.294118
0.254902
0.215686
0.258824
0.301961
0.360784
0.792157
0.819608
0.772549
0.623529
0.635294
0.682353
0.572549
0.443137
0.470588
0.462745
0.541176
0.384314
0.368627
0.580392
0.596078
0.482353
0.443137
0.407843
0.462745
0.356863
0.290196
0.329412
0.364706
0.321569
0.305882
0.294118
0.247059
0.215686
0.223529
0.219608
0.313725
0.454902
0.788235
0.835294
0.756863
0.619608
0.650980
0.623529
0.529412
0.447059
0.423529
0.419608
0.509804
0.427451
0.341176
0.458824
0.525490
0.568627
0.454902
0.349020
0.584314
0.533333
0.407843
0.431373
0.388235
0.329412
0.317647
0.294118
0.235294
0.203922
0.200000
0.231373
0.400000
0.482353
0.756863
0.839216
0.737255
0.647059
0.639216
0.552941
0.474510
0.431373
0.415686
0.478431
0.454902
0.384314
0.301961
0.266667
0.298039
0.341176
0.368627
0.423529
0.627451
0.623529
0.513725
0.458824
0.407843
0.372549
0.337255
0.286275
0.231373
0.223529
0.215686
0.309804
0.462745
0.505882
0.694118
0.823529
0.741176
0.658824
0.639216
0.501961
0.470588
0.423529
0.478431
0.572549
0.427451
0.376471
0.325490
0.317647
0.333333
0.298039
0.384314
0.454902
0.541176
0.537255
0.454902
0.470588
0.470588
0.392157
0.372549
0.313725
0.243137
0.243137
0.286275
0.411765
0.537255
0.552941
0.658824
0.768627
0.694118
0.623529
0.564706
0.494118
0.478431
0.439216
0.568627
0.603922
0.478431
0.419608
0.403922
0.407843
0.427451
0.396078
0.439216
0.396078
0.458824
0.541176
0.490196
0.505882
0.494118
0.376471
0.403922
0.337255
0.243137
0.274510
0.349020
0.450980
0.529412
0.529412
0.623529
0.709804
0.654902
0.525490
0.494118
0.478431
0.474510
0.521569
0.670588
0.588235
0.513725
0.450980
0.450980
0.411765
0.384314
0.396078
0.403922
0.400000
0.486275
0.533333
0.513725
0.533333
0.509804
0.384314
0.411765
0.317647
0.211765
0.247059
0.403922
0.482353
0.509804
0.529412
0.529412
0.623529
0.560784
0.470588
0.466667
0.447059
0.470588
0.631373
0.698039
0.580392
0.580392
0.552941
0.486275
0.466667
0.482353
0.478431
0.470588
0.470588
0.482353
0.478431
0.458824
0.509804
0.458824
0.384314
0.443137
0.325490
0.298039
0.419608
0.541176
0.564706
0.572549
0.572549
0.427451
0.462745
0.439216
0.454902
0.466667
0.439216
0.494118
0.717647
0.756863
0.678431
0.705882
0.592157
0.490196
0.545098
0.603922
0.529412
0.498039
0.458824
0.470588
0.466667
0.490196
0.517647
0.427451
0.384314
0.423529
0.415686
0.525490
0.600000
0.611765
0.615686
0.611765
0.619608
0.435294
0.447059
0.443137
0.450980
0.470588
0.498039
0.666667
0.807843
0.764706
0.607843
0.690196
0.623529
0.474510
0.584314
0.611765
0.525490
0.482353
0.466667
0.466667
0.486275
0.556863
0.564706
0.458824
0.411765
0.517647
0.592157
0.635294
0.635294
0.643137
0.658824
0.654902
0.658824
0.486275
0.486275
0.501961
0.501961
0.486275
0.592157
0.752941
0.760784
0.717647
0.545098
0.678431
0.733333
0.482353
0.537255
0.545098
0.498039
0.474510
0.470588
0.505882
0.545098
0.572549
0.580392
0.529412
0.596078
0.670588
0.670588
0.666667
0.654902
0.666667
0.670588
0.662745
0.666667
0.521569
0.501961
0.525490
0.541176
0.521569
0.647059
0.760784
0.772549
0.760784
0.600000
0.670588
0.690196
0.470588
0.466667
0.584314
0.513725
0.482353
0.486275
0.509804
0.568627
0.564706
0.545098
0.607843
0.713725
0.698039
0.686275
0.682353
0.686275
0.694118
0.690196
0.686275
0.682353
0.517647
0.517647
0.533333
0.533333
0.533333
0.713725
0.831373
0.835294
0.811765
0.631373
0.588235
0.662745
0.584314
0.572549
0.603922
0.549020
0.505882
0.478431
0.513725
0.572549
0.541176
0.537255
0.639216
0.705882
0.705882
0.705882
0.709804
0.717647
0.717647
0.717647
0.721569
0.713725
0.501961
0.509804
0.517647
0.521569
0.568627
0.776471
0.835294
0.839216
0.854902
0.729412
0.725490
0.760784
0.666667
0.627451
0.588235
0.568627
0.513725
0.490196
0.517647
0.537255
0.513725
0.552941
0.658824
0.698039
0.705882
0.713725
0.725490
0.741176
0.733333
0.733333
0.737255
0.717647
0.501961
0.521569
0.513725
0.525490
0.690196
0.843137
0.843137
0.843137
0.878431
0.819608
0.847059
0.760784
0.725490
0.705882
0.611765
0.631373
0.560784
0.529412
0.509804
0.509804
0.556863
0.658824
0.725490
0.741176
0.745098
0.745098
0.756863
0.768627
0.764706
0.768627
0.756863
0.729412
0.207843
0.219608
0.231373
0.239216
0.258824
0.243137
0.200000
0.207843
0.211765
0.203922
0.215686
0.235294
0.235294
0.250980
0.262745
0.258824
0.278431
0.286275
0.266667
0.262745
0.270588
0.270588
0.258824
0.254902
0.258824
0.258824
0.270588
0.270588
0.278431
0.262745
0.247059
0.247059
0.231373
0.227451
0.235294
0.243137
0.266667
0.254902
0.215686
0.235294
0.223529
0.215686
0.235294
0.254902
0.262745
0.274510
0.274510
0.274510
0.270588
0.270588
0.254902
0.243137
0.262745
0.274510
0.286275
0.294118
0.282353
0.262745
0.262745
0.282353
0.286275
0.278431
0.266667
0.270588
0.211765
0.215686
0.219608
0.247059
0.250980
0.235294
0.247059
0.254902
0.247059
0.254902
0.266667
0.258824
0.270588
0.262745
0.274510
0.282353
0.266667
0.262745
0.262745
0.270588
0.278431
0.282353
0.274510
0.282353
0.282353
0.266667
0.262745
0.278431
0.278431
0.278431
0.270588
0.282353
0.207843
0.227451
0.211765
0.235294
0.250980
0.247059
0.250980
0.274510
0.282353
0.278431
0.278431
0.290196
0.282353
0.266667
0.270588
0.290196
0.290196
0.290196
0.309804
0.294118
0.266667
0.274510
0.274510
0.282353
0.290196
0.294118
0.294118
0.294118
0.290196
0.290196
0.290196
0.294118
0.227451
0.227451
0.223529
0.239216
0.250980
0.235294
0.239216
0.254902
0.278431
0.274510
0.266667
0.294118
0.294118
0.305882
0.298039
0.298039
0.294118
0.317647
0.396078
0.384314
0.341176
0.309804
0.298039
0.305882
0.317647
0.329412
0.333333
0.321569
0.298039
0.298039
0.305882
0.298039
0.180392
0.184314
0.223529
0.247059
0.254902
0.235294
0.227451
0.250980
0.294118
0.309804
0.305882
0.313725
0.325490
0.321569
0.298039
0.290196
0.305882
0.368627
0.443137
0.478431
0.458824
0.403922
0.372549
0.360784
0.341176
0.333333
0.349020
0.341176
0.321569
0.309804
0.313725
0.301961
0.180392
0.219608
0.258824
0.274510
0.258824
0.250980
0.231373
0.254902
0.286275
0.309804
0.329412
0.333333
0.345098
0.321569
0.325490
0.325490
0.352941
0.427451
0.470588
0.501961
0.501961
0.482353
0.466667
0.450980
0.392157
0.337255
0.345098
0.345098
0.333333
0.321569
0.321569
0.309804
0.203922
0.250980
0.262745
0.282353
0.298039
0.266667
0.262745
0.262745
0.286275
0.321569
0.333333
0.341176
0.313725
0.329412
0.337255
0.345098
0.419608
0.494118
0.529412
0.533333
0.529412
0.517647
0.509804
0.494118
0.482353
0.458824
0.419608
0.376471
0.345098
0.325490
0.317647
0.290196
0.219608
0.250980
0.250980
0.254902
0.278431
0.282353
0.278431
0.274510
0.282353
0.333333
0.352941
0.290196
0.239216
0.305882
0.266667
0.286275
0.345098
0.447059
0.494118
0.501961
0.525490
0.509804
0.509804
0.498039
0.462745
0.458824
0.450980
0.427451
0.423529
0.372549
0.290196
0.215686
0.278431
0.270588
0.266667
0.278431
0.298039
0.321569
0.317647
0.317647
0.337255
0.380392
0.301961
0.149020
0.254902
0.290196
0.250980
0.262745
0.266667
0.298039
0.305882
0.352941
0.470588
0.529412
0.470588
0.345098
0.254902
0.188235
0.192157
0.188235
0.301961
0.450980
0.407843
0.309804
0.313725
0.309804
0.321569
0.329412
0.333333
0.337255
0.345098
0.345098
0.372549
0.439216
0.309804
0.207843
0.325490
0.262745
0.192157
0.180392
0.207843
0.282353
0.262745
0.247059
0.364706
0.478431
0.313725
0.156863
0.113725
0.066667
0.066667
0.054902
0.070588
0.180392
0.286275
0.388235
0.329412
0.329412
0.341176
0.329412
0.341176
0.321569
0.313725
0.337255
0.345098
0.400000
0.329412
0.290196
0.305882
0.231373
0.141176
0.101961
0.101961
0.223529
0.250980
0.180392
0.254902
0.227451
0.105882
0.066667
0.074510
0.070588
0.074510
0.078431
0.066667
0.047059
0.050980
0.133333
0.325490
0.313725
0.317647
0.333333
0.341176
0.282353
0.282353
0.313725
0.286275
0.321569
0.298039
0.321569
0.392157
0.294118
0.176471
0.082353
0.086275
0.196078
0.290196
0.211765
0.266667
0.250980
0.160784
0.129412
0.133333
0.137255
0.105882
0.090196
0.105882
0.090196
0.090196
0.086275
0.258824
0.254902
0.262745
0.262745
0.258824
0.266667
0.278431
0.270588
0.235294
0.258824
0.266667
0.329412
0.317647
0.270588
0.172549
0.109804
0.207843
0.274510
0.364706
0.282353
0.294118
0.313725
0.239216
0.227451
0.200000
0.192157
0.200000
0.188235
0.152941
0.141176
0.129412
0.117647
0.345098
0.337255
0.333333
0.345098
0.372549
0.435294
0.454902
0.384314
0.294118
0.188235
0.180392
0.247059
0.231373
0.219608
0.121569
0.129412
0.243137
0.368627
0.470588
0.349020
0.270588
0.337255
0.262745
0.231373
0.227451
0.235294
0.247059
0.227451
0.188235
0.192157
0.141176
0.137255
0.556863
0.541176
0.529412
0.529412
0.576471
0.552941
0.568627
0.600000
0.552941
0.262745
0.203922
0.321569
0.352941
0.274510
0.184314
0.152941
0.215686
0.270588
0.388235
0.364706
0.254902
0.298039
0.231373
0.215686
0.223529
0.219608
0.223529
0.207843
0.192157
0.184314
0.149020
0.172549
0.650980
0.619608
0.588235
0.576471
0.588235
0.584314
0.552941
0.643137
0.666667
0.423529
0.356863
0.313725
0.423529
0.333333
0.266667
0.254902
0.325490
0.392157
0.368627
0.325490
0.250980
0.250980
0.219608
0.215686
0.211765
0.207843
0.203922
0.188235
0.156863
0.192157
0.180392
0.184314
0.705882
0.705882
0.647059
0.588235
0.576471
0.623529
0.549020
0.490196
0.537255
0.474510
0.450980
0.274510
0.407843
0.392157
0.301961
0.294118
0.396078
0.454902
0.396078
0.301961
0.298039
0.262745
0.262745
0.223529
0.211765
0.211765
0.192157
0.180392
0.152941
0.184314
0.203922
0.247059
0.729412
0.756863
0.709804
0.576471
0.592157
0.631373
0.521569
0.388235
0.419608
0.411765
0.486275
0.337255
0.345098
0.564706
0.596078
0.486275
0.443137
0.376471
0.403922
0.321569
0.262745
0.282353
0.301961
0.227451
0.215686
0.200000
0.156863
0.160784
0.172549
0.137255
0.211765
0.341176
0.725490
0.768627
0.694118
0.564706
0.596078
0.572549
0.466667
0.372549
0.356863
0.372549
0.466667
0.380392
0.313725
0.447059
0.513725
0.552941
0.439216
0.309804
0.529412
0.482353
0.356863
0.376471
0.333333
0.239216
0.227451
0.192157
0.149020
0.152941
0.145098
0.129412
0.274510
0.356863
0.690196
0.768627
0.674510
0.588235
0.584314
0.501961
0.415686
0.349020
0.337255
0.419608
0.411765
0.341176
0.274510
0.262745
0.282353
0.321569
0.349020
0.384314
0.572549
0.568627
0.458824
0.403922
0.356863
0.282353
0.243137
0.180392
0.149020
0.164706
0.129412
0.184314
0.317647
0.376471
0.639216
0.760784
0.678431
0.603922
0.584314
0.450980
0.411765
0.356863
0.403922
0.509804
0.384314
0.333333
0.294118
0.305882
0.317647
0.278431
0.364706
0.415686
0.486275
0.474510
0.388235
0.411765
0.419608
0.301961
0.278431
0.207843
0.160784
0.176471
0.172549
0.282353
0.396078
0.427451
0.615686
0.709804
0.631373
0.572549
0.509804
0.431373
0.411765
0.380392
0.505882
0.541176
0.435294
0.376471
0.368627
0.372549
0.384314
0.352941
0.411765
0.356863
0.403922
0.462745
0.403922
0.443137
0.435294
0.278431
0.309804
0.235294
0.160784
0.188235
0.227451
0.337255
0.415686
0.415686
0.564706
0.650980
0.592157
0.466667
0.427451
0.407843
0.407843
0.458824
0.611765
0.533333
0.478431
0.415686
0.423529
0.380392
0.329412
0.333333
0.360784
0.349020
0.419608
0.470588
0.458824
0.466667
0.443137
0.286275
0.313725
0.203922
0.113725
0.152941
0.294118
0.388235
0.415686
0.443137
0.462745
0.556863
0.494118
0.407843
0.392157
0.368627
0.396078
0.568627
0.635294
0.533333
0.556863
0.537255
0.474510
0.450980
0.458824
0.450980
0.431373
0.415686
0.415686
0.419608
0.407843
0.435294
0.372549
0.286275
0.337255
0.211765
0.203922
0.349020
0.462745
0.486275
0.498039
0.505882
0.360784
0.396078
0.372549
0.388235
0.400000
0.364706
0.419608
0.654902
0.698039
0.627451
0.674510
0.576471
0.478431
0.533333
0.588235
0.505882
0.458824
0.403922
0.411765
0.396078
0.419608
0.431373
0.317647
0.278431
0.313725
0.309804
0.443137
0.521569
0.533333
0.541176
0.552941
0.556863
0.368627
0.380392
0.376471
0.380392
0.403922
0.427451
0.603922
0.756863
0.694118
0.525490
0.643137
0.596078
0.443137
0.552941
0.588235
0.505882
0.443137
0.415686
0.411765
0.415686
0.478431
0.458824
0.337255
0.305882
0.411765
0.494118
0.556863
0.556863
0.564706
0.584314
0.596078
0.600000
0.427451
0.427451
0.439216
0.439216
0.423529
0.529412
0.694118
0.705882
0.643137
0.447059
0.611765
0.694118
0.427451
0.490196
0.521569
0.470588
0.439216
0.423529
0.443137
0.462745
0.482353
0.470588
0.411765
0.490196
0.572549
0.584314
0.592157
0.584314
0.596078
0.596078
0.600000
0.603922
0.462745
0.447059
0.470588
0.486275
0.458824
0.584314
0.698039
0.709804
0.682353
0.494118
0.576471
0.635294
0.419608
0.423529
0.552941
0.478431
0.443137
0.435294
0.447059
0.490196
0.470588
0.427451
0.490196
0.615686
0.615686
0.607843
0.607843
0.623529
0.631373
0.619608
0.615686
0.619608
0.462745
0.462745
0.474510
0.478431
0.474510
0.647059
0.768627
0.776471
0.733333
0.525490
0.505882
0.603922
0.549020
0.529412
0.576471
0.521569
0.462745
0.411765
0.435294
0.478431
0.439216
0.403922
0.517647
0.627451
0.635294
0.627451
0.635294
0.654902
0.650980
0.647059
0.650980
0.647059
0.447059
0.454902
0.458824
0.466667
0.509804
0.713725
0.772549
0.776471
0.784314
0.658824
0.674510
0.698039
0.619608
0.584314
0.549020
0.529412
0.458824
0.400000
0.407843
0.415686
0.380392
0.423529
0.560784
0.623529
0.639216
0.643137
0.658824
0.678431
0.662745
0.666667
0.674510
0.662745
0.447059
0.462745
0.454902
0.470588
0.635294
0.784314
0.780392
0.780392
0.815686
0.764706
0.796078
0.698039
0.658824
0.631373
0.509804
0.525490
0.454902
0.400000
0.368627
0.372549
0.427451
0.556863
0.647059
0.662745
0.670588
0.682353
0.698039
0.705882
0.690196
0.701961
0.698039
0.678431
