0.474510
0.435294
0.419608
0.384314
0.376471
0.384314
0.372549
0.392157
0.474510
0.545098
0.521569
0.498039
0.521569
0.549020
0.533333
0.545098
0.509804
0.435294
0.305882
0.286275
0.227451
0.282353
0.368627
0.368627
0.286275
0.305882
0.325490
0.337255
0.333333
0.341176
0.349020
0.298039
0.403922
0.376471
0.419608
0.407843
0.349020
0.380392
0.372549
0.419608
0.505882
0.470588
0.549020
0.572549
0.517647
0.400000
0.435294
0.549020
0.509804
0.474510
0.411765
0.349020
0.282353
0.360784
0.521569
0.521569
0.274510
0.419608
0.580392
0.541176
0.517647
0.494118
0.517647
0.501961
0.384314
0.396078
0.392157
0.333333
0.286275
0.345098
0.368627
0.325490
0.443137
0.454902
0.458824
0.462745
0.396078
0.392157
0.509804
0.529412
0.494118
0.474510
0.431373
0.462745
0.388235
0.439216
0.494118
0.447059
0.278431
0.423529
0.627451
0.576471
0.545098
0.564706
0.592157
0.580392
0.403922
0.364706
0.352941
0.298039
0.266667
0.321569
0.392157
0.392157
0.419608
0.537255
0.564706
0.549020
0.435294
0.466667
0.466667
0.490196
0.494118
0.482353
0.454902
0.498039
0.501961
0.556863
0.537255
0.443137
0.278431
0.411765
0.584314
0.572549
0.603922
0.607843
0.658824
0.654902
0.360784
0.368627
0.356863
0.317647
0.294118
0.321569
0.403922
0.411765
0.419608
0.584314
0.627451
0.560784
0.431373
0.411765
0.392157
0.501961
0.470588
0.494118
0.498039
0.501961
0.474510
0.501961
0.498039
0.462745
0.298039
0.364706
0.501961
0.466667
0.513725
0.560784
0.588235
0.584314
0.439216
0.439216
0.411765
0.388235
0.356863
0.376471
0.423529
0.400000
0.317647
0.380392
0.505882
0.364706
0.349020
0.419608
0.439216
0.462745
0.450980
0.443137
0.415686
0.384314
0.392157
0.419608
0.443137
0.474510
0.345098
0.349020
0.415686
0.380392
0.380392
0.447059
0.447059
0.439216
0.427451
0.415686
0.352941
0.407843
0.447059
0.482353
0.490196
0.474510
0.403922
0.349020
0.415686
0.368627
0.376471
0.419608
0.384314
0.372549
0.380392
0.447059
0.462745
0.415686
0.380392
0.423529
0.372549
0.356863
0.349020
0.329412
0.333333
0.313725
0.301961
0.329412
0.345098
0.380392
0.364706
0.360784
0.321569
0.309804
0.341176
0.341176
0.388235
0.431373
0.384314
0.333333
0.368627
0.349020
0.384314
0.376471
0.356863
0.400000
0.545098
0.647059
0.615686
0.568627
0.482353
0.423529
0.317647
0.341176
0.349020
0.317647
0.356863
0.419608
0.490196
0.458824
0.415686
0.454902
0.352941
0.345098
0.345098
0.341176
0.337255
0.337255
0.341176
0.333333
0.325490
0.317647
0.219608
0.294118
0.384314
0.400000
0.556863
0.682353
0.701961
0.666667
0.549020
0.454902
0.431373
0.458824
0.435294
0.368627
0.372549
0.392157
0.392157
0.400000
0.419608
0.443137
0.447059
0.435294
0.360784
0.352941
0.345098
0.345098
0.345098
0.337255
0.345098
0.333333
0.337255
0.345098
0.270588
0.333333
0.443137
0.607843
0.682353
0.639216
0.600000
0.552941
0.501961
0.415686
0.388235
0.419608
0.462745
0.419608
0.396078
0.407843
0.376471
0.384314
0.400000
0.415686
0.423529
0.419608
0.356863
0.360784
0.352941
0.337255
0.345098
0.337255
0.337255
0.341176
0.352941
0.364706
0.270588
0.325490
0.443137
0.533333
0.533333
0.517647
0.482353
0.474510
0.470588
0.450980
0.474510
0.474510
0.513725
0.462745
0.415686
0.415686
0.388235
0.396078
0.388235
0.411765
0.435294
0.439216
0.364706
0.368627
0.376471
0.372549
0.368627
0.372549
0.352941
0.364706
0.368627
0.396078
0.301961
0.333333
0.396078
0.368627
0.376471
0.427451
0.380392
0.380392
0.380392
0.380392
0.454902
0.474510
0.482353
0.447059
0.415686
0.403922
0.400000
0.419608
0.403922
0.392157
0.423529
0.423529
0.349020
0.345098
0.341176
0.364706
0.388235
0.368627
0.356863
0.372549
0.380392
0.388235
0.309804
0.305882
0.376471
0.372549
0.364706
0.419608
0.364706
0.337255
0.337255
0.329412
0.396078
0.419608
0.392157
0.403922
0.419608
0.400000
0.407843
0.427451
0.423529
0.411765
0.411765
0.419608
0.364706
0.364706
0.368627
0.380392
0.403922
0.384314
0.388235
0.380392
0.396078
0.407843
0.360784
0.282353
0.345098
0.368627
0.384314
0.403922
0.341176
0.317647
0.337255
0.325490
0.372549
0.443137
0.415686
0.400000
0.447059
0.411765
0.407843
0.411765
0.403922
0.403922
0.403922
0.431373
0.423529
0.435294
0.443137
0.419608
0.388235
0.415686
0.419608
0.384314
0.403922
0.423529
0.427451
0.298039
0.274510
0.325490
0.368627
0.380392
0.329412
0.286275
0.305882
0.301961
0.372549
0.411765
0.356863
0.431373
0.443137
0.403922
0.415686
0.427451
0.435294
0.419608
0.411765
0.431373
0.431373
0.443137
0.443137
0.431373
0.403922
0.415686
0.407843
0.403922
0.403922
0.415686
0.443137
0.341176
0.235294
0.298039
0.360784
0.400000
0.333333
0.298039
0.313725
0.321569
0.364706
0.227451
0.247059
0.454902
0.458824
0.407843
0.411765
0.423529
0.427451
0.427451
0.427451
0.423529
0.450980
0.458824
0.450980
0.439216
0.423529
0.431373
0.415686
0.423529
0.423529
0.423529
0.435294
0.305882
0.278431
0.333333
0.321569
0.321569
0.290196
0.286275
0.321569
0.329412
0.278431
0.141176
0.235294
0.505882
0.525490
0.388235
0.403922
0.403922
0.403922
0.407843
0.403922
0.419608
0.439216
0.439216
0.435294
0.431373
0.431373
0.435294
0.431373
0.431373
0.403922
0.376471
0.396078
0.341176
0.313725
0.345098
0.317647
0.250980
0.235294
0.282353
0.317647
0.380392
0.243137
0.117647
0.219608
0.407843
0.415686
0.376471
0.376471
0.372549
0.380392
0.384314
0.384314
0.403922
0.447059
0.415686
0.423529
0.427451
0.415686
0.403922
0.388235
0.384314
0.392157
0.407843
0.439216
0.458824
0.290196
0.196078
0.270588
0.278431
0.270588
0.274510
0.380392
0.470588
0.396078
0.152941
0.176471
0.341176
0.419608
0.435294
0.435294
0.415686
0.392157
0.396078
0.384314
0.403922
0.458824
0.411765
0.427451
0.415686
0.419608
0.407843
0.403922
0.439216
0.486275
0.470588
0.427451
0.352941
0.262745
0.200000
0.211765
0.278431
0.305882
0.207843
0.345098
0.411765
0.411765
0.290196
0.286275
0.525490
0.552941
0.521569
0.439216
0.474510
0.443137
0.407843
0.411765
0.435294
0.435294
0.411765
0.400000
0.403922
0.411765
0.388235
0.411765
0.435294
0.400000
0.333333
0.266667
0.239216
0.274510
0.219608
0.152941
0.286275
0.309804
0.239216
0.368627
0.400000
0.407843
0.380392
0.243137
0.349020
0.403922
0.329412
0.549020
0.474510
0.403922
0.372549
0.380392
0.431373
0.380392
0.360784
0.360784
0.384314
0.352941
0.341176
0.376471
0.301961
0.266667
0.243137
0.247059
0.215686
0.262745
0.243137
0.184314
0.305882
0.337255
0.286275
0.380392
0.411765
0.392157
0.376471
0.184314
0.184314
0.262745
0.294118
0.576471
0.396078
0.356863
0.407843
0.372549
0.396078
0.403922
0.388235
0.392157
0.419608
0.407843
0.384314
0.384314
0.262745
0.243137
0.235294
0.286275
0.203922
0.250980
0.254902
0.211765
0.301961
0.376471
0.321569
0.360784
0.403922
0.403922
0.411765
0.294118
0.149020
0.235294
0.286275
0.388235
0.305882
0.364706
0.431373
0.372549
0.403922
0.431373
0.419608
0.415686
0.423529
0.423529
0.400000
0.431373
0.356863
0.286275
0.325490
0.313725
0.243137
0.317647
0.282353
0.231373
0.321569
0.411765
0.333333
0.392157
0.427451
0.431373
0.419608
0.301961
0.184314
0.356863
0.337255
0.333333
0.309804
0.403922
0.439216
0.376471
0.415686
0.431373
0.435294
0.427451
0.415686
0.403922
0.443137
0.431373
0.317647
0.392157
0.376471
0.278431
0.368627
0.372549
0.341176
0.290196
0.396078
0.427451
0.349020
0.411765
0.415686
0.400000
0.423529
0.317647
0.250980
0.423529
0.368627
0.392157
0.368627
0.431373
0.439216
0.376471
0.411765
0.439216
0.443137
0.427451
0.392157
0.403922
0.470588
0.427451
0.396078
0.419608
0.400000
0.403922
0.462745
0.364706
0.415686
0.333333
0.396078
0.411765
0.337255
0.396078
0.403922
0.396078
0.407843
0.278431
0.349020
0.423529
0.321569
0.396078
0.411765
0.486275
0.490196
0.392157
0.384314
0.388235
0.400000
0.392157
0.388235
0.443137
0.360784
0.439216
0.447059
0.415686
0.403922
0.419608
0.431373
0.380392
0.419608
0.333333
0.356863
0.364706
0.313725
0.368627
0.384314
0.384314
0.380392
0.250980
0.415686
0.427451
0.317647
0.380392
0.400000
0.411765
0.474510
0.407843
0.360784
0.360784
0.360784
0.352941
0.360784
0.380392
0.325490
0.454902
0.427451
0.380392
0.333333
0.360784
0.372549
0.356863
0.360784
0.337255
0.380392
0.368627
0.329412
0.337255
0.345098
0.360784
0.321569
0.266667
0.435294
0.423529
0.333333
0.356863
0.352941
0.364706
0.458824
0.388235
0.349020
0.352941
0.333333
0.333333
0.360784
0.329412
0.333333
0.450980
0.400000
0.333333
0.301961
0.333333
0.325490
0.356863
0.352941
0.321569
0.352941
0.352941
0.298039
0.290196
0.278431
0.290196
0.254902
0.250980
0.372549
0.337255
0.282353
0.294118
0.321569
0.356863
0.419608
0.403922
0.352941
0.356863
0.333333
0.345098
0.341176
0.309804
0.341176
0.435294
0.392157
0.337255
0.329412
0.352941
0.345098
0.349020
0.313725
0.290196
0.356863
0.313725
0.247059
0.254902
0.235294
0.239216
0.227451
0.223529
0.352941
0.254902
0.223529
0.235294
0.274510
0.321569
0.388235
0.411765
0.341176
0.341176
0.360784
0.384314
0.329412
0.298039
0.337255
0.470588
0.333333
0.298039
0.301961
0.360784
0.352941
0.286275
0.254902
0.258824
0.431373
0.380392
0.223529
0.231373
0.227451
0.231373
0.227451
0.270588
0.329412
0.219608
0.203922
0.219608
0.235294
0.278431
0.325490
0.407843
0.356863
0.360784
0.360784
0.368627
0.345098
0.321569
0.337255
0.400000
0.294118
0.286275
0.282353
0.313725
0.305882
0.278431
0.270588
0.266667
0.368627
0.368627
0.274510
0.270588
0.274510
0.282353
0.278431
0.360784
0.345098
0.247059
0.262745
0.258824
0.286275
0.290196
0.313725
0.415686
0.403922
0.603922
0.533333
0.505882
0.482353
0.513725
0.533333
0.537255
0.560784
0.592157
0.600000
0.549020
0.525490
0.568627
0.584314
0.584314
0.607843
0.592157
0.529412
0.380392
0.345098
0.305882
0.392157
0.470588
0.411765
0.282353
0.333333
0.388235
0.372549
0.356863
0.364706
0.376471
0.349020
0.568627
0.541176
0.568627
0.517647
0.478431
0.533333
0.454902
0.513725
0.650980
0.619608
0.694118
0.709804
0.627451
0.439216
0.517647
0.666667
0.643137
0.596078
0.498039
0.407843
0.345098
0.447059
0.639216
0.588235
0.266667
0.415686
0.596078
0.537255
0.498039
0.462745
0.482353
0.486275
0.541176
0.560784
0.552941
0.447059
0.419608
0.490196
0.321569
0.270588
0.572549
0.658824
0.650980
0.588235
0.450980
0.466667
0.670588
0.721569
0.635294
0.588235
0.529412
0.521569
0.435294
0.498039
0.588235
0.501961
0.274510
0.427451
0.662745
0.619608
0.572549
0.560784
0.568627
0.560784
0.549020
0.482353
0.462745
0.380392
0.360784
0.439216
0.376471
0.317647
0.454902
0.619608
0.623529
0.576471
0.447059
0.576471
0.662745
0.694118
0.607843
0.549020
0.525490
0.549020
0.545098
0.615686
0.635294
0.513725
0.298039
0.450980
0.662745
0.666667
0.678431
0.654902
0.678431
0.678431
0.513725
0.509804
0.498039
0.450980
0.431373
0.498039
0.552941
0.482353
0.447059
0.584314
0.611765
0.576471
0.490196
0.529412
0.572549
0.694118
0.592157
0.576471
0.588235
0.592157
0.560784
0.596078
0.619608
0.545098
0.329412
0.423529
0.603922
0.576471
0.615686
0.658824
0.682353
0.674510
0.552941
0.580392
0.588235
0.564706
0.521569
0.564706
0.600000
0.529412
0.376471
0.388235
0.494118
0.380392
0.415686
0.529412
0.600000
0.643137
0.600000
0.592157
0.568627
0.509804
0.517647
0.556863
0.572549
0.545098
0.368627
0.403922
0.513725
0.486275
0.494118
0.584314
0.603922
0.580392
0.533333
0.552941
0.525490
0.568627
0.560784
0.592157
0.600000
0.572549
0.462745
0.356863
0.400000
0.388235
0.454902
0.545098
0.525490
0.505882
0.498039
0.552941
0.545098
0.470588
0.462745
0.556863
0.505882
0.431373
0.376471
0.384314
0.431373
0.419608
0.407843
0.443137
0.474510
0.509804
0.509804
0.513725
0.486275
0.478431
0.498039
0.482353
0.529412
0.584314
0.490196
0.356863
0.352941
0.372549
0.482353
0.529412
0.486275
0.482353
0.596078
0.647059
0.556863
0.505882
0.470588
0.494118
0.443137
0.447059
0.407843
0.396078
0.474510
0.541176
0.588235
0.541176
0.498039
0.560784
0.533333
0.521569
0.521569
0.517647
0.509804
0.509804
0.513725
0.505882
0.498039
0.407843
0.223529
0.329412
0.513725
0.549020
0.654902
0.709804
0.682353
0.596078
0.435294
0.356863
0.352941
0.407843
0.498039
0.541176
0.533333
0.533333
0.560784
0.560784
0.572549
0.588235
0.592157
0.592157
0.545098
0.533333
0.521569
0.521569
0.517647
0.509804
0.517647
0.505882
0.513725
0.454902
0.282353
0.349020
0.509804
0.639216
0.662745
0.576471
0.509804
0.447059
0.388235
0.317647
0.301961
0.345098
0.478431
0.564706
0.568627
0.564706
0.552941
0.552941
0.564706
0.576471
0.580392
0.588235
0.541176
0.537255
0.525490
0.509804
0.517647
0.509804
0.509804
0.513725
0.525490
0.478431
0.290196
0.309804
0.431373
0.478431
0.450980
0.411765
0.360784
0.356863
0.364706
0.352941
0.384314
0.392157
0.466667
0.556863
0.576471
0.572549
0.556863
0.552941
0.545098
0.564706
0.584314
0.603922
0.545098
0.545098
0.549020
0.545098
0.541176
0.545098
0.525490
0.537255
0.537255
0.513725
0.333333
0.290196
0.329412
0.305882
0.294118
0.333333
0.270588
0.270588
0.278431
0.282353
0.364706
0.384314
0.392157
0.501961
0.572549
0.564706
0.568627
0.576471
0.560784
0.552941
0.584314
0.592157
0.533333
0.525490
0.521569
0.541176
0.556863
0.537255
0.529412
0.541176
0.541176
0.537255
0.376471
0.270588
0.325490
0.317647
0.298039
0.337255
0.274510
0.247059
0.250980
0.250980
0.325490
0.349020
0.309804
0.427451
0.564706
0.580392
0.588235
0.600000
0.596078
0.584314
0.588235
0.588235
0.549020
0.541176
0.545098
0.549020
0.564706
0.545098
0.549020
0.541176
0.549020
0.572549
0.447059
0.254902
0.309804
0.317647
0.321569
0.333333
0.258824
0.239216
0.266667
0.262745
0.317647
0.392157
0.360784
0.423529
0.584314
0.600000
0.588235
0.584314
0.576471
0.576471
0.572549
0.596078
0.588235
0.596078
0.603922
0.572549
0.537255
0.564706
0.568627
0.529412
0.545098
0.584314
0.513725
0.266667
0.239216
0.282353
0.313725
0.317647
0.258824
0.219608
0.247059
0.250980
0.329412
0.368627
0.317647
0.470588
0.588235
0.584314
0.580392
0.584314
0.592157
0.576471
0.568627
0.596078
0.584314
0.592157
0.592157
0.576471
0.537255
0.549020
0.541176
0.537255
0.541176
0.572549
0.525490
0.309804
0.203922
0.266667
0.313725
0.349020
0.270588
0.239216
0.262745
0.278431
0.329412
0.192157
0.219608
0.501961
0.600000
0.572549
0.556863
0.568627
0.572549
0.572549
0.572549
0.580392
0.596078
0.600000
0.592157
0.580392
0.560784
0.560784
0.541176
0.549020
0.560784
0.584314
0.541176
0.301961
0.235294
0.301961
0.282353
0.274510
0.235294
0.235294
0.286275
0.309804
0.254902
0.101961
0.192157
0.529412
0.639216
0.533333
0.545098
0.564706
0.556863
0.552941
0.549020
0.572549
0.584314
0.584314
0.580392
0.576471
0.580392
0.576471
0.568627
0.572549
0.556863
0.549020
0.552941
0.400000
0.282353
0.317647
0.290196
0.203922
0.184314
0.247059
0.321569
0.415686
0.258824
0.086275
0.200000
0.458824
0.545098
0.552941
0.568627
0.545098
0.541176
0.541176
0.541176
0.564706
0.596078
0.560784
0.568627
0.568627
0.560784
0.568627
0.560784
0.549020
0.545098
0.556863
0.572549
0.533333
0.294118
0.176471
0.239216
0.235294
0.219608
0.250980
0.431373
0.580392
0.490196
0.172549
0.133333
0.313725
0.443137
0.501961
0.525490
0.529412
0.529412
0.556863
0.541176
0.560784
0.603922
0.552941
0.568627
0.549020
0.549020
0.572549
0.564706
0.552941
0.537255
0.498039
0.447059
0.352941
0.247059
0.180392
0.180392
0.231373
0.254902
0.180392
0.411765
0.576471
0.568627
0.349020
0.278431
0.501961
0.533333
0.533333
0.466667
0.501961
0.552941
0.568627
0.568627
0.580392
0.576471
0.549020
0.541176
0.537255
0.545098
0.549020
0.533333
0.462745
0.352941
0.258824
0.184314
0.160784
0.219608
0.196078
0.121569
0.239216
0.262745
0.207843
0.419608
0.568627
0.568627
0.447059
0.274510
0.352941
0.380392
0.337255
0.556863
0.454902
0.486275
0.533333
0.533333
0.572549
0.521569
0.498039
0.494118
0.513725
0.498039
0.505882
0.482353
0.298039
0.215686
0.180392
0.160784
0.149020
0.231373
0.207843
0.133333
0.258824
0.313725
0.305882
0.454902
0.541176
0.525490
0.470588
0.192157
0.121569
0.176471
0.254902
0.588235
0.396078
0.400000
0.552941
0.537255
0.533333
0.541176
0.517647
0.525490
0.537255
0.521569
0.517647
0.478431
0.278431
0.192157
0.160784
0.207843
0.145098
0.215686
0.207843
0.156863
0.270588
0.392157
0.376471
0.450980
0.521569
0.533333
0.525490
0.341176
0.113725
0.156863
0.243137
0.400000
0.290196
0.360784
0.545098
0.541176
0.545098
0.552941
0.537255
0.533333
0.533333
0.517647
0.498039
0.498039
0.376471
0.219608
0.235294
0.250980
0.200000
0.290196
0.258824
0.203922
0.309804
0.447059
0.403922
0.490196
0.556863
0.572549
0.541176
0.372549
0.168627
0.282353
0.305882
0.356863
0.301961
0.376471
0.521569
0.533333
0.564706
0.549020
0.549020
0.537255
0.533333
0.537255
0.533333
0.462745
0.309804
0.317647
0.301961
0.262745
0.380392
0.384314
0.380392
0.313725
0.396078
0.447059
0.411765
0.517647
0.556863
0.552941
0.552941
0.372549
0.219608
0.356863
0.368627
0.486275
0.443137
0.443137
0.517647
0.525490
0.556863
0.556863
0.545098
0.537255
0.537255
0.529412
0.505882
0.431373
0.329412
0.333333
0.407843
0.458824
0.505882
0.419608
0.486275
0.372549
0.403922
0.427451
0.400000
0.517647
0.556863
0.549020
0.537255
0.345098
0.329412
0.364706
0.333333
0.501961
0.501961
0.494118
0.525490
0.513725
0.529412
0.505882
0.498039
0.505882
0.525490
0.521569
0.360784
0.447059
0.400000
0.392157
0.517647
0.537255
0.482353
0.450980
0.517647
0.384314
0.364706
0.360784
0.364706
0.486275
0.529412
0.525490
0.490196
0.333333
0.427451
0.388235
0.333333
0.466667
0.478431
0.415686
0.482353
0.501961
0.501961
0.486275
0.478431
0.474510
0.462745
0.439216
0.372549
0.490196
0.450980
0.470588
0.505882
0.490196
0.419608
0.431373
0.486275
0.407843
0.380392
0.341176
0.352941
0.435294
0.466667
0.478431
0.415686
0.337255
0.454902
0.411765
0.356863
0.443137
0.447059
0.403922
0.490196
0.474510
0.474510
0.486275
0.474510
0.462745
0.443137
0.403922
0.450980
0.505882
0.470588
0.470588
0.470588
0.435294
0.352941
0.427451
0.462745
0.380392
0.356863
0.341176
0.321569
0.364706
0.376471
0.384314
0.321569
0.313725
0.411765
0.356863
0.321569
0.380392
0.435294
0.431373
0.474510
0.482353
0.462745
0.498039
0.482353
0.466667
0.419608
0.419608
0.482353
0.494118
0.466667
0.462745
0.439216
0.403922
0.352941
0.403922
0.380392
0.317647
0.360784
0.325490
0.282353
0.317647
0.317647
0.313725
0.286275
0.278431
0.400000
0.298039
0.278431
0.325490
0.396078
0.415686
0.454902
0.478431
0.435294
0.498039
0.490196
0.478431
0.423529
0.415686
0.411765
0.517647
0.407843
0.407843
0.384314
0.392157
0.364706
0.317647
0.301961
0.282353
0.439216
0.403922
0.278431
0.309804
0.305882
0.309804
0.301961
0.317647
0.372549
0.278431
0.278431
0.309804
0.341176
0.372549
0.396078
0.462745
0.439216
0.501961
0.482353
0.470588
0.443137
0.435294
0.423529
0.466667
0.372549
0.396078
0.384314
0.388235
0.368627
0.345098
0.356863
0.333333
0.415686
0.439216
0.360784
0.356863
0.356863
0.368627
0.364706
0.431373
0.407843
0.317647
0.341176
0.349020
0.380392
0.384314
0.400000
0.490196
0.494118
0.541176
0.584314
0.537255
0.501961
0.490196
0.450980
0.400000
0.403922
0.533333
0.666667
0.682353
0.654902
0.650980
0.666667
0.650980
0.698039
0.623529
0.474510
0.329412
0.301961
0.254902
0.337255
0.462745
0.478431
0.392157
0.407843
0.419608
0.435294
0.458824
0.454902
0.415686
0.333333
0.501961
0.372549
0.458824
0.505882
0.403922
0.466667
0.439216
0.501961
0.596078
0.541176
0.623529
0.658824
0.627451
0.533333
0.584314
0.733333
0.643137
0.537255
0.470588
0.403922
0.352941
0.458824
0.666667
0.662745
0.396078
0.541176
0.713725
0.705882
0.678431
0.635294
0.623529
0.607843
0.533333
0.411765
0.415686
0.372549
0.294118
0.447059
0.427451
0.415686
0.552941
0.498039
0.482353
0.517647
0.529412
0.537255
0.588235
0.611765
0.607843
0.572549
0.525490
0.549020
0.490196
0.564706
0.635294
0.568627
0.380392
0.560784
0.796078
0.752941
0.717647
0.733333
0.760784
0.749020
0.498039
0.466667
0.407843
0.337255
0.349020
0.439216
0.470588
0.482353
0.564706
0.674510
0.678431
0.690196
0.611765
0.611765
0.521569
0.525490
0.576471
0.580392
0.564706
0.635294
0.658824
0.713725
0.650980
0.537255
0.376471
0.533333
0.725490
0.721569
0.756863
0.776471
0.847059
0.827451
0.400000
0.419608
0.396078
0.360784
0.372549
0.396078
0.478431
0.501961
0.560784
0.760784
0.819608
0.745098
0.592157
0.552941
0.501961
0.588235
0.572549
0.611765
0.635294
0.678431
0.658824
0.670588
0.627451
0.588235
0.427451
0.486275
0.615686
0.588235
0.643137
0.701961
0.741176
0.717647
0.505882
0.509804
0.466667
0.443137
0.443137
0.454902
0.498039
0.474510
0.415686
0.541176
0.705882
0.541176
0.474510
0.564706
0.572549
0.588235
0.600000
0.615686
0.584314
0.537255
0.537255
0.564706
0.615686
0.654902
0.509804
0.486275
0.525490
0.482353
0.498039
0.564706
0.552941
0.545098
0.521569
0.517647
0.431373
0.482353
0.552941
0.596078
0.615686
0.603922
0.494118
0.490196
0.635294
0.541176
0.458824
0.517647
0.490196
0.494118
0.541176
0.627451
0.607843
0.498039
0.458824
0.537255
0.521569
0.517647
0.498039
0.462745
0.439216
0.419608
0.435294
0.458824
0.431373
0.490196
0.388235
0.396078
0.345098
0.325490
0.372549
0.396078
0.470588
0.537255
0.447059
0.447059
0.572549
0.505882
0.423529
0.407843
0.423529
0.509804
0.701961
0.796078
0.686275
0.576471
0.486275
0.478431
0.396078
0.431373
0.439216
0.411765
0.450980
0.529412
0.631373
0.603922
0.521569
0.545098
0.341176
0.341176
0.349020
0.352941
0.360784
0.368627
0.376471
0.368627
0.356863
0.396078
0.345098
0.388235
0.407843
0.435294
0.682353
0.874510
0.886275
0.752941
0.541176
0.427451
0.384314
0.407843
0.439216
0.423529
0.407843
0.419608
0.443137
0.431373
0.470588
0.513725
0.529412
0.509804
0.356863
0.356863
0.356863
0.368627
0.376471
0.368627
0.376471
0.364706
0.364706
0.407843
0.356863
0.392157
0.470588
0.701961
0.823529
0.772549
0.662745
0.545098
0.466667
0.376471
0.345098
0.372549
0.454902
0.466667
0.427451
0.435294
0.419608
0.392157
0.415686
0.450980
0.470588
0.478431
0.360784
0.376471
0.376471
0.368627
0.376471
0.368627
0.368627
0.372549
0.384314
0.407843
0.313725
0.349020
0.447059
0.568627
0.572549
0.509804
0.388235
0.368627
0.411765
0.407843
0.443137
0.454902
0.498039
0.498039
0.454902
0.439216
0.435294
0.454902
0.450980
0.478431
0.505882
0.505882
0.380392
0.392157
0.407843
0.407843
0.400000
0.403922
0.384314
0.396078
0.400000
0.419608
0.313725
0.325490
0.376471
0.333333
0.337255
0.376471
0.294118
0.282353
0.301961
0.329412
0.435294
0.470588
0.458824
0.474510
0.462745
0.431373
0.443137
0.478431
0.458824
0.450980
0.478431
0.482353
0.360784
0.364706
0.376471
0.400000
0.419608
0.400000
0.392157
0.403922
0.407843
0.419608
0.317647
0.294118
0.384314
0.349020
0.329412
0.376471
0.313725
0.278431
0.278431
0.294118
0.396078
0.435294
0.388235
0.423529
0.474510
0.462745
0.466667
0.474510
0.466667
0.454902
0.454902
0.474510
0.376471
0.388235
0.400000
0.411765
0.435294
0.419608
0.423529
0.411765
0.427451
0.447059
0.372549
0.266667
0.372549
0.368627
0.360784
0.364706
0.282353
0.262745
0.298039
0.309804
0.380392
0.466667
0.415686
0.407843
0.482353
0.466667
0.466667
0.462745
0.458824
0.454902
0.454902
0.478431
0.435294
0.458824
0.474510
0.450980
0.423529
0.447059
0.450980
0.415686
0.439216
0.474510
0.439216
0.274510
0.290196
0.333333
0.360784
0.360784
0.294118
0.243137
0.274510
0.290196
0.388235
0.439216
0.356863
0.435294
0.466667
0.439216
0.450980
0.470588
0.474510
0.462745
0.450980
0.470588
0.447059
0.466667
0.478431
0.470588
0.439216
0.450980
0.443137
0.439216
0.454902
0.474510
0.454902
0.305882
0.239216
0.321569
0.372549
0.396078
0.313725
0.266667
0.286275
0.317647
0.384314
0.262745
0.266667
0.478431
0.494118
0.447059
0.447059
0.458824
0.458824
0.462745
0.458824
0.466667
0.466667
0.478431
0.478431
0.470588
0.462745
0.474510
0.450980
0.443137
0.458824
0.474510
0.454902
0.290196
0.282353
0.352941
0.333333
0.321569
0.278431
0.278431
0.333333
0.360784
0.313725
0.168627
0.254902
0.552941
0.600000
0.462745
0.454902
0.450980
0.450980
0.454902
0.450980
0.482353
0.454902
0.458824
0.454902
0.450980
0.462745
0.482353
0.462745
0.427451
0.403922
0.396078
0.415686
0.345098
0.309804
0.349020
0.321569
0.243137
0.219608
0.301961
0.380392
0.458824
0.294118
0.121569
0.223529
0.454902
0.501961
0.450980
0.431373
0.431373
0.443137
0.450980
0.450980
0.466667
0.470588
0.439216
0.450980
0.447059
0.431373
0.439216
0.427451
0.407843
0.419608
0.447059
0.478431
0.482353
0.294118
0.203922
0.270588
0.274510
0.258824
0.278431
0.419608
0.529412
0.443137
0.164706
0.180392
0.368627
0.458824
0.454902
0.447059
0.470588
0.443137
0.447059
0.435294
0.458824
0.498039
0.447059
0.462745
0.450980
0.450980
0.454902
0.454902
0.478431
0.541176
0.552941
0.505882
0.407843
0.290196
0.211765
0.211765
0.270588
0.294118
0.196078
0.356863
0.458824
0.462745
0.333333
0.407843
0.694118
0.733333
0.698039
0.588235
0.560784
0.513725
0.474510
0.478431
0.529412
0.478431
0.454902
0.443137
0.454902
0.474510
0.443137
0.458824
0.466667
0.415686
0.352941
0.282353
0.231373
0.247059
0.219608
0.152941
0.278431
0.301961
0.227451
0.368627
0.439216
0.462745
0.435294
0.337255
0.462745
0.541176
0.513725
0.737255
0.600000
0.501961
0.462745
0.470588
0.521569
0.411765
0.400000
0.403922
0.431373
0.392157
0.364706
0.388235
0.309804
0.262745
0.215686
0.207843
0.184314
0.243137
0.239216
0.172549
0.290196
0.325490
0.294118
0.415686
0.466667
0.450980
0.415686
0.200000
0.152941
0.235294
0.376471
0.752941
0.525490
0.431373
0.490196
0.450980
0.458824
0.431373
0.423529
0.435294
0.458824
0.435294
0.407843
0.411765
0.301961
0.239216
0.192157
0.243137
0.176471
0.239216
0.243137
0.196078
0.290196
0.384314
0.352941
0.407843
0.466667
0.462745
0.450980
0.325490
0.129412
0.200000
0.337255
0.521569
0.392157
0.400000
0.490196
0.443137
0.447059
0.447059
0.447059
0.447059
0.458824
0.450980
0.435294
0.478431
0.411765
0.270588
0.274510
0.282353
0.223529
0.309804
0.286275
0.231373
0.325490
0.435294
0.372549
0.443137
0.494118
0.494118
0.462745
0.337255
0.188235
0.345098
0.356863
0.396078
0.364706
0.423529
0.490196
0.439216
0.454902
0.443137
0.458824
0.454902
0.447059
0.435294
0.470588
0.454902
0.337255
0.360784
0.333333
0.278431
0.384314
0.388235
0.388235
0.325490
0.403922
0.443137
0.384314
0.470588
0.494118
0.474510
0.470588
0.329412
0.250980
0.431373
0.380392
0.431373
0.439216
0.470588
0.498039
0.431373
0.454902
0.462745
0.466667
0.462745
0.454902
0.443137
0.478431
0.466667
0.384314
0.384314
0.423529
0.443137
0.501961
0.419608
0.466667
0.368627
0.411765
0.411765
0.352941
0.443137
0.454902
0.443137
0.450980
0.298039
0.349020
0.415686
0.321569
0.431373
0.478431
0.517647
0.517647
0.435294
0.439216
0.411765
0.423529
0.435294
0.458824
0.466667
0.352941
0.501961
0.454902
0.403922
0.474510
0.470588
0.450980
0.423529
0.454902
0.356863
0.372549
0.360784
0.321569
0.396078
0.407843
0.407843
0.407843
0.286275
0.427451
0.411765
0.313725
0.403922
0.443137
0.427451
0.478431
0.439216
0.407843
0.380392
0.388235
0.388235
0.400000
0.380392
0.313725
0.501961
0.466667
0.407843
0.392157
0.380392
0.356863
0.376471
0.392157
0.360784
0.396078
0.372549
0.341176
0.360784
0.364706
0.380392
0.349020
0.298039
0.454902
0.427451
0.333333
0.372549
0.384314
0.384314
0.470588
0.415686
0.380392
0.368627
0.368627
0.364706
0.376471
0.333333
0.333333
0.474510
0.454902
0.376471
0.333333
0.321569
0.294118
0.384314
0.388235
0.345098
0.368627
0.352941
0.305882
0.309804
0.294118
0.305882
0.274510
0.278431
0.403922
0.360784
0.294118
0.301961
0.341176
0.380392
0.443137
0.431373
0.380392
0.368627
0.360784
0.368627
0.352941
0.321569
0.352941
0.458824
0.443137
0.372549
0.333333
0.325490
0.321569
0.380392
0.341176
0.305882
0.368627
0.317647
0.258824
0.278431
0.254902
0.254902
0.250980
0.254902
0.392157
0.294118
0.250980
0.254902
0.294118
0.349020
0.415686
0.447059
0.376471
0.364706
0.364706
0.400000
0.352941
0.290196
0.345098
0.529412
0.372549
0.313725
0.313725
0.349020
0.341176
0.290196
0.258824
0.258824
0.443137
0.427451
0.278431
0.274510
0.270588
0.270588
0.270588
0.317647
0.384314
0.274510
0.258824
0.266667
0.270588
0.298039
0.356863
0.470588
0.396078
0.403922
0.388235
0.396078
0.372549
0.325490
0.349020
0.462745
0.329412
0.298039
0.301961
0.325490
0.317647
0.301961
0.298039
0.290196
0.400000
0.431373
0.341176
0.321569
0.321569
0.329412
0.329412
0.419608
0.403922
0.301961
0.309804
0.305882
0.325490
0.317647
0.352941
0.482353
0.462745
