1.000000
0.992157
0.996078
0.996078
0.996078
0.996078
0.996078
1.000000
0.882353
0.513725
0.631373
0.972549
0.996078
0.996078
0.949020
0.858824
0.866667
0.964706
0.996078
0.996078
0.996078
0.996078
0.996078
0.996078
0.996078
0.996078
0.996078
0.996078
0.996078
0.996078
0.996078
0.996078
1.000000
0.996078
0.996078
0.996078
0.996078
0.996078
0.996078
0.996078
0.960784
0.427451
0.545098
1.000000
0.992157
1.000000
0.894118
0.560784
0.639216
0.964706
0.996078
0.996078
0.996078
0.996078
0.996078
0.996078
0.996078
0.996078
0.996078
0.996078
0.996078
0.996078
0.996078
0.996078
1.000000
1.000000
1.000000
1.000000
1.000000
1.000000
1.000000
0.996078
0.945098
0.447059
0.576471
1.000000
0.996078
1.000000
0.968627
0.478431
0.592157
1.000000
0.996078
1.000000
1.000000
1.000000
1.000000
1.000000
1.000000
1.000000
1.000000
1.000000
1.000000
1.000000
1.000000
1.000000
1.000000
1.000000
1.000000
1.000000
1.000000
1.000000
1.000000
1.000000
0.894118
0.447059
0.545098
0.980392
1.000000
1.000000
0.972549
0.509804
0.596078
1.000000
0.996078
1.000000
1.000000
1.000000
1.000000
1.000000
1.000000
1.000000
1.000000
1.000000
1.000000
1.000000
1.000000
1.000000
1.000000
0.996078
1.000000
1.000000
1.000000
1.000000
1.000000
1.000000
0.937255
0.400000
0.498039
1.000000
0.996078
1.000000
0.937255
0.513725
0.584314
0.976471
1.000000
1.000000
1.000000
1.000000
1.000000
1.000000
1.000000
1.000000
1.000000
1.000000
1.000000
1.000000
1.000000
1.000000
1.000000
0.996078
1.000000
1.000000
1.000000
1.000000
1.000000
1.000000
0.988235
0.435294
0.525490
1.000000
0.996078
1.000000
0.980392
0.431373
0.533333
1.000000
0.996078
1.000000
1.000000
1.000000
1.000000
1.000000
1.000000
1.000000
1.000000
1.000000
1.000000
1.000000
1.000000
1.000000
1.000000
0.996078
1.000000
1.000000
1.000000
1.000000
1.000000
1.000000
0.992157
0.443137
0.533333
1.000000
0.996078
0.996078
1.000000
0.447059
0.517647
1.000000
0.992157
1.000000
1.000000
1.000000
1.000000
1.000000
1.000000
1.000000
1.000000
1.000000
1.000000
1.000000
1.000000
1.000000
1.000000
0.996078
1.000000
1.000000
1.000000
1.000000
1.000000
1.000000
0.992157
0.443137
0.529412
1.000000
0.996078
0.996078
1.000000
0.450980
0.498039
1.000000
0.992157
1.000000
1.000000
1.000000
1.000000
1.000000
1.000000
1.000000
1.000000
1.000000
1.000000
1.000000
1.000000
1.000000
1.000000
0.996078
1.000000
1.000000
1.000000
1.000000
1.000000
1.000000
0.992157
0.443137
0.525490
1.000000
0.992157
0.992157
1.000000
0.462745
0.498039
1.000000
0.988235
0.996078
0.996078
1.000000
0.996078
0.996078
0.996078
1.000000
1.000000
1.000000
1.000000
1.000000
1.000000
1.000000
1.000000
1.000000
1.000000
1.000000
1.000000
1.000000
1.000000
1.000000
0.992157
0.443137
0.517647
1.000000
0.992157
0.992157
1.000000
0.505882
0.564706
1.000000
0.980392
0.988235
0.992157
0.992157
0.996078
0.996078
1.000000
1.000000
1.000000
1.000000
1.000000
1.000000
1.000000
1.000000
1.000000
0.996078
1.000000
0.996078
1.000000
0.996078
1.000000
1.000000
0.992157
0.443137
0.447059
0.952941
0.945098
0.992157
0.976471
0.603922
0.639216
0.945098
0.949020
0.952941
0.964706
0.968627
0.964706
0.949020
0.960784
0.996078
1.000000
0.996078
1.000000
1.000000
1.000000
1.000000
1.000000
0.992157
0.996078
0.988235
0.992157
0.996078
0.992157
0.996078
0.960784
0.400000
0.270588
0.643137
0.835294
0.956863
0.933333
0.588235
0.588235
0.956863
0.980392
0.980392
0.980392
0.960784
0.941176
0.866667
0.901961
0.964706
0.968627
0.984314
0.996078
0.996078
0.996078
1.000000
1.000000
0.996078
0.968627
0.890196
0.956863
0.913725
0.929412
1.000000
0.952941
0.360784
0.192157
0.466667
0.725490
0.831373
0.694118
0.564706
0.631373
0.898039
0.996078
0.988235
0.964706
0.949020
0.976471
0.886275
0.909804
0.984314
0.952941
0.949020
0.976471
0.996078
0.996078
0.996078
1.000000
0.933333
0.866667
0.901961
0.956863
0.717647
0.717647
0.807843
0.772549
0.372549
0.250980
0.466667
0.541176
0.654902
0.760784
0.776471
0.717647
0.721569
0.972549
0.952941
0.976471
0.984314
0.996078
0.909804
0.913725
1.000000
0.988235
0.972549
0.949020
0.949020
0.980392
1.000000
1.000000
0.905882
0.850980
0.760784
0.737255
0.647059
0.607843
0.592157
0.596078
0.576471
0.525490
0.615686
0.627451
0.682353
0.752941
0.752941
0.796078
0.752941
0.862745
0.909804
0.913725
0.870588
0.929412
0.894118
0.874510
0.988235
0.988235
0.992157
0.984314
0.964706
0.952941
0.941176
0.988235
0.827451
0.580392
0.466667
0.431373
0.588235
0.776471
0.721569
0.596078
0.545098
0.490196
0.541176
0.501961
0.631373
0.619608
0.709804
0.807843
0.745098
0.717647
0.670588
0.752941
0.764706
0.764706
0.815686
0.705882
0.941176
0.992157
1.000000
0.984314
0.952941
0.839216
0.831373
0.960784
0.615686
0.372549
0.411765
0.388235
0.521569
0.615686
0.627451
0.607843
0.529412
0.560784
0.674510
0.694118
0.725490
0.733333
0.721569
0.776471
0.784314
0.698039
0.709804
0.772549
0.796078
0.741176
0.792157
0.721569
0.913725
0.996078
0.949020
0.886275
0.847059
0.839216
0.894118
0.878431
0.698039
0.474510
0.443137
0.486275
0.603922
0.584314
0.682353
0.666667
0.600000
0.572549
0.635294
0.733333
0.619608
0.486275
0.537255
0.509804
0.533333
0.447059
0.564706
0.513725
0.521569
0.584314
0.643137
0.698039
0.819608
0.854902
0.843137
0.866667
0.894118
0.894118
0.894118
0.815686
0.721569
0.596078
0.494118
0.533333
0.545098
0.521569
0.627451
0.462745
0.349020
0.439216
0.447059
0.603922
0.635294
0.584314
0.564706
0.635294
0.623529
0.600000
0.466667
0.372549
0.360784
0.474510
0.639216
0.694118
0.749020
0.862745
0.878431
0.898039
0.905882
0.898039
0.874510
0.784314
0.729412
0.658824
0.611765
0.576471
0.592157
0.635294
0.670588
0.596078
0.600000
0.690196
0.698039
0.694118
0.721569
0.690196
0.670588
0.713725
0.635294
0.647059
0.403922
0.490196
0.388235
0.345098
0.580392
0.639216
0.827451
0.960784
0.933333
0.960784
0.941176
0.968627
0.933333
0.760784
0.725490
0.670588
0.568627
0.549020
0.537255
0.576471
0.556863
0.572549
0.600000
0.682353
0.462745
0.580392
0.580392
0.356863
0.349020
0.513725
0.345098
0.380392
0.392157
0.345098
0.525490
0.545098
0.541176
0.611765
0.835294
0.949020
0.925490
0.921569
0.956863
0.913725
0.803922
0.705882
0.737255
0.678431
0.564706
0.541176
0.533333
0.584314
0.549020
0.505882
0.513725
0.478431
0.294118
0.415686
0.415686
0.243137
0.325490
0.435294
0.101961
0.298039
0.627451
0.431373
0.717647
0.843137
0.768627
0.737255
0.858824
0.874510
0.835294
0.886275
0.992157
0.905882
0.854902
0.529412
0.556863
0.670588
0.749020
0.678431
0.745098
0.713725
0.631373
0.588235
0.619608
0.521569
0.403922
0.576471
0.556863
0.403922
0.431373
0.427451
0.196078
0.337255
0.619608
0.611765
0.772549
0.756863
0.733333
0.721569
0.850980
0.941176
0.886275
0.909804
0.960784
0.929412
0.921569
0.658824
0.427451
0.278431
0.403922
0.600000
0.756863
0.705882
0.627451
0.541176
0.615686
0.647059
0.498039
0.611765
0.713725
0.560784
0.443137
0.509804
0.494118
0.580392
0.643137
0.600000
0.631373
0.647059
0.631373
0.603922
0.709804
0.894118
0.847059
0.858824
0.831373
0.800000
0.803922
0.878431
0.843137
0.458824
0.168627
0.239216
0.364706
0.549020
0.674510
0.619608
0.592157
0.623529
0.592157
0.611765
0.725490
0.639216
0.635294
0.631373
0.619608
0.741176
0.737255
0.733333
0.584314
0.588235
0.572549
0.564706
0.592157
0.694118
0.650980
0.662745
0.717647
0.796078
0.843137
0.776471
0.823529
0.764706
0.576471
0.431373
0.235294
0.349020
0.525490
0.615686
0.698039
0.694118
0.627451
0.592157
0.576471
0.486275
0.537255
0.486275
0.466667
0.470588
0.415686
0.450980
0.392157
0.364706
0.321569
0.384314
0.352941
0.439216
0.576471
0.607843
0.850980
0.956863
0.968627
0.717647
0.725490
0.694118
0.639216
0.619608
0.592157
0.686275
0.705882
0.658824
0.580392
0.501961
0.337255
0.227451
0.133333
0.145098
0.141176
0.105882
0.109804
0.090196
0.066667
0.074510
0.054902
0.047059
0.031373
0.023529
0.043137
0.384314
0.874510
0.913725
0.972549
0.996078
0.996078
0.698039
0.607843
0.662745
0.674510
0.752941
0.776471
0.682353
0.662745
0.505882
0.247059
0.094118
0.003922
0.000000
0.023529
0.007843
0.003922
0.047059
0.019608
0.007843
0.011765
0.007843
0.035294
0.043137
0.015686
0.011765
0.015686
0.254902
0.674510
0.819608
0.913725
0.988235
1.000000
0.792157
0.737255
0.627451
0.517647
0.560784
0.741176
0.701961
0.694118
0.729412
0.698039
0.352941
0.262745
0.223529
0.113725
0.133333
0.160784
0.207843
0.160784
0.160784
0.145098
0.082353
0.105882
0.082353
0.039216
0.058824
0.066667
0.219608
0.537255
0.580392
0.784314
0.960784
1.000000
0.921569
0.949020
0.847059
0.725490
0.760784
0.909804
0.925490
0.921569
0.862745
0.800000
0.662745
0.607843
0.662745
0.635294
0.647059
0.576471
0.490196
0.419608
0.349020
0.317647
0.286275
0.184314
0.117647
0.196078
0.290196
0.286275
0.309804
0.509804
0.525490
0.674510
0.862745
0.976471
1.000000
0.984314
0.960784
0.964706
0.972549
1.000000
1.000000
1.000000
0.964706
0.882353
0.792157
0.709804
0.713725
0.850980
0.949020
0.909804
0.878431
0.792157
0.709804
0.733333
0.749020
0.709804
0.690196
0.713725
0.694118
0.627451
0.627451
0.737255
0.764706
0.725490
0.780392
0.870588
1.000000
0.984314
0.984314
0.988235
0.996078
0.992157
0.992157
0.996078
1.000000
1.000000
0.933333
0.847059
0.772549
0.764706
0.858824
0.901961
0.886275
0.909804
0.905882
0.909804
0.901961
0.909804
0.960784
0.941176
0.890196
0.839216
0.862745
0.894118
0.858824
0.803922
0.807843
0.874510
1.000000
0.992157
0.996078
0.996078
0.996078
0.996078
0.996078
1.000000
0.882353
0.513725
0.631373
0.972549
0.996078
0.996078
0.949020
0.858824
0.866667
0.964706
0.996078
0.996078
0.996078
0.996078
0.996078
0.996078
0.996078
0.996078
0.996078
0.996078
0.996078
0.996078
0.996078
0.996078
1.000000
0.996078
0.996078
0.996078
0.996078
0.996078
0.996078
0.996078
0.960784
0.427451
0.545098
1.000000
0.992157
1.000000
0.894118
0.560784
0.639216
0.964706
0.996078
0.996078
0.996078
0.996078
0.996078
0.996078
0.996078
0.996078
0.996078
0.996078
0.996078
0.996078
0.996078
0.996078
1.000000
1.000000
1.000000
1.000000
1.000000
1.000000
1.000000
0.996078
0.945098
0.447059
0.576471
1.000000
0.996078
1.000000
0.968627
0.478431
0.592157
1.000000
0.996078
1.000000
1.000000
1.000000
1.000000
1.000000
1.000000
1.000000
1.000000
1.000000
1.000000
1.000000
1.000000
1.000000
1.000000
1.000000
1.000000
1.000000
1.000000
1.000000
1.000000
1.000000
0.894118
0.447059
0.545098
0.980392
1.000000
1.000000
0.972549
0.509804
0.596078
1.000000
0.996078
1.000000
1.000000
1.000000
1.000000
1.000000
1.000000
1.000000
1.000000
1.000000
1.000000
1.000000
1.000000
1.000000
1.000000
0.996078
1.000000
1.000000
1.000000
1.000000
1.000000
1.000000
0.937255
0.400000
0.498039
1.000000
0.996078
1.000000
0.937255
0.513725
0.584314
0.976471
1.000000
1.000000
1.000000
1.000000
1.000000
1.000000
1.000000
1.000000
1.000000
1.000000
1.000000
1.000000
1.000000
1.000000
1.000000
0.996078
1.000000
1.000000
1.000000
1.000000
1.000000
1.000000
0.988235
0.435294
0.525490
1.000000
0.996078
1.000000
0.980392
0.431373
0.533333
1.000000
0.996078
1.000000
1.000000
1.000000
1.000000
1.000000
1.000000
1.000000
1.000000
1.000000
1.000000
1.000000
1.000000
1.000000
1.000000
0.996078
1.000000
1.000000
1.000000
1.000000
1.000000
1.000000
0.992157
0.443137
0.533333
1.000000
0.996078
0.996078
1.000000
0.447059
0.517647
1.000000
0.992157
1.000000
1.000000
1.000000
1.000000
1.000000
1.000000
1.000000
1.000000
1.000000
1.000000
1.000000
1.000000
1.000000
1.000000
0.996078
1.000000
1.000000
1.000000
1.000000
1.000000
1.000000
0.992157
0.443137
0.529412
1.000000
0.996078
0.996078
1.000000
0.450980
0.498039
1.000000
0.992157
1.000000
1.000000
1.000000
1.000000
1.000000
1.000000
1.000000
1.000000
1.000000
1.000000
1.000000
1.000000
1.000000
1.000000
0.996078
1.000000
1.000000
1.000000
1.000000
1.000000
1.000000
0.992157
0.443137
0.525490
1.000000
0.992157
0.992157
1.000000
0.462745
0.498039
1.000000
0.988235
0.996078
0.996078
1.000000
0.996078
0.996078
0.996078
1.000000
1.000000
1.000000
1.000000
1.000000
1.000000
1.000000
1.000000
1.000000
1.000000
1.000000
1.000000
1.000000
1.000000
1.000000
0.992157
0.443137
0.517647
1.000000
0.992157
0.992157
1.000000
0.505882
0.564706
1.000000
0.980392
0.988235
0.992157
0.992157
0.996078
0.996078
1.000000
1.000000
1.000000
1.000000
1.000000
1.000000
1.000000
1.000000
1.000000
0.996078
1.000000
0.996078
1.000000
0.996078
1.000000
1.000000
0.992157
0.443137
0.447059
0.952941
0.945098
0.992157
0.976471
0.603922
0.639216
0.945098
0.949020
0.952941
0.964706
0.968627
0.964706
0.949020
0.960784
0.996078
1.000000
0.996078
1.000000
1.000000
1.000000
1.000000
1.000000
0.992157
0.996078
0.988235
0.992157
0.996078
0.992157
0.996078
0.960784
0.400000
0.270588
0.643137
0.835294
0.956863
0.933333
0.588235
0.588235
0.956863
0.980392
0.980392
0.980392
0.960784
0.941176
0.866667
0.901961
0.964706
0.968627
0.984314
0.996078
0.996078
0.996078
1.000000
1.000000
0.996078
0.968627
0.890196
0.956863
0.913725
0.929412
1.000000
0.952941
0.360784
0.192157
0.466667
0.725490
0.831373
0.694118
0.564706
0.631373
0.898039
0.996078
0.988235
0.964706
0.949020
0.976471
0.886275
0.909804
0.984314
0.952941
0.949020
0.976471
0.996078
0.996078
0.996078
1.000000
0.933333
0.866667
0.901961
0.956863
0.717647
0.717647
0.807843
0.772549
0.372549
0.250980
0.466667
0.541176
0.654902
0.760784
0.776471
0.717647
0.721569
0.972549
0.952941
0.976471
0.984314
0.996078
0.909804
0.913725
1.000000
0.988235
0.972549
0.949020
0.949020
0.980392
1.000000
1.000000
0.905882
0.850980
0.760784
0.737255
0.647059
0.607843
0.592157
0.596078
0.576471
0.525490
0.615686
0.627451
0.682353
0.752941
0.752941
0.796078
0.752941
0.862745
0.909804
0.913725
0.870588
0.929412
0.894118
0.874510
0.988235
0.988235
0.992157
0.984314
0.964706
0.952941
0.941176
0.988235
0.827451
0.580392
0.466667
0.431373
0.588235
0.776471
0.721569
0.596078
0.545098
0.490196
0.541176
0.501961
0.631373
0.619608
0.709804
0.807843
0.745098
0.717647
0.670588
0.752941
0.764706
0.764706
0.815686
0.705882
0.941176
0.992157
1.000000
0.984314
0.952941
0.839216
0.831373
0.960784
0.615686
0.372549
0.411765
0.388235
0.521569
0.615686
0.627451
0.607843
0.529412
0.560784
0.674510
0.694118
0.725490
0.733333
0.721569
0.776471
0.784314
0.698039
0.709804
0.772549
0.796078
0.741176
0.792157
0.721569
0.913725
0.996078
0.949020
0.886275
0.847059
0.839216
0.894118
0.878431
0.698039
0.474510
0.443137
0.486275
0.603922
0.584314
0.682353
0.666667
0.600000
0.572549
0.635294
0.733333
0.619608
0.486275
0.537255
0.509804
0.533333
0.447059
0.564706
0.513725
0.521569
0.584314
0.643137
0.698039
0.819608
0.854902
0.843137
0.866667
0.894118
0.894118
0.894118
0.815686
0.721569
0.596078
0.494118
0.533333
0.545098
0.521569
0.627451
0.462745
0.349020
0.439216
0.447059
0.603922
0.635294
0.584314
0.564706
0.635294
0.623529
0.600000
0.466667
0.372549
0.360784
0.474510
0.639216
0.694118
0.749020
0.862745
0.878431
0.898039
0.905882
0.898039
0.874510
0.784314
0.729412
0.658824
0.611765
0.576471
0.592157
0.635294
0.670588
0.596078
0.600000
0.690196
0.698039
0.694118
0.721569
0.690196
0.670588
0.713725
0.635294
0.647059
0.403922
0.490196
0.388235
0.345098
0.580392
0.639216
0.827451
0.960784
0.933333
0.960784
0.941176
0.968627
0.933333
0.760784
0.725490
0.670588
0.568627
0.549020
0.537255
0.576471
0.556863
0.572549
0.600000
0.682353
0.462745
0.580392
0.580392
0.356863
0.349020
0.513725
0.345098
0.380392
0.392157
0.345098
0.525490
0.545098
0.541176
0.611765
0.835294
0.949020
0.925490
0.921569
0.956863
0.913725
0.803922
0.705882
0.737255
0.678431
0.564706
0.541176
0.533333
0.584314
0.549020
0.505882
0.513725
0.478431
0.294118
0.415686
0.415686
0.243137
0.325490
0.435294
0.101961
0.298039
0.627451
0.431373
0.717647
0.843137
0.768627
0.737255
0.858824
0.874510
0.835294
0.886275
0.992157
0.905882
0.854902
0.529412
0.556863
0.670588
0.749020
0.678431
0.745098
0.713725
0.631373
0.588235
0.619608
0.521569
0.403922
0.576471
0.556863
0.403922
0.431373
0.427451
0.196078
0.337255
0.619608
0.611765
0.772549
0.756863
0.733333
0.721569
0.850980
0.941176
0.886275
0.909804
0.960784
0.929412
0.921569
0.658824
0.427451
0.278431
0.403922
0.600000
0.756863
0.705882
0.627451
0.541176
0.615686
0.647059
0.498039
0.611765
0.713725
0.560784
0.443137
0.509804
0.494118
0.580392
0.643137
0.600000
0.631373
0.647059
0.631373
0.603922
0.709804
0.894118
0.847059
0.858824
0.831373
0.800000
0.803922
0.878431
0.843137
0.458824
0.168627
0.239216
0.364706
0.549020
0.674510
0.619608
0.592157
0.623529
0.592157
0.611765
0.725490
0.639216
0.635294
0.631373
0.619608
0.741176
0.737255
0.733333
0.584314
0.588235
0.572549
0.564706
0.592157
0.694118
0.650980
0.662745
0.717647
0.796078
0.843137
0.776471
0.823529
0.764706
0.576471
0.431373
0.235294
0.349020
0.525490
0.615686
0.698039
0.694118
0.627451
0.592157
0.576471
0.486275
0.537255
0.486275
0.466667
0.470588
0.415686
0.450980
0.392157
0.364706
0.321569
0.384314
0.352941
0.439216
0.576471
0.607843
0.850980
0.956863
0.968627
0.717647
0.725490
0.694118
0.639216
0.619608
0.592157
0.686275
0.705882
0.658824
0.580392
0.501961
0.337255
0.227451
0.133333
0.145098
0.141176
0.105882
0.109804
0.090196
0.066667
0.074510
0.054902
0.047059
0.031373
0.023529
0.043137
0.384314
0.874510
0.913725
0.972549
0.996078
0.996078
0.698039
0.607843
0.662745
0.674510
0.752941
0.776471
0.682353
0.662745
0.505882
0.247059
0.094118
0.003922
0.000000
0.023529
0.007843
0.003922
0.047059
0.019608
0.007843
0.011765
0.007843
0.035294
0.043137
0.015686
0.011765
0.015686
0.254902
0.674510
0.819608
0.913725
0.988235
1.000000
0.792157
0.737255
0.627451
0.517647
0.560784
0.741176
0.701961
0.694118
0.729412
0.698039
0.352941
0.262745
0.223529
0.113725
0.133333
0.160784
0.207843
0.160784
0.160784
0.145098
0.082353
0.105882
0.082353
0.039216
0.058824
0.066667
0.219608
0.537255
0.580392
0.784314
0.960784
1.000000
0.921569
0.949020
0.847059
0.725490
0.760784
0.909804
0.925490
0.921569
0.862745
0.800000
0.662745
0.607843
0.662745
0.635294
0.647059
0.576471
0.490196
0.419608
0.349020
0.317647
0.286275
0.184314
0.117647
0.196078
0.290196
0.286275
0.309804
0.509804
0.525490
0.674510
0.862745
0.976471
1.000000
0.984314
0.960784
0.964706
0.972549
1.000000
1.000000
1.000000
0.964706
0.882353
0.792157
0.709804
0.713725
0.850980
0.949020
0.909804
0.878431
0.792157
0.709804
0.733333
0.749020
0.709804
0.690196
0.713725
0.694118
0.627451
0.627451
0.737255
0.764706
0.725490
0.780392
0.870588
1.000000
0.984314
0.984314
0.988235
0.996078
0.992157
0.992157
0.996078
1.000000
1.000000
0.933333
0.847059
0.772549
0.764706
0.858824
0.901961
0.886275
0.909804
0.905882
0.909804
0.901961
0.909804
0.960784
0.941176
0.890196
0.839216
0.862745
0.894118
0.858824
0.803922
0.807843
0.874510
1.000000
0.992157
0.996078
0.996078
0.996078
0.996078
0.996078
1.000000
0.882353
0.513725
0.631373
0.972549
0.996078
0.996078
0.949020
0.858824
0.866667
0.964706
0.996078
0.996078
0.996078
0.996078
0.996078
0.996078
0.996078
0.996078
0.996078
0.996078
0.996078
0.996078
0.996078
0.996078
1.000000
0.996078
0.996078
0.996078
0.996078
0.996078
0.996078
0.996078
0.960784
0.427451
0.545098
1.000000
0.992157
1.000000
0.894118
0.560784
0.639216
0.964706
0.996078
0.996078
0.996078
0.996078
0.996078
0.996078
0.996078
0.996078
0.996078
0.996078
0.996078
0.996078
0.996078
0.996078
1.000000
1.000000
1.000000
1.000000
1.000000
1.000000
1.000000
0.996078
0.945098
0.447059
0.576471
1.000000
0.996078
1.000000
0.968627
0.478431
0.592157
1.000000
0.996078
1.000000
1.000000
1.000000
1.000000
1.000000
1.000000
1.000000
1.000000
1.000000
1.000000
1.000000
1.000000
1.000000
1.000000
1.000000
1.000000
1.000000
1.000000
1.000000
1.000000
1.000000
0.894118
0.447059
0.545098
0.980392
1.000000
1.000000
0.972549
0.509804
0.596078
1.000000
0.996078
1.000000
1.000000
1.000000
1.000000
1.000000
1.000000
1.000000
1.000000
1.000000
1.000000
1.000000
1.000000
1.000000
1.000000
0.996078
1.000000
1.000000
1.000000
1.000000
1.000000
1.000000
0.937255
0.400000
0.498039
1.000000
0.996078
1.000000
0.937255
0.513725
0.584314
0.976471
1.000000
1.000000
1.000000
1.000000
1.000000
1.000000
1.000000
1.000000
1.000000
1.000000
1.000000
1.000000
1.000000
1.000000
1.000000
0.996078
1.000000
1.000000
1.000000
1.000000
1.000000
1.000000
0.988235
0.435294
0.525490
1.000000
0.996078
1.000000
0.980392
0.431373
0.533333
1.000000
0.996078
1.000000
1.000000
1.000000
1.000000
1.000000
1.000000
1.000000
1.000000
1.000000
1.000000
1.000000
1.000000
1.000000
1.000000
0.996078
1.000000
1.000000
1.000000
1.000000
1.000000
1.000000
0.992157
0.443137
0.533333
1.000000
0.996078
0.996078
1.000000
0.447059
0.517647
1.000000
0.992157
1.000000
1.000000
1.000000
1.000000
1.000000
1.000000
1.000000
1.000000
1.000000
1.000000
1.000000
1.000000
1.000000
1.000000
0.996078
1.000000
1.000000
1.000000
1.000000
1.000000
1.000000
0.992157
0.443137
0.529412
1.000000
0.996078
0.996078
1.000000
0.450980
0.498039
1.000000
0.992157
1.000000
1.000000
1.000000
1.000000
1.000000
1.000000
1.000000
1.000000
1.000000
1.000000
1.000000
1.000000
1.000000
1.000000
0.996078
1.000000
1.000000
1.000000
1.000000
1.000000
1.000000
0.992157
0.443137
0.525490
1.000000
0.992157
0.992157
1.000000
0.462745
0.498039
1.000000
0.988235
0.996078
0.996078
1.000000
0.996078
0.996078
0.996078
1.000000
1.000000
1.000000
1.000000
1.000000
1.000000
1.000000
1.000000
1.000000
1.000000
1.000000
1.000000
1.000000
1.000000
1.000000
0.992157
0.443137
0.517647
1.000000
0.992157
0.992157
1.000000
0.505882
0.564706
1.000000
0.980392
0.988235
0.992157
0.992157
0.996078
0.996078
1.000000
1.000000
1.000000
1.000000
1.000000
1.000000
1.000000
1.000000
1.000000
0.996078
1.000000
0.996078
1.000000
0.996078
1.000000
1.000000
0.992157
0.443137
0.447059
0.952941
0.945098
0.992157
0.976471
0.603922
0.639216
0.945098
0.949020
0.952941
0.964706
0.968627
0.964706
0.949020
0.960784
0.996078
1.000000
0.996078
1.000000
1.000000
1.000000
1.000000
1.000000
0.992157
0.996078
0.988235
0.992157
0.996078
0.992157
0.996078
0.960784
0.400000
0.270588
0.643137
0.835294
0.956863
0.933333
0.588235
0.588235
0.956863
0.980392
0.980392
0.980392
0.960784
0.941176
0.866667
0.901961
0.964706
0.968627
0.984314
0.996078
0.996078
0.996078
1.000000
1.000000
0.996078
0.968627
0.890196
0.956863
0.913725
0.929412
1.000000
0.952941
0.360784
0.192157
0.466667
0.725490
0.831373
0.694118
0.564706
0.631373
0.898039
0.996078
0.988235
0.964706
0.949020
0.976471
0.886275
0.909804
0.984314
0.952941
0.949020
0.976471
0.996078
0.996078
0.996078
1.000000
0.933333
0.866667
0.901961
0.956863
0.717647
0.717647
0.807843
0.772549
0.372549
0.250980
0.466667
0.541176
0.654902
0.760784
0.776471
0.717647
0.721569
0.972549
0.952941
0.976471
0.984314
0.996078
0.909804
0.913725
1.000000
0.988235
0.972549
0.949020
0.949020
0.980392
1.000000
1.000000
0.905882
0.850980
0.760784
0.737255
0.647059
0.607843
0.592157
0.596078
0.576471
0.525490
0.615686
0.627451
0.682353
0.752941
0.752941
0.796078
0.752941
0.862745
0.909804
0.913725
0.870588
0.929412
0.894118
0.874510
0.988235
0.988235
0.992157
0.984314
0.964706
0.952941
0.941176
0.988235
0.827451
0.580392
0.466667
0.431373
0.588235
0.776471
0.721569
0.596078
0.545098
0.490196
0.541176
0.501961
0.631373
0.619608
0.709804
0.807843
0.745098
0.717647
0.670588
0.752941
0.764706
0.764706
0.815686
0.705882
0.941176
0.992157
1.000000
0.984314
0.952941
0.839216
0.831373
0.960784
0.615686
0.372549
0.411765
0.388235
0.521569
0.615686
0.627451
0.607843
0.529412
0.560784
0.674510
0.694118
0.725490
0.733333
0.721569
0.776471
0.784314
0.698039
0.709804
0.772549
0.796078
0.741176
0.792157
0.721569
0.913725
0.996078
0.949020
0.886275
0.847059
0.839216
0.894118
0.878431
0.698039
0.474510
0.443137
0.486275
0.603922
0.584314
0.682353
0.666667
0.600000
0.572549
0.635294
0.733333
0.619608
0.486275
0.537255
0.509804
0.533333
0.447059
0.564706
0.513725
0.521569
0.584314
0.643137
0.698039
0.819608
0.854902
0.843137
0.866667
0.894118
0.894118
0.894118
0.815686
0.721569
0.596078
0.494118
0.533333
0.545098
0.521569
0.627451
0.462745
0.349020
0.439216
0.447059
0.603922
0.635294
0.584314
0.564706
0.635294
0.623529
0.600000
0.466667
0.372549
0.360784
0.474510
0.639216
0.694118
0.749020
0.862745
0.878431
0.898039
0.905882
0.898039
0.874510
0.784314
0.729412
0.658824
0.611765
0.576471
0.592157
0.635294
0.670588
0.596078
0.600000
0.690196
0.698039
0.694118
0.721569
0.690196
0.670588
0.713725
0.635294
0.647059
0.403922
0.490196
0.388235
0.345098
0.580392
0.639216
0.827451
0.960784
0.933333
0.960784
0.941176
0.968627
0.933333
0.760784
0.725490
0.670588
0.568627
0.549020
0.537255
0.576471
0.556863
0.572549
0.600000
0.682353
0.462745
0.580392
0.580392
0.356863
0.349020
0.513725
0.345098
0.380392
0.392157
0.345098
0.525490
0.545098
0.541176
0.611765
0.835294
0.949020
0.925490
0.921569
0.956863
0.913725
0.803922
0.705882
0.737255
0.678431
0.564706
0.541176
0.533333
0.584314
0.549020
0.505882
0.513725
0.478431
0.294118
0.415686
0.415686
0.243137
0.325490
0.435294
0.101961
0.298039
0.627451
0.431373
0.717647
0.843137
0.768627
0.737255
0.858824
0.874510
0.835294
0.886275
0.992157
0.905882
0.854902
0.529412
0.556863
0.670588
0.749020
0.678431
0.745098
0.713725
0.631373
0.588235
0.619608
0.521569
0.403922
0.576471
0.556863
0.403922
0.431373
0.427451
0.196078
0.337255
0.619608
0.611765
0.772549
0.756863
0.733333
0.721569
0.850980
0.941176
0.886275
0.909804
0.960784
0.929412
0.921569
0.658824
0.427451
0.278431
0.403922
0.600000
0.756863
0.705882
0.627451
0.541176
0.615686
0.647059
0.498039
0.611765
0.713725
0.560784
0.443137
0.509804
0.494118
0.580392
0.643137
0.600000
0.631373
0.647059
0.631373
0.603922
0.709804
0.894118
0.847059
0.858824
0.831373
0.800000
0.803922
0.878431
0.843137
0.458824
0.168627
0.239216
0.364706
0.549020
0.674510
0.619608
0.592157
0.623529
0.592157
0.611765
0.725490
0.639216
0.635294
0.631373
0.619608
0.741176
0.737255
0.733333
0.584314
0.588235
0.572549
0.564706
0.592157
0.694118
0.650980
0.662745
0.717647
0.796078
0.843137
0.776471
0.823529
0.764706
0.576471
0.431373
0.235294
0.349020
0.525490
0.615686
0.698039
0.694118
0.627451
0.592157
0.576471
0.486275
0.537255
0.486275
0.466667
0.470588
0.415686
0.450980
0.392157
0.364706
0.321569
0.384314
0.352941
0.439216
0.576471
0.607843
0.850980
0.956863
0.968627
0.717647
0.725490
0.694118
0.639216
0.619608
0.592157
0.686275
0.705882
0.658824
0.580392
0.501961
0.337255
0.227451
0.133333
0.145098
0.141176
0.105882
0.109804
0.090196
0.066667
0.074510
0.054902
0.047059
0.031373
0.023529
0.043137
0.384314
0.874510
0.913725
0.972549
0.996078
0.996078
0.698039
0.607843
0.662745
0.674510
0.752941
0.776471
0.682353
0.662745
0.505882
0.247059
0.094118
0.003922
0.000000
0.023529
0.007843
0.003922
0.047059
0.019608
0.007843
0.011765
0.007843
0.035294
0.043137
0.015686
0.011765
0.015686
0.254902
0.674510
0.819608
0.913725
0.988235
1.000000
0.792157
0.737255
0.627451
0.517647
0.560784
0.741176
0.701961
0.694118
0.729412
0.698039
0.352941
0.262745
0.223529
0.113725
0.133333
0.160784
0.207843
0.160784
0.160784
0.145098
0.082353
0.105882
0.082353
0.039216
0.058824
0.066667
0.219608
0.537255
0.580392
0.784314
0.960784
1.000000
0.921569
0.949020
0.847059
0.725490
0.760784
0.909804
0.925490
0.921569
0.862745
0.800000
0.662745
0.607843
0.662745
0.635294
0.647059
0.576471
0.490196
0.419608
0.349020
0.317647
0.286275
0.184314
0.117647
0.196078
0.290196
0.286275
0.309804
0.509804
0.525490
0.674510
0.862745
0.976471
1.000000
0.984314
0.960784
0.964706
0.972549
1.000000
1.000000
1.000000
0.964706
0.882353
0.792157
0.709804
0.713725
0.850980
0.949020
0.909804
0.878431
0.792157
0.709804
0.733333
0.749020
0.709804
0.690196
0.713725
0.694118
0.627451
0.627451
0.737255
0.764706
0.725490
0.780392
0.870588
1.000000
0.984314
0.984314
0.988235
0.996078
0.992157
0.992157
0.996078
1.000000
1.000000
0.933333
0.847059
0.772549
0.764706
0.858824
0.901961
0.886275
0.909804
0.905882
0.909804
0.901961
0.909804
0.960784
0.941176
0.890196
0.839216
0.862745
0.894118
0.858824
0.803922
0.807843
0.874510
