0.541176
0.549020
0.607843
0.686275
0.729412
0.701961
0.705882
0.737255
0.725490
0.670588
0.678431
0.768627
0.839216
0.792157
0.749020
0.745098
0.796078
0.792157
0.815686
0.831373
0.839216
0.780392
0.698039
0.658824
0.647059
0.662745
0.674510
0.647059
0.588235
0.564706
0.564706
0.549020
0.537255
0.603922
0.678431
0.698039
0.698039
0.717647
0.733333
0.725490
0.694118
0.705882
0.796078
0.686275
0.662745
0.807843
0.780392
0.811765
0.850980
0.819608
0.866667
0.870588
0.811765
0.741176
0.721569
0.713725
0.725490
0.733333
0.662745
0.623529
0.631373
0.627451
0.588235
0.537255
0.603922
0.678431
0.686275
0.674510
0.701961
0.729412
0.717647
0.709804
0.745098
0.800000
0.862745
0.619608
0.537255
0.796078
0.866667
0.870588
0.862745
0.882353
0.898039
0.854902
0.792157
0.780392
0.815686
0.764706
0.733333
0.674510
0.690196
0.713725
0.694118
0.639216
0.607843
0.607843
0.650980
0.682353
0.674510
0.701961
0.713725
0.690196
0.709804
0.772549
0.800000
0.847059
0.854902
0.650980
0.560784
0.698039
0.890196
0.905882
0.905882
0.925490
0.905882
0.870588
0.831373
0.847059
0.792157
0.741176
0.741176
0.776471
0.800000
0.760784
0.709804
0.682353
0.694118
0.670588
0.662745
0.670588
0.650980
0.701961
0.674510
0.713725
0.784314
0.803922
0.807843
0.866667
0.827451
0.694118
0.658824
0.513725
0.541176
0.627451
0.870588
0.956863
0.878431
0.764706
0.831373
0.858824
0.768627
0.807843
0.835294
0.847059
0.800000
0.737255
0.733333
0.741176
0.717647
0.643137
0.662745
0.654902
0.674510
0.698039
0.717647
0.768627
0.788235
0.784314
0.839216
0.858824
0.815686
0.650980
0.647059
0.466667
0.333333
0.282353
0.419608
0.713725
0.694118
0.603922
0.764706
0.831373
0.827451
0.862745
0.847059
0.839216
0.780392
0.752941
0.788235
0.764706
0.709804
0.658824
0.647059
0.658824
0.701961
0.725490
0.752941
0.772549
0.780392
0.800000
0.858824
0.862745
0.811765
0.576471
0.603922
0.450980
0.419608
0.396078
0.313725
0.435294
0.643137
0.643137
0.745098
0.843137
0.862745
0.862745
0.850980
0.819608
0.784314
0.815686
0.807843
0.756863
0.705882
0.701961
0.631373
0.686275
0.701961
0.737255
0.760784
0.768627
0.780392
0.827451
0.866667
0.882353
0.776471
0.521569
0.545098
0.407843
0.403922
0.400000
0.380392
0.552941
0.725490
0.713725
0.686275
0.854902
0.878431
0.878431
0.854902
0.850980
0.839216
0.847059
0.811765
0.737255
0.717647
0.705882
0.650980
0.698039
0.701961
0.741176
0.760784
0.768627
0.803922
0.847059
0.870588
0.898039
0.737255
0.407843
0.545098
0.431373
0.407843
0.396078
0.423529
0.670588
0.749020
0.654902
0.698039
0.882353
0.886275
0.870588
0.858824
0.870588
0.870588
0.850980
0.792157
0.729412
0.733333
0.705882
0.670588
0.682353
0.709804
0.749020
0.756863
0.760784
0.807843
0.854902
0.862745
0.898039
0.717647
0.337255
0.498039
0.600000
0.392157
0.384314
0.478431
0.623529
0.686275
0.498039
0.470588
0.647059
0.752941
0.835294
0.850980
0.854902
0.866667
0.823529
0.768627
0.752941
0.752941
0.725490
0.670588
0.686275
0.717647
0.756863
0.760784
0.784314
0.819608
0.847059
0.850980
0.894118
0.725490
0.470588
0.501961
0.603922
0.611765
0.607843
0.568627
0.596078
0.580392
0.301961
0.184314
0.258824
0.341176
0.556863
0.784314
0.862745
0.850980
0.815686
0.784314
0.792157
0.768627
0.741176
0.670588
0.690196
0.713725
0.756863
0.776471
0.796078
0.827451
0.854902
0.858824
0.874510
0.698039
0.396078
0.572549
0.560784
0.721569
0.525490
0.478431
0.450980
0.517647
0.219608
0.188235
0.239216
0.223529
0.270588
0.501961
0.815686
0.858824
0.835294
0.815686
0.811765
0.776471
0.752941
0.654902
0.674510
0.694118
0.729412
0.756863
0.768627
0.784314
0.823529
0.835294
0.784314
0.666667
0.494118
0.533333
0.521569
0.513725
0.596078
0.521569
0.482353
0.419608
0.239216
0.278431
0.254902
0.278431
0.258824
0.231373
0.552941
0.827451
0.823529
0.788235
0.780392
0.792157
0.749020
0.639216
0.662745
0.678431
0.698039
0.729412
0.760784
0.796078
0.823529
0.796078
0.788235
0.698039
0.611765
0.658824
0.462745
0.600000
0.603922
0.505882
0.564706
0.403922
0.278431
0.329412
0.313725
0.305882
0.282353
0.254902
0.258824
0.580392
0.752941
0.741176
0.701961
0.729412
0.745098
0.635294
0.666667
0.690196
0.701961
0.733333
0.729412
0.686275
0.619608
0.666667
0.796078
0.662745
0.580392
0.623529
0.596078
0.721569
0.611765
0.462745
0.423529
0.313725
0.345098
0.360784
0.388235
0.329412
0.380392
0.325490
0.282353
0.321569
0.690196
0.729412
0.694118
0.670588
0.686275
0.639216
0.694118
0.717647
0.705882
0.654902
0.431373
0.266667
0.200000
0.262745
0.470588
0.556863
0.545098
0.619608
0.607843
0.631373
0.674510
0.556863
0.345098
0.250980
0.388235
0.411765
0.368627
0.403922
0.384314
0.305882
0.270588
0.223529
0.584314
0.721569
0.709804
0.678431
0.658824
0.556863
0.647059
0.694118
0.615686
0.392157
0.211765
0.203922
0.196078
0.215686
0.211765
0.345098
0.647059
0.678431
0.556863
0.407843
0.368627
0.329412
0.215686
0.219608
0.607843
0.537255
0.392157
0.454902
0.372549
0.317647
0.290196
0.250980
0.415686
0.690196
0.690196
0.682353
0.666667
0.627451
0.662745
0.686275
0.435294
0.211765
0.258824
0.294118
0.333333
0.356863
0.313725
0.337255
0.686275
0.721569
0.427451
0.266667
0.180392
0.219608
0.286275
0.537255
0.772549
0.549020
0.447059
0.447059
0.415686
0.396078
0.309804
0.254902
0.309804
0.650980
0.686275
0.686275
0.678431
0.745098
0.776471
0.678431
0.294118
0.227451
0.309804
0.329412
0.372549
0.403922
0.396078
0.372549
0.713725
0.764706
0.596078
0.403922
0.325490
0.356863
0.490196
0.776471
0.823529
0.525490
0.419608
0.407843
0.435294
0.384314
0.352941
0.270588
0.301961
0.619608
0.698039
0.694118
0.682353
0.756863
0.796078
0.560784
0.192157
0.266667
0.333333
0.388235
0.396078
0.427451
0.407843
0.313725
0.643137
0.764706
0.592157
0.439216
0.341176
0.458824
0.568627
0.749020
0.752941
0.427451
0.403922
0.352941
0.376471
0.392157
0.411765
0.294118
0.247059
0.545098
0.670588
0.662745
0.654902
0.709804
0.800000
0.498039
0.196078
0.270588
0.349020
0.419608
0.415686
0.427451
0.443137
0.321569
0.564706
0.772549
0.611765
0.403922
0.364706
0.439216
0.588235
0.776471
0.674510
0.403922
0.427451
0.419608
0.419608
0.415686
0.341176
0.274510
0.219608
0.560784
0.717647
0.643137
0.650980
0.627451
0.670588
0.396078
0.223529
0.329412
0.407843
0.443137
0.470588
0.490196
0.470588
0.305882
0.450980
0.654902
0.552941
0.384314
0.486275
0.447059
0.556863
0.717647
0.545098
0.439216
0.490196
0.454902
0.470588
0.419608
0.341176
0.278431
0.219608
0.537255
0.737255
0.698039
0.690196
0.564706
0.592157
0.333333
0.254902
0.400000
0.411765
0.364706
0.474510
0.478431
0.435294
0.325490
0.470588
0.615686
0.588235
0.450980
0.439216
0.462745
0.584314
0.698039
0.450980
0.450980
0.505882
0.443137
0.439216
0.411765
0.349020
0.282353
0.215686
0.498039
0.784314
0.772549
0.745098
0.352941
0.607843
0.329412
0.270588
0.392157
0.407843
0.392157
0.411765
0.372549
0.384314
0.376471
0.478431
0.466667
0.529412
0.592157
0.486275
0.572549
0.615686
0.509804
0.337255
0.458824
0.501961
0.474510
0.447059
0.400000
0.333333
0.286275
0.219608
0.490196
0.831373
0.807843
0.756863
0.109804
0.560784
0.294118
0.254902
0.356863
0.427451
0.435294
0.298039
0.290196
0.364706
0.384314
0.498039
0.619608
0.537255
0.584314
0.721569
0.694118
0.568627
0.529412
0.356863
0.521569
0.541176
0.521569
0.494118
0.411765
0.352941
0.294118
0.180392
0.454902
0.756863
0.745098
0.745098
0.019608
0.227451
0.196078
0.247059
0.384314
0.490196
0.423529
0.274510
0.298039
0.368627
0.372549
0.439216
0.568627
0.596078
0.611765
0.745098
0.698039
0.662745
0.498039
0.380392
0.564706
0.564706
0.509804
0.498039
0.447059
0.364706
0.270588
0.223529
0.521569
0.725490
0.650980
0.631373
0.003922
0.019608
0.098039
0.215686
0.384314
0.521569
0.423529
0.298039
0.329412
0.411765
0.427451
0.454902
0.549020
0.658824
0.698039
0.603922
0.694118
0.650980
0.364706
0.427451
0.635294
0.647059
0.600000
0.490196
0.400000
0.368627
0.325490
0.290196
0.596078
0.694118
0.631373
0.603922
0.000000
0.000000
0.066667
0.211765
0.388235
0.498039
0.462745
0.356863
0.400000
0.411765
0.439216
0.482353
0.564706
0.713725
0.803922
0.592157
0.788235
0.627451
0.380392
0.474510
0.643137
0.725490
0.678431
0.450980
0.333333
0.294118
0.247059
0.301961
0.650980
0.698039
0.662745
0.615686
0.000000
0.000000
0.023529
0.152941
0.396078
0.470588
0.521569
0.427451
0.341176
0.427451
0.482353
0.521569
0.537255
0.658824
0.776471
0.772549
0.756863
0.482353
0.396078
0.407843
0.454902
0.498039
0.494118
0.313725
0.219608
0.180392
0.368627
0.556863
0.690196
0.670588
0.647059
0.631373
0.003922
0.007843
0.000000
0.058824
0.313725
0.470588
0.513725
0.517647
0.380392
0.400000
0.556863
0.537255
0.600000
0.631373
0.725490
0.749020
0.631373
0.454902
0.266667
0.152941
0.196078
0.200000
0.227451
0.215686
0.282353
0.486275
0.666667
0.682353
0.658824
0.643137
0.631373
0.600000
0.011765
0.039216
0.007843
0.003922
0.176471
0.450980
0.533333
0.564706
0.545098
0.486275
0.572549
0.650980
0.639216
0.678431
0.643137
0.694118
0.588235
0.317647
0.290196
0.364706
0.447059
0.533333
0.592157
0.631373
0.694118
0.729412
0.690196
0.705882
0.698039
0.647059
0.623529
0.603922
0.015686
0.043137
0.019608
0.000000
0.062745
0.243137
0.380392
0.411765
0.505882
0.509804
0.549020
0.682353
0.639216
0.690196
0.776471
0.803922
0.552941
0.482353
0.678431
0.745098
0.784314
0.792157
0.784314
0.784314
0.784314
0.768627
0.729412
0.717647
0.690196
0.690196
0.658824
0.580392
0.545098
0.552941
0.611765
0.690196
0.725490
0.690196
0.682353
0.705882
0.690196
0.635294
0.658824
0.749020
0.819608
0.780392
0.745098
0.733333
0.780392
0.788235
0.819608
0.847059
0.858824
0.796078
0.709804
0.666667
0.654902
0.670588
0.686275
0.662745
0.603922
0.576471
0.576471
0.560784
0.545098
0.611765
0.686275
0.705882
0.701961
0.709804
0.717647
0.701961
0.658824
0.674510
0.776471
0.666667
0.639216
0.784314
0.760784
0.792157
0.831373
0.811765
0.870588
0.882353
0.831373
0.752941
0.733333
0.725490
0.733333
0.741176
0.674510
0.639216
0.647059
0.643137
0.600000
0.552941
0.611765
0.686275
0.694118
0.682353
0.709804
0.733333
0.713725
0.698039
0.717647
0.776471
0.850980
0.600000
0.509804
0.760784
0.827451
0.839216
0.843137
0.870588
0.894118
0.858824
0.800000
0.796078
0.827451
0.776471
0.741176
0.682353
0.705882
0.733333
0.709804
0.654902
0.623529
0.627451
0.658824
0.690196
0.682353
0.709804
0.725490
0.701961
0.713725
0.764706
0.784314
0.831373
0.847059
0.631373
0.525490
0.647059
0.835294
0.862745
0.878431
0.901961
0.890196
0.866667
0.831373
0.862745
0.807843
0.752941
0.752941
0.788235
0.819608
0.780392
0.729412
0.698039
0.705882
0.694118
0.670588
0.678431
0.658824
0.709804
0.690196
0.729412
0.796078
0.803922
0.800000
0.858824
0.823529
0.674510
0.611765
0.450980
0.466667
0.572549
0.831373
0.921569
0.854902
0.749020
0.823529
0.870588
0.784314
0.823529
0.847059
0.858824
0.819608
0.756863
0.752941
0.760784
0.733333
0.670588
0.670588
0.666667
0.686275
0.709804
0.737255
0.792157
0.807843
0.792157
0.839216
0.858824
0.811765
0.631373
0.596078
0.392157
0.247059
0.219608
0.372549
0.674510
0.662745
0.572549
0.752941
0.847059
0.847059
0.878431
0.862745
0.850980
0.800000
0.776471
0.807843
0.784314
0.725490
0.686275
0.658824
0.670588
0.713725
0.737255
0.776471
0.803922
0.803922
0.811765
0.862745
0.862745
0.807843
0.549020
0.552941
0.368627
0.325490
0.321569
0.258824
0.380392
0.596078
0.607843
0.725490
0.858824
0.878431
0.878431
0.866667
0.831373
0.807843
0.839216
0.831373
0.780392
0.725490
0.733333
0.650980
0.701961
0.721569
0.756863
0.784314
0.796078
0.803922
0.843137
0.870588
0.874510
0.733333
0.466667
0.470588
0.321569
0.313725
0.317647
0.298039
0.462745
0.647059
0.662745
0.674510
0.878431
0.898039
0.894118
0.862745
0.854902
0.854902
0.874510
0.847059
0.780392
0.764706
0.756863
0.670588
0.717647
0.721569
0.760784
0.788235
0.792157
0.823529
0.862745
0.874510
0.886275
0.682353
0.341176
0.466667
0.349020
0.317647
0.317647
0.333333
0.564706
0.658824
0.600000
0.678431
0.890196
0.894118
0.878431
0.866667
0.878431
0.890196
0.878431
0.831373
0.780392
0.792157
0.764706
0.690196
0.701961
0.729412
0.768627
0.780392
0.784314
0.827451
0.862745
0.862745
0.882353
0.674510
0.282353
0.431373
0.525490
0.309804
0.309804
0.400000
0.525490
0.600000
0.435294
0.435294
0.611765
0.729412
0.827451
0.858824
0.874510
0.886275
0.854902
0.807843
0.800000
0.811765
0.780392
0.690196
0.705882
0.737255
0.776471
0.780392
0.800000
0.827451
0.847059
0.839216
0.874510
0.690196
0.427451
0.447059
0.537255
0.533333
0.545098
0.494118
0.498039
0.482353
0.231373
0.129412
0.184314
0.286275
0.529412
0.784314
0.882353
0.874510
0.843137
0.823529
0.839216
0.823529
0.796078
0.690196
0.709804
0.733333
0.780392
0.792157
0.807843
0.831373
0.847059
0.839216
0.850980
0.666667
0.360784
0.521569
0.498039
0.650980
0.470588
0.411765
0.352941
0.419608
0.145098
0.117647
0.137255
0.137255
0.219608
0.478431
0.819608
0.878431
0.862745
0.854902
0.862745
0.831373
0.807843
0.674510
0.694118
0.713725
0.749020
0.764706
0.768627
0.780392
0.807843
0.811765
0.756863
0.635294
0.458824
0.486275
0.462745
0.447059
0.549020
0.458824
0.392157
0.321569
0.160784
0.200000
0.145098
0.184314
0.184314
0.176471
0.517647
0.835294
0.850980
0.827451
0.831373
0.847059
0.807843
0.658824
0.682353
0.698039
0.717647
0.733333
0.756863
0.780392
0.803922
0.768627
0.752941
0.670588
0.572549
0.615686
0.407843
0.541176
0.560784
0.450980
0.478431
0.301961
0.192157
0.247059
0.211765
0.203922
0.188235
0.168627
0.184314
0.580392
0.784314
0.780392
0.752941
0.788235
0.803922
0.654902
0.686275
0.709804
0.721569
0.737255
0.717647
0.666667
0.592157
0.631373
0.756863
0.635294
0.545098
0.576471
0.541176
0.658824
0.568627
0.411765
0.337255
0.207843
0.254902
0.278431
0.298039
0.235294
0.278431
0.219608
0.176471
0.309804
0.717647
0.768627
0.741176
0.725490
0.741176
0.650980
0.709804
0.733333
0.725490
0.631373
0.372549
0.203922
0.133333
0.192157
0.411765
0.517647
0.501961
0.572549
0.560784
0.580392
0.619608
0.490196
0.270588
0.172549
0.317647
0.333333
0.278431
0.317647
0.301961
0.223529
0.192157
0.168627
0.560784
0.737255
0.749020
0.717647
0.694118
0.564706
0.662745
0.709804
0.631373
0.349020
0.129412
0.117647
0.113725
0.129412
0.133333
0.290196
0.592157
0.619608
0.498039
0.349020
0.301961
0.262745
0.152941
0.152941
0.545098
0.462745
0.298039
0.364706
0.298039
0.254902
0.231373
0.176471
0.368627
0.694118
0.725490
0.717647
0.690196
0.643137
0.674510
0.690196
0.435294
0.164706
0.176471
0.211765
0.250980
0.274510
0.231373
0.262745
0.607843
0.639216
0.345098
0.188235
0.105882
0.145098
0.211765
0.462745
0.694118
0.466667
0.352941
0.356863
0.341176
0.333333
0.247059
0.180392
0.262745
0.658824
0.721569
0.721569
0.701961
0.780392
0.792157
0.674510
0.278431
0.168627
0.227451
0.247059
0.290196
0.321569
0.313725
0.278431
0.611765
0.662745
0.494118
0.301961
0.243137
0.278431
0.407843
0.690196
0.733333
0.431373
0.325490
0.317647
0.356863
0.317647
0.290196
0.196078
0.254902
0.623529
0.733333
0.725490
0.705882
0.807843
0.815686
0.549020
0.152941
0.200000
0.250980
0.305882
0.309804
0.345098
0.317647
0.203922
0.529412
0.647059
0.474510
0.321569
0.250980
0.380392
0.478431
0.658824
0.654902
0.329412
0.309804
0.266667
0.301961
0.329412
0.352941
0.219608
0.200000
0.552941
0.701961
0.694118
0.682353
0.772549
0.819608
0.474510
0.137255
0.192157
0.262745
0.333333
0.329412
0.341176
0.352941
0.219608
0.454902
0.658824
0.498039
0.294118
0.266667
0.345098
0.490196
0.674510
0.572549
0.301961
0.333333
0.329412
0.345098
0.352941
0.282353
0.200000
0.172549
0.564706
0.749020
0.678431
0.674510
0.705882
0.694118
0.364706
0.152941
0.243137
0.317647
0.352941
0.384314
0.403922
0.384314
0.219608
0.356863
0.556863
0.454902
0.286275
0.388235
0.341176
0.447059
0.607843
0.435294
0.333333
0.396078
0.364706
0.392157
0.352941
0.282353
0.203922
0.168627
0.541176
0.772549
0.733333
0.709804
0.650980
0.619608
0.298039
0.172549
0.305882
0.321569
0.278431
0.384314
0.392157
0.349020
0.247059
0.392157
0.533333
0.501961
0.368627
0.337255
0.349020
0.474510
0.592157
0.345098
0.349020
0.411765
0.356863
0.364706
0.345098
0.290196
0.207843
0.168627
0.501961
0.819608
0.807843
0.764706
0.462745
0.615686
0.270588
0.188235
0.321569
0.345098
0.329412
0.337255
0.290196
0.301961
0.298039
0.396078
0.380392
0.439216
0.505882
0.392157
0.482353
0.529412
0.431373
0.266667
0.392157
0.423529
0.396078
0.376471
0.333333
0.266667
0.215686
0.168627
0.482353
0.862745
0.854902
0.803922
0.239216
0.596078
0.254902
0.184314
0.290196
0.368627
0.372549
0.227451
0.215686
0.286275
0.301961
0.411765
0.529412
0.447059
0.494118
0.623529
0.600000
0.490196
0.474510
0.313725
0.478431
0.478431
0.458824
0.435294
0.349020
0.290196
0.231373
0.133333
0.439216
0.780392
0.803922
0.811765
0.168627
0.341176
0.227451
0.200000
0.294118
0.396078
0.337255
0.192157
0.223529
0.290196
0.290196
0.356863
0.478431
0.505882
0.517647
0.623529
0.576471
0.568627
0.439216
0.341176
0.533333
0.513725
0.458824
0.443137
0.392157
0.309804
0.219608
0.184314
0.517647
0.749020
0.701961
0.694118
0.156863
0.207843
0.215686
0.211765
0.290196
0.403922
0.317647
0.207843
0.250980
0.337255
0.345098
0.368627
0.462745
0.568627
0.603922
0.466667
0.549020
0.541176
0.301961
0.403922
0.619608
0.603922
0.556863
0.447059
0.356863
0.325490
0.282353
0.262745
0.596078
0.721569
0.674510
0.662745
0.141176
0.192157
0.231373
0.258824
0.317647
0.384314
0.360784
0.262745
0.317647
0.333333
0.356863
0.400000
0.478431
0.623529
0.713725
0.454902
0.647059
0.525490
0.329412
0.466667
0.647059
0.701961
0.650980
0.423529
0.305882
0.266667
0.227451
0.290196
0.654902
0.721569
0.698039
0.666667
0.125490
0.164706
0.200000
0.258824
0.384314
0.396078
0.443137
0.345098
0.258824
0.345098
0.400000
0.435294
0.447059
0.568627
0.686275
0.654902
0.647059
0.403922
0.360784
0.411765
0.470588
0.486275
0.482353
0.301961
0.207843
0.168627
0.360784
0.560784
0.698039
0.694118
0.678431
0.674510
0.098039
0.141176
0.152941
0.207843
0.368627
0.447059
0.474510
0.454902
0.298039
0.309804
0.474510
0.450980
0.509804
0.541176
0.635294
0.670588
0.568627
0.415686
0.258824
0.172549
0.215686
0.200000
0.227451
0.215686
0.282353
0.486275
0.670588
0.690196
0.674510
0.662745
0.658824
0.635294
0.070588
0.117647
0.129412
0.172549
0.294118
0.474510
0.525490
0.513725
0.454902
0.384314
0.486275
0.568627
0.549020
0.588235
0.552941
0.643137
0.568627
0.309804
0.298039
0.388235
0.470588
0.541176
0.596078
0.639216
0.701961
0.737255
0.705882
0.725490
0.717647
0.666667
0.650980
0.639216
0.054902
0.105882
0.129412
0.156863
0.211765
0.349020
0.427451
0.396078
0.450980
0.439216
0.470588
0.588235
0.537255
0.600000
0.705882
0.741176
0.517647
0.486275
0.705882
0.772549
0.800000
0.800000
0.792157
0.792157
0.792157
0.776471
0.749020
0.741176
0.717647
0.721569
0.698039
0.627451
0.611765
0.623529
0.682353
0.760784
0.800000
0.768627
0.756863
0.768627
0.745098
0.674510
0.662745
0.772549
0.862745
0.811765
0.749020
0.745098
0.800000
0.800000
0.823529
0.843137
0.858824
0.815686
0.741176
0.709804
0.709804
0.725490
0.729412
0.701961
0.650980
0.639216
0.643137
0.631373
0.607843
0.670588
0.749020
0.764706
0.768627
0.780392
0.780392
0.756863
0.713725
0.709804
0.780392
0.690196
0.682353
0.819608
0.768627
0.792157
0.831373
0.807843
0.862745
0.870588
0.823529
0.768627
0.756863
0.760784
0.780392
0.792157
0.709804
0.674510
0.690196
0.694118
0.662745
0.615686
0.666667
0.737255
0.745098
0.733333
0.764706
0.792157
0.764706
0.741176
0.760784
0.803922
0.854902
0.623529
0.556863
0.800000
0.843137
0.831373
0.827451
0.854902
0.882353
0.854902
0.800000
0.807843
0.847059
0.800000
0.780392
0.729412
0.733333
0.756863
0.745098
0.698039
0.678431
0.686275
0.709804
0.741176
0.733333
0.760784
0.772549
0.749020
0.756863
0.800000
0.811765
0.850980
0.847059
0.658824
0.576471
0.690196
0.850980
0.854902
0.862745
0.894118
0.898039
0.882353
0.847059
0.866667
0.819608
0.776471
0.780392
0.823529
0.835294
0.796078
0.752941
0.733333
0.752941
0.745098
0.717647
0.725490
0.705882
0.756863
0.733333
0.772549
0.827451
0.827451
0.819608
0.870588
0.823529
0.701961
0.666667
0.498039
0.490196
0.572549
0.831373
0.933333
0.886275
0.796078
0.862745
0.870588
0.792157
0.839216
0.874510
0.886275
0.831373
0.768627
0.772549
0.788235
0.776471
0.717647
0.709804
0.701961
0.721569
0.745098
0.772549
0.827451
0.835294
0.811765
0.854902
0.862745
0.811765
0.658824
0.650980
0.443137
0.274510
0.231373
0.392157
0.713725
0.721569
0.654902
0.815686
0.839216
0.843137
0.886275
0.878431
0.874510
0.807843
0.780392
0.823529
0.811765
0.764706
0.733333
0.694118
0.705882
0.749020
0.772549
0.807843
0.831373
0.823529
0.827451
0.870588
0.862745
0.807843
0.576471
0.603922
0.419608
0.356863
0.345098
0.290196
0.435294
0.674510
0.705882
0.800000
0.850980
0.874510
0.886275
0.878431
0.847059
0.807843
0.839216
0.843137
0.796078
0.756863
0.772549
0.678431
0.729412
0.745098
0.780392
0.811765
0.819608
0.819608
0.850980
0.870588
0.874510
0.752941
0.494118
0.509804
0.364706
0.349020
0.341176
0.317647
0.505882
0.709804
0.729412
0.721569
0.870588
0.894118
0.894118
0.866667
0.858824
0.847059
0.866667
0.843137
0.788235
0.780392
0.780392
0.694118
0.741176
0.745098
0.784314
0.807843
0.815686
0.839216
0.866667
0.874510
0.882353
0.694118
0.356863
0.486275
0.372549
0.341176
0.329412
0.356863
0.607843
0.709804
0.650980
0.713725
0.890196
0.890196
0.874510
0.862745
0.874510
0.878431
0.866667
0.827451
0.780392
0.800000
0.780392
0.713725
0.725490
0.752941
0.792157
0.803922
0.807843
0.839216
0.866667
0.862745
0.878431
0.670588
0.278431
0.431373
0.529412
0.317647
0.321569
0.423529
0.564706
0.647059
0.486275
0.470588
0.623529
0.737255
0.831373
0.854902
0.866667
0.874510
0.843137
0.803922
0.803922
0.819608
0.796078
0.713725
0.729412
0.760784
0.800000
0.803922
0.823529
0.843137
0.854902
0.843137
0.866667
0.670588
0.411765
0.435294
0.529412
0.529412
0.556863
0.525490
0.545098
0.533333
0.274510
0.164706
0.211765
0.301961
0.537255
0.784314
0.878431
0.862745
0.831373
0.819608
0.843137
0.831373
0.811765
0.713725
0.733333
0.756863
0.803922
0.819608
0.835294
0.847059
0.858824
0.847059
0.847059
0.654902
0.349020
0.513725
0.498039
0.650980
0.494118
0.450980
0.403922
0.466667
0.180392
0.149020
0.172549
0.168627
0.235294
0.486275
0.819608
0.866667
0.854902
0.850980
0.862745
0.843137
0.823529
0.698039
0.717647
0.737255
0.772549
0.792157
0.800000
0.800000
0.823529
0.819608
0.760784
0.639216
0.462745
0.498039
0.474510
0.466667
0.584314
0.505882
0.443137
0.364706
0.188235
0.223529
0.184314
0.215686
0.207843
0.196078
0.529412
0.827451
0.843137
0.819608
0.831373
0.854902
0.823529
0.682353
0.705882
0.721569
0.741176
0.764706
0.784314
0.803922
0.819608
0.776471
0.764706
0.698039
0.607843
0.650980
0.447059
0.580392
0.607843
0.505882
0.525490
0.345098
0.215686
0.266667
0.247059
0.239216
0.219608
0.196078
0.207843
0.576471
0.772549
0.776471
0.756863
0.796078
0.819608
0.678431
0.709804
0.733333
0.741176
0.764706
0.749020
0.690196
0.607843
0.639216
0.772549
0.678431
0.596078
0.631373
0.600000
0.721569
0.627451
0.466667
0.392157
0.250980
0.274510
0.294118
0.329412
0.270588
0.313725
0.254902
0.211765
0.309804
0.705882
0.764706
0.745098
0.737255
0.760784
0.666667
0.725490
0.745098
0.737255
0.631373
0.368627
0.196078
0.125490
0.184314
0.400000
0.533333
0.541176
0.635294
0.619608
0.627451
0.666667
0.545098
0.313725
0.207843
0.337255
0.356863
0.329412
0.368627
0.349020
0.270588
0.239216
0.196078
0.576471
0.752941
0.764706
0.745098
0.729412
0.584314
0.674510
0.717647
0.631373
0.337255
0.105882
0.098039
0.090196
0.109804
0.117647
0.286275
0.623529
0.678431
0.556863
0.388235
0.337255
0.298039
0.188235
0.188235
0.580392
0.501961
0.360784
0.427451
0.356863
0.305882
0.282353
0.215686
0.400000
0.717647
0.749020
0.752941
0.733333
0.662745
0.686275
0.694118
0.435294
0.156863
0.160784
0.200000
0.235294
0.258824
0.219608
0.266667
0.643137
0.701961
0.407843
0.231373
0.125490
0.160784
0.243137
0.505882
0.752941
0.529412
0.415686
0.415686
0.396078
0.384314
0.298039
0.219608
0.290196
0.678431
0.745098
0.756863
0.741176
0.800000
0.803922
0.678431
0.274510
0.164706
0.219608
0.239216
0.282353
0.313725
0.305882
0.282353
0.647059
0.725490
0.552941
0.345098
0.247059
0.278431
0.435294
0.745098
0.811765
0.517647
0.388235
0.380392
0.415686
0.368627
0.341176
0.235294
0.286275
0.643137
0.756863
0.760784
0.737255
0.831373
0.831373
0.549020
0.145098
0.200000
0.254902
0.309804
0.313725
0.349020
0.317647
0.203922
0.560784
0.705882
0.533333
0.360784
0.250980
0.380392
0.505882
0.717647
0.745098
0.419608
0.376471
0.325490
0.356863
0.380392
0.400000
0.258824
0.227451
0.572549
0.725490
0.729412
0.713725
0.800000
0.835294
0.474510
0.129412
0.192157
0.270588
0.345098
0.341176
0.352941
0.356863
0.211765
0.478431
0.709804
0.549020
0.325490
0.278431
0.356863
0.525490
0.733333
0.647059
0.384314
0.400000
0.392157
0.400000
0.403922
0.329412
0.239216
0.203922
0.584314
0.772549
0.709804
0.713725
0.729412
0.705882
0.360784
0.137255
0.243137
0.337255
0.372549
0.403922
0.423529
0.392157
0.203922
0.368627
0.600000
0.498039
0.309804
0.411765
0.376471
0.494118
0.662745
0.494118
0.396078
0.458824
0.427451
0.450980
0.403922
0.329412
0.243137
0.200000
0.560784
0.796078
0.764706
0.760784
0.678431
0.635294
0.294118
0.156863
0.309804
0.349020
0.298039
0.407843
0.415686
0.356863
0.223529
0.396078
0.564706
0.533333
0.380392
0.380392
0.411765
0.529412
0.639216
0.388235
0.392157
0.474510
0.419608
0.423529
0.400000
0.341176
0.247059
0.196078
0.525490
0.843137
0.839216
0.823529
0.505882
0.674510
0.305882
0.180392
0.313725
0.352941
0.329412
0.337255
0.286275
0.294118
0.282353
0.400000
0.400000
0.470588
0.529412
0.439216
0.537255
0.580392
0.474510
0.305882
0.435294
0.490196
0.462745
0.443137
0.400000
0.329412
0.262745
0.207843
0.513725
0.894118
0.890196
0.854902
0.278431
0.666667
0.305882
0.184314
0.282353
0.372549
0.372549
0.215686
0.196078
0.262745
0.298039
0.415686
0.545098
0.474510
0.529412
0.666667
0.647059
0.537255
0.521569
0.364706
0.533333
0.552941
0.533333
0.505882
0.423529
0.360784
0.286275
0.180392
0.486275
0.823529
0.843137
0.862745
0.188235
0.372549
0.254902
0.211765
0.309804
0.415686
0.349020
0.188235
0.203922
0.274510
0.282353
0.360784
0.498039
0.533333
0.552941
0.658824
0.615686
0.619608
0.498039
0.415686
0.611765
0.584314
0.529412
0.513725
0.462745
0.380392
0.282353
0.243137
0.572549
0.807843
0.756863
0.764706
0.156863
0.200000
0.215686
0.227451
0.321569
0.435294
0.341176
0.211765
0.243137
0.325490
0.341176
0.372549
0.478431
0.600000
0.639216
0.498039
0.580392
0.592157
0.376471
0.498039
0.709804
0.678431
0.631373
0.521569
0.431373
0.396078
0.356863
0.333333
0.666667
0.796078
0.752941
0.756863
0.129412
0.160784
0.219608
0.286275
0.364706
0.423529
0.388235
0.274510
0.321569
0.329412
0.352941
0.403922
0.494118
0.654902
0.749020
0.486275
0.678431
0.580392
0.407843
0.564706
0.745098
0.780392
0.729412
0.501961
0.384314
0.345098
0.309804
0.376471
0.745098
0.815686
0.800000
0.784314
0.101961
0.121569
0.180392
0.294118
0.431373
0.431373
0.470588
0.360784
0.266667
0.345098
0.396078
0.443137
0.466667
0.596078
0.721569
0.690196
0.686275
0.458824
0.439216
0.505882
0.564706
0.568627
0.560784
0.380392
0.290196
0.247059
0.454902
0.662745
0.807843
0.811765
0.800000
0.811765
0.074510
0.105882
0.145098
0.247059
0.411765
0.470588
0.494118
0.470588
0.309804
0.317647
0.470588
0.454902
0.525490
0.572549
0.670588
0.713725
0.619608
0.474510
0.325490
0.247059
0.294118
0.282353
0.309804
0.298039
0.364706
0.572549
0.776471
0.811765
0.803922
0.800000
0.803922
0.780392
0.050980
0.098039
0.133333
0.215686
0.325490
0.486275
0.541176
0.529412
0.474510
0.400000
0.486275
0.572549
0.568627
0.615686
0.588235
0.694118
0.627451
0.368627
0.360784
0.447059
0.537255
0.623529
0.678431
0.721569
0.784314
0.819608
0.815686
0.850980
0.854902
0.811765
0.803922
0.792157
0.047059
0.098039
0.133333
0.176471
0.219608
0.364706
0.462745
0.447059
0.498039
0.462745
0.466667
0.596078
0.556863
0.627451
0.733333
0.784314
0.580392
0.572549
0.796078
0.847059
0.870588
0.882353
0.878431
0.878431
0.878431
0.866667
0.858824
0.862745
0.847059
0.862745
0.843137
0.772549
