137
134
134
175
172
169
166
164
159
168
166
161
169
165
164
172
167
167
173
169
168
168
165
164
174
173
171
166
166
163
167
167
165
166
167
164
171
170
167
177
173
171
175
171
169
176
172
171
175
171
169
172
171
168
172
173
170
172
172
170
172
172
169
173
173
171
176
176
173
177
177
174
176
176
173
176
177
174
175
176
171
177
178
173
175
176
170
174
174
169
176
177
171
187
188
181
166
162
162
231
227
225
228
223
218
232
226
220
231
228
220
228
225
217
231
228
220
231
228
220
229
227
221
229
228
223
228
226
221
227
225
221
230
227
223
232
228
224
230
226
222
230
226
222
231
227
223
229
227
222
228
227
221
230
228
222
228
227
221
228
225
220
231
224
221
232
225
222
231
224
221
232
225
222
231
225
221
230
223
220
231
224
221
230
223
220
228
223
218
228
229
221
166
162
163
225
217
216
213
202
199
213
202
196
212
204
194
212
204
194
211
203
192
210
202
192
211
201
195
211
200
196
209
199
195
208
198
194
208
198
194
208
200
195
206
197
192
205
196
192
203
194
190
203
193
186
206
196
188
207
197
189
202
192
184
203
191
185
207
191
188
204
188
186
205
188
186
205
188
186
203
186
186
202
185
185
204
187
187
202
185
185
205
192
191
224
224
216
171
167
168
220
209
209
182
165
164
181
162
159
182
161
157
182
161
157
179
158
154
176
155
152
180
157
154
178
153
151
175
150
148
177
153
150
178
154
151
173
152
148
169
148
145
171
151
147
163
142
139
159
137
130
166
143
135
171
148
140
162
138
130
160
136
130
172
146
144
165
139
138
160
134
132
167
140
139
163
137
138
165
138
141
173
146
149
169
141
145
179
157
159
223
222
215
169
165
166
221
209
210
180
161
161
179
153
155
184
153
157
183
153
156
179
149
152
174
143
146
177
143
144
180
145
145
174
139
139
173
137
138
169
135
134
170
141
138
164
135
132
167
137
134
160
131
126
162
128
121
167
132
123
171
136
128
159
124
116
164
131
124
183
152
150
176
145
142
155
125
121
159
129
127
152
121
123
163
131
136
177
145
150
175
143
148
182
157
159
222
220
213
165
159
158
220
212
211
182
166
167
181
156
160
183
154
159
182
152
157
181
152
157
177
148
153
171
142
142
169
139
142
168
138
143
160
131
132
153
124
121
167
138
133
175
146
136
171
144
128
174
147
125
168
135
113
172
136
115
154
120
100
157
124
106
181
151
136
194
169
155
187
165
146
171
150
132
165
144
132
140
114
112
155
128
132
174
146
153
173
145
148
181
160
156
224
223
215
160
154
152
218
214
211
182
169
169
181
158
161
181
155
160
180
153
158
180
154
159
180
154
158
172
148
149
158
133
138
151
126
133
143
119
118
149
125
118
177
150
141
180
155
139
159
135
111
174
150
120
181
150
119
168
134
104
148
117
90
160
132
106
182
157
135
186
168
146
185
169
139
188
173
143
190
173
152
158
137
128
152
127
130
171
145
153
170
145
147
181
162
156
222
221
213
161
155
153
220
215
212
184
170
171
182
160
163
181
158
161
180
156
160
180
157
160
179
155
159
165
141
144
150
125
131
143
117
124
147
123
121
152
128
117
185
158
146
181
156
139
153
129
106
176
152
125
191
161
130
175
143
112
170
140
112
168
141
114
170
148
123
179
164
140
186
171
139
188
172
138
196
178
151
183
162
149
157
133
133
168
142
149
170
145
149
182
163
160
221
220
212
164
158
155
220
215
212
184
170
170
181
160
162
180
159
162
179
159
161
180
160
162
174
154
156
161
137
142
141
115
125
129
103
110
152
128
123
151
128
113
183
157
142
176
151
133
164
139
117
181
157
133
179
150
122
175
145
116
179
152
126
164
140
115
152
132
111
161
148
127
169
155
125
179
162
128
190
169
140
187
165
149
159
135
132
165
140
146
171
145
152
181
161
162
221
220
213
159
153
151
219
215
212
184
170
170
181
161
163
179
161
163
179
161
163
177
159
160
173
154
156
166
143
151
145
119
131
116
91
98
141
118
110
162
139
120
169
144
124
162
137
117
170
145
125
180
155
135
165
137
116
166
137
116
154
128
110
142
119
102
137
119
106
143
132
120
134
120
97
144
125
97
165
140
117
180
156
140
160
137
131
165
140
146
173
146
156
180
160
163
220
219
212
162
156
154
220
215
213
186
172
172
182
163
165
179
163
164
179
163
164
176
160
162
172
155
157
170
146
157
150
123
137
128
103
109
142
120
110
164
142
120
152
127
105
148
123
102
169
143
125
168
141
125
150
122
108
132
105
93
114
89
79
118
96
88
110
93
88
106
96
93
109
95
81
115
94
74
134
106
88
173
149
133
162
140
133
161
136
142
172
146
157
180
161
165
221
220
213
164
160
157
221
214
212
187
175
175
181
168
168
179
169
168
178
166
168
176
162
166
175
158
164
173
148
161
152
124
137
140
114
116
153
129
119
158
134
115
146
121
101
159
132
115
146
117
104
139
108
98
111
86
81
86
67
64
93
77
74
89
76
73
74
64
60
75
67
63
87
72
67
105
83
69
127
101
75
171
150
131
171
152
149
164
143
150
170
148
159
180
163
167
221
221
214
162
159
155
221
214
212
187
176
175
180
170
169
179
170
169
178
166
167
178
162
165
178
159
164
177
151
158
164
135
140
154
126
125
166
139
133
172
147
135
162
139
123
151
125
113
147
117
109
134
102
98
100
77
78
85
69
71
97
84
84
76
66
66
71
62
61
75
65
66
86
70
71
103
81
68
138
114
82
168
149
127
161
144
142
164
146
153
170
150
161
180
166
169
222
222
214
156
152
149
220
213
211
187
176
175
181
169
168
183
170
170
183
168
167
178
159
158
179
158
156
180
154
148
165
137
131
160
131
127
152
123
121
137
111
107
155
135
124
156
133
126
158
130
127
149
120
120
118
92
96
113
92
97
94
77
80
78
64
66
78
64
69
87
70
82
100
80
84
105
82
68
157
133
101
186
169
143
166
153
145
162
146
151
169
152
161
179
166
170
223
223
216
153
150
146
221
214
211
187
177
176
185
171
171
181
163
163
154
134
131
143
120
114
162
136
128
179
151
136
171
142
127
157
127
119
104
73
71
104
76
74
159
139
130
170
146
141
153
124
124
141
110
113
134
105
108
144
117
121
110
88
90
91
72
72
83
64
68
100
77
89
106
83
81
115
92
72
164
141
107
194
180
150
185
173
160
165
151
153
168
152
161
179
168
172
220
220
213
158
155
151
221
214
212
188
178
177
177
161
162
131
109
109
128
103
99
160
133
122
170
142
127
180
150
131
177
145
128
160
128
115
144
111
103
146
115
108
163
137
126
171
142
134
163
129
126
145
108
109
133
100
98
142
113
108
151
125
119
132
109
102
102
80
75
102
75
74
121
96
79
151
127
97
166
143
110
183
170
138
185
177
157
171
159
157
166
153
161
177
167
172
220
220
213
163
159
156
222
215
213
189
179
179
162
146
147
102
78
77
126
99
94
158
130
117
165
134
116
159
126
110
153
120
105
153
121
106
154
121
108
148
116
104
159
127
115
164
128
118
149
110
104
139
97
95
123
87
79
136
106
94
143
116
103
131
108
94
136
113
99
135
108
90
164
139
108
182
160
123
179
158
126
180
170
137
192
186
162
182
173
168
171
160
166
176
167
172
219
219
212
157
154
150
221
216
210
186
180
178
173
164
165
115
102
102
87
68
68
104
79
77
122
92
89
125
93
91
125
94
92
120
93
88
108
84
79
105
80
76
117
87
87
125
95
94
118
87
85
109
77
76
100
74
71
103
80
73
123
102
91
103
83
75
126
106
96
146
128
102
170
152
123
190
173
145
192
175
152
187
175
144
200
191
166
186
177
169
168
158
161
176
168
170
220
220
213
160
157
153
219
217
208
184
180
178
177
173
175
165
159
161
137
126
129
129
109
116
124
97
106
104
75
82
100
73
78
92
70
74
85
67
69
83
66
69
89
68
76
100
80
84
103
83
85
107
88
87
115
97
96
120
103
96
115
99
87
104
87
80
95
77
72
113
98
80
156
141
122
185
171
150
192
177
155
184
172
142
201
191
166
193
183
176
169
160
161
175
170
169
222
222
215
158
154
150
219
216
208
184
181
178
176
172
175
175
170
173
174
164
169
166
152
158
156
136
144
124
101
109
106
85
92
103
84
90
96
80
85
83
69
74
78
65
72
81
69
73
82
70
70
86
74
72
109
94
88
149
133
119
158
143
125
150
133
120
117
100
93
93
76
69
131
115
103
171
156
137
184
170
144
187
177
146
197
189
166
190
182
176
171
165
167
175
171
171
222
223
215
155
151
147
221
218
209
187
184
181
180
176
180
177
173
178
176
170
176
172
163
170
171
160
168
151
138
147
125
111
121
125
111
120
112
96
106
87
74
83
81
72
80
78
71
76
79
73
74
74
67
65
92
78
71
135
118
103
171
156
137
161
145
129
140
123
116
93
75
75
111
94
89
140
124
109
155
140
116
176
168
138
192
186
165
176
169
165
168
163
167
174
172
174
221
221
214
160
156
152
221
218
209
187
183
181
180
176
181
177
175
182
174
171
178
172
169
176
171
168
175
164
159
169
150
142
154
155
143
157
131
117
131
92
79
92
79
68
78
78
68
76
77
68
72
78
69
70
90
75
72
119
102
91
149
133
117
134
118
106
117
99
95
96
77
78
101
83
80
106
89
80
111
95
82
157
149
123
185
180
161
173
168
166
167
164
170
173
173
176
219
220
213
160
156
152
220
217
208
184
180
178
175
172
177
173
172
180
170
169
177
168
169
176
166
168
175
164
165
176
160
156
170
162
154
169
153
141
158
118
103
120
84
69
82
80
65
76
77
63
71
83
69
74
92
75
77
109
92
87
120
104
93
123
106
100
104
86
85
105
87
84
104
86
83
94
76
73
99
82
79
150
143
124
171
169
151
170
167
166
168
167
174
173
174
178
219
220
213
162
157
154
220
218
211
182
180
181
173
171
178
173
172
178
170
170
176
166
167
172
168
169
175
165
166
174
162
160
172
159
155
169
154
148
165
128
117
134
95
78
92
80
62
74
78
61
69
86
69
75
91
76
79
103
89
88
96
81
76
118
101
97
102
83
79
101
80
76
116
98
95
96
81
80
108
96
97
156
152
146
163
162
157
169
168
170
169
168
174
175
175
178
220
221
214
171
165
162
219
217
212
183
182
185
179
178
186
181
180
185
183
182
187
181
180
185
178
177
182
175
174
180
164
163
171
159
157
168
155
153
168
140
133
148
120
104
117
90
74
84
77
61
68
81
66
70
84
73
74
88
76
77
86
72
71
107
92
86
112
93
87
106
85
80
119
102
99
106
94
93
138
131
131
187
185
188
182
182
187
180
179
184
170
169
174
177
177
179
223
224
216
164
158
155
219
217
212
184
184
187
192
192
200
186
185
190
192
191
196
197
196
201
186
185
190
189
188
193
176
175
181
161
159
168
157
156
168
153
146
160
140
125
138
99
84
94
78
64
70
75
61
65
78
67
69
81
69
70
86
72
70
94
79
73
109
90
84
121
101
96
128
113
109
132
122
120
169
165
164
196
195
197
189
188
194
192
191
196
184
183
188
180
179
181
221
222
214
155
149
146
219
217
211
183
183
186
189
189
197
194
193
198
192
191
196
198
197
202
193
192
197
191
191
195
191
191
195
165
164
171
161
160
170
161
156
167
155
143
155
116
104
113
82
70
76
75
64
67
77
67
68
79
68
68
104
90
88
108
92
87
118
100
93
124
106
100
142
128
124
163
156
153
175
172
171
193
192
195
188
187
192
201
200
204
187
186
191
177
176
178
219
220
213
155
150
146
219
217
212
185
185
188
182
181
189
184
183
188
181
180
185
182
181
186
184
183
188
180
179
181
187
187
188
166
165
171
164
163
171
167
163
173
162
152
163
126
116
124
82
73
77
76
67
69
84
74
75
92
80
81
113
99
97
121
105
100
129
112
105
131
115
108
156
145
139
172
168
164
170
170
167
184
184
186
182
181
186
186
185
190
182
181
186
175
174
176
219
220
213
156
150
147
220
219
213
188
188
191
184
183
191
182
181
186
176
175
180
179
178
183
180
179
183
179
179
179
178
178
177
177
176
180
176
175
180
177
174
182
175
168
178
149
142
149
117
111
114
112
106
107
123
114
115
135
123
124
140
127
125
143
128
123
151
135
128
151
137
130
172
163
157
181
178
174
179
181
177
183
184
185
183
182
187
184
183
187
178
177
182
180
180
182
220
221
214
162
158
152
219
216
210
196
194
191
191
190
190
192
192
191
187
187
186
187
187
186
183
183
182
185
185
182
183
183
180
195
195
194
202
202
202
185
184
185
188
186
187
184
182
182
187
185
184
178
176
173
179
176
173
186
182
179
189
184
180
182
176
171
185
178
173
190
183
178
210
205
200
211
208
205
204
203
200
191
191
189
201
201
201
208
208
208
184
184
183
183
184
182
218
218
215
161
158
151
225
222
216
211
208
201
212
210
204
210
211
206
210
211
206
209
210
205
207
208
203
208
209
204
207
208
203
213
214
209
217
218
213
211
212
207
210
211
206
212
213
208
215
216
211
211
212
207
210
212
206
209
211
206
210
211
206
208
209
204
210
210
206
215
211
208
219
215
212
220
216
213
217
213
210
212
211
207
213
214
209
216
217
212
211
212
207
211
212
208
223
223
223
137
134
129
176
172
168
164
161
156
168
166
162
166
167
162
161
162
157
163
164
159
164
165
160
162
163
158
163
164
159
166
167
162
165
166
161
168
169
164
166
167
162
166
167
162
166
167
162
163
164
159
159
160
155
156
157
152
155
156
152
153
154
149
155
155
150
156
152
149
154
150
148
155
151
148
157
153
150
157
157
153
153
154
149
152
153
148
161
162
157
155
156
152
157
157
157
