0.996078
1.000000
0.984314
0.972549
0.964706
0.964706
0.968627
0.976471
0.976471
0.968627
0.960784
0.956863
0.960784
0.984314
0.792157
0.611765
0.827451
0.937255
0.933333
0.949020
0.945098
0.933333
0.917647
0.898039
0.890196
0.890196
0.890196
0.890196
0.886275
0.905882
0.760784
0.768627
0.968627
0.968627
0.956863
0.945098
0.945098
0.956863
0.968627
0.980392
0.972549
0.960784
0.956863
0.952941
0.941176
0.898039
0.701961
0.494118
0.670588
0.843137
0.952941
0.945098
0.929412
0.917647
0.901961
0.882353
0.870588
0.870588
0.878431
0.890196
0.882353
0.901961
0.733333
0.737255
0.941176
0.945098
0.937255
0.937255
0.952941
0.976471
0.984314
0.972549
0.949020
0.945098
0.941176
0.949020
0.921569
0.749020
0.713725
0.541176
0.564706
0.698039
0.937255
0.945098
0.917647
0.905882
0.898039
0.882353
0.874510
0.874510
0.882353
0.890196
0.874510
0.894118
0.729412
0.741176
0.929412
0.941176
0.933333
0.941176
0.960784
0.972549
0.960784
0.949020
0.945098
0.941176
0.933333
0.933333
0.929412
0.729412
0.498039
0.396078
0.411765
0.682353
0.921569
0.901961
0.882353
0.898039
0.898039
0.886275
0.894118
0.894118
0.882353
0.874510
0.866667
0.882353
0.721569
0.741176
0.929412
0.952941
0.960784
0.968627
0.972549
0.972549
0.956863
0.937255
0.937255
0.933333
0.929412
0.933333
0.941176
0.898039
0.678431
0.458824
0.494118
0.745098
0.784314
0.733333
0.764706
0.862745
0.905882
0.901961
0.913725
0.909804
0.890196
0.882353
0.870588
0.886275
0.721569
0.737255
0.937255
0.956863
0.964706
0.968627
0.968627
0.968627
0.960784
0.941176
0.929412
0.929412
0.901961
0.850980
0.811765
0.792157
0.749020
0.576471
0.556863
0.788235
0.862745
0.862745
0.870588
0.886275
0.913725
0.913725
0.913725
0.905882
0.890196
0.882353
0.874510
0.886275
0.721569
0.741176
0.933333
0.929412
0.925490
0.933333
0.933333
0.941176
0.945098
0.949020
0.937255
0.937255
0.882353
0.807843
0.839216
0.819608
0.839216
0.741176
0.627451
0.780392
0.874510
0.878431
0.874510
0.894118
0.913725
0.921569
0.913725
0.901961
0.882353
0.866667
0.850980
0.870588
0.713725
0.737255
0.933333
0.929412
0.909804
0.905882
0.909804
0.917647
0.925490
0.941176
0.945098
0.933333
0.921569
0.901961
0.850980
0.725490
0.866667
0.721569
0.576471
0.749020
0.815686
0.839216
0.870588
0.874510
0.886275
0.886275
0.882353
0.874510
0.862745
0.850980
0.831373
0.854902
0.709804
0.741176
0.933333
0.933333
0.917647
0.917647
0.921569
0.909804
0.905882
0.913725
0.921569
0.921569
0.925490
0.913725
0.819608
0.807843
0.866667
0.666667
0.525490
0.788235
0.815686
0.756863
0.858824
0.874510
0.870588
0.870588
0.862745
0.858824
0.850980
0.843137
0.823529
0.847059
0.701961
0.733333
0.921569
0.929412
0.937255
0.952941
0.937255
0.917647
0.901961
0.894118
0.890196
0.894118
0.913725
0.862745
0.819608
0.874510
0.827451
0.796078
0.647059
0.792157
0.894118
0.764706
0.823529
0.878431
0.870588
0.874510
0.878431
0.870588
0.858824
0.854902
0.847059
0.866667
0.709804
0.737255
0.901961
0.925490
0.925490
0.843137
0.913725
0.913725
0.886275
0.878431
0.870588
0.870588
0.827451
0.705882
0.796078
0.866667
0.803922
0.839216
0.674510
0.780392
0.929412
0.788235
0.792157
0.862745
0.862745
0.882353
0.878431
0.862745
0.850980
0.854902
0.850980
0.870588
0.709804
0.737255
0.894118
0.929412
0.894118
0.705882
0.890196
0.905882
0.878431
0.878431
0.890196
0.878431
0.819608
0.745098
0.827451
0.874510
0.831373
0.878431
0.682353
0.725490
0.913725
0.811765
0.788235
0.835294
0.678431
0.752941
0.858824
0.858824
0.847059
0.850980
0.850980
0.866667
0.709804
0.737255
0.921569
0.929412
0.870588
0.760784
0.901961
0.905882
0.894118
0.901961
0.901961
0.874510
0.847059
0.764706
0.854902
0.890196
0.835294
0.898039
0.690196
0.686275
0.901961
0.870588
0.862745
0.764706
0.513725
0.537255
0.800000
0.858824
0.850980
0.858824
0.839216
0.850980
0.701961
0.737255
0.901961
0.917647
0.858824
0.752941
0.898039
0.917647
0.901961
0.898039
0.839216
0.847059
0.874510
0.831373
0.862745
0.866667
0.843137
0.913725
0.717647
0.654902
0.894118
0.870588
0.843137
0.784314
0.552941
0.517647
0.784314
0.784314
0.800000
0.839216
0.827451
0.843137
0.698039
0.741176
0.890196
0.905882
0.835294
0.756863
0.894118
0.886275
0.894118
0.807843
0.780392
0.890196
0.890196
0.850980
0.815686
0.776471
0.819608
0.901961
0.729412
0.619608
0.850980
0.827451
0.803922
0.784314
0.662745
0.556863
0.725490
0.807843
0.827451
0.843137
0.803922
0.803922
0.674510
0.729412
0.882353
0.898039
0.811765
0.780392
0.858824
0.772549
0.882353
0.803922
0.870588
0.886275
0.882353
0.835294
0.792157
0.760784
0.819608
0.890196
0.756863
0.600000
0.733333
0.815686
0.858824
0.823529
0.678431
0.576471
0.749020
0.843137
0.862745
0.862745
0.764706
0.705882
0.607843
0.725490
0.878431
0.890196
0.803922
0.788235
0.823529
0.690196
0.811765
0.858824
0.843137
0.815686
0.886275
0.850980
0.815686
0.823529
0.843137
0.850980
0.768627
0.611765
0.713725
0.847059
0.870588
0.862745
0.749020
0.556863
0.749020
0.811765
0.850980
0.858824
0.831373
0.803922
0.662745
0.729412
0.882353
0.862745
0.788235
0.815686
0.800000
0.635294
0.807843
0.858824
0.756863
0.843137
0.886275
0.843137
0.784314
0.839216
0.839216
0.768627
0.686275
0.596078
0.705882
0.752941
0.807843
0.792157
0.682353
0.509804
0.717647
0.780392
0.780392
0.839216
0.843137
0.827451
0.678431
0.737255
0.898039
0.858824
0.737255
0.745098
0.650980
0.564706
0.823529
0.866667
0.827451
0.894118
0.901961
0.854902
0.784314
0.882353
0.882353
0.843137
0.752941
0.521569
0.529412
0.564706
0.733333
0.686275
0.576471
0.462745
0.639216
0.788235
0.717647
0.811765
0.831373
0.819608
0.670588
0.741176
0.874510
0.827451
0.729412
0.807843
0.658824
0.568627
0.788235
0.843137
0.858824
0.898039
0.874510
0.819608
0.713725
0.800000
0.815686
0.788235
0.694118
0.525490
0.592157
0.611765
0.635294
0.635294
0.580392
0.450980
0.517647
0.784314
0.772549
0.733333
0.725490
0.807843
0.662745
0.729412
0.870588
0.694118
0.470588
0.470588
0.458824
0.454902
0.580392
0.678431
0.729412
0.784314
0.788235
0.768627
0.592157
0.549020
0.705882
0.721569
0.682353
0.631373
0.658824
0.682353
0.545098
0.482353
0.411765
0.415686
0.568627
0.733333
0.819608
0.749020
0.584314
0.682353
0.678431
0.745098
0.858824
0.600000
0.274510
0.254902
0.250980
0.258824
0.274510
0.294118
0.317647
0.360784
0.411765
0.447059
0.403922
0.423529
0.458824
0.600000
0.670588
0.596078
0.513725
0.607843
0.650980
0.658824
0.588235
0.560784
0.607843
0.643137
0.709804
0.752941
0.592157
0.521569
0.619608
0.760784
0.850980
0.682353
0.329412
0.247059
0.247059
0.247059
0.270588
0.274510
0.274510
0.274510
0.270588
0.254902
0.258824
0.380392
0.254902
0.270588
0.321569
0.345098
0.372549
0.364706
0.447059
0.572549
0.505882
0.529412
0.572549
0.572549
0.568627
0.643137
0.596078
0.447059
0.478431
0.721569
0.541176
0.521569
0.325490
0.227451
0.227451
0.231373
0.250980
0.262745
0.266667
0.270588
0.274510
0.270588
0.262745
0.349020
0.333333
0.250980
0.266667
0.286275
0.309804
0.309804
0.313725
0.325490
0.337255
0.372549
0.400000
0.458824
0.458824
0.525490
0.474510
0.435294
0.466667
0.686275
0.164706
0.286275
0.305882
0.254902
0.235294
0.243137
0.250980
0.258824
0.266667
0.266667
0.270588
0.274510
0.247059
0.298039
0.415686
0.266667
0.270588
0.305882
0.321569
0.325490
0.329412
0.333333
0.329412
0.313725
0.325490
0.333333
0.356863
0.407843
0.392157
0.400000
0.458824
0.701961
0.235294
0.266667
0.294118
0.278431
0.243137
0.247059
0.231373
0.235294
0.243137
0.250980
0.258824
0.266667
0.243137
0.250980
0.388235
0.305882
0.258824
0.294118
0.329412
0.317647
0.317647
0.333333
0.341176
0.349020
0.352941
0.341176
0.333333
0.360784
0.372549
0.301961
0.372549
0.690196
0.192157
0.223529
0.270588
0.298039
0.258824
0.243137
0.235294
0.239216
0.243137
0.247059
0.247059
0.247059
0.250980
0.223529
0.333333
0.364706
0.247059
0.274510
0.298039
0.305882
0.301961
0.309804
0.317647
0.329412
0.341176
0.341176
0.341176
0.352941
0.356863
0.298039
0.352941
0.701961
0.129412
0.184314
0.231373
0.274510
0.278431
0.243137
0.239216
0.243137
0.243137
0.243137
0.239216
0.235294
0.239216
0.219608
0.274510
0.376471
0.270588
0.243137
0.262745
0.270588
0.286275
0.290196
0.286275
0.298039
0.309804
0.313725
0.329412
0.341176
0.325490
0.309804
0.380392
0.717647
0.239216
0.309804
0.286275
0.270588
0.301961
0.286275
0.258824
0.243137
0.235294
0.227451
0.223529
0.223529
0.219608
0.227451
0.215686
0.337255
0.321569
0.207843
0.239216
0.239216
0.247059
0.266667
0.274510
0.274510
0.274510
0.278431
0.290196
0.305882
0.301961
0.258824
0.333333
0.705882
0.286275
0.298039
0.294118
0.309804
0.337255
0.368627
0.329412
0.262745
0.247059
0.235294
0.227451
0.219608
0.219608
0.231373
0.207843
0.282353
0.368627
0.243137
0.215686
0.239216
0.243137
0.247059
0.270588
0.278431
0.266667
0.254902
0.254902
0.262745
0.262745
0.211765
0.294118
0.694118
0.396078
0.364706
0.247059
0.239216
0.247059
0.243137
0.231373
0.211765
0.200000
0.192157
0.184314
0.180392
0.184314
0.184314
0.188235
0.192157
0.341176
0.282353
0.172549
0.211765
0.211765
0.211765
0.215686
0.223529
0.235294
0.231373
0.219608
0.211765
0.203922
0.164706
0.262745
0.678431
0.482353
0.454902
0.345098
0.301961
0.301961
0.286275
0.282353
0.286275
0.282353
0.270588
0.266667
0.266667
0.274510
0.282353
0.286275
0.282353
0.345098
0.372549
0.286275
0.282353
0.290196
0.286275
0.286275
0.290196
0.294118
0.290196
0.286275
0.294118
0.301961
0.278431
0.360784
0.701961
0.996078
1.000000
0.984314
0.972549
0.964706
0.964706
0.968627
0.976471
0.976471
0.968627
0.960784
0.956863
0.945098
0.964706
0.772549
0.596078
0.819608
0.937255
0.933333
0.945098
0.945098
0.937255
0.929412
0.921569
0.913725
0.909804
0.909804
0.909804
0.901961
0.913725
0.760784
0.768627
0.968627
0.968627
0.956863
0.945098
0.945098
0.956863
0.968627
0.980392
0.972549
0.960784
0.956863
0.949020
0.921569
0.850980
0.647059
0.431373
0.615686
0.807843
0.933333
0.937255
0.929412
0.917647
0.913725
0.905882
0.894118
0.894118
0.898039
0.909804
0.898039
0.909804
0.733333
0.737255
0.941176
0.945098
0.937255
0.937255
0.952941
0.976471
0.984314
0.972549
0.949020
0.945098
0.941176
0.945098
0.898039
0.698039
0.643137
0.458824
0.490196
0.650980
0.921569
0.937255
0.917647
0.909804
0.905882
0.905882
0.898039
0.898039
0.901961
0.909804
0.890196
0.898039
0.729412
0.741176
0.929412
0.941176
0.933333
0.941176
0.960784
0.972549
0.960784
0.949020
0.945098
0.941176
0.933333
0.933333
0.921569
0.694118
0.427451
0.313725
0.345098
0.650980
0.917647
0.898039
0.882353
0.898039
0.905882
0.905882
0.913725
0.917647
0.901961
0.894118
0.882353
0.886275
0.721569
0.737255
0.929412
0.952941
0.960784
0.968627
0.972549
0.972549
0.956863
0.937255
0.937255
0.933333
0.929412
0.933333
0.933333
0.874510
0.631373
0.400000
0.443137
0.717647
0.776471
0.729412
0.760784
0.858824
0.905882
0.905882
0.917647
0.921569
0.909804
0.901961
0.886275
0.890196
0.721569
0.737255
0.937255
0.956863
0.964706
0.968627
0.968627
0.968627
0.960784
0.941176
0.929412
0.929412
0.901961
0.850980
0.803922
0.772549
0.709804
0.525490
0.509804
0.756863
0.847059
0.858824
0.870588
0.886275
0.913725
0.913725
0.913725
0.913725
0.905882
0.901961
0.890196
0.890196
0.721569
0.741176
0.933333
0.929412
0.925490
0.933333
0.933333
0.941176
0.945098
0.949020
0.937255
0.937255
0.882353
0.807843
0.835294
0.803922
0.811765
0.701961
0.592157
0.756863
0.866667
0.878431
0.878431
0.901961
0.917647
0.925490
0.921569
0.913725
0.898039
0.886275
0.866667
0.874510
0.713725
0.737255
0.933333
0.929412
0.909804
0.905882
0.909804
0.917647
0.925490
0.941176
0.945098
0.933333
0.917647
0.901961
0.850980
0.721569
0.850980
0.694118
0.549020
0.737255
0.815686
0.854902
0.890196
0.894118
0.901961
0.905882
0.901961
0.894118
0.882353
0.870588
0.847059
0.862745
0.709804
0.737255
0.933333
0.933333
0.917647
0.917647
0.921569
0.909804
0.905882
0.913725
0.921569
0.925490
0.925490
0.913725
0.823529
0.807843
0.854902
0.639216
0.501961
0.780392
0.819608
0.776471
0.882353
0.898039
0.894118
0.894118
0.886275
0.882353
0.870588
0.862745
0.839216
0.850980
0.701961
0.733333
0.921569
0.929412
0.937255
0.952941
0.937255
0.921569
0.913725
0.905882
0.901961
0.901961
0.913725
0.862745
0.815686
0.874510
0.827451
0.776471
0.603922
0.764706
0.894118
0.768627
0.831373
0.894118
0.890196
0.890196
0.886275
0.878431
0.874510
0.878431
0.862745
0.870588
0.709804
0.733333
0.901961
0.925490
0.925490
0.843137
0.913725
0.921569
0.905882
0.898039
0.886275
0.878431
0.827451
0.701961
0.784314
0.862745
0.811765
0.811765
0.611765
0.733333
0.921569
0.784314
0.788235
0.862745
0.866667
0.882353
0.874510
0.862745
0.866667
0.874510
0.866667
0.874510
0.709804
0.737255
0.894118
0.929412
0.894118
0.705882
0.890196
0.909804
0.894118
0.894118
0.898039
0.878431
0.811765
0.729412
0.807843
0.870588
0.839216
0.854902
0.619608
0.674510
0.905882
0.815686
0.780392
0.823529
0.658824
0.737255
0.850980
0.862745
0.866667
0.870588
0.866667
0.874510
0.709804
0.737255
0.921569
0.929412
0.870588
0.760784
0.901961
0.909804
0.901961
0.905882
0.901961
0.862745
0.831373
0.745098
0.831373
0.886275
0.843137
0.870588
0.631373
0.635294
0.898039
0.878431
0.850980
0.729412
0.470588
0.505882
0.788235
0.866667
0.870588
0.878431
0.854902
0.858824
0.701961
0.737255
0.901961
0.917647
0.858824
0.752941
0.898039
0.917647
0.905882
0.898039
0.831373
0.831373
0.850980
0.800000
0.835294
0.858824
0.850980
0.890196
0.654902
0.603922
0.890196
0.882353
0.827451
0.737255
0.490196
0.466667
0.772549
0.800000
0.819608
0.858824
0.843137
0.847059
0.698039
0.737255
0.890196
0.905882
0.835294
0.749020
0.870588
0.862745
0.890196
0.807843
0.772549
0.878431
0.878431
0.835294
0.807843
0.792157
0.839216
0.882353
0.670588
0.572549
0.850980
0.847059
0.800000
0.752941
0.619608
0.529412
0.725490
0.819608
0.835294
0.850980
0.811765
0.807843
0.674510
0.729412
0.882353
0.901961
0.811765
0.756863
0.815686
0.729412
0.870588
0.803922
0.870588
0.886275
0.882353
0.835294
0.800000
0.788235
0.847059
0.878431
0.701961
0.552941
0.741176
0.835294
0.862745
0.811765
0.662745
0.576471
0.756863
0.847059
0.858824
0.858824
0.760784
0.701961
0.607843
0.725490
0.878431
0.894118
0.800000
0.764706
0.776471
0.647059
0.803922
0.858824
0.839216
0.815686
0.886275
0.850980
0.811765
0.835294
0.866667
0.847059
0.717647
0.560784
0.701961
0.858824
0.866667
0.843137
0.729412
0.549020
0.752941
0.815686
0.847059
0.854902
0.827451
0.803922
0.662745
0.729412
0.882353
0.866667
0.784314
0.796078
0.752941
0.592157
0.796078
0.858824
0.756863
0.843137
0.886275
0.843137
0.772549
0.835294
0.858824
0.768627
0.639216
0.533333
0.674510
0.749020
0.796078
0.764706
0.650980
0.490196
0.713725
0.780392
0.776471
0.835294
0.839216
0.827451
0.678431
0.737255
0.894118
0.858824
0.733333
0.725490
0.603922
0.521569
0.811765
0.866667
0.827451
0.894118
0.898039
0.850980
0.756863
0.862745
0.901961
0.847059
0.701961
0.450980
0.478431
0.549020
0.713725
0.650980
0.541176
0.439216
0.627451
0.780392
0.713725
0.807843
0.827451
0.815686
0.670588
0.741176
0.901961
0.831373
0.713725
0.776471
0.607843
0.525490
0.780392
0.847059
0.858824
0.898039
0.874510
0.819608
0.690196
0.780392
0.823529
0.792157
0.662745
0.466667
0.545098
0.600000
0.627451
0.611765
0.549020
0.427451
0.494118
0.772549
0.772549
0.733333
0.729412
0.811765
0.666667
0.733333
0.890196
0.647059
0.372549
0.349020
0.333333
0.352941
0.509804
0.615686
0.666667
0.717647
0.721569
0.701961
0.537255
0.513725
0.678431
0.701961
0.650980
0.580392
0.596078
0.658824
0.541176
0.474510
0.400000
0.396078
0.545098
0.713725
0.811765
0.745098
0.572549
0.666667
0.658824
0.721569
0.803922
0.474510
0.086275
0.035294
0.031373
0.047059
0.070588
0.090196
0.113725
0.156863
0.207843
0.243137
0.250980
0.321569
0.364706
0.509804
0.576471
0.478431
0.384314
0.513725
0.580392
0.603922
0.549020
0.541176
0.592157
0.631373
0.694118
0.733333
0.568627
0.486275
0.572549
0.713725
0.823529
0.580392
0.152941
0.035294
0.031373
0.027451
0.031373
0.035294
0.031373
0.031373
0.027451
0.011765
0.050980
0.211765
0.098039
0.113725
0.156863
0.160784
0.172549
0.184314
0.298039
0.443137
0.407843
0.462745
0.525490
0.549020
0.564706
0.647059
0.600000
0.447059
0.474510
0.717647
0.560784
0.458824
0.184314
0.047059
0.035294
0.027451
0.023529
0.023529
0.031373
0.035294
0.039216
0.035294
0.039216
0.145098
0.141176
0.062745
0.070588
0.070588
0.074510
0.074510
0.090196
0.125490
0.160784
0.219608
0.258824
0.345098
0.376471
0.466667
0.435294
0.423529
0.470588
0.698039
0.176471
0.223529
0.168627
0.062745
0.019608
0.015686
0.015686
0.015686
0.019608
0.019608
0.019608
0.019608
0.015686
0.090196
0.215686
0.070588
0.058824
0.070588
0.066667
0.062745
0.074510
0.090196
0.094118
0.090196
0.105882
0.125490
0.172549
0.243137
0.262745
0.313725
0.419608
0.694118
0.243137
0.223529
0.184314
0.105882
0.015686
0.007843
0.015686
0.019608
0.019608
0.019608
0.015686
0.015686
0.015686
0.050980
0.200000
0.117647
0.039216
0.043137
0.054902
0.058824
0.066667
0.082353
0.090196
0.101961
0.105882
0.113725
0.137255
0.168627
0.200000
0.180392
0.321569
0.698039
0.211765
0.188235
0.164706
0.125490
0.039216
0.011765
0.015686
0.019608
0.023529
0.015686
0.011765
0.011765
0.027451
0.031373
0.149020
0.176471
0.043137
0.035294
0.039216
0.054902
0.058824
0.062745
0.074510
0.082353
0.094118
0.105882
0.121569
0.133333
0.156863
0.145098
0.278431
0.686275
0.149020
0.129412
0.101961
0.082353
0.054902
0.011765
0.007843
0.011765
0.011765
0.011765
0.011765
0.007843
0.023529
0.019608
0.090196
0.200000
0.082353
0.027451
0.027451
0.031373
0.047059
0.054902
0.050980
0.058824
0.074510
0.078431
0.090196
0.101961
0.101961
0.137255
0.282353
0.686275
0.223529
0.211765
0.105882
0.039216
0.047059
0.031373
0.015686
0.003922
0.007843
0.003922
0.003922
0.007843
0.011765
0.023529
0.031373
0.164706
0.145098
0.015686
0.027451
0.011765
0.019608
0.039216
0.047059
0.043137
0.047059
0.050980
0.054902
0.070588
0.086275
0.094118
0.243137
0.678431
0.250980
0.168627
0.074510
0.039216
0.058824
0.101961
0.078431
0.019608
0.015686
0.015686
0.015686
0.015686
0.015686
0.027451
0.019608
0.113725
0.196078
0.054902
0.019608
0.019608
0.011765
0.019608
0.039216
0.047059
0.039216
0.031373
0.035294
0.039216
0.054902
0.058824
0.215686
0.682353
0.384314
0.266667
0.070588
0.023529
0.031373
0.035294
0.027451
0.007843
0.003922
0.003922
0.003922
0.007843
0.007843
0.011765
0.015686
0.027451
0.176471
0.121569
0.000000
0.007843
0.000000
0.000000
0.003922
0.011765
0.023529
0.031373
0.031373
0.015686
0.019608
0.019608
0.192157
0.674510
0.490196
0.407843
0.254902
0.192157
0.203922
0.192157
0.180392
0.180392
0.184314
0.184314
0.184314
0.188235
0.188235
0.184314
0.188235
0.180392
0.247059
0.274510
0.188235
0.176471
0.176471
0.176471
0.176471
0.180392
0.184314
0.196078
0.203922
0.196078
0.196078
0.196078
0.329412
0.709804
0.996078
1.000000
0.984314
0.972549
0.964706
0.964706
0.968627
0.976471
0.976471
0.968627
0.960784
0.956863
0.945098
0.964706
0.776471
0.607843
0.839216
0.956863
0.956863
0.960784
0.952941
0.945098
0.933333
0.921569
0.913725
0.917647
0.921569
0.925490
0.913725
0.917647
0.760784
0.764706
0.968627
0.968627
0.956863
0.945098
0.945098
0.956863
0.968627
0.980392
0.972549
0.960784
0.956863
0.952941
0.921569
0.854902
0.643137
0.427451
0.623529
0.827451
0.956863
0.952941
0.937255
0.925490
0.917647
0.905882
0.894118
0.898039
0.913725
0.925490
0.909804
0.913725
0.733333
0.733333
0.941176
0.945098
0.937255
0.937255
0.952941
0.976471
0.984314
0.972549
0.949020
0.945098
0.941176
0.949020
0.901961
0.694118
0.619608
0.431373
0.470588
0.654902
0.941176
0.952941
0.925490
0.917647
0.913725
0.905882
0.898039
0.901961
0.917647
0.925490
0.905882
0.905882
0.729412
0.737255
0.929412
0.941176
0.933333
0.941176
0.960784
0.972549
0.960784
0.949020
0.945098
0.941176
0.933333
0.933333
0.917647
0.678431
0.392157
0.258824
0.301961
0.635294
0.929412
0.913725
0.890196
0.905882
0.913725
0.909804
0.913725
0.921569
0.917647
0.909804
0.894118
0.894118
0.721569
0.733333
0.929412
0.952941
0.960784
0.968627
0.972549
0.972549
0.956863
0.937255
0.937255
0.933333
0.929412
0.929412
0.929412
0.862745
0.603922
0.360784
0.407843
0.701961
0.780392
0.737255
0.772549
0.870588
0.913725
0.913725
0.925490
0.929412
0.925490
0.917647
0.898039
0.898039
0.721569
0.733333
0.937255
0.956863
0.964706
0.968627
0.968627
0.968627
0.960784
0.941176
0.929412
0.929412
0.901961
0.850980
0.803922
0.768627
0.698039
0.501961
0.490196
0.745098
0.847059
0.866667
0.878431
0.894118
0.921569
0.921569
0.921569
0.925490
0.921569
0.917647
0.901961
0.898039
0.721569
0.737255
0.933333
0.929412
0.925490
0.933333
0.933333
0.941176
0.945098
0.949020
0.937255
0.937255
0.882353
0.807843
0.839216
0.803922
0.800000
0.682353
0.576471
0.749020
0.874510
0.886275
0.886275
0.905882
0.925490
0.933333
0.925490
0.921569
0.913725
0.901961
0.878431
0.882353
0.713725
0.733333
0.933333
0.929412
0.909804
0.905882
0.909804
0.917647
0.925490
0.941176
0.945098
0.933333
0.917647
0.905882
0.858824
0.729412
0.847059
0.682353
0.537255
0.737255
0.827451
0.858824
0.890196
0.898039
0.905882
0.905882
0.901961
0.901961
0.894118
0.886275
0.862745
0.866667
0.709804
0.733333
0.933333
0.933333
0.917647
0.917647
0.921569
0.909804
0.905882
0.913725
0.921569
0.925490
0.925490
0.913725
0.835294
0.823529
0.854902
0.631373
0.494118
0.784314
0.835294
0.780392
0.882353
0.898039
0.894118
0.894118
0.886275
0.886275
0.886275
0.878431
0.854902
0.858824
0.701961
0.725490
0.921569
0.929412
0.937255
0.952941
0.937255
0.925490
0.921569
0.913725
0.913725
0.913725
0.925490
0.878431
0.827451
0.890196
0.839216
0.768627
0.584314
0.752941
0.909804
0.800000
0.850980
0.901961
0.894118
0.898039
0.905882
0.901961
0.894118
0.890196
0.874510
0.878431
0.709804
0.729412
0.901961
0.925490
0.925490
0.843137
0.913725
0.925490
0.921569
0.913725
0.901961
0.898039
0.850980
0.725490
0.796078
0.878431
0.831373
0.807843
0.580392
0.709804
0.941176
0.823529
0.815686
0.874510
0.870588
0.894118
0.905882
0.898039
0.886275
0.890196
0.882353
0.882353
0.709804
0.733333
0.894118
0.929412
0.894118
0.705882
0.890196
0.913725
0.905882
0.905882
0.913725
0.894118
0.831373
0.752941
0.823529
0.886275
0.858824
0.847059
0.588235
0.654902
0.921569
0.847059
0.803922
0.831373
0.658824
0.749020
0.878431
0.890196
0.882353
0.886275
0.878431
0.878431
0.709804
0.733333
0.921569
0.929412
0.870588
0.760784
0.901961
0.909804
0.905882
0.913725
0.909804
0.874510
0.843137
0.756863
0.839216
0.901961
0.862745
0.866667
0.596078
0.615686
0.913725
0.901961
0.862745
0.733333
0.470588
0.513725
0.807843
0.886275
0.886275
0.894118
0.870588
0.866667
0.701961
0.733333
0.901961
0.917647
0.858824
0.752941
0.901961
0.917647
0.901961
0.898039
0.831373
0.835294
0.858824
0.807843
0.839216
0.874510
0.870588
0.882353
0.623529
0.584314
0.905882
0.898039
0.835294
0.741176
0.494118
0.474510
0.784314
0.811765
0.835294
0.874510
0.858824
0.854902
0.698039
0.733333
0.894118
0.909804
0.835294
0.741176
0.854902
0.843137
0.882353
0.803922
0.772549
0.878431
0.878431
0.839216
0.815686
0.811765
0.858824
0.870588
0.631373
0.549020
0.862745
0.854902
0.811765
0.764706
0.615686
0.509804
0.729412
0.843137
0.854902
0.870588
0.827451
0.815686
0.674510
0.725490
0.882353
0.909804
0.811765
0.741176
0.776471
0.690196
0.862745
0.803922
0.870588
0.886275
0.882353
0.835294
0.803922
0.811765
0.870588
0.866667
0.658824
0.521569
0.737255
0.831373
0.878431
0.835294
0.647059
0.533333
0.756863
0.882353
0.886275
0.882353
0.780392
0.713725
0.611765
0.721569
0.878431
0.898039
0.800000
0.749020
0.737255
0.611765
0.796078
0.858824
0.839216
0.815686
0.886275
0.850980
0.811765
0.847059
0.890196
0.839216
0.674510
0.521569
0.690196
0.847059
0.878431
0.858824
0.705882
0.501961
0.745098
0.847059
0.874510
0.878431
0.850980
0.811765
0.662745
0.729412
0.882353
0.874510
0.784314
0.780392
0.713725
0.556863
0.788235
0.858824
0.756863
0.843137
0.886275
0.843137
0.760784
0.831373
0.878431
0.764706
0.600000
0.486275
0.643137
0.725490
0.800000
0.776471
0.623529
0.439216
0.701961
0.803922
0.800000
0.858824
0.858824
0.835294
0.682353
0.733333
0.898039
0.866667
0.733333
0.709804
0.568627
0.482353
0.803922
0.870588
0.827451
0.894118
0.901961
0.850980
0.737255
0.850980
0.917647
0.847059
0.666667
0.396078
0.439216
0.521569
0.713725
0.654902
0.505882
0.376471
0.607843
0.800000
0.737255
0.831373
0.850980
0.827451
0.670588
0.733333
0.886275
0.823529
0.705882
0.752941
0.564706
0.486275
0.768627
0.839216
0.850980
0.894118
0.866667
0.811765
0.662745
0.752941
0.819608
0.784314
0.627451
0.415686
0.490196
0.568627
0.611765
0.596078
0.513725
0.380392
0.482353
0.796078
0.803922
0.756863
0.741176
0.811765
0.662745
0.729412
0.866667
0.635294
0.364706
0.337255
0.305882
0.325490
0.498039
0.611765
0.658824
0.709804
0.713725
0.694118
0.513725
0.478431
0.654902
0.678431
0.623529
0.533333
0.541176
0.627451
0.509804
0.431373
0.360784
0.376471
0.545098
0.741176
0.850980
0.764706
0.572549
0.654902
0.654902
0.729412
0.803922
0.486275
0.105882
0.050980
0.035294
0.047059
0.078431
0.101961
0.121569
0.164706
0.219608
0.254902
0.243137
0.305882
0.356863
0.501961
0.560784
0.447059
0.345098
0.494118
0.556863
0.564706
0.505882
0.505882
0.580392
0.639216
0.713725
0.737255
0.556863
0.470588
0.572549
0.725490
0.815686
0.584314
0.172549
0.050980
0.035294
0.023529
0.035294
0.039216
0.039216
0.035294
0.031373
0.019608
0.050980
0.207843
0.101961
0.117647
0.152941
0.141176
0.145098
0.176471
0.282353
0.411765
0.364706
0.423529
0.501961
0.537255
0.549020
0.615686
0.552941
0.403922
0.447059
0.709804
0.537255
0.450980
0.188235
0.054902
0.031373
0.023529
0.035294
0.039216
0.043137
0.050980
0.054902
0.050980
0.043137
0.137255
0.145098
0.070588
0.070588
0.054902
0.050980
0.070588
0.082353
0.098039
0.125490
0.192157
0.250980
0.341176
0.356863
0.427451
0.384314
0.372549
0.431373
0.678431
0.152941
0.215686
0.172549
0.074510
0.023529
0.023529
0.035294
0.043137
0.047059
0.047059
0.047059
0.050980
0.023529
0.086275
0.219608
0.078431
0.062745
0.066667
0.054902
0.066667
0.074510
0.074510
0.078431
0.082353
0.109804
0.137255
0.172549
0.227451
0.231373
0.282353
0.396078
0.682353
0.223529
0.207843
0.180392
0.109804
0.023529
0.011765
0.027451
0.031373
0.035294
0.035294
0.035294
0.039216
0.031373
0.054902
0.203922
0.121569
0.050980
0.062745
0.078431
0.070588
0.070588
0.082353
0.094118
0.105882
0.109804
0.121569
0.141176
0.164706
0.188235
0.168627
0.309804
0.690196
0.188235
0.172549
0.156863
0.129412
0.043137
0.015686
0.027451
0.031373
0.035294
0.031373
0.027451
0.027451
0.043137
0.035294
0.149020
0.180392
0.050980
0.054902
0.062745
0.066667
0.062745
0.066667
0.078431
0.086275
0.098039
0.117647
0.137255
0.141176
0.152941
0.145098
0.274510
0.686275
0.125490
0.117647
0.101961
0.090196
0.062745
0.015686
0.023529
0.027451
0.027451
0.027451
0.027451
0.023529
0.031373
0.023529
0.090196
0.200000
0.086275
0.039216
0.043137
0.035294
0.050980
0.054902
0.050980
0.062745
0.074510
0.086275
0.109804
0.113725
0.109804
0.141176
0.286275
0.694118
0.211765
0.215686
0.121569
0.058824
0.062745
0.047059
0.031373
0.019608
0.019608
0.015686
0.015686
0.019608
0.019608
0.031373
0.031373
0.164706
0.141176
0.015686
0.035294
0.015686
0.015686
0.035294
0.043137
0.043137
0.043137
0.058824
0.074510
0.082353
0.086275
0.098039
0.247059
0.682353
0.247059
0.188235
0.109804
0.074510
0.086275
0.117647
0.094118
0.035294
0.023529
0.023529
0.019608
0.019608
0.019608
0.031373
0.019608
0.105882
0.188235
0.054902
0.019608
0.019608
0.011765
0.015686
0.039216
0.047059
0.035294
0.035294
0.047059
0.047059
0.062745
0.062745
0.219608
0.682353
0.392157
0.290196
0.101961
0.047059
0.047059
0.043137
0.031373
0.011765
0.003922
0.003922
0.000000
0.000000
0.003922
0.003922
0.007843
0.019608
0.168627
0.117647
0.000000
0.007843
0.003922
0.003922
0.007843
0.015686
0.027451
0.031373
0.031373
0.027451
0.039216
0.047059
0.211765
0.686275
0.498039
0.419608
0.266667
0.196078
0.188235
0.176471
0.180392
0.180392
0.184314
0.180392
0.180392
0.180392
0.180392
0.184314
0.184314
0.180392
0.247059
0.274510
0.188235
0.176471
0.180392
0.180392
0.180392
0.184314
0.188235
0.188235
0.184314
0.188235
0.203922
0.211765
0.341176
0.717647
