0.231373
0.211765
0.207843
0.211765
0.258824
0.384314
0.309804
0.196078
0.254902
0.298039
0.333333
0.333333
0.349020
0.349020
0.215686
0.227451
0.247059
0.192157
0.266667
0.200000
0.196078
0.219608
0.258824
0.294118
0.235294
0.200000
0.196078
0.180392
0.113725
0.105882
0.168627
0.109804
0.176471
0.207843
0.266667
0.266667
0.321569
0.403922
0.337255
0.188235
0.219608
0.254902
0.321569
0.266667
0.356863
0.396078
0.274510
0.207843
0.305882
0.278431
0.266667
0.243137
0.137255
0.247059
0.309804
0.298039
0.270588
0.262745
0.274510
0.235294
0.160784
0.152941
0.235294
0.156863
0.133333
0.203922
0.250980
0.270588
0.313725
0.337255
0.262745
0.196078
0.333333
0.349020
0.443137
0.529412
0.525490
0.478431
0.325490
0.254902
0.349020
0.274510
0.258824
0.250980
0.145098
0.294118
0.325490
0.298039
0.368627
0.341176
0.333333
0.250980
0.133333
0.117647
0.156863
0.176471
0.117647
0.192157
0.262745
0.333333
0.345098
0.258824
0.243137
0.305882
0.525490
0.533333
0.525490
0.647059
0.576471
0.447059
0.345098
0.372549
0.533333
0.419608
0.360784
0.172549
0.180392
0.250980
0.282353
0.341176
0.309804
0.325490
0.294118
0.231373
0.129412
0.074510
0.070588
0.109804
0.164706
0.262745
0.254902
0.356863
0.333333
0.298039
0.498039
0.549020
0.600000
0.674510
0.568627
0.600000
0.368627
0.360784
0.494118
0.439216
0.498039
0.498039
0.474510
0.207843
0.270588
0.356863
0.333333
0.352941
0.250980
0.286275
0.262745
0.294118
0.223529
0.125490
0.070588
0.074510
0.247059
0.262745
0.149020
0.215686
0.294118
0.513725
0.733333
0.733333
0.674510
0.749020
0.517647
0.400000
0.427451
0.423529
0.462745
0.545098
0.509804
0.486275
0.486275
0.349020
0.396078
0.466667
0.400000
0.352941
0.337255
0.309804
0.196078
0.219608
0.254902
0.184314
0.101961
0.082353
0.258824
0.262745
0.176471
0.309804
0.458824
0.639216
0.823529
0.843137
0.803922
0.654902
0.329412
0.380392
0.564706
0.549020
0.462745
0.513725
0.592157
0.509804
0.450980
0.466667
0.443137
0.411765
0.474510
0.403922
0.435294
0.580392
0.427451
0.188235
0.180392
0.239216
0.188235
0.149020
0.239216
0.239216
0.258824
0.541176
0.760784
0.780392
0.835294
0.792157
0.666667
0.376471
0.298039
0.513725
0.607843
0.607843
0.572549
0.556863
0.564706
0.533333
0.560784
0.603922
0.545098
0.400000
0.431373
0.450980
0.486275
0.564706
0.552941
0.301961
0.176471
0.254902
0.231373
0.172549
0.215686
0.247059
0.231373
0.400000
0.713725
0.694118
0.662745
0.556863
0.388235
0.317647
0.392157
0.521569
0.564706
0.560784
0.600000
0.635294
0.588235
0.619608
0.654902
0.658824
0.654902
0.600000
0.588235
0.576471
0.529412
0.439216
0.474510
0.447059
0.278431
0.192157
0.278431
0.207843
0.192157
0.203922
0.196078
0.243137
0.349020
0.368627
0.400000
0.356863
0.337255
0.349020
0.309804
0.482353
0.592157
0.568627
0.576471
0.592157
0.556863
0.509804
0.556863
0.607843
0.552941
0.513725
0.545098
0.541176
0.525490
0.466667
0.501961
0.505882
0.396078
0.266667
0.254902
0.290196
0.203922
0.180392
0.301961
0.392157
0.301961
0.258824
0.219608
0.211765
0.364706
0.341176
0.231373
0.560784
0.733333
0.580392
0.537255
0.576471
0.509804
0.427451
0.552941
0.647059
0.670588
0.427451
0.380392
0.498039
0.380392
0.325490
0.356863
0.470588
0.501961
0.407843
0.274510
0.254902
0.258824
0.219608
0.321569
0.423529
0.372549
0.282353
0.321569
0.250980
0.376471
0.372549
0.301961
0.552941
0.694118
0.537255
0.427451
0.568627
0.647059
0.654902
0.721569
0.756863
0.784314
0.584314
0.478431
0.537255
0.486275
0.541176
0.415686
0.482353
0.552941
0.443137
0.384314
0.270588
0.294118
0.270588
0.301961
0.317647
0.313725
0.301961
0.419608
0.431373
0.466667
0.462745
0.427451
0.564706
0.674510
0.650980
0.588235
0.654902
0.713725
0.784314
0.760784
0.721569
0.725490
0.717647
0.682353
0.654902
0.654902
0.650980
0.352941
0.372549
0.380392
0.407843
0.392157
0.250980
0.376471
0.337255
0.341176
0.356863
0.333333
0.305882
0.431373
0.498039
0.517647
0.549020
0.572549
0.654902
0.717647
0.733333
0.733333
0.737255
0.717647
0.749020
0.709804
0.600000
0.647059
0.682353
0.717647
0.666667
0.419608
0.196078
0.160784
0.525490
0.607843
0.556863
0.286275
0.152941
0.290196
0.282353
0.329412
0.329412
0.305882
0.356863
0.356863
0.415686
0.474510
0.447059
0.431373
0.525490
0.709804
0.725490
0.690196
0.643137
0.658824
0.713725
0.623529
0.556863
0.788235
0.627451
0.549020
0.600000
0.396078
0.184314
0.388235
0.701961
0.588235
0.345098
0.164706
0.192157
0.274510
0.270588
0.356863
0.270588
0.360784
0.482353
0.407843
0.341176
0.352941
0.505882
0.541176
0.549020
0.682353
0.749020
0.705882
0.505882
0.568627
0.752941
0.639216
0.650980
0.796078
0.631373
0.639216
0.623529
0.486275
0.572549
0.666667
0.568627
0.396078
0.207843
0.235294
0.207843
0.188235
0.250980
0.380392
0.278431
0.368627
0.474510
0.443137
0.396078
0.400000
0.470588
0.556863
0.588235
0.505882
0.650980
0.709804
0.505882
0.619608
0.756863
0.654902
0.713725
0.705882
0.654902
0.670588
0.666667
0.670588
0.698039
0.576471
0.411765
0.215686
0.243137
0.270588
0.196078
0.196078
0.282353
0.368627
0.262745
0.360784
0.407843
0.364706
0.462745
0.462745
0.345098
0.407843
0.584314
0.494118
0.607843
0.749020
0.694118
0.760784
0.780392
0.752941
0.760784
0.717647
0.749020
0.709804
0.701961
0.705882
0.529412
0.407843
0.207843
0.207843
0.286275
0.243137
0.219608
0.258824
0.294118
0.282353
0.282353
0.352941
0.325490
0.380392
0.572549
0.545098
0.403922
0.517647
0.639216
0.564706
0.666667
0.811765
0.831373
0.811765
0.796078
0.811765
0.811765
0.788235
0.827451
0.811765
0.760784
0.541176
0.290196
0.329412
0.223529
0.215686
0.200000
0.192157
0.235294
0.192157
0.258824
0.243137
0.400000
0.368627
0.290196
0.462745
0.600000
0.525490
0.396078
0.482353
0.517647
0.529412
0.705882
0.847059
0.858824
0.823529
0.780392
0.772549
0.827451
0.796078
0.741176
0.866667
0.756863
0.356863
0.329412
0.482353
0.305882
0.145098
0.137255
0.215686
0.313725
0.188235
0.200000
0.239216
0.349020
0.392157
0.301961
0.486275
0.560784
0.486275
0.447059
0.403922
0.494118
0.529412
0.698039
0.854902
0.862745
0.741176
0.643137
0.615686
0.800000
0.764706
0.623529
0.831373
0.509804
0.254902
0.317647
0.478431
0.317647
0.180392
0.121569
0.188235
0.305882
0.219608
0.235294
0.235294
0.309804
0.423529
0.329412
0.478431
0.505882
0.529412
0.592157
0.521569
0.631373
0.647059
0.678431
0.733333
0.780392
0.713725
0.584314
0.580392
0.862745
0.752941
0.780392
0.615686
0.200000
0.223529
0.309804
0.364706
0.286275
0.231373
0.160784
0.149020
0.184314
0.196078
0.227451
0.243137
0.392157
0.478431
0.360784
0.486275
0.490196
0.552941
0.639216
0.549020
0.639216
0.588235
0.529412
0.588235
0.752941
0.800000
0.647059
0.745098
0.862745
0.803922
0.662745
0.278431
0.243137
0.203922
0.286275
0.247059
0.317647
0.231373
0.188235
0.176471
0.121569
0.235294
0.282353
0.313725
0.364706
0.400000
0.341176
0.478431
0.439216
0.494118
0.658824
0.596078
0.615686
0.588235
0.549020
0.670588
0.819608
0.796078
0.682353
0.819608
0.807843
0.796078
0.509804
0.290196
0.325490
0.294118
0.282353
0.192157
0.250980
0.227451
0.164706
0.203922
0.145098
0.305882
0.266667
0.270588
0.219608
0.341176
0.454902
0.450980
0.427451
0.419608
0.572549
0.584314
0.580392
0.698039
0.647059
0.721569
0.756863
0.768627
0.764706
0.831373
0.784314
0.596078
0.392157
0.352941
0.384314
0.356863
0.262745
0.274510
0.141176
0.172549
0.160784
0.184314
0.156863
0.352941
0.164706
0.152941
0.219608
0.298039
0.443137
0.427451
0.486275
0.560784
0.592157
0.611765
0.670588
0.745098
0.498039
0.596078
0.764706
0.831373
0.780392
0.831373
0.823529
0.549020
0.294118
0.376471
0.443137
0.298039
0.250980
0.266667
0.180392
0.160784
0.145098
0.156863
0.317647
0.341176
0.243137
0.247059
0.184314
0.152941
0.282353
0.525490
0.584314
0.541176
0.615686
0.662745
0.764706
0.674510
0.313725
0.376471
0.560784
0.662745
0.690196
0.800000
0.850980
0.639216
0.349020
0.549020
0.403922
0.200000
0.313725
0.243137
0.141176
0.145098
0.098039
0.149020
0.274510
0.427451
0.384314
0.270588
0.098039
0.098039
0.200000
0.411765
0.600000
0.576471
0.556863
0.631373
0.686275
0.478431
0.305882
0.349020
0.431373
0.403922
0.494118
0.756863
0.815686
0.705882
0.560784
0.549020
0.274510
0.235294
0.254902
0.180392
0.133333
0.113725
0.094118
0.141176
0.188235
0.431373
0.349020
0.294118
0.101961
0.094118
0.168627
0.278431
0.325490
0.501961
0.498039
0.513725
0.494118
0.313725
0.278431
0.325490
0.384314
0.490196
0.403922
0.658824
0.807843
0.752941
0.607843
0.541176
0.415686
0.317647
0.207843
0.156863
0.129412
0.125490
0.141176
0.172549
0.266667
0.427451
0.360784
0.274510
0.094118
0.188235
0.223529
0.317647
0.176471
0.266667
0.505882
0.505882
0.498039
0.513725
0.345098
0.250980
0.270588
0.466667
0.552941
0.603922
0.784314
0.800000
0.639216
0.529412
0.341176
0.262745
0.203922
0.145098
0.121569
0.133333
0.164706
0.207843
0.270588
0.537255
0.462745
0.380392
0.352941
0.443137
0.470588
0.462745
0.368627
0.372549
0.498039
0.584314
0.529412
0.631373
0.674510
0.568627
0.462745
0.549020
0.654902
0.666667
0.721569
0.780392
0.600000
0.286275
0.231373
0.290196
0.231373
0.141176
0.105882
0.176471
0.239216
0.250980
0.211765
0.501961
0.596078
0.603922
0.600000
0.647059
0.690196
0.603922
0.490196
0.490196
0.564706
0.650980
0.603922
0.549020
0.596078
0.721569
0.745098
0.690196
0.549020
0.658824
0.588235
0.415686
0.258824
0.180392
0.337255
0.376471
0.352941
0.262745
0.082353
0.176471
0.294118
0.298039
0.149020
0.254902
0.235294
0.231373
0.196078
0.239216
0.380392
0.309804
0.243137
0.274510
0.274510
0.333333
0.298039
0.313725
0.301961
0.164706
0.196078
0.227451
0.196078
0.301961
0.188235
0.145098
0.176471
0.235294
0.290196
0.231373
0.192157
0.262745
0.219608
0.062745
0.047059
0.121569
0.098039
0.203922
0.227451
0.274510
0.235294
0.313725
0.439216
0.380392
0.243137
0.239216
0.227451
0.290196
0.219608
0.305882
0.341176
0.215686
0.149020
0.274510
0.298039
0.325490
0.235294
0.090196
0.203922
0.278431
0.278431
0.266667
0.262745
0.337255
0.274510
0.113725
0.098039
0.176471
0.117647
0.164706
0.215686
0.243137
0.223529
0.329412
0.427451
0.352941
0.211765
0.298039
0.286275
0.364706
0.482353
0.478431
0.419608
0.262745
0.192157
0.305882
0.250980
0.243137
0.223529
0.098039
0.243137
0.298039
0.282353
0.305882
0.258824
0.360784
0.274510
0.086275
0.074510
0.101961
0.105882
0.152941
0.196078
0.239216
0.305882
0.384314
0.333333
0.274510
0.250980
0.447059
0.462745
0.443137
0.623529
0.545098
0.396078
0.274510
0.305882
0.486275
0.384314
0.317647
0.145098
0.137255
0.196078
0.239216
0.309804
0.262745
0.247059
0.262745
0.207843
0.074510
0.047059
0.039216
0.074510
0.200000
0.258824
0.239216
0.376471
0.376471
0.290196
0.407843
0.450980
0.533333
0.635294
0.521569
0.603922
0.356863
0.313725
0.415686
0.352941
0.447059
0.486275
0.470588
0.188235
0.223529
0.301961
0.282353
0.294118
0.282353
0.298039
0.192157
0.227451
0.164706
0.105882
0.050980
0.039216
0.250980
0.247059
0.192157
0.278431
0.278431
0.435294
0.654902
0.709804
0.682353
0.760784
0.521569
0.392157
0.423529
0.396078
0.388235
0.443137
0.411765
0.407843
0.423529
0.298039
0.321569
0.392157
0.333333
0.294118
0.305882
0.290196
0.149020
0.156863
0.207843
0.156863
0.062745
0.039216
0.262745
0.262745
0.227451
0.364706
0.427451
0.572549
0.803922
0.866667
0.835294
0.662745
0.313725
0.356863
0.572549
0.556863
0.443137
0.470588
0.513725
0.400000
0.345098
0.380392
0.337255
0.282353
0.352941
0.321569
0.337255
0.482353
0.341176
0.113725
0.129412
0.200000
0.145098
0.105882
0.270588
0.266667
0.282353
0.556863
0.737255
0.756863
0.854902
0.823529
0.678431
0.349020
0.239216
0.462745
0.611765
0.635294
0.600000
0.584314
0.549020
0.474510
0.505882
0.556863
0.458824
0.274510
0.305882
0.356863
0.368627
0.423529
0.411765
0.211765
0.117647
0.203922
0.180392
0.121569
0.282353
0.286275
0.239216
0.392157
0.690196
0.686275
0.686275
0.572549
0.376471
0.266667
0.317647
0.466667
0.560784
0.592157
0.639216
0.678431
0.592157
0.615686
0.694118
0.701961
0.658824
0.564706
0.556863
0.549020
0.458824
0.329412
0.364706
0.376471
0.227451
0.133333
0.207843
0.145098
0.294118
0.239216
0.196078
0.223529
0.321569
0.345098
0.384314
0.333333
0.290196
0.274510
0.239216
0.443137
0.584314
0.580392
0.596078
0.619608
0.533333
0.466667
0.564706
0.639216
0.560784
0.486275
0.529412
0.545098
0.490196
0.400000
0.439216
0.450980
0.352941
0.215686
0.180392
0.219608
0.313725
0.203922
0.301961
0.364706
0.262745
0.215686
0.164706
0.145098
0.282353
0.250980
0.156863
0.513725
0.709804
0.549020
0.501961
0.580392
0.439216
0.298039
0.454902
0.596078
0.619608
0.345098
0.309804
0.470588
0.329412
0.247059
0.290196
0.407843
0.450980
0.349020
0.188235
0.180392
0.317647
0.223529
0.301961
0.376471
0.317647
0.223529
0.262745
0.184314
0.298039
0.278431
0.200000
0.474510
0.635294
0.454902
0.325490
0.533333
0.580392
0.541176
0.623529
0.690196
0.713725
0.458824
0.368627
0.474510
0.400000
0.439216
0.321569
0.380392
0.447059
0.329412
0.258824
0.196078
0.317647
0.258824
0.262745
0.262745
0.254902
0.239216
0.360784
0.364706
0.388235
0.372549
0.325490
0.462745
0.584314
0.552941
0.478431
0.592157
0.650980
0.694118
0.674510
0.643137
0.647059
0.588235
0.572549
0.592157
0.568627
0.564706
0.266667
0.250980
0.254902
0.301961
0.294118
0.188235
0.380392
0.301961
0.282353
0.290196
0.266667
0.235294
0.364706
0.431373
0.443137
0.466667
0.482353
0.537255
0.607843
0.635294
0.635294
0.654902
0.647059
0.674510
0.615686
0.498039
0.560784
0.568627
0.623529
0.607843
0.360784
0.141176
0.105882
0.411765
0.498039
0.486275
0.239216
0.113725
0.282353
0.243137
0.258824
0.250980
0.227451
0.282353
0.282353
0.345098
0.396078
0.364706
0.345098
0.415686
0.592157
0.627451
0.600000
0.537255
0.584314
0.650980
0.529412
0.458824
0.713725
0.529412
0.458824
0.529412
0.341176
0.149020
0.352941
0.623529
0.509804
0.301961
0.137255
0.168627
0.266667
0.227451
0.286275
0.180392
0.270588
0.400000
0.329412
0.266667
0.278431
0.435294
0.474510
0.462745
0.580392
0.654902
0.619608
0.384314
0.490196
0.701961
0.549020
0.564706
0.741176
0.549020
0.537255
0.525490
0.419608
0.529412
0.631373
0.529412
0.356863
0.180392
0.215686
0.196078
0.188235
0.215686
0.317647
0.192157
0.282353
0.388235
0.356863
0.325490
0.329412
0.396078
0.494118
0.533333
0.423529
0.560784
0.639216
0.396078
0.549020
0.713725
0.580392
0.654902
0.670588
0.584314
0.572549
0.560784
0.592157
0.662745
0.549020
0.400000
0.203922
0.235294
0.262745
0.180392
0.192157
0.258824
0.321569
0.203922
0.286275
0.313725
0.254902
0.392157
0.384314
0.247059
0.329412
0.549020
0.431373
0.525490
0.713725
0.647059
0.725490
0.760784
0.721569
0.729412
0.682353
0.686275
0.647059
0.647059
0.658824
0.533333
0.419608
0.215686
0.223529
0.309804
0.270588
0.223529
0.243137
0.266667
0.227451
0.227451
0.290196
0.231373
0.274510
0.494118
0.458824
0.298039
0.423529
0.576471
0.509804
0.623529
0.792157
0.807843
0.796078
0.792157
0.792157
0.784314
0.756863
0.788235
0.788235
0.745098
0.529412
0.313725
0.349020
0.254902
0.258824
0.239216
0.231373
0.274510
0.160784
0.227451
0.184314
0.349020
0.309804
0.211765
0.368627
0.513725
0.431373
0.290196
0.384314
0.415686
0.482353
0.701961
0.835294
0.847059
0.827451
0.780392
0.749020
0.796078
0.772549
0.729412
0.874510
0.764706
0.372549
0.372549
0.501961
0.349020
0.200000
0.184314
0.247059
0.329412
0.168627
0.196078
0.203922
0.305882
0.341176
0.231373
0.403922
0.466667
0.376471
0.341176
0.309804
0.384314
0.482353
0.701961
0.854902
0.858824
0.749020
0.631373
0.576471
0.756863
0.749020
0.627451
0.847059
0.521569
0.282353
0.392157
0.521569
0.364706
0.235294
0.164706
0.223529
0.356863
0.235294
0.278431
0.235294
0.274510
0.376471
0.266667
0.403922
0.403922
0.411765
0.486275
0.435294
0.541176
0.592157
0.670588
0.745098
0.784314
0.709804
0.552941
0.517647
0.807843
0.737255
0.784314
0.623529
0.184314
0.250980
0.415686
0.435294
0.321569
0.266667
0.196078
0.192157
0.290196
0.231373
0.290196
0.278431
0.372549
0.431373
0.301961
0.427451
0.396078
0.439216
0.533333
0.462745
0.556863
0.525490
0.501961
0.611765
0.764706
0.796078
0.611765
0.666667
0.800000
0.780392
0.666667
0.286275
0.215686
0.231373
0.396078
0.329412
0.341176
0.247059
0.223529
0.227451
0.184314
0.274510
0.333333
0.352941
0.364706
0.349020
0.278431
0.435294
0.368627
0.403922
0.568627
0.505882
0.517647
0.509804
0.525490
0.701961
0.854902
0.811765
0.658824
0.752941
0.756863
0.760784
0.525490
0.309804
0.298039
0.317647
0.356863
0.247059
0.266667
0.235294
0.223529
0.262745
0.172549
0.356863
0.325490
0.298039
0.227451
0.309804
0.403922
0.415686
0.372549
0.345098
0.494118
0.501961
0.498039
0.631373
0.631373
0.760784
0.823529
0.796078
0.749020
0.803922
0.752941
0.564706
0.415686
0.384314
0.349020
0.341176
0.290196
0.294118
0.164706
0.192157
0.219608
0.235294
0.184314
0.423529
0.239216
0.168627
0.231373
0.294118
0.415686
0.396078
0.450980
0.513725
0.533333
0.545098
0.611765
0.701961
0.490196
0.627451
0.815686
0.827451
0.745098
0.811765
0.803922
0.513725
0.309804
0.407843
0.403922
0.258824
0.239216
0.270588
0.219608
0.192157
0.200000
0.192157
0.329412
0.407843
0.301961
0.262745
0.215686
0.176471
0.274510
0.505882
0.568627
0.517647
0.572549
0.607843
0.725490
0.658824
0.321569
0.396078
0.572549
0.635294
0.643137
0.760784
0.819608
0.584314
0.349020
0.576471
0.384314
0.172549
0.309804
0.254902
0.188235
0.180392
0.152941
0.184314
0.274510
0.474510
0.407843
0.298039
0.149020
0.145098
0.215686
0.403922
0.600000
0.568627
0.525490
0.588235
0.658824
0.482353
0.321569
0.352941
0.415686
0.400000
0.494118
0.717647
0.760784
0.631373
0.533333
0.564706
0.282353
0.247059
0.282353
0.227451
0.188235
0.149020
0.156863
0.192157
0.207843
0.462745
0.349020
0.317647
0.145098
0.117647
0.168627
0.270588
0.333333
0.501961
0.462745
0.466667
0.474510
0.321569
0.298039
0.329412
0.380392
0.509804
0.411765
0.623529
0.764706
0.674510
0.564706
0.552941
0.466667
0.380392
0.274510
0.219608
0.184314
0.152941
0.176471
0.211765
0.294118
0.439216
0.345098
0.274510
0.105882
0.172549
0.196078
0.309804
0.200000
0.290196
0.470588
0.462745
0.482353
0.521569
0.364706
0.266667
0.294118
0.478431
0.521569
0.549020
0.749020
0.729412
0.580392
0.549020
0.427451
0.345098
0.278431
0.207843
0.172549
0.149020
0.156863
0.200000
0.266667
0.537255
0.447059
0.364706
0.356863
0.439216
0.458824
0.462745
0.407843
0.427451
0.501961
0.580392
0.529412
0.635294
0.686275
0.576471
0.486275
0.556863
0.619608
0.611765
0.670588
0.709804
0.549020
0.305882
0.317647
0.345098
0.266667
0.196078
0.164706
0.200000
0.227451
0.231373
0.223529
0.498039
0.584314
0.580392
0.603922
0.658824
0.690196
0.603922
0.509804
0.525490
0.556863
0.639216
0.603922
0.549020
0.592157
0.717647
0.760784
0.694118
0.517647
0.611765
0.549020
0.396078
0.274510
0.243137
0.427451
0.407843
0.352941
0.305882
0.137255
0.203922
0.286275
0.278431
0.180392
0.227451
0.207843
0.203922
0.180392
0.188235
0.305882
0.258824
0.211765
0.243137
0.239216
0.294118
0.247059
0.235294
0.235294
0.137255
0.184314
0.211765
0.145098
0.207843
0.129412
0.113725
0.152941
0.215686
0.266667
0.192157
0.145098
0.196078
0.160784
0.050980
0.054902
0.117647
0.082353
0.164706
0.192157
0.243137
0.196078
0.254902
0.376471
0.341176
0.211765
0.196078
0.168627
0.223529
0.133333
0.203922
0.258824
0.172549
0.117647
0.239216
0.247059
0.254902
0.196078
0.062745
0.180392
0.258824
0.250980
0.215686
0.203922
0.262745
0.207843
0.098039
0.105882
0.180392
0.109804
0.113725
0.172549
0.200000
0.160784
0.270588
0.403922
0.352941
0.168627
0.215686
0.192157
0.278431
0.380392
0.372549
0.333333
0.203922
0.141176
0.262745
0.215686
0.223529
0.203922
0.082353
0.231373
0.274510
0.243137
0.266667
0.215686
0.290196
0.203922
0.066667
0.078431
0.109804
0.109804
0.094118
0.149020
0.192157
0.243137
0.337255
0.313725
0.254902
0.176471
0.349020
0.372549
0.380392
0.545098
0.466667
0.321569
0.211765
0.254902
0.435294
0.349020
0.313725
0.133333
0.129412
0.184314
0.215686
0.270588
0.207843
0.196078
0.200000
0.145098
0.054902
0.047059
0.047059
0.070588
0.137255
0.207843
0.196078
0.333333
0.337255
0.231373
0.317647
0.352941
0.447059
0.580392
0.505882
0.556863
0.290196
0.247059
0.356863
0.305882
0.392157
0.435294
0.454902
0.188235
0.227451
0.290196
0.262745
0.266667
0.211765
0.215686
0.149020
0.180392
0.137255
0.098039
0.062745
0.035294
0.203922
0.203922
0.145098
0.239216
0.231373
0.360784
0.556863
0.623529
0.623529
0.752941
0.501961
0.309804
0.235294
0.211765
0.278431
0.333333
0.325490
0.356863
0.384314
0.274510
0.298039
0.333333
0.278431
0.262745
0.282353
0.200000
0.101961
0.133333
0.156863
0.125490
0.074510
0.043137
0.219608
0.219608
0.180392
0.321569
0.384314
0.517647
0.745098
0.835294
0.815686
0.670588
0.274510
0.196078
0.262745
0.250980
0.219608
0.278431
0.349020
0.274510
0.227451
0.239216
0.227451
0.203922
0.274510
0.219608
0.266667
0.356863
0.258824
0.105882
0.113725
0.172549
0.117647
0.098039
0.219608
0.215686
0.239216
0.513725
0.709804
0.737255
0.847059
0.835294
0.670588
0.325490
0.164706
0.282353
0.309804
0.329412
0.337255
0.317647
0.270588
0.203922
0.243137
0.278431
0.254902
0.160784
0.168627
0.188235
0.250980
0.301961
0.321569
0.172549
0.109804
0.200000
0.145098
0.098039
0.227451
0.243137
0.196078
0.349020
0.666667
0.686275
0.694118
0.564706
0.313725
0.184314
0.196078
0.266667
0.278431
0.298039
0.345098
0.341176
0.258824
0.274510
0.325490
0.317647
0.317647
0.298039
0.243137
0.250980
0.250980
0.149020
0.188235
0.203922
0.125490
0.109804
0.200000
0.125490
0.231373
0.203922
0.156863
0.176471
0.298039
0.341176
0.376471
0.294118
0.188235
0.172549
0.125490
0.235294
0.309804
0.301961
0.282353
0.270588
0.258824
0.219608
0.250980
0.313725
0.231373
0.239216
0.247059
0.215686
0.227451
0.188235
0.188235
0.168627
0.133333
0.105882
0.156863
0.200000
0.250980
0.172549
0.258824
0.321569
0.239216
0.200000
0.133333
0.101961
0.192157
0.176471
0.094118
0.380392
0.533333
0.380392
0.290196
0.290196
0.266667
0.192157
0.266667
0.345098
0.329412
0.164706
0.141176
0.243137
0.152941
0.117647
0.109804
0.145098
0.184314
0.168627
0.125490
0.156863
0.262745
0.184314
0.250980
0.337255
0.301961
0.207843
0.223529
0.133333
0.235294
0.219608
0.145098
0.376471
0.513725
0.356863
0.227451
0.317647
0.403922
0.427451
0.478431
0.462745
0.450980
0.301961
0.215686
0.290196
0.282353
0.333333
0.231373
0.254902
0.290196
0.207843
0.215686
0.180392
0.262745
0.211765
0.207843
0.207843
0.215686
0.207843
0.309804
0.298039
0.317647
0.298039
0.247059
0.368627
0.470588
0.450980
0.392157
0.439216
0.486275
0.560784
0.556863
0.490196
0.470588
0.478431
0.454902
0.466667
0.505882
0.505882
0.243137
0.203922
0.168627
0.211765
0.239216
0.168627
0.325490
0.258824
0.227451
0.227451
0.203922
0.176471
0.301961
0.364706
0.380392
0.400000
0.403922
0.458824
0.509804
0.525490
0.541176
0.564706
0.525490
0.552941
0.541176
0.443137
0.486275
0.505882
0.545098
0.541176
0.329412
0.129412
0.113725
0.368627
0.423529
0.415686
0.200000
0.094118
0.239216
0.203922
0.211765
0.196078
0.156863
0.200000
0.200000
0.282353
0.360784
0.325490
0.286275
0.345098
0.509804
0.529412
0.517647
0.486275
0.501961
0.556863
0.482353
0.450980
0.698039
0.482353
0.400000
0.474510
0.290196
0.129412
0.337255
0.556863
0.443137
0.270588
0.141176
0.156863
0.239216
0.207843
0.258824
0.152941
0.211765
0.301961
0.223529
0.184314
0.231373
0.384314
0.384314
0.380392
0.501961
0.576471
0.560784
0.337255
0.435294
0.647059
0.509804
0.560784
0.745098
0.490196
0.482353
0.482353
0.345098
0.501961
0.607843
0.490196
0.333333
0.164706
0.203922
0.176471
0.168627
0.203922
0.298039
0.180392
0.235294
0.298039
0.247059
0.203922
0.239216
0.309804
0.376471
0.431373
0.345098
0.505882
0.596078
0.349020
0.509804
0.678431
0.537255
0.623529
0.647059
0.513725
0.513725
0.525490
0.541176
0.654902
0.537255
0.400000
0.207843
0.203922
0.200000
0.149020
0.172549
0.243137
0.290196
0.176471
0.247059
0.254902
0.176471
0.258824
0.270588
0.168627
0.239216
0.435294
0.337255
0.490196
0.662745
0.600000
0.682353
0.709804
0.666667
0.686275
0.611765
0.627451
0.592157
0.600000
0.650980
0.533333
0.396078
0.176471
0.188235
0.258824
0.203922
0.188235
0.231373
0.254902
0.207843
0.196078
0.250980
0.184314
0.203922
0.372549
0.345098
0.219608
0.345098
0.470588
0.411765
0.580392
0.745098
0.772549
0.756863
0.737255
0.733333
0.725490
0.678431
0.752941
0.756863
0.705882
0.505882
0.274510
0.274510
0.180392
0.200000
0.188235
0.164706
0.219608
0.152941
0.219608
0.180392
0.321569
0.270588
0.160784
0.309804
0.415686
0.333333
0.207843
0.301961
0.325490
0.380392
0.650980
0.803922
0.823529
0.792157
0.729412
0.690196
0.725490
0.698039
0.717647
0.874510
0.733333
0.325490
0.290196
0.384314
0.258824
0.137255
0.129412
0.188235
0.278431
0.145098
0.168627
0.192157
0.278431
0.298039
0.184314
0.352941
0.388235
0.290196
0.254902
0.223529
0.301961
0.384314
0.654902
0.839216
0.850980
0.725490
0.592157
0.525490
0.690196
0.682353
0.623529
0.854902
0.494118
0.227451
0.290196
0.396078
0.266667
0.168627
0.113725
0.168627
0.301961
0.172549
0.215686
0.203922
0.239216
0.333333
0.227451
0.360784
0.349020
0.333333
0.388235
0.341176
0.458824
0.498039
0.631373
0.745098
0.788235
0.701961
0.529412
0.478431
0.756863
0.686275
0.776471
0.607843
0.160784
0.200000
0.321569
0.337255
0.235294
0.203922
0.152941
0.145098
0.231373
0.168627
0.219608
0.231373
0.329412
0.392157
0.258824
0.380392
0.349020
0.372549
0.450980
0.380392
0.470588
0.435294
0.470588
0.619608
0.772549
0.788235
0.572549
0.623529
0.752941
0.737255
0.650980
0.258824
0.192157
0.176471
0.298039
0.250980
0.266667
0.180392
0.172549
0.180392
0.137255
0.239216
0.286275
0.305882
0.317647
0.309804
0.231373
0.380392
0.317647
0.349020
0.509804
0.443137
0.427451
0.423529
0.486275
0.709804
0.862745
0.796078
0.596078
0.694118
0.690196
0.717647
0.505882
0.290196
0.278431
0.247059
0.235294
0.172549
0.207843
0.160784
0.145098
0.211765
0.133333
0.325490
0.282353
0.258824
0.176471
0.266667
0.360784
0.356863
0.309804
0.286275
0.431373
0.427451
0.392157
0.533333
0.572549
0.741176
0.819608
0.792157
0.698039
0.745098
0.682353
0.513725
0.384314
0.356863
0.305882
0.294118
0.203922
0.231373
0.109804
0.125490
0.137255
0.176471
0.160784
0.380392
0.192157
0.141176
0.192157
0.247059
0.372549
0.345098
0.380392
0.447059
0.458824
0.450980
0.498039
0.600000
0.411765
0.564706
0.772549
0.796078
0.674510
0.737255
0.721569
0.450980
0.270588
0.372549
0.345098
0.235294
0.203922
0.211765
0.160784
0.133333
0.129412
0.129412
0.294118
0.360784
0.262745
0.239216
0.176471
0.129412
0.231373
0.458824
0.501961
0.458824
0.509804
0.509804
0.619608
0.564706
0.231373
0.305882
0.490196
0.560784
0.533333
0.666667
0.733333
0.517647
0.298039
0.537255
0.321569
0.152941
0.274510
0.196078
0.125490
0.129412
0.090196
0.121569
0.227451
0.431373
0.384314
0.274510
0.109804
0.098039
0.172549
0.360784
0.541176
0.525490
0.474510
0.494118
0.572549
0.403922
0.235294
0.250980
0.317647
0.305882
0.364706
0.627451
0.686275
0.560784
0.478431
0.533333
0.243137
0.215686
0.215686
0.156863
0.113725
0.094118
0.109804
0.137255
0.164706
0.423529
0.325490
0.294118
0.113725
0.094118
0.145098
0.235294
0.290196
0.474510
0.423529
0.384314
0.400000
0.262745
0.231373
0.243137
0.290196
0.415686
0.309804
0.541176
0.670588
0.584314
0.494118
0.505882
0.415686
0.321569
0.184314
0.149020
0.105882
0.094118
0.137255
0.168627
0.254902
0.403922
0.317647
0.247059
0.086275
0.172549
0.196078
0.282353
0.164706
0.262745
0.439216
0.396078
0.419608
0.478431
0.325490
0.211765
0.215686
0.388235
0.462745
0.470588
0.627451
0.627451
0.501961
0.470588
0.349020
0.262745
0.196078
0.149020
0.109804
0.094118
0.113725
0.156863
0.227451
0.513725
0.427451
0.345098
0.341176
0.435294
0.454902
0.439216
0.368627
0.388235
0.474510
0.537255
0.482353
0.603922
0.662745
0.549020
0.427451
0.490196
0.588235
0.552941
0.564706
0.623529
0.478431
0.223529
0.235294
0.270588
0.203922
0.145098
0.113725
0.149020
0.176471
0.180392
0.176471
0.482353
0.576471
0.560784
0.584314
0.643137
0.678431
0.588235
0.482353
0.494118
0.541176
0.627451
0.580392
0.529412
0.580392
0.709804
0.729412
0.654902
0.509804
0.576471
0.462745
0.317647
0.203922
0.152941
0.329412
0.341176
0.309804
0.258824
0.094118
0.160784
0.231373
0.215686
0.129412
