0.843137
0.839216
0.850980
0.858824
0.862745
0.854902
0.862745
0.866667
0.862745
0.866667
0.870588
0.874510
0.866667
0.874510
0.870588
0.862745
0.862745
0.854902
0.850980
0.850980
0.839216
0.831373
0.823529
0.819608
0.811765
0.796078
0.772549
0.764706
0.760784
0.752941
0.733333
0.721569
0.843137
0.847059
0.850980
0.858824
0.862745
0.858824
0.862745
0.866667
0.862745
0.866667
0.870588
0.874510
0.878431
0.811765
0.827451
0.870588
0.862745
0.854902
0.843137
0.839216
0.839216
0.831373
0.827451
0.815686
0.803922
0.745098
0.772549
0.772549
0.760784
0.752941
0.733333
0.721569
0.858824
0.850980
0.854902
0.866667
0.870588
0.870588
0.870588
0.870588
0.874510
0.874510
0.878431
0.882353
0.898039
0.713725
0.721569
0.866667
0.854902
0.850980
0.835294
0.815686
0.839216
0.835294
0.827451
0.815686
0.803922
0.639216
0.768627
0.780392
0.768627
0.756863
0.745098
0.733333
0.870588
0.862745
0.866667
0.874510
0.874510
0.874510
0.874510
0.878431
0.878431
0.882353
0.890196
0.886275
0.901961
0.729412
0.709804
0.874510
0.858824
0.866667
0.854902
0.827451
0.854902
0.850980
0.847059
0.835294
0.807843
0.658824
0.780392
0.784314
0.772549
0.760784
0.745098
0.733333
0.874510
0.870588
0.882353
0.882353
0.886275
0.886275
0.886275
0.890196
0.894118
0.898039
0.898039
0.898039
0.909804
0.756863
0.737255
0.894118
0.886275
0.886275
0.866667
0.858824
0.874510
0.870588
0.866667
0.850980
0.815686
0.713725
0.792157
0.800000
0.784314
0.772549
0.756863
0.745098
0.882353
0.874510
0.886275
0.890196
0.890196
0.898039
0.898039
0.898039
0.898039
0.901961
0.905882
0.905882
0.909804
0.776471
0.737255
0.894118
0.901961
0.898039
0.878431
0.866667
0.866667
0.866667
0.850980
0.819608
0.796078
0.729412
0.796078
0.807843
0.796078
0.784314
0.764706
0.752941
0.890196
0.882353
0.894118
0.901961
0.905882
0.909804
0.909804
0.909804
0.905882
0.905882
0.913725
0.909804
0.913725
0.796078
0.756863
0.898039
0.909804
0.909804
0.882353
0.886275
0.905882
0.847059
0.843137
0.752941
0.745098
0.768627
0.741176
0.815686
0.803922
0.792157
0.776471
0.764706
0.898039
0.894118
0.901961
0.909804
0.917647
0.917647
0.921569
0.921569
0.917647
0.917647
0.921569
0.921569
0.901961
0.807843
0.776471
0.905882
0.909804
0.913725
0.894118
0.776471
0.556863
0.772549
0.898039
0.847059
0.800000
0.796078
0.745098
0.819608
0.811765
0.800000
0.788235
0.772549
0.909804
0.901961
0.909804
0.913725
0.921569
0.925490
0.933333
0.933333
0.929412
0.925490
0.933333
0.890196
0.729412
0.819608
0.823529
0.756863
0.850980
0.925490
0.898039
0.674510
0.317647
0.772549
0.858824
0.835294
0.815686
0.807843
0.756863
0.796078
0.807843
0.803922
0.792157
0.776471
0.913725
0.909804
0.913725
0.921569
0.925490
0.933333
0.937255
0.941176
0.941176
0.937255
0.941176
0.882353
0.694118
0.819608
0.854902
0.717647
0.843137
0.925490
0.858824
0.709804
0.635294
0.862745
0.847059
0.839216
0.831373
0.815686
0.784314
0.772549
0.800000
0.803922
0.800000
0.792157
0.917647
0.913725
0.921569
0.925490
0.933333
0.933333
0.937255
0.945098
0.949020
0.945098
0.949020
0.882353
0.835294
0.854902
0.882353
0.827451
0.850980
0.913725
0.843137
0.552941
0.247059
0.619608
0.886275
0.870588
0.800000
0.760784
0.780392
0.764706
0.807843
0.803922
0.803922
0.800000
0.921569
0.921569
0.925490
0.933333
0.937255
0.937255
0.937255
0.949020
0.952941
0.949020
0.952941
0.839216
0.874510
0.866667
0.847059
0.870588
0.858824
0.905882
0.890196
0.513725
0.129412
0.568627
0.768627
0.721569
0.733333
0.674510
0.619608
0.741176
0.827451
0.823529
0.807843
0.796078
0.917647
0.913725
0.917647
0.921569
0.925490
0.929412
0.933333
0.941176
0.945098
0.945098
0.941176
0.807843
0.921569
0.921569
0.847059
0.886275
0.831373
0.858824
0.894118
0.521569
0.552941
0.925490
0.686275
0.643137
0.745098
0.674510
0.415686
0.607843
0.552941
0.725490
0.819608
0.796078
0.909804
0.901961
0.905882
0.905882
0.909804
0.913725
0.921569
0.925490
0.929412
0.941176
0.905882
0.807843
0.933333
0.898039
0.784314
0.768627
0.686275
0.701961
0.760784
0.482353
0.639216
0.831373
0.611765
0.600000
0.713725
0.623529
0.564706
0.615686
0.372549
0.592157
0.815686
0.792157
0.843137
0.847059
0.850980
0.854902
0.862745
0.874510
0.894118
0.898039
0.898039
0.921569
0.843137
0.811765
0.752941
0.729412
0.666667
0.611765
0.439216
0.549020
0.729412
0.674510
0.698039
0.709804
0.619608
0.737255
0.721569
0.650980
0.776471
0.623529
0.317647
0.513725
0.815686
0.792157
0.709804
0.709804
0.713725
0.717647
0.737255
0.760784
0.780392
0.780392
0.772549
0.792157
0.674510
0.694118
0.694118
0.694118
0.686275
0.615686
0.584314
0.607843
0.658824
0.658824
0.654902
0.549020
0.678431
0.756863
0.741176
0.835294
0.788235
0.345098
0.078431
0.501961
0.796078
0.756863
0.635294
0.631373
0.631373
0.623529
0.623529
0.635294
0.650980
0.643137
0.635294
0.635294
0.533333
0.580392
0.658824
0.705882
0.803922
0.776471
0.815686
0.733333
0.717647
0.713725
0.713725
0.729412
0.639216
0.784314
0.858824
0.705882
0.352941
0.090196
0.070588
0.403922
0.603922
0.596078
0.623529
0.615686
0.615686
0.611765
0.607843
0.607843
0.619608
0.619608
0.623529
0.588235
0.521569
0.596078
0.623529
0.580392
0.701961
0.713725
0.800000
0.741176
0.721569
0.764706
0.780392
0.796078
0.666667
0.768627
0.729412
0.376471
0.239216
0.070588
0.121569
0.392157
0.509804
0.517647
0.627451
0.619608
0.623529
0.623529
0.678431
0.701961
0.662745
0.678431
0.678431
0.619608
0.600000
0.639216
0.701961
0.627451
0.619608
0.796078
0.835294
0.733333
0.694118
0.545098
0.682353
0.603922
0.584314
0.674510
0.352941
0.368627
0.188235
0.125490
0.349020
0.505882
0.541176
0.545098
0.631373
0.627451
0.627451
0.603922
0.749020
0.745098
0.552941
0.639216
0.623529
0.603922
0.650980
0.686275
0.713725
0.592157
0.647059
0.788235
0.713725
0.721569
0.541176
0.525490
0.576471
0.494118
0.372549
0.368627
0.388235
0.203922
0.164706
0.360784
0.509804
0.552941
0.556863
0.568627
0.650980
0.650980
0.658824
0.627451
0.694118
0.596078
0.376471
0.529412
0.603922
0.600000
0.662745
0.752941
0.701961
0.541176
0.541176
0.552941
0.568627
0.780392
0.533333
0.607843
0.454902
0.305882
0.164706
0.313725
0.203922
0.188235
0.439216
0.541176
0.584314
0.588235
0.572549
0.576471
0.662745
0.666667
0.670588
0.666667
0.682353
0.650980
0.447059
0.627451
0.701961
0.650980
0.768627
0.768627
0.678431
0.662745
0.639216
0.603922
0.545098
0.788235
0.580392
0.301961
0.200000
0.188235
0.219608
0.243137
0.396078
0.596078
0.686275
0.717647
0.721569
0.709804
0.694118
0.690196
0.737255
0.666667
0.490196
0.486275
0.631373
0.623529
0.498039
0.756863
0.694118
0.603922
0.529412
0.482353
0.658824
0.874510
0.756863
0.584314
0.505882
0.533333
0.239216
0.180392
0.215686
0.211765
0.262745
0.560784
0.807843
0.858824
0.894118
0.898039
0.882353
0.878431
0.874510
0.866667
0.882353
0.701961
0.490196
0.419608
0.537255
0.501961
0.415686
0.639216
0.647059
0.494118
0.282353
0.223529
0.505882
0.819608
0.827451
0.525490
0.270588
0.235294
0.207843
0.203922
0.207843
0.313725
0.635294
0.850980
0.862745
0.890196
0.917647
0.913725
0.905882
0.905882
0.909804
0.905882
0.862745
0.533333
0.458824
0.490196
0.529412
0.517647
0.525490
0.611765
0.654902
0.647059
0.654902
0.615686
0.635294
0.580392
0.501961
0.298039
0.156863
0.160784
0.203922
0.215686
0.333333
0.670588
0.890196
0.894118
0.894118
0.898039
0.901961
0.905882
0.901961
0.898039
0.886275
0.878431
0.850980
0.352941
0.125490
0.282353
0.333333
0.329412
0.313725
0.286275
0.282353
0.352941
0.400000
0.411765
0.356863
0.196078
0.117647
0.137255
0.172549
0.168627
0.188235
0.360784
0.701961
0.882353
0.890196
0.890196
0.894118
0.894118
0.901961
0.905882
0.894118
0.882353
0.870588
0.854902
0.854902
0.517647
0.058824
0.180392
0.235294
0.211765
0.149020
0.023529
0.043137
0.047059
0.058824
0.086275
0.094118
0.105882
0.117647
0.137255
0.137255
0.152941
0.352941
0.709804
0.862745
0.854902
0.854902
0.847059
0.843137
0.854902
0.862745
0.862745
0.858824
0.858824
0.854902
0.847059
0.717647
0.623529
0.207843
0.054902
0.090196
0.098039
0.070588
0.019608
0.031373
0.035294
0.050980
0.066667
0.086275
0.094118
0.094118
0.098039
0.086275
0.262745
0.643137
0.756863
0.717647
0.721569
0.733333
0.721569
0.721569
0.733333
0.752941
0.772549
0.784314
0.788235
0.796078
0.803922
0.596078
0.592157
0.466667
0.176471
0.027451
0.007843
0.023529
0.011765
0.015686
0.027451
0.035294
0.047059
0.039216
0.023529
0.039216
0.090196
0.227451
0.490196
0.639216
0.654902
0.670588
0.686275
0.694118
0.694118
0.686275
0.694118
0.705882
0.717647
0.737255
0.745098
0.749020
0.749020
0.588235
0.513725
0.372549
0.270588
0.133333
0.011765
0.007843
0.011765
0.011765
0.015686
0.015686
0.019608
0.043137
0.094118
0.192157
0.337255
0.513725
0.631373
0.654902
0.674510
0.694118
0.701961
0.701961
0.698039
0.690196
0.694118
0.690196
0.686275
0.698039
0.705882
0.705882
0.698039
0.560784
0.435294
0.274510
0.200000
0.188235
0.074510
0.000000
0.023529
0.086275
0.192157
0.231373
0.250980
0.294118
0.364706
0.431373
0.533333
0.639216
0.674510
0.690196
0.694118
0.705882
0.709804
0.705882
0.701961
0.705882
0.701961
0.694118
0.686275
0.678431
0.678431
0.674510
0.666667
0.635294
0.533333
0.396078
0.317647
0.282353
0.207843
0.200000
0.294118
0.392157
0.458824
0.462745
0.458824
0.470588
0.521569
0.596078
0.662745
0.698039
0.713725
0.709804
0.713725
0.717647
0.717647
0.709804
0.717647
0.721569
0.717647
0.709804
0.694118
0.686275
0.686275
0.690196
0.686275
0.847059
0.843137
0.854902
0.862745
0.866667
0.858824
0.866667
0.870588
0.866667
0.870588
0.874510
0.878431
0.874510
0.882353
0.878431
0.870588
0.862745
0.858824
0.854902
0.850980
0.843137
0.835294
0.827451
0.823529
0.815686
0.800000
0.776471
0.768627
0.764706
0.756863
0.737255
0.721569
0.850980
0.854902
0.858824
0.862745
0.870588
0.866667
0.866667
0.874510
0.870588
0.874510
0.874510
0.882353
0.886275
0.819608
0.835294
0.874510
0.866667
0.858824
0.847059
0.843137
0.843137
0.835294
0.831373
0.819608
0.807843
0.749020
0.776471
0.776471
0.764706
0.756863
0.737255
0.725490
0.866667
0.858824
0.862745
0.874510
0.878431
0.878431
0.878431
0.878431
0.882353
0.882353
0.886275
0.890196
0.905882
0.721569
0.729412
0.874510
0.858824
0.854902
0.839216
0.819608
0.843137
0.839216
0.831373
0.819608
0.807843
0.643137
0.772549
0.784314
0.772549
0.760784
0.749020
0.733333
0.878431
0.870588
0.874510
0.882353
0.882353
0.882353
0.882353
0.886275
0.886275
0.890196
0.898039
0.894118
0.909804
0.737255
0.717647
0.882353
0.866667
0.874510
0.862745
0.831373
0.854902
0.854902
0.850980
0.839216
0.811765
0.662745
0.788235
0.788235
0.776471
0.764706
0.749020
0.737255
0.882353
0.878431
0.890196
0.890196
0.894118
0.894118
0.894118
0.898039
0.901961
0.905882
0.905882
0.905882
0.917647
0.760784
0.741176
0.898039
0.894118
0.894118
0.874510
0.858824
0.874510
0.862745
0.850980
0.839216
0.823529
0.725490
0.803922
0.807843
0.788235
0.776471
0.760784
0.745098
0.890196
0.882353
0.894118
0.894118
0.898039
0.905882
0.905882
0.905882
0.909804
0.909804
0.913725
0.913725
0.917647
0.784314
0.741176
0.901961
0.909804
0.905882
0.886275
0.874510
0.870588
0.866667
0.850980
0.819608
0.803922
0.737255
0.807843
0.823529
0.803922
0.788235
0.772549
0.756863
0.898039
0.894118
0.901961
0.909804
0.913725
0.917647
0.917647
0.921569
0.917647
0.917647
0.925490
0.921569
0.925490
0.807843
0.764706
0.905882
0.921569
0.917647
0.890196
0.890196
0.909804
0.862745
0.862745
0.772549
0.752941
0.776471
0.749020
0.823529
0.815686
0.800000
0.784314
0.768627
0.909804
0.905882
0.913725
0.921569
0.929412
0.929412
0.933333
0.933333
0.929412
0.929412
0.933333
0.933333
0.913725
0.815686
0.784314
0.913725
0.917647
0.921569
0.901961
0.768627
0.533333
0.768627
0.909804
0.862745
0.803922
0.803922
0.752941
0.827451
0.823529
0.807843
0.796078
0.780392
0.921569
0.913725
0.921569
0.925490
0.933333
0.937255
0.945098
0.945098
0.945098
0.941176
0.945098
0.901961
0.737255
0.823529
0.827451
0.764706
0.858824
0.933333
0.905882
0.647059
0.247059
0.733333
0.843137
0.835294
0.827451
0.819608
0.768627
0.807843
0.819608
0.815686
0.803922
0.784314
0.925490
0.921569
0.925490
0.933333
0.937255
0.945098
0.949020
0.952941
0.956863
0.952941
0.956863
0.890196
0.701961
0.823529
0.858824
0.725490
0.858824
0.941176
0.874510
0.686275
0.552941
0.811765
0.831373
0.843137
0.835294
0.823529
0.796078
0.788235
0.823529
0.819608
0.807843
0.788235
0.929412
0.925490
0.933333
0.937255
0.945098
0.945098
0.949020
0.960784
0.964706
0.960784
0.964706
0.890196
0.847059
0.862745
0.882353
0.839216
0.870588
0.929412
0.854902
0.533333
0.184314
0.576471
0.874510
0.874510
0.792157
0.756863
0.780392
0.772549
0.831373
0.823529
0.803922
0.792157
0.937255
0.933333
0.941176
0.949020
0.952941
0.952941
0.952941
0.964706
0.968627
0.964706
0.968627
0.850980
0.894118
0.878431
0.854902
0.886275
0.870588
0.909804
0.890196
0.490196
0.090196
0.533333
0.745098
0.701961
0.717647
0.662745
0.607843
0.729412
0.827451
0.827451
0.807843
0.792157
0.933333
0.929412
0.933333
0.937255
0.941176
0.945098
0.949020
0.956863
0.960784
0.964706
0.956863
0.819608
0.941176
0.937255
0.850980
0.890196
0.827451
0.847059
0.874510
0.501961
0.533333
0.898039
0.643137
0.596078
0.713725
0.647059
0.388235
0.580392
0.521569
0.709804
0.815686
0.792157
0.925490
0.917647
0.921569
0.921569
0.925490
0.929412
0.937255
0.941176
0.949020
0.960784
0.925490
0.823529
0.956863
0.909804
0.784314
0.768627
0.674510
0.682353
0.733333
0.470588
0.643137
0.811765
0.556863
0.537255
0.678431
0.584314
0.525490
0.572549
0.317647
0.560784
0.807843
0.792157
0.874510
0.878431
0.882353
0.882353
0.890196
0.898039
0.913725
0.925490
0.925490
0.937255
0.854902
0.803922
0.709804
0.682353
0.635294
0.568627
0.388235
0.501961
0.686275
0.639216
0.647059
0.627451
0.513725
0.615686
0.576471
0.556863
0.713725
0.556863
0.254902
0.482353
0.811765
0.796078
0.764706
0.764706
0.764706
0.768627
0.784314
0.796078
0.815686
0.831373
0.831373
0.831373
0.698039
0.709804
0.650980
0.643137
0.670588
0.560784
0.513725
0.549020
0.615686
0.607843
0.560784
0.423529
0.560784
0.627451
0.564706
0.760784
0.756863
0.301961
0.039216
0.494118
0.807843
0.776471
0.705882
0.698039
0.698039
0.698039
0.698039
0.698039
0.698039
0.713725
0.721569
0.713725
0.600000
0.670588
0.705882
0.725490
0.831373
0.760784
0.780392
0.705882
0.698039
0.694118
0.682353
0.670588
0.588235
0.752941
0.823529
0.729412
0.396078
0.113725
0.086275
0.427451
0.635294
0.627451
0.705882
0.698039
0.698039
0.698039
0.690196
0.674510
0.678431
0.678431
0.694118
0.662745
0.600000
0.682353
0.647059
0.568627
0.686275
0.682353
0.792157
0.729412
0.709804
0.752941
0.772549
0.772549
0.658824
0.784314
0.741176
0.403922
0.274510
0.098039
0.168627
0.443137
0.552941
0.552941
0.698039
0.690196
0.690196
0.682353
0.721569
0.745098
0.701961
0.690196
0.682353
0.635294
0.631373
0.690196
0.694118
0.588235
0.580392
0.756863
0.827451
0.713725
0.658824
0.509804
0.650980
0.560784
0.564706
0.690196
0.384314
0.396078
0.219608
0.168627
0.415686
0.560784
0.580392
0.572549
0.690196
0.686275
0.686275
0.647059
0.764706
0.717647
0.482353
0.541176
0.529412
0.533333
0.600000
0.678431
0.698039
0.568627
0.631373
0.733333
0.658824
0.694118
0.498039
0.478431
0.525490
0.447059
0.352941
0.392157
0.443137
0.254902
0.231373
0.439216
0.572549
0.600000
0.592157
0.596078
0.713725
0.709804
0.717647
0.682353
0.701961
0.513725
0.200000
0.341176
0.450980
0.482353
0.576471
0.698039
0.662745
0.501961
0.525490
0.501961
0.505882
0.741176
0.431373
0.525490
0.419608
0.294118
0.184314
0.356863
0.258824
0.247059
0.509804
0.615686
0.635294
0.627451
0.615686
0.619608
0.713725
0.717647
0.721569
0.678431
0.654902
0.580392
0.333333
0.505882
0.600000
0.576471
0.725490
0.698039
0.525490
0.470588
0.505882
0.560784
0.537255
0.670588
0.368627
0.172549
0.176471
0.184314
0.239216
0.286275
0.435294
0.635294
0.725490
0.760784
0.760784
0.749020
0.733333
0.729412
0.776471
0.701961
0.521569
0.462745
0.580392
0.572549
0.443137
0.694118
0.639216
0.568627
0.517647
0.458824
0.568627
0.752941
0.694118
0.549020
0.435294
0.384314
0.074510
0.133333
0.211765
0.215686
0.286275
0.588235
0.835294
0.878431
0.905882
0.909804
0.905882
0.901961
0.894118
0.886275
0.882353
0.694118
0.474510
0.380392
0.486275
0.458824
0.380392
0.600000
0.603922
0.466667
0.266667
0.192157
0.462745
0.784314
0.796078
0.439216
0.164706
0.180392
0.172549
0.231373
0.219608
0.333333
0.658824
0.878431
0.894118
0.905882
0.917647
0.909804
0.905882
0.905882
0.905882
0.901961
0.839216
0.505882
0.427451
0.454902
0.494118
0.478431
0.486275
0.568627
0.607843
0.607843
0.623529
0.568627
0.611765
0.607843
0.513725
0.243137
0.125490
0.188235
0.211765
0.227451
0.349020
0.690196
0.909804
0.917647
0.925490
0.909804
0.898039
0.894118
0.886275
0.882353
0.874510
0.862745
0.839216
0.349020
0.137255
0.290196
0.341176
0.333333
0.313725
0.254902
0.235294
0.313725
0.368627
0.392157
0.356863
0.223529
0.164706
0.172549
0.192157
0.184314
0.196078
0.372549
0.721569
0.901961
0.901961
0.901961
0.909804
0.901961
0.894118
0.894118
0.890196
0.878431
0.866667
0.850980
0.854902
0.501961
0.054902
0.207843
0.270588
0.258824
0.200000
0.031373
0.027451
0.043137
0.062745
0.101961
0.113725
0.125490
0.145098
0.164706
0.168627
0.180392
0.388235
0.745098
0.886275
0.874510
0.870588
0.862745
0.862745
0.866667
0.866667
0.858824
0.850980
0.850980
0.847059
0.843137
0.713725
0.596078
0.192157
0.054902
0.098039
0.113725
0.094118
0.035294
0.047059
0.062745
0.086275
0.109804
0.129412
0.129412
0.117647
0.129412
0.133333
0.309804
0.682353
0.792157
0.741176
0.745098
0.752941
0.741176
0.741176
0.745098
0.756863
0.764706
0.776471
0.784314
0.792157
0.800000
0.596078
0.592157
0.490196
0.203922
0.039216
0.007843
0.011765
0.015686
0.031373
0.050980
0.074510
0.082353
0.066667
0.062745
0.086275
0.145098
0.286275
0.541176
0.674510
0.678431
0.690196
0.709804
0.717647
0.717647
0.713725
0.713725
0.713725
0.717647
0.729412
0.741176
0.745098
0.749020
0.603922
0.545098
0.454902
0.384314
0.227451
0.043137
0.011765
0.007843
0.019608
0.035294
0.043137
0.050980
0.074510
0.145098
0.270588
0.415686
0.572549
0.690196
0.701961
0.713725
0.729412
0.737255
0.737255
0.733333
0.725490
0.721569
0.709804
0.698039
0.698039
0.701961
0.701961
0.694118
0.572549
0.474510
0.372549
0.352941
0.317647
0.137255
0.003922
0.027451
0.105882
0.231373
0.282353
0.333333
0.400000
0.462745
0.533333
0.611765
0.686275
0.721569
0.733333
0.733333
0.729412
0.733333
0.729412
0.721569
0.709804
0.705882
0.698039
0.690196
0.682353
0.678431
0.666667
0.654902
0.619608
0.541176
0.458824
0.427451
0.384314
0.282353
0.243137
0.337255
0.450980
0.525490
0.537255
0.545098
0.560784
0.600000
0.662745
0.717647
0.737255
0.749020
0.745098
0.741176
0.733333
0.729412
0.725490
0.725490
0.709804
0.705882
0.701961
0.690196
0.686275
0.678431
0.674510
0.662745
0.768627
0.764706
0.776471
0.796078
0.803922
0.796078
0.800000
0.807843
0.803922
0.807843
0.811765
0.807843
0.792157
0.800000
0.796078
0.800000
0.811765
0.803922
0.803922
0.800000
0.788235
0.780392
0.772549
0.768627
0.760784
0.745098
0.721569
0.713725
0.709804
0.698039
0.682353
0.666667
0.764706
0.768627
0.776471
0.788235
0.796078
0.792157
0.796078
0.800000
0.796078
0.800000
0.803922
0.803922
0.803922
0.737255
0.752941
0.800000
0.803922
0.792157
0.784314
0.784314
0.788235
0.780392
0.776471
0.764706
0.752941
0.694118
0.721569
0.721569
0.709804
0.701961
0.682353
0.670588
0.772549
0.768627
0.772549
0.788235
0.792157
0.792157
0.792157
0.796078
0.796078
0.800000
0.800000
0.803922
0.823529
0.639216
0.647059
0.796078
0.788235
0.784314
0.768627
0.752941
0.788235
0.784314
0.776471
0.764706
0.752941
0.588235
0.717647
0.729412
0.717647
0.705882
0.694118
0.678431
0.776471
0.768627
0.772549
0.792157
0.796078
0.796078
0.796078
0.796078
0.800000
0.803922
0.807843
0.811765
0.831373
0.654902
0.639216
0.803922
0.784314
0.792157
0.780392
0.760784
0.800000
0.800000
0.796078
0.784314
0.756863
0.607843
0.729412
0.733333
0.721569
0.709804
0.694118
0.682353
0.792157
0.792157
0.800000
0.803922
0.807843
0.807843
0.807843
0.803922
0.807843
0.811765
0.811765
0.815686
0.835294
0.686275
0.678431
0.823529
0.800000
0.807843
0.796078
0.788235
0.811765
0.811765
0.800000
0.780392
0.756863
0.650980
0.721569
0.725490
0.721569
0.709804
0.694118
0.682353
0.803922
0.796078
0.807843
0.811765
0.811765
0.819608
0.819608
0.815686
0.807843
0.811765
0.815686
0.815686
0.819608
0.698039
0.666667
0.819608
0.811765
0.815686
0.807843
0.800000
0.792157
0.792157
0.776471
0.749020
0.749020
0.674510
0.729412
0.737255
0.725490
0.713725
0.694118
0.682353
0.803922
0.796078
0.807843
0.815686
0.819608
0.823529
0.823529
0.819608
0.807843
0.811765
0.815686
0.807843
0.807843
0.701961
0.670588
0.811765
0.819608
0.827451
0.811765
0.815686
0.827451
0.760784
0.764706
0.701961
0.717647
0.733333
0.694118
0.756863
0.729412
0.717647
0.698039
0.686275
0.800000
0.796078
0.803922
0.811765
0.819608
0.819608
0.823529
0.819608
0.811765
0.811765
0.815686
0.815686
0.800000
0.713725
0.694118
0.819608
0.819608
0.831373
0.823529
0.709804
0.482353
0.674510
0.819608
0.807843
0.768627
0.756863
0.694118
0.756863
0.733333
0.717647
0.701961
0.690196
0.807843
0.800000
0.807843
0.811765
0.819608
0.823529
0.831373
0.823529
0.819608
0.815686
0.823529
0.792157
0.647059
0.745098
0.760784
0.682353
0.760784
0.847059
0.823529
0.607843
0.243137
0.670588
0.788235
0.811765
0.768627
0.749020
0.686275
0.717647
0.717647
0.709804
0.698039
0.682353
0.811765
0.807843
0.811765
0.815686
0.823529
0.831373
0.835294
0.831373
0.827451
0.823529
0.827451
0.796078
0.611765
0.749020
0.803922
0.647059
0.764706
0.839216
0.796078
0.662745
0.572549
0.800000
0.815686
0.835294
0.784314
0.752941
0.705882
0.674510
0.705882
0.709804
0.698039
0.678431
0.807843
0.807843
0.811765
0.819608
0.823529
0.827451
0.831373
0.831373
0.831373
0.827451
0.831373
0.784314
0.729412
0.764706
0.819608
0.741176
0.768627
0.831373
0.800000
0.529412
0.203922
0.592157
0.878431
0.870588
0.776471
0.717647
0.713725
0.682353
0.725490
0.713725
0.690196
0.674510
0.807843
0.807843
0.815686
0.819608
0.827451
0.823529
0.827451
0.831373
0.831373
0.827451
0.831373
0.725490
0.741176
0.756863
0.776471
0.768627
0.756863
0.839216
0.878431
0.513725
0.101961
0.545098
0.752941
0.709804
0.729412
0.658824
0.584314
0.694118
0.760784
0.725490
0.690196
0.678431
0.792157
0.792157
0.792157
0.800000
0.803922
0.803922
0.807843
0.811765
0.811765
0.815686
0.807843
0.682353
0.780392
0.815686
0.784314
0.788235
0.737255
0.815686
0.894118
0.529412
0.541176
0.909804
0.658824
0.615686
0.737255
0.662745
0.400000
0.584314
0.498039
0.619608
0.690196
0.678431
0.772549
0.768627
0.772549
0.772549
0.776471
0.780392
0.788235
0.784314
0.788235
0.800000
0.764706
0.682353
0.803922
0.811765
0.749020
0.701961
0.623529
0.686275
0.756863
0.478431
0.639216
0.819608
0.576471
0.560784
0.694118
0.600000
0.541176
0.596078
0.329412
0.482353
0.678431
0.686275
0.772549
0.776471
0.780392
0.776471
0.768627
0.768627
0.768627
0.776471
0.780392
0.796078
0.713725
0.686275
0.588235
0.611765
0.631373
0.549020
0.376471
0.521569
0.717647
0.658824
0.670588
0.643137
0.525490
0.588235
0.470588
0.494118
0.705882
0.588235
0.262745
0.384314
0.654902
0.662745
0.788235
0.788235
0.792157
0.784314
0.780392
0.780392
0.780392
0.788235
0.788235
0.796078
0.666667
0.678431
0.588235
0.600000
0.670588
0.560784
0.517647
0.564706
0.643137
0.647059
0.603922
0.443137
0.549020
0.549020
0.411765
0.674510
0.756863
0.352941
0.050980
0.407843
0.678431
0.670588
0.815686
0.807843
0.807843
0.800000
0.800000
0.807843
0.815686
0.811765
0.807843
0.800000
0.694118
0.749020
0.721569
0.717647
0.823529
0.741176
0.784314
0.713725
0.709804
0.713725
0.701961
0.670588
0.556863
0.694118
0.780392
0.721569
0.423529
0.156863
0.125490
0.427451
0.627451
0.650980
0.803922
0.796078
0.796078
0.788235
0.780392
0.780392
0.788235
0.784314
0.788235
0.760784
0.694118
0.792157
0.713725
0.596078
0.701961
0.678431
0.800000
0.733333
0.709804
0.756863
0.780392
0.768627
0.631373
0.745098
0.729412
0.427451
0.305882
0.129412
0.243137
0.517647
0.643137
0.666667
0.788235
0.776471
0.780392
0.760784
0.792157
0.800000
0.749020
0.756863
0.764706
0.709804
0.701961
0.760784
0.717647
0.600000
0.611765
0.772549
0.847059
0.725490
0.658824
0.509804
0.662745
0.564706
0.552941
0.666667
0.368627
0.439216
0.294118
0.247059
0.521569
0.682353
0.705882
0.694118
0.792157
0.788235
0.792157
0.733333
0.811765
0.741176
0.509804
0.584314
0.580392
0.588235
0.662745
0.713725
0.686275
0.564706
0.650980
0.745098
0.666667
0.690196
0.494118
0.478431
0.549020
0.474510
0.356863
0.372549
0.458824
0.345098
0.364706
0.572549
0.694118
0.721569
0.713725
0.705882
0.827451
0.823529
0.831373
0.749020
0.709804
0.498039
0.211765
0.345098
0.439216
0.490196
0.596078
0.701961
0.627451
0.450980
0.474510
0.470588
0.478431
0.717647
0.439216
0.537255
0.447059
0.329412
0.176471
0.313725
0.270588
0.321569
0.615686
0.717647
0.713725
0.705882
0.694118
0.698039
0.831373
0.831373
0.827451
0.741176
0.670588
0.572549
0.329412
0.498039
0.584314
0.572549
0.729412
0.686275
0.450980
0.352941
0.423529
0.533333
0.521569
0.682353
0.400000
0.184314
0.184314
0.176471
0.192157
0.196078
0.341176
0.592157
0.713725
0.745098
0.737255
0.725490
0.713725
0.709804
0.788235
0.725490
0.552941
0.494118
0.603922
0.580392
0.427451
0.678431
0.627451
0.560784
0.509804
0.447059
0.509804
0.658824
0.647059
0.560784
0.462745
0.415686
0.094118
0.117647
0.192157
0.156863
0.188235
0.454902
0.662745
0.749020
0.796078
0.792157
0.796078
0.796078
0.788235
0.784314
0.796078
0.658824
0.474510
0.384314
0.505882
0.478431
0.360784
0.588235
0.607843
0.462745
0.258824
0.180392
0.458824
0.803922
0.839216
0.490196
0.188235
0.184314
0.172549
0.211765
0.184314
0.227451
0.509804
0.713725
0.717647
0.768627
0.792157
0.768627
0.772549
0.776471
0.776471
0.772549
0.721569
0.474510
0.478431
0.494118
0.525490
0.513725
0.490196
0.576471
0.631373
0.627451
0.639216
0.572549
0.639216
0.674510
0.576471
0.270588
0.121569
0.192157
0.239216
0.227451
0.270588
0.556863
0.752941
0.764706
0.780392
0.792157
0.780392
0.764706
0.760784
0.752941
0.741176
0.725490
0.690196
0.274510
0.184314
0.368627
0.396078
0.376471
0.337255
0.286275
0.278431
0.364706
0.427451
0.450980
0.415686
0.278431
0.211765
0.203922
0.219608
0.215686
0.192157
0.286275
0.556863
0.749020
0.776471
0.792157
0.796078
0.784314
0.768627
0.764706
0.772549
0.756863
0.733333
0.709804
0.713725
0.415686
0.054902
0.250980
0.317647
0.298039
0.235294
0.066667
0.070588
0.090196
0.117647
0.160784
0.172549
0.184314
0.200000
0.231373
0.223529
0.172549
0.274510
0.576471
0.756863
0.768627
0.784314
0.788235
0.784314
0.780392
0.772549
0.764706
0.776471
0.768627
0.752941
0.737255
0.698039
0.603922
0.235294
0.121569
0.164706
0.172549
0.145098
0.078431
0.090196
0.109804
0.141176
0.168627
0.192157
0.192157
0.188235
0.200000
0.188235
0.325490
0.658824
0.764706
0.760784
0.772549
0.788235
0.788235
0.784314
0.780392
0.784314
0.784314
0.760784
0.752941
0.752941
0.752941
0.686275
0.698039
0.603922
0.313725
0.129412
0.070588
0.054902
0.054902
0.082353
0.105882
0.133333
0.149020
0.141176
0.133333
0.149020
0.227451
0.380392
0.627451
0.788235
0.807843
0.807843
0.819608
0.827451
0.827451
0.827451
0.819608
0.815686
0.800000
0.772549
0.764706
0.756863
0.749020
0.705882
0.674510
0.580392
0.513725
0.341176
0.098039
0.023529
0.043137
0.078431
0.101961
0.117647
0.141176
0.172549
0.231373
0.349020
0.529412
0.717647
0.796078
0.807843
0.827451
0.831373
0.831373
0.827451
0.819608
0.819608
0.807843
0.788235
0.768627
0.764706
0.760784
0.749020
0.733333
0.694118
0.615686
0.517647
0.513725
0.494118
0.215686
0.023529
0.086275
0.188235
0.321569
0.380392
0.458824
0.541176
0.600000
0.654902
0.729412
0.800000
0.827451
0.835294
0.835294
0.831373
0.835294
0.827451
0.819608
0.819608
0.807843
0.788235
0.768627
0.756863
0.741176
0.721569
0.701961
0.733333
0.666667
0.584314
0.572549
0.560784
0.376471
0.305882
0.439216
0.560784
0.643137
0.662745
0.678431
0.698039
0.733333
0.788235
0.827451
0.843137
0.854902
0.854902
0.850980
0.839216
0.835294
0.835294
0.835294
0.827451
0.811765
0.792157
0.772549
0.752941
0.737255
0.729412
0.709804
