0.121569
0.117647
0.133333
0.133333
0.129412
0.145098
0.172549
0.145098
0.141176
0.152941
0.160784
0.152941
0.160784
0.180392
0.184314
0.149020
0.149020
0.168627
0.164706
0.156863
0.160784
0.184314
0.164706
0.176471
0.168627
0.156863
0.156863
0.160784
0.160784
0.149020
0.125490
0.129412
0.156863
0.137255
0.145098
0.145098
0.149020
0.172549
0.196078
0.180392
0.172549
0.172549
0.184314
0.176471
0.184314
0.196078
0.200000
0.176471
0.164706
0.176471
0.164706
0.156863
0.168627
0.180392
0.156863
0.168627
0.156863
0.133333
0.137255
0.137255
0.137255
0.125490
0.105882
0.109804
0.164706
0.172549
0.180392
0.192157
0.184314
0.192157
0.196078
0.176471
0.152941
0.145098
0.152941
0.145098
0.149020
0.152941
0.160784
0.133333
0.133333
0.137255
0.129412
0.125490
0.141176
0.141176
0.121569
0.152941
0.133333
0.101961
0.105882
0.113725
0.109804
0.109804
0.094118
0.101961
0.145098
0.160784
0.172549
0.176471
0.160784
0.172549
0.184314
0.160784
0.149020
0.152941
0.152941
0.152941
0.152941
0.160784
0.168627
0.164706
0.168627
0.164706
0.160784
0.156863
0.160784
0.160784
0.149020
0.168627
0.156863
0.133333
0.133333
0.137255
0.129412
0.129412
0.117647
0.117647
0.176471
0.164706
0.176471
0.192157
0.203922
0.223529
0.227451
0.188235
0.172549
0.176471
0.180392
0.176471
0.156863
0.180392
0.196078
0.168627
0.164706
0.160784
0.149020
0.145098
0.149020
0.160784
0.156863
0.184314
0.168627
0.149020
0.152941
0.156863
0.152941
0.141176
0.137255
0.137255
0.152941
0.133333
0.121569
0.137255
0.125490
0.145098
0.219608
0.192157
0.156863
0.133333
0.125490
0.109804
0.098039
0.141176
0.184314
0.141176
0.137255
0.125490
0.105882
0.141176
0.113725
0.094118
0.121569
0.196078
0.168627
0.129412
0.117647
0.113725
0.105882
0.101961
0.109804
0.113725
0.215686
0.113725
0.098039
0.113725
0.172549
0.203922
0.219608
0.188235
0.180392
0.180392
0.223529
0.215686
0.215686
0.168627
0.149020
0.149020
0.133333
0.117647
0.133333
0.129412
0.066667
0.066667
0.113725
0.188235
0.184314
0.145098
0.117647
0.121569
0.117647
0.105882
0.098039
0.090196
0.368627
0.274510
0.301961
0.282353
0.270588
0.278431
0.290196
0.282353
0.301961
0.301961
0.325490
0.309804
0.298039
0.290196
0.274510
0.235294
0.192157
0.133333
0.149020
0.078431
0.258824
0.278431
0.101961
0.188235
0.160784
0.125490
0.101961
0.125490
0.168627
0.176471
0.066667
0.058824
0.400000
0.478431
0.537255
0.384314
0.258824
0.227451
0.372549
0.388235
0.345098
0.349020
0.321569
0.247059
0.223529
0.247059
0.274510
0.219608
0.192157
0.164706
0.152941
0.086275
0.278431
0.282353
0.098039
0.176471
0.180392
0.196078
0.188235
0.192157
0.184314
0.196078
0.109804
0.094118
0.607843
0.615686
0.490196
0.290196
0.415686
0.396078
0.380392
0.439216
0.349020
0.521569
0.325490
0.164706
0.149020
0.145098
0.129412
0.129412
0.098039
0.105882
0.168627
0.141176
0.070588
0.141176
0.113725
0.164706
0.215686
0.337255
0.396078
0.392157
0.337255
0.196078
0.113725
0.109804
0.796078
0.705882
0.572549
0.513725
0.513725
0.325490
0.372549
0.400000
0.235294
0.478431
0.266667
0.133333
0.133333
0.101961
0.090196
0.113725
0.090196
0.109804
0.156863
0.113725
0.039216
0.160784
0.262745
0.372549
0.380392
0.360784
0.372549
0.337255
0.337255
0.196078
0.125490
0.125490
0.552941
0.380392
0.552941
0.592157
0.541176
0.345098
0.309804
0.258824
0.109804
0.392157
0.235294
0.086275
0.090196
0.086275
0.129412
0.117647
0.082353
0.098039
0.152941
0.098039
0.007843
0.250980
0.772549
0.894118
0.901961
0.870588
0.850980
0.803922
0.600000
0.317647
0.294118
0.203922
0.380392
0.223529
0.364706
0.380392
0.415686
0.505882
0.419608
0.274510
0.203922
0.423529
0.294118
0.133333
0.125490
0.141176
0.168627
0.172549
0.176471
0.164706
0.176471
0.141176
0.121569
0.376471
0.796078
0.796078
0.741176
0.756863
0.741176
0.682353
0.545098
0.435294
0.443137
0.423529
0.192157
0.192157
0.188235
0.231373
0.388235
0.431373
0.443137
0.403922
0.364706
0.494118
0.552941
0.345098
0.329412
0.301961
0.298039
0.313725
0.321569
0.301961
0.294118
0.313725
0.396078
0.678431
0.905882
0.839216
0.749020
0.760784
0.737255
0.643137
0.478431
0.407843
0.560784
0.698039
0.564706
0.564706
0.623529
0.674510
0.486275
0.356863
0.415686
0.384314
0.345098
0.392157
0.435294
0.360784
0.349020
0.329412
0.337255
0.317647
0.298039
0.325490
0.325490
0.372549
0.360784
0.549020
0.686275
0.690196
0.729412
0.721569
0.752941
0.717647
0.466667
0.258824
0.223529
0.364706
0.803922
0.788235
0.784314
0.776471
0.588235
0.352941
0.337255
0.392157
0.403922
0.380392
0.388235
0.427451
0.458824
0.403922
0.541176
0.509804
0.474510
0.396078
0.329412
0.427451
0.376471
0.360784
0.321569
0.423529
0.494118
0.305882
0.243137
0.239216
0.168627
0.101961
0.066667
0.137255
0.772549
0.760784
0.764706
0.745098
0.482353
0.372549
0.388235
0.341176
0.392157
0.494118
0.666667
0.721569
0.623529
0.611765
0.831373
0.917647
0.917647
0.709804
0.403922
0.470588
0.368627
0.254902
0.286275
0.345098
0.533333
0.611765
0.462745
0.152941
0.078431
0.125490
0.176471
0.396078
0.776471
0.760784
0.764706
0.768627
0.541176
0.443137
0.462745
0.458824
0.450980
0.615686
0.858824
0.905882
0.815686
0.694118
0.733333
0.819608
0.952941
0.976471
0.670588
0.521569
0.478431
0.407843
0.450980
0.411765
0.431373
0.705882
0.800000
0.470588
0.478431
0.537255
0.603922
0.752941
0.764706
0.752941
0.752941
0.764706
0.749020
0.568627
0.466667
0.474510
0.505882
0.709804
0.835294
0.870588
0.862745
0.584314
0.537255
0.643137
0.760784
0.835294
0.611765
0.564706
0.572549
0.525490
0.541176
0.498039
0.400000
0.498039
0.545098
0.533333
0.733333
0.843137
0.831373
0.815686
0.749020
0.741176
0.741176
0.745098
0.764706
0.568627
0.423529
0.501961
0.525490
0.729412
0.800000
0.792157
0.713725
0.537255
0.466667
0.501961
0.556863
0.592157
0.556863
0.607843
0.623529
0.560784
0.525490
0.482353
0.431373
0.466667
0.439216
0.529412
0.760784
0.811765
0.803922
0.800000
0.729412
0.733333
0.745098
0.756863
0.768627
0.474510
0.235294
0.513725
0.549020
0.501961
0.701961
0.713725
0.533333
0.470588
0.482353
0.541176
0.533333
0.549020
0.552941
0.556863
0.537255
0.454902
0.372549
0.333333
0.321569
0.325490
0.360784
0.627451
0.803922
0.803922
0.807843
0.803922
0.717647
0.725490
0.737255
0.756863
0.764706
0.682353
0.501961
0.517647
0.552941
0.250980
0.474510
0.717647
0.556863
0.439216
0.431373
0.431373
0.450980
0.470588
0.423529
0.376471
0.325490
0.278431
0.184314
0.152941
0.133333
0.125490
0.207843
0.490196
0.784314
0.831373
0.811765
0.803922
0.725490
0.733333
0.741176
0.749020
0.741176
0.764706
0.780392
0.686275
0.556863
0.278431
0.419608
0.694118
0.623529
0.466667
0.262745
0.192157
0.200000
0.160784
0.145098
0.145098
0.117647
0.164706
0.133333
0.160784
0.172549
0.192157
0.262745
0.443137
0.752941
0.819608
0.811765
0.803922
0.752941
0.749020
0.733333
0.721569
0.733333
0.752941
0.768627
0.780392
0.647059
0.356863
0.501961
0.615686
0.670588
0.490196
0.250980
0.152941
0.176471
0.156863
0.203922
0.223529
0.196078
0.203922
0.168627
0.094118
0.172549
0.321569
0.047059
0.145098
0.572549
0.811765
0.800000
0.796078
0.749020
0.741176
0.745098
0.752941
0.764706
0.764706
0.768627
0.772549
0.741176
0.505882
0.498039
0.454902
0.478431
0.423529
0.301961
0.129412
0.090196
0.152941
0.301961
0.066667
0.043137
0.039216
0.023529
0.003922
0.152941
0.407843
0.254902
0.305882
0.552941
0.800000
0.807843
0.792157
0.733333
0.733333
0.733333
0.749020
0.756863
0.756863
0.760784
0.772549
0.800000
0.690196
0.529412
0.356863
0.243137
0.184314
0.082353
0.043137
0.019608
0.137255
0.372549
0.105882
0.105882
0.152941
0.196078
0.270588
0.364706
0.470588
0.435294
0.376471
0.333333
0.474510
0.717647
0.803922
0.733333
0.729412
0.741176
0.745098
0.760784
0.764706
0.768627
0.772549
0.796078
0.725490
0.670588
0.525490
0.478431
0.356863
0.180392
0.231373
0.254902
0.294118
0.407843
0.372549
0.376471
0.282353
0.254902
0.380392
0.329412
0.266667
0.160784
0.121569
0.117647
0.145098
0.305882
0.552941
0.737255
0.745098
0.756863
0.756863
0.772549
0.780392
0.784314
0.776471
0.772549
0.733333
0.588235
0.505882
0.572549
0.564706
0.470588
0.482353
0.454902
0.423529
0.447059
0.396078
0.313725
0.176471
0.094118
0.098039
0.058824
0.062745
0.094118
0.098039
0.109804
0.105882
0.101961
0.180392
0.729412
0.729412
0.733333
0.737255
0.752941
0.756863
0.768627
0.772549
0.772549
0.768627
0.611765
0.325490
0.262745
0.325490
0.317647
0.211765
0.145098
0.137255
0.133333
0.082353
0.066667
0.066667
0.062745
0.062745
0.082353
0.074510
0.082353
0.094118
0.117647
0.192157
0.364706
0.541176
0.745098
0.737255
0.729412
0.721569
0.733333
0.737255
0.749020
0.752941
0.745098
0.756863
0.717647
0.462745
0.227451
0.141176
0.109804
0.054902
0.050980
0.070588
0.082353
0.086275
0.086275
0.090196
0.086275
0.090196
0.101961
0.109804
0.160784
0.231373
0.286275
0.564706
0.764706
0.815686
0.741176
0.733333
0.737255
0.737255
0.741176
0.745098
0.741176
0.745098
0.733333
0.741176
0.749020
0.745098
0.682353
0.513725
0.243137
0.117647
0.094118
0.101961
0.109804
0.113725
0.113725
0.113725
0.145098
0.219608
0.317647
0.466667
0.596078
0.674510
0.690196
0.741176
0.776471
0.784314
0.745098
0.737255
0.745098
0.752941
0.741176
0.756863
0.745098
0.760784
0.756863
0.752941
0.749020
0.756863
0.760784
0.701961
0.415686
0.215686
0.168627
0.207843
0.321569
0.407843
0.419608
0.384314
0.470588
0.639216
0.682353
0.737255
0.760784
0.764706
0.768627
0.764706
0.764706
0.772549
0.113725
0.070588
0.082353
0.086275
0.078431
0.086275
0.105882
0.082353
0.078431
0.090196
0.101961
0.098039
0.105882
0.125490
0.129412
0.094118
0.094118
0.113725
0.109804
0.101961
0.105882
0.129412
0.109804
0.121569
0.121569
0.113725
0.117647
0.121569
0.121569
0.109804
0.086275
0.094118
0.156863
0.070588
0.094118
0.101961
0.098039
0.113725
0.137255
0.125490
0.121569
0.117647
0.133333
0.125490
0.137255
0.149020
0.152941
0.125490
0.117647
0.125490
0.113725
0.109804
0.117647
0.129412
0.105882
0.117647
0.117647
0.098039
0.101961
0.098039
0.101961
0.086275
0.070588
0.078431
0.152941
0.105882
0.133333
0.149020
0.133333
0.133333
0.137255
0.133333
0.109804
0.105882
0.113725
0.101961
0.105882
0.113725
0.121569
0.090196
0.090196
0.094118
0.086275
0.086275
0.098039
0.101961
0.074510
0.109804
0.098039
0.074510
0.078431
0.078431
0.074510
0.074510
0.066667
0.078431
0.098039
0.109804
0.129412
0.129412
0.109804
0.109804
0.125490
0.125490
0.117647
0.121569
0.117647
0.109804
0.113725
0.121569
0.129412
0.125490
0.125490
0.125490
0.121569
0.117647
0.121569
0.121569
0.109804
0.129412
0.121569
0.109804
0.109804
0.109804
0.098039
0.101961
0.094118
0.098039
0.121569
0.125490
0.149020
0.145098
0.152941
0.168627
0.176471
0.156863
0.141176
0.149020
0.141176
0.129412
0.113725
0.133333
0.137255
0.105882
0.109804
0.109804
0.113725
0.109804
0.105882
0.113725
0.113725
0.137255
0.117647
0.105882
0.113725
0.109804
0.105882
0.101961
0.098039
0.094118
0.129412
0.117647
0.105882
0.101961
0.113725
0.133333
0.168627
0.121569
0.101961
0.086275
0.090196
0.094118
0.082353
0.109804
0.121569
0.074510
0.074510
0.070588
0.070588
0.121569
0.082353
0.058824
0.074510
0.133333
0.098039
0.070588
0.074510
0.070588
0.070588
0.070588
0.074510
0.074510
0.203922
0.098039
0.066667
0.090196
0.203922
0.235294
0.188235
0.117647
0.129412
0.152941
0.219608
0.239216
0.235294
0.160784
0.109804
0.094118
0.086275
0.070588
0.105882
0.121569
0.066667
0.054902
0.070588
0.113725
0.105882
0.082353
0.082353
0.109804
0.121569
0.105882
0.098039
0.086275
0.352941
0.262745
0.274510
0.274510
0.305882
0.317647
0.305882
0.294118
0.321569
0.329412
0.360784
0.345098
0.329412
0.294118
0.258824
0.215686
0.168627
0.109804
0.125490
0.070588
0.270588
0.282353
0.066667
0.125490
0.090196
0.066667
0.070588
0.129412
0.196078
0.196078
0.090196
0.070588
0.439216
0.533333
0.572549
0.407843
0.274510
0.254902
0.435294
0.482353
0.411765
0.392157
0.356863
0.282353
0.262745
0.270588
0.286275
0.231373
0.200000
0.164706
0.133333
0.070588
0.294118
0.282353
0.070588
0.133333
0.129412
0.156863
0.152941
0.192157
0.219608
0.223529
0.145098
0.113725
0.662745
0.682353
0.545098
0.317647
0.419608
0.419608
0.458824
0.549020
0.396078
0.541176
0.372549
0.231373
0.203922
0.184314
0.152941
0.145098
0.109804
0.117647
0.172549
0.133333
0.082353
0.129412
0.074510
0.113725
0.231373
0.352941
0.360784
0.396078
0.372549
0.223529
0.145098
0.129412
0.819608
0.733333
0.603922
0.537255
0.529412
0.356863
0.431373
0.482353
0.262745
0.521569
0.368627
0.227451
0.203922
0.149020
0.125490
0.141176
0.109804
0.133333
0.172549
0.101961
0.043137
0.152941
0.223529
0.352941
0.400000
0.403922
0.431373
0.403922
0.384314
0.207843
0.129412
0.113725
0.560784
0.400000
0.580392
0.619608
0.572549
0.384314
0.356863
0.301961
0.149020
0.482353
0.376471
0.176471
0.160784
0.133333
0.180392
0.176471
0.125490
0.133333
0.184314
0.101961
0.011765
0.223529
0.709804
0.886275
0.909804
0.870588
0.850980
0.811765
0.619608
0.329412
0.282353
0.180392
0.372549
0.227451
0.368627
0.388235
0.450980
0.560784
0.474510
0.313725
0.254902
0.513725
0.411765
0.207843
0.176471
0.172549
0.200000
0.215686
0.211765
0.188235
0.235294
0.192157
0.121569
0.305882
0.568627
0.556863
0.721569
0.686275
0.513725
0.509804
0.498039
0.470588
0.462745
0.423529
0.172549
0.180392
0.176471
0.219608
0.419608
0.509804
0.521569
0.466667
0.427451
0.545098
0.611765
0.400000
0.364706
0.313725
0.294118
0.305882
0.325490
0.317647
0.333333
0.337255
0.396078
0.635294
0.811765
0.749020
0.745098
0.701961
0.576471
0.533333
0.443137
0.415686
0.564706
0.690196
0.525490
0.533333
0.592157
0.639216
0.494118
0.411765
0.490196
0.462745
0.400000
0.411765
0.435294
0.345098
0.313725
0.282353
0.286275
0.262745
0.254902
0.294118
0.294118
0.313725
0.356863
0.549020
0.678431
0.690196
0.698039
0.705882
0.760784
0.729412
0.474510
0.250980
0.219608
0.349020
0.749020
0.745098
0.745098
0.737255
0.568627
0.368627
0.376471
0.443137
0.427451
0.376471
0.352941
0.341176
0.345098
0.290196
0.439216
0.439216
0.400000
0.309804
0.243137
0.313725
0.329412
0.325490
0.266667
0.380392
0.450980
0.298039
0.247059
0.239216
0.180392
0.117647
0.094118
0.149020
0.717647
0.717647
0.725490
0.717647
0.466667
0.372549
0.400000
0.341176
0.360784
0.447059
0.619608
0.654902
0.525490
0.490196
0.717647
0.858824
0.862745
0.639216
0.317647
0.356863
0.301961
0.192157
0.211765
0.298039
0.494118
0.600000
0.462745
0.152941
0.086275
0.133333
0.196078
0.407843
0.721569
0.717647
0.729412
0.741176
0.521569
0.431373
0.454902
0.427451
0.388235
0.549020
0.823529
0.909804
0.800000
0.647059
0.670588
0.788235
0.941176
0.949020
0.643137
0.474510
0.454902
0.388235
0.400000
0.384314
0.423529
0.713725
0.819608
0.486275
0.486275
0.533333
0.580392
0.721569
0.709804
0.709804
0.713725
0.721569
0.717647
0.552941
0.454902
0.439216
0.439216
0.654902
0.827451
0.898039
0.898039
0.596078
0.525490
0.662745
0.784314
0.839216
0.650980
0.576471
0.584314
0.541176
0.529412
0.517647
0.439216
0.541176
0.600000
0.572549
0.733333
0.811765
0.792157
0.776471
0.694118
0.694118
0.698039
0.690196
0.725490
0.549020
0.415686
0.470588
0.462745
0.690196
0.800000
0.800000
0.741176
0.560784
0.494118
0.564706
0.611765
0.635294
0.603922
0.623529
0.635294
0.576471
0.549020
0.533333
0.494118
0.533333
0.490196
0.549020
0.745098
0.772549
0.768627
0.772549
0.682353
0.686275
0.698039
0.705882
0.725490
0.450980
0.223529
0.486275
0.490196
0.466667
0.701961
0.709804
0.552941
0.513725
0.541176
0.600000
0.580392
0.592157
0.588235
0.584314
0.552941
0.486275
0.431373
0.396078
0.376471
0.384314
0.396078
0.627451
0.772549
0.764706
0.768627
0.764706
0.670588
0.678431
0.690196
0.705882
0.721569
0.650980
0.482353
0.486275
0.505882
0.223529
0.474510
0.721569
0.576471
0.474510
0.494118
0.509804
0.509804
0.517647
0.474510
0.435294
0.372549
0.333333
0.254902
0.227451
0.188235
0.176471
0.250980
0.509804
0.756863
0.772549
0.764706
0.764706
0.678431
0.686275
0.694118
0.701961
0.698039
0.725490
0.745098
0.650980
0.517647
0.254902
0.419608
0.698039
0.639216
0.490196
0.301961
0.243137
0.239216
0.192157
0.196078
0.215686
0.172549
0.223529
0.188235
0.215686
0.227451
0.243137
0.274510
0.431373
0.725490
0.768627
0.764706
0.764706
0.705882
0.701961
0.686275
0.674510
0.686275
0.705882
0.721569
0.741176
0.615686
0.337255
0.494118
0.619608
0.682353
0.509804
0.282353
0.196078
0.223529
0.203922
0.258824
0.270588
0.223529
0.227451
0.188235
0.113725
0.219608
0.388235
0.086275
0.172549
0.576471
0.772549
0.756863
0.756863
0.701961
0.694118
0.698039
0.705882
0.717647
0.713725
0.717647
0.729412
0.705882
0.486275
0.498039
0.466667
0.482353
0.423529
0.305882
0.149020
0.125490
0.200000
0.345098
0.090196
0.050980
0.050980
0.050980
0.058824
0.223529
0.478431
0.345098
0.396078
0.580392
0.756863
0.760784
0.752941
0.682353
0.686275
0.686275
0.701961
0.709804
0.709804
0.717647
0.733333
0.745098
0.670588
0.549020
0.368627
0.247059
0.176471
0.070588
0.043137
0.047059
0.168627
0.411765
0.160784
0.168627
0.231373
0.286275
0.376471
0.466667
0.537255
0.490196
0.423529
0.345098
0.454902
0.682353
0.764706
0.682353
0.682353
0.694118
0.698039
0.713725
0.717647
0.725490
0.729412
0.741176
0.701961
0.678431
0.541176
0.509804
0.403922
0.247059
0.321569
0.356863
0.392157
0.501961
0.470588
0.474510
0.380392
0.317647
0.419608
0.368627
0.282353
0.180392
0.145098
0.137255
0.164706
0.305882
0.533333
0.686275
0.698039
0.709804
0.709804
0.725490
0.733333
0.737255
0.733333
0.729412
0.701961
0.580392
0.501961
0.592157
0.615686
0.533333
0.545098
0.521569
0.470588
0.474510
0.407843
0.317647
0.164706
0.090196
0.105882
0.062745
0.070588
0.101961
0.113725
0.137255
0.149020
0.145098
0.207843
0.682353
0.682353
0.686275
0.690196
0.705882
0.709804
0.721569
0.729412
0.729412
0.733333
0.584314
0.301961
0.258824
0.349020
0.341176
0.223529
0.160784
0.137255
0.129412
0.090196
0.066667
0.058824
0.066667
0.070588
0.086275
0.098039
0.105882
0.109804
0.133333
0.215686
0.384314
0.552941
0.694118
0.686275
0.682353
0.674510
0.686275
0.690196
0.701961
0.705882
0.701961
0.717647
0.682353
0.450980
0.219608
0.133333
0.105882
0.066667
0.074510
0.082353
0.082353
0.098039
0.101961
0.101961
0.101961
0.098039
0.098039
0.117647
0.184314
0.247059
0.286275
0.556863
0.729412
0.772549
0.690196
0.682353
0.690196
0.690196
0.694118
0.698039
0.694118
0.698039
0.690196
0.694118
0.705882
0.701961
0.654902
0.494118
0.231373
0.117647
0.109804
0.109804
0.105882
0.117647
0.117647
0.117647
0.152941
0.227451
0.317647
0.470588
0.588235
0.658824
0.666667
0.713725
0.733333
0.729412
0.694118
0.686275
0.698039
0.705882
0.694118
0.709804
0.698039
0.713725
0.709804
0.705882
0.698039
0.705882
0.721569
0.674510
0.396078
0.207843
0.172549
0.203922
0.305882
0.392157
0.407843
0.368627
0.454902
0.619608
0.658824
0.709804
0.721569
0.721569
0.721569
0.721569
0.717647
0.721569
0.156863
0.062745
0.086275
0.090196
0.078431
0.086275
0.109804
0.086275
0.082353
0.094118
0.101961
0.094118
0.101961
0.121569
0.129412
0.094118
0.094118
0.113725
0.109804
0.101961
0.105882
0.129412
0.109804
0.121569
0.117647
0.109804
0.121569
0.125490
0.125490
0.113725
0.090196
0.098039
0.235294
0.070588
0.094118
0.101961
0.098039
0.113725
0.141176
0.125490
0.121569
0.117647
0.133333
0.129412
0.141176
0.152941
0.152941
0.125490
0.117647
0.125490
0.113725
0.109804
0.117647
0.129412
0.105882
0.117647
0.113725
0.094118
0.101961
0.101961
0.105882
0.090196
0.074510
0.082353
0.211765
0.113725
0.129412
0.145098
0.133333
0.133333
0.137255
0.129412
0.109804
0.101961
0.109804
0.109804
0.109804
0.117647
0.121569
0.090196
0.090196
0.094118
0.082353
0.082353
0.094118
0.098039
0.074510
0.109804
0.094118
0.062745
0.074510
0.082353
0.078431
0.078431
0.066667
0.078431
0.117647
0.121569
0.129412
0.133333
0.109804
0.113725
0.129412
0.121569
0.109804
0.113725
0.113725
0.113725
0.121569
0.125490
0.129412
0.121569
0.125490
0.121569
0.113725
0.113725
0.117647
0.117647
0.105882
0.125490
0.113725
0.098039
0.101961
0.109804
0.101961
0.101961
0.090196
0.094118
0.117647
0.137255
0.160784
0.164706
0.149020
0.156863
0.176471
0.164706
0.133333
0.141176
0.149020
0.129412
0.121569
0.137255
0.133333
0.105882
0.109804
0.109804
0.101961
0.098039
0.105882
0.105882
0.105882
0.129412
0.101961
0.098039
0.101961
0.105882
0.105882
0.090196
0.082353
0.082353
0.125490
0.109804
0.101961
0.101961
0.105882
0.117647
0.149020
0.105882
0.074510
0.078431
0.098039
0.090196
0.082353
0.094118
0.105882
0.070588
0.070588
0.062745
0.062745
0.121569
0.098039
0.062745
0.074510
0.125490
0.082353
0.066667
0.066667
0.074510
0.086275
0.074510
0.070588
0.074510
0.215686
0.098039
0.047059
0.090196
0.243137
0.274510
0.188235
0.105882
0.129412
0.168627
0.254902
0.282353
0.270588
0.172549
0.109804
0.098039
0.082353
0.062745
0.101961
0.137255
0.094118
0.074510
0.078431
0.113725
0.094118
0.082353
0.090196
0.133333
0.152941
0.137255
0.121569
0.098039
0.415686
0.301961
0.282353
0.309804
0.392157
0.415686
0.372549
0.360784
0.400000
0.411765
0.439216
0.443137
0.427451
0.372549
0.309804
0.250980
0.196078
0.129412
0.141176
0.094118
0.301961
0.305882
0.082353
0.125490
0.082353
0.070588
0.086275
0.164706
0.243137
0.247059
0.129412
0.094118
0.533333
0.611765
0.615686
0.447059
0.337255
0.337255
0.537255
0.611765
0.549020
0.501961
0.435294
0.368627
0.356863
0.352941
0.360784
0.313725
0.270588
0.223529
0.168627
0.094118
0.317647
0.301961
0.082353
0.133333
0.125490
0.160784
0.168627
0.227451
0.270588
0.282353
0.188235
0.141176
0.733333
0.756863
0.611765
0.372549
0.470588
0.494118
0.580392
0.678431
0.486275
0.619608
0.419608
0.266667
0.250980
0.239216
0.219608
0.231373
0.196078
0.176471
0.192157
0.145098
0.090196
0.137255
0.090196
0.117647
0.203922
0.345098
0.388235
0.423529
0.407843
0.270588
0.180392
0.160784
0.866667
0.792157
0.670588
0.607843
0.588235
0.435294
0.556863
0.580392
0.298039
0.564706
0.400000
0.262745
0.250980
0.207843
0.184314
0.215686
0.200000
0.188235
0.196078
0.129412
0.047059
0.145098
0.239216
0.360784
0.392157
0.407843
0.431373
0.403922
0.407843
0.254902
0.160784
0.149020
0.611765
0.447059
0.627451
0.678431
0.619608
0.447059
0.458824
0.384314
0.180392
0.521569
0.411765
0.254902
0.235294
0.207843
0.247059
0.254902
0.219608
0.207843
0.235294
0.141176
0.019608
0.211765
0.717647
0.890196
0.909804
0.886275
0.858824
0.815686
0.650980
0.388235
0.333333
0.227451
0.419608
0.266667
0.407843
0.431373
0.498039
0.635294
0.576471
0.388235
0.309804
0.580392
0.462745
0.305882
0.278431
0.266667
0.290196
0.305882
0.313725
0.286275
0.294118
0.227451
0.137255
0.309804
0.611765
0.607843
0.709804
0.694118
0.576471
0.568627
0.545098
0.513725
0.517647
0.474510
0.207843
0.223529
0.223529
0.250980
0.474510
0.607843
0.650980
0.556863
0.513725
0.647059
0.674510
0.490196
0.466667
0.427451
0.407843
0.407843
0.423529
0.415686
0.403922
0.380392
0.415686
0.639216
0.819608
0.772549
0.756863
0.721569
0.623529
0.576471
0.482353
0.450980
0.588235
0.694118
0.549020
0.560784
0.619608
0.654902
0.537255
0.501961
0.607843
0.584314
0.552941
0.572549
0.564706
0.482353
0.466667
0.443137
0.439216
0.411765
0.396078
0.400000
0.380392
0.407843
0.403922
0.568627
0.686275
0.694118
0.733333
0.737255
0.752941
0.717647
0.482353
0.282353
0.243137
0.349020
0.764706
0.745098
0.741176
0.733333
0.584314
0.411765
0.447059
0.564706
0.607843
0.572549
0.533333
0.525490
0.537255
0.486275
0.615686
0.596078
0.564706
0.454902
0.384314
0.474510
0.450980
0.423529
0.349020
0.419608
0.501961
0.337255
0.254902
0.247059
0.203922
0.176471
0.168627
0.207843
0.733333
0.717647
0.721569
0.709804
0.470588
0.380392
0.419608
0.411765
0.494118
0.615686
0.768627
0.776471
0.670588
0.658824
0.870588
0.941176
0.929412
0.749020
0.494118
0.564706
0.486275
0.372549
0.392157
0.431373
0.619608
0.682353
0.505882
0.200000
0.137255
0.215686
0.294118
0.482353
0.733333
0.721569
0.721569
0.733333
0.509804
0.419608
0.439216
0.450980
0.466667
0.666667
0.929412
0.968627
0.878431
0.756863
0.800000
0.874510
0.956863
0.980392
0.768627
0.674510
0.639216
0.568627
0.596078
0.556863
0.592157
0.835294
0.874510
0.525490
0.513725
0.576471
0.639216
0.760784
0.725490
0.709804
0.709804
0.717647
0.709804
0.541176
0.439216
0.443137
0.478431
0.729412
0.898039
0.941176
0.945098
0.654902
0.619608
0.772549
0.858824
0.921569
0.760784
0.717647
0.709804
0.647059
0.650980
0.639216
0.603922
0.682353
0.686275
0.627451
0.752941
0.815686
0.796078
0.776471
0.709804
0.698039
0.694118
0.686275
0.717647
0.541176
0.411765
0.474510
0.490196
0.737255
0.854902
0.866667
0.796078
0.631373
0.584314
0.682353
0.764706
0.803922
0.749020
0.737255
0.733333
0.666667
0.650980
0.650980
0.643137
0.650980
0.576471
0.603922
0.760784
0.776471
0.764706
0.764706
0.694118
0.690196
0.694118
0.698039
0.721569
0.450980
0.227451
0.486275
0.509804
0.494118
0.741176
0.772549
0.600000
0.588235
0.631373
0.705882
0.725490
0.717647
0.721569
0.713725
0.678431
0.619608
0.580392
0.564706
0.541176
0.517647
0.482353
0.654902
0.768627
0.764706
0.768627
0.760784
0.682353
0.682353
0.690196
0.705882
0.717647
0.647059
0.474510
0.470588
0.505882
0.235294
0.494118
0.760784
0.603922
0.525490
0.584314
0.658824
0.666667
0.635294
0.588235
0.533333
0.458824
0.427451
0.337255
0.309804
0.294118
0.282353
0.329412
0.537255
0.749020
0.760784
0.760784
0.760784
0.690196
0.690196
0.694118
0.705882
0.698039
0.721569
0.737255
0.627451
0.505882
0.250980
0.435294
0.749020
0.690196
0.552941
0.388235
0.372549
0.360784
0.274510
0.278431
0.282353
0.227451
0.278431
0.270588
0.305882
0.305882
0.313725
0.321569
0.443137
0.717647
0.764706
0.764706
0.760784
0.717647
0.705882
0.686275
0.686275
0.694118
0.701961
0.713725
0.725490
0.603922
0.337255
0.513725
0.674510
0.741176
0.568627
0.345098
0.294118
0.313725
0.282353
0.364706
0.368627
0.298039
0.305882
0.250980
0.156863
0.258824
0.447059
0.188235
0.258824
0.611765
0.780392
0.752941
0.752941
0.717647
0.698039
0.701961
0.717647
0.725490
0.709804
0.713725
0.721569
0.701961
0.498039
0.517647
0.482353
0.509804
0.458824
0.337255
0.192157
0.188235
0.270588
0.407843
0.113725
0.062745
0.066667
0.086275
0.109804
0.301961
0.619608
0.533333
0.552941
0.654902
0.768627
0.752941
0.749020
0.705882
0.698039
0.694118
0.701961
0.709804
0.709804
0.717647
0.733333
0.733333
0.670588
0.588235
0.439216
0.309804
0.231373
0.105882
0.078431
0.121569
0.247059
0.498039
0.270588
0.298039
0.372549
0.478431
0.572549
0.588235
0.607843
0.588235
0.525490
0.423529
0.513725
0.705882
0.768627
0.705882
0.694118
0.701961
0.698039
0.713725
0.713725
0.725490
0.729412
0.729412
0.698039
0.721569
0.643137
0.615686
0.517647
0.368627
0.466667
0.513725
0.529412
0.619608
0.588235
0.600000
0.513725
0.431373
0.505882
0.427451
0.317647
0.243137
0.239216
0.250980
0.286275
0.392157
0.592157
0.709804
0.709804
0.717647
0.713725
0.725490
0.733333
0.737255
0.729412
0.717647
0.698039
0.576471
0.498039
0.643137
0.729412
0.662745
0.647059
0.607843
0.529412
0.517647
0.454902
0.360784
0.207843
0.094118
0.098039
0.105882
0.149020
0.180392
0.219608
0.282353
0.301961
0.286275
0.317647
0.705882
0.694118
0.690196
0.694118
0.705882
0.709804
0.721569
0.725490
0.721569
0.725490
0.580392
0.313725
0.278431
0.368627
0.368627
0.250980
0.180392
0.149020
0.152941
0.129412
0.105882
0.098039
0.117647
0.137255
0.160784
0.176471
0.188235
0.227451
0.274510
0.329412
0.478431
0.635294
0.717647
0.701961
0.690196
0.678431
0.690196
0.690196
0.701961
0.701961
0.701961
0.709804
0.678431
0.466667
0.247059
0.176471
0.156863
0.109804
0.121569
0.141176
0.149020
0.152941
0.160784
0.168627
0.172549
0.184314
0.203922
0.231373
0.282353
0.349020
0.384314
0.607843
0.749020
0.788235
0.721569
0.701961
0.705882
0.698039
0.701961
0.701961
0.701961
0.694118
0.686275
0.694118
0.701961
0.694118
0.650980
0.517647
0.282353
0.192157
0.192157
0.188235
0.192157
0.211765
0.211765
0.211765
0.247059
0.317647
0.392157
0.525490
0.619608
0.682353
0.690196
0.729412
0.749020
0.749020
0.725490
0.709804
0.709804
0.713725
0.701961
0.717647
0.705882
0.717647
0.713725
0.705882
0.701961
0.701961
0.713725
0.678431
0.443137
0.298039
0.274510
0.298039
0.376471
0.450980
0.462745
0.427451
0.494118
0.643137
0.674510
0.717647
0.733333
0.733333
0.737255
0.733333
0.741176
0.749020
