0.537255
0.576471
0.576471
0.541176
0.490196
0.435294
0.400000
0.376471
0.431373
0.498039
0.572549
0.596078
0.607843
0.611765
0.615686
0.607843
0.572549
0.513725
0.454902
0.415686
0.380392
0.356863
0.415686
0.498039
0.596078
0.631373
0.666667
0.698039
0.682353
0.654902
0.619608
0.568627
0.529412
0.576471
0.588235
0.564706
0.521569
0.431373
0.392157
0.388235
0.447059
0.513725
0.588235
0.607843
0.619608
0.623529
0.623529
0.615686
0.588235
0.529412
0.462745
0.396078
0.349020
0.321569
0.360784
0.427451
0.521569
0.615686
0.686275
0.729412
0.682353
0.623529
0.560784
0.564706
0.517647
0.564706
0.552941
0.533333
0.505882
0.431373
0.407843
0.419608
0.486275
0.552941
0.619608
0.631373
0.635294
0.631373
0.639216
0.639216
0.615686
0.560784
0.486275
0.403922
0.352941
0.329412
0.364706
0.458824
0.600000
0.639216
0.635294
0.588235
0.588235
0.580392
0.556863
0.564706
0.568627
0.588235
0.517647
0.501961
0.509804
0.466667
0.447059
0.443137
0.505882
0.568627
0.635294
0.635294
0.635294
0.635294
0.639216
0.639216
0.627451
0.584314
0.521569
0.439216
0.400000
0.384314
0.407843
0.482353
0.600000
0.603922
0.600000
0.580392
0.572549
0.560784
0.537255
0.498039
0.631373
0.662745
0.627451
0.619608
0.623529
0.549020
0.474510
0.403922
0.486275
0.564706
0.643137
0.643137
0.639216
0.643137
0.647059
0.647059
0.623529
0.584314
0.529412
0.443137
0.392157
0.372549
0.454902
0.529412
0.603922
0.615686
0.615686
0.611765
0.588235
0.568627
0.552941
0.501961
0.654902
0.686275
0.654902
0.643137
0.635294
0.533333
0.458824
0.411765
0.494118
0.568627
0.635294
0.639216
0.631373
0.627451
0.631373
0.639216
0.631373
0.603922
0.556863
0.458824
0.396078
0.368627
0.458824
0.529412
0.588235
0.607843
0.607843
0.592157
0.592157
0.592157
0.596078
0.545098
0.627451
0.639216
0.564706
0.552941
0.568627
0.490196
0.443137
0.419608
0.509804
0.580392
0.627451
0.631373
0.627451
0.611765
0.623529
0.639216
0.650980
0.627451
0.580392
0.482353
0.411765
0.368627
0.454902
0.521569
0.572549
0.509804
0.443137
0.372549
0.462745
0.549020
0.596078
0.560784
0.552941
0.529412
0.411765
0.392157
0.415686
0.364706
0.341176
0.345098
0.486275
0.584314
0.627451
0.627451
0.619608
0.600000
0.607843
0.627451
0.647059
0.623529
0.576471
0.494118
0.427451
0.376471
0.447059
0.494118
0.517647
0.462745
0.490196
0.619608
0.623529
0.603922
0.568627
0.537255
0.529412
0.564706
0.537255
0.509804
0.486275
0.545098
0.513725
0.415686
0.447059
0.498039
0.580392
0.596078
0.600000
0.592157
0.603922
0.619608
0.631373
0.611765
0.572549
0.494118
0.443137
0.407843
0.419608
0.458824
0.517647
0.623529
0.690196
0.709804
0.541176
0.443137
0.501961
0.505882
0.556863
0.592157
0.694118
0.658824
0.560784
0.611765
0.635294
0.639216
0.647059
0.619608
0.552941
0.564706
0.584314
0.588235
0.596078
0.600000
0.584314
0.549020
0.501961
0.447059
0.411765
0.388235
0.349020
0.447059
0.658824
0.694118
0.682353
0.615686
0.466667
0.411765
0.541176
0.545098
0.517647
0.525490
0.603922
0.533333
0.392157
0.407843
0.521569
0.713725
0.741176
0.729412
0.674510
0.564706
0.513725
0.580392
0.572549
0.549020
0.537255
0.505882
0.470588
0.431373
0.411765
0.400000
0.337255
0.450980
0.717647
0.733333
0.674510
0.529412
0.474510
0.486275
0.596078
0.600000
0.521569
0.513725
0.509804
0.474510
0.423529
0.368627
0.450980
0.643137
0.717647
0.749020
0.737255
0.552941
0.450980
0.525490
0.525490
0.509804
0.501961
0.482353
0.462745
0.466667
0.478431
0.501961
0.552941
0.647059
0.776471
0.733333
0.658824
0.541176
0.533333
0.537255
0.541176
0.529412
0.521569
0.529412
0.517647
0.501961
0.482353
0.407843
0.427451
0.525490
0.662745
0.764706
0.831373
0.776471
0.694118
0.576471
0.505882
0.458824
0.458824
0.458824
0.454902
0.439216
0.474510
0.552941
0.760784
0.858824
0.870588
0.749020
0.639216
0.549020
0.572549
0.600000
0.615686
0.580392
0.486275
0.482353
0.494118
0.486275
0.466667
0.439216
0.427451
0.427451
0.568627
0.694118
0.807843
0.760784
0.674510
0.556863
0.490196
0.454902
0.478431
0.490196
0.494118
0.486275
0.498039
0.533333
0.615686
0.662745
0.682353
0.623529
0.603922
0.627451
0.635294
0.627451
0.603922
0.556863
0.494118
0.525490
0.603922
0.607843
0.564706
0.513725
0.443137
0.364706
0.392157
0.478431
0.627451
0.619608
0.627451
0.678431
0.631373
0.560784
0.498039
0.478431
0.482353
0.513725
0.576471
0.639216
0.603922
0.592157
0.592157
0.600000
0.619608
0.658824
0.662745
0.643137
0.603922
0.549020
0.556863
0.521569
0.529412
0.545098
0.564706
0.549020
0.478431
0.364706
0.364706
0.403922
0.486275
0.501961
0.474510
0.400000
0.513725
0.623529
0.600000
0.572549
0.556863
0.607843
0.584314
0.525490
0.458824
0.466667
0.533333
0.525490
0.537255
0.572549
0.584314
0.588235
0.576471
0.537255
0.478431
0.501961
0.529412
0.552941
0.568627
0.572549
0.513725
0.400000
0.376471
0.400000
0.474510
0.490196
0.521569
0.576471
0.647059
0.682353
0.623529
0.643137
0.674510
0.627451
0.627451
0.643137
0.549020
0.513725
0.525490
0.529412
0.525490
0.517647
0.541176
0.568627
0.588235
0.556863
0.513725
0.517647
0.549020
0.568627
0.584314
0.560784
0.513725
0.435294
0.380392
0.380392
0.447059
0.474510
0.509804
0.556863
0.596078
0.623529
0.647059
0.729412
0.803922
0.733333
0.639216
0.533333
0.490196
0.494118
0.529412
0.560784
0.560784
0.521569
0.552941
0.580392
0.588235
0.568627
0.474510
0.474510
0.490196
0.501961
0.509804
0.521569
0.486275
0.419608
0.368627
0.376471
0.454902
0.486275
0.505882
0.513725
0.525490
0.564706
0.694118
0.772549
0.811765
0.776471
0.666667
0.525490
0.458824
0.474510
0.549020
0.525490
0.505882
0.494118
0.509804
0.529412
0.545098
0.517647
0.525490
0.509804
0.474510
0.470588
0.478431
0.501961
0.474510
0.403922
0.368627
0.392157
0.486275
0.482353
0.474510
0.470588
0.490196
0.509804
0.525490
0.498039
0.454902
0.443137
0.423529
0.400000
0.384314
0.423529
0.509804
0.525490
0.533333
0.521569
0.552941
0.564706
0.537255
0.486275
0.533333
0.537255
0.525490
0.513725
0.501961
0.490196
0.462745
0.419608
0.392157
0.411765
0.486275
0.462745
0.447059
0.466667
0.466667
0.454902
0.415686
0.376471
0.345098
0.345098
0.372549
0.411765
0.388235
0.423529
0.509804
0.580392
0.607843
0.584314
0.584314
0.576471
0.549020
0.549020
0.498039
0.521569
0.549020
0.576471
0.596078
0.533333
0.478431
0.423529
0.403922
0.411765
0.447059
0.439216
0.447059
0.498039
0.588235
0.662745
0.674510
0.662745
0.647059
0.635294
0.596078
0.533333
0.439216
0.439216
0.521569
0.560784
0.584314
0.584314
0.572549
0.552941
0.525490
0.529412
0.494118
0.517647
0.588235
0.619608
0.619608
0.541176
0.482353
0.443137
0.419608
0.415686
0.427451
0.407843
0.415686
0.470588
0.537255
0.584314
0.556863
0.517647
0.482353
0.501961
0.482353
0.435294
0.396078
0.431373
0.533333
0.568627
0.584314
0.580392
0.572549
0.564706
0.564706
0.537255
0.470588
0.470588
0.490196
0.490196
0.474510
0.494118
0.486275
0.462745
0.454902
0.427451
0.384314
0.360784
0.372549
0.443137
0.486275
0.501961
0.462745
0.423529
0.388235
0.388235
0.384314
0.372549
0.364706
0.443137
0.596078
0.623529
0.627451
0.611765
0.576471
0.564706
0.588235
0.556863
0.474510
0.478431
0.435294
0.447059
0.482353
0.478431
0.490196
0.517647
0.521569
0.474510
0.364706
0.337255
0.349020
0.407843
0.435294
0.447059
0.411765
0.388235
0.368627
0.364706
0.352941
0.341176
0.352941
0.423529
0.545098
0.568627
0.568627
0.545098
0.521569
0.517647
0.545098
0.541176
0.419608
0.411765
0.352941
0.372549
0.435294
0.450980
0.474510
0.505882
0.474510
0.415686
0.325490
0.321569
0.333333
0.352941
0.384314
0.411765
0.419608
0.411765
0.392157
0.349020
0.313725
0.290196
0.356863
0.447059
0.556863
0.521569
0.482353
0.435294
0.427451
0.443137
0.486275
0.482353
0.396078
0.435294
0.435294
0.450980
0.470588
0.474510
0.450980
0.407843
0.309804
0.270588
0.294118
0.321569
0.333333
0.313725
0.317647
0.337255
0.384314
0.384314
0.368627
0.333333
0.325490
0.333333
0.427451
0.466667
0.470588
0.439216
0.419608
0.415686
0.443137
0.466667
0.474510
0.470588
0.431373
0.494118
0.501961
0.490196
0.474510
0.482353
0.509804
0.556863
0.458824
0.407843
0.415686
0.423529
0.423529
0.407843
0.372549
0.321569
0.247059
0.262745
0.317647
0.415686
0.490196
0.545098
0.529412
0.490196
0.435294
0.439216
0.439216
0.427451
0.450980
0.474510
0.486275
0.482353
0.470588
0.490196
0.482353
0.470588
0.458824
0.490196
0.545098
0.619608
0.552941
0.505882
0.482353
0.470588
0.454902
0.443137
0.447059
0.447059
0.423529
0.396078
0.384314
0.435294
0.470588
0.498039
0.525490
0.513725
0.462745
0.439216
0.450980
0.505882
0.529412
0.533333
0.509804
0.466667
0.478431
0.494118
0.486275
0.474510
0.474510
0.572549
0.596078
0.556863
0.490196
0.466667
0.494118
0.490196
0.470588
0.439216
0.407843
0.396078
0.435294
0.423529
0.396078
0.396078
0.400000
0.411765
0.474510
0.505882
0.513725
0.494118
0.486275
0.498039
0.505882
0.521569
0.549020
0.509804
0.356863
0.352941
0.360784
0.384314
0.415686
0.454902
0.435294
0.368627
0.376471
0.380392
0.388235
0.407843
0.415686
0.403922
0.376471
0.349020
0.341176
0.337255
0.329412
0.329412
0.360784
0.403922
0.443137
0.486275
0.525490
0.537255
0.541176
0.529412
0.537255
0.545098
0.556863
0.545098
0.266667
0.294118
0.349020
0.392157
0.435294
0.470588
0.454902
0.392157
0.447059
0.474510
0.470588
0.462745
0.454902
0.439216
0.435294
0.407843
0.301961
0.203922
0.137255
0.203922
0.325490
0.474510
0.517647
0.549020
0.564706
0.549020
0.529412
0.513725
0.494118
0.486275
0.498039
0.517647
0.407843
0.423529
0.411765
0.380392
0.337255
0.290196
0.254902
0.223529
0.274510
0.337255
0.411765
0.439216
0.454902
0.454902
0.462745
0.454902
0.423529
0.364706
0.305882
0.274510
0.243137
0.219608
0.286275
0.368627
0.462745
0.494118
0.513725
0.529412
0.509804
0.490196
0.482353
0.431373
0.403922
0.431373
0.431373
0.411765
0.372549
0.286275
0.243137
0.235294
0.290196
0.352941
0.427451
0.450980
0.466667
0.466667
0.470588
0.462745
0.435294
0.384314
0.317647
0.250980
0.207843
0.184314
0.227451
0.294118
0.388235
0.458824
0.509804
0.537255
0.498039
0.466667
0.454902
0.462745
0.396078
0.431373
0.419608
0.403922
0.380392
0.294118
0.262745
0.270588
0.333333
0.396078
0.462745
0.478431
0.482353
0.482353
0.486275
0.486275
0.466667
0.411765
0.337255
0.258824
0.211765
0.188235
0.227451
0.321569
0.458824
0.478431
0.466667
0.411765
0.423529
0.439216
0.439216
0.447059
0.443137
0.447059
0.392157
0.372549
0.368627
0.317647
0.294118
0.298039
0.345098
0.403922
0.478431
0.490196
0.494118
0.494118
0.498039
0.498039
0.486275
0.435294
0.368627
0.290196
0.250980
0.243137
0.274510
0.356863
0.478431
0.474510
0.466667
0.454902
0.458824
0.458824
0.439216
0.400000
0.498039
0.521569
0.509804
0.505882
0.490196
0.400000
0.325490
0.258824
0.325490
0.400000
0.494118
0.501961
0.501961
0.505882
0.509804
0.505882
0.482353
0.431373
0.372549
0.294118
0.247059
0.231373
0.321569
0.407843
0.486275
0.494118
0.501961
0.501961
0.486275
0.466667
0.447059
0.407843
0.517647
0.552941
0.545098
0.525490
0.490196
0.376471
0.301961
0.266667
0.333333
0.411765
0.494118
0.501961
0.498039
0.486275
0.494118
0.498039
0.490196
0.454902
0.400000
0.309804
0.250980
0.227451
0.325490
0.396078
0.447059
0.474510
0.478431
0.462745
0.458824
0.458824
0.474510
0.450980
0.501961
0.517647
0.458824
0.423529
0.403922
0.325490
0.286275
0.274510
0.356863
0.427451
0.486275
0.494118
0.490196
0.474510
0.486275
0.501961
0.509804
0.478431
0.423529
0.333333
0.270588
0.235294
0.325490
0.400000
0.462745
0.411765
0.349020
0.274510
0.352941
0.427451
0.474510
0.454902
0.454902
0.435294
0.329412
0.294118
0.298039
0.247059
0.227451
0.227451
0.356863
0.443137
0.474510
0.478431
0.478431
0.470588
0.478431
0.490196
0.498039
0.470588
0.423529
0.349020
0.286275
0.239216
0.313725
0.364706
0.400000
0.352941
0.392157
0.529412
0.529412
0.498039
0.439216
0.415686
0.443137
0.443137
0.403922
0.384314
0.388235
0.447059
0.407843
0.294118
0.317647
0.368627
0.447059
0.458824
0.458824
0.450980
0.466667
0.478431
0.486275
0.466667
0.427451
0.345098
0.286275
0.254902
0.274510
0.329412
0.415686
0.525490
0.596078
0.627451
0.462745
0.356863
0.396078
0.403922
0.431373
0.423529
0.490196
0.478431
0.431373
0.509804
0.533333
0.517647
0.525490
0.501961
0.443137
0.443137
0.443137
0.439216
0.447059
0.450980
0.447059
0.411765
0.364706
0.298039
0.266667
0.250980
0.231373
0.349020
0.580392
0.603922
0.588235
0.525490
0.376471
0.317647
0.431373
0.431373
0.392157
0.384314
0.419608
0.364706
0.270588
0.309804
0.423529
0.596078
0.627451
0.627451
0.584314
0.454902
0.384314
0.435294
0.423529
0.407843
0.403922
0.376471
0.337255
0.290196
0.282353
0.286275
0.250980
0.376471
0.639216
0.639216
0.572549
0.419608
0.360784
0.364706
0.454902
0.454902
0.352941
0.321569
0.313725
0.301961
0.282353
0.258824
0.341176
0.521569
0.607843
0.654902
0.654902
0.462745
0.349020
0.411765
0.403922
0.384314
0.384314
0.364706
0.341176
0.345098
0.368627
0.400000
0.466667
0.564706
0.682353
0.631373
0.545098
0.415686
0.407843
0.415686
0.431373
0.435294
0.368627
0.360784
0.356863
0.364706
0.372549
0.305882
0.321569
0.400000
0.545098
0.662745
0.745098
0.694118
0.603922
0.470588
0.396078
0.352941
0.360784
0.364706
0.360784
0.349020
0.392157
0.478431
0.690196
0.788235
0.792157
0.658824
0.537255
0.423529
0.435294
0.458824
0.478431
0.458824
0.396078
0.376471
0.388235
0.392157
0.384314
0.341176
0.313725
0.290196
0.439216
0.580392
0.709804
0.666667
0.576471
0.447059
0.380392
0.349020
0.380392
0.384314
0.380392
0.372549
0.392157
0.423529
0.509804
0.560784
0.584314
0.521569
0.486275
0.490196
0.490196
0.486275
0.478431
0.454902
0.392157
0.407843
0.478431
0.482353
0.447059
0.400000
0.321569
0.223529
0.254902
0.349020
0.513725
0.505882
0.513725
0.568627
0.521569
0.454902
0.396078
0.372549
0.372549
0.419608
0.482353
0.545098
0.501961
0.478431
0.474510
0.474510
0.486275
0.513725
0.513725
0.505882
0.486275
0.443137
0.419608
0.400000
0.423529
0.447059
0.462745
0.439216
0.360784
0.235294
0.231373
0.270588
0.356863
0.380392
0.372549
0.313725
0.431373
0.529412
0.490196
0.454902
0.439216
0.498039
0.482353
0.427451
0.376471
0.384314
0.443137
0.423529
0.427451
0.454902
0.466667
0.462745
0.447059
0.411765
0.364706
0.403922
0.447059
0.474510
0.486275
0.478431
0.407843
0.286275
0.254902
0.274510
0.349020
0.372549
0.403922
0.470588
0.541176
0.576471
0.509804
0.525490
0.552941
0.509804
0.517647
0.537255
0.450980
0.411765
0.415686
0.411765
0.411765
0.403922
0.427451
0.443137
0.450980
0.423529
0.439216
0.454902
0.494118
0.513725
0.517647
0.482353
0.419608
0.333333
0.270588
0.262745
0.329412
0.352941
0.380392
0.419608
0.458824
0.494118
0.529412
0.623529
0.705882
0.631373
0.529412
0.415686
0.368627
0.364706
0.400000
0.431373
0.431373
0.403922
0.435294
0.462745
0.466667
0.447059
0.415686
0.423529
0.443137
0.447059
0.439216
0.435294
0.392157
0.321569
0.262745
0.262745
0.341176
0.364706
0.376471
0.360784
0.372549
0.423529
0.580392
0.686275
0.749020
0.698039
0.572549
0.407843
0.329412
0.337255
0.411765
0.388235
0.372549
0.368627
0.388235
0.411765
0.427451
0.403922
0.450980
0.443137
0.411765
0.396078
0.384314
0.396078
0.368627
0.305882
0.254902
0.266667
0.356863
0.356863
0.345098
0.329412
0.349020
0.380392
0.423529
0.407843
0.380392
0.364706
0.337255
0.298039
0.266667
0.298039
0.380392
0.388235
0.384314
0.372549
0.411765
0.427451
0.400000
0.352941
0.439216
0.447059
0.439216
0.419608
0.396078
0.384314
0.356863
0.313725
0.274510
0.282353
0.349020
0.317647
0.298039
0.309804
0.321569
0.329412
0.321569
0.301961
0.278431
0.266667
0.278431
0.301961
0.266667
0.294118
0.380392
0.439216
0.462745
0.439216
0.447059
0.447059
0.427451
0.427451
0.396078
0.411765
0.431373
0.447059
0.454902
0.411765
0.364706
0.313725
0.282353
0.278431
0.305882
0.294118
0.294118
0.333333
0.435294
0.529412
0.568627
0.568627
0.556863
0.529412
0.474510
0.403922
0.313725
0.313725
0.388235
0.419608
0.435294
0.439216
0.435294
0.423529
0.396078
0.407843
0.400000
0.403922
0.447059
0.454902
0.443137
0.400000
0.364706
0.337255
0.298039
0.282353
0.290196
0.270588
0.270588
0.309804
0.380392
0.431373
0.427451
0.388235
0.349020
0.356863
0.333333
0.294118
0.262745
0.298039
0.392157
0.419608
0.435294
0.431373
0.435294
0.431373
0.423529
0.407843
0.360784
0.349020
0.364706
0.360784
0.352941
0.392157
0.396078
0.372549
0.333333
0.294118
0.258824
0.227451
0.227451
0.278431
0.317647
0.337255
0.313725
0.278431
0.247059
0.239216
0.235294
0.231373
0.231373
0.309804
0.450980
0.470588
0.474510
0.462745
0.435294
0.423529
0.439216
0.423529
0.384314
0.380392
0.337255
0.349020
0.392157
0.396078
0.400000
0.396078
0.368627
0.317647
0.239216
0.211765
0.215686
0.258824
0.282353
0.294118
0.270588
0.250980
0.235294
0.231373
0.219608
0.207843
0.227451
0.301961
0.419608
0.439216
0.435294
0.403922
0.376471
0.372549
0.400000
0.407843
0.325490
0.313725
0.250980
0.278431
0.345098
0.372549
0.388235
0.396078
0.337255
0.278431
0.215686
0.207843
0.211765
0.223529
0.247059
0.270588
0.282353
0.274510
0.258824
0.223529
0.196078
0.176471
0.231373
0.309804
0.403922
0.388235
0.364706
0.333333
0.321569
0.329412
0.360784
0.364706
0.290196
0.325490
0.325490
0.349020
0.376471
0.380392
0.364706
0.329412
0.223529
0.172549
0.196078
0.219608
0.219608
0.196078
0.196078
0.215686
0.258824
0.258824
0.239216
0.215686
0.207843
0.223529
0.309804
0.349020
0.349020
0.325490
0.309804
0.298039
0.317647
0.333333
0.345098
0.352941
0.337255
0.384314
0.392157
0.392157
0.388235
0.384314
0.403922
0.447059
0.364706
0.321569
0.321569
0.325490
0.317647
0.282353
0.247059
0.203922
0.149020
0.149020
0.192157
0.286275
0.360784
0.411765
0.396078
0.364706
0.317647
0.317647
0.305882
0.290196
0.313725
0.333333
0.349020
0.352941
0.380392
0.388235
0.376471
0.360784
0.352941
0.360784
0.392157
0.443137
0.400000
0.372549
0.364706
0.352941
0.337255
0.301961
0.301961
0.301961
0.290196
0.258824
0.235294
0.294118
0.333333
0.360784
0.388235
0.384314
0.349020
0.309804
0.305882
0.345098
0.364706
0.376471
0.372549
0.345098
0.364706
0.392157
0.388235
0.372549
0.360784
0.439216
0.447059
0.396078
0.352941
0.337255
0.360784
0.364706
0.352941
0.313725
0.282353
0.274510
0.305882
0.274510
0.227451
0.250980
0.270588
0.294118
0.349020
0.384314
0.400000
0.364706
0.345098
0.341176
0.345098
0.368627
0.415686
0.384314
0.223529
0.243137
0.270588
0.294118
0.313725
0.337255
0.317647
0.266667
0.286275
0.282353
0.254902
0.286275
0.309804
0.317647
0.294118
0.266667
0.250980
0.219608
0.192157
0.215686
0.254902
0.309804
0.333333
0.360784
0.392157
0.403922
0.403922
0.392157
0.396078
0.403922
0.419608
0.407843
0.180392
0.200000
0.258824
0.305882
0.345098
0.368627
0.352941
0.298039
0.345098
0.364706
0.349020
0.356863
0.364706
0.360784
0.349020
0.317647
0.223529
0.137255
0.078431
0.133333
0.243137
0.368627
0.384314
0.396078
0.415686
0.411765
0.400000
0.388235
0.360784
0.345098
0.352941
0.380392
0.223529
0.258824
0.258824
0.227451
0.180392
0.149020
0.133333
0.125490
0.164706
0.231373
0.321569
0.360784
0.384314
0.400000
0.403922
0.396078
0.349020
0.282353
0.211765
0.172549
0.145098
0.125490
0.149020
0.188235
0.243137
0.278431
0.313725
0.349020
0.337255
0.317647
0.290196
0.247059
0.219608
0.250980
0.258824
0.243137
0.211765
0.152941
0.129412
0.125490
0.168627
0.235294
0.333333
0.372549
0.400000
0.411765
0.415686
0.403922
0.360784
0.294118
0.219608
0.152941
0.117647
0.098039
0.105882
0.141176
0.200000
0.282353
0.341176
0.376471
0.337255
0.290196
0.250980
0.270588
0.215686
0.243137
0.231373
0.219608
0.203922
0.152941
0.137255
0.145098
0.192157
0.258824
0.356863
0.388235
0.411765
0.423529
0.431373
0.423529
0.392157
0.321569
0.239216
0.160784
0.121569
0.109804
0.121569
0.184314
0.298039
0.317647
0.301961
0.247059
0.247059
0.247059
0.235294
0.266667
0.250980
0.258824
0.207843
0.196078
0.203922
0.168627
0.160784
0.176471
0.219608
0.286275
0.380392
0.400000
0.415686
0.427451
0.435294
0.435294
0.411765
0.349020
0.266667
0.184314
0.152941
0.149020
0.141176
0.184314
0.266667
0.262745
0.254902
0.239216
0.239216
0.239216
0.231373
0.219608
0.294118
0.301961
0.282353
0.278431
0.278431
0.215686
0.164706
0.121569
0.192157
0.286275
0.400000
0.411765
0.423529
0.439216
0.447059
0.443137
0.411765
0.356863
0.286275
0.196078
0.141176
0.117647
0.164706
0.207843
0.247059
0.254902
0.254902
0.254902
0.239216
0.235294
0.243137
0.219608
0.298039
0.309804
0.286275
0.278431
0.270588
0.192157
0.149020
0.133333
0.203922
0.294118
0.396078
0.407843
0.415686
0.423529
0.431373
0.431373
0.419608
0.376471
0.313725
0.207843
0.141176
0.101961
0.152941
0.188235
0.211765
0.247059
0.274510
0.278431
0.286275
0.282353
0.270588
0.231373
0.274510
0.270588
0.211765
0.215686
0.243137
0.200000
0.172549
0.164706
0.239216
0.313725
0.388235
0.403922
0.411765
0.407843
0.423529
0.435294
0.439216
0.396078
0.325490
0.223529
0.152941
0.105882
0.152941
0.196078
0.227451
0.215686
0.203922
0.184314
0.266667
0.313725
0.270588
0.223529
0.231373
0.203922
0.117647
0.149020
0.231373
0.196078
0.164706
0.137255
0.258824
0.349020
0.400000
0.407843
0.403922
0.396078
0.411765
0.427451
0.439216
0.403922
0.341176
0.250980
0.172549
0.109804
0.160784
0.196078
0.219608
0.239216
0.325490
0.498039
0.470588
0.392157
0.254902
0.211765
0.227451
0.235294
0.223529
0.254902
0.313725
0.392157
0.368627
0.262745
0.270588
0.309804
0.372549
0.388235
0.392157
0.388235
0.407843
0.423529
0.435294
0.403922
0.349020
0.254902
0.188235
0.149020
0.168627
0.227451
0.321569
0.466667
0.564706
0.600000
0.400000
0.243137
0.207843
0.200000
0.243137
0.250980
0.341176
0.364706
0.360784
0.454902
0.494118
0.482353
0.486275
0.454902
0.384314
0.380392
0.384314
0.388235
0.400000
0.407843
0.400000
0.352941
0.290196
0.215686
0.180392
0.164706
0.160784
0.290196
0.529412
0.564706
0.552941
0.482353
0.305882
0.200000
0.239216
0.231373
0.211765
0.207843
0.274510
0.254902
0.196078
0.258824
0.376471
0.529412
0.560784
0.568627
0.541176
0.407843
0.333333
0.384314
0.380392
0.364706
0.356863
0.321569
0.270588
0.211765
0.200000
0.211765
0.192157
0.321569
0.580392
0.576471
0.501961
0.345098
0.266667
0.231373
0.262745
0.254902
0.184314
0.149020
0.176471
0.192157
0.192157
0.200000
0.298039
0.470588
0.541176
0.596078
0.623529
0.419608
0.294118
0.341176
0.345098
0.341176
0.333333
0.309804
0.286275
0.282353
0.298039
0.333333
0.411765
0.505882
0.619608
0.541176
0.439216
0.301961
0.258824
0.227451
0.203922
0.196078
0.184314
0.172549
0.188235
0.203922
0.211765
0.180392
0.223529
0.321569
0.458824
0.580392
0.690196
0.643137
0.552941
0.407843
0.349020
0.321569
0.321569
0.325490
0.321569
0.301961
0.341176
0.423529
0.635294
0.725490
0.709804
0.533333
0.376471
0.247059
0.227451
0.227451
0.243137
0.227451
0.176471
0.168627
0.203922
0.200000
0.176471
0.164706
0.172549
0.196078
0.345098
0.490196
0.635294
0.600000
0.517647
0.376471
0.329412
0.317647
0.349020
0.356863
0.356863
0.349020
0.360784
0.384314
0.450980
0.470588
0.447059
0.333333
0.266667
0.262745
0.243137
0.231373
0.231373
0.215686
0.188235
0.223529
0.317647
0.313725
0.250980
0.211765
0.172549
0.129412
0.168627
0.266667
0.431373
0.431373
0.439216
0.494118
0.466667
0.415686
0.352941
0.333333
0.337255
0.380392
0.439216
0.494118
0.411765
0.337255
0.270588
0.235294
0.235294
0.270588
0.270588
0.254902
0.231373
0.207843
0.290196
0.243137
0.247059
0.250980
0.250980
0.231373
0.188235
0.117647
0.141176
0.188235
0.266667
0.305882
0.309804
0.262745
0.380392
0.478431
0.427451
0.392157
0.376471
0.431373
0.431373
0.388235
0.254902
0.196078
0.200000
0.188235
0.192157
0.223529
0.223529
0.215686
0.203922
0.192157
0.207843
0.215686
0.227451
0.231373
0.227451
0.227451
0.192157
0.129412
0.141176
0.184314
0.270588
0.305882
0.345098
0.411765
0.470588
0.494118
0.423529
0.435294
0.462745
0.419608
0.427451
0.454902
0.317647
0.243137
0.215686
0.215686
0.207843
0.188235
0.196078
0.211765
0.227451
0.207843
0.203922
0.196078
0.211765
0.215686
0.219608
0.207843
0.188235
0.156863
0.141176
0.168627
0.250980
0.282353
0.309804
0.333333
0.360784
0.396078
0.439216
0.549020
0.639216
0.556863
0.439216
0.309804
0.239216
0.211765
0.219608
0.250980
0.247059
0.203922
0.219608
0.227451
0.215686
0.196078
0.176471
0.168627
0.180392
0.192157
0.196078
0.215686
0.200000
0.156863
0.137255
0.168627
0.262745
0.282353
0.278431
0.254902
0.262745
0.321569
0.501961
0.639216
0.725490
0.666667
0.513725
0.313725
0.211765
0.184314
0.215686
0.200000
0.184314
0.176471
0.188235
0.196078
0.196078
0.176471
0.215686
0.203922
0.176471
0.188235
0.223529
0.254902
0.231373
0.160784
0.145098
0.176471
0.270588
0.262745
0.243137
0.215686
0.243137
0.286275
0.352941
0.372549
0.368627
0.360784
0.313725
0.247059
0.176471
0.160784
0.192157
0.200000
0.200000
0.188235
0.223529
0.239216
0.211765
0.188235
0.243137
0.247059
0.227451
0.215686
0.211765
0.192157
0.180392
0.168627
0.168627
0.188235
0.235294
0.211765
0.192157
0.203922
0.227451
0.250980
0.266667
0.274510
0.274510
0.254902
0.250980
0.247059
0.172549
0.160784
0.203922
0.250980
0.262745
0.227451
0.227451
0.223529
0.215686
0.231373
0.235294
0.239216
0.223529
0.227451
0.239216
0.192157
0.164706
0.152941
0.160784
0.172549
0.184314
0.176471
0.188235
0.223529
0.333333
0.443137
0.501961
0.521569
0.521569
0.486275
0.415686
0.325490
0.203922
0.176471
0.219608
0.239216
0.243137
0.227451
0.215686
0.203922
0.200000
0.215686
0.196078
0.219608
0.274510
0.290196
0.282353
0.211765
0.172549
0.160784
0.160784
0.168627
0.172549
0.160784
0.156863
0.184314
0.254902
0.317647
0.329412
0.305882
0.278431
0.282353
0.247059
0.196078
0.152941
0.164706
0.227451
0.243137
0.247059
0.231373
0.231373
0.227451
0.223529
0.207843
0.156863
0.164706
0.203922
0.192157
0.156863
0.160784
0.172549
0.180392
0.180392
0.168627
0.145098
0.121569
0.121569
0.156863
0.192157
0.215686
0.207843
0.184314
0.160784
0.152941
0.145098
0.137255
0.125490
0.172549
0.274510
0.266667
0.254902
0.239216
0.223529
0.219608
0.235294
0.211765
0.156863
0.168627
0.152941
0.156863
0.176471
0.168627
0.168627
0.180392
0.196078
0.180392
0.129412
0.109804
0.109804
0.141176
0.164706
0.172549
0.156863
0.145098
0.133333
0.137255
0.133333
0.121569
0.117647
0.149020
0.203922
0.211765
0.207843
0.188235
0.184314
0.192157
0.219608
0.219608
0.145098
0.141176
0.098039
0.101961
0.133333
0.137255
0.152941
0.184314
0.172549
0.152941
0.113725
0.109804
0.109804
0.113725
0.137255
0.160784
0.172549
0.172549
0.164706
0.141176
0.109804
0.082353
0.109804
0.149020
0.200000
0.180392
0.156863
0.129412
0.133333
0.149020
0.184314
0.184314
0.125490
0.149020
0.145098
0.141176
0.133333
0.129412
0.137255
0.145098
0.086275
0.066667
0.090196
0.101961
0.105882
0.086275
0.094118
0.121569
0.168627
0.172549
0.156863
0.129412
0.105882
0.094118
0.156863
0.172549
0.152941
0.137255
0.125490
0.117647
0.137255
0.156863
0.160784
0.164706
0.141176
0.160784
0.160784
0.156863
0.152941
0.156863
0.188235
0.239216
0.168627
0.125490
0.125490
0.133333
0.141176
0.152941
0.152941
0.141176
0.090196
0.078431
0.090196
0.145098
0.180392
0.200000
0.203922
0.180392
0.133333
0.152941
0.160784
0.149020
0.156863
0.160784
0.160784
0.160784
0.168627
0.164706
0.152941
0.149020
0.145098
0.149020
0.164706
0.192157
0.145098
0.125490
0.137255
0.133333
0.137255
0.160784
0.184314
0.192157
0.156863
0.125490
0.101961
0.133333
0.145098
0.149020
0.200000
0.207843
0.184314
0.180392
0.203922
0.258824
0.262745
0.247059
0.200000
0.168627
0.176471
0.196078
0.192157
0.180392
0.176471
0.239216
0.235294
0.168627
0.121569
0.113725
0.152941
0.160784
0.156863
0.141176
0.117647
0.109804
0.133333
0.113725
0.086275
0.101961
0.101961
0.094118
0.149020
0.180392
0.184314
0.184314
0.184314
0.196078
0.188235
0.196078
0.227451
0.203922
0.098039
0.101961
0.105882
0.117647
0.129412
0.141176
0.125490
0.090196
0.109804
0.113725
0.094118
0.109804
0.117647
0.105882
0.090196
0.082353
0.101961
0.098039
0.090196
0.101961
0.109804
0.109804
0.129412
0.149020
0.168627
0.196078
0.207843
0.200000
0.196078
0.200000
0.215686
0.215686
0.086275
0.094118
0.109804
0.125490
0.141176
0.145098
0.137255
0.117647
0.180392
0.207843
0.188235
0.156863
0.133333
0.117647
0.121569
0.121569
0.094118
0.058824
0.035294
0.066667
0.109804
0.160784
0.188235
0.203922
0.211765
0.196078
0.188235
0.180392
0.164706
0.156863
0.168627
0.188235
