0.560784
0.517647
0.490196
0.447059
0.392157
0.356863
0.329412
0.290196
0.270588
0.333333
0.439216
0.529412
0.596078
0.631373
0.627451
0.623529
0.631373
0.627451
0.619608
0.615686
0.615686
0.619608
0.623529
0.623529
0.623529
0.627451
0.623529
0.615686
0.603922
0.600000
0.588235
0.572549
0.549020
0.513725
0.486275
0.447059
0.396078
0.356863
0.325490
0.294118
0.262745
0.298039
0.392157
0.486275
0.552941
0.600000
0.615686
0.619608
0.623529
0.627451
0.627451
0.623529
0.619608
0.627451
0.631373
0.631373
0.635294
0.631373
0.627451
0.619608
0.615686
0.615686
0.603922
0.584314
0.525490
0.501961
0.486275
0.450980
0.407843
0.360784
0.321569
0.294118
0.262745
0.270588
0.345098
0.435294
0.501961
0.552941
0.592157
0.600000
0.600000
0.611765
0.619608
0.619608
0.623529
0.627451
0.627451
0.639216
0.639216
0.635294
0.623529
0.619608
0.631373
0.631373
0.619608
0.603922
0.501961
0.490196
0.478431
0.450980
0.415686
0.368627
0.329412
0.301961
0.278431
0.286275
0.313725
0.376471
0.454902
0.509804
0.552941
0.576471
0.580392
0.611765
0.650980
0.658824
0.635294
0.615686
0.619608
0.635294
0.635294
0.635294
0.619608
0.611765
0.623529
0.627451
0.619608
0.611765
0.498039
0.494118
0.486275
0.458824
0.419608
0.376471
0.337255
0.309804
0.301961
0.317647
0.329412
0.356863
0.419608
0.474510
0.525490
0.564706
0.607843
0.654902
0.627451
0.564706
0.572549
0.615686
0.603922
0.619608
0.619608
0.623529
0.607843
0.603922
0.607843
0.611765
0.611765
0.603922
0.505882
0.490196
0.478431
0.462745
0.431373
0.392157
0.349020
0.321569
0.329412
0.341176
0.349020
0.372549
0.419608
0.466667
0.525490
0.588235
0.643137
0.611765
0.466667
0.290196
0.407843
0.509804
0.576471
0.596078
0.603922
0.600000
0.588235
0.588235
0.592157
0.592157
0.596078
0.600000
0.513725
0.486275
0.470588
0.470588
0.447059
0.407843
0.368627
0.349020
0.356863
0.360784
0.360784
0.388235
0.431373
0.482353
0.552941
0.682353
0.690196
0.584314
0.600000
0.462745
0.266667
0.400000
0.596078
0.592157
0.596078
0.600000
0.592157
0.596078
0.600000
0.600000
0.603922
0.607843
0.521569
0.490196
0.482353
0.482353
0.458824
0.419608
0.392157
0.376471
0.376471
0.372549
0.360784
0.388235
0.435294
0.494118
0.639216
0.780392
0.811765
0.549020
0.584314
0.607843
0.180392
0.411765
0.619608
0.596078
0.603922
0.607843
0.615686
0.615686
0.619608
0.619608
0.619608
0.615686
0.521569
0.494118
0.490196
0.490196
0.474510
0.439216
0.411765
0.388235
0.384314
0.376471
0.356863
0.372549
0.427451
0.619608
0.752941
0.690196
0.733333
0.733333
0.698039
0.666667
0.349020
0.411765
0.631373
0.603922
0.611765
0.615686
0.627451
0.627451
0.631373
0.631373
0.627451
0.627451
0.513725
0.494118
0.501961
0.505882
0.494118
0.454902
0.415686
0.392157
0.388235
0.384314
0.349020
0.352941
0.564706
0.756863
0.615686
0.650980
0.768627
0.749020
0.737255
0.709804
0.603922
0.568627
0.635294
0.615686
0.619608
0.627451
0.631373
0.623529
0.627451
0.631373
0.631373
0.639216
0.509804
0.501961
0.513725
0.521569
0.509804
0.466667
0.419608
0.400000
0.380392
0.360784
0.376471
0.533333
0.709804
0.721569
0.623529
0.701961
0.733333
0.674510
0.662745
0.662745
0.631373
0.592157
0.623529
0.619608
0.623529
0.635294
0.627451
0.631373
0.643137
0.643137
0.639216
0.643137
0.513725
0.517647
0.529412
0.537255
0.521569
0.482353
0.439216
0.403922
0.360784
0.364706
0.584314
0.725490
0.600000
0.552941
0.611765
0.694118
0.635294
0.572549
0.560784
0.592157
0.552941
0.525490
0.623529
0.619608
0.627451
0.639216
0.631373
0.639216
0.643137
0.647059
0.650980
0.643137
0.517647
0.533333
0.552941
0.560784
0.545098
0.505882
0.462745
0.419608
0.376471
0.486275
0.600000
0.623529
0.611765
0.568627
0.576471
0.619608
0.545098
0.517647
0.513725
0.529412
0.541176
0.568627
0.623529
0.627451
0.631373
0.639216
0.635294
0.643137
0.647059
0.654902
0.658824
0.639216
0.533333
0.549020
0.572549
0.580392
0.568627
0.525490
0.470588
0.431373
0.458824
0.627451
0.674510
0.772549
0.788235
0.713725
0.623529
0.564706
0.509804
0.478431
0.466667
0.513725
0.572549
0.603922
0.623529
0.631373
0.635294
0.643137
0.643137
0.654902
0.662745
0.666667
0.654902
0.631373
0.560784
0.564706
0.580392
0.596078
0.580392
0.549020
0.533333
0.568627
0.631373
0.713725
0.768627
0.752941
0.635294
0.521569
0.454902
0.458824
0.486275
0.462745
0.458824
0.521569
0.580392
0.600000
0.611765
0.619608
0.631373
0.639216
0.643137
0.658824
0.662745
0.654902
0.635294
0.619608
0.588235
0.580392
0.603922
0.576471
0.564706
0.623529
0.623529
0.572549
0.541176
0.513725
0.494118
0.458824
0.403922
0.345098
0.372549
0.380392
0.384314
0.372549
0.439216
0.545098
0.588235
0.603922
0.600000
0.607843
0.619608
0.623529
0.639216
0.650980
0.650980
0.643137
0.631373
0.619608
0.545098
0.439216
0.478431
0.521569
0.482353
0.415686
0.266667
0.196078
0.266667
0.435294
0.494118
0.415686
0.431373
0.486275
0.454902
0.333333
0.282353
0.247059
0.388235
0.568627
0.603922
0.600000
0.603922
0.615686
0.623529
0.631373
0.647059
0.654902
0.650980
0.647059
0.639216
0.635294
0.631373
0.494118
0.501961
0.474510
0.219608
0.121569
0.074510
0.074510
0.094118
0.164706
0.384314
0.521569
0.521569
0.509804
0.443137
0.407843
0.415686
0.337255
0.364706
0.494118
0.525490
0.525490
0.619608
0.631373
0.639216
0.650980
0.654902
0.658824
0.658824
0.654902
0.650980
0.647059
0.662745
0.486275
0.396078
0.407843
0.227451
0.141176
0.113725
0.062745
0.050980
0.188235
0.396078
0.447059
0.470588
0.490196
0.415686
0.392157
0.490196
0.423529
0.368627
0.400000
0.431373
0.505882
0.631373
0.647059
0.647059
0.650980
0.650980
0.654902
0.662745
0.658824
0.654902
0.658824
0.639216
0.564706
0.356863
0.325490
0.274510
0.325490
0.360784
0.364706
0.345098
0.380392
0.415686
0.415686
0.400000
0.423529
0.423529
0.431373
0.474510
0.396078
0.356863
0.345098
0.345098
0.396078
0.505882
0.600000
0.650980
0.631373
0.615686
0.631373
0.647059
0.647059
0.647059
0.647059
0.592157
0.658824
0.552941
0.388235
0.447059
0.588235
0.521569
0.474510
0.427451
0.380392
0.388235
0.400000
0.321569
0.321569
0.396078
0.415686
0.380392
0.286275
0.266667
0.254902
0.239216
0.266667
0.352941
0.423529
0.564706
0.686275
0.709804
0.639216
0.615686
0.627451
0.627451
0.615686
0.552941
0.521569
0.564706
0.537255
0.529412
0.415686
0.400000
0.403922
0.352941
0.360784
0.392157
0.380392
0.376471
0.384314
0.360784
0.380392
0.356863
0.301961
0.254902
0.223529
0.227451
0.243137
0.266667
0.262745
0.317647
0.545098
0.729412
0.705882
0.607843
0.592157
0.600000
0.592157
0.560784
0.396078
0.450980
0.447059
0.368627
0.403922
0.443137
0.400000
0.337255
0.341176
0.356863
0.349020
0.341176
0.360784
0.388235
0.388235
0.380392
0.345098
0.298039
0.274510
0.231373
0.219608
0.290196
0.250980
0.145098
0.333333
0.584314
0.666667
0.678431
0.623529
0.572549
0.576471
0.533333
0.341176
0.450980
0.454902
0.462745
0.458824
0.494118
0.450980
0.407843
0.368627
0.392157
0.407843
0.392157
0.400000
0.411765
0.376471
0.396078
0.360784
0.333333
0.364706
0.337255
0.266667
0.235294
0.270588
0.223529
0.313725
0.525490
0.580392
0.643137
0.674510
0.619608
0.564706
0.486275
0.509804
0.662745
0.611765
0.533333
0.501961
0.596078
0.545098
0.439216
0.415686
0.443137
0.419608
0.415686
0.403922
0.384314
0.341176
0.372549
0.352941
0.349020
0.380392
0.415686
0.388235
0.262745
0.262745
0.223529
0.250980
0.435294
0.533333
0.588235
0.615686
0.658824
0.588235
0.501961
0.631373
0.705882
0.631373
0.631373
0.631373
0.568627
0.447059
0.392157
0.400000
0.415686
0.427451
0.427451
0.384314
0.376471
0.356863
0.337255
0.360784
0.372549
0.376471
0.380392
0.415686
0.380392
0.356863
0.250980
0.223529
0.290196
0.431373
0.584314
0.529412
0.494118
0.619608
0.517647
0.623529
0.662745
0.615686
0.670588
0.635294
0.501961
0.474510
0.454902
0.419608
0.427451
0.407843
0.419608
0.392157
0.384314
0.380392
0.396078
0.415686
0.427451
0.376471
0.356863
0.396078
0.349020
0.364706
0.380392
0.333333
0.294118
0.301961
0.466667
0.537255
0.384314
0.450980
0.517647
0.588235
0.643137
0.584314
0.619608
0.537255
0.541176
0.545098
0.447059
0.407843
0.407843
0.360784
0.372549
0.364706
0.333333
0.345098
0.364706
0.388235
0.392157
0.372549
0.309804
0.286275
0.254902
0.305882
0.352941
0.352941
0.325490
0.345098
0.372549
0.450980
0.486275
0.286275
0.419608
0.560784
0.603922
0.541176
0.525490
0.498039
0.494118
0.466667
0.423529
0.396078
0.349020
0.329412
0.349020
0.329412
0.278431
0.294118
0.313725
0.298039
0.274510
0.341176
0.345098
0.298039
0.262745
0.278431
0.364706
0.376471
0.341176
0.392157
0.360784
0.345098
0.466667
0.454902
0.513725
0.627451
0.658824
0.525490
0.454902
0.498039
0.447059
0.439216
0.486275
0.423529
0.380392
0.376471
0.400000
0.333333
0.258824
0.258824
0.282353
0.254902
0.200000
0.250980
0.301961
0.337255
0.329412
0.290196
0.360784
0.407843
0.364706
0.352941
0.384314
0.360784
0.458824
0.478431
0.560784
0.654902
0.588235
0.443137
0.462745
0.505882
0.513725
0.529412
0.552941
0.513725
0.454902
0.415686
0.396078
0.380392
0.341176
0.313725
0.282353
0.254902
0.254902
0.270588
0.298039
0.317647
0.345098
0.345098
0.364706
0.415686
0.427451
0.333333
0.368627
0.380392
0.396078
0.380392
0.572549
0.643137
0.560784
0.447059
0.490196
0.545098
0.568627
0.560784
0.545098
0.478431
0.443137
0.396078
0.341176
0.309804
0.309804
0.333333
0.309804
0.270588
0.254902
0.294118
0.301961
0.301961
0.337255
0.360784
0.349020
0.372549
0.443137
0.345098
0.349020
0.392157
0.392157
0.427451
0.462745
0.435294
0.415686
0.388235
0.356863
0.325490
0.309804
0.282353
0.278431
0.345098
0.443137
0.521569
0.576471
0.600000
0.596078
0.596078
0.603922
0.603922
0.600000
0.596078
0.596078
0.600000
0.600000
0.596078
0.596078
0.600000
0.600000
0.596078
0.588235
0.588235
0.576471
0.556863
0.462745
0.443137
0.423529
0.396078
0.360784
0.325490
0.305882
0.286275
0.270588
0.305882
0.392157
0.474510
0.537255
0.568627
0.588235
0.596078
0.596078
0.596078
0.596078
0.592157
0.592157
0.600000
0.607843
0.607843
0.607843
0.600000
0.603922
0.600000
0.600000
0.603922
0.592157
0.572549
0.450980
0.439216
0.431373
0.403922
0.372549
0.329412
0.301961
0.286275
0.270588
0.274510
0.337255
0.423529
0.486275
0.529412
0.568627
0.580392
0.580392
0.576471
0.576471
0.576471
0.576471
0.588235
0.603922
0.615686
0.611765
0.603922
0.600000
0.603922
0.615686
0.615686
0.607843
0.592157
0.439216
0.435294
0.431373
0.411765
0.380392
0.337255
0.309804
0.294118
0.282353
0.286275
0.301961
0.360784
0.439216
0.490196
0.533333
0.556863
0.560784
0.564706
0.596078
0.603922
0.580392
0.568627
0.596078
0.611765
0.607843
0.607843
0.596078
0.596078
0.611765
0.615686
0.611765
0.600000
0.423529
0.431373
0.431373
0.415686
0.388235
0.352941
0.325490
0.309804
0.298039
0.301961
0.309804
0.341176
0.411765
0.466667
0.509804
0.533333
0.556863
0.592157
0.560784
0.509804
0.537255
0.592157
0.588235
0.600000
0.600000
0.603922
0.596078
0.596078
0.603922
0.607843
0.603922
0.596078
0.423529
0.423529
0.419608
0.415686
0.400000
0.368627
0.341176
0.321569
0.313725
0.313725
0.321569
0.352941
0.415686
0.478431
0.517647
0.549020
0.584314
0.556863
0.419608
0.254902
0.384314
0.498039
0.560784
0.580392
0.588235
0.588235
0.580392
0.584314
0.588235
0.592157
0.592157
0.588235
0.431373
0.415686
0.411765
0.419608
0.407843
0.380392
0.352941
0.337255
0.333333
0.329412
0.333333
0.360784
0.423529
0.494118
0.537255
0.635294
0.631373
0.556863
0.588235
0.447059
0.254902
0.388235
0.580392
0.576471
0.580392
0.584314
0.584314
0.588235
0.592157
0.592157
0.596078
0.592157
0.439216
0.419608
0.423529
0.427451
0.411765
0.380392
0.364706
0.356863
0.345098
0.337255
0.329412
0.356863
0.423529
0.494118
0.600000
0.717647
0.752941
0.529412
0.584314
0.607843
0.184314
0.415686
0.607843
0.584314
0.592157
0.596078
0.607843
0.611765
0.615686
0.615686
0.611765
0.603922
0.443137
0.423529
0.431373
0.435294
0.415686
0.392157
0.376471
0.360784
0.349020
0.341176
0.325490
0.341176
0.407843
0.592157
0.682353
0.603922
0.662745
0.701961
0.686275
0.662745
0.368627
0.435294
0.627451
0.600000
0.603922
0.611765
0.623529
0.627451
0.631373
0.631373
0.627451
0.615686
0.439216
0.427451
0.439216
0.443137
0.435294
0.403922
0.376471
0.360784
0.349020
0.341176
0.309804
0.321569
0.529412
0.686275
0.529412
0.556863
0.678431
0.694118
0.705882
0.694118
0.607843
0.584314
0.631373
0.611765
0.615686
0.627451
0.635294
0.631373
0.635294
0.639216
0.639216
0.631373
0.443137
0.435294
0.447059
0.458824
0.450980
0.415686
0.384314
0.368627
0.345098
0.317647
0.321569
0.474510
0.631373
0.607843
0.529412
0.623529
0.654902
0.623529
0.631373
0.643137
0.627451
0.596078
0.615686
0.615686
0.623529
0.639216
0.635294
0.643137
0.654902
0.654902
0.650980
0.643137
0.443137
0.450980
0.462745
0.474510
0.466667
0.431373
0.403922
0.376471
0.341176
0.333333
0.513725
0.627451
0.478431
0.415686
0.517647
0.635294
0.592157
0.549020
0.549020
0.576471
0.549020
0.525490
0.615686
0.615686
0.627451
0.639216
0.639216
0.650980
0.654902
0.658824
0.662745
0.654902
0.450980
0.466667
0.486275
0.498039
0.490196
0.454902
0.427451
0.388235
0.352941
0.450980
0.533333
0.525490
0.498039
0.458824
0.509804
0.584314
0.525490
0.521569
0.521569
0.529412
0.537255
0.564706
0.619608
0.623529
0.631373
0.643137
0.647059
0.654902
0.658824
0.666667
0.670588
0.666667
0.466667
0.482353
0.505882
0.517647
0.513725
0.478431
0.435294
0.400000
0.415686
0.576471
0.619608
0.705882
0.721569
0.670588
0.600000
0.549020
0.490196
0.494118
0.494118
0.521569
0.572549
0.600000
0.615686
0.627451
0.635294
0.647059
0.650980
0.666667
0.674510
0.678431
0.670588
0.662745
0.494118
0.501961
0.517647
0.537255
0.521569
0.494118
0.486275
0.525490
0.584314
0.662745
0.721569
0.709804
0.603922
0.509804
0.439216
0.439216
0.466667
0.474510
0.478431
0.529412
0.580392
0.600000
0.615686
0.627451
0.639216
0.650980
0.650980
0.666667
0.678431
0.674510
0.666667
0.654902
0.525490
0.521569
0.541176
0.517647
0.509804
0.568627
0.572549
0.525490
0.501961
0.478431
0.458824
0.419608
0.372549
0.325490
0.337255
0.345098
0.360784
0.368627
0.439216
0.545098
0.584314
0.600000
0.607843
0.619608
0.635294
0.643137
0.647059
0.654902
0.666667
0.670588
0.666667
0.654902
0.474510
0.368627
0.403922
0.454902
0.435294
0.368627
0.231373
0.164706
0.243137
0.407843
0.454902
0.368627
0.388235
0.447059
0.411765
0.286275
0.243137
0.223529
0.372549
0.552941
0.588235
0.588235
0.600000
0.611765
0.627451
0.635294
0.643137
0.650980
0.658824
0.666667
0.666667
0.658824
0.549020
0.407843
0.411765
0.392157
0.156863
0.070588
0.035294
0.047059
0.078431
0.141176
0.341176
0.458824
0.454902
0.454902
0.388235
0.356863
0.356863
0.294118
0.329412
0.458824
0.498039
0.501961
0.596078
0.611765
0.623529
0.635294
0.635294
0.639216
0.650980
0.662745
0.662745
0.654902
0.568627
0.388235
0.294118
0.317647
0.156863
0.082353
0.078431
0.039216
0.039216
0.160784
0.341176
0.360784
0.376471
0.419608
0.356863
0.333333
0.419608
0.356863
0.305882
0.345098
0.388235
0.462745
0.588235
0.607843
0.611765
0.619608
0.615686
0.623529
0.643137
0.654902
0.654902
0.654902
0.541176
0.462745
0.247059
0.223529
0.200000
0.258824
0.309804
0.325490
0.309804
0.333333
0.349020
0.325490
0.309804
0.356863
0.364706
0.368627
0.400000
0.329412
0.301961
0.298039
0.305882
0.356863
0.458824
0.552941
0.611765
0.596078
0.576471
0.592157
0.619608
0.631373
0.635294
0.639216
0.490196
0.552941
0.439216
0.286275
0.368627
0.513725
0.447059
0.400000
0.360784
0.317647
0.325490
0.333333
0.262745
0.270588
0.341176
0.352941
0.313725
0.239216
0.235294
0.223529
0.211765
0.239216
0.317647
0.388235
0.533333
0.658824
0.670588
0.592157
0.572549
0.588235
0.596078
0.603922
0.458824
0.423529
0.458824
0.439216
0.458824
0.345098
0.329412
0.333333
0.294118
0.309804
0.341176
0.325490
0.321569
0.329412
0.305882
0.321569
0.298039
0.258824
0.223529
0.196078
0.200000
0.219608
0.235294
0.227451
0.286275
0.517647
0.678431
0.639216
0.545098
0.533333
0.545098
0.549020
0.470588
0.301961
0.349020
0.360784
0.298039
0.333333
0.368627
0.329412
0.282353
0.290196
0.309804
0.301961
0.290196
0.301961
0.329412
0.329412
0.325490
0.305882
0.270588
0.247059
0.207843
0.196078
0.262745
0.219608
0.109804
0.301961
0.529412
0.596078
0.607843
0.545098
0.494118
0.509804
0.450980
0.254902
0.364706
0.376471
0.396078
0.392157
0.427451
0.384314
0.349020
0.313725
0.333333
0.349020
0.329412
0.333333
0.349020
0.321569
0.345098
0.321569
0.305882
0.337255
0.313725
0.243137
0.207843
0.239216
0.192157
0.282353
0.482353
0.525490
0.580392
0.600000
0.541176
0.490196
0.415686
0.423529
0.576471
0.529412
0.458824
0.427451
0.521569
0.470588
0.368627
0.349020
0.380392
0.360784
0.352941
0.341176
0.325490
0.290196
0.325490
0.317647
0.321569
0.356863
0.392157
0.364706
0.239216
0.235294
0.196078
0.223529
0.407843
0.494118
0.533333
0.545098
0.588235
0.517647
0.435294
0.549020
0.603922
0.529412
0.541176
0.541176
0.478431
0.356863
0.309804
0.329412
0.352941
0.372549
0.380392
0.341176
0.333333
0.317647
0.294118
0.321569
0.341176
0.345098
0.352941
0.388235
0.352941
0.333333
0.219608
0.188235
0.258824
0.388235
0.525490
0.466667
0.439216
0.568627
0.447059
0.549020
0.572549
0.525490
0.584314
0.549020
0.415686
0.392157
0.376471
0.352941
0.368627
0.360784
0.380392
0.352941
0.349020
0.345098
0.360784
0.372549
0.384314
0.341176
0.325490
0.364706
0.321569
0.337255
0.352941
0.301961
0.266667
0.262745
0.407843
0.482353
0.341176
0.415686
0.443137
0.517647
0.572549
0.513725
0.552941
0.470588
0.474510
0.478431
0.380392
0.349020
0.360784
0.325490
0.345098
0.337255
0.305882
0.317647
0.337255
0.352941
0.352941
0.341176
0.282353
0.258824
0.227451
0.278431
0.325490
0.321569
0.298039
0.305882
0.321569
0.403922
0.454902
0.266667
0.341176
0.490196
0.541176
0.486275
0.474510
0.447059
0.443137
0.415686
0.368627
0.345098
0.313725
0.301961
0.329412
0.313725
0.262745
0.278431
0.294118
0.274510
0.254902
0.325490
0.333333
0.290196
0.239216
0.250980
0.333333
0.345098
0.309804
0.352941
0.313725
0.309804
0.443137
0.439216
0.431373
0.560784
0.611765
0.486275
0.415686
0.454902
0.403922
0.396078
0.435294
0.376471
0.345098
0.356863
0.384314
0.321569
0.247059
0.247059
0.270588
0.243137
0.196078
0.247059
0.305882
0.341176
0.309804
0.262745
0.329412
0.376471
0.333333
0.313725
0.341176
0.333333
0.439216
0.450980
0.478431
0.592157
0.545098
0.407843
0.431373
0.470588
0.482353
0.494118
0.494118
0.450980
0.411765
0.396078
0.384314
0.360784
0.329412
0.305882
0.278431
0.247059
0.239216
0.258824
0.286275
0.305882
0.333333
0.325490
0.337255
0.376471
0.400000
0.305882
0.337255
0.352941
0.360784
0.333333
0.486275
0.580392
0.517647
0.407843
0.443137
0.498039
0.521569
0.509804
0.478431
0.415686
0.403922
0.372549
0.317647
0.286275
0.298039
0.321569
0.305882
0.258824
0.239216
0.278431
0.286275
0.286275
0.329412
0.349020
0.325490
0.337255
0.419608
0.321569
0.321569
0.364706
0.352941
0.364706
0.349020
0.337255
0.321569
0.305882
0.286275
0.262745
0.258824
0.235294
0.211765
0.227451
0.278431
0.356863
0.415686
0.423529
0.411765
0.400000
0.396078
0.407843
0.411765
0.407843
0.407843
0.411765
0.400000
0.407843
0.423529
0.435294
0.435294
0.423529
0.400000
0.384314
0.372549
0.368627
0.345098
0.337255
0.325490
0.309804
0.290196
0.262745
0.254902
0.235294
0.203922
0.207843
0.266667
0.329412
0.376471
0.407843
0.411765
0.407843
0.403922
0.415686
0.427451
0.423529
0.419608
0.423529
0.411765
0.423529
0.435294
0.439216
0.443137
0.431373
0.415686
0.403922
0.384314
0.368627
0.333333
0.333333
0.329412
0.317647
0.298039
0.266667
0.250980
0.235294
0.203922
0.203922
0.254902
0.294118
0.329412
0.380392
0.403922
0.400000
0.396078
0.411765
0.423529
0.423529
0.423529
0.423529
0.407843
0.431373
0.443137
0.443137
0.439216
0.431373
0.427451
0.415686
0.396078
0.380392
0.313725
0.329412
0.329412
0.321569
0.305882
0.274510
0.258824
0.243137
0.215686
0.231373
0.243137
0.247059
0.286275
0.345098
0.376471
0.384314
0.380392
0.411765
0.454902
0.466667
0.443137
0.415686
0.400000
0.427451
0.439216
0.443137
0.431373
0.423529
0.423529
0.415686
0.400000
0.380392
0.298039
0.317647
0.325490
0.321569
0.317647
0.286275
0.266667
0.254902
0.239216
0.250980
0.250980
0.243137
0.282353
0.333333
0.352941
0.364706
0.392157
0.458824
0.466667
0.423529
0.439216
0.458824
0.403922
0.419608
0.427451
0.431373
0.411765
0.403922
0.407843
0.407843
0.400000
0.380392
0.301961
0.309804
0.317647
0.321569
0.321569
0.298039
0.274510
0.262745
0.254902
0.258824
0.258824
0.262745
0.290196
0.325490
0.356863
0.400000
0.458824
0.462745
0.364706
0.219608
0.337255
0.396078
0.388235
0.403922
0.411765
0.407843
0.400000
0.403922
0.407843
0.407843
0.407843
0.388235
0.305882
0.305882
0.309804
0.321569
0.321569
0.301961
0.278431
0.270588
0.270588
0.270588
0.266667
0.266667
0.286275
0.313725
0.376471
0.517647
0.560784
0.498039
0.556863
0.443137
0.239216
0.313725
0.407843
0.400000
0.403922
0.407843
0.415686
0.427451
0.431373
0.435294
0.427451
0.403922
0.313725
0.309804
0.321569
0.329412
0.313725
0.294118
0.290196
0.282353
0.278431
0.274510
0.258824
0.258824
0.278431
0.301961
0.439216
0.607843
0.690196
0.482353
0.560784
0.607843
0.176471
0.345098
0.435294
0.407843
0.415686
0.419608
0.431373
0.439216
0.443137
0.443137
0.435294
0.411765
0.317647
0.313725
0.329412
0.333333
0.313725
0.298039
0.294118
0.282353
0.282353
0.278431
0.250980
0.239216
0.266667
0.415686
0.525490
0.478431
0.572549
0.635294
0.650980
0.650980
0.341176
0.345098
0.454902
0.419608
0.427451
0.431373
0.427451
0.423529
0.427451
0.427451
0.419608
0.407843
0.317647
0.313725
0.329412
0.333333
0.325490
0.305882
0.290196
0.282353
0.278431
0.278431
0.235294
0.219608
0.384314
0.525490
0.384314
0.427451
0.556863
0.596078
0.647059
0.662745
0.568627
0.490196
0.462745
0.431373
0.423529
0.423529
0.423529
0.415686
0.415686
0.423529
0.419608
0.415686
0.321569
0.317647
0.329412
0.337255
0.337255
0.317647
0.298039
0.294118
0.274510
0.250980
0.243137
0.356863
0.482353
0.454902
0.396078
0.494118
0.521569
0.509804
0.564706
0.600000
0.580392
0.505882
0.454902
0.435294
0.423529
0.415686
0.419608
0.427451
0.439216
0.439216
0.431373
0.423529
0.325490
0.333333
0.345098
0.352941
0.349020
0.329412
0.317647
0.301961
0.266667
0.247059
0.407843
0.490196
0.321569
0.274510
0.388235
0.509804
0.462745
0.443137
0.482353
0.537255
0.494118
0.427451
0.454902
0.435294
0.427451
0.419608
0.423529
0.435294
0.439216
0.443137
0.447059
0.427451
0.333333
0.349020
0.368627
0.380392
0.372549
0.352941
0.341176
0.313725
0.278431
0.352941
0.403922
0.372549
0.341176
0.325490
0.396078
0.482353
0.423529
0.431373
0.462745
0.482353
0.470588
0.450980
0.458824
0.443137
0.431373
0.423529
0.427451
0.439216
0.443137
0.450980
0.450980
0.427451
0.349020
0.364706
0.388235
0.396078
0.396078
0.376471
0.349020
0.325490
0.345098
0.474510
0.482353
0.556863
0.576471
0.545098
0.509804
0.478431
0.427451
0.419608
0.435294
0.474510
0.498039
0.478431
0.454902
0.447059
0.435294
0.427451
0.431373
0.450980
0.458824
0.462745
0.447059
0.419608
0.384314
0.388235
0.400000
0.415686
0.403922
0.388235
0.392157
0.443137
0.494118
0.552941
0.596078
0.576471
0.482353
0.411765
0.356863
0.376471
0.415686
0.427451
0.427451
0.458824
0.474510
0.454902
0.447059
0.443137
0.435294
0.427451
0.431373
0.447059
0.454902
0.450980
0.435294
0.411765
0.419608
0.411765
0.431373
0.403922
0.396078
0.462745
0.478431
0.439216
0.415686
0.388235
0.364706
0.325490
0.286275
0.254902
0.258824
0.270588
0.305882
0.329412
0.384314
0.447059
0.447059
0.439216
0.435294
0.427451
0.423529
0.415686
0.419608
0.431373
0.439216
0.439216
0.431373
0.415686
0.360784
0.262745
0.305882
0.368627
0.364706
0.309804
0.180392
0.125490
0.207843
0.372549
0.411765
0.317647
0.329412
0.380392
0.341176
0.223529
0.188235
0.168627
0.301961
0.454902
0.458824
0.439216
0.431373
0.427451
0.419608
0.415686
0.423529
0.435294
0.439216
0.443137
0.443137
0.431373
0.427451
0.309804
0.325490
0.341176
0.152941
0.074510
0.047059
0.062745
0.082353
0.129412
0.313725
0.419608
0.392157
0.368627
0.313725
0.290196
0.290196
0.219608
0.250980
0.368627
0.392157
0.376471
0.447059
0.447059
0.439216
0.435294
0.439216
0.443137
0.450980
0.454902
0.454902
0.443137
0.443137
0.298039
0.223529
0.274510
0.141176
0.074510
0.078431
0.043137
0.035294
0.141176
0.298039
0.294118
0.286275
0.309804
0.262745
0.243137
0.325490
0.274510
0.239216
0.274510
0.321569
0.384314
0.474510
0.474510
0.458824
0.450980
0.435294
0.439216
0.458824
0.462745
0.462745
0.458824
0.407843
0.360784
0.184314
0.176471
0.141176
0.203922
0.258824
0.274510
0.258824
0.274510
0.270588
0.235294
0.203922
0.243137
0.258824
0.262745
0.290196
0.243137
0.235294
0.235294
0.250980
0.298039
0.380392
0.458824
0.490196
0.447059
0.411765
0.423529
0.443137
0.447059
0.447059
0.447059
0.341176
0.431373
0.364706
0.235294
0.301961
0.447059
0.380392
0.329412
0.274510
0.219608
0.227451
0.239216
0.164706
0.168627
0.235294
0.239216
0.196078
0.145098
0.152941
0.152941
0.152941
0.184314
0.262745
0.325490
0.439216
0.529412
0.525490
0.447059
0.415686
0.419608
0.415686
0.415686
0.317647
0.317647
0.384314
0.376471
0.380392
0.262745
0.250980
0.254902
0.207843
0.223529
0.254902
0.239216
0.231373
0.227451
0.196078
0.207843
0.184314
0.156863
0.137255
0.121569
0.133333
0.152941
0.164706
0.164706
0.215686
0.423529
0.580392
0.537255
0.419608
0.380392
0.376471
0.384314
0.337255
0.215686
0.278431
0.282353
0.211765
0.247059
0.282353
0.243137
0.192157
0.203922
0.219608
0.215686
0.196078
0.188235
0.215686
0.219608
0.215686
0.203922
0.176471
0.164706
0.137255
0.125490
0.184314
0.164706
0.070588
0.247059
0.470588
0.525490
0.509804
0.423529
0.356863
0.368627
0.325490
0.196078
0.298039
0.286275
0.298039
0.294118
0.329412
0.286275
0.243137
0.207843
0.227451
0.243137
0.223529
0.215686
0.235294
0.215686
0.243137
0.219608
0.207843
0.250980
0.235294
0.168627
0.145098
0.200000
0.160784
0.243137
0.431373
0.466667
0.505882
0.513725
0.435294
0.360784
0.294118
0.356863
0.501961
0.431373
0.356863
0.321569
0.415686
0.364706
0.258824
0.235294
0.266667
0.247059
0.239216
0.223529
0.215686
0.184314
0.223529
0.211765
0.223529
0.270588
0.317647
0.298039
0.184314
0.192157
0.160784
0.180392
0.345098
0.427451
0.462745
0.474510
0.509804
0.403922
0.309804
0.450980
0.517647
0.439216
0.435294
0.435294
0.372549
0.250980
0.203922
0.223529
0.250980
0.274510
0.278431
0.235294
0.227451
0.207843
0.188235
0.215686
0.247059
0.270588
0.294118
0.337255
0.298039
0.266667
0.160784
0.125490
0.184314
0.305882
0.435294
0.392157
0.368627
0.478431
0.333333
0.447059
0.486275
0.439216
0.490196
0.454902
0.321569
0.294118
0.282353
0.258824
0.278431
0.274510
0.294118
0.258824
0.250980
0.247059
0.262745
0.270588
0.290196
0.262745
0.258824
0.313725
0.274510
0.278431
0.278431
0.219608
0.176471
0.172549
0.317647
0.407843
0.278431
0.349020
0.341176
0.427451
0.494118
0.439216
0.466667
0.384314
0.388235
0.392157
0.298039
0.266667
0.282353
0.250980
0.266667
0.250980
0.219608
0.231373
0.250980
0.262745
0.270588
0.266667
0.215686
0.203922
0.188235
0.223529
0.247059
0.227451
0.203922
0.207843
0.231373
0.333333
0.396078
0.219608
0.247059
0.411765
0.474510
0.419608
0.400000
0.372549
0.368627
0.341176
0.298039
0.278431
0.250980
0.243137
0.266667
0.239216
0.188235
0.203922
0.223529
0.203922
0.188235
0.266667
0.278431
0.235294
0.188235
0.192157
0.262745
0.262745
0.215686
0.247059
0.219608
0.239216
0.392157
0.392157
0.356863
0.490196
0.545098
0.423529
0.356863
0.396078
0.345098
0.337255
0.372549
0.309804
0.278431
0.294118
0.321569
0.258824
0.180392
0.180392
0.207843
0.188235
0.145098
0.200000
0.258824
0.290196
0.247059
0.196078
0.262745
0.301961
0.243137
0.215686
0.250980
0.262745
0.380392
0.396078
0.423529
0.525490
0.482353
0.356863
0.396078
0.435294
0.447059
0.458824
0.431373
0.368627
0.325490
0.301961
0.309804
0.309804
0.266667
0.239216
0.215686
0.192157
0.192157
0.211765
0.239216
0.258824
0.270588
0.254902
0.258824
0.294118
0.313725
0.227451
0.262745
0.274510
0.274510
0.254902
0.415686
0.494118
0.435294
0.345098
0.400000
0.450980
0.478431
0.462745
0.423529
0.356863
0.337255
0.298039
0.250980
0.231373
0.243137
0.266667
0.247059
0.207843
0.192157
0.231373
0.239216
0.239216
0.270588
0.278431
0.247059
0.250980
0.333333
0.247059
0.250980
0.286275
0.258824
0.274510
