0.513725
0.611765
0.454902
0.345098
0.376471
0.521569
0.411765
0.294118
0.349020
0.294118
0.274510
0.231373
0.266667
0.286275
0.325490
0.368627
0.290196
0.333333
0.427451
0.427451
0.211765
0.305882
0.388235
0.235294
0.258824
0.215686
0.196078
0.223529
0.270588
0.278431
0.313725
0.301961
0.662745
0.568627
0.419608
0.258824
0.298039
0.392157
0.427451
0.403922
0.478431
0.352941
0.215686
0.200000
0.247059
0.301961
0.305882
0.309804
0.341176
0.368627
0.329412
0.250980
0.196078
0.149020
0.317647
0.290196
0.239216
0.200000
0.278431
0.262745
0.223529
0.270588
0.337255
0.294118
0.572549
0.403922
0.325490
0.290196
0.282353
0.364706
0.396078
0.388235
0.403922
0.356863
0.270588
0.231373
0.254902
0.282353
0.301961
0.305882
0.286275
0.341176
0.341176
0.270588
0.180392
0.145098
0.219608
0.309804
0.258824
0.200000
0.258824
0.227451
0.262745
0.317647
0.321569
0.301961
0.470588
0.415686
0.270588
0.294118
0.337255
0.388235
0.458824
0.450980
0.403922
0.427451
0.396078
0.325490
0.309804
0.270588
0.262745
0.294118
0.274510
0.266667
0.333333
0.341176
0.215686
0.152941
0.133333
0.235294
0.243137
0.168627
0.227451
0.211765
0.231373
0.352941
0.286275
0.266667
0.380392
0.435294
0.407843
0.298039
0.368627
0.364706
0.462745
0.443137
0.396078
0.494118
0.435294
0.352941
0.341176
0.298039
0.254902
0.250980
0.290196
0.290196
0.345098
0.345098
0.294118
0.200000
0.121569
0.172549
0.243137
0.129412
0.211765
0.286275
0.235294
0.317647
0.227451
0.215686
0.266667
0.415686
0.529412
0.396078
0.396078
0.392157
0.384314
0.360784
0.376471
0.380392
0.333333
0.278431
0.309804
0.286275
0.274510
0.305882
0.325490
0.345098
0.423529
0.376471
0.313725
0.286275
0.200000
0.188235
0.243137
0.184314
0.188235
0.321569
0.247059
0.219608
0.231373
0.254902
0.298039
0.337255
0.443137
0.525490
0.450980
0.509804
0.443137
0.490196
0.560784
0.396078
0.262745
0.184314
0.290196
0.262745
0.215686
0.219608
0.333333
0.411765
0.392157
0.415686
0.317647
0.266667
0.278431
0.180392
0.141176
0.243137
0.192157
0.215686
0.152941
0.168627
0.215686
0.282353
0.215686
0.247059
0.254902
0.462745
0.580392
0.721569
0.580392
0.447059
0.521569
0.541176
0.486275
0.352941
0.274510
0.282353
0.188235
0.207843
0.337255
0.403922
0.364706
0.431373
0.407843
0.294118
0.290196
0.239216
0.215686
0.231373
0.278431
0.141176
0.168627
0.239216
0.298039
0.250980
0.196078
0.219608
0.219608
0.333333
0.486275
0.654902
0.537255
0.392157
0.435294
0.643137
0.717647
0.627451
0.290196
0.215686
0.176471
0.192157
0.341176
0.368627
0.372549
0.360784
0.321569
0.349020
0.247059
0.211765
0.215686
0.156863
0.215686
0.172549
0.231373
0.329412
0.482353
0.317647
0.227451
0.180392
0.290196
0.443137
0.501961
0.588235
0.427451
0.384314
0.474510
0.670588
0.670588
0.647059
0.521569
0.345098
0.317647
0.321569
0.400000
0.470588
0.529412
0.458824
0.403922
0.427451
0.313725
0.203922
0.207843
0.184314
0.160784
0.172549
0.270588
0.360784
0.419608
0.427451
0.250980
0.207843
0.274510
0.388235
0.435294
0.552941
0.450980
0.298039
0.411765
0.466667
0.450980
0.533333
0.623529
0.513725
0.525490
0.596078
0.611765
0.635294
0.690196
0.654902
0.666667
0.658824
0.545098
0.294118
0.196078
0.184314
0.211765
0.215686
0.388235
0.470588
0.341176
0.396078
0.341176
0.286275
0.231373
0.211765
0.317647
0.576471
0.427451
0.235294
0.301961
0.211765
0.192157
0.317647
0.443137
0.615686
0.654902
0.682353
0.650980
0.662745
0.709804
0.666667
0.639216
0.592157
0.439216
0.368627
0.435294
0.239216
0.188235
0.239216
0.360784
0.415686
0.345098
0.415686
0.325490
0.368627
0.333333
0.301961
0.341176
0.529412
0.411765
0.215686
0.305882
0.211765
0.227451
0.325490
0.501961
0.745098
0.737255
0.694118
0.584314
0.635294
0.694118
0.615686
0.580392
0.596078
0.443137
0.580392
0.658824
0.301961
0.270588
0.286275
0.243137
0.278431
0.329412
0.388235
0.211765
0.250980
0.286275
0.364706
0.396078
0.498039
0.498039
0.239216
0.294118
0.258824
0.474510
0.631373
0.666667
0.690196
0.709804
0.623529
0.607843
0.545098
0.549020
0.615686
0.658824
0.690196
0.658824
0.694118
0.564706
0.298039
0.403922
0.407843
0.223529
0.227451
0.235294
0.325490
0.184314
0.125490
0.196078
0.368627
0.384314
0.419608
0.486275
0.298039
0.247059
0.380392
0.615686
0.615686
0.647059
0.603922
0.678431
0.650980
0.623529
0.517647
0.607843
0.682353
0.576471
0.666667
0.768627
0.639216
0.517647
0.298039
0.356863
0.482353
0.250980
0.203922
0.176471
0.294118
0.258824
0.129412
0.176471
0.309804
0.337255
0.364706
0.439216
0.341176
0.345098
0.627451
0.686275
0.674510
0.725490
0.549020
0.611765
0.678431
0.717647
0.682353
0.564706
0.556863
0.533333
0.639216
0.713725
0.627451
0.556863
0.356863
0.321569
0.321569
0.200000
0.196078
0.192157
0.137255
0.388235
0.156863
0.168627
0.274510
0.372549
0.380392
0.356863
0.411765
0.588235
0.682353
0.705882
0.694118
0.690196
0.682353
0.705882
0.670588
0.505882
0.482353
0.545098
0.588235
0.596078
0.741176
0.725490
0.576471
0.631373
0.372549
0.305882
0.250980
0.164706
0.156863
0.227451
0.149020
0.494118
0.149020
0.141176
0.360784
0.447059
0.501961
0.427451
0.337255
0.564706
0.701961
0.701961
0.517647
0.458824
0.600000
0.580392
0.568627
0.494118
0.564706
0.682353
0.619608
0.537255
0.709804
0.733333
0.607843
0.615686
0.309804
0.266667
0.286275
0.227451
0.196078
0.254902
0.309804
0.560784
0.203922
0.152941
0.368627
0.427451
0.364706
0.333333
0.286275
0.329412
0.529412
0.694118
0.666667
0.607843
0.647059
0.631373
0.662745
0.686275
0.643137
0.600000
0.380392
0.423529
0.737255
0.694118
0.623529
0.474510
0.305882
0.380392
0.376471
0.286275
0.239216
0.250980
0.372549
0.505882
0.313725
0.254902
0.301961
0.309804
0.227451
0.227451
0.235294
0.215686
0.211765
0.400000
0.537255
0.560784
0.654902
0.725490
0.737255
0.666667
0.486275
0.392157
0.207843
0.203922
0.568627
0.701961
0.556863
0.309804
0.321569
0.462745
0.443137
0.349020
0.266667
0.200000
0.270588
0.341176
0.282353
0.298039
0.282353
0.278431
0.294118
0.211765
0.172549
0.215686
0.200000
0.258824
0.298039
0.254902
0.337255
0.529412
0.772549
0.756863
0.458824
0.211765
0.152941
0.137255
0.368627
0.607843
0.450980
0.290196
0.345098
0.435294
0.423529
0.380392
0.321569
0.203922
0.203922
0.270588
0.286275
0.250980
0.231373
0.258824
0.247059
0.215686
0.227451
0.239216
0.215686
0.211765
0.290196
0.203922
0.176471
0.337255
0.560784
0.796078
0.596078
0.250980
0.196078
0.196078
0.290196
0.396078
0.411765
0.396078
0.388235
0.360784
0.337255
0.325490
0.380392
0.337255
0.227451
0.262745
0.298039
0.262745
0.235294
0.376471
0.305882
0.247059
0.274510
0.196078
0.164706
0.176471
0.309804
0.294118
0.235294
0.360784
0.427451
0.752941
0.647059
0.337255
0.239216
0.231373
0.321569
0.356863
0.407843
0.384314
0.376471
0.333333
0.329412
0.294118
0.317647
0.309804
0.219608
0.211765
0.258824
0.290196
0.301961
0.462745
0.443137
0.305882
0.235294
0.172549
0.164706
0.160784
0.298039
0.400000
0.388235
0.560784
0.670588
0.631373
0.447059
0.329412
0.286275
0.262745
0.360784
0.411765
0.427451
0.345098
0.309804
0.294118
0.286275
0.282353
0.298039
0.282353
0.250980
0.235294
0.254902
0.290196
0.278431
0.270588
0.313725
0.298039
0.207843
0.211765
0.231373
0.227451
0.317647
0.341176
0.439216
0.694118
0.717647
0.415686
0.345098
0.333333
0.329412
0.376471
0.388235
0.431373
0.407843
0.349020
0.290196
0.298039
0.372549
0.317647
0.317647
0.333333
0.286275
0.400000
0.341176
0.309804
0.247059
0.247059
0.239216
0.266667
0.196078
0.207843
0.243137
0.270588
0.286275
0.250980
0.203922
0.396078
0.400000
0.301961
0.317647
0.298039
0.317647
0.403922
0.415686
0.423529
0.407843
0.388235
0.372549
0.286275
0.360784
0.329412
0.305882
0.317647
0.294118
0.498039
0.403922
0.337255
0.266667
0.227451
0.254902
0.337255
0.207843
0.168627
0.200000
0.231373
0.352941
0.317647
0.168627
0.309804
0.360784
0.356863
0.349020
0.337255
0.290196
0.266667
0.333333
0.419608
0.396078
0.400000
0.411765
0.305882
0.290196
0.274510
0.274510
0.305882
0.329412
0.537255
0.458824
0.282353
0.282353
0.211765
0.317647
0.423529
0.235294
0.200000
0.180392
0.219608
0.329412
0.290196
0.188235
0.301961
0.364706
0.396078
0.423529
0.384314
0.329412
0.254902
0.337255
0.396078
0.341176
0.349020
0.415686
0.392157
0.380392
0.313725
0.298039
0.341176
0.352941
0.549020
0.466667
0.250980
0.235294
0.254902
0.345098
0.415686
0.392157
0.270588
0.200000
0.231373
0.309804
0.235294
0.203922
0.258824
0.305882
0.419608
0.419608
0.356863
0.360784
0.309804
0.349020
0.360784
0.282353
0.274510
0.411765
0.458824
0.364706
0.341176
0.352941
0.388235
0.376471
0.482353
0.403922
0.317647
0.309804
0.309804
0.392157
0.439216
0.525490
0.298039
0.211765
0.227451
0.219608
0.211765
0.223529
0.262745
0.341176
0.415686
0.419608
0.380392
0.450980
0.419608
0.333333
0.305882
0.235294
0.188235
0.368627
0.435294
0.309804
0.254902
0.298039
0.298039
0.364706
0.392157
0.321569
0.376471
0.427451
0.352941
0.329412
0.447059
0.584314
0.364706
0.286275
0.321569
0.149020
0.254902
0.243137
0.254902
0.372549
0.427451
0.349020
0.356863
0.427451
0.490196
0.305882
0.270588
0.219608
0.184314
0.325490
0.337255
0.337255
0.250980
0.243137
0.239216
0.333333
0.376471
0.294118
0.352941
0.427451
0.478431
0.305882
0.380392
0.568627
0.352941
0.360784
0.396078
0.176471
0.184314
0.223529
0.250980
0.321569
0.364706
0.282353
0.294118
0.380392
0.407843
0.258824
0.231373
0.196078
0.192157
0.294118
0.262745
0.333333
0.258824
0.243137
0.266667
0.258824
0.349020
0.431373
0.290196
0.215686
0.262745
0.407843
0.309804
0.223529
0.301961
0.262745
0.266667
0.223529
0.243137
0.250980
0.278431
0.325490
0.239216
0.254902
0.341176
0.364706
0.176471
0.294118
0.380392
0.231373
0.254902
0.211765
0.196078
0.227451
0.274510
0.282353
0.321569
0.309804
0.486275
0.392157
0.270588
0.160784
0.219608
0.305882
0.341176
0.325490
0.400000
0.282353
0.188235
0.188235
0.227451
0.266667
0.266667
0.282353
0.309804
0.309804
0.266667
0.207843
0.180392
0.156863
0.329412
0.301961
0.254902
0.215686
0.301961
0.286275
0.231373
0.266667
0.321569
0.278431
0.403922
0.243137
0.203922
0.223529
0.231373
0.305882
0.325490
0.301961
0.298039
0.258824
0.231373
0.211765
0.227451
0.254902
0.274510
0.290196
0.266667
0.298039
0.290196
0.239216
0.172549
0.160784
0.243137
0.333333
0.286275
0.227451
0.298039
0.262745
0.278431
0.309804
0.286275
0.274510
0.321569
0.270588
0.160784
0.239216
0.298039
0.333333
0.392157
0.360784
0.290196
0.313725
0.345098
0.294118
0.282353
0.250980
0.247059
0.282353
0.250980
0.219608
0.274510
0.305882
0.207843
0.168627
0.152941
0.254902
0.266667
0.196078
0.254902
0.235294
0.243137
0.345098
0.258824
0.239216
0.262745
0.309804
0.305882
0.243137
0.321569
0.301961
0.388235
0.356863
0.294118
0.392157
0.376471
0.313725
0.313725
0.282353
0.247059
0.239216
0.250980
0.227451
0.270588
0.290196
0.270588
0.200000
0.125490
0.176471
0.250980
0.137255
0.215686
0.286275
0.235294
0.313725
0.219608
0.207843
0.176471
0.309804
0.431373
0.325490
0.329412
0.309804
0.301961
0.278431
0.290196
0.294118
0.274510
0.235294
0.278431
0.270588
0.270588
0.286275
0.266667
0.266667
0.337255
0.305882
0.270588
0.266667
0.188235
0.180392
0.235294
0.176471
0.164706
0.294118
0.231373
0.219608
0.239216
0.266667
0.239216
0.258824
0.352941
0.435294
0.352941
0.403922
0.345098
0.400000
0.458824
0.290196
0.207843
0.149020
0.262745
0.239216
0.196078
0.192157
0.290196
0.349020
0.317647
0.333333
0.250980
0.235294
0.262745
0.168627
0.137255
0.243137
0.176471
0.188235
0.133333
0.149020
0.203922
0.274510
0.168627
0.188235
0.172549
0.364706
0.458824
0.592157
0.478431
0.364706
0.427451
0.447059
0.447059
0.333333
0.247059
0.250980
0.156863
0.176471
0.309804
0.360784
0.301961
0.349020
0.329412
0.258824
0.274510
0.227451
0.215686
0.239216
0.270588
0.117647
0.133333
0.192157
0.235294
0.203922
0.149020
0.156863
0.137255
0.235294
0.352941
0.501961
0.435294
0.337255
0.392157
0.603922
0.698039
0.611765
0.266667
0.188235
0.145098
0.164706
0.313725
0.329412
0.313725
0.282353
0.243137
0.309804
0.219608
0.192157
0.207843
0.152941
0.203922
0.145098
0.180392
0.247059
0.372549
0.223529
0.184314
0.117647
0.207843
0.349020
0.360784
0.419608
0.325490
0.349020
0.470588
0.678431
0.666667
0.635294
0.505882
0.317647
0.286275
0.298039
0.376471
0.431373
0.470588
0.384314
0.325490
0.376471
0.274510
0.172549
0.184314
0.168627
0.141176
0.133333
0.200000
0.247059
0.262745
0.294118
0.207843
0.145098
0.192157
0.294118
0.290196
0.376471
0.341176
0.258824
0.411765
0.482353
0.447059
0.521569
0.607843
0.490196
0.501961
0.576471
0.588235
0.600000
0.631373
0.580392
0.588235
0.600000
0.494118
0.247059
0.152941
0.149020
0.172549
0.156863
0.298039
0.337255
0.172549
0.243137
0.294118
0.223529
0.149020
0.117647
0.172549
0.400000
0.309804
0.176471
0.278431
0.200000
0.176471
0.301961
0.423529
0.592157
0.635294
0.666667
0.631373
0.627451
0.658824
0.596078
0.560784
0.525490
0.376471
0.313725
0.380392
0.188235
0.129412
0.156863
0.258824
0.286275
0.192157
0.262745
0.278431
0.309804
0.250980
0.203922
0.200000
0.356863
0.290196
0.133333
0.243137
0.160784
0.196078
0.301961
0.478431
0.721569
0.717647
0.678431
0.568627
0.603922
0.643137
0.549020
0.505882
0.521569
0.376471
0.509804
0.596078
0.239216
0.184314
0.188235
0.137255
0.168627
0.211765
0.250980
0.164706
0.219608
0.223529
0.247059
0.235294
0.333333
0.364706
0.137255
0.207843
0.180392
0.423529
0.584314
0.623529
0.647059
0.666667
0.596078
0.584314
0.517647
0.509804
0.568627
0.607843
0.631373
0.588235
0.611765
0.486275
0.231373
0.262745
0.247059
0.125490
0.164706
0.176471
0.235294
0.137255
0.113725
0.152941
0.235294
0.211765
0.266667
0.352941
0.184314
0.152941
0.305882
0.552941
0.556863
0.588235
0.545098
0.615686
0.611765
0.600000
0.486275
0.576471
0.650980
0.549020
0.619608
0.698039
0.545098
0.431373
0.227451
0.188235
0.294118
0.164706
0.184314
0.152941
0.250980
0.203922
0.121569
0.137255
0.180392
0.172549
0.227451
0.317647
0.239216
0.266667
0.560784
0.619608
0.615686
0.662745
0.486275
0.549020
0.635294
0.694118
0.654902
0.533333
0.529412
0.505882
0.592157
0.639216
0.533333
0.466667
0.286275
0.188235
0.180392
0.145098
0.188235
0.172549
0.105882
0.325490
0.141176
0.129412
0.152941
0.223529
0.262745
0.254902
0.325490
0.525490
0.631373
0.647059
0.631373
0.627451
0.619608
0.643137
0.627451
0.482353
0.454902
0.513725
0.560784
0.568627
0.694118
0.650980
0.482353
0.545098
0.301961
0.215686
0.168627
0.137255
0.149020
0.207843
0.113725
0.419608
0.133333
0.105882
0.247059
0.309804
0.396078
0.341176
0.270588
0.521569
0.666667
0.643137
0.450980
0.396078
0.537255
0.517647
0.525490
0.470588
0.533333
0.650980
0.592157
0.513725
0.666667
0.658824
0.513725
0.525490
0.243137
0.203922
0.235294
0.203922
0.180392
0.231373
0.266667
0.482353
0.188235
0.125490
0.266667
0.301961
0.270588
0.258824
0.231373
0.298039
0.501961
0.639216
0.600000
0.549020
0.584314
0.568627
0.619608
0.658824
0.611765
0.568627
0.349020
0.400000
0.690196
0.619608
0.529412
0.388235
0.239216
0.317647
0.313725
0.239216
0.207843
0.231373
0.329412
0.423529
0.294118
0.227451
0.207843
0.196078
0.145098
0.160784
0.192157
0.192157
0.196078
0.349020
0.474510
0.498039
0.596078
0.662745
0.698039
0.643137
0.458824
0.360784
0.180392
0.176471
0.521569
0.627451
0.458824
0.219608
0.254902
0.384314
0.356863
0.274510
0.215686
0.184314
0.247059
0.266667
0.254902
0.266667
0.203922
0.184314
0.219608
0.152941
0.125490
0.184314
0.176471
0.211765
0.215686
0.188235
0.298039
0.482353
0.721569
0.717647
0.415686
0.164706
0.109804
0.090196
0.301961
0.521569
0.349020
0.192157
0.258824
0.345098
0.321569
0.266667
0.227451
0.149020
0.172549
0.215686
0.243137
0.207843
0.176471
0.184314
0.172549
0.152941
0.176471
0.203922
0.192157
0.172549
0.196078
0.129412
0.164706
0.301961
0.498039
0.737255
0.533333
0.188235
0.129412
0.125490
0.203922
0.298039
0.309804
0.294118
0.286275
0.270588
0.235294
0.196078
0.250980
0.239216
0.168627
0.207843
0.243137
0.207843
0.180392
0.294118
0.207843
0.168627
0.227451
0.176471
0.164706
0.145098
0.215686
0.219608
0.227451
0.321569
0.356863
0.690196
0.580392
0.266667
0.164706
0.156863
0.239216
0.266667
0.313725
0.290196
0.278431
0.250980
0.239216
0.176471
0.200000
0.211765
0.156863
0.149020
0.188235
0.219608
0.247059
0.376471
0.317647
0.215686
0.192157
0.168627
0.188235
0.145098
0.211765
0.329412
0.372549
0.517647
0.592157
0.568627
0.384314
0.258824
0.211765
0.188235
0.290196
0.337255
0.349020
0.262745
0.223529
0.223529
0.211765
0.196078
0.211765
0.203922
0.196078
0.164706
0.156863
0.200000
0.219608
0.184314
0.184314
0.203922
0.164706
0.215686
0.266667
0.223529
0.239216
0.274510
0.423529
0.639216
0.635294
0.349020
0.278431
0.262745
0.254902
0.305882
0.325490
0.372549
0.345098
0.282353
0.219608
0.231373
0.313725
0.262745
0.266667
0.278431
0.235294
0.321569
0.223529
0.200000
0.184314
0.168627
0.121569
0.180392
0.149020
0.200000
0.258824
0.270588
0.219608
0.188235
0.180392
0.329412
0.313725
0.239216
0.250980
0.227451
0.243137
0.333333
0.372549
0.380392
0.360784
0.337255
0.317647
0.235294
0.321569
0.309804
0.286275
0.282353
0.247059
0.411765
0.270588
0.211765
0.200000
0.168627
0.168627
0.266667
0.160784
0.137255
0.192157
0.231373
0.298039
0.254902
0.137255
0.235294
0.270588
0.290196
0.282353
0.266667
0.215686
0.203922
0.294118
0.388235
0.360784
0.360784
0.368627
0.258824
0.266667
0.282353
0.282353
0.286275
0.286275
0.447059
0.345098
0.184314
0.231373
0.156863
0.231373
0.325490
0.141176
0.141176
0.160784
0.207843
0.278431
0.243137
0.156863
0.231373
0.270588
0.325490
0.360784
0.325490
0.266667
0.200000
0.301961
0.368627
0.313725
0.313725
0.368627
0.345098
0.356863
0.317647
0.301961
0.317647
0.309804
0.454902
0.403922
0.203922
0.200000
0.192157
0.227451
0.247059
0.219608
0.176471
0.184314
0.200000
0.270588
0.211765
0.180392
0.203922
0.211765
0.325490
0.356863
0.321569
0.321569
0.262745
0.317647
0.337255
0.262745
0.243137
0.352941
0.411765
0.337255
0.313725
0.325490
0.352941
0.317647
0.392157
0.345098
0.258824
0.235294
0.211765
0.258824
0.254902
0.333333
0.196078
0.192157
0.184314
0.180392
0.196078
0.200000
0.211765
0.239216
0.298039
0.345098
0.333333
0.400000
0.364706
0.294118
0.286275
0.215686
0.156863
0.309804
0.384314
0.274510
0.219608
0.258824
0.258824
0.286275
0.313725
0.247059
0.278431
0.282353
0.207843
0.188235
0.266667
0.403922
0.262745
0.254902
0.274510
0.113725
0.239216
0.219608
0.203922
0.254902
0.278431
0.243137
0.282353
0.352941
0.411765
0.258824
0.247059
0.203922
0.149020
0.262745
0.286275
0.301961
0.215686
0.203922
0.200000
0.239216
0.309804
0.215686
0.227451
0.239216
0.298039
0.156863
0.207843
0.407843
0.254902
0.317647
0.345098
0.141176
0.168627
0.200000
0.200000
0.196078
0.203922
0.160784
0.203922
0.286275
0.317647
0.211765
0.207843
0.176471
0.156863
0.231373
0.211765
0.301961
0.223529
0.203922
0.231373
0.176471
0.333333
0.431373
0.298039
0.223529
0.262745
0.392157
0.290196
0.192157
0.262745
0.223529
0.243137
0.203922
0.227451
0.239216
0.274510
0.309804
0.215686
0.243137
0.333333
0.345098
0.156863
0.286275
0.368627
0.207843
0.219608
0.164706
0.121569
0.145098
0.223529
0.262745
0.333333
0.337255
0.450980
0.384314
0.282353
0.180392
0.231373
0.301961
0.337255
0.317647
0.396078
0.274510
0.172549
0.168627
0.211765
0.254902
0.258824
0.258824
0.278431
0.290196
0.247059
0.180392
0.152941
0.141176
0.309804
0.270588
0.211765
0.164706
0.231373
0.215686
0.192157
0.258824
0.345098
0.313725
0.356863
0.227451
0.211765
0.247059
0.254902
0.317647
0.337255
0.321569
0.325490
0.278431
0.223529
0.196078
0.215686
0.239216
0.258824
0.262745
0.231373
0.270588
0.270588
0.207843
0.141176
0.141176
0.219608
0.301961
0.239216
0.172549
0.239216
0.211765
0.254902
0.317647
0.321569
0.317647
0.270588
0.250980
0.164706
0.254902
0.313725
0.345098
0.407843
0.388235
0.325490
0.345098
0.345098
0.282353
0.270588
0.235294
0.227451
0.254902
0.219608
0.196078
0.254902
0.278431
0.176471
0.149020
0.133333
0.223529
0.223529
0.141176
0.215686
0.215686
0.239216
0.364706
0.298039
0.282353
0.219608
0.290196
0.298039
0.239216
0.325490
0.309804
0.400000
0.368627
0.313725
0.411765
0.376471
0.305882
0.301961
0.262745
0.227451
0.211765
0.223529
0.207843
0.254902
0.266667
0.247059
0.188235
0.109804
0.152941
0.207843
0.090196
0.203922
0.298039
0.254902
0.341176
0.258824
0.247059
0.145098
0.290196
0.415686
0.305882
0.317647
0.309804
0.301961
0.282353
0.290196
0.294118
0.266667
0.227451
0.266667
0.254902
0.250980
0.262745
0.250980
0.254902
0.329412
0.290196
0.250980
0.258824
0.176471
0.156863
0.200000
0.137255
0.168627
0.329412
0.266667
0.254902
0.278431
0.301961
0.235294
0.250980
0.337255
0.411765
0.337255
0.403922
0.349020
0.400000
0.439216
0.254902
0.172549
0.121569
0.243137
0.231373
0.192157
0.200000
0.305882
0.360784
0.321569
0.325490
0.239216
0.231373
0.258824
0.160784
0.125490
0.227451
0.188235
0.219608
0.164706
0.184314
0.243137
0.301961
0.184314
0.188235
0.160784
0.341176
0.450980
0.607843
0.490196
0.356863
0.380392
0.368627
0.368627
0.266667
0.207843
0.239216
0.164706
0.207843
0.345098
0.384314
0.309804
0.341176
0.313725
0.250980
0.262745
0.223529
0.215686
0.239216
0.278431
0.137255
0.156863
0.219608
0.270588
0.227451
0.164706
0.156863
0.125490
0.211765
0.356863
0.541176
0.454902
0.317647
0.317647
0.482353
0.576471
0.509804
0.200000
0.160784
0.145098
0.184314
0.337255
0.337255
0.309804
0.262745
0.215686
0.282353
0.200000
0.180392
0.200000
0.152941
0.203922
0.149020
0.192157
0.266667
0.403922
0.254902
0.196078
0.121569
0.196078
0.321569
0.372549
0.474510
0.349020
0.321569
0.376471
0.529412
0.509804
0.505882
0.415686
0.274510
0.274510
0.301961
0.384314
0.427451
0.450980
0.349020
0.286275
0.329412
0.231373
0.145098
0.172549
0.164706
0.137255
0.129412
0.203922
0.266667
0.294118
0.329412
0.219608
0.145098
0.180392
0.274510
0.298039
0.419608
0.360784
0.235294
0.325490
0.345098
0.305882
0.392157
0.509804
0.431373
0.466667
0.560784
0.580392
0.576471
0.596078
0.529412
0.529412
0.529412
0.435294
0.211765
0.141176
0.149020
0.172549
0.156863
0.309804
0.364706
0.207843
0.282353
0.309804
0.223529
0.141176
0.098039
0.164706
0.411765
0.321569
0.160784
0.223529
0.109804
0.086275
0.207843
0.341176
0.525490
0.576471
0.627451
0.603922
0.592157
0.607843
0.533333
0.482353
0.431373
0.301961
0.266667
0.356863
0.188235
0.141176
0.180392
0.290196
0.325490
0.239216
0.305882
0.294118
0.309804
0.239216
0.180392
0.172549
0.341176
0.286275
0.133333
0.223529
0.117647
0.149020
0.247059
0.415686
0.650980
0.647059
0.627451
0.529412
0.560784
0.584314
0.474510
0.415686
0.415686
0.290196
0.458824
0.572549
0.243137
0.219608
0.231373
0.184314
0.215686
0.266667
0.294118
0.168627
0.211765
0.207843
0.223529
0.219608
0.333333
0.372549
0.149020
0.211765
0.172549
0.388235
0.541176
0.572549
0.588235
0.603922
0.541176
0.541176
0.482353
0.474510
0.513725
0.533333
0.533333
0.498039
0.541176
0.450980
0.227451
0.305882
0.305882
0.168627
0.200000
0.215686
0.274510
0.133333
0.101961
0.133333
0.207843
0.207843
0.286275
0.372549
0.196078
0.160784
0.298039
0.513725
0.505882
0.537255
0.494118
0.564706
0.556863
0.556863
0.466667
0.560784
0.619608
0.490196
0.541176
0.607843
0.466667
0.384314
0.215686
0.227451
0.345098
0.192157
0.192157
0.176471
0.278431
0.196078
0.109804
0.117647
0.160784
0.164706
0.227451
0.313725
0.227451
0.247059
0.533333
0.576471
0.560784
0.611765
0.435294
0.498039
0.584314
0.650980
0.635294
0.525490
0.498039
0.447059
0.513725
0.549020
0.450980
0.419608
0.270588
0.215686
0.215686
0.160784
0.192157
0.192157
0.125490
0.309804
0.129412
0.117647
0.141176
0.207843
0.247059
0.231373
0.294118
0.486275
0.588235
0.600000
0.580392
0.576471
0.568627
0.592157
0.576471
0.439216
0.435294
0.505882
0.533333
0.509804
0.615686
0.564706
0.403922
0.494118
0.286275
0.227451
0.184314
0.141176
0.152941
0.231373
0.129412
0.403922
0.117647
0.098039
0.243137
0.298039
0.372549
0.313725
0.231373
0.474510
0.615686
0.596078
0.400000
0.345098
0.486275
0.466667
0.474510
0.427451
0.517647
0.639216
0.560784
0.454902
0.588235
0.568627
0.431373
0.478431
0.227451
0.203922
0.239216
0.207843
0.188235
0.254902
0.278431
0.454902
0.168627
0.113725
0.262745
0.294118
0.250980
0.235294
0.200000
0.258824
0.458824
0.592157
0.552941
0.498039
0.533333
0.517647
0.568627
0.615686
0.592157
0.560784
0.321569
0.341176
0.611765
0.529412
0.447059
0.337255
0.223529
0.317647
0.321569
0.250980
0.219608
0.254902
0.345098
0.392157
0.274510
0.223529
0.211765
0.200000
0.141176
0.152941
0.176471
0.168627
0.164706
0.305882
0.423529
0.447059
0.545098
0.611765
0.643137
0.600000
0.439216
0.352941
0.152941
0.125490
0.447059
0.537255
0.384314
0.176471
0.239216
0.392157
0.372549
0.298039
0.235294
0.203922
0.254902
0.243137
0.239216
0.258824
0.207843
0.184314
0.207843
0.145098
0.121569
0.180392
0.172549
0.192157
0.196078
0.156863
0.254902
0.435294
0.666667
0.670588
0.392157
0.156863
0.101961
0.062745
0.243137
0.447059
0.294118
0.160784
0.250980
0.356863
0.337255
0.294118
0.250980
0.168627
0.176471
0.203922
0.235294
0.200000
0.172549
0.168627
0.141176
0.133333
0.168627
0.207843
0.203922
0.176471
0.207843
0.121569
0.117647
0.254902
0.443137
0.686275
0.501961
0.176471
0.137255
0.125490
0.156863
0.247059
0.278431
0.282353
0.294118
0.282353
0.250980
0.223529
0.278431
0.258824
0.168627
0.203922
0.243137
0.203922
0.176471
0.282353
0.180392
0.149020
0.215686
0.180392
0.172549
0.156863
0.231373
0.211765
0.180392
0.270588
0.305882
0.639216
0.545098
0.258824
0.180392
0.160784
0.196078
0.219608
0.290196
0.282353
0.290196
0.266667
0.258824
0.207843
0.227451
0.231373
0.164706
0.149020
0.192157
0.223529
0.243137
0.364706
0.301961
0.203922
0.184314
0.164706
0.192157
0.149020
0.223529
0.321569
0.325490
0.462745
0.541176
0.517647
0.349020
0.247059
0.227451
0.196078
0.243137
0.290196
0.325490
0.258824
0.235294
0.243137
0.239216
0.227451
0.243137
0.231373
0.219608
0.164706
0.168627
0.207843
0.215686
0.176471
0.164706
0.192157
0.152941
0.207843
0.262745
0.223529
0.250980
0.266667
0.376471
0.584314
0.584314
0.298039
0.247059
0.250980
0.270588
0.309804
0.282353
0.329412
0.321569
0.282353
0.235294
0.266667
0.352941
0.301961
0.301961
0.317647
0.270588
0.325490
0.239216
0.215686
0.184314
0.156863
0.098039
0.164706
0.141176
0.200000
0.262745
0.266667
0.227451
0.176471
0.137255
0.282353
0.262745
0.188235
0.219608
0.215686
0.254902
0.341176
0.329412
0.337255
0.341176
0.341176
0.337255
0.274510
0.372549
0.352941
0.329412
0.329412
0.298039
0.419608
0.294118
0.231373
0.200000
0.149020
0.137255
0.247059
0.152941
0.145098
0.203922
0.231373
0.301961
0.243137
0.094118
0.188235
0.223529
0.243137
0.250980
0.254902
0.227451
0.207843
0.254902
0.349020
0.341176
0.364706
0.392157
0.305882
0.321569
0.325490
0.325490
0.337255
0.345098
0.447059
0.360784
0.200000
0.235294
0.141176
0.200000
0.305882
0.141176
0.152941
0.176471
0.207843
0.278431
0.227451
0.121569
0.196078
0.235294
0.286275
0.333333
0.309804
0.266667
0.196078
0.266667
0.333333
0.298039
0.309804
0.372549
0.368627
0.384314
0.345098
0.333333
0.364706
0.360784
0.443137
0.396078
0.203922
0.207843
0.188235
0.207843
0.239216
0.227451
0.188235
0.196078
0.200000
0.262745
0.196078
0.160784
0.192157
0.203922
0.309804
0.337255
0.294118
0.301961
0.243137
0.282353
0.313725
0.247059
0.219608
0.317647
0.372549
0.305882
0.301961
0.325490
0.376471
0.349020
0.380392
0.333333
0.258824
0.250980
0.219608
0.243137
0.247059
0.341176
0.207843
0.207843
0.188235
0.172549
0.176471
0.184314
0.203922
0.243137
0.298039
0.329412
0.309804
0.380392
0.345098
0.266667
0.270588
0.203922
0.129412
0.262745
0.329412
0.231373
0.192157
0.250980
0.274510
0.313725
0.298039
0.235294
0.282353
0.305882
0.219608
0.176471
0.258824
0.407843
0.274510
0.274510
0.278431
0.105882
0.223529
0.203922
0.196078
0.262745
0.286275
0.239216
0.266667
0.341176
0.396078
0.239216
0.235294
0.200000
0.129412
0.223529
0.239216
0.258824
0.192157
0.196078
0.215686
0.266667
0.294118
0.200000
0.227451
0.262745
0.313725
0.149020
0.196078
0.407843
0.266667
0.341176
0.352941
0.129412
0.149020
0.184314
0.196078
0.207843
0.215686
0.164706
0.196078
0.278431
0.305882
0.200000
0.207843
0.180392
0.149020
0.200000
0.168627
0.258824
0.196078
0.200000
0.247059
0.196078
