0.686275
0.690196
0.709804
0.745098
0.784314
0.776471
0.694118
0.694118
0.729412
0.756863
0.776471
0.792157
0.807843
0.917647
0.921569
0.823529
0.803922
0.800000
0.792157
0.776471
0.764706
0.749020
0.737255
0.725490
0.713725
0.698039
0.698039
0.662745
0.556863
0.529412
0.494118
0.411765
0.643137
0.709804
0.764706
0.788235
0.803922
0.792157
0.705882
0.709804
0.756863
0.780392
0.792157
0.800000
0.803922
0.890196
0.980392
0.905882
0.827451
0.811765
0.800000
0.788235
0.776471
0.752941
0.741176
0.733333
0.721569
0.705882
0.701961
0.658824
0.556863
0.521569
0.494118
0.474510
0.678431
0.729412
0.760784
0.768627
0.772549
0.764706
0.705882
0.682353
0.760784
0.792157
0.796078
0.800000
0.800000
0.831373
0.952941
0.972549
0.882353
0.800000
0.780392
0.776471
0.760784
0.737255
0.729412
0.717647
0.701961
0.698039
0.690196
0.639216
0.545098
0.521569
0.498039
0.482353
0.682353
0.721569
0.741176
0.745098
0.741176
0.737255
0.694118
0.643137
0.666667
0.752941
0.862745
0.827451
0.811765
0.815686
0.921569
0.988235
0.956863
0.839216
0.764706
0.768627
0.752941
0.733333
0.725490
0.709804
0.698039
0.690196
0.682353
0.623529
0.537255
0.513725
0.494118
0.486275
0.678431
0.709804
0.713725
0.713725
0.717647
0.713725
0.678431
0.639216
0.545098
0.537255
0.898039
0.909804
0.843137
0.807843
0.886275
0.988235
0.980392
0.909804
0.768627
0.749020
0.741176
0.725490
0.713725
0.698039
0.690196
0.678431
0.674510
0.607843
0.525490
0.505882
0.482353
0.482353
0.674510
0.694118
0.698039
0.694118
0.698039
0.694118
0.670588
0.631373
0.529412
0.407843
0.780392
0.988235
0.929412
0.870588
0.905882
0.988235
0.980392
0.964706
0.874510
0.831373
0.780392
0.721569
0.709804
0.690196
0.674510
0.666667
0.658824
0.584314
0.505882
0.486275
0.458824
0.454902
0.658824
0.674510
0.682353
0.682353
0.682353
0.666667
0.654902
0.627451
0.584314
0.533333
0.717647
0.984314
0.980392
0.964706
0.964706
0.984314
0.976471
0.980392
0.972549
0.956863
0.925490
0.784314
0.690196
0.678431
0.662745
0.658824
0.650980
0.560784
0.494118
0.470588
0.427451
0.329412
0.647059
0.662745
0.662745
0.658824
0.662745
0.654902
0.666667
0.705882
0.792157
0.847059
0.905882
0.984314
0.980392
0.980392
0.980392
0.980392
0.972549
0.976471
0.976471
0.980392
0.980392
0.866667
0.698039
0.658824
0.650980
0.650980
0.643137
0.533333
0.478431
0.443137
0.309804
0.176471
0.650980
0.654902
0.639216
0.643137
0.682353
0.784314
0.886275
0.937255
0.964706
0.984314
0.988235
0.984314
0.980392
0.980392
0.976471
0.976471
0.976471
0.972549
0.960784
0.949020
0.956863
0.905882
0.752941
0.654902
0.639216
0.639216
0.623529
0.513725
0.470588
0.325490
0.156863
0.176471
0.635294
0.623529
0.701961
0.827451
0.913725
0.972549
0.980392
0.992157
0.988235
0.988235
0.976471
0.976471
0.976471
0.980392
0.976471
0.976471
0.976471
0.952941
0.929412
0.929412
0.941176
0.768627
0.576471
0.592157
0.588235
0.615686
0.603922
0.466667
0.301961
0.168627
0.192157
0.215686
0.635294
0.725490
0.941176
0.988235
0.992157
0.992157
0.984314
0.980392
0.988235
0.992157
0.988235
0.984314
0.964706
0.949020
0.937255
0.964706
0.964706
0.929412
0.901961
0.882353
0.913725
0.823529
0.639216
0.443137
0.443137
0.537255
0.584314
0.329412
0.137255
0.168627
0.211765
0.235294
0.678431
0.858824
0.984314
0.988235
0.988235
0.988235
0.984314
0.988235
0.988235
0.988235
0.988235
0.980392
0.964706
0.937255
0.925490
0.949020
0.945098
0.956863
0.674510
0.568627
0.796078
0.400000
0.592157
0.647059
0.435294
0.427451
0.407843
0.192157
0.200000
0.215686
0.227451
0.278431
0.654902
0.756863
0.956863
0.980392
0.984314
0.988235
0.988235
0.988235
0.984314
0.988235
0.988235
0.984314
0.976471
0.937255
0.901961
0.917647
0.933333
0.866667
0.388235
0.568627
0.741176
0.149020
0.305882
0.682353
0.533333
0.517647
0.321569
0.219608
0.223529
0.243137
0.262745
0.286275
0.674510
0.756863
0.933333
0.976471
0.972549
0.980392
0.988235
0.988235
0.988235
0.988235
0.980392
0.984314
0.956863
0.937255
0.901961
0.894118
0.917647
0.792157
0.580392
0.850980
0.819608
0.286275
0.250980
0.572549
0.533333
0.525490
0.376471
0.270588
0.258824
0.274510
0.266667
0.266667
0.701961
0.839216
0.929412
0.960784
0.968627
0.972549
0.976471
0.980392
0.984314
0.988235
0.984314
0.984314
0.937255
0.909804
0.882353
0.878431
0.874510
0.854902
0.909804
0.956863
0.835294
0.435294
0.372549
0.537255
0.552941
0.486275
0.341176
0.282353
0.301961
0.294118
0.282353
0.270588
0.792157
0.898039
0.909804
0.945098
0.968627
0.956863
0.941176
0.960784
0.984314
0.988235
0.984314
0.976471
0.905882
0.850980
0.823529
0.807843
0.835294
0.901961
0.952941
0.937255
0.780392
0.501961
0.529412
0.568627
0.541176
0.403922
0.317647
0.313725
0.313725
0.309804
0.301961
0.294118
0.882353
0.858824
0.878431
0.925490
0.960784
0.952941
0.905882
0.898039
0.968627
0.968627
0.968627
0.960784
0.886275
0.811765
0.776471
0.686275
0.721569
0.850980
0.886275
0.831373
0.627451
0.552941
0.698039
0.611765
0.403922
0.313725
0.317647
0.325490
0.325490
0.313725
0.301961
0.294118
0.850980
0.760784
0.843137
0.913725
0.960784
0.952941
0.898039
0.839216
0.929412
0.937255
0.917647
0.913725
0.866667
0.784314
0.737255
0.623529
0.635294
0.725490
0.737255
0.670588
0.556863
0.592157
0.725490
0.725490
0.396078
0.274510
0.286275
0.298039
0.321569
0.321569
0.298039
0.294118
0.800000
0.709804
0.792157
0.894118
0.956863
0.952941
0.882353
0.800000
0.870588
0.894118
0.878431
0.878431
0.839216
0.788235
0.709804
0.647059
0.686275
0.658824
0.576471
0.584314
0.596078
0.635294
0.682353
0.800000
0.690196
0.474510
0.352941
0.286275
0.294118
0.298039
0.278431
0.286275
0.823529
0.768627
0.776471
0.882353
0.917647
0.898039
0.772549
0.662745
0.760784
0.835294
0.847059
0.831373
0.839216
0.800000
0.709804
0.643137
0.674510
0.650980
0.513725
0.541176
0.564706
0.600000
0.654902
0.792157
0.870588
0.850980
0.780392
0.439216
0.231373
0.250980
0.254902
0.270588
0.796078
0.807843
0.811765
0.870588
0.901961
0.854902
0.584314
0.392157
0.615686
0.694118
0.745098
0.780392
0.862745
0.870588
0.784314
0.658824
0.635294
0.650980
0.552941
0.427451
0.356863
0.403922
0.580392
0.768627
0.839216
0.890196
0.949020
0.658824
0.235294
0.227451
0.250980
0.266667
0.662745
0.698039
0.749020
0.835294
0.909804
0.925490
0.725490
0.541176
0.639216
0.690196
0.666667
0.690196
0.862745
0.909804
0.823529
0.741176
0.756863
0.623529
0.576471
0.419608
0.309804
0.400000
0.486275
0.619608
0.721569
0.796078
0.858824
0.674510
0.215686
0.211765
0.262745
0.250980
0.674510
0.686275
0.686275
0.705882
0.807843
0.929412
0.945098
0.882353
0.713725
0.670588
0.662745
0.670588
0.862745
0.905882
0.800000
0.772549
0.772549
0.607843
0.486275
0.411765
0.427451
0.470588
0.517647
0.549020
0.533333
0.549020
0.525490
0.450980
0.282353
0.215686
0.219608
0.227451
0.678431
0.682353
0.694118
0.662745
0.650980
0.788235
0.921569
0.909804
0.717647
0.658824
0.674510
0.670588
0.843137
0.909804
0.854902
0.839216
0.686275
0.494118
0.419608
0.458824
0.482353
0.494118
0.545098
0.564706
0.580392
0.560784
0.513725
0.529412
0.517647
0.380392
0.250980
0.203922
0.650980
0.682353
0.686275
0.690196
0.658824
0.627451
0.725490
0.701961
0.580392
0.666667
0.666667
0.643137
0.784314
0.909804
0.941176
0.917647
0.592157
0.349020
0.396078
0.494118
0.482353
0.517647
0.560784
0.576471
0.603922
0.603922
0.600000
0.564706
0.509804
0.486275
0.443137
0.309804
0.650980
0.678431
0.686275
0.686275
0.690196
0.643137
0.592157
0.564706
0.600000
0.670588
0.654902
0.643137
0.698039
0.866667
0.941176
0.956863
0.827451
0.521569
0.411765
0.482353
0.517647
0.533333
0.556863
0.568627
0.576471
0.584314
0.588235
0.556863
0.517647
0.486275
0.498039
0.482353
0.647059
0.666667
0.674510
0.674510
0.670588
0.670588
0.662745
0.666667
0.674510
0.662745
0.658824
0.654902
0.658824
0.752941
0.894118
0.952941
0.945098
0.764706
0.498039
0.525490
0.545098
0.541176
0.545098
0.537255
0.549020
0.564706
0.568627
0.552941
0.533333
0.509804
0.509804
0.521569
0.615686
0.643137
0.658824
0.658824
0.654902
0.674510
0.670588
0.666667
0.686275
0.678431
0.662745
0.650980
0.658824
0.670588
0.796078
0.937255
0.949020
0.886275
0.670588
0.552941
0.560784
0.556863
0.545098
0.533333
0.529412
0.545098
0.556863
0.545098
0.537255
0.525490
0.521569
0.525490
0.607843
0.619608
0.639216
0.647059
0.658824
0.666667
0.670588
0.686275
0.678431
0.674510
0.658824
0.658824
0.662745
0.650980
0.654902
0.831373
0.945098
0.917647
0.827451
0.611765
0.556863
0.564706
0.541176
0.549020
0.533333
0.541176
0.537255
0.533333
0.525490
0.525490
0.533333
0.521569
0.600000
0.619608
0.623529
0.639216
0.658824
0.666667
0.666667
0.682353
0.666667
0.658824
0.658824
0.654902
0.658824
0.643137
0.615686
0.713725
0.913725
0.921569
0.898039
0.670588
0.545098
0.572549
0.549020
0.568627
0.556863
0.541176
0.521569
0.525490
0.521569
0.533333
0.541176
0.525490
0.576471
0.592157
0.603922
0.631373
0.647059
0.666667
0.662745
0.654902
0.658824
0.666667
0.662745
0.658824
0.654902
0.647059
0.631373
0.639216
0.843137
0.913725
0.890196
0.682353
0.541176
0.596078
0.588235
0.576471
0.549020
0.533333
0.529412
0.529412
0.529412
0.537255
0.533333
0.521569
0.537255
0.552941
0.592157
0.623529
0.631373
0.666667
0.674510
0.650980
0.647059
0.650980
0.647059
0.658824
0.647059
0.635294
0.619608
0.600000
0.701961
0.847059
0.823529
0.639216
0.552941
0.603922
0.600000
0.572549
0.541176
0.537255
0.549020
0.525490
0.525490
0.537255
0.521569
0.517647
0.525490
0.486275
0.450980
0.419608
0.427451
0.388235
0.149020
0.094118
0.098039
0.109804
0.113725
0.117647
0.121569
0.196078
0.192157
0.121569
0.121569
0.117647
0.113725
0.109804
0.105882
0.105882
0.101961
0.101961
0.098039
0.098039
0.105882
0.109804
0.098039
0.109804
0.105882
0.094118
0.364706
0.376471
0.407843
0.423529
0.431373
0.411765
0.180392
0.090196
0.113725
0.117647
0.121569
0.117647
0.117647
0.156863
0.243137
0.172549
0.121569
0.125490
0.117647
0.117647
0.113725
0.105882
0.101961
0.101961
0.098039
0.098039
0.109804
0.109804
0.101961
0.113725
0.105882
0.101961
0.352941
0.388235
0.407843
0.411765
0.407843
0.396078
0.223529
0.098039
0.125490
0.125490
0.125490
0.125490
0.121569
0.125490
0.219608
0.243137
0.145098
0.121569
0.117647
0.113725
0.109804
0.101961
0.098039
0.098039
0.094118
0.098039
0.105882
0.105882
0.101961
0.105882
0.098039
0.101961
0.356863
0.376471
0.384314
0.384314
0.380392
0.372549
0.298039
0.172549
0.129412
0.141176
0.180392
0.145098
0.133333
0.121569
0.168627
0.258824
0.196078
0.129412
0.109804
0.109804
0.105882
0.101961
0.098039
0.094118
0.094118
0.094118
0.101961
0.101961
0.098039
0.101961
0.094118
0.105882
0.352941
0.364706
0.364706
0.356863
0.360784
0.349020
0.337255
0.266667
0.164706
0.133333
0.231373
0.219608
0.160784
0.125490
0.156863
0.250980
0.235294
0.156863
0.105882
0.105882
0.098039
0.094118
0.094118
0.094118
0.090196
0.090196
0.101961
0.101961
0.094118
0.098039
0.094118
0.109804
0.352941
0.352941
0.349020
0.341176
0.341176
0.329412
0.321569
0.290196
0.227451
0.180392
0.211765
0.278431
0.239216
0.168627
0.172549
0.254902
0.352941
0.431373
0.423529
0.352941
0.235294
0.125490
0.086275
0.086275
0.086275
0.086275
0.098039
0.098039
0.094118
0.098039
0.094118
0.105882
0.341176
0.341176
0.337255
0.325490
0.317647
0.309804
0.294118
0.282353
0.254902
0.235294
0.200000
0.239216
0.286275
0.239216
0.188235
0.301961
0.647059
0.756863
0.756863
0.725490
0.635294
0.321569
0.078431
0.086275
0.086275
0.086275
0.098039
0.094118
0.098039
0.090196
0.094118
0.094118
0.325490
0.329412
0.321569
0.313725
0.305882
0.301961
0.286275
0.254902
0.203922
0.188235
0.180392
0.168627
0.258824
0.274510
0.196078
0.427451
0.784314
0.772549
0.760784
0.780392
0.792157
0.549020
0.152941
0.082353
0.090196
0.094118
0.098039
0.094118
0.098039
0.090196
0.074510
0.090196
0.325490
0.321569
0.317647
0.313725
0.294118
0.266667
0.231373
0.192157
0.176471
0.172549
0.180392
0.145098
0.188235
0.262745
0.243137
0.580392
0.764706
0.721569
0.701961
0.686275
0.717647
0.658824
0.356863
0.105882
0.094118
0.094118
0.094118
0.086275
0.098039
0.078431
0.086275
0.129412
0.313725
0.313725
0.282353
0.239216
0.219608
0.215686
0.243137
0.215686
0.192157
0.180392
0.192157
0.180392
0.129412
0.172549
0.400000
0.690196
0.741176
0.686275
0.647059
0.639216
0.619608
0.501961
0.317647
0.141176
0.090196
0.094118
0.094118
0.086275
0.082353
0.086275
0.137255
0.156863
0.313725
0.266667
0.180392
0.196078
0.215686
0.219608
0.266667
0.219608
0.203922
0.207843
0.200000
0.180392
0.109804
0.125490
0.458824
0.729412
0.721569
0.647059
0.615686
0.549020
0.549020
0.560784
0.419608
0.133333
0.082353
0.090196
0.109804
0.078431
0.078431
0.125490
0.152941
0.168627
0.298039
0.227451
0.203922
0.211765
0.223529
0.235294
0.266667
0.235294
0.192157
0.211765
0.200000
0.152941
0.098039
0.274510
0.486275
0.701961
0.682353
0.674510
0.482353
0.337255
0.505882
0.286275
0.486275
0.325490
0.094118
0.109804
0.105882
0.101961
0.133333
0.145098
0.164706
0.188235
0.309804
0.380392
0.458824
0.317647
0.227451
0.223529
0.254902
0.247059
0.184314
0.188235
0.200000
0.101961
0.168627
0.470588
0.564706
0.658824
0.674510
0.607843
0.239216
0.396078
0.517647
0.105882
0.254902
0.411765
0.145098
0.156863
0.129412
0.141176
0.152941
0.168627
0.184314
0.196078
0.321569
0.447059
0.686275
0.631373
0.423529
0.298039
0.254902
0.239216
0.200000
0.156863
0.180392
0.105882
0.345098
0.643137
0.631373
0.639216
0.647059
0.513725
0.341176
0.619608
0.619608
0.200000
0.192157
0.337255
0.203922
0.188235
0.176471
0.172549
0.176471
0.180392
0.180392
0.184314
0.345098
0.533333
0.678431
0.713725
0.654902
0.521569
0.380392
0.278431
0.227451
0.156863
0.145098
0.172549
0.478431
0.615686
0.596078
0.619608
0.600000
0.568627
0.623529
0.709804
0.643137
0.298039
0.203922
0.247059
0.235294
0.219608
0.200000
0.188235
0.200000
0.192157
0.188235
0.184314
0.490196
0.635294
0.647059
0.701961
0.698039
0.627451
0.537255
0.458824
0.349020
0.211765
0.141176
0.215686
0.525490
0.552941
0.533333
0.545098
0.572549
0.650980
0.713725
0.709804
0.572549
0.290196
0.258824
0.231373
0.219608
0.211765
0.196078
0.200000
0.203922
0.200000
0.200000
0.196078
0.623529
0.596078
0.615686
0.690196
0.713725
0.658824
0.560784
0.552941
0.568627
0.435294
0.266667
0.282353
0.549020
0.509804
0.478431
0.427451
0.466667
0.603922
0.635294
0.568627
0.376471
0.274510
0.396078
0.298039
0.184314
0.192157
0.196078
0.203922
0.207843
0.203922
0.196078
0.192157
0.596078
0.505882
0.596078
0.678431
0.729412
0.694118
0.600000
0.521569
0.639216
0.615686
0.505882
0.462745
0.552941
0.474510
0.431373
0.360784
0.380392
0.458824
0.454902
0.368627
0.270588
0.309804
0.447059
0.466667
0.243137
0.164706
0.180392
0.188235
0.203922
0.207843
0.192157
0.192157
0.537255
0.454902
0.549020
0.666667
0.725490
0.694118
0.615686
0.521569
0.603922
0.619608
0.596078
0.564706
0.501961
0.470588
0.415686
0.356863
0.411765
0.384314
0.294118
0.309804
0.321569
0.356863
0.419608
0.568627
0.501961
0.321569
0.227451
0.180392
0.184314
0.188235
0.180392
0.188235
0.572549
0.513725
0.521569
0.639216
0.674510
0.643137
0.533333
0.450980
0.521569
0.580392
0.568627
0.549020
0.521569
0.490196
0.364706
0.286275
0.380392
0.356863
0.258824
0.298039
0.317647
0.376471
0.435294
0.564706
0.635294
0.631373
0.588235
0.301961
0.145098
0.164706
0.168627
0.180392
0.549020
0.556863
0.545098
0.600000
0.643137
0.592157
0.364706
0.211765
0.356863
0.423529
0.474510
0.513725
0.584314
0.576471
0.388235
0.286275
0.247059
0.286275
0.243137
0.180392
0.200000
0.231373
0.392157
0.541176
0.584314
0.654902
0.729412
0.482353
0.156863
0.152941
0.164706
0.176471
0.364706
0.392157
0.458824
0.568627
0.631373
0.631373
0.470588
0.254902
0.274510
0.313725
0.317647
0.384314
0.603922
0.603922
0.458824
0.392157
0.235294
0.301961
0.270588
0.137255
0.141176
0.164706
0.250980
0.392157
0.494118
0.576471
0.654902
0.494118
0.149020
0.145098
0.164706
0.160784
0.337255
0.333333
0.345098
0.407843
0.537255
0.682353
0.690196
0.615686
0.392157
0.286275
0.274510
0.321569
0.592157
0.568627
0.494118
0.423529
0.262745
0.349020
0.235294
0.117647
0.152941
0.192157
0.203922
0.227451
0.231373
0.305882
0.329412
0.250980
0.156863
0.149020
0.156863
0.160784
0.333333
0.325490
0.333333
0.305882
0.337255
0.549020
0.701961
0.666667
0.435294
0.286275
0.286275
0.305882
0.560784
0.576471
0.529412
0.384314
0.231373
0.286275
0.164706
0.109804
0.156863
0.192157
0.215686
0.227451
0.235294
0.227451
0.215686
0.223529
0.215686
0.176471
0.152941
0.141176
0.313725
0.333333
0.325490
0.325490
0.305882
0.333333
0.494118
0.486275
0.305882
0.286275
0.290196
0.278431
0.505882
0.654902
0.576471
0.368627
0.294118
0.188235
0.149020
0.137255
0.172549
0.211765
0.223529
0.235294
0.247059
0.239216
0.247059
0.243137
0.211765
0.203922
0.192157
0.160784
0.317647
0.333333
0.333333
0.329412
0.341176
0.317647
0.294118
0.290196
0.274510
0.290196
0.294118
0.278431
0.396078
0.650980
0.658824
0.486275
0.549020
0.294118
0.164706
0.192157
0.200000
0.215686
0.219608
0.231373
0.231373
0.239216
0.250980
0.239216
0.219608
0.211765
0.219608
0.215686
0.321569
0.329412
0.333333
0.333333
0.325490
0.329412
0.317647
0.313725
0.305882
0.294118
0.298039
0.286275
0.305882
0.537255
0.572549
0.560784
0.701961
0.498039
0.223529
0.211765
0.219608
0.215686
0.215686
0.223529
0.235294
0.235294
0.239216
0.231373
0.219608
0.211765
0.219608
0.227451
0.301961
0.321569
0.329412
0.329412
0.305882
0.321569
0.313725
0.309804
0.325490
0.313725
0.290196
0.282353
0.290196
0.384314
0.396078
0.588235
0.737255
0.623529
0.396078
0.239216
0.235294
0.231373
0.207843
0.219608
0.227451
0.223529
0.235294
0.227451
0.215686
0.215686
0.219608
0.231373
0.294118
0.301961
0.317647
0.325490
0.309804
0.313725
0.313725
0.321569
0.313725
0.309804
0.294118
0.290196
0.301961
0.298039
0.270588
0.556863
0.733333
0.670588
0.584314
0.321569
0.223529
0.235294
0.207843
0.227451
0.219608
0.231373
0.223529
0.219608
0.215686
0.219608
0.231373
0.227451
0.298039
0.305882
0.305882
0.317647
0.321569
0.325490
0.321569
0.321569
0.301961
0.294118
0.298039
0.298039
0.305882
0.294118
0.270588
0.447059
0.698039
0.686275
0.658824
0.400000
0.211765
0.239216
0.219608
0.239216
0.239216
0.231373
0.215686
0.223529
0.215686
0.227451
0.243137
0.231373
0.290196
0.298039
0.294118
0.313725
0.313725
0.321569
0.313725
0.309804
0.309804
0.313725
0.309804
0.305882
0.305882
0.298039
0.282353
0.333333
0.623529
0.698039
0.662745
0.431373
0.223529
0.262745
0.258824
0.247059
0.227451
0.223529
0.223529
0.235294
0.231373
0.235294
0.235294
0.227451
0.266667
0.274510
0.294118
0.309804
0.305882
0.329412
0.333333
0.309804
0.309804
0.313725
0.309804
0.317647
0.309804
0.290196
0.278431
0.274510
0.458824
0.647059
0.627451
0.403922
0.239216
0.274510
0.274510
0.250980
0.219608
0.231373
0.247059
0.239216
0.231373
0.239216
0.227451
0.227451
0.341176
0.282353
0.219608
0.176471
0.176471
0.160784
0.109804
0.101961
0.098039
0.109804
0.109804
0.117647
0.117647
0.145098
0.141176
0.121569
0.121569
0.117647
0.121569
0.125490
0.125490
0.121569
0.121569
0.121569
0.113725
0.113725
0.117647
0.113725
0.105882
0.098039
0.098039
0.090196
0.149020
0.141176
0.160784
0.160784
0.164706
0.160784
0.117647
0.109804
0.113725
0.121569
0.117647
0.117647
0.121569
0.129412
0.156863
0.137255
0.121569
0.129412
0.129412
0.133333
0.137255
0.129412
0.125490
0.133333
0.133333
0.125490
0.121569
0.113725
0.105882
0.109804
0.105882
0.101961
0.117647
0.133333
0.152941
0.152941
0.149020
0.141176
0.113725
0.094118
0.105882
0.105882
0.109804
0.101961
0.109804
0.117647
0.145098
0.152941
0.121569
0.113725
0.113725
0.117647
0.125490
0.117647
0.113725
0.117647
0.117647
0.113725
0.113725
0.109804
0.101961
0.101961
0.098039
0.094118
0.117647
0.121569
0.125490
0.121569
0.125490
0.121569
0.113725
0.070588
0.078431
0.098039
0.117647
0.101961
0.101961
0.105882
0.121569
0.152941
0.133333
0.113725
0.101961
0.105882
0.109804
0.109804
0.105882
0.109804
0.105882
0.105882
0.105882
0.098039
0.090196
0.090196
0.086275
0.086275
0.109804
0.117647
0.113725
0.105882
0.117647
0.109804
0.109804
0.086275
0.054902
0.082353
0.133333
0.125490
0.105882
0.094118
0.109804
0.149020
0.133333
0.113725
0.094118
0.098039
0.098039
0.101961
0.101961
0.105882
0.098039
0.098039
0.105882
0.094118
0.082353
0.086275
0.082353
0.086275
0.117647
0.113725
0.105882
0.101961
0.105882
0.098039
0.105882
0.101961
0.078431
0.082353
0.117647
0.149020
0.133333
0.101961
0.109804
0.149020
0.219608
0.309804
0.305882
0.254902
0.168627
0.101961
0.101961
0.098039
0.090196
0.090196
0.098039
0.090196
0.078431
0.074510
0.074510
0.082353
0.109804
0.109804
0.105882
0.094118
0.101961
0.098039
0.090196
0.094118
0.090196
0.094118
0.105882
0.137255
0.145098
0.121569
0.113725
0.196078
0.462745
0.552941
0.537255
0.533333
0.458824
0.211765
0.082353
0.094118
0.086275
0.086275
0.086275
0.082353
0.074510
0.074510
0.070588
0.062745
0.101961
0.105882
0.105882
0.094118
0.098039
0.094118
0.094118
0.098039
0.098039
0.105882
0.117647
0.109804
0.133333
0.137255
0.101961
0.298039
0.552941
0.525490
0.509804
0.552941
0.580392
0.360784
0.105882
0.086275
0.082353
0.082353
0.090196
0.082353
0.070588
0.070588
0.062745
0.050980
0.109804
0.109804
0.105882
0.101961
0.094118
0.098039
0.113725
0.101961
0.105882
0.117647
0.125490
0.117647
0.121569
0.145098
0.137255
0.392157
0.501961
0.443137
0.431373
0.423529
0.478431
0.431373
0.235294
0.090196
0.082353
0.082353
0.090196
0.074510
0.070588
0.062745
0.047059
0.066667
0.098039
0.094118
0.101961
0.109804
0.105882
0.105882
0.121569
0.121569
0.105882
0.101961
0.113725
0.125490
0.105882
0.117647
0.262745
0.466667
0.478431
0.407843
0.364706
0.352941
0.345098
0.294118
0.180392
0.101961
0.082353
0.090196
0.086275
0.066667
0.054902
0.043137
0.074510
0.082353
0.101961
0.094118
0.101961
0.117647
0.109804
0.109804
0.121569
0.113725
0.109804
0.105882
0.109804
0.105882
0.090196
0.090196
0.278431
0.486275
0.462745
0.364706
0.333333
0.282353
0.254902
0.337255
0.262745
0.074510
0.066667
0.078431
0.078431
0.058824
0.043137
0.058824
0.082353
0.101961
0.101961
0.113725
0.113725
0.101961
0.121569
0.125490
0.129412
0.113725
0.105882
0.113725
0.105882
0.105882
0.090196
0.168627
0.286275
0.450980
0.411765
0.400000
0.294118
0.184314
0.266667
0.164706
0.349020
0.196078
0.035294
0.058824
0.066667
0.050980
0.062745
0.078431
0.086275
0.105882
0.094118
0.172549
0.270588
0.172549
0.125490
0.121569
0.129412
0.121569
0.105882
0.113725
0.113725
0.090196
0.125490
0.266667
0.317647
0.400000
0.407843
0.384314
0.149020
0.243137
0.313725
0.054902
0.180392
0.258824
0.047059
0.062745
0.050980
0.070588
0.082353
0.090196
0.098039
0.105882
0.098039
0.215686
0.427451
0.396078
0.239216
0.156863
0.125490
0.121569
0.109804
0.105882
0.117647
0.086275
0.203922
0.364706
0.368627
0.380392
0.380392
0.305882
0.196078
0.403922
0.407843
0.109804
0.113725
0.203922
0.094118
0.074510
0.086275
0.090196
0.094118
0.098039
0.098039
0.101961
0.129412
0.290196
0.411765
0.454902
0.380392
0.270588
0.180392
0.141176
0.117647
0.105882
0.105882
0.113725
0.250980
0.321569
0.337255
0.356863
0.325490
0.341176
0.419608
0.486275
0.435294
0.172549
0.105882
0.121569
0.101961
0.105882
0.101961
0.101961
0.105882
0.109804
0.105882
0.101961
0.254902
0.352941
0.368627
0.447059
0.407843
0.321569
0.250980
0.227451
0.176471
0.117647
0.098039
0.133333
0.250980
0.250980
0.266667
0.294118
0.313725
0.419608
0.505882
0.490196
0.384314
0.164706
0.133333
0.101961
0.090196
0.105882
0.101961
0.105882
0.113725
0.105882
0.109804
0.105882
0.341176
0.298039
0.333333
0.431373
0.443137
0.364706
0.266667
0.266667
0.317647
0.235294
0.145098
0.145098
0.262745
0.215686
0.207843
0.203922
0.243137
0.376471
0.419608
0.352941
0.203922
0.133333
0.203922
0.156863
0.086275
0.101961
0.105882
0.109804
0.113725
0.109804
0.105882
0.105882
0.278431
0.227451
0.321569
0.419608
0.478431
0.415686
0.321569
0.243137
0.360784
0.345098
0.262745
0.231373
0.258824
0.176471
0.164706
0.137255
0.172549
0.227451
0.235294
0.176471
0.117647
0.137255
0.223529
0.282353
0.129412
0.086275
0.098039
0.101961
0.109804
0.113725
0.105882
0.105882
0.235294
0.192157
0.286275
0.403922
0.482353
0.431373
0.360784
0.262745
0.329412
0.349020
0.317647
0.301961
0.239216
0.188235
0.156863
0.137255
0.192157
0.160784
0.121569
0.133333
0.137255
0.172549
0.223529
0.352941
0.329412
0.200000
0.129412
0.094118
0.098039
0.101961
0.098039
0.098039
0.286275
0.239216
0.258824
0.368627
0.411765
0.372549
0.298039
0.235294
0.262745
0.313725
0.298039
0.278431
0.258824
0.219608
0.141176
0.117647
0.172549
0.152941
0.129412
0.152941
0.152941
0.200000
0.223529
0.345098
0.415686
0.443137
0.419608
0.188235
0.074510
0.094118
0.090196
0.090196
0.274510
0.286275
0.282353
0.313725
0.349020
0.298039
0.168627
0.098039
0.156863
0.192157
0.227451
0.243137
0.309804
0.313725
0.180392
0.113725
0.109804
0.141176
0.125490
0.105882
0.094118
0.105882
0.211765
0.325490
0.341176
0.423529
0.517647
0.329412
0.082353
0.082353
0.082353
0.094118
0.129412
0.145098
0.203922
0.282353
0.317647
0.321569
0.239216
0.101961
0.074510
0.090196
0.098039
0.160784
0.345098
0.356863
0.239216
0.180392
0.125490
0.156863
0.152941
0.070588
0.054902
0.070588
0.121569
0.211765
0.286275
0.360784
0.447059
0.341176
0.082353
0.078431
0.082353
0.086275
0.098039
0.094118
0.098039
0.160784
0.266667
0.403922
0.419608
0.337255
0.164706
0.090196
0.074510
0.125490
0.352941
0.329412
0.235294
0.200000
0.137255
0.176471
0.121569
0.054902
0.070588
0.082353
0.086275
0.098039
0.101961
0.172549
0.196078
0.137255
0.074510
0.074510
0.086275
0.082353
0.094118
0.086275
0.094118
0.098039
0.121569
0.301961
0.450980
0.396078
0.219608
0.101961
0.086275
0.109804
0.309804
0.325490
0.278431
0.211765
0.137255
0.156863
0.086275
0.062745
0.070588
0.082353
0.090196
0.098039
0.098039
0.082353
0.078431
0.094118
0.094118
0.078431
0.074510
0.070588
0.090196
0.098039
0.098039
0.109804
0.094118
0.129412
0.290196
0.274510
0.137255
0.086275
0.090196
0.098039
0.278431
0.411765
0.360784
0.219608
0.156863
0.090196
0.066667
0.070588
0.078431
0.090196
0.090196
0.094118
0.098039
0.098039
0.098039
0.101961
0.086275
0.098039
0.094118
0.074510
0.098039
0.101961
0.098039
0.101961
0.109804
0.094118
0.105882
0.105882
0.090196
0.090196
0.098039
0.086275
0.192157
0.435294
0.458824
0.321569
0.341176
0.152941
0.062745
0.074510
0.086275
0.090196
0.086275
0.090196
0.090196
0.094118
0.098039
0.101961
0.101961
0.094118
0.098039
0.101961
0.098039
0.098039
0.098039
0.101961
0.094118
0.094118
0.101961
0.094118
0.094118
0.086275
0.090196
0.086275
0.105882
0.321569
0.392157
0.384314
0.462745
0.282353
0.098039
0.090196
0.086275
0.086275
0.090196
0.094118
0.094118
0.094118
0.098039
0.098039
0.098039
0.094118
0.098039
0.101961
0.090196
0.098039
0.101961
0.105882
0.090196
0.098039
0.098039
0.090196
0.090196
0.090196
0.086275
0.086275
0.090196
0.168627
0.235294
0.415686
0.482353
0.368627
0.200000
0.098039
0.086275
0.090196
0.082353
0.098039
0.094118
0.094118
0.101961
0.094118
0.101961
0.098039
0.098039
0.105882
0.090196
0.090196
0.098039
0.101961
0.098039
0.098039
0.094118
0.101961
0.098039
0.098039
0.086275
0.086275
0.094118
0.098039
0.109804
0.372549
0.490196
0.411765
0.341176
0.156863
0.078431
0.086275
0.078431
0.094118
0.090196
0.094118
0.094118
0.094118
0.098039
0.094118
0.098039
0.105882
0.094118
0.098039
0.098039
0.101961
0.098039
0.101961
0.101961
0.101961
0.094118
0.094118
0.098039
0.090196
0.098039
0.098039
0.086275
0.254902
0.478431
0.447059
0.419608
0.223529
0.082353
0.094118
0.090196
0.105882
0.101961
0.094118
0.094118
0.098039
0.098039
0.101961
0.101961
0.105882
0.094118
0.098039
0.098039
0.101961
0.094118
0.101961
0.098039
0.094118
0.101961
0.098039
0.094118
0.098039
0.101961
0.101961
0.090196
0.145098
0.415686
0.474510
0.423529
0.243137
0.078431
0.101961
0.105882
0.105882
0.094118
0.094118
0.098039
0.101961
0.101961
0.101961
0.101961
0.105882
0.086275
0.090196
0.101961
0.113725
0.101961
0.113725
0.117647
0.098039
0.098039
0.094118
0.090196
0.098039
0.098039
0.090196
0.090196
0.094118
0.274510
0.439216
0.400000
0.223529
0.082353
0.098039
0.101961
0.098039
0.086275
0.090196
0.105882
0.101961
0.090196
0.105882
0.101961
0.105882
