0.278431
0.274510
0.286275
0.317647
0.345098
0.356863
0.325490
0.372549
0.372549
0.294118
0.286275
0.294118
0.325490
0.356863
0.321569
0.329412
0.349020
0.337255
0.333333
0.384314
0.360784
0.329412
0.341176
0.356863
0.396078
0.403922
0.372549
0.341176
0.325490
0.321569
0.321569
0.313725
0.298039
0.290196
0.298039
0.313725
0.337255
0.345098
0.349020
0.396078
0.419608
0.349020
0.298039
0.258824
0.270588
0.333333
0.349020
0.372549
0.356863
0.333333
0.368627
0.407843
0.411765
0.396078
0.349020
0.341176
0.368627
0.364706
0.356863
0.360784
0.360784
0.352941
0.352941
0.341176
0.313725
0.298039
0.290196
0.317647
0.333333
0.309804
0.329412
0.407843
0.450980
0.368627
0.360784
0.309804
0.301961
0.352941
0.380392
0.368627
0.337255
0.321569
0.325490
0.356863
0.396078
0.407843
0.372549
0.349020
0.364706
0.349020
0.317647
0.301961
0.301961
0.301961
0.345098
0.360784
0.325490
0.298039
0.286275
0.294118
0.313725
0.317647
0.372549
0.529412
0.494118
0.345098
0.333333
0.333333
0.333333
0.360784
0.372549
0.360784
0.333333
0.301961
0.309804
0.345098
0.372549
0.392157
0.396078
0.376471
0.352941
0.329412
0.313725
0.301961
0.298039
0.298039
0.325490
0.345098
0.352941
0.317647
0.286275
0.294118
0.313725
0.337255
0.372549
0.552941
0.607843
0.415686
0.333333
0.349020
0.356863
0.352941
0.341176
0.345098
0.352941
0.337255
0.337255
0.352941
0.356863
0.360784
0.380392
0.376471
0.360784
0.352941
0.356863
0.345098
0.329412
0.333333
0.337255
0.345098
0.337255
0.329412
0.313725
0.301961
0.313725
0.325490
0.313725
0.447059
0.658824
0.482353
0.368627
0.470588
0.458824
0.364706
0.352941
0.356863
0.384314
0.380392
0.368627
0.356863
0.309804
0.282353
0.321569
0.360784
0.372549
0.376471
0.384314
0.388235
0.364706
0.349020
0.333333
0.333333
0.345098
0.337255
0.317647
0.309804
0.321569
0.337255
0.356863
0.517647
0.654902
0.466667
0.368627
0.654902
0.600000
0.392157
0.423529
0.400000
0.388235
0.372549
0.380392
0.368627
0.341176
0.317647
0.337255
0.356863
0.364706
0.368627
0.352941
0.360784
0.376471
0.372549
0.356863
0.337255
0.329412
0.305882
0.298039
0.345098
0.305882
0.290196
0.384314
0.643137
0.694118
0.470588
0.396078
0.580392
0.549020
0.400000
0.501961
0.415686
0.388235
0.368627
0.376471
0.376471
0.372549
0.380392
0.388235
0.392157
0.376471
0.356863
0.329412
0.345098
0.368627
0.360784
0.368627
0.368627
0.360784
0.325490
0.294118
0.321569
0.329412
0.333333
0.470588
0.772549
0.776471
0.466667
0.368627
0.474510
0.631373
0.478431
0.560784
0.419608
0.372549
0.364706
0.376471
0.384314
0.376471
0.372549
0.384314
0.392157
0.384314
0.364706
0.345098
0.345098
0.364706
0.376471
0.368627
0.352941
0.372549
0.333333
0.294118
0.317647
0.341176
0.352941
0.635294
0.870588
0.788235
0.603922
0.541176
0.568627
0.788235
0.713725
0.701961
0.505882
0.364706
0.376471
0.388235
0.392157
0.380392
0.360784
0.372549
0.376471
0.368627
0.368627
0.352941
0.341176
0.341176
0.356863
0.364706
0.345098
0.380392
0.380392
0.317647
0.298039
0.317647
0.372549
0.635294
0.745098
0.803922
0.811765
0.784314
0.823529
0.858824
0.913725
0.886275
0.607843
0.376471
0.396078
0.400000
0.392157
0.392157
0.372549
0.368627
0.360784
0.364706
0.372549
0.364706
0.360784
0.364706
0.364706
0.356863
0.356863
0.376471
0.388235
0.349020
0.298039
0.352941
0.470588
0.619608
0.537255
0.521569
0.490196
0.458824
0.454902
0.478431
0.596078
0.647059
0.317647
0.313725
0.407843
0.403922
0.415686
0.407843
0.400000
0.380392
0.368627
0.368627
0.360784
0.368627
0.380392
0.388235
0.388235
0.372549
0.360784
0.352941
0.368627
0.364706
0.396078
0.454902
0.537255
0.678431
0.545098
0.549020
0.513725
0.443137
0.462745
0.388235
0.333333
0.419608
0.294118
0.329412
0.392157
0.380392
0.411765
0.419608
0.407843
0.380392
0.372549
0.368627
0.356863
0.364706
0.384314
0.384314
0.368627
0.372549
0.372549
0.345098
0.313725
0.388235
0.596078
0.584314
0.607843
0.713725
0.564706
0.556863
0.580392
0.552941
0.627451
0.568627
0.627451
0.533333
0.470588
0.419608
0.419608
0.392157
0.376471
0.376471
0.384314
0.376471
0.360784
0.352941
0.352941
0.349020
0.356863
0.364706
0.368627
0.372549
0.376471
0.333333
0.243137
0.623529
0.882353
0.709804
0.843137
0.854902
0.749020
0.670588
0.682353
0.635294
0.643137
0.647059
0.733333
0.603922
0.525490
0.560784
0.674510
0.545098
0.407843
0.431373
0.443137
0.415686
0.372549
0.372549
0.376471
0.368627
0.372549
0.372549
0.356863
0.360784
0.372549
0.325490
0.207843
0.592157
0.917647
0.847059
0.901961
0.913725
0.894118
0.886275
0.866667
0.819608
0.792157
0.780392
0.788235
0.737255
0.584314
0.670588
0.819608
0.627451
0.505882
0.572549
0.525490
0.533333
0.439216
0.403922
0.407843
0.396078
0.384314
0.372549
0.360784
0.356863
0.368627
0.333333
0.250980
0.419608
0.792157
0.913725
0.909804
0.917647
0.901961
0.933333
0.925490
0.917647
0.898039
0.882353
0.894118
0.894118
0.760784
0.843137
0.894118
0.717647
0.690196
0.701961
0.607843
0.662745
0.458824
0.380392
0.392157
0.380392
0.372549
0.376471
0.368627
0.364706
0.372549
0.325490
0.247059
0.266667
0.454902
0.749020
0.878431
0.894118
0.894118
0.917647
0.917647
0.909804
0.921569
0.941176
0.917647
0.898039
0.886275
0.925490
0.850980
0.819608
0.905882
0.705882
0.725490
0.733333
0.537255
0.427451
0.317647
0.364706
0.435294
0.290196
0.231373
0.364706
0.392157
0.317647
0.270588
0.211765
0.247059
0.364706
0.552941
0.756863
0.854902
0.886275
0.894118
0.905882
0.921569
0.937255
0.882353
0.847059
0.886275
0.886275
0.721569
0.854902
0.933333
0.811765
0.788235
0.749020
0.807843
0.776471
0.564706
0.454902
0.337255
0.133333
0.152941
0.372549
0.392157
0.345098
0.364706
0.219608
0.160784
0.207843
0.274510
0.388235
0.501961
0.619608
0.713725
0.796078
0.847059
0.874510
0.905882
0.894118
0.913725
0.890196
0.831373
0.909804
0.909804
0.933333
0.890196
0.831373
0.835294
0.690196
0.454902
0.250980
0.125490
0.094118
0.196078
0.372549
0.376471
0.345098
0.376471
0.286275
0.184314
0.164706
0.160784
0.215686
0.262745
0.305882
0.349020
0.439216
0.529412
0.600000
0.686275
0.745098
0.796078
0.819608
0.835294
0.843137
0.866667
0.850980
0.752941
0.603922
0.435294
0.270588
0.152941
0.109804
0.090196
0.070588
0.211765
0.368627
0.372549
0.356863
0.345098
0.317647
0.278431
0.250980
0.200000
0.156863
0.133333
0.152941
0.207843
0.243137
0.274510
0.286275
0.325490
0.384314
0.427451
0.419608
0.447059
0.474510
0.513725
0.478431
0.349020
0.156863
0.094118
0.090196
0.105882
0.082353
0.062745
0.078431
0.258824
0.349020
0.352941
0.372549
0.298039
0.301961
0.329412
0.286275
0.270588
0.266667
0.239216
0.207843
0.145098
0.117647
0.160784
0.211765
0.219608
0.258824
0.227451
0.223529
0.243137
0.270588
0.243137
0.227451
0.200000
0.133333
0.133333
0.109804
0.078431
0.062745
0.050980
0.160784
0.372549
0.372549
0.376471
0.356863
0.286275
0.282353
0.325490
0.321569
0.290196
0.274510
0.329412
0.376471
0.364706
0.301961
0.211765
0.149020
0.121569
0.125490
0.098039
0.129412
0.152941
0.176471
0.152941
0.145098
0.141176
0.098039
0.082353
0.062745
0.050980
0.054902
0.047059
0.156863
0.345098
0.352941
0.380392
0.360784
0.349020
0.352941
0.333333
0.309804
0.290196
0.301961
0.305882
0.325490
0.403922
0.450980
0.458824
0.435294
0.372549
0.270588
0.184314
0.145098
0.113725
0.101961
0.094118
0.070588
0.066667
0.058824
0.058824
0.054902
0.050980
0.066667
0.082353
0.082353
0.137255
0.231373
0.372549
0.364706
0.380392
0.384314
0.364706
0.294118
0.239216
0.294118
0.345098
0.325490
0.309804
0.356863
0.400000
0.427451
0.458824
0.509804
0.545098
0.498039
0.407843
0.317647
0.258824
0.223529
0.200000
0.231373
0.258824
0.305882
0.349020
0.400000
0.443137
0.168627
0.070588
0.247059
0.380392
0.356863
0.364706
0.364706
0.341176
0.305882
0.282353
0.309804
0.325490
0.317647
0.329412
0.352941
0.341176
0.337255
0.356863
0.349020
0.345098
0.360784
0.403922
0.368627
0.313725
0.274510
0.223529
0.207843
0.239216
0.337255
0.431373
0.505882
0.505882
0.227451
0.270588
0.368627
0.384314
0.368627
0.368627
0.372549
0.356863
0.349020
0.341176
0.384314
0.384314
0.388235
0.388235
0.380392
0.380392
0.384314
0.356863
0.333333
0.341176
0.329412
0.321569
0.309804
0.290196
0.278431
0.243137
0.219608
0.231373
0.262745
0.294118
0.364706
0.368627
0.290196
0.380392
0.396078
0.392157
0.376471
0.380392
0.380392
0.388235
0.384314
0.407843
0.509804
0.533333
0.545098
0.549020
0.501961
0.443137
0.403922
0.384314
0.380392
0.372549
0.360784
0.360784
0.360784
0.384314
0.415686
0.411765
0.396078
0.384314
0.376471
0.380392
0.388235
0.384314
0.376471
0.400000
0.407843
0.403922
0.376471
0.384314
0.396078
0.396078
0.388235
0.450980
0.482353
0.454902
0.486275
0.505882
0.560784
0.584314
0.537255
0.450980
0.411765
0.372549
0.360784
0.364706
0.364706
0.403922
0.443137
0.431373
0.407843
0.388235
0.376471
0.392157
0.403922
0.392157
0.388235
0.411765
0.407843
0.407843
0.392157
0.400000
0.415686
0.415686
0.403922
0.462745
0.474510
0.431373
0.443137
0.427451
0.443137
0.541176
0.584314
0.462745
0.447059
0.458824
0.403922
0.392157
0.407843
0.470588
0.474510
0.427451
0.400000
0.372549
0.337255
0.356863
0.372549
0.380392
0.407843
0.415686
0.407843
0.415686
0.400000
0.403922
0.407843
0.396078
0.392157
0.435294
0.470588
0.439216
0.427451
0.407843
0.407843
0.427451
0.490196
0.407843
0.415686
0.458824
0.415686
0.376471
0.407843
0.466667
0.478431
0.443137
0.407843
0.384314
0.333333
0.345098
0.352941
0.360784
0.396078
0.403922
0.400000
0.411765
0.423529
0.407843
0.411765
0.447059
0.462745
0.439216
0.376471
0.396078
0.380392
0.305882
0.290196
0.305882
0.388235
0.447059
0.423529
0.419608
0.454902
0.443137
0.435294
0.513725
0.494118
0.450980
0.450980
0.474510
0.505882
0.517647
0.513725
0.490196
0.462745
0.458824
0.462745
0.450980
0.431373
0.415686
0.415686
0.435294
0.447059
0.423529
0.392157
0.435294
0.458824
0.368627
0.321569
0.305882
0.356863
0.447059
0.462745
0.462745
0.435294
0.403922
0.439216
0.509804
0.521569
0.513725
0.474510
0.439216
0.431373
0.427451
0.462745
0.494118
0.494118
0.501961
0.486275
0.454902
0.427451
0.392157
0.376471
0.392157
0.400000
0.356863
0.352941
0.435294
0.498039
0.400000
0.403922
0.380392
0.396078
0.439216
0.474510
0.478431
0.439216
0.415686
0.400000
0.407843
0.450980
0.501961
0.498039
0.470588
0.458824
0.443137
0.419608
0.403922
0.400000
0.419608
0.466667
0.482353
0.431373
0.392157
0.372549
0.376471
0.388235
0.376471
0.407843
0.549020
0.509804
0.380392
0.380392
0.392157
0.403922
0.427451
0.458824
0.478431
0.478431
0.447059
0.419608
0.396078
0.403922
0.454902
0.501961
0.505882
0.486275
0.450980
0.419608
0.403922
0.388235
0.392157
0.427451
0.458824
0.447059
0.415686
0.388235
0.392157
0.400000
0.403922
0.423529
0.580392
0.639216
0.490196
0.411765
0.396078
0.400000
0.427451
0.431373
0.435294
0.454902
0.450980
0.450980
0.439216
0.427451
0.427451
0.454902
0.478431
0.486275
0.474510
0.462745
0.447059
0.415686
0.403922
0.415686
0.435294
0.419608
0.419608
0.407843
0.411765
0.403922
0.388235
0.376471
0.490196
0.682353
0.541176
0.415686
0.486275
0.482353
0.423529
0.435294
0.439216
0.454902
0.462745
0.470588
0.462745
0.419608
0.372549
0.392157
0.423529
0.450980
0.462745
0.478431
0.494118
0.470588
0.439216
0.415686
0.403922
0.423529
0.415686
0.392157
0.380392
0.368627
0.356863
0.364706
0.513725
0.647059
0.486275
0.392157
0.662745
0.623529
0.431373
0.482353
0.474510
0.466667
0.450980
0.466667
0.466667
0.447059
0.415686
0.419608
0.415686
0.407843
0.411765
0.411765
0.443137
0.474510
0.486275
0.462745
0.423529
0.407843
0.380392
0.372549
0.396078
0.345098
0.309804
0.349020
0.580392
0.670588
0.486275
0.431373
0.611765
0.580392
0.435294
0.541176
0.458824
0.435294
0.427451
0.443137
0.450980
0.450980
0.450980
0.454902
0.454902
0.439216
0.423529
0.384314
0.388235
0.411765
0.435294
0.447059
0.458824
0.431373
0.388235
0.352941
0.372549
0.380392
0.368627
0.454902
0.725490
0.756863
0.486275
0.403922
0.509804
0.650980
0.494118
0.576471
0.447059
0.415686
0.415686
0.419608
0.431373
0.431373
0.427451
0.439216
0.447059
0.454902
0.450980
0.415686
0.396078
0.400000
0.411765
0.415686
0.415686
0.427451
0.376471
0.333333
0.356863
0.392157
0.400000
0.643137
0.847059
0.745098
0.521569
0.466667
0.533333
0.780392
0.694118
0.690196
0.529412
0.427451
0.435294
0.435294
0.435294
0.431373
0.415686
0.423529
0.419608
0.411765
0.419608
0.407843
0.407843
0.411765
0.407843
0.411765
0.388235
0.423529
0.415686
0.349020
0.349020
0.388235
0.415686
0.631373
0.721569
0.733333
0.647059
0.623529
0.749020
0.847059
0.890196
0.870588
0.627451
0.423529
0.450980
0.458824
0.458824
0.454902
0.431373
0.419608
0.403922
0.392157
0.400000
0.407843
0.423529
0.443137
0.427451
0.403922
0.396078
0.407843
0.411765
0.360784
0.325490
0.380392
0.482353
0.584314
0.462745
0.439216
0.407843
0.384314
0.400000
0.462745
0.580392
0.631373
0.329412
0.321569
0.419608
0.435294
0.447059
0.443137
0.447059
0.431373
0.407843
0.403922
0.403922
0.403922
0.411765
0.419608
0.419608
0.411765
0.407843
0.380392
0.380392
0.360784
0.384314
0.415686
0.513725
0.615686
0.388235
0.384314
0.388235
0.345098
0.372549
0.337255
0.317647
0.376471
0.274510
0.321569
0.400000
0.400000
0.411765
0.423529
0.450980
0.443137
0.423529
0.411765
0.407843
0.396078
0.396078
0.388235
0.403922
0.407843
0.407843
0.376471
0.317647
0.364706
0.560784
0.521569
0.560784
0.623529
0.368627
0.321569
0.337255
0.329412
0.439216
0.450980
0.556863
0.431373
0.407843
0.415686
0.423529
0.403922
0.400000
0.411765
0.415686
0.415686
0.407843
0.403922
0.403922
0.392157
0.392157
0.396078
0.403922
0.411765
0.411765
0.372549
0.239216
0.592157
0.839216
0.650980
0.823529
0.827451
0.654902
0.537255
0.474510
0.400000
0.419608
0.470588
0.603922
0.462745
0.431373
0.525490
0.639216
0.525490
0.427451
0.450980
0.427451
0.396078
0.380392
0.396078
0.388235
0.388235
0.392157
0.400000
0.392157
0.396078
0.407843
0.356863
0.203922
0.564706
0.874510
0.796078
0.866667
0.882353
0.874510
0.874510
0.811765
0.725490
0.682353
0.670588
0.682353
0.639216
0.521569
0.619608
0.788235
0.611765
0.486275
0.537255
0.482353
0.505882
0.427451
0.400000
0.396078
0.392157
0.388235
0.388235
0.388235
0.388235
0.396078
0.345098
0.235294
0.380392
0.741176
0.862745
0.866667
0.882353
0.878431
0.921569
0.913725
0.905882
0.894118
0.882353
0.866667
0.858824
0.733333
0.827451
0.870588
0.674510
0.631373
0.623529
0.533333
0.619608
0.443137
0.376471
0.392157
0.388235
0.392157
0.400000
0.384314
0.380392
0.388235
0.349020
0.243137
0.235294
0.403922
0.698039
0.839216
0.858824
0.858824
0.894118
0.901961
0.901961
0.925490
0.945098
0.894118
0.858824
0.862745
0.913725
0.807843
0.745098
0.839216
0.631373
0.643137
0.662745
0.482353
0.392157
0.301961
0.356863
0.439216
0.298039
0.235294
0.364706
0.392157
0.368627
0.266667
0.188235
0.223529
0.325490
0.501961
0.690196
0.792157
0.850980
0.858824
0.874510
0.894118
0.905882
0.800000
0.745098
0.819608
0.843137
0.654902
0.776471
0.874510
0.752941
0.721569
0.678431
0.741176
0.705882
0.501961
0.411765
0.321569
0.125490
0.141176
0.356863
0.376471
0.392157
0.337255
0.160784
0.141176
0.188235
0.243137
0.341176
0.454902
0.576471
0.662745
0.737255
0.788235
0.823529
0.823529
0.815686
0.866667
0.839216
0.768627
0.847059
0.847059
0.886275
0.847059
0.776471
0.772549
0.623529
0.400000
0.211765
0.105882
0.086275
0.172549
0.352941
0.356863
0.376471
0.321569
0.192157
0.137255
0.129412
0.125490
0.184314
0.239216
0.286275
0.309804
0.376471
0.458824
0.541176
0.619608
0.666667
0.713725
0.749020
0.784314
0.800000
0.803922
0.788235
0.701961
0.560784
0.396078
0.235294
0.117647
0.082353
0.070588
0.050980
0.188235
0.349020
0.356863
0.376471
0.305882
0.239216
0.207843
0.192157
0.160784
0.133333
0.133333
0.160784
0.196078
0.207843
0.231373
0.247059
0.274510
0.313725
0.337255
0.352941
0.400000
0.427451
0.454902
0.423529
0.301961
0.129412
0.086275
0.078431
0.078431
0.050980
0.039216
0.054902
0.250980
0.345098
0.337255
0.376471
0.266667
0.235294
0.254902
0.219608
0.219608
0.219608
0.200000
0.180392
0.125490
0.109804
0.160784
0.207843
0.207843
0.235294
0.203922
0.200000
0.219608
0.243137
0.215686
0.215686
0.192157
0.109804
0.098039
0.074510
0.047059
0.031373
0.019608
0.137255
0.360784
0.356863
0.345098
0.345098
0.235294
0.200000
0.235294
0.231373
0.196078
0.176471
0.235294
0.298039
0.301961
0.262745
0.188235
0.133333
0.109804
0.125490
0.101961
0.117647
0.137255
0.156863
0.129412
0.125490
0.121569
0.074510
0.047059
0.027451
0.019608
0.023529
0.015686
0.129412
0.337255
0.341176
0.352941
0.333333
0.290196
0.258824
0.231373
0.219608
0.196078
0.192157
0.192157
0.219608
0.298039
0.341176
0.356863
0.356863
0.313725
0.227451
0.156863
0.121569
0.090196
0.070588
0.058824
0.047059
0.047059
0.035294
0.039216
0.039216
0.050980
0.062745
0.054902
0.078431
0.152941
0.235294
0.352941
0.337255
0.329412
0.298039
0.270588
0.223529
0.164706
0.192157
0.231373
0.211765
0.188235
0.227451
0.266667
0.294118
0.321569
0.372549
0.411765
0.388235
0.313725
0.239216
0.196078
0.172549
0.152941
0.172549
0.188235
0.223529
0.278431
0.325490
0.349020
0.156863
0.082353
0.239216
0.345098
0.352941
0.337255
0.298039
0.254902
0.231373
0.207843
0.211765
0.211765
0.207843
0.211765
0.227451
0.215686
0.223529
0.243137
0.231373
0.223529
0.231373
0.286275
0.270588
0.231373
0.192157
0.164706
0.160784
0.156863
0.192157
0.231373
0.243137
0.254902
0.129412
0.235294
0.325490
0.333333
0.368627
0.352941
0.329412
0.294118
0.290196
0.278431
0.294118
0.282353
0.290196
0.282353
0.258824
0.250980
0.254902
0.231373
0.223529
0.239216
0.231373
0.231373
0.219608
0.188235
0.176471
0.172549
0.164706
0.156863
0.156863
0.152941
0.149020
0.156863
0.184314
0.321569
0.337255
0.333333
0.360784
0.352941
0.341176
0.349020
0.356863
0.372549
0.447059
0.454902
0.470588
0.462745
0.403922
0.337255
0.278431
0.258824
0.254902
0.243137
0.247059
0.262745
0.258824
0.258824
0.266667
0.270588
0.262745
0.258824
0.262745
0.266667
0.258824
0.274510
0.298039
0.329412
0.341176
0.341176
0.349020
0.349020
0.349020
0.356863
0.360784
0.415686
0.419608
0.364706
0.388235
0.415686
0.474510
0.494118
0.423529
0.325490
0.286275
0.243137
0.239216
0.262745
0.262745
0.282353
0.294118
0.278431
0.262745
0.250980
0.243137
0.250980
0.266667
0.286275
0.309804
0.329412
0.333333
0.341176
0.352941
0.352941
0.352941
0.349020
0.341176
0.396078
0.388235
0.321569
0.317647
0.305882
0.329412
0.431373
0.466667
0.345098
0.329412
0.341176
0.298039
0.305882
0.317647
0.349020
0.341176
0.298039
0.278431
0.258824
0.223529
0.235294
0.243137
0.254902
0.298039
0.317647
0.317647
0.329412
0.341176
0.337255
0.329412
0.325490
0.325490
0.360784
0.388235
0.349020
0.325490
0.298039
0.290196
0.305882
0.380392
0.301961
0.305882
0.352941
0.333333
0.309804
0.329412
0.352941
0.352941
0.325490
0.290196
0.262745
0.215686
0.235294
0.247059
0.250980
0.290196
0.301961
0.298039
0.309804
0.501961
0.478431
0.470588
0.501961
0.505882
0.450980
0.349020
0.321569
0.301961
0.278431
0.290196
0.305882
0.415686
0.494118
0.482353
0.494118
0.517647
0.490196
0.486275
0.592157
0.592157
0.541176
0.517647
0.525490
0.564706
0.596078
0.588235
0.568627
0.545098
0.537255
0.541176
0.537255
0.513725
0.490196
0.482353
0.509804
0.498039
0.419608
0.364706
0.427451
0.482353
0.396078
0.341176
0.325490
0.388235
0.462745
0.490196
0.529412
0.505882
0.454902
0.482353
0.556863
0.584314
0.584314
0.545098
0.498039
0.478431
0.478431
0.513725
0.556863
0.568627
0.576471
0.564706
0.529412
0.490196
0.466667
0.454902
0.454902
0.427451
0.352941
0.333333
0.439216
0.537255
0.450980
0.435294
0.396078
0.435294
0.482353
0.525490
0.545098
0.505882
0.474510
0.450980
0.443137
0.474510
0.533333
0.549020
0.533333
0.521569
0.486275
0.470588
0.462745
0.466667
0.490196
0.537255
0.556863
0.482353
0.462745
0.454902
0.447059
0.443137
0.415686
0.439216
0.552941
0.494118
0.396078
0.403922
0.400000
0.427451
0.470588
0.517647
0.541176
0.545098
0.525490
0.498039
0.458824
0.450980
0.494118
0.541176
0.556863
0.545098
0.509804
0.486275
0.470588
0.458824
0.450980
0.494118
0.529412
0.501961
0.482353
0.462745
0.462745
0.458824
0.450980
0.458824
0.596078
0.647059
0.513725
0.439216
0.419608
0.419608
0.450980
0.470588
0.490196
0.513725
0.521569
0.533333
0.505882
0.482353
0.482353
0.509804
0.521569
0.533333
0.533333
0.529412
0.517647
0.482353
0.458824
0.474510
0.498039
0.462745
0.470588
0.466667
0.454902
0.450980
0.439216
0.400000
0.509804
0.721569
0.564706
0.427451
0.498039
0.513725
0.454902
0.466667
0.478431
0.501961
0.517647
0.533333
0.517647
0.486275
0.447059
0.450980
0.458824
0.478431
0.505882
0.533333
0.556863
0.541176
0.494118
0.466667
0.454902
0.458824
0.458824
0.447059
0.443137
0.400000
0.356863
0.392157
0.560784
0.670588
0.501961
0.407843
0.690196
0.674510
0.482353
0.525490
0.509804
0.501961
0.494118
0.517647
0.521569
0.501961
0.474510
0.466667
0.458824
0.447059
0.443137
0.443137
0.466667
0.505882
0.537255
0.513725
0.470588
0.458824
0.443137
0.443137
0.454902
0.337255
0.258824
0.345098
0.623529
0.698039
0.501961
0.439216
0.627451
0.619608
0.478431
0.580392
0.494118
0.458824
0.447059
0.470588
0.486275
0.482353
0.482353
0.498039
0.505882
0.486275
0.450980
0.403922
0.396078
0.415686
0.450980
0.482353
0.513725
0.478431
0.439216
0.419608
0.403922
0.388235
0.384314
0.486275
0.768627
0.800000
0.505882
0.411765
0.513725
0.662745
0.509804
0.592157
0.458824
0.427451
0.439216
0.454902
0.462745
0.466667
0.466667
0.470588
0.474510
0.474510
0.478431
0.450980
0.431373
0.419608
0.403922
0.431373
0.462745
0.435294
0.392157
0.349020
0.368627
0.403922
0.423529
0.682353
0.901961
0.760784
0.454902
0.388235
0.505882
0.803922
0.721569
0.713725
0.545098
0.447059
0.482353
0.494118
0.474510
0.454902
0.435294
0.431373
0.423529
0.419608
0.450980
0.470588
0.470588
0.454902
0.427451
0.439216
0.427451
0.427451
0.403922
0.325490
0.313725
0.368627
0.423529
0.623529
0.717647
0.698039
0.513725
0.494118
0.709804
0.878431
0.933333
0.909804
0.654902
0.454902
0.474510
0.478431
0.486275
0.474510
0.435294
0.415686
0.392157
0.384314
0.415686
0.454902
0.482353
0.494118
0.478431
0.447059
0.423529
0.415686
0.400000
0.341176
0.298039
0.380392
0.501961
0.576471
0.439216
0.407843
0.345098
0.333333
0.392157
0.478431
0.592157
0.643137
0.337255
0.333333
0.411765
0.407843
0.431373
0.462745
0.478431
0.454902
0.427451
0.411765
0.403922
0.423529
0.427451
0.427451
0.454902
0.447059
0.435294
0.372549
0.349020
0.337255
0.368627
0.423529
0.521569
0.607843
0.380392
0.356863
0.345098
0.309804
0.368627
0.349020
0.298039
0.360784
0.270588
0.325490
0.392157
0.380392
0.392157
0.423529
0.462745
0.466667
0.462745
0.450980
0.427451
0.423529
0.423529
0.415686
0.415686
0.431373
0.439216
0.396078
0.309804
0.337255
0.509804
0.490196
0.541176
0.607843
0.341176
0.262745
0.258824
0.258824
0.388235
0.403922
0.494118
0.400000
0.403922
0.423529
0.435294
0.415686
0.403922
0.392157
0.400000
0.419608
0.431373
0.435294
0.431373
0.423529
0.423529
0.423529
0.415686
0.431373
0.443137
0.407843
0.254902
0.560784
0.776471
0.611765
0.800000
0.811765
0.650980
0.513725
0.423529
0.317647
0.325490
0.372549
0.505882
0.419608
0.427451
0.521569
0.647059
0.541176
0.447059
0.462745
0.435294
0.396078
0.364706
0.380392
0.396078
0.392157
0.400000
0.403922
0.403922
0.419608
0.439216
0.356863
0.192157
0.533333
0.827451
0.745098
0.831373
0.886275
0.905882
0.898039
0.803922
0.686275
0.627451
0.619608
0.631373
0.623529
0.533333
0.631373
0.792157
0.619608
0.505882
0.545098
0.478431
0.498039
0.415686
0.384314
0.388235
0.388235
0.392157
0.400000
0.407843
0.411765
0.419608
0.333333
0.215686
0.349020
0.701961
0.807843
0.815686
0.866667
0.890196
0.937255
0.929412
0.917647
0.909804
0.901961
0.874510
0.870588
0.764706
0.854902
0.890196
0.678431
0.615686
0.596078
0.505882
0.603922
0.443137
0.372549
0.380392
0.384314
0.392157
0.411765
0.407843
0.407843
0.415686
0.364706
0.247059
0.227451
0.380392
0.650980
0.780392
0.815686
0.847059
0.894118
0.909804
0.921569
0.945098
0.956863
0.894118
0.866667
0.882353
0.925490
0.811765
0.745098
0.819608
0.607843
0.623529
0.647059
0.466667
0.380392
0.290196
0.356863
0.447059
0.317647
0.258824
0.392157
0.419608
0.400000
0.294118
0.203922
0.223529
0.301961
0.458824
0.662745
0.776471
0.827451
0.843137
0.870588
0.890196
0.890196
0.784314
0.717647
0.780392
0.811765
0.615686
0.733333
0.862745
0.752941
0.701961
0.643137
0.690196
0.650980
0.462745
0.396078
0.337255
0.152941
0.141176
0.349020
0.380392
0.411765
0.356863
0.172549
0.149020
0.192157
0.231373
0.333333
0.435294
0.537255
0.627451
0.709804
0.764706
0.803922
0.800000
0.772549
0.807843
0.788235
0.705882
0.784314
0.819608
0.862745
0.807843
0.725490
0.701961
0.560784
0.368627
0.207843
0.133333
0.121569
0.176471
0.333333
0.345098
0.372549
0.325490
0.188235
0.141176
0.164706
0.160784
0.196078
0.227451
0.262745
0.286275
0.349020
0.427451
0.505882
0.584314
0.639216
0.678431
0.690196
0.717647
0.741176
0.756863
0.737255
0.650980
0.525490
0.376471
0.231373
0.125490
0.105882
0.109804
0.101961
0.211765
0.341176
0.333333
0.345098
0.266667
0.188235
0.188235
0.207843
0.184314
0.149020
0.141176
0.164706
0.200000
0.211765
0.227451
0.227451
0.262745
0.309804
0.337255
0.309804
0.349020
0.388235
0.423529
0.392157
0.278431
0.121569
0.098039
0.105882
0.121569
0.098039
0.086275
0.105882
0.274510
0.333333
0.317647
0.337255
0.207843
0.164706
0.176471
0.156863
0.192157
0.227451
0.223529
0.196078
0.141176
0.129412
0.172549
0.203922
0.203922
0.239216
0.203922
0.188235
0.203922
0.243137
0.223529
0.215686
0.192157
0.125490
0.125490
0.113725
0.098039
0.082353
0.070588
0.172549
0.341176
0.317647
0.321569
0.313725
0.184314
0.137255
0.152941
0.156863
0.160784
0.180392
0.235294
0.282353
0.298039
0.270588
0.200000
0.145098
0.121569
0.133333
0.105882
0.121569
0.145098
0.176471
0.160784
0.152941
0.152941
0.117647
0.101961
0.086275
0.070588
0.074510
0.066667
0.168627
0.321569
0.305882
0.329412
0.290196
0.231373
0.172549
0.152941
0.168627
0.164706
0.172549
0.168627
0.188235
0.270588
0.321569
0.345098
0.360784
0.321569
0.243137
0.172549
0.137255
0.109804
0.105882
0.105882
0.090196
0.090196
0.086275
0.090196
0.086275
0.090196
0.113725
0.113725
0.133333
0.192157
0.235294
0.337255
0.290196
0.270588
0.203922
0.176471
0.160784
0.125490
0.156863
0.196078
0.180392
0.152941
0.180392
0.219608
0.266667
0.313725
0.384314
0.435294
0.407843
0.333333
0.266667
0.227451
0.200000
0.176471
0.196078
0.215686
0.254902
0.305882
0.360784
0.403922
0.200000
0.121569
0.243137
0.325490
0.325490
0.298039
0.223529
0.156863
0.152941
0.152941
0.160784
0.164706
0.164706
0.164706
0.168627
0.149020
0.149020
0.184314
0.196078
0.207843
0.219608
0.274510
0.262745
0.223529
0.207843
0.184314
0.176471
0.184314
0.219608
0.227451
0.235294
0.266667
0.141176
0.243137
0.305882
0.301961
0.345098
0.325490
0.282353
0.223529
0.223529
0.227451
0.235294
0.207843
0.215686
0.203922
0.180392
0.172549
0.172549
0.156863
0.152941
0.172549
0.176471
0.180392
0.176471
0.156863
0.160784
0.152941
0.141176
0.137255
0.145098
0.137255
0.145098
0.168627
0.192157
0.298039
0.301961
0.298039
0.325490
0.321569
0.317647
0.305882
0.305882
0.321569
0.372549
0.352941
0.356863
0.352941
0.301961
0.231373
0.176471
0.168627
0.176471
0.176471
0.172549
0.176471
0.176471
0.188235
0.200000
0.196078
0.188235
0.180392
0.188235
0.203922
0.211765
0.231373
0.254902
0.282353
0.298039
0.309804
0.290196
0.294118
0.301961
0.294118
0.298039
0.352941
0.333333
0.254902
0.270588
0.298039
0.352941
0.368627
0.290196
0.215686
0.200000
0.176471
0.168627
0.172549
0.160784
0.172549
0.184314
0.176471
0.172549
0.172549
0.168627
0.160784
0.156863
0.188235
0.243137
0.274510
0.278431
0.294118
0.282353
0.286275
0.290196
0.290196
0.282353
0.325490
0.294118
0.207843
0.203922
0.192157
0.211765
0.309804
0.352941
0.231373
0.219608
0.235294
0.215686
0.223529
0.215686
0.235294
0.215686
0.176471
0.168627
0.168627
0.156863
0.156863
0.141176
0.164706
0.239216
0.258824
0.258824
0.278431
0.278431
0.274510
0.270588
0.270588
0.262745
0.282353
0.286275
0.235294
0.211765
0.188235
0.180392
0.200000
0.282353
0.203922
0.207843
0.250980
0.247059
0.239216
0.254902
0.262745
0.254902
0.215686
0.180392
0.176471
0.156863
0.176471
0.172549
0.172549
0.211765
0.235294
0.243137
0.262745
