0.364706
0.423529
0.478431
0.458824
0.564706
0.650980
0.658824
0.600000
0.631373
0.698039
0.643137
0.568627
0.564706
0.564706
0.568627
0.545098
0.572549
0.584314
0.592157
0.588235
0.596078
0.611765
0.635294
0.678431
0.635294
0.584314
0.560784
0.588235
0.647059
0.568627
0.670588
0.725490
0.101961
0.160784
0.356863
0.462745
0.596078
0.721569
0.713725
0.713725
0.721569
0.752941
0.752941
0.600000
0.576471
0.592157
0.588235
0.447059
0.443137
0.600000
0.603922
0.584314
0.596078
0.631373
0.690196
0.752941
0.741176
0.717647
0.678431
0.698039
0.705882
0.603922
0.635294
0.670588
0.125490
0.254902
0.372549
0.266667
0.423529
0.501961
0.439216
0.533333
0.588235
0.686275
0.788235
0.635294
0.627451
0.631373
0.588235
0.466667
0.321569
0.533333
0.556863
0.415686
0.435294
0.513725
0.596078
0.650980
0.705882
0.737255
0.741176
0.776471
0.733333
0.643137
0.631373
0.600000
0.121569
0.196078
0.282353
0.247059
0.439216
0.396078
0.360784
0.443137
0.466667
0.619608
0.858824
0.682353
0.623529
0.623529
0.545098
0.470588
0.337255
0.482353
0.529412
0.227451
0.168627
0.243137
0.298039
0.352941
0.482353
0.592157
0.631373
0.635294
0.705882
0.627451
0.611765
0.607843
0.133333
0.176471
0.294118
0.380392
0.572549
0.423529
0.400000
0.478431
0.431373
0.576471
0.874510
0.737255
0.619608
0.623529
0.505882
0.380392
0.349020
0.525490
0.560784
0.270588
0.117647
0.141176
0.172549
0.180392
0.231373
0.376471
0.568627
0.509804
0.670588
0.650980
0.556863
0.580392
0.168627
0.243137
0.325490
0.454902
0.619608
0.407843
0.403922
0.517647
0.450980
0.556863
0.886275
0.756863
0.635294
0.678431
0.462745
0.258824
0.239216
0.490196
0.623529
0.372549
0.101961
0.247059
0.415686
0.274510
0.243137
0.501961
0.619608
0.517647
0.666667
0.698039
0.576471
0.603922
0.196078
0.278431
0.345098
0.513725
0.615686
0.380392
0.333333
0.388235
0.356863
0.474510
0.866667
0.760784
0.619608
0.670588
0.474510
0.231373
0.196078
0.470588
0.666667
0.462745
0.117647
0.364706
0.603922
0.384314
0.368627
0.666667
0.694118
0.556863
0.662745
0.615686
0.529412
0.611765
0.168627
0.223529
0.270588
0.498039
0.607843
0.341176
0.325490
0.341176
0.352941
0.486275
0.858824
0.717647
0.427451
0.486275
0.454902
0.262745
0.211765
0.501961
0.698039
0.498039
0.145098
0.431373
0.666667
0.447059
0.439216
0.717647
0.709804
0.572549
0.635294
0.584314
0.541176
0.670588
0.172549
0.219608
0.247059
0.545098
0.780392
0.635294
0.756863
0.784314
0.788235
0.768627
0.850980
0.709804
0.356863
0.466667
0.490196
0.337255
0.298039
0.549020
0.749020
0.549020
0.176471
0.517647
0.694118
0.447059
0.482353
0.756863
0.686275
0.556863
0.576471
0.576471
0.560784
0.647059
0.466667
0.584314
0.647059
0.780392
0.827451
0.768627
0.858824
0.894118
0.886275
0.764706
0.800000
0.741176
0.372549
0.486275
0.498039
0.345098
0.356863
0.552941
0.713725
0.525490
0.231373
0.576471
0.674510
0.415686
0.490196
0.741176
0.564706
0.552941
0.572549
0.470588
0.423529
0.482353
0.611765
0.745098
0.788235
0.835294
0.807843
0.745098
0.819608
0.882353
0.878431
0.835294
0.843137
0.745098
0.349020
0.443137
0.482353
0.388235
0.431373
0.564706
0.658824
0.525490
0.333333
0.533333
0.603922
0.435294
0.501961
0.654902
0.537255
0.580392
0.576471
0.345098
0.278431
0.341176
0.572549
0.713725
0.760784
0.827451
0.827451
0.843137
0.850980
0.874510
0.886275
0.878431
0.870588
0.760784
0.333333
0.380392
0.482353
0.486275
0.525490
0.556863
0.592157
0.552941
0.482353
0.509804
0.533333
0.490196
0.501961
0.533333
0.505882
0.490196
0.490196
0.368627
0.309804
0.333333
0.568627
0.745098
0.788235
0.827451
0.827451
0.862745
0.854902
0.862745
0.839216
0.721569
0.654902
0.615686
0.325490
0.352941
0.462745
0.470588
0.447059
0.415686
0.411765
0.403922
0.380392
0.364706
0.356863
0.329412
0.294118
0.250980
0.270588
0.211765
0.207843
0.360784
0.423529
0.388235
0.360784
0.513725
0.588235
0.600000
0.768627
0.858824
0.858824
0.843137
0.619608
0.364706
0.266667
0.325490
0.274510
0.215686
0.278431
0.254902
0.211765
0.180392
0.219608
0.180392
0.200000
0.235294
0.207843
0.196078
0.180392
0.129412
0.180392
0.211765
0.145098
0.325490
0.400000
0.317647
0.215686
0.239216
0.384314
0.419608
0.725490
0.901961
0.894118
0.705882
0.301961
0.133333
0.129412
0.172549
0.282353
0.239216
0.294118
0.278431
0.184314
0.109804
0.176471
0.149020
0.227451
0.250980
0.200000
0.219608
0.231373
0.219608
0.196078
0.278431
0.184314
0.152941
0.235294
0.376471
0.266667
0.290196
0.396078
0.443137
0.592157
0.670588
0.631373
0.443137
0.164706
0.133333
0.172549
0.141176
0.247059
0.333333
0.458824
0.407843
0.309804
0.192157
0.227451
0.239216
0.156863
0.156863
0.196078
0.243137
0.223529
0.223529
0.211765
0.176471
0.141176
0.121569
0.168627
0.286275
0.270588
0.403922
0.392157
0.439216
0.376471
0.282353
0.301961
0.262745
0.145098
0.215686
0.247059
0.164706
0.207843
0.345098
0.513725
0.498039
0.301961
0.180392
0.247059
0.231373
0.090196
0.109804
0.149020
0.172549
0.196078
0.278431
0.274510
0.286275
0.270588
0.254902
0.286275
0.345098
0.203922
0.282353
0.349020
0.411765
0.313725
0.235294
0.262745
0.207843
0.172549
0.329412
0.333333
0.227451
0.176471
0.341176
0.482353
0.431373
0.227451
0.149020
0.145098
0.113725
0.098039
0.105882
0.109804
0.101961
0.145098
0.235294
0.243137
0.274510
0.321569
0.352941
0.384314
0.427451
0.176471
0.164706
0.192157
0.219608
0.207843
0.188235
0.184314
0.160784
0.207843
0.368627
0.290196
0.247059
0.156863
0.219608
0.250980
0.203922
0.164706
0.152941
0.121569
0.101961
0.117647
0.141176
0.156863
0.152941
0.160784
0.207843
0.278431
0.309804
0.345098
0.380392
0.407843
0.443137
0.156863
0.129412
0.125490
0.125490
0.133333
0.121569
0.113725
0.117647
0.219608
0.313725
0.262745
0.243137
0.145098
0.176471
0.184314
0.164706
0.176471
0.184314
0.168627
0.168627
0.184314
0.207843
0.223529
0.239216
0.258824
0.290196
0.333333
0.360784
0.384314
0.419608
0.443137
0.458824
0.137255
0.117647
0.117647
0.117647
0.109804
0.098039
0.105882
0.121569
0.192157
0.278431
0.301961
0.235294
0.168627
0.196078
0.196078
0.192157
0.215686
0.227451
0.231373
0.239216
0.254902
0.278431
0.290196
0.305882
0.325490
0.341176
0.360784
0.376471
0.388235
0.415686
0.439216
0.447059
0.145098
0.125490
0.125490
0.129412
0.121569
0.117647
0.121569
0.113725
0.141176
0.231373
0.254902
0.223529
0.235294
0.262745
0.258824
0.258824
0.266667
0.274510
0.278431
0.286275
0.301961
0.325490
0.337255
0.349020
0.352941
0.356863
0.368627
0.376471
0.396078
0.415686
0.435294
0.447059
0.176471
0.141176
0.137255
0.149020
0.149020
0.145098
0.149020
0.149020
0.164706
0.211765
0.239216
0.266667
0.282353
0.290196
0.305882
0.313725
0.313725
0.313725
0.317647
0.325490
0.337255
0.349020
0.356863
0.368627
0.364706
0.356863
0.372549
0.388235
0.411765
0.431373
0.443137
0.454902
0.200000
0.160784
0.156863
0.176471
0.192157
0.196078
0.196078
0.223529
0.243137
0.270588
0.298039
0.305882
0.317647
0.325490
0.341176
0.349020
0.349020
0.352941
0.352941
0.352941
0.349020
0.349020
0.356863
0.360784
0.368627
0.376471
0.392157
0.407843
0.423529
0.435294
0.450980
0.462745
0.223529
0.203922
0.203922
0.215686
0.231373
0.239216
0.243137
0.266667
0.278431
0.298039
0.317647
0.325490
0.345098
0.356863
0.356863
0.356863
0.356863
0.360784
0.364706
0.364706
0.356863
0.349020
0.349020
0.364706
0.388235
0.396078
0.400000
0.407843
0.415686
0.439216
0.450980
0.462745
0.254902
0.239216
0.239216
0.247059
0.254902
0.262745
0.278431
0.286275
0.298039
0.317647
0.329412
0.341176
0.356863
0.356863
0.356863
0.352941
0.352941
0.356863
0.356863
0.360784
0.352941
0.360784
0.368627
0.384314
0.392157
0.388235
0.388235
0.400000
0.411765
0.427451
0.435294
0.447059
0.266667
0.254902
0.254902
0.262745
0.278431
0.282353
0.298039
0.305882
0.317647
0.329412
0.341176
0.345098
0.352941
0.356863
0.360784
0.352941
0.349020
0.349020
0.352941
0.368627
0.368627
0.372549
0.376471
0.376471
0.384314
0.388235
0.392157
0.403922
0.415686
0.423529
0.423529
0.423529
0.282353
0.266667
0.270588
0.278431
0.294118
0.298039
0.309804
0.321569
0.325490
0.333333
0.341176
0.345098
0.352941
0.352941
0.356863
0.345098
0.341176
0.360784
0.368627
0.376471
0.376471
0.368627
0.372549
0.380392
0.388235
0.392157
0.400000
0.407843
0.411765
0.407843
0.407843
0.403922
0.298039
0.282353
0.278431
0.294118
0.313725
0.317647
0.321569
0.325490
0.325490
0.333333
0.337255
0.345098
0.352941
0.349020
0.349020
0.349020
0.360784
0.372549
0.376471
0.368627
0.364706
0.368627
0.372549
0.380392
0.392157
0.400000
0.407843
0.407843
0.400000
0.396078
0.396078
0.396078
0.274510
0.262745
0.258824
0.270588
0.282353
0.290196
0.298039
0.301961
0.309804
0.309804
0.309804
0.309804
0.321569
0.333333
0.333333
0.333333
0.341176
0.345098
0.349020
0.349020
0.349020
0.352941
0.352941
0.360784
0.380392
0.384314
0.380392
0.376471
0.364706
0.364706
0.372549
0.376471
0.333333
0.317647
0.321569
0.333333
0.341176
0.356863
0.360784
0.360784
0.356863
0.360784
0.372549
0.372549
0.376471
0.380392
0.384314
0.372549
0.384314
0.388235
0.396078
0.411765
0.400000
0.403922
0.411765
0.415686
0.423529
0.419608
0.400000
0.384314
0.392157
0.396078
0.400000
0.400000
0.615686
0.603922
0.611765
0.623529
0.627451
0.635294
0.639216
0.639216
0.639216
0.647059
0.650980
0.650980
0.647059
0.650980
0.654902
0.650980
0.658824
0.666667
0.670588
0.678431
0.674510
0.682353
0.686275
0.686275
0.690196
0.694118
0.639216
0.505882
0.505882
0.517647
0.513725
0.533333
0.325490
0.372549
0.419608
0.396078
0.478431
0.556863
0.588235
0.564706
0.580392
0.607843
0.525490
0.384314
0.403922
0.388235
0.384314
0.380392
0.392157
0.407843
0.415686
0.400000
0.403922
0.411765
0.419608
0.447059
0.411765
0.396078
0.392157
0.407843
0.447059
0.403922
0.541176
0.639216
0.066667
0.109804
0.298039
0.423529
0.545098
0.631373
0.600000
0.619608
0.635294
0.658824
0.639216
0.403922
0.380392
0.368627
0.345098
0.211765
0.235294
0.384314
0.380392
0.384314
0.388235
0.400000
0.427451
0.458824
0.427451
0.415686
0.411765
0.427451
0.435294
0.396078
0.450980
0.525490
0.086275
0.203922
0.313725
0.231373
0.388235
0.423529
0.317647
0.376471
0.423529
0.580392
0.729412
0.494118
0.419608
0.380392
0.313725
0.211765
0.149020
0.349020
0.360784
0.274510
0.305882
0.345098
0.392157
0.415686
0.431373
0.454902
0.486275
0.517647
0.470588
0.423529
0.411765
0.407843
0.082353
0.145098
0.227451
0.196078
0.400000
0.349020
0.278431
0.298039
0.294118
0.537255
0.827451
0.560784
0.423529
0.392157
0.301961
0.258824
0.203922
0.317647
0.345098
0.137255
0.113725
0.160784
0.192157
0.223529
0.321569
0.407843
0.450980
0.427451
0.478431
0.431373
0.396078
0.411765
0.090196
0.121569
0.231373
0.313725
0.525490
0.400000
0.360784
0.396078
0.321569
0.517647
0.823529
0.584314
0.427451
0.415686
0.309804
0.227451
0.231373
0.337255
0.349020
0.164706
0.078431
0.078431
0.094118
0.105882
0.133333
0.247059
0.431373
0.321569
0.454902
0.486275
0.364706
0.403922
0.113725
0.168627
0.223529
0.376471
0.564706
0.356863
0.360784
0.462745
0.380392
0.494118
0.819608
0.635294
0.435294
0.435294
0.278431
0.184314
0.180392
0.309804
0.368627
0.211765
0.086275
0.129412
0.227451
0.145098
0.109804
0.305882
0.482353
0.325490
0.427451
0.556863
0.447059
0.466667
0.152941
0.211765
0.250980
0.450980
0.568627
0.325490
0.290196
0.345098
0.298039
0.415686
0.811765
0.682353
0.411765
0.392157
0.262745
0.160784
0.156863
0.301961
0.407843
0.282353
0.113725
0.211765
0.352941
0.211765
0.196078
0.415686
0.552941
0.372549
0.435294
0.482353
0.388235
0.458824
0.152941
0.188235
0.215686
0.462745
0.576471
0.301961
0.301961
0.317647
0.313725
0.447059
0.819608
0.650980
0.207843
0.188235
0.215686
0.152941
0.141176
0.325490
0.443137
0.317647
0.117647
0.262745
0.415686
0.270588
0.250980
0.447059
0.560784
0.400000
0.435294
0.458824
0.360784
0.482353
0.172549
0.207843
0.231373
0.533333
0.752941
0.596078
0.733333
0.768627
0.756863
0.733333
0.819608
0.650980
0.141176
0.156863
0.219608
0.188235
0.184314
0.349020
0.482353
0.349020
0.113725
0.329412
0.439216
0.262745
0.278431
0.474510
0.537255
0.388235
0.384314
0.466667
0.396078
0.478431
0.466667
0.580392
0.647059
0.768627
0.788235
0.717647
0.823529
0.870588
0.847059
0.725490
0.768627
0.678431
0.172549
0.180392
0.219608
0.172549
0.192157
0.313725
0.423529
0.294118
0.137255
0.368627
0.411765
0.223529
0.286275
0.478431
0.419608
0.376471
0.364706
0.376471
0.341176
0.407843
0.603922
0.733333
0.788235
0.819608
0.756863
0.678431
0.772549
0.843137
0.831373
0.788235
0.800000
0.678431
0.172549
0.156863
0.207843
0.196078
0.215686
0.282353
0.337255
0.254902
0.192157
0.301961
0.337255
0.231373
0.294118
0.400000
0.380392
0.376471
0.333333
0.254902
0.278431
0.356863
0.552941
0.694118
0.752941
0.803922
0.788235
0.803922
0.823529
0.843137
0.839216
0.831373
0.827451
0.698039
0.180392
0.152941
0.219608
0.219608
0.223529
0.247059
0.258824
0.239216
0.235294
0.235294
0.258824
0.247059
0.254902
0.250980
0.262745
0.239216
0.239216
0.254902
0.309804
0.384314
0.549020
0.725490
0.776471
0.800000
0.788235
0.831373
0.827451
0.827451
0.800000
0.678431
0.615686
0.556863
0.184314
0.156863
0.215686
0.192157
0.192157
0.207843
0.180392
0.180392
0.176471
0.156863
0.160784
0.145098
0.149020
0.149020
0.180392
0.137255
0.125490
0.266667
0.411765
0.431373
0.352941
0.505882
0.580392
0.568627
0.717647
0.807843
0.803922
0.800000
0.588235
0.329412
0.231373
0.294118
0.235294
0.121569
0.145098
0.117647
0.098039
0.113725
0.133333
0.098039
0.129412
0.145098
0.125490
0.117647
0.137255
0.133333
0.192157
0.239216
0.156863
0.290196
0.407843
0.349020
0.211765
0.231373
0.380392
0.392157
0.678431
0.847059
0.823529
0.654902
0.278431
0.109804
0.105882
0.152941
0.247059
0.129412
0.137255
0.141176
0.117647
0.105882
0.141176
0.125490
0.215686
0.211765
0.164706
0.180392
0.188235
0.172549
0.156863
0.247059
0.164706
0.152941
0.250980
0.396078
0.270588
0.290196
0.396078
0.431373
0.564706
0.627451
0.568627
0.396078
0.145098
0.113725
0.152941
0.133333
0.223529
0.196078
0.258824
0.227451
0.219608
0.168627
0.176471
0.200000
0.149020
0.133333
0.164706
0.203922
0.196078
0.223529
0.215686
0.188235
0.156863
0.141176
0.188235
0.301961
0.282353
0.411765
0.400000
0.443137
0.372549
0.258824
0.254902
0.223529
0.129412
0.200000
0.231373
0.156863
0.176471
0.180392
0.258824
0.262745
0.188235
0.149020
0.188235
0.184314
0.094118
0.113725
0.137255
0.145098
0.176471
0.278431
0.282353
0.301961
0.290196
0.270588
0.301961
0.360784
0.215686
0.290196
0.356863
0.415686
0.317647
0.231373
0.250980
0.200000
0.164706
0.305882
0.305882
0.207843
0.133333
0.180392
0.247059
0.227451
0.160784
0.145098
0.125490
0.098039
0.113725
0.129412
0.121569
0.109804
0.141176
0.223529
0.231373
0.262745
0.317647
0.356863
0.384314
0.431373
0.188235
0.168627
0.196078
0.219608
0.207843
0.192157
0.192157
0.168627
0.207843
0.337255
0.254902
0.239216
0.180392
0.168627
0.164706
0.149020
0.156863
0.156863
0.125490
0.109804
0.129412
0.160784
0.172549
0.168627
0.168627
0.207843
0.278431
0.305882
0.341176
0.376471
0.403922
0.439216
0.164706
0.137255
0.133333
0.129412
0.133333
0.125490
0.117647
0.129412
0.223529
0.294118
0.235294
0.247059
0.188235
0.180392
0.176471
0.188235
0.188235
0.184314
0.172549
0.172549
0.192157
0.215686
0.231373
0.243137
0.262745
0.290196
0.333333
0.356863
0.380392
0.415686
0.439216
0.454902
0.149020
0.129412
0.129412
0.125490
0.113725
0.101961
0.109804
0.137255
0.203922
0.258824
0.282353
0.235294
0.176471
0.192157
0.200000
0.223529
0.227451
0.231373
0.235294
0.243137
0.254902
0.282353
0.294118
0.309804
0.325490
0.337255
0.356863
0.372549
0.384314
0.411765
0.435294
0.443137
0.156863
0.137255
0.141176
0.137255
0.125490
0.121569
0.121569
0.129412
0.164706
0.223529
0.239216
0.223529
0.215686
0.243137
0.243137
0.250980
0.266667
0.274510
0.278431
0.290196
0.298039
0.317647
0.329412
0.341176
0.349020
0.352941
0.364706
0.372549
0.388235
0.411765
0.431373
0.443137
0.184314
0.152941
0.149020
0.160784
0.152941
0.149020
0.149020
0.164706
0.188235
0.207843
0.235294
0.274510
0.282353
0.290196
0.298039
0.294118
0.305882
0.313725
0.317647
0.325490
0.329412
0.329412
0.341176
0.349020
0.352941
0.352941
0.368627
0.380392
0.403922
0.427451
0.439216
0.450980
0.207843
0.168627
0.168627
0.188235
0.203922
0.207843
0.207843
0.235294
0.254902
0.266667
0.294118
0.305882
0.313725
0.321569
0.329412
0.329412
0.333333
0.337255
0.341176
0.341176
0.333333
0.333333
0.345098
0.349020
0.352941
0.364706
0.388235
0.403922
0.423529
0.431373
0.447059
0.458824
0.231373
0.207843
0.211765
0.227451
0.250980
0.254902
0.258824
0.274510
0.274510
0.294118
0.313725
0.317647
0.325490
0.337255
0.337255
0.333333
0.333333
0.337255
0.341176
0.341176
0.341176
0.337255
0.337255
0.356863
0.372549
0.380392
0.392157
0.403922
0.423529
0.435294
0.447059
0.458824
0.262745
0.247059
0.247059
0.250980
0.262745
0.266667
0.282353
0.286275
0.294118
0.313725
0.329412
0.333333
0.333333
0.333333
0.333333
0.329412
0.329412
0.333333
0.333333
0.337255
0.337255
0.349020
0.356863
0.372549
0.376471
0.372549
0.380392
0.400000
0.419608
0.431373
0.439216
0.447059
0.274510
0.262745
0.262745
0.266667
0.278431
0.282353
0.298039
0.305882
0.313725
0.325490
0.337255
0.337255
0.329412
0.333333
0.337255
0.329412
0.321569
0.325490
0.325490
0.341176
0.352941
0.360784
0.364706
0.364706
0.368627
0.372549
0.380392
0.403922
0.423529
0.431373
0.435294
0.435294
0.290196
0.274510
0.278431
0.278431
0.290196
0.294118
0.305882
0.313725
0.317647
0.325490
0.337255
0.333333
0.329412
0.329412
0.333333
0.321569
0.317647
0.333333
0.341176
0.349020
0.356863
0.356863
0.360784
0.368627
0.372549
0.376471
0.392157
0.407843
0.423529
0.427451
0.427451
0.423529
0.305882
0.290196
0.286275
0.290196
0.298039
0.301961
0.309804
0.313725
0.317647
0.325490
0.333333
0.333333
0.329412
0.325490
0.325490
0.325490
0.333333
0.345098
0.349020
0.341176
0.349020
0.356863
0.360784
0.368627
0.380392
0.384314
0.400000
0.407843
0.411765
0.415686
0.415686
0.415686
0.282353
0.270588
0.266667
0.270588
0.278431
0.286275
0.290196
0.298039
0.305882
0.305882
0.309804
0.305882
0.305882
0.317647
0.321569
0.317647
0.321569
0.321569
0.325490
0.325490
0.337255
0.345098
0.345098
0.352941
0.372549
0.376471
0.376471
0.384314
0.376471
0.376471
0.380392
0.388235
0.341176
0.325490
0.329412
0.337255
0.341176
0.356863
0.360784
0.360784
0.356863
0.360784
0.372549
0.372549
0.372549
0.376471
0.380392
0.368627
0.372549
0.368627
0.380392
0.396078
0.388235
0.400000
0.407843
0.411765
0.419608
0.419608
0.411765
0.411765
0.431373
0.439216
0.443137
0.443137
0.623529
0.611765
0.619608
0.623529
0.627451
0.635294
0.639216
0.639216
0.639216
0.647059
0.650980
0.647059
0.647059
0.647059
0.650980
0.647059
0.654902
0.658824
0.662745
0.670588
0.670588
0.678431
0.682353
0.682353
0.686275
0.698039
0.662745
0.556863
0.572549
0.603922
0.600000
0.615686
0.305882
0.360784
0.407843
0.376471
0.462745
0.549020
0.580392
0.572549
0.588235
0.611765
0.537255
0.352941
0.384314
0.368627
0.352941
0.333333
0.368627
0.396078
0.403922
0.384314
0.388235
0.396078
0.396078
0.419608
0.384314
0.364706
0.364706
0.400000
0.450980
0.407843
0.564706
0.658824
0.047059
0.098039
0.286275
0.411765
0.533333
0.615686
0.572549
0.603922
0.623529
0.643137
0.631373
0.364706
0.360784
0.333333
0.270588
0.133333
0.211765
0.368627
0.368627
0.376471
0.372549
0.372549
0.403922
0.435294
0.403922
0.396078
0.380392
0.403922
0.423529
0.411765
0.482353
0.552941
0.070588
0.192157
0.301961
0.227451
0.388235
0.407843
0.286275
0.333333
0.356863
0.541176
0.741176
0.494118
0.400000
0.337255
0.223529
0.094118
0.086275
0.305882
0.321569
0.254902
0.274510
0.305882
0.352941
0.380392
0.400000
0.423529
0.443137
0.466667
0.439216
0.439216
0.439216
0.435294
0.062745
0.133333
0.211765
0.207843
0.415686
0.341176
0.258824
0.266667
0.227451
0.494118
0.843137
0.568627
0.407843
0.352941
0.215686
0.137255
0.121569
0.250980
0.286275
0.101961
0.090196
0.133333
0.164706
0.192157
0.286275
0.368627
0.400000
0.376471
0.443137
0.439216
0.403922
0.419608
0.070588
0.105882
0.219608
0.337255
0.552941
0.400000
0.356863
0.400000
0.305882
0.490196
0.811765
0.552941
0.407843
0.384314
0.243137
0.133333
0.156863
0.270588
0.286275
0.137255
0.074510
0.078431
0.082353
0.086275
0.109804
0.215686
0.396078
0.286275
0.435294
0.490196
0.356863
0.400000
0.078431
0.129412
0.215686
0.415686
0.588235
0.337255
0.360784
0.474510
0.364706
0.466667
0.784314
0.596078
0.411765
0.411765
0.250980
0.156863
0.149020
0.278431
0.313725
0.188235
0.090196
0.109804
0.160784
0.086275
0.066667
0.266667
0.454902
0.317647
0.427451
0.564706
0.427451
0.454902
0.113725
0.168627
0.243137
0.490196
0.584314
0.298039
0.282353
0.349020
0.274510
0.388235
0.784314
0.654902
0.380392
0.360784
0.247059
0.156863
0.137255
0.286275
0.349020
0.250980
0.105882
0.172549
0.258824
0.137255
0.141176
0.368627
0.525490
0.368627
0.431373
0.486275
0.380392
0.462745
0.125490
0.160784
0.207843
0.486275
0.588235
0.278431
0.286275
0.313725
0.305882
0.435294
0.811765
0.635294
0.168627
0.145098
0.180392
0.137255
0.113725
0.298039
0.372549
0.270588
0.101961
0.223529
0.333333
0.203922
0.203922
0.407843
0.537255
0.392157
0.415686
0.443137
0.364706
0.501961
0.168627
0.211765
0.231373
0.545098
0.760784
0.588235
0.721569
0.760784
0.756863
0.733333
0.819608
0.643137
0.098039
0.109804
0.180392
0.164706
0.156863
0.313725
0.400000
0.294118
0.090196
0.286275
0.368627
0.207843
0.235294
0.439216
0.513725
0.376471
0.360784
0.435294
0.407843
0.517647
0.490196
0.615686
0.658824
0.776471
0.803922
0.725490
0.815686
0.854902
0.843137
0.721569
0.764706
0.666667
0.137255
0.141176
0.184314
0.149020
0.168627
0.278431
0.337255
0.235294
0.101961
0.325490
0.356863
0.180392
0.243137
0.435294
0.396078
0.368627
0.345098
0.349020
0.356863
0.454902
0.643137
0.788235
0.811765
0.823529
0.772549
0.698039
0.768627
0.827451
0.823529
0.780392
0.788235
0.666667
0.149020
0.125490
0.180392
0.180392
0.196078
0.247059
0.250980
0.200000
0.152941
0.262745
0.294118
0.196078
0.250980
0.356863
0.356863
0.372549
0.325490
0.235294
0.298039
0.407843
0.584314
0.733333
0.760784
0.792157
0.784314
0.803922
0.815686
0.831373
0.831373
0.823529
0.819608
0.694118
0.172549
0.121569
0.180392
0.192157
0.188235
0.196078
0.192157
0.184314
0.188235
0.192157
0.207843
0.196078
0.211765
0.231373
0.243137
0.219608
0.215686
0.250980
0.356863
0.454902
0.572549
0.752941
0.780392
0.788235
0.780392
0.823529
0.819608
0.823529
0.796078
0.678431
0.611765
0.560784
0.192157
0.137255
0.176471
0.164706
0.168627
0.172549
0.152941
0.149020
0.149020
0.137255
0.137255
0.117647
0.117647
0.125490
0.149020
0.098039
0.090196
0.270588
0.462745
0.490196
0.372549
0.537255
0.596078
0.568627
0.721569
0.803922
0.796078
0.792157
0.580392
0.325490
0.223529
0.286275
0.219608
0.082353
0.086275
0.062745
0.082353
0.098039
0.121569
0.086275
0.113725
0.133333
0.109804
0.101961
0.117647
0.117647
0.176471
0.219608
0.145098
0.298039
0.439216
0.380392
0.231373
0.274510
0.411765
0.407843
0.686275
0.847059
0.815686
0.643137
0.270588
0.101961
0.094118
0.141176
0.235294
0.101961
0.094118
0.094118
0.086275
0.066667
0.113725
0.090196
0.172549
0.180392
0.129412
0.145098
0.160784
0.156863
0.149020
0.247059
0.168627
0.168627
0.270588
0.407843
0.290196
0.341176
0.443137
0.458824
0.572549
0.623529
0.549020
0.376471
0.133333
0.101961
0.141176
0.117647
0.196078
0.164706
0.211765
0.180392
0.184314
0.121569
0.137255
0.156863
0.098039
0.086275
0.121569
0.164706
0.152941
0.176471
0.188235
0.176471
0.160784
0.164706
0.207843
0.321569
0.298039
0.458824
0.450980
0.470588
0.376471
0.247059
0.227451
0.200000
0.117647
0.188235
0.219608
0.137255
0.137255
0.141176
0.223529
0.223529
0.168627
0.121569
0.168627
0.156863
0.062745
0.086275
0.117647
0.129412
0.156863
0.258824
0.282353
0.321569
0.321569
0.305882
0.329412
0.396078
0.207843
0.309804
0.384314
0.435294
0.313725
0.215686
0.215686
0.160784
0.141176
0.286275
0.290196
0.180392
0.078431
0.149020
0.231373
0.207843
0.137255
0.117647
0.101961
0.074510
0.090196
0.105882
0.101961
0.090196
0.129412
0.223529
0.247059
0.294118
0.356863
0.407843
0.435294
0.486275
0.164706
0.164706
0.200000
0.223529
0.200000
0.172549
0.156863
0.129412
0.176471
0.317647
0.235294
0.207843
0.113725
0.129412
0.133333
0.109804
0.121569
0.125490
0.094118
0.074510
0.101961
0.133333
0.145098
0.141176
0.152941
0.203922
0.282353
0.321569
0.368627
0.435294
0.466667
0.501961
0.141176
0.121569
0.125490
0.117647
0.121569
0.101961
0.090196
0.098039
0.192157
0.266667
0.211765
0.215686
0.141176
0.145098
0.149020
0.149020
0.156863
0.156863
0.145098
0.145098
0.168627
0.196078
0.211765
0.223529
0.250980
0.290196
0.345098
0.380392
0.411765
0.474510
0.501961
0.517647
0.125490
0.101961
0.101961
0.101961
0.090196
0.078431
0.090196
0.105882
0.168627
0.235294
0.258824
0.207843
0.160784
0.184314
0.188235
0.200000
0.207843
0.211765
0.215686
0.223529
0.243137
0.270588
0.282353
0.298039
0.321569
0.349020
0.376471
0.400000
0.423529
0.470588
0.498039
0.505882
0.129412
0.101961
0.098039
0.101961
0.094118
0.098039
0.113725
0.105882
0.125490
0.196078
0.211765
0.196078
0.211765
0.243137
0.243137
0.247059
0.258824
0.266667
0.270588
0.278431
0.294118
0.317647
0.329412
0.341176
0.356863
0.372549
0.392157
0.407843
0.435294
0.470588
0.494118
0.505882
0.156863
0.109804
0.098039
0.109804
0.121569
0.129412
0.141176
0.145098
0.149020
0.176471
0.203922
0.247059
0.266667
0.278431
0.286275
0.290196
0.298039
0.305882
0.309804
0.317647
0.329412
0.341176
0.352941
0.360784
0.368627
0.376471
0.400000
0.423529
0.454902
0.486275
0.501961
0.513725
0.192157
0.145098
0.137255
0.156863
0.180392
0.188235
0.196078
0.215686
0.223529
0.243137
0.270588
0.282353
0.298039
0.305882
0.313725
0.317647
0.329412
0.333333
0.337255
0.337255
0.349020
0.356863
0.368627
0.372549
0.380392
0.392157
0.423529
0.450980
0.478431
0.494118
0.509804
0.521569
0.219608
0.200000
0.200000
0.215686
0.235294
0.239216
0.243137
0.254902
0.258824
0.274510
0.294118
0.301961
0.317647
0.325490
0.325490
0.325490
0.337255
0.345098
0.345098
0.349020
0.360784
0.364706
0.364706
0.384314
0.400000
0.407843
0.431373
0.450980
0.474510
0.498039
0.509804
0.521569
0.250980
0.235294
0.235294
0.239216
0.250980
0.258824
0.274510
0.274510
0.278431
0.298039
0.309804
0.321569
0.333333
0.337255
0.333333
0.333333
0.337255
0.345098
0.345098
0.349020
0.356863
0.376471
0.384314
0.400000
0.403922
0.400000
0.419608
0.447059
0.470588
0.490196
0.498039
0.505882
0.262745
0.250980
0.250980
0.258824
0.270588
0.274510
0.290196
0.298039
0.301961
0.317647
0.329412
0.329412
0.337255
0.341176
0.345098
0.341176
0.341176
0.349020
0.349020
0.364706
0.376471
0.388235
0.392157
0.392157
0.396078
0.403922
0.423529
0.447059
0.474510
0.490196
0.494118
0.494118
0.278431
0.262745
0.266667
0.270588
0.282353
0.286275
0.298039
0.309804
0.321569
0.329412
0.337255
0.337255
0.345098
0.345098
0.349020
0.337255
0.341176
0.360784
0.368627
0.376471
0.384314
0.384314
0.388235
0.396078
0.400000
0.407843
0.431373
0.454902
0.474510
0.482353
0.482353
0.478431
0.294118
0.278431
0.278431
0.282353
0.294118
0.298039
0.305882
0.313725
0.325490
0.333333
0.337255
0.345098
0.352941
0.349020
0.349020
0.349020
0.364706
0.376471
0.380392
0.372549
0.376471
0.384314
0.388235
0.396078
0.407843
0.415686
0.443137
0.454902
0.462745
0.470588
0.470588
0.470588
0.278431
0.262745
0.262745
0.270588
0.282353
0.286275
0.294118
0.305882
0.313725
0.313725
0.317647
0.317647
0.329412
0.345098
0.345098
0.345098
0.349020
0.352941
0.352941
0.356863
0.364706
0.368627
0.372549
0.380392
0.403922
0.415686
0.427451
0.439216
0.435294
0.423529
0.427451
0.431373
0.337255
0.321569
0.325490
0.341176
0.349020
0.364706
0.368627
0.368627
0.364706
0.368627
0.380392
0.380392
0.396078
0.400000
0.403922
0.392157
0.396078
0.396078
0.403922
0.419608
0.415686
0.423529
0.431373
0.435294
0.447059
0.454902
0.458824
0.470588
0.494118
0.494118
0.501961
0.501961
0.619608
0.607843
0.615686
0.627451
0.635294
0.643137
0.647059
0.647059
0.647059
0.654902
0.658824
0.658824
0.662745
0.666667
0.670588
0.670588
0.674510
0.678431
0.686275
0.690196
0.690196
0.698039
0.701961
0.701961
0.698039
0.709804
0.690196
0.603922
0.631373
0.666667
0.662745
0.678431
