0.701961
0.701961
0.701961
0.701961
0.713725
0.733333
0.741176
0.741176
0.737255
0.737255
0.741176
0.741176
0.741176
0.741176
0.741176
0.733333
0.725490
0.725490
0.725490
0.725490
0.729412
0.733333
0.733333
0.733333
0.729412
0.725490
0.721569
0.709804
0.705882
0.701961
0.701961
0.701961
0.717647
0.717647
0.721569
0.721569
0.729412
0.745098
0.749020
0.749020
0.749020
0.749020
0.752941
0.752941
0.752941
0.756863
0.756863
0.752941
0.745098
0.745098
0.745098
0.745098
0.745098
0.749020
0.749020
0.749020
0.745098
0.745098
0.737255
0.729412
0.725490
0.721569
0.721569
0.721569
0.717647
0.717647
0.725490
0.725490
0.729412
0.741176
0.745098
0.745098
0.745098
0.745098
0.749020
0.749020
0.749020
0.752941
0.752941
0.752941
0.749020
0.749020
0.749020
0.749020
0.749020
0.745098
0.745098
0.745098
0.741176
0.741176
0.737255
0.733333
0.729412
0.725490
0.725490
0.725490
0.725490
0.725490
0.733333
0.733333
0.737255
0.745098
0.745098
0.749020
0.749020
0.749020
0.752941
0.756863
0.756863
0.756863
0.756863
0.760784
0.764706
0.764706
0.760784
0.756863
0.756863
0.749020
0.745098
0.745098
0.745098
0.745098
0.741176
0.737255
0.737255
0.737255
0.737255
0.737255
0.737255
0.733333
0.741176
0.741176
0.741176
0.745098
0.745098
0.749020
0.749020
0.749020
0.756863
0.756863
0.756863
0.756863
0.756863
0.760784
0.768627
0.768627
0.760784
0.760784
0.756863
0.752941
0.749020
0.749020
0.749020
0.749020
0.749020
0.745098
0.745098
0.745098
0.745098
0.745098
0.745098
0.741176
0.745098
0.745098
0.745098
0.745098
0.745098
0.749020
0.749020
0.749020
0.756863
0.756863
0.756863
0.756863
0.756863
0.764706
0.772549
0.772549
0.764706
0.764706
0.764706
0.756863
0.756863
0.756863
0.756863
0.756863
0.756863
0.756863
0.756863
0.756863
0.756863
0.756863
0.741176
0.737255
0.741176
0.741176
0.745098
0.745098
0.752941
0.749020
0.749020
0.749020
0.760784
0.764706
0.764706
0.764706
0.764706
0.768627
0.768627
0.768627
0.764706
0.764706
0.764706
0.764706
0.764706
0.768627
0.772549
0.772549
0.764706
0.760784
0.760784
0.760784
0.760784
0.756863
0.741176
0.733333
0.737255
0.737255
0.737255
0.741176
0.749020
0.745098
0.749020
0.752941
0.764706
0.768627
0.768627
0.768627
0.768627
0.768627
0.764706
0.764706
0.764706
0.764706
0.764706
0.768627
0.776471
0.776471
0.780392
0.780392
0.768627
0.760784
0.760784
0.760784
0.760784
0.760784
0.741176
0.737255
0.737255
0.737255
0.741176
0.752941
0.713725
0.741176
0.756863
0.756863
0.768627
0.768627
0.768627
0.768627
0.768627
0.772549
0.772549
0.772549
0.772549
0.772549
0.776471
0.780392
0.780392
0.780392
0.780392
0.780392
0.768627
0.760784
0.760784
0.760784
0.760784
0.760784
0.741176
0.733333
0.737255
0.737255
0.741176
0.752941
0.678431
0.698039
0.760784
0.760784
0.764706
0.768627
0.768627
0.768627
0.768627
0.776471
0.784314
0.784314
0.784314
0.776471
0.764706
0.772549
0.788235
0.788235
0.780392
0.776471
0.764706
0.760784
0.760784
0.760784
0.760784
0.760784
0.737255
0.733333
0.737255
0.737255
0.741176
0.756863
0.698039
0.635294
0.745098
0.764706
0.764706
0.768627
0.768627
0.768627
0.768627
0.776471
0.792157
0.788235
0.776471
0.717647
0.666667
0.694118
0.752941
0.800000
0.784314
0.772549
0.764706
0.760784
0.760784
0.756863
0.756863
0.756863
0.737255
0.729412
0.733333
0.733333
0.741176
0.752941
0.729412
0.607843
0.709804
0.768627
0.764706
0.764706
0.764706
0.764706
0.764706
0.776471
0.800000
0.800000
0.752941
0.654902
0.607843
0.654902
0.690196
0.776471
0.788235
0.768627
0.760784
0.760784
0.760784
0.756863
0.756863
0.756863
0.737255
0.729412
0.729412
0.729412
0.737255
0.749020
0.749020
0.643137
0.647059
0.764706
0.760784
0.756863
0.756863
0.760784
0.760784
0.772549
0.800000
0.807843
0.780392
0.741176
0.729412
0.760784
0.768627
0.788235
0.792157
0.772549
0.760784
0.760784
0.760784
0.756863
0.760784
0.760784
0.733333
0.721569
0.721569
0.721569
0.721569
0.729412
0.745098
0.701961
0.611765
0.721569
0.760784
0.756863
0.764706
0.776471
0.784314
0.800000
0.811765
0.823529
0.819608
0.819608
0.827451
0.843137
0.843137
0.827451
0.811765
0.796078
0.780392
0.764706
0.752941
0.760784
0.764706
0.772549
0.717647
0.737255
0.737255
0.737255
0.725490
0.725490
0.741176
0.749020
0.658824
0.698039
0.768627
0.784314
0.811765
0.819608
0.819608
0.823529
0.780392
0.784314
0.800000
0.811765
0.823529
0.835294
0.839216
0.839216
0.839216
0.839216
0.823529
0.796078
0.764706
0.764706
0.800000
0.854902
0.729412
0.764706
0.780392
0.768627
0.752941
0.709804
0.701961
0.698039
0.643137
0.600000
0.627451
0.678431
0.745098
0.745098
0.627451
0.529412
0.470588
0.470588
0.552941
0.600000
0.650980
0.701961
0.737255
0.764706
0.780392
0.803922
0.819608
0.819608
0.792157
0.847059
0.941176
0.980392
0.666667
0.670588
0.643137
0.690196
0.690196
0.600000
0.521569
0.549020
0.407843
0.282353
0.294118
0.415686
0.478431
0.490196
0.298039
0.258824
0.454902
0.388235
0.415686
0.462745
0.470588
0.494118
0.498039
0.517647
0.545098
0.572549
0.600000
0.603922
0.682353
0.835294
0.843137
0.835294
0.717647
0.619608
0.564706
0.698039
0.713725
0.678431
0.619608
0.631373
0.525490
0.423529
0.341176
0.376471
0.439216
0.498039
0.376471
0.368627
0.647059
0.400000
0.352941
0.470588
0.478431
0.486275
0.466667
0.458824
0.470588
0.486275
0.517647
0.513725
0.741176
0.709804
0.568627
0.627451
0.796078
0.662745
0.756863
0.674510
0.588235
0.549020
0.643137
0.725490
0.596078
0.592157
0.447059
0.384314
0.474510
0.521569
0.470588
0.513725
0.698039
0.384314
0.333333
0.443137
0.458824
0.494118
0.509804
0.529412
0.556863
0.615686
0.686275
0.584314
0.788235
0.788235
0.690196
0.752941
0.850980
0.788235
0.815686
0.588235
0.568627
0.462745
0.470588
0.635294
0.584314
0.615686
0.423529
0.501961
0.572549
0.580392
0.611765
0.635294
0.647059
0.439216
0.411765
0.482353
0.533333
0.623529
0.678431
0.725490
0.768627
0.800000
0.772549
0.619608
0.768627
0.831373
0.835294
0.854902
0.862745
0.768627
0.658824
0.466667
0.592157
0.517647
0.407843
0.600000
0.584314
0.611765
0.619608
0.662745
0.698039
0.701961
0.674510
0.662745
0.647059
0.584314
0.588235
0.611765
0.650980
0.694118
0.713725
0.745098
0.803922
0.839216
0.764706
0.666667
0.807843
0.850980
0.870588
0.870588
0.870588
0.760784
0.541176
0.396078
0.556863
0.529412
0.415686
0.619608
0.588235
0.521569
0.713725
0.686275
0.741176
0.737255
0.639216
0.662745
0.678431
0.639216
0.662745
0.627451
0.678431
0.694118
0.721569
0.776471
0.847059
0.866667
0.831373
0.807843
0.858824
0.878431
0.898039
0.890196
0.819608
0.768627
0.564706
0.419608
0.584314
0.552941
0.427451
0.623529
0.619608
0.588235
0.772549
0.682353
0.741176
0.725490
0.694118
0.713725
0.701961
0.631373
0.635294
0.631373
0.709804
0.698039
0.701961
0.768627
0.862745
0.874510
0.847059
0.858824
0.850980
0.866667
0.909804
0.878431
0.619608
0.662745
0.592157
0.419608
0.537255
0.470588
0.372549
0.666667
0.658824
0.698039
0.831373
0.756863
0.752941
0.705882
0.811765
0.831373
0.815686
0.768627
0.772549
0.752941
0.776471
0.737255
0.690196
0.698039
0.784314
0.823529
0.811765
0.843137
0.854902
0.870588
0.905882
0.862745
0.549020
0.560784
0.564706
0.400000
0.403922
0.423529
0.411765
0.705882
0.670588
0.670588
0.831373
0.803922
0.803922
0.780392
0.850980
0.882353
0.894118
0.874510
0.874510
0.870588
0.862745
0.827451
0.803922
0.780392
0.792157
0.764706
0.717647
0.772549
0.807843
0.847059
0.878431
0.847059
0.552941
0.580392
0.611765
0.498039
0.415686
0.501961
0.474510
0.631373
0.682353
0.607843
0.749020
0.803922
0.780392
0.772549
0.835294
0.886275
0.894118
0.870588
0.874510
0.878431
0.874510
0.858824
0.843137
0.847059
0.874510
0.850980
0.788235
0.784314
0.772549
0.819608
0.890196
0.843137
0.592157
0.619608
0.670588
0.611765
0.505882
0.623529
0.545098
0.627451
0.670588
0.690196
0.780392
0.800000
0.752941
0.733333
0.788235
0.874510
0.905882
0.858824
0.835294
0.847059
0.870588
0.862745
0.858824
0.858824
0.878431
0.890196
0.858824
0.858824
0.835294
0.847059
0.890196
0.858824
0.725490
0.694118
0.717647
0.670588
0.627451
0.729412
0.556863
0.607843
0.682353
0.733333
0.792157
0.819608
0.819608
0.831373
0.843137
0.850980
0.850980
0.807843
0.784314
0.796078
0.827451
0.850980
0.839216
0.839216
0.858824
0.882353
0.870588
0.870588
0.862745
0.882353
0.909804
0.839216
0.800000
0.807843
0.815686
0.788235
0.752941
0.752941
0.650980
0.678431
0.764706
0.788235
0.803922
0.803922
0.823529
0.835294
0.831373
0.835294
0.831373
0.827451
0.811765
0.807843
0.823529
0.847059
0.823529
0.819608
0.835294
0.847059
0.847059
0.850980
0.843137
0.866667
0.890196
0.835294
0.811765
0.823529
0.843137
0.862745
0.847059
0.823529
0.811765
0.792157
0.788235
0.796078
0.803922
0.811765
0.815686
0.827451
0.839216
0.843137
0.835294
0.847059
0.847059
0.835294
0.839216
0.858824
0.843137
0.839216
0.827451
0.792157
0.800000
0.831373
0.796078
0.788235
0.819608
0.850980
0.827451
0.827451
0.850980
0.882353
0.882353
0.874510
0.870588
0.847059
0.807843
0.788235
0.803922
0.827451
0.839216
0.843137
0.858824
0.858824
0.847059
0.850980
0.854902
0.850980
0.854902
0.866667
0.858824
0.850980
0.850980
0.854902
0.850980
0.854902
0.827451
0.811765
0.800000
0.800000
0.831373
0.823529
0.835294
0.847059
0.858824
0.870588
0.862745
0.858824
0.831373
0.807843
0.803922
0.788235
0.803922
0.823529
0.835294
0.839216
0.839216
0.843137
0.843137
0.839216
0.839216
0.850980
0.843137
0.839216
0.854902
0.870588
0.862745
0.843137
0.819608
0.800000
0.800000
0.803922
0.788235
0.788235
0.788235
0.788235
0.788235
0.796078
0.803922
0.800000
0.800000
0.800000
0.803922
0.803922
0.803922
0.803922
0.803922
0.800000
0.796078
0.796078
0.796078
0.796078
0.796078
0.792157
0.792157
0.788235
0.784314
0.788235
0.796078
0.796078
0.788235
0.788235
0.788235
0.788235
0.796078
0.796078
0.803922
0.803922
0.803922
0.807843
0.815686
0.811765
0.811765
0.811765
0.815686
0.815686
0.815686
0.819608
0.819608
0.815686
0.811765
0.811765
0.811765
0.811765
0.811765
0.811765
0.811765
0.807843
0.803922
0.803922
0.811765
0.811765
0.803922
0.803922
0.803922
0.800000
0.788235
0.788235
0.796078
0.796078
0.800000
0.803922
0.807843
0.807843
0.807843
0.807843
0.811765
0.811765
0.811765
0.815686
0.815686
0.811765
0.811765
0.811765
0.807843
0.807843
0.807843
0.807843
0.807843
0.807843
0.803922
0.803922
0.803922
0.803922
0.800000
0.796078
0.796078
0.796078
0.792157
0.792157
0.800000
0.800000
0.803922
0.807843
0.807843
0.811765
0.811765
0.811765
0.815686
0.819608
0.819608
0.819608
0.819608
0.815686
0.815686
0.815686
0.811765
0.807843
0.807843
0.807843
0.807843
0.807843
0.807843
0.807843
0.803922
0.803922
0.803922
0.800000
0.800000
0.800000
0.796078
0.792157
0.796078
0.796078
0.800000
0.807843
0.807843
0.811765
0.811765
0.811765
0.819608
0.819608
0.819608
0.819608
0.819608
0.815686
0.815686
0.815686
0.807843
0.807843
0.807843
0.811765
0.815686
0.815686
0.815686
0.815686
0.807843
0.803922
0.803922
0.803922
0.803922
0.803922
0.796078
0.792157
0.796078
0.796078
0.800000
0.807843
0.807843
0.811765
0.811765
0.811765
0.819608
0.819608
0.819608
0.819608
0.819608
0.815686
0.815686
0.815686
0.811765
0.807843
0.807843
0.819608
0.819608
0.819608
0.819608
0.819608
0.811765
0.807843
0.807843
0.807843
0.807843
0.807843
0.800000
0.796078
0.800000
0.800000
0.803922
0.807843
0.815686
0.815686
0.811765
0.811765
0.815686
0.819608
0.819608
0.819608
0.819608
0.819608
0.819608
0.815686
0.815686
0.811765
0.811765
0.815686
0.815686
0.815686
0.815686
0.815686
0.811765
0.807843
0.807843
0.807843
0.807843
0.807843
0.803922
0.796078
0.800000
0.800000
0.796078
0.803922
0.815686
0.815686
0.811765
0.811765
0.815686
0.819608
0.819608
0.819608
0.819608
0.819608
0.819608
0.819608
0.819608
0.819608
0.815686
0.811765
0.811765
0.811765
0.807843
0.811765
0.807843
0.807843
0.807843
0.807843
0.807843
0.807843
0.803922
0.796078
0.800000
0.800000
0.800000
0.803922
0.768627
0.803922
0.815686
0.807843
0.815686
0.819608
0.819608
0.819608
0.819608
0.819608
0.815686
0.815686
0.815686
0.815686
0.815686
0.811765
0.807843
0.811765
0.811765
0.811765
0.807843
0.807843
0.807843
0.807843
0.807843
0.807843
0.803922
0.796078
0.800000
0.800000
0.796078
0.803922
0.729412
0.752941
0.811765
0.807843
0.815686
0.819608
0.819608
0.819608
0.819608
0.815686
0.811765
0.811765
0.815686
0.807843
0.792157
0.788235
0.807843
0.811765
0.811765
0.811765
0.811765
0.807843
0.807843
0.807843
0.807843
0.807843
0.800000
0.796078
0.800000
0.800000
0.796078
0.803922
0.749020
0.686275
0.796078
0.807843
0.815686
0.819608
0.819608
0.819608
0.819608
0.807843
0.803922
0.803922
0.796078
0.737255
0.682353
0.694118
0.756863
0.815686
0.815686
0.811765
0.807843
0.807843
0.807843
0.803922
0.803922
0.803922
0.800000
0.792157
0.796078
0.796078
0.792157
0.792157
0.768627
0.654902
0.749020
0.807843
0.811765
0.815686
0.815686
0.811765
0.811765
0.800000
0.796078
0.803922
0.756863
0.662745
0.611765
0.643137
0.678431
0.788235
0.819608
0.811765
0.807843
0.807843
0.807843
0.803922
0.803922
0.803922
0.800000
0.792157
0.792157
0.792157
0.788235
0.784314
0.788235
0.682353
0.682353
0.800000
0.807843
0.807843
0.807843
0.807843
0.807843
0.792157
0.788235
0.800000
0.776471
0.745098
0.729412
0.741176
0.749020
0.796078
0.819608
0.815686
0.807843
0.807843
0.807843
0.803922
0.803922
0.803922
0.796078
0.784314
0.784314
0.792157
0.788235
0.784314
0.788235
0.733333
0.643137
0.756863
0.803922
0.803922
0.807843
0.815686
0.815686
0.811765
0.807843
0.827451
0.823529
0.827451
0.835294
0.827451
0.827451
0.827451
0.823529
0.819608
0.811765
0.807843
0.803922
0.800000
0.792157
0.796078
0.764706
0.780392
0.780392
0.788235
0.788235
0.788235
0.776471
0.760784
0.674510
0.725490
0.803922
0.815686
0.839216
0.839216
0.827451
0.823529
0.780392
0.788235
0.807843
0.823529
0.831373
0.831373
0.831373
0.835294
0.839216
0.839216
0.835294
0.827451
0.807843
0.796078
0.796078
0.843137
0.749020
0.764706
0.768627
0.749020
0.760784
0.745098
0.709804
0.682353
0.635294
0.607843
0.635294
0.686275
0.741176
0.733333
0.603922
0.513725
0.470588
0.470588
0.552941
0.607843
0.654902
0.694118
0.729412
0.752941
0.768627
0.792157
0.815686
0.823529
0.811765
0.854902
0.921569
0.956863
0.658824
0.631373
0.572549
0.596078
0.639216
0.600000
0.498039
0.505882
0.376471
0.270588
0.282353
0.396078
0.450980
0.447059
0.239216
0.223529
0.443137
0.376471
0.411765
0.458824
0.466667
0.482353
0.482353
0.501961
0.533333
0.556863
0.572549
0.584314
0.674510
0.811765
0.796078
0.780392
0.682353
0.556863
0.470588
0.576471
0.631373
0.650980
0.572549
0.572549
0.482353
0.400000
0.313725
0.341176
0.396078
0.439216
0.298039
0.317647
0.627451
0.384314
0.337255
0.458824
0.466667
0.462745
0.443137
0.439216
0.450980
0.462745
0.478431
0.474510
0.713725
0.670588
0.498039
0.545098
0.752941
0.603922
0.682353
0.580392
0.517647
0.513725
0.592157
0.666667
0.556863
0.572549
0.419608
0.349020
0.431373
0.462745
0.396078
0.462745
0.666667
0.360784
0.309804
0.423529
0.439216
0.466667
0.482353
0.501961
0.529412
0.588235
0.643137
0.545098
0.756863
0.745098
0.615686
0.670588
0.807843
0.749020
0.776471
0.541176
0.525490
0.427451
0.419608
0.584314
0.556863
0.607843
0.403922
0.474510
0.537255
0.533333
0.552941
0.584314
0.611765
0.407843
0.384314
0.458824
0.509804
0.596078
0.647059
0.694118
0.737255
0.768627
0.737255
0.584314
0.745098
0.796078
0.772549
0.780392
0.831373
0.752941
0.650980
0.458824
0.572549
0.486275
0.364706
0.552941
0.552941
0.596078
0.600000
0.643137
0.674510
0.674510
0.639216
0.631373
0.619608
0.556863
0.568627
0.592157
0.627451
0.666667
0.686275
0.713725
0.776471
0.807843
0.733333
0.639216
0.788235
0.823529
0.823529
0.819608
0.843137
0.752941
0.545098
0.415686
0.552941
0.494118
0.376471
0.576471
0.545098
0.482353
0.686275
0.662745
0.721569
0.717647
0.619608
0.643137
0.658824
0.619608
0.647059
0.611765
0.658824
0.662745
0.694118
0.749020
0.823529
0.843137
0.807843
0.784314
0.831373
0.850980
0.866667
0.854902
0.788235
0.760784
0.576471
0.458824
0.600000
0.509804
0.384314
0.576471
0.568627
0.537255
0.737255
0.654902
0.713725
0.701961
0.674510
0.694118
0.682353
0.611765
0.615686
0.611765
0.686275
0.662745
0.666667
0.737255
0.835294
0.850980
0.823529
0.835294
0.823529
0.839216
0.878431
0.847059
0.584314
0.647059
0.607843
0.478431
0.560784
0.427451
0.325490
0.619608
0.607843
0.647059
0.792157
0.721569
0.721569
0.670588
0.776471
0.800000
0.788235
0.741176
0.745098
0.729412
0.749020
0.705882
0.654902
0.666667
0.752941
0.796078
0.784314
0.819608
0.827451
0.843137
0.874510
0.831373
0.505882
0.537255
0.564706
0.443137
0.419608
0.368627
0.356863
0.647059
0.611765
0.611765
0.784314
0.756863
0.756863
0.733333
0.803922
0.843137
0.862745
0.843137
0.847059
0.839216
0.831373
0.800000
0.772549
0.749020
0.760784
0.733333
0.694118
0.749020
0.780392
0.819608
0.850980
0.815686
0.501961
0.541176
0.584314
0.498039
0.396078
0.439216
0.411765
0.568627
0.619608
0.549020
0.690196
0.745098
0.725490
0.713725
0.772549
0.839216
0.854902
0.831373
0.835294
0.835294
0.839216
0.831373
0.819608
0.819608
0.847059
0.819608
0.760784
0.760784
0.745098
0.792157
0.858824
0.811765
0.541176
0.568627
0.611765
0.552941
0.447059
0.552941
0.478431
0.560784
0.603922
0.623529
0.717647
0.737255
0.686275
0.666667
0.721569
0.819608
0.862745
0.815686
0.796078
0.807843
0.831373
0.843137
0.835294
0.835294
0.854902
0.862745
0.831373
0.831373
0.811765
0.815686
0.862745
0.823529
0.670588
0.635294
0.643137
0.584314
0.549020
0.666667
0.494118
0.545098
0.619608
0.670588
0.725490
0.752941
0.752941
0.764706
0.776471
0.792157
0.800000
0.756863
0.733333
0.745098
0.776471
0.807843
0.811765
0.811765
0.815686
0.811765
0.807843
0.819608
0.815686
0.839216
0.862745
0.792157
0.737255
0.745098
0.745098
0.713725
0.686275
0.698039
0.596078
0.627451
0.713725
0.733333
0.741176
0.741176
0.760784
0.776471
0.776471
0.776471
0.768627
0.764706
0.752941
0.749020
0.756863
0.764706
0.772549
0.780392
0.752941
0.698039
0.713725
0.756863
0.752941
0.784314
0.815686
0.768627
0.745098
0.756863
0.776471
0.796078
0.788235
0.772549
0.760784
0.745098
0.741176
0.749020
0.749020
0.752941
0.760784
0.768627
0.780392
0.784314
0.772549
0.784314
0.784314
0.772549
0.768627
0.768627
0.784314
0.792157
0.733333
0.631373
0.658824
0.729412
0.698039
0.701961
0.741176
0.784314
0.764706
0.760784
0.788235
0.815686
0.823529
0.831373
0.827451
0.807843
0.768627
0.745098
0.752941
0.772549
0.780392
0.780392
0.792157
0.792157
0.784314
0.788235
0.792157
0.788235
0.784314
0.780392
0.796078
0.796078
0.764706
0.713725
0.725490
0.760784
0.741176
0.733333
0.733333
0.737255
0.768627
0.760784
0.772549
0.784314
0.807843
0.831373
0.823529
0.819608
0.792157
0.768627
0.760784
0.737255
0.745098
0.756863
0.764706
0.768627
0.776471
0.780392
0.780392
0.780392
0.772549
0.772549
0.776471
0.780392
0.772549
0.756863
0.764706
0.760784
0.745098
0.733333
0.741176
0.745098
0.870588
0.870588
0.870588
0.870588
0.862745
0.858824
0.862745
0.862745
0.862745
0.862745
0.866667
0.866667
0.866667
0.862745
0.862745
0.866667
0.874510
0.874510
0.874510
0.874510
0.874510
0.874510
0.874510
0.870588
0.866667
0.866667
0.874510
0.878431
0.874510
0.870588
0.870588
0.870588
0.878431
0.878431
0.886275
0.886275
0.878431
0.870588
0.878431
0.874510
0.874510
0.874510
0.878431
0.878431
0.878431
0.882353
0.882353
0.882353
0.882353
0.882353
0.882353
0.882353
0.882353
0.882353
0.882353
0.882353
0.878431
0.878431
0.890196
0.894118
0.886275
0.886275
0.886275
0.882353
0.866667
0.866667
0.874510
0.874510
0.870588
0.862745
0.870588
0.870588
0.870588
0.870588
0.874510
0.874510
0.874510
0.878431
0.878431
0.874510
0.874510
0.874510
0.870588
0.870588
0.870588
0.870588
0.870588
0.870588
0.866667
0.866667
0.874510
0.878431
0.874510
0.874510
0.874510
0.874510
0.862745
0.858824
0.866667
0.866667
0.870588
0.870588
0.870588
0.874510
0.874510
0.874510
0.878431
0.882353
0.882353
0.882353
0.882353
0.878431
0.874510
0.874510
0.870588
0.866667
0.866667
0.866667
0.866667
0.866667
0.866667
0.866667
0.870588
0.870588
0.870588
0.870588
0.870588
0.870588
0.858824
0.854902
0.862745
0.862745
0.866667
0.870588
0.870588
0.874510
0.874510
0.874510
0.882353
0.882353
0.882353
0.882353
0.882353
0.874510
0.866667
0.866667
0.862745
0.858824
0.858824
0.858824
0.858824
0.858824
0.858824
0.858824
0.866667
0.866667
0.866667
0.866667
0.866667
0.866667
0.858824
0.854902
0.858824
0.858824
0.862745
0.870588
0.870588
0.870588
0.874510
0.874510
0.878431
0.882353
0.882353
0.882353
0.882353
0.870588
0.862745
0.862745
0.858824
0.854902
0.858824
0.862745
0.862745
0.862745
0.862745
0.862745
0.866667
0.870588
0.870588
0.870588
0.870588
0.870588
0.858824
0.850980
0.854902
0.854902
0.866667
0.870588
0.862745
0.858824
0.866667
0.874510
0.870588
0.866667
0.866667
0.866667
0.866667
0.862745
0.858824
0.858824
0.862745
0.866667
0.870588
0.874510
0.874510
0.874510
0.870588
0.866667
0.862745
0.866667
0.866667
0.866667
0.866667
0.866667
0.854902
0.847059
0.850980
0.850980
0.858824
0.866667
0.854902
0.839216
0.858824
0.874510
0.858824
0.854902
0.854902
0.854902
0.854902
0.854902
0.854902
0.854902
0.862745
0.866667
0.870588
0.878431
0.878431
0.874510
0.870588
0.866667
0.862745
0.862745
0.862745
0.862745
0.862745
0.862745
0.854902
0.847059
0.850980
0.850980
0.858824
0.862745
0.803922
0.823529
0.854902
0.870588
0.858824
0.854902
0.854902
0.854902
0.854902
0.854902
0.850980
0.850980
0.850980
0.850980
0.854902
0.862745
0.862745
0.862745
0.862745
0.862745
0.862745
0.862745
0.862745
0.862745
0.862745
0.862745
0.854902
0.847059
0.850980
0.850980
0.854902
0.858824
0.756863
0.764706
0.847059
0.866667
0.858824
0.854902
0.854902
0.854902
0.854902
0.850980
0.847059
0.839216
0.835294
0.827451
0.807843
0.819608
0.843137
0.850980
0.854902
0.858824
0.862745
0.862745
0.862745
0.862745
0.862745
0.862745
0.850980
0.847059
0.850980
0.850980
0.850980
0.850980
0.768627
0.694118
0.823529
0.862745
0.854902
0.854902
0.854902
0.854902
0.854902
0.847059
0.839216
0.827451
0.803922
0.733333
0.674510
0.701961
0.772549
0.839216
0.850980
0.854902
0.858824
0.862745
0.862745
0.858824
0.858824
0.858824
0.850980
0.843137
0.847059
0.847059
0.843137
0.835294
0.788235
0.658824
0.772549
0.854902
0.850980
0.850980
0.850980
0.850980
0.850980
0.839216
0.835294
0.823529
0.756863
0.639216
0.580392
0.623529
0.674510
0.800000
0.843137
0.850980
0.858824
0.862745
0.862745
0.858824
0.858824
0.858824
0.850980
0.847059
0.843137
0.843137
0.839216
0.823529
0.800000
0.686275
0.701961
0.843137
0.847059
0.843137
0.843137
0.843137
0.843137
0.827451
0.823529
0.815686
0.764706
0.705882
0.678431
0.709804
0.737255
0.796078
0.839216
0.847059
0.854902
0.862745
0.862745
0.858824
0.858824
0.858824
0.843137
0.847059
0.847059
0.831373
0.827451
0.827451
0.803922
0.729412
0.643137
0.780392
0.843137
0.831373
0.815686
0.819608
0.827451
0.831373
0.823529
0.819608
0.792157
0.772549
0.772549
0.796078
0.811765
0.815686
0.823529
0.827451
0.831373
0.843137
0.850980
0.858824
0.847059
0.843137
0.803922
0.847059
0.843137
0.815686
0.815686
0.831373
0.788235
0.749020
0.658824
0.725490
0.831373
0.827451
0.819608
0.815686
0.823529
0.835294
0.784314
0.772549
0.768627
0.760784
0.772549
0.803922
0.815686
0.819608
0.823529
0.823529
0.823529
0.835294
0.839216
0.843137
0.847059
0.878431
0.764706
0.803922
0.803922
0.768627
0.776471
0.760784
0.698039
0.658824
0.615686
0.600000
0.643137
0.674510
0.721569
0.721569
0.619608
0.545098
0.490196
0.474510
0.537255
0.568627
0.611765
0.662745
0.701961
0.729412
0.745098
0.768627
0.784314
0.807843
0.823529
0.882353
0.945098
0.968627
0.635294
0.627451
0.576471
0.600000
0.631373
0.580392
0.462745
0.470588
0.356863
0.266667
0.262745
0.364706
0.415686
0.439216
0.278431
0.270588
0.482353
0.400000
0.411765
0.439216
0.431373
0.443137
0.443137
0.462745
0.490196
0.517647
0.525490
0.545098
0.666667
0.819608
0.803922
0.772549
0.635294
0.513725
0.439216
0.560784
0.607843
0.607843
0.525490
0.533333
0.474510
0.411765
0.290196
0.298039
0.349020
0.419608
0.329412
0.368627
0.670588
0.407843
0.341176
0.443137
0.435294
0.411765
0.388235
0.384314
0.396078
0.411765
0.419608
0.427451
0.694118
0.666667
0.494118
0.529412
0.690196
0.529412
0.615686
0.541176
0.482353
0.458824
0.537255
0.635294
0.568627
0.607843
0.403922
0.301961
0.372549
0.423529
0.392157
0.490196
0.701961
0.376471
0.305882
0.400000
0.396078
0.403922
0.415686
0.435294
0.462745
0.517647
0.576471
0.498039
0.737255
0.741176
0.611765
0.654902
0.745098
0.654902
0.690196
0.490196
0.482353
0.368627
0.372549
0.564706
0.588235
0.666667
0.407843
0.431373
0.474510
0.474510
0.513725
0.584314
0.627451
0.407843
0.360784
0.415686
0.450980
0.521569
0.568627
0.615686
0.662745
0.694118
0.666667
0.541176
0.725490
0.796078
0.768627
0.768627
0.760784
0.643137
0.580392
0.439216
0.537255
0.411765
0.309804
0.533333
0.572549
0.643137
0.615686
0.627451
0.635294
0.619608
0.588235
0.603922
0.607843
0.537255
0.529412
0.545098
0.572549
0.600000
0.611765
0.639216
0.690196
0.717647
0.654902
0.576471
0.745098
0.800000
0.800000
0.796078
0.764706
0.650980
0.529412
0.450980
0.529412
0.403922
0.309804
0.541176
0.533333
0.490196
0.705882
0.674510
0.709804
0.690196
0.584314
0.603922
0.619608
0.580392
0.603922
0.568627
0.611765
0.615686
0.635294
0.682353
0.737255
0.749020
0.713725
0.698039
0.760784
0.788235
0.815686
0.815686
0.701961
0.709804
0.619608
0.513725
0.564706
0.415686
0.313725
0.525490
0.541176
0.525490
0.733333
0.647059
0.694118
0.670588
0.631373
0.647059
0.631373
0.560784
0.564706
0.560784
0.639216
0.623529
0.623529
0.682353
0.764706
0.772549
0.737255
0.745098
0.745098
0.772549
0.823529
0.803922
0.494118
0.643137
0.694118
0.525490
0.505882
0.329412
0.247059
0.552941
0.560784
0.611765
0.756863
0.682353
0.678431
0.623529
0.725490
0.741176
0.725490
0.678431
0.682353
0.662745
0.690196
0.662745
0.615686
0.623529
0.701961
0.737255
0.701961
0.729412
0.749020
0.776471
0.819608
0.792157
0.407843
0.541176
0.654902
0.474510
0.349020
0.266667
0.266667
0.568627
0.541176
0.545098
0.709804
0.682353
0.682353
0.658824
0.733333
0.768627
0.788235
0.768627
0.772549
0.764706
0.760784
0.741176
0.721569
0.698039
0.713725
0.686275
0.611765
0.658824
0.701961
0.749020
0.792157
0.772549
0.403922
0.498039
0.619608
0.498039
0.325490
0.341176
0.313725
0.470588
0.529412
0.450980
0.580392
0.635294
0.619608
0.615686
0.686275
0.749020
0.768627
0.745098
0.749020
0.749020
0.752941
0.741176
0.733333
0.745098
0.780392
0.760784
0.682353
0.666667
0.666667
0.721569
0.803922
0.760784
0.439216
0.454902
0.568627
0.529412
0.376471
0.454902
0.376471
0.454902
0.494118
0.509804
0.580392
0.596078
0.560784
0.552941
0.619608
0.721569
0.760784
0.717647
0.694118
0.705882
0.725490
0.721569
0.721569
0.733333
0.768627
0.784314
0.749020
0.741176
0.729412
0.749020
0.803922
0.764706
0.564706
0.494118
0.552941
0.529412
0.470588
0.564706
0.388235
0.427451
0.498039
0.537255
0.572549
0.596078
0.615686
0.639216
0.658824
0.682353
0.686275
0.643137
0.619608
0.631373
0.658824
0.670588
0.670588
0.682353
0.701961
0.717647
0.713725
0.725490
0.729412
0.760784
0.800000
0.713725
0.627451
0.623529
0.639216
0.615686
0.588235
0.596078
0.486275
0.498039
0.572549
0.584314
0.584314
0.584314
0.611765
0.635294
0.643137
0.643137
0.635294
0.631373
0.619608
0.615686
0.619608
0.619608
0.615686
0.623529
0.611765
0.580392
0.607843
0.647059
0.650980
0.690196
0.733333
0.662745
0.631373
0.643137
0.666667
0.682353
0.682353
0.674510
0.650980
0.619608
0.607843
0.603922
0.603922
0.603922
0.611765
0.627451
0.643137
0.647059
0.631373
0.643137
0.643137
0.631373
0.627451
0.619608
0.623529
0.627451
0.584314
0.505882
0.533333
0.603922
0.576471
0.588235
0.635294
0.662745
0.639216
0.639216
0.662745
0.694118
0.713725
0.733333
0.721569
0.694118
0.650980
0.619608
0.619608
0.635294
0.643137
0.643137
0.650980
0.650980
0.639216
0.647059
0.650980
0.647059
0.643137
0.631373
0.635294
0.635294
0.611765
0.580392
0.584314
0.607843
0.596078
0.600000
0.603922
0.607843
0.639216
0.631373
0.643137
0.654902
0.690196
0.733333
0.725490
0.725490
0.701961
0.670588
0.650980
0.619608
0.619608
0.623529
0.623529
0.627451
0.639216
0.643137
0.639216
0.639216
0.631373
0.619608
0.619608
0.623529
0.619608
0.615686
0.611765
0.600000
0.588235
0.588235
0.603922
0.619608
