0.227451
0.223529
0.223529
0.223529
0.227451
0.231373
0.231373
0.235294
0.239216
0.239216
0.239216
0.239216
0.247059
0.250980
0.254902
0.254902
0.258824
0.258824
0.254902
0.254902
0.254902
0.258824
0.258824
0.258824
0.262745
0.266667
0.266667
0.262745
0.262745
0.266667
0.270588
0.274510
0.247059
0.243137
0.239216
0.239216
0.243137
0.247059
0.247059
0.250980
0.254902
0.254902
0.254902
0.254902
0.258824
0.266667
0.266667
0.266667
0.266667
0.270588
0.270588
0.270588
0.270588
0.274510
0.274510
0.278431
0.282353
0.278431
0.274510
0.274510
0.270588
0.274510
0.278431
0.286275
0.254902
0.250980
0.247059
0.250980
0.250980
0.254902
0.254902
0.258824
0.262745
0.266667
0.266667
0.266667
0.270588
0.270588
0.270588
0.270588
0.274510
0.278431
0.278431
0.278431
0.278431
0.282353
0.282353
0.290196
0.290196
0.286275
0.290196
0.294118
0.290196
0.290196
0.290196
0.294118
0.262745
0.258824
0.258824
0.262745
0.266667
0.266667
0.266667
0.270588
0.274510
0.282353
0.282353
0.278431
0.278431
0.282353
0.282353
0.282353
0.290196
0.294118
0.286275
0.286275
0.290196
0.290196
0.294118
0.298039
0.298039
0.298039
0.305882
0.305882
0.305882
0.305882
0.305882
0.305882
0.266667
0.262745
0.266667
0.274510
0.270588
0.270588
0.274510
0.278431
0.282353
0.290196
0.290196
0.290196
0.290196
0.290196
0.294118
0.294118
0.301961
0.305882
0.298039
0.298039
0.301961
0.298039
0.305882
0.309804
0.309804
0.309804
0.309804
0.309804
0.313725
0.313725
0.313725
0.317647
0.278431
0.274510
0.274510
0.278431
0.278431
0.282353
0.282353
0.286275
0.290196
0.298039
0.298039
0.301961
0.301961
0.301961
0.305882
0.305882
0.313725
0.317647
0.309804
0.309804
0.313725
0.313725
0.317647
0.321569
0.321569
0.321569
0.325490
0.325490
0.321569
0.321569
0.321569
0.333333
0.294118
0.294118
0.298039
0.298039
0.301961
0.313725
0.317647
0.301961
0.294118
0.309804
0.313725
0.317647
0.321569
0.325490
0.325490
0.325490
0.329412
0.333333
0.329412
0.321569
0.325490
0.325490
0.329412
0.333333
0.337255
0.337255
0.341176
0.345098
0.337255
0.333333
0.333333
0.345098
0.301961
0.305882
0.313725
0.317647
0.317647
0.325490
0.333333
0.317647
0.305882
0.325490
0.329412
0.333333
0.341176
0.349020
0.349020
0.349020
0.352941
0.356863
0.352941
0.341176
0.341176
0.337255
0.341176
0.349020
0.352941
0.352941
0.356863
0.360784
0.356863
0.352941
0.352941
0.356863
0.309804
0.313725
0.321569
0.333333
0.329412
0.321569
0.321569
0.325490
0.329412
0.333333
0.333333
0.337255
0.345098
0.352941
0.360784
0.360784
0.364706
0.372549
0.364706
0.356863
0.356863
0.352941
0.356863
0.360784
0.364706
0.372549
0.372549
0.372549
0.372549
0.372549
0.368627
0.372549
0.329412
0.329412
0.333333
0.337255
0.333333
0.329412
0.325490
0.345098
0.360784
0.345098
0.345098
0.345098
0.349020
0.356863
0.368627
0.368627
0.372549
0.376471
0.376471
0.372549
0.372549
0.372549
0.376471
0.376471
0.380392
0.392157
0.392157
0.384314
0.380392
0.384314
0.384314
0.392157
0.345098
0.341176
0.345098
0.345098
0.337255
0.349020
0.368627
0.411765
0.423529
0.364706
0.356863
0.364706
0.368627
0.372549
0.380392
0.384314
0.388235
0.388235
0.388235
0.388235
0.388235
0.392157
0.392157
0.388235
0.403922
0.419608
0.411765
0.396078
0.392157
0.392157
0.392157
0.403922
0.360784
0.352941
0.356863
0.360784
0.364706
0.388235
0.407843
0.490196
0.529412
0.384314
0.372549
0.384314
0.392157
0.396078
0.400000
0.403922
0.407843
0.407843
0.407843
0.407843
0.407843
0.411765
0.411765
0.400000
0.415686
0.470588
0.443137
0.407843
0.403922
0.411765
0.411765
0.419608
0.376471
0.372549
0.376471
0.372549
0.388235
0.490196
0.501961
0.564706
0.560784
0.407843
0.411765
0.419608
0.415686
0.419608
0.411765
0.415686
0.419608
0.419608
0.423529
0.427451
0.427451
0.431373
0.431373
0.423529
0.447059
0.552941
0.470588
0.423529
0.423529
0.431373
0.431373
0.439216
0.400000
0.384314
0.388235
0.388235
0.435294
0.635294
0.756863
0.615686
0.415686
0.301961
0.380392
0.447059
0.419608
0.419608
0.439216
0.443137
0.443137
0.447059
0.443137
0.439216
0.439216
0.447059
0.454902
0.450980
0.478431
0.611765
0.517647
0.458824
0.439216
0.439216
0.443137
0.458824
0.419608
0.403922
0.415686
0.439216
0.580392
0.756863
0.866667
0.686275
0.294118
0.196078
0.341176
0.482353
0.454902
0.443137
0.462745
0.466667
0.462745
0.462745
0.474510
0.482353
0.474510
0.505882
0.564706
0.572549
0.611765
0.721569
0.580392
0.509804
0.474510
0.466667
0.466667
0.482353
0.431373
0.380392
0.447059
0.619608
0.772549
0.886275
0.956863
0.792157
0.352941
0.262745
0.396078
0.541176
0.541176
0.529412
0.529412
0.533333
0.525490
0.537255
0.564706
0.588235
0.607843
0.701961
0.815686
0.823529
0.858824
0.882353
0.607843
0.470588
0.501961
0.474510
0.411765
0.396078
0.411765
0.376471
0.619608
0.886275
0.909804
0.937255
0.968627
0.831373
0.443137
0.333333
0.450980
0.650980
0.717647
0.678431
0.737255
0.764706
0.737255
0.776471
0.780392
0.772549
0.811765
0.878431
0.929412
0.925490
0.937255
0.925490
0.694118
0.482353
0.486275
0.509804
0.380392
0.301961
0.290196
0.486275
0.737255
0.811765
0.800000
0.827451
0.850980
0.815686
0.627451
0.509804
0.525490
0.607843
0.737255
0.705882
0.713725
0.717647
0.686275
0.678431
0.670588
0.674510
0.705882
0.705882
0.717647
0.745098
0.764706
0.658824
0.458824
0.325490
0.274510
0.294118
0.266667
0.317647
0.219608
0.325490
0.388235
0.372549
0.376471
0.403922
0.419608
0.450980
0.447059
0.360784
0.349020
0.349020
0.513725
0.564706
0.545098
0.537255
0.443137
0.400000
0.396078
0.403922
0.439216
0.458824
0.462745
0.509804
0.486275
0.298039
0.160784
0.105882
0.086275
0.090196
0.200000
0.341176
0.337255
0.290196
0.301961
0.294118
0.258824
0.258824
0.258824
0.313725
0.349020
0.286275
0.290196
0.298039
0.411765
0.498039
0.501961
0.490196
0.392157
0.364706
0.364706
0.380392
0.411765
0.415686
0.392157
0.372549
0.278431
0.188235
0.160784
0.129412
0.168627
0.223529
0.329412
0.376471
0.396078
0.454902
0.541176
0.568627
0.525490
0.509804
0.505882
0.529412
0.541176
0.513725
0.513725
0.509804
0.560784
0.600000
0.592157
0.592157
0.576471
0.564706
0.568627
0.584314
0.568627
0.545098
0.501961
0.450980
0.419608
0.396078
0.384314
0.388235
0.419608
0.431373
0.439216
0.411765
0.286275
0.360784
0.486275
0.568627
0.603922
0.643137
0.662745
0.623529
0.501961
0.427451
0.454902
0.494118
0.549020
0.564706
0.584314
0.584314
0.564706
0.568627
0.580392
0.603922
0.619608
0.639216
0.654902
0.670588
0.690196
0.662745
0.541176
0.458824
0.427451
0.403922
0.368627
0.360784
0.266667
0.301961
0.396078
0.470588
0.545098
0.619608
0.654902
0.603922
0.427451
0.337255
0.372549
0.427451
0.470588
0.482353
0.521569
0.529412
0.505882
0.517647
0.517647
0.529412
0.564706
0.615686
0.670588
0.690196
0.725490
0.709804
0.517647
0.392157
0.360784
0.360784
0.321569
0.333333
0.298039
0.356863
0.486275
0.584314
0.650980
0.717647
0.749020
0.701961
0.501961
0.415686
0.450980
0.525490
0.611765
0.619608
0.654902
0.670588
0.631373
0.635294
0.623529
0.619608
0.647059
0.670588
0.698039
0.698039
0.701961
0.627451
0.443137
0.329412
0.309804
0.321569
0.282353
0.298039
0.305882
0.384314
0.533333
0.650980
0.721569
0.776471
0.815686
0.756863
0.533333
0.450980
0.490196
0.576471
0.678431
0.690196
0.729412
0.752941
0.729412
0.756863
0.752941
0.749020
0.784314
0.815686
0.831373
0.827451
0.835294
0.780392
0.588235
0.443137
0.403922
0.423529
0.321569
0.278431
0.325490
0.384314
0.521569
0.639216
0.721569
0.788235
0.835294
0.745098
0.462745
0.368627
0.427451
0.525490
0.596078
0.603922
0.639216
0.670588
0.674510
0.709804
0.701961
0.694118
0.741176
0.803922
0.850980
0.858824
0.894118
0.886275
0.682353
0.525490
0.482353
0.474510
0.380392
0.313725
0.325490
0.345098
0.423529
0.513725
0.643137
0.749020
0.815686
0.682353
0.341176
0.258824
0.333333
0.415686
0.427451
0.435294
0.458824
0.474510
0.478431
0.501961
0.490196
0.482353
0.521569
0.615686
0.705882
0.729412
0.772549
0.796078
0.596078
0.466667
0.427451
0.407843
0.372549
0.352941
0.305882
0.294118
0.313725
0.356863
0.513725
0.662745
0.749020
0.603922
0.301961
0.219608
0.282353
0.341176
0.337255
0.349020
0.356863
0.360784
0.364706
0.372549
0.364706
0.352941
0.372549
0.447059
0.529412
0.541176
0.576471
0.635294
0.498039
0.411765
0.368627
0.360784
0.352941
0.345098
0.274510
0.270588
0.270588
0.290196
0.407843
0.568627
0.635294
0.533333
0.360784
0.239216
0.274510
0.301961
0.301961
0.309804
0.309804
0.313725
0.317647
0.317647
0.313725
0.309804
0.325490
0.356863
0.396078
0.400000
0.431373
0.529412
0.423529
0.352941
0.333333
0.333333
0.321569
0.317647
0.243137
0.243137
0.247059
0.247059
0.290196
0.396078
0.443137
0.447059
0.392157
0.262745
0.270588
0.278431
0.278431
0.278431
0.278431
0.282353
0.286275
0.286275
0.286275
0.286275
0.290196
0.298039
0.305882
0.301961
0.325490
0.411765
0.352941
0.301961
0.286275
0.282353
0.282353
0.290196
0.223529
0.223529
0.223529
0.219608
0.215686
0.258824
0.294118
0.325490
0.321569
0.243137
0.243137
0.250980
0.250980
0.250980
0.254902
0.262745
0.262745
0.262745
0.262745
0.262745
0.262745
0.262745
0.266667
0.262745
0.270588
0.313725
0.301961
0.270588
0.254902
0.250980
0.250980
0.258824
0.211765
0.207843
0.207843
0.203922
0.184314
0.215686
0.239216
0.250980
0.254902
0.219608
0.219608
0.223529
0.223529
0.223529
0.227451
0.231373
0.235294
0.235294
0.235294
0.235294
0.235294
0.235294
0.243137
0.239216
0.243137
0.262745
0.258824
0.250980
0.239216
0.235294
0.239216
0.247059
0.462745
0.454902
0.454902
0.454902
0.454902
0.458824
0.462745
0.462745
0.466667
0.470588
0.470588
0.470588
0.474510
0.478431
0.482353
0.482353
0.486275
0.486275
0.490196
0.494118
0.494118
0.498039
0.501961
0.501961
0.505882
0.509804
0.509804
0.505882
0.501961
0.509804
0.509804
0.517647
0.486275
0.474510
0.470588
0.470588
0.474510
0.478431
0.478431
0.482353
0.486275
0.486275
0.486275
0.490196
0.494118
0.498039
0.498039
0.498039
0.501961
0.501961
0.505882
0.513725
0.513725
0.517647
0.517647
0.525490
0.525490
0.521569
0.517647
0.521569
0.517647
0.517647
0.521569
0.533333
0.490196
0.478431
0.478431
0.482353
0.482353
0.486275
0.486275
0.490196
0.494118
0.498039
0.498039
0.498039
0.498039
0.501961
0.501961
0.501961
0.505882
0.505882
0.513725
0.517647
0.521569
0.525490
0.525490
0.533333
0.533333
0.525490
0.533333
0.537255
0.529412
0.529412
0.533333
0.541176
0.498039
0.490196
0.490196
0.494118
0.498039
0.498039
0.498039
0.501961
0.505882
0.513725
0.513725
0.509804
0.509804
0.513725
0.513725
0.513725
0.521569
0.525490
0.525490
0.529412
0.533333
0.533333
0.537255
0.541176
0.541176
0.541176
0.549020
0.549020
0.549020
0.549020
0.549020
0.552941
0.501961
0.494118
0.498039
0.505882
0.501961
0.501961
0.505882
0.509804
0.513725
0.521569
0.521569
0.521569
0.521569
0.521569
0.525490
0.525490
0.533333
0.537255
0.533333
0.537255
0.545098
0.541176
0.545098
0.549020
0.552941
0.552941
0.552941
0.552941
0.556863
0.556863
0.556863
0.564706
0.509804
0.501961
0.505882
0.509804
0.509804
0.509804
0.513725
0.517647
0.525490
0.529412
0.529412
0.529412
0.533333
0.533333
0.537255
0.537255
0.545098
0.549020
0.549020
0.549020
0.556863
0.556863
0.560784
0.564706
0.564706
0.564706
0.568627
0.568627
0.564706
0.564706
0.564706
0.580392
0.521569
0.517647
0.521569
0.525490
0.529412
0.533333
0.529412
0.533333
0.541176
0.537255
0.537255
0.545098
0.549020
0.549020
0.552941
0.552941
0.556863
0.556863
0.564706
0.568627
0.568627
0.568627
0.572549
0.576471
0.576471
0.580392
0.584314
0.584314
0.580392
0.576471
0.576471
0.592157
0.525490
0.525490
0.533333
0.541176
0.541176
0.541176
0.545098
0.556863
0.560784
0.556863
0.556863
0.564706
0.572549
0.572549
0.572549
0.572549
0.576471
0.580392
0.584314
0.588235
0.588235
0.584314
0.588235
0.588235
0.588235
0.596078
0.596078
0.596078
0.596078
0.596078
0.596078
0.607843
0.533333
0.533333
0.541176
0.552941
0.556863
0.560784
0.564706
0.568627
0.568627
0.572549
0.572549
0.576471
0.584314
0.588235
0.584314
0.584314
0.588235
0.596078
0.600000
0.603922
0.603922
0.600000
0.607843
0.603922
0.603922
0.607843
0.607843
0.607843
0.615686
0.619608
0.615686
0.623529
0.552941
0.549020
0.552941
0.556863
0.560784
0.576471
0.580392
0.576471
0.576471
0.588235
0.588235
0.592157
0.596078
0.600000
0.596078
0.596078
0.600000
0.603922
0.611765
0.619608
0.619608
0.615686
0.619608
0.619608
0.615686
0.619608
0.619608
0.623529
0.627451
0.627451
0.627451
0.639216
0.568627
0.560784
0.564706
0.564706
0.564706
0.572549
0.580392
0.596078
0.611765
0.600000
0.600000
0.607843
0.611765
0.611765
0.611765
0.615686
0.615686
0.619608
0.623529
0.627451
0.627451
0.631373
0.635294
0.631373
0.635294
0.631373
0.627451
0.631373
0.635294
0.631373
0.631373
0.647059
0.584314
0.576471
0.580392
0.588235
0.596078
0.560784
0.517647
0.596078
0.686275
0.611765
0.603922
0.615686
0.623529
0.627451
0.631373
0.635294
0.639216
0.639216
0.639216
0.643137
0.643137
0.647059
0.647059
0.647059
0.647059
0.670588
0.647059
0.647059
0.647059
0.643137
0.643137
0.654902
0.603922
0.592157
0.596078
0.603922
0.611765
0.592157
0.494118
0.596078
0.698039
0.611765
0.623529
0.631373
0.627451
0.635294
0.647059
0.650980
0.650980
0.650980
0.654902
0.658824
0.658824
0.662745
0.662745
0.666667
0.674510
0.741176
0.666667
0.658824
0.662745
0.662745
0.658824
0.670588
0.611765
0.611765
0.619608
0.623529
0.631373
0.690196
0.705882
0.619608
0.529412
0.486275
0.576471
0.654902
0.631373
0.631373
0.654902
0.662745
0.666667
0.670588
0.670588
0.674510
0.678431
0.678431
0.674510
0.682353
0.694118
0.776471
0.690196
0.678431
0.682353
0.682353
0.678431
0.690196
0.623529
0.635294
0.647059
0.635294
0.682353
0.768627
0.831373
0.690196
0.364706
0.317647
0.498039
0.666667
0.647059
0.643137
0.666667
0.678431
0.682353
0.690196
0.682353
0.682353
0.686275
0.698039
0.721569
0.733333
0.756863
0.815686
0.678431
0.654902
0.694118
0.705882
0.686275
0.686275
0.650980
0.576471
0.592157
0.705882
0.803922
0.866667
0.913725
0.780392
0.380392
0.333333
0.498039
0.666667
0.662745
0.662745
0.690196
0.701961
0.705882
0.725490
0.713725
0.698039
0.725490
0.803922
0.870588
0.882353
0.909804
0.898039
0.631373
0.545098
0.627451
0.607843
0.537255
0.513725
0.549020
0.466667
0.643137
0.870588
0.937255
0.949020
0.960784
0.843137
0.490196
0.419608
0.552941
0.756863
0.803922
0.749020
0.796078
0.827451
0.807843
0.858824
0.858824
0.843137
0.882353
0.937255
0.956863
0.952941
0.956863
0.929412
0.717647
0.556863
0.560784
0.564706
0.419608
0.329412
0.298039
0.501961
0.756863
0.831373
0.831373
0.847059
0.862745
0.835294
0.674510
0.584314
0.611765
0.686275
0.780392
0.737255
0.760784
0.772549
0.745098
0.752941
0.737255
0.725490
0.752941
0.745098
0.745098
0.764706
0.772549
0.666667
0.494118
0.403922
0.368627
0.372549
0.305882
0.313725
0.211765
0.368627
0.494118
0.513725
0.474510
0.482353
0.494118
0.533333
0.537255
0.466667
0.462745
0.454902
0.584314
0.619608
0.607843
0.607843
0.525490
0.486275
0.494118
0.505882
0.525490
0.537255
0.549020
0.600000
0.568627
0.388235
0.274510
0.243137
0.219608
0.196078
0.258824
0.341176
0.356863
0.298039
0.321569
0.345098
0.337255
0.345098
0.349020
0.400000
0.435294
0.360784
0.380392
0.388235
0.474510
0.529412
0.517647
0.513725
0.427451
0.403922
0.423529
0.443137
0.450980
0.458824
0.458824
0.450980
0.356863
0.270588
0.258824
0.231373
0.192157
0.211765
0.329412
0.376471
0.388235
0.329412
0.325490
0.333333
0.360784
0.372549
0.368627
0.392157
0.392157
0.345098
0.360784
0.364706
0.400000
0.427451
0.415686
0.423529
0.415686
0.407843
0.400000
0.376471
0.337255
0.313725
0.301961
0.262745
0.223529
0.203922
0.192157
0.192157
0.215686
0.262745
0.349020
0.403922
0.380392
0.392157
0.454902
0.494118
0.517647
0.545098
0.560784
0.529412
0.423529
0.368627
0.392157
0.427451
0.482353
0.498039
0.509804
0.513725
0.494118
0.501961
0.498039
0.490196
0.498039
0.521569
0.549020
0.549020
0.549020
0.521569
0.407843
0.345098
0.364706
0.380392
0.376471
0.411765
0.427451
0.454902
0.521569
0.556863
0.588235
0.635294
0.658824
0.619608
0.474510
0.419608
0.450980
0.498039
0.549020
0.556863
0.572549
0.580392
0.560784
0.572549
0.564706
0.568627
0.600000
0.650980
0.705882
0.713725
0.737255
0.717647
0.545098
0.454902
0.439216
0.431373
0.384314
0.388235
0.439216
0.482353
0.568627
0.627451
0.670588
0.713725
0.737255
0.698039
0.525490
0.466667
0.509804
0.584314
0.670588
0.670588
0.682353
0.698039
0.654902
0.658824
0.647059
0.639216
0.658824
0.670588
0.690196
0.705882
0.717647
0.643137
0.478431
0.396078
0.376471
0.368627
0.313725
0.313725
0.435294
0.494118
0.600000
0.674510
0.725490
0.764706
0.792157
0.749020
0.541176
0.478431
0.541176
0.635294
0.737255
0.729412
0.749020
0.772549
0.749020
0.772549
0.772549
0.768627
0.788235
0.803922
0.803922
0.815686
0.831373
0.772549
0.603922
0.494118
0.482353
0.501961
0.376471
0.309804
0.450980
0.498039
0.600000
0.674510
0.733333
0.780392
0.815686
0.737255
0.470588
0.396078
0.490196
0.611765
0.674510
0.658824
0.682353
0.713725
0.717647
0.752941
0.756863
0.752941
0.780392
0.819608
0.847059
0.847059
0.874510
0.862745
0.678431
0.560784
0.592157
0.611765
0.498039
0.415686
0.470588
0.486275
0.549020
0.600000
0.670588
0.749020
0.807843
0.686275
0.360784
0.301961
0.431373
0.549020
0.545098
0.529412
0.556863
0.572549
0.576471
0.600000
0.603922
0.603922
0.619608
0.682353
0.752941
0.752941
0.780392
0.796078
0.619608
0.525490
0.564706
0.576471
0.541176
0.525490
0.466667
0.466667
0.482353
0.498039
0.568627
0.678431
0.752941
0.619608
0.341176
0.290196
0.415686
0.517647
0.494118
0.490196
0.509804
0.513725
0.517647
0.525490
0.533333
0.537255
0.533333
0.568627
0.631373
0.627451
0.647059
0.701961
0.584314
0.533333
0.521569
0.529412
0.533333
0.549020
0.450980
0.454902
0.458824
0.458824
0.501961
0.603922
0.643137
0.556863
0.423529
0.356863
0.435294
0.490196
0.478431
0.478431
0.486275
0.490196
0.494118
0.494118
0.501961
0.509804
0.505882
0.521569
0.545098
0.549020
0.568627
0.650980
0.560784
0.521569
0.509804
0.513725
0.517647
0.529412
0.427451
0.423529
0.427451
0.427451
0.435294
0.478431
0.482353
0.498039
0.494118
0.423529
0.447059
0.458824
0.454902
0.450980
0.450980
0.458824
0.458824
0.458824
0.466667
0.470588
0.470588
0.478431
0.482353
0.486275
0.498039
0.560784
0.505882
0.486275
0.486275
0.490196
0.486275
0.498039
0.400000
0.396078
0.396078
0.400000
0.407843
0.403922
0.396078
0.439216
0.474510
0.415686
0.419608
0.427451
0.427451
0.427451
0.427451
0.435294
0.435294
0.435294
0.439216
0.443137
0.443137
0.443137
0.447059
0.450980
0.447059
0.470588
0.462745
0.454902
0.458824
0.458824
0.458824
0.466667
0.376471
0.372549
0.372549
0.372549
0.384314
0.384314
0.372549
0.396078
0.423529
0.396078
0.396078
0.400000
0.400000
0.400000
0.400000
0.403922
0.407843
0.407843
0.411765
0.415686
0.415686
0.415686
0.423529
0.419608
0.419608
0.427451
0.427451
0.427451
0.435294
0.435294
0.435294
0.447059
0.690196
0.678431
0.678431
0.678431
0.682353
0.686275
0.686275
0.690196
0.694118
0.694118
0.694118
0.694118
0.698039
0.709804
0.717647
0.717647
0.721569
0.721569
0.721569
0.725490
0.725490
0.729412
0.729412
0.729412
0.733333
0.737255
0.737255
0.733333
0.733333
0.737255
0.741176
0.752941
0.717647
0.701961
0.701961
0.701961
0.701961
0.705882
0.709804
0.709804
0.713725
0.717647
0.717647
0.717647
0.721569
0.729412
0.733333
0.733333
0.737255
0.737255
0.741176
0.745098
0.745098
0.752941
0.752941
0.756863
0.756863
0.752941
0.749020
0.752941
0.749020
0.749020
0.756863
0.772549
0.717647
0.705882
0.705882
0.705882
0.709804
0.713725
0.713725
0.717647
0.721569
0.725490
0.725490
0.721569
0.725490
0.733333
0.737255
0.737255
0.741176
0.741176
0.745098
0.749020
0.752941
0.756863
0.756863
0.760784
0.760784
0.756863
0.760784
0.768627
0.760784
0.760784
0.764706
0.772549
0.729412
0.717647
0.717647
0.721569
0.725490
0.725490
0.725490
0.729412
0.733333
0.741176
0.741176
0.737255
0.737255
0.741176
0.749020
0.749020
0.756863
0.760784
0.756863
0.760784
0.764706
0.764706
0.768627
0.772549
0.772549
0.772549
0.780392
0.780392
0.780392
0.780392
0.780392
0.788235
0.729412
0.721569
0.725490
0.729412
0.729412
0.729412
0.733333
0.737255
0.741176
0.749020
0.749020
0.749020
0.745098
0.752941
0.760784
0.760784
0.768627
0.772549
0.768627
0.768627
0.772549
0.772549
0.776471
0.780392
0.784314
0.784314
0.784314
0.784314
0.788235
0.788235
0.788235
0.800000
0.741176
0.729412
0.729412
0.737255
0.741176
0.737255
0.737255
0.745098
0.752941
0.756863
0.756863
0.756863
0.756863
0.764706
0.772549
0.772549
0.780392
0.784314
0.780392
0.780392
0.784314
0.784314
0.788235
0.792157
0.796078
0.796078
0.800000
0.800000
0.796078
0.796078
0.796078
0.815686
0.741176
0.733333
0.737255
0.745098
0.768627
0.756863
0.741176
0.756863
0.772549
0.756863
0.752941
0.760784
0.764706
0.768627
0.776471
0.776471
0.780392
0.784314
0.784314
0.788235
0.788235
0.788235
0.792157
0.800000
0.807843
0.811765
0.815686
0.811765
0.807843
0.803922
0.803922
0.823529
0.733333
0.729412
0.737255
0.752941
0.784314
0.764706
0.749020
0.768627
0.784314
0.760784
0.756863
0.764706
0.768627
0.780392
0.788235
0.788235
0.792157
0.796078
0.800000
0.796078
0.796078
0.792157
0.796078
0.800000
0.811765
0.819608
0.823529
0.819608
0.815686
0.815686
0.811765
0.827451
0.733333
0.725490
0.737255
0.752941
0.780392
0.784314
0.780392
0.768627
0.764706
0.772549
0.772549
0.776471
0.780392
0.788235
0.792157
0.792157
0.796078
0.800000
0.803922
0.800000
0.800000
0.800000
0.803922
0.811765
0.815686
0.819608
0.819608
0.823529
0.827451
0.827451
0.823529
0.835294
0.741176
0.733333
0.741176
0.741176
0.749020
0.788235
0.800000
0.756863
0.737255
0.780392
0.792157
0.792157
0.796078
0.796078
0.788235
0.788235
0.788235
0.792157
0.800000
0.803922
0.803922
0.800000
0.807843
0.811765
0.811765
0.803922
0.807843
0.819608
0.827451
0.823529
0.823529
0.843137
0.756863
0.745098
0.749020
0.745098
0.733333
0.764706
0.776471
0.749020
0.745098
0.784314
0.796078
0.800000
0.803922
0.800000
0.788235
0.792157
0.796078
0.796078
0.800000
0.803922
0.803922
0.807843
0.807843
0.815686
0.811765
0.788235
0.792157
0.815686
0.823529
0.819608
0.819608
0.835294
0.764706
0.752941
0.756863
0.760784
0.752941
0.713725
0.658824
0.713725
0.800000
0.776471
0.780392
0.788235
0.800000
0.800000
0.796078
0.800000
0.803922
0.803922
0.803922
0.803922
0.807843
0.807843
0.807843
0.819608
0.807843
0.807843
0.792157
0.811765
0.823529
0.819608
0.815686
0.831373
0.776471
0.764706
0.768627
0.772549
0.768627
0.709804
0.576471
0.674510
0.800000
0.760784
0.776471
0.784314
0.780392
0.788235
0.796078
0.800000
0.803922
0.803922
0.807843
0.811765
0.811765
0.811765
0.815686
0.831373
0.823529
0.854902
0.792157
0.815686
0.831373
0.827451
0.823529
0.839216
0.768627
0.756863
0.760784
0.768627
0.756863
0.760784
0.733333
0.666667
0.623529
0.607843
0.705882
0.784314
0.760784
0.764706
0.796078
0.803922
0.807843
0.815686
0.815686
0.819608
0.815686
0.811765
0.807843
0.823529
0.823529
0.866667
0.800000
0.823529
0.831373
0.827451
0.823529
0.839216
0.752941
0.745098
0.749020
0.733333
0.737255
0.776471
0.827451
0.721569
0.443137
0.423529
0.615686
0.796078
0.772549
0.752941
0.784314
0.796078
0.803922
0.819608
0.827451
0.823529
0.811765
0.807843
0.819608
0.823529
0.835294
0.878431
0.764706
0.768627
0.800000
0.803922
0.792157
0.796078
0.788235
0.690196
0.690196
0.792157
0.835294
0.862745
0.909804
0.807843
0.450980
0.431373
0.619608
0.800000
0.792157
0.764706
0.768627
0.784314
0.792157
0.819608
0.831373
0.827451
0.835294
0.886275
0.933333
0.917647
0.921569
0.913725
0.674510
0.607843
0.690196
0.670588
0.603922
0.584314
0.639216
0.541176
0.709804
0.929412
0.941176
0.921569
0.929412
0.835294
0.513725
0.458824
0.615686
0.831373
0.874510
0.796078
0.823529
0.858824
0.850980
0.901961
0.909804
0.898039
0.925490
0.956863
0.964706
0.952941
0.956863
0.941176
0.752941
0.611765
0.631373
0.623529
0.462745
0.349020
0.317647
0.537255
0.807843
0.898039
0.890196
0.886275
0.886275
0.878431
0.721569
0.627451
0.670588
0.756863
0.843137
0.784314
0.800000
0.811765
0.792157
0.800000
0.796078
0.788235
0.807843
0.792157
0.788235
0.831373
0.870588
0.780392
0.631373
0.549020
0.525490
0.482353
0.341176
0.282353
0.250980
0.454902
0.623529
0.678431
0.666667
0.670588
0.666667
0.705882
0.705882
0.611765
0.619608
0.615686
0.729412
0.756863
0.764706
0.768627
0.690196
0.658824
0.666667
0.674510
0.698039
0.705882
0.713725
0.760784
0.741176
0.584314
0.474510
0.443137
0.435294
0.349020
0.294118
0.290196
0.435294
0.431373
0.505882
0.552941
0.552941
0.552941
0.545098
0.584314
0.607843
0.545098
0.572549
0.576471
0.643137
0.686275
0.698039
0.701961
0.619608
0.603922
0.615686
0.631373
0.650980
0.658824
0.650980
0.607843
0.501961
0.435294
0.411765
0.360784
0.360784
0.337255
0.345098
0.337255
0.443137
0.431373
0.458824
0.474510
0.478431
0.478431
0.462745
0.466667
0.470588
0.478431
0.505882
0.498039
0.509804
0.509804
0.494118
0.509804
0.505882
0.501961
0.501961
0.490196
0.462745
0.439216
0.415686
0.372549
0.345098
0.337255
0.305882
0.270588
0.313725
0.329412
0.352941
0.396078
0.454902
0.474510
0.533333
0.560784
0.572549
0.584314
0.588235
0.560784
0.474510
0.466667
0.509804
0.537255
0.560784
0.552941
0.568627
0.572549
0.556863
0.564706
0.584314
0.596078
0.588235
0.588235
0.592157
0.603922
0.611765
0.588235
0.474510
0.419608
0.470588
0.482353
0.443137
0.462745
0.529412
0.549020
0.592157
0.603922
0.627451
0.658824
0.674510
0.647059
0.521569
0.498039
0.552941
0.592157
0.611765
0.600000
0.631373
0.643137
0.619608
0.627451
0.643137
0.662745
0.674510
0.690196
0.721569
0.741176
0.772549
0.752941
0.596078
0.533333
0.545098
0.529412
0.454902
0.427451
0.549020
0.576471
0.631373
0.662745
0.694118
0.721569
0.737255
0.709804
0.552941
0.521569
0.580392
0.654902
0.713725
0.698039
0.709804
0.725490
0.686275
0.690196
0.686275
0.682353
0.690196
0.694118
0.701961
0.733333
0.752941
0.674510
0.529412
0.470588
0.439216
0.407843
0.333333
0.305882
0.549020
0.584314
0.658824
0.701961
0.737255
0.756863
0.780392
0.745098
0.556863
0.517647
0.592157
0.694118
0.772549
0.749020
0.764706
0.788235
0.764706
0.792157
0.788235
0.776471
0.796078
0.811765
0.811765
0.831373
0.843137
0.784314
0.635294
0.545098
0.529412
0.525490
0.388235
0.305882
0.564706
0.596078
0.666667
0.709804
0.741176
0.764706
0.796078
0.725490
0.482353
0.435294
0.541176
0.666667
0.721569
0.694118
0.713725
0.745098
0.749020
0.784314
0.776471
0.764706
0.792157
0.835294
0.862745
0.854902
0.866667
0.854902
0.686275
0.592157
0.650980
0.678431
0.549020
0.458824
0.576471
0.588235
0.635294
0.658824
0.686275
0.737255
0.788235
0.674510
0.380392
0.356863
0.498039
0.619608
0.611765
0.596078
0.623529
0.639216
0.643137
0.666667
0.662745
0.654902
0.662745
0.721569
0.788235
0.772549
0.784314
0.800000
0.643137
0.576471
0.662745
0.694118
0.647059
0.619608
0.568627
0.580392
0.592157
0.580392
0.596078
0.674510
0.741176
0.619608
0.368627
0.364706
0.501961
0.611765
0.588235
0.588235
0.619608
0.623529
0.627451
0.635294
0.643137
0.639216
0.619608
0.639216
0.682353
0.678431
0.694118
0.749020
0.647059
0.623529
0.654902
0.674510
0.662745
0.670588
0.564706
0.572549
0.580392
0.568627
0.568627
0.639216
0.662745
0.580392
0.470588
0.454902
0.545098
0.603922
0.592157
0.596078
0.615686
0.623529
0.627451
0.623529
0.635294
0.639216
0.623529
0.627451
0.635294
0.643137
0.658824
0.737255
0.654902
0.643137
0.647059
0.650980
0.650980
0.666667
0.552941
0.552941
0.556863
0.549020
0.537255
0.556863
0.541176
0.545098
0.564706
0.537255
0.564706
0.576471
0.572549
0.576471
0.588235
0.592157
0.596078
0.596078
0.600000
0.603922
0.600000
0.603922
0.607843
0.611765
0.615686
0.662745
0.615686
0.611765
0.615686
0.611765
0.623529
0.643137
0.529412
0.521569
0.521569
0.521569
0.517647
0.494118
0.470588
0.501961
0.549020
0.533333
0.541176
0.545098
0.549020
0.552941
0.564706
0.572549
0.572549
0.572549
0.572549
0.576471
0.576471
0.576471
0.580392
0.584314
0.576471
0.584314
0.576471
0.584314
0.584314
0.580392
0.592157
0.615686
0.501961
0.494118
0.494118
0.494118
0.505882
0.501961
0.478431
0.490196
0.521569
0.513725
0.517647
0.521569
0.521569
0.525490
0.537255
0.541176
0.545098
0.545098
0.549020
0.549020
0.549020
0.549020
0.552941
0.552941
0.549020
0.552941
0.552941
0.560784
0.560784
0.560784
0.572549
0.596078
