0.800000
0.784314
0.780392
0.776471
0.780392
0.788235
0.796078
0.803922
0.803922
0.803922
0.800000
0.800000
0.796078
0.788235
0.772549
0.772549
0.776471
0.784314
0.792157
0.796078
0.807843
0.827451
0.839216
0.839216
0.847059
0.847059
0.854902
0.866667
0.854902
0.815686
0.772549
0.733333
0.800000
0.796078
0.800000
0.796078
0.800000
0.803922
0.807843
0.811765
0.815686
0.815686
0.819608
0.815686
0.807843
0.803922
0.803922
0.800000
0.792157
0.796078
0.803922
0.815686
0.835294
0.850980
0.850980
0.843137
0.847059
0.847059
0.858824
0.854902
0.784314
0.729412
0.729412
0.737255
0.784314
0.788235
0.796078
0.800000
0.803922
0.803922
0.800000
0.803922
0.800000
0.800000
0.807843
0.800000
0.792157
0.796078
0.807843
0.803922
0.800000
0.811765
0.815686
0.831373
0.850980
0.847059
0.839216
0.835294
0.839216
0.839216
0.843137
0.827451
0.741176
0.701961
0.729412
0.737255
0.788235
0.784314
0.796078
0.803922
0.803922
0.803922
0.800000
0.803922
0.800000
0.800000
0.807843
0.803922
0.796078
0.796078
0.800000
0.788235
0.792157
0.811765
0.819608
0.835294
0.847059
0.839216
0.823529
0.819608
0.823529
0.807843
0.776471
0.749020
0.690196
0.647059
0.709804
0.737255
0.800000
0.792157
0.796078
0.796078
0.792157
0.792157
0.800000
0.800000
0.792157
0.788235
0.800000
0.800000
0.800000
0.803922
0.800000
0.776471
0.768627
0.807843
0.819608
0.827451
0.823529
0.807843
0.764706
0.756863
0.768627
0.737255
0.721569
0.713725
0.678431
0.631373
0.698039
0.737255
0.815686
0.819608
0.819608
0.815686
0.807843
0.796078
0.796078
0.780392
0.772549
0.776471
0.788235
0.800000
0.803922
0.803922
0.815686
0.800000
0.776471
0.796078
0.717647
0.690196
0.737255
0.760784
0.737255
0.741176
0.733333
0.749020
0.745098
0.721569
0.670588
0.607843
0.631373
0.619608
0.839216
0.847059
0.862745
0.862745
0.858824
0.843137
0.835294
0.827451
0.815686
0.788235
0.772549
0.752941
0.737255
0.768627
0.839216
0.847059
0.635294
0.529412
0.466667
0.501961
0.631373
0.658824
0.709804
0.717647
0.650980
0.670588
0.600000
0.494118
0.439216
0.474510
0.360784
0.250980
0.921569
0.898039
0.894118
0.874510
0.870588
0.878431
0.886275
0.870588
0.811765
0.737255
0.670588
0.596078
0.592157
0.725490
0.815686
0.835294
0.584314
0.447059
0.443137
0.478431
0.666667
0.533333
0.549020
0.588235
0.443137
0.250980
0.152941
0.160784
0.403922
0.537255
0.313725
0.219608
0.960784
0.949020
0.949020
0.941176
0.909804
0.827451
0.764706
0.717647
0.721569
0.752941
0.749020
0.756863
0.686275
0.725490
0.819608
0.807843
0.733333
0.701961
0.768627
0.678431
0.666667
0.603922
0.564706
0.576471
0.509804
0.294118
0.156863
0.235294
0.556863
0.635294
0.345098
0.258824
0.960784
0.933333
0.909804
0.886275
0.858824
0.796078
0.784314
0.831373
0.847059
0.835294
0.788235
0.780392
0.682353
0.658824
0.807843
0.768627
0.662745
0.611765
0.607843
0.447059
0.290196
0.274510
0.243137
0.250980
0.329412
0.325490
0.231373
0.298039
0.603922
0.650980
0.345098
0.254902
0.847059
0.796078
0.725490
0.713725
0.749020
0.772549
0.807843
0.862745
0.854902
0.796078
0.768627
0.752941
0.654902
0.611765
0.776471
0.662745
0.517647
0.470588
0.411765
0.349020
0.258824
0.254902
0.235294
0.247059
0.305882
0.262745
0.235294
0.372549
0.639216
0.647059
0.341176
0.258824
0.666667
0.666667
0.670588
0.686275
0.721569
0.741176
0.760784
0.811765
0.811765
0.756863
0.752941
0.752941
0.650980
0.592157
0.733333
0.564706
0.443137
0.396078
0.313725
0.364706
0.301961
0.286275
0.239216
0.239216
0.321569
0.274510
0.239216
0.396078
0.596078
0.596078
0.325490
0.254902
0.600000
0.654902
0.686275
0.682353
0.690196
0.643137
0.682353
0.729412
0.741176
0.729412
0.737255
0.764706
0.650980
0.560784
0.701961
0.490196
0.388235
0.431373
0.333333
0.450980
0.537255
0.501961
0.458824
0.443137
0.454902
0.450980
0.380392
0.333333
0.427451
0.482353
0.309804
0.250980
0.384314
0.560784
0.658824
0.674510
0.647059
0.545098
0.619608
0.694118
0.701961
0.721569
0.733333
0.756863
0.643137
0.549020
0.705882
0.462745
0.376471
0.556863
0.525490
0.568627
0.717647
0.803922
0.819608
0.811765
0.772549
0.749020
0.690196
0.443137
0.286275
0.376471
0.298039
0.243137
0.231373
0.494118
0.650980
0.670588
0.607843
0.576471
0.647059
0.686275
0.686275
0.701961
0.725490
0.717647
0.619608
0.556863
0.701961
0.450980
0.376471
0.572549
0.572549
0.615686
0.643137
0.800000
0.886275
0.909804
0.823529
0.745098
0.721569
0.647059
0.486275
0.349020
0.270588
0.231373
0.301961
0.439216
0.517647
0.568627
0.501961
0.294118
0.380392
0.533333
0.576471
0.611765
0.662745
0.682353
0.576471
0.501961
0.682353
0.450980
0.376471
0.541176
0.580392
0.666667
0.666667
0.764706
0.839216
0.858824
0.831373
0.729412
0.654902
0.600000
0.690196
0.415686
0.200000
0.235294
0.372549
0.270588
0.200000
0.184314
0.262745
0.239216
0.184314
0.278431
0.349020
0.368627
0.439216
0.498039
0.505882
0.486275
0.647059
0.427451
0.360784
0.549020
0.670588
0.717647
0.756863
0.807843
0.823529
0.815686
0.752941
0.447059
0.384314
0.400000
0.388235
0.352941
0.196078
0.235294
0.392157
0.282353
0.192157
0.125490
0.176471
0.266667
0.231373
0.196078
0.172549
0.141176
0.235294
0.317647
0.356863
0.482353
0.678431
0.419608
0.313725
0.423529
0.556863
0.733333
0.862745
0.870588
0.850980
0.827451
0.686275
0.345098
0.368627
0.435294
0.317647
0.301961
0.172549
0.219608
0.400000
0.325490
0.227451
0.145098
0.211765
0.266667
0.235294
0.188235
0.113725
0.105882
0.223529
0.262745
0.270588
0.403922
0.603922
0.400000
0.262745
0.321569
0.584314
0.827451
0.905882
0.909804
0.913725
0.886275
0.713725
0.392157
0.415686
0.462745
0.360784
0.400000
0.250980
0.203922
0.372549
0.349020
0.278431
0.219608
0.254902
0.286275
0.262745
0.211765
0.109804
0.082353
0.243137
0.309804
0.372549
0.376471
0.372549
0.266667
0.270588
0.470588
0.623529
0.674510
0.858824
0.843137
0.764706
0.733333
0.639216
0.450980
0.419608
0.439216
0.400000
0.529412
0.435294
0.219608
0.345098
0.364706
0.372549
0.352941
0.305882
0.254902
0.211765
0.152941
0.078431
0.121569
0.282353
0.309804
0.313725
0.317647
0.352941
0.200000
0.258824
0.388235
0.294118
0.301961
0.639216
0.650980
0.537255
0.525490
0.505882
0.447059
0.376471
0.380392
0.415686
0.513725
0.427451
0.196078
0.325490
0.329412
0.333333
0.325490
0.333333
0.305882
0.247059
0.203922
0.164706
0.203922
0.294118
0.337255
0.211765
0.180392
0.301961
0.176471
0.168627
0.176471
0.141176
0.223529
0.352941
0.454902
0.439216
0.443137
0.443137
0.431373
0.396078
0.384314
0.431373
0.486275
0.396078
0.172549
0.325490
0.313725
0.309804
0.313725
0.325490
0.333333
0.317647
0.290196
0.247059
0.215686
0.184314
0.258824
0.125490
0.090196
0.176471
0.164706
0.184314
0.094118
0.200000
0.411765
0.274510
0.407843
0.435294
0.427451
0.435294
0.474510
0.458824
0.388235
0.462745
0.470588
0.345098
0.207843
0.333333
0.321569
0.317647
0.313725
0.317647
0.321569
0.333333
0.337255
0.329412
0.301961
0.243137
0.200000
0.105882
0.066667
0.070588
0.090196
0.121569
0.078431
0.231373
0.419608
0.211765
0.337255
0.407843
0.415686
0.415686
0.427451
0.415686
0.368627
0.435294
0.447059
0.325490
0.321569
0.337255
0.329412
0.325490
0.321569
0.317647
0.313725
0.325490
0.349020
0.368627
0.376471
0.360784
0.333333
0.298039
0.247059
0.184314
0.125490
0.082353
0.054902
0.192157
0.286275
0.109804
0.219608
0.325490
0.364706
0.380392
0.376471
0.384314
0.400000
0.392157
0.384314
0.364706
0.400000
0.333333
0.337255
0.345098
0.329412
0.321569
0.313725
0.313725
0.321569
0.337255
0.356863
0.364706
0.360784
0.356863
0.349020
0.321569
0.266667
0.200000
0.117647
0.160784
0.203922
0.058824
0.054902
0.121569
0.184314
0.219608
0.231373
0.231373
0.192157
0.172549
0.227451
0.352941
0.400000
0.333333
0.333333
0.349020
0.349020
0.333333
0.325490
0.321569
0.321569
0.329412
0.333333
0.345098
0.356863
0.368627
0.388235
0.384314
0.360784
0.337255
0.286275
0.231373
0.160784
0.066667
0.039216
0.035294
0.047059
0.054902
0.066667
0.074510
0.039216
0.050980
0.196078
0.325490
0.352941
0.333333
0.333333
0.337255
0.341176
0.349020
0.345098
0.333333
0.325490
0.325490
0.325490
0.333333
0.337255
0.352941
0.380392
0.403922
0.407843
0.407843
0.392157
0.356863
0.298039
0.250980
0.211765
0.180392
0.164706
0.149020
0.141176
0.145098
0.149020
0.172549
0.239216
0.301961
0.337255
0.341176
0.333333
0.329412
0.333333
0.345098
0.352941
0.345098
0.333333
0.333333
0.333333
0.329412
0.329412
0.329412
0.341176
0.356863
0.384314
0.415686
0.427451
0.423529
0.411765
0.403922
0.384314
0.364706
0.349020
0.337255
0.333333
0.329412
0.321569
0.321569
0.329412
0.341176
0.356863
0.356863
0.345098
0.337255
0.341176
0.345098
0.345098
0.349020
0.341176
0.337255
0.337255
0.337255
0.333333
0.337255
0.333333
0.329412
0.345098
0.364706
0.388235
0.415686
0.427451
0.435294
0.427451
0.415686
0.411765
0.403922
0.396078
0.388235
0.376471
0.376471
0.380392
0.376471
0.372549
0.380392
0.372549
0.356863
0.356863
0.356863
0.345098
0.352941
0.356863
0.356863
0.356863
0.352941
0.345098
0.349020
0.341176
0.333333
0.341176
0.341176
0.341176
0.356863
0.380392
0.415686
0.435294
0.435294
0.435294
0.439216
0.423529
0.407843
0.400000
0.400000
0.400000
0.400000
0.392157
0.368627
0.364706
0.364706
0.352941
0.352941
0.352941
0.349020
0.352941
0.364706
0.364706
0.360784
0.360784
0.345098
0.345098
0.337255
0.337255
0.337255
0.329412
0.325490
0.333333
0.337255
0.380392
0.415686
0.427451
0.435294
0.435294
0.423529
0.419608
0.411765
0.400000
0.400000
0.400000
0.796078
0.780392
0.776471
0.772549
0.776471
0.784314
0.792157
0.800000
0.800000
0.800000
0.796078
0.796078
0.792157
0.784314
0.768627
0.768627
0.772549
0.780392
0.788235
0.792157
0.803922
0.819608
0.831373
0.835294
0.839216
0.839216
0.850980
0.862745
0.850980
0.811765
0.768627
0.729412
0.796078
0.792157
0.796078
0.792157
0.796078
0.800000
0.803922
0.807843
0.811765
0.811765
0.815686
0.811765
0.803922
0.800000
0.800000
0.796078
0.788235
0.792157
0.800000
0.811765
0.831373
0.847059
0.847059
0.839216
0.839216
0.839216
0.854902
0.850980
0.780392
0.725490
0.725490
0.737255
0.780392
0.784314
0.792157
0.796078
0.800000
0.800000
0.796078
0.800000
0.796078
0.796078
0.803922
0.796078
0.788235
0.792157
0.803922
0.800000
0.796078
0.807843
0.811765
0.827451
0.847059
0.843137
0.835294
0.831373
0.835294
0.835294
0.839216
0.823529
0.737255
0.698039
0.725490
0.733333
0.784314
0.780392
0.792157
0.800000
0.800000
0.800000
0.796078
0.800000
0.796078
0.796078
0.803922
0.800000
0.792157
0.792157
0.796078
0.784314
0.788235
0.807843
0.815686
0.831373
0.843137
0.835294
0.819608
0.815686
0.819608
0.803922
0.776471
0.749020
0.690196
0.647059
0.709804
0.733333
0.796078
0.788235
0.792157
0.792157
0.788235
0.788235
0.796078
0.796078
0.788235
0.784314
0.796078
0.796078
0.796078
0.800000
0.796078
0.772549
0.764706
0.803922
0.815686
0.823529
0.819608
0.803922
0.764706
0.752941
0.764706
0.737255
0.721569
0.713725
0.678431
0.631373
0.698039
0.737255
0.811765
0.815686
0.815686
0.811765
0.803922
0.792157
0.792157
0.776471
0.768627
0.772549
0.784314
0.796078
0.800000
0.800000
0.811765
0.796078
0.772549
0.796078
0.713725
0.686275
0.733333
0.760784
0.737255
0.741176
0.733333
0.745098
0.745098
0.721569
0.670588
0.607843
0.631373
0.619608
0.839216
0.843137
0.858824
0.862745
0.854902
0.835294
0.827451
0.819608
0.803922
0.780392
0.768627
0.756863
0.741176
0.772549
0.839216
0.850980
0.635294
0.529412
0.466667
0.505882
0.631373
0.650980
0.698039
0.705882
0.643137
0.658824
0.596078
0.494118
0.443137
0.478431
0.360784
0.250980
0.921569
0.898039
0.894118
0.874510
0.870588
0.874510
0.878431
0.866667
0.807843
0.733333
0.674510
0.600000
0.596078
0.729412
0.819608
0.839216
0.588235
0.450980
0.447059
0.482353
0.670588
0.529412
0.541176
0.584314
0.439216
0.243137
0.152941
0.160784
0.407843
0.541176
0.317647
0.223529
0.960784
0.949020
0.949020
0.941176
0.913725
0.835294
0.776471
0.725490
0.729412
0.760784
0.752941
0.760784
0.690196
0.729412
0.823529
0.811765
0.737255
0.705882
0.772549
0.682353
0.670588
0.619608
0.584314
0.596078
0.529412
0.309804
0.164706
0.235294
0.560784
0.639216
0.349020
0.258824
0.960784
0.933333
0.909804
0.882353
0.866667
0.819608
0.811765
0.858824
0.870588
0.854902
0.796078
0.784314
0.686275
0.662745
0.811765
0.772549
0.666667
0.615686
0.611765
0.450980
0.301961
0.305882
0.282353
0.290196
0.368627
0.360784
0.243137
0.298039
0.607843
0.654902
0.345098
0.254902
0.847059
0.796078
0.725490
0.713725
0.756863
0.796078
0.831373
0.890196
0.878431
0.819608
0.776471
0.756863
0.658824
0.615686
0.780392
0.666667
0.521569
0.478431
0.415686
0.352941
0.274510
0.294118
0.282353
0.290196
0.349020
0.305882
0.250980
0.372549
0.643137
0.650980
0.345098
0.258824
0.666667
0.666667
0.670588
0.686275
0.725490
0.749020
0.768627
0.819608
0.819608
0.764706
0.756863
0.756863
0.654902
0.596078
0.737255
0.568627
0.450980
0.403922
0.321569
0.368627
0.313725
0.317647
0.274510
0.274510
0.356863
0.305882
0.250980
0.396078
0.600000
0.600000
0.329412
0.254902
0.600000
0.654902
0.686275
0.682353
0.690196
0.639216
0.678431
0.721569
0.737255
0.725490
0.737255
0.768627
0.654902
0.564706
0.705882
0.494118
0.396078
0.439216
0.341176
0.458824
0.549020
0.521569
0.482353
0.462745
0.478431
0.470588
0.388235
0.333333
0.431373
0.490196
0.309804
0.250980
0.380392
0.549020
0.647059
0.674510
0.654902
0.556863
0.619608
0.686275
0.698039
0.721569
0.733333
0.760784
0.650980
0.556863
0.698039
0.458824
0.380392
0.560784
0.525490
0.572549
0.721569
0.811765
0.823529
0.815686
0.776471
0.752941
0.690196
0.443137
0.294118
0.384314
0.301961
0.247059
0.231373
0.470588
0.631373
0.666667
0.623529
0.592157
0.639216
0.670588
0.686275
0.717647
0.725490
0.725490
0.635294
0.560784
0.686275
0.439216
0.380392
0.576471
0.572549
0.615686
0.643137
0.800000
0.882353
0.905882
0.819608
0.737255
0.721569
0.647059
0.494118
0.360784
0.278431
0.243137
0.298039
0.411765
0.498039
0.568627
0.498039
0.270588
0.341176
0.498039
0.568627
0.631373
0.670588
0.682353
0.576471
0.501961
0.674510
0.450980
0.376471
0.541176
0.580392
0.662745
0.666667
0.764706
0.835294
0.858824
0.827451
0.725490
0.650980
0.603922
0.698039
0.427451
0.207843
0.247059
0.364706
0.243137
0.180392
0.184314
0.247059
0.180392
0.117647
0.227451
0.333333
0.388235
0.447059
0.482353
0.474510
0.466667
0.650980
0.439216
0.364706
0.549020
0.670588
0.713725
0.756863
0.807843
0.823529
0.811765
0.749020
0.443137
0.384314
0.403922
0.392157
0.360784
0.203922
0.243137
0.388235
0.258824
0.172549
0.129412
0.156863
0.196078
0.156863
0.137255
0.152941
0.152941
0.227451
0.262745
0.278431
0.423529
0.682353
0.435294
0.317647
0.423529
0.556863
0.733333
0.862745
0.870588
0.850980
0.827451
0.682353
0.341176
0.368627
0.439216
0.321569
0.309804
0.180392
0.231373
0.392157
0.298039
0.207843
0.149020
0.203922
0.215686
0.176471
0.137255
0.094118
0.109804
0.188235
0.160784
0.133333
0.298039
0.584314
0.415686
0.266667
0.321569
0.584314
0.823529
0.901961
0.913725
0.913725
0.886275
0.713725
0.388235
0.419608
0.466667
0.360784
0.407843
0.258824
0.211765
0.364706
0.325490
0.258824
0.223529
0.258824
0.266667
0.231373
0.168627
0.082353
0.074510
0.184314
0.168627
0.188235
0.231373
0.329412
0.274510
0.274510
0.470588
0.623529
0.674510
0.854902
0.847059
0.768627
0.733333
0.639216
0.447059
0.423529
0.443137
0.400000
0.533333
0.443137
0.227451
0.341176
0.345098
0.356863
0.352941
0.313725
0.250980
0.196078
0.129412
0.062745
0.109804
0.227451
0.196078
0.172549
0.203922
0.309804
0.200000
0.262745
0.388235
0.294118
0.301961
0.639216
0.654902
0.537255
0.525490
0.505882
0.447059
0.380392
0.384314
0.419608
0.517647
0.435294
0.203922
0.321569
0.321569
0.325490
0.321569
0.329412
0.305882
0.239216
0.196078
0.156863
0.196078
0.270588
0.294118
0.164706
0.141176
0.274510
0.168627
0.168627
0.176471
0.141176
0.223529
0.352941
0.454902
0.439216
0.443137
0.443137
0.431373
0.400000
0.388235
0.435294
0.490196
0.400000
0.172549
0.321569
0.309804
0.305882
0.309804
0.321569
0.329412
0.313725
0.286275
0.243137
0.211765
0.180392
0.250980
0.121569
0.082353
0.168627
0.160784
0.184314
0.094118
0.200000
0.411765
0.274510
0.407843
0.435294
0.427451
0.435294
0.478431
0.458824
0.384314
0.458824
0.466667
0.337255
0.203922
0.329412
0.317647
0.313725
0.309804
0.313725
0.317647
0.329412
0.333333
0.325490
0.298039
0.243137
0.203922
0.109804
0.070588
0.074510
0.090196
0.121569
0.078431
0.231373
0.419608
0.211765
0.337255
0.407843
0.415686
0.415686
0.427451
0.407843
0.356863
0.419608
0.423529
0.298039
0.298039
0.333333
0.325490
0.321569
0.317647
0.313725
0.309804
0.321569
0.345098
0.364706
0.376471
0.364706
0.341176
0.305882
0.254902
0.192157
0.129412
0.082353
0.054902
0.192157
0.286275
0.109804
0.219608
0.325490
0.364706
0.380392
0.376471
0.376471
0.380392
0.372549
0.356863
0.329412
0.372549
0.329412
0.333333
0.341176
0.325490
0.317647
0.309804
0.309804
0.317647
0.333333
0.352941
0.360784
0.360784
0.356863
0.349020
0.321569
0.266667
0.200000
0.117647
0.160784
0.203922
0.058824
0.054902
0.121569
0.184314
0.219608
0.231373
0.227451
0.184314
0.160784
0.211765
0.333333
0.384314
0.329412
0.329412
0.345098
0.345098
0.329412
0.321569
0.317647
0.317647
0.325490
0.329412
0.333333
0.341176
0.356863
0.372549
0.368627
0.352941
0.337255
0.286275
0.231373
0.160784
0.066667
0.039216
0.039216
0.050980
0.054902
0.070588
0.074510
0.039216
0.050980
0.196078
0.325490
0.349020
0.329412
0.329412
0.333333
0.337255
0.345098
0.341176
0.329412
0.321569
0.321569
0.317647
0.313725
0.317647
0.329412
0.360784
0.384314
0.400000
0.407843
0.392157
0.356863
0.298039
0.250980
0.211765
0.180392
0.164706
0.149020
0.141176
0.145098
0.149020
0.176471
0.243137
0.305882
0.337255
0.337255
0.329412
0.325490
0.329412
0.341176
0.349020
0.341176
0.329412
0.329412
0.325490
0.321569
0.317647
0.321569
0.329412
0.345098
0.380392
0.411765
0.423529
0.419608
0.407843
0.400000
0.380392
0.360784
0.345098
0.333333
0.329412
0.325490
0.317647
0.317647
0.325490
0.341176
0.356863
0.352941
0.341176
0.333333
0.337255
0.341176
0.341176
0.345098
0.337255
0.333333
0.333333
0.333333
0.329412
0.333333
0.329412
0.325490
0.341176
0.360784
0.384314
0.411765
0.423529
0.431373
0.423529
0.411765
0.407843
0.400000
0.392157
0.384314
0.372549
0.372549
0.376471
0.372549
0.368627
0.376471
0.368627
0.352941
0.352941
0.352941
0.341176
0.349020
0.352941
0.352941
0.352941
0.349020
0.341176
0.345098
0.337255
0.329412
0.337255
0.337255
0.337255
0.352941
0.376471
0.411765
0.431373
0.431373
0.431373
0.435294
0.419608
0.403922
0.396078
0.396078
0.396078
0.396078
0.388235
0.364706
0.360784
0.360784
0.349020
0.349020
0.349020
0.345098
0.349020
0.360784
0.360784
0.356863
0.356863
0.341176
0.341176
0.333333
0.333333
0.333333
0.325490
0.321569
0.329412
0.333333
0.376471
0.411765
0.423529
0.431373
0.431373
0.419608
0.415686
0.407843
0.396078
0.396078
0.396078
0.827451
0.811765
0.803922
0.803922
0.807843
0.815686
0.823529
0.831373
0.831373
0.831373
0.823529
0.819608
0.815686
0.807843
0.792157
0.792157
0.796078
0.803922
0.807843
0.815686
0.831373
0.858824
0.870588
0.874510
0.878431
0.878431
0.878431
0.882353
0.874510
0.835294
0.792157
0.749020
0.827451
0.823529
0.827451
0.823529
0.827451
0.831373
0.835294
0.839216
0.843137
0.843137
0.843137
0.835294
0.827451
0.823529
0.823529
0.819608
0.811765
0.815686
0.823529
0.835294
0.854902
0.878431
0.878431
0.870588
0.874510
0.870588
0.878431
0.870588
0.803922
0.749020
0.749020
0.752941
0.811765
0.815686
0.823529
0.827451
0.831373
0.831373
0.827451
0.831373
0.827451
0.827451
0.827451
0.819608
0.811765
0.815686
0.823529
0.823529
0.819608
0.831373
0.835294
0.850980
0.870588
0.866667
0.858824
0.854902
0.854902
0.858824
0.858824
0.839216
0.752941
0.713725
0.745098
0.745098
0.815686
0.811765
0.823529
0.831373
0.831373
0.831373
0.827451
0.831373
0.827451
0.823529
0.827451
0.823529
0.815686
0.815686
0.819608
0.807843
0.811765
0.831373
0.839216
0.854902
0.866667
0.854902
0.843137
0.835294
0.839216
0.823529
0.788235
0.752941
0.694118
0.654902
0.713725
0.741176
0.827451
0.819608
0.823529
0.823529
0.819608
0.819608
0.827451
0.827451
0.819608
0.815686
0.819608
0.819608
0.819608
0.823529
0.819608
0.796078
0.788235
0.827451
0.839216
0.847059
0.843137
0.819608
0.780392
0.768627
0.780392
0.749020
0.725490
0.713725
0.682353
0.631373
0.698039
0.737255
0.843137
0.847059
0.847059
0.843137
0.835294
0.823529
0.823529
0.807843
0.800000
0.803922
0.811765
0.819608
0.819608
0.823529
0.835294
0.819608
0.796078
0.815686
0.737255
0.709804
0.756863
0.772549
0.745098
0.749020
0.741176
0.756863
0.749020
0.717647
0.662745
0.603922
0.627451
0.615686
0.850980
0.858824
0.870588
0.874510
0.874510
0.862745
0.854902
0.847059
0.835294
0.807843
0.788235
0.768627
0.752941
0.784314
0.854902
0.866667
0.654902
0.549020
0.490196
0.525490
0.650980
0.662745
0.709804
0.717647
0.654902
0.670588
0.600000
0.486275
0.423529
0.458824
0.352941
0.254902
0.921569
0.898039
0.890196
0.874510
0.882353
0.898039
0.901961
0.890196
0.831373
0.756863
0.686275
0.607843
0.603922
0.737255
0.827451
0.854902
0.607843
0.470588
0.466667
0.501961
0.686275
0.541176
0.552941
0.592157
0.447059
0.254902
0.160784
0.156863
0.384314
0.513725
0.309804
0.227451
0.960784
0.949020
0.949020
0.941176
0.925490
0.854902
0.796078
0.745098
0.749020
0.780392
0.764706
0.768627
0.698039
0.737255
0.831373
0.823529
0.756863
0.725490
0.788235
0.701961
0.690196
0.627451
0.584314
0.600000
0.529412
0.313725
0.168627
0.231373
0.537255
0.611765
0.341176
0.262745
0.960784
0.933333
0.909804
0.886275
0.874510
0.835294
0.823529
0.870588
0.886275
0.870588
0.807843
0.792157
0.694118
0.670588
0.819608
0.784314
0.682353
0.631373
0.627451
0.466667
0.313725
0.305882
0.278431
0.282353
0.364706
0.356863
0.247059
0.294118
0.584314
0.627451
0.337255
0.262745
0.847059
0.796078
0.725490
0.713725
0.764706
0.811765
0.847059
0.901961
0.894118
0.835294
0.788235
0.764706
0.666667
0.623529
0.788235
0.674510
0.529412
0.482353
0.419608
0.360784
0.278431
0.290196
0.274510
0.286275
0.345098
0.298039
0.254902
0.368627
0.619608
0.623529
0.337255
0.266667
0.666667
0.666667
0.670588
0.686275
0.733333
0.768627
0.788235
0.839216
0.839216
0.784314
0.768627
0.764706
0.662745
0.603922
0.745098
0.572549
0.447059
0.400000
0.321569
0.368627
0.313725
0.313725
0.270588
0.270588
0.352941
0.305882
0.254902
0.392157
0.576471
0.568627
0.321569
0.262745
0.600000
0.654902
0.686275
0.682353
0.701961
0.662745
0.701961
0.745098
0.760784
0.749020
0.752941
0.776471
0.662745
0.572549
0.713725
0.498039
0.388235
0.431373
0.333333
0.450980
0.545098
0.521569
0.482353
0.466667
0.478431
0.474510
0.392157
0.329412
0.407843
0.458824
0.301961
0.258824
0.360784
0.537255
0.647059
0.674510
0.662745
0.568627
0.635294
0.705882
0.713725
0.737255
0.749020
0.768627
0.654902
0.568627
0.725490
0.470588
0.364706
0.552941
0.521569
0.572549
0.725490
0.819608
0.839216
0.831373
0.800000
0.776471
0.717647
0.450980
0.274510
0.356863
0.290196
0.254902
0.196078
0.454902
0.623529
0.666667
0.619608
0.592157
0.647059
0.682353
0.690196
0.721569
0.741176
0.729412
0.627451
0.572549
0.729412
0.458824
0.364706
0.568627
0.572549
0.627451
0.658824
0.811765
0.901961
0.929412
0.850980
0.780392
0.760784
0.666667
0.474510
0.329412
0.266667
0.247059
0.266667
0.400000
0.486275
0.556863
0.498039
0.278431
0.352941
0.509804
0.572549
0.627451
0.674510
0.682353
0.568627
0.505882
0.709804
0.462745
0.360784
0.537255
0.584314
0.678431
0.682353
0.772549
0.847059
0.878431
0.858824
0.760784
0.686275
0.619608
0.682353
0.400000
0.192157
0.247059
0.345098
0.231373
0.168627
0.168627
0.239216
0.192157
0.133333
0.235294
0.333333
0.376471
0.443137
0.470588
0.458824
0.462745
0.670588
0.443137
0.349020
0.545098
0.674510
0.725490
0.772549
0.811765
0.827451
0.827451
0.772549
0.474510
0.411765
0.419608
0.388235
0.345098
0.192157
0.235294
0.372549
0.247059
0.156863
0.105882
0.145098
0.203922
0.164706
0.141176
0.145098
0.133333
0.211765
0.254902
0.270588
0.423529
0.686275
0.427451
0.301961
0.419608
0.560784
0.745098
0.874510
0.866667
0.850980
0.835294
0.701961
0.364706
0.384314
0.450980
0.325490
0.305882
0.164706
0.211765
0.380392
0.290196
0.188235
0.117647
0.176471
0.211765
0.172549
0.133333
0.078431
0.090196
0.172549
0.156863
0.133333
0.298039
0.584314
0.403922
0.250980
0.317647
0.588235
0.839216
0.913725
0.901961
0.901961
0.890196
0.721569
0.407843
0.427451
0.474510
0.380392
0.415686
0.243137
0.184314
0.360784
0.317647
0.239216
0.184314
0.223529
0.250980
0.219608
0.160784
0.070588
0.058824
0.168627
0.168627
0.192157
0.235294
0.329412
0.258824
0.258824
0.466667
0.623529
0.686275
0.866667
0.831373
0.749020
0.729412
0.643137
0.458824
0.423529
0.450980
0.423529
0.545098
0.423529
0.196078
0.333333
0.337255
0.341176
0.321569
0.286275
0.235294
0.184314
0.121569
0.050980
0.098039
0.219608
0.196078
0.180392
0.207843
0.305882
0.188235
0.250980
0.380392
0.290196
0.309804
0.639216
0.639216
0.525490
0.517647
0.501961
0.447059
0.380392
0.392157
0.435294
0.525490
0.419608
0.176471
0.313725
0.313725
0.317647
0.309804
0.317647
0.294118
0.231373
0.188235
0.149020
0.188235
0.266667
0.294118
0.164706
0.141176
0.274510
0.160784
0.156863
0.168627
0.133333
0.215686
0.345098
0.447059
0.431373
0.435294
0.435294
0.427451
0.392157
0.384314
0.431373
0.482353
0.388235
0.156863
0.313725
0.301961
0.298039
0.301961
0.313725
0.321569
0.305882
0.278431
0.235294
0.203922
0.172549
0.243137
0.113725
0.078431
0.164706
0.152941
0.176471
0.086275
0.192157
0.403922
0.266667
0.400000
0.427451
0.419608
0.427451
0.466667
0.431373
0.349020
0.431373
0.447059
0.329412
0.196078
0.321569
0.309804
0.305882
0.301961
0.305882
0.309804
0.321569
0.325490
0.317647
0.290196
0.235294
0.196078
0.098039
0.062745
0.062745
0.082353
0.113725
0.070588
0.223529
0.411765
0.203922
0.329412
0.400000
0.407843
0.407843
0.419608
0.360784
0.294118
0.372549
0.403922
0.298039
0.301961
0.325490
0.317647
0.313725
0.309804
0.305882
0.301961
0.313725
0.337255
0.356863
0.368627
0.356863
0.329412
0.294118
0.243137
0.180392
0.121569
0.074510
0.047059
0.184314
0.278431
0.105882
0.211765
0.317647
0.356863
0.372549
0.368627
0.325490
0.309804
0.321569
0.333333
0.333333
0.380392
0.321569
0.325490
0.333333
0.317647
0.309804
0.301961
0.301961
0.309804
0.325490
0.345098
0.352941
0.352941
0.345098
0.341176
0.313725
0.258824
0.192157
0.109804
0.152941
0.196078
0.050980
0.050980
0.109804
0.172549
0.211765
0.223529
0.188235
0.133333
0.125490
0.192157
0.329412
0.380392
0.321569
0.321569
0.337255
0.337255
0.321569
0.313725
0.309804
0.309804
0.317647
0.321569
0.329412
0.337255
0.352941
0.368627
0.364706
0.349020
0.329412
0.278431
0.223529
0.152941
0.062745
0.035294
0.027451
0.039216
0.047059
0.058824
0.058824
0.023529
0.039216
0.184314
0.313725
0.337255
0.321569
0.321569
0.325490
0.329412
0.337255
0.333333
0.321569
0.313725
0.313725
0.309804
0.309804
0.317647
0.329412
0.360784
0.380392
0.392157
0.400000
0.384314
0.349020
0.290196
0.239216
0.200000
0.168627
0.152941
0.137255
0.129412
0.141176
0.149020
0.168627
0.235294
0.294118
0.321569
0.329412
0.321569
0.317647
0.321569
0.333333
0.341176
0.333333
0.321569
0.321569
0.321569
0.317647
0.313725
0.317647
0.325490
0.341176
0.372549
0.403922
0.415686
0.411765
0.400000
0.392157
0.364706
0.341176
0.325490
0.313725
0.309804
0.317647
0.313725
0.313725
0.317647
0.329412
0.345098
0.345098
0.333333
0.325490
0.329412
0.333333
0.333333
0.337255
0.329412
0.325490
0.325490
0.325490
0.321569
0.325490
0.321569
0.317647
0.333333
0.352941
0.376471
0.403922
0.415686
0.419608
0.407843
0.392157
0.388235
0.380392
0.372549
0.372549
0.364706
0.364706
0.368627
0.364706
0.360784
0.368627
0.360784
0.345098
0.345098
0.345098
0.333333
0.341176
0.345098
0.345098
0.345098
0.341176
0.333333
0.337255
0.329412
0.321569
0.329412
0.329412
0.329412
0.345098
0.368627
0.400000
0.415686
0.411765
0.411765
0.415686
0.400000
0.392157
0.388235
0.388235
0.388235
0.388235
0.380392
0.356863
0.352941
0.352941
0.341176
0.341176
0.341176
0.337255
0.341176
0.352941
0.352941
0.349020
0.349020
0.333333
0.333333
0.325490
0.325490
0.325490
0.317647
0.313725
0.321569
0.321569
0.356863
0.392157
0.403922
0.411765
0.411765
0.407843
0.407843
0.400000
0.388235
0.388235
0.388235
