0.996078
0.949020
0.952941
0.964706
0.964706
0.964706
0.964706
0.964706
0.964706
0.964706
0.964706
0.964706
0.964706
0.960784
0.964706
0.960784
0.956863
0.960784
0.960784
0.960784
0.960784
0.956863
0.960784
0.964706
0.964706
0.964706
0.964706
0.960784
0.949020
0.945098
0.960784
0.992157
0.964706
0.901961
0.898039
0.905882
0.905882
0.905882
0.905882
0.901961
0.905882
0.905882
0.905882
0.905882
0.905882
0.905882
0.909804
0.905882
0.901961
0.901961
0.905882
0.905882
0.901961
0.901961
0.905882
0.905882
0.890196
0.905882
0.905882
0.905882
0.894118
0.890196
0.909804
0.952941
0.972549
0.905882
0.890196
0.898039
0.901961
0.901961
0.898039
0.898039
0.898039
0.901961
0.901961
0.901961
0.901961
0.905882
0.905882
0.901961
0.898039
0.898039
0.901961
0.901961
0.901961
0.901961
0.901961
0.898039
0.866667
0.901961
0.901961
0.901961
0.894118
0.890196
0.905882
0.952941
0.988235
0.917647
0.901961
0.901961
0.909804
0.909804
0.909804
0.913725
0.909804
0.909804
0.913725
0.913725
0.909804
0.913725
0.913725
0.913725
0.913725
0.913725
0.913725
0.913725
0.913725
0.909804
0.917647
0.917647
0.882353
0.909804
0.909804
0.913725
0.909804
0.905882
0.925490
0.964706
0.980392
0.933333
0.921569
0.921569
0.921569
0.925490
0.913725
0.909804
0.921569
0.929412
0.945098
0.941176
0.929412
0.929412
0.937255
0.933333
0.929412
0.925490
0.917647
0.917647
0.909804
0.882353
0.886275
0.913725
0.905882
0.921569
0.917647
0.917647
0.917647
0.921569
0.933333
0.960784
0.980392
0.945098
0.937255
0.933333
0.933333
0.937255
0.917647
0.901961
0.933333
0.949020
0.956863
0.945098
0.909804
0.901961
0.901961
0.878431
0.854902
0.827451
0.796078
0.800000
0.784314
0.745098
0.768627
0.815686
0.835294
0.882353
0.917647
0.933333
0.925490
0.933333
0.941176
0.960784
0.984314
0.952941
0.949020
0.945098
0.945098
0.945098
0.933333
0.917647
0.952941
0.956863
0.937255
0.850980
0.784314
0.772549
0.756863
0.745098
0.737255
0.725490
0.709804
0.678431
0.650980
0.647059
0.694118
0.717647
0.698039
0.819608
0.925490
0.941176
0.937255
0.945098
0.952941
0.972549
0.992157
0.960784
0.956863
0.952941
0.949020
0.952941
0.941176
0.929412
0.960784
0.949020
0.827451
0.674510
0.666667
0.650980
0.647059
0.647059
0.647059
0.650980
0.639216
0.596078
0.560784
0.588235
0.674510
0.690196
0.686275
0.870588
0.952941
0.921569
0.945098
0.952941
0.960784
0.976471
0.996078
0.964706
0.960784
0.960784
0.960784
0.964706
0.949020
0.937255
0.956863
0.874510
0.647059
0.568627
0.584314
0.584314
0.592157
0.600000
0.611765
0.631373
0.639216
0.600000
0.564706
0.549020
0.690196
0.752941
0.709804
0.870588
0.960784
0.917647
0.937255
0.960784
0.964706
0.980392
1.000000
0.976471
0.976471
0.976471
0.976471
0.972549
0.952941
0.949020
0.917647
0.717647
0.611765
0.592157
0.568627
0.552941
0.521569
0.482353
0.454902
0.427451
0.388235
0.337255
0.305882
0.352941
0.474510
0.600000
0.674510
0.858824
0.952941
0.941176
0.945098
0.972549
0.972549
0.984314
1.000000
0.984314
0.984314
0.984314
0.984314
0.980392
0.949020
0.921569
0.800000
0.423529
0.270588
0.215686
0.176471
0.160784
0.117647
0.082353
0.062745
0.062745
0.082353
0.121569
0.211765
0.286275
0.250980
0.360784
0.435294
0.760784
0.941176
0.941176
0.964706
0.984314
0.980392
0.988235
1.000000
0.984314
0.984314
0.988235
0.988235
0.980392
0.925490
0.760784
0.772549
0.478431
0.415686
0.278431
0.294118
0.345098
0.325490
0.384314
0.415686
0.439216
0.470588
0.509804
0.486275
0.345098
0.172549
0.250980
0.184314
0.611765
0.921569
0.929412
0.960784
0.984314
0.988235
0.992157
1.000000
0.984314
0.988235
0.988235
0.988235
0.984314
0.898039
0.572549
0.733333
0.650980
0.768627
0.615686
0.549020
0.537255
0.533333
0.600000
0.596078
0.572549
0.549020
0.541176
0.462745
0.349020
0.172549
0.203922
0.105882
0.537255
0.917647
0.941176
0.952941
0.984314
0.988235
0.988235
1.000000
0.984314
0.988235
0.992157
0.992157
0.988235
0.886275
0.521569
0.686275
0.670588
0.788235
0.635294
0.525490
0.505882
0.505882
0.533333
0.533333
0.533333
0.521569
0.525490
0.458824
0.372549
0.184314
0.203922
0.039216
0.482353
0.913725
0.933333
0.949020
0.984314
0.988235
0.988235
1.000000
0.996078
0.996078
0.984314
0.984314
1.000000
0.905882
0.470588
0.560784
0.509804
0.545098
0.501961
0.490196
0.450980
0.447059
0.403922
0.329412
0.372549
0.450980
0.458824
0.439216
0.360784
0.305882
0.227451
0.188235
0.568627
0.913725
0.898039
0.925490
0.984314
0.992157
0.992157
0.968627
0.917647
0.890196
0.847059
0.858824
0.921569
0.796078
0.427451
0.423529
0.458824
0.513725
0.521569
0.533333
0.458824
0.466667
0.411765
0.356863
0.411765
0.439216
0.513725
0.498039
0.294118
0.309804
0.211765
0.474510
0.737255
0.913725
0.909804
0.901961
0.949020
0.968627
0.980392
0.878431
0.701961
0.666667
0.647059
0.619608
0.678431
0.623529
0.556863
0.600000
0.647059
0.686275
0.682353
0.666667
0.600000
0.592157
0.639216
0.600000
0.450980
0.360784
0.427451
0.380392
0.294118
0.282353
0.172549
0.498039
0.737255
0.850980
0.854902
0.807843
0.721569
0.737255
0.866667
0.866667
0.682353
0.643137
0.615686
0.611765
0.650980
0.662745
0.603922
0.568627
0.521569
0.529412
0.541176
0.552941
0.545098
0.466667
0.486275
0.584314
0.317647
0.188235
0.258824
0.254902
0.290196
0.290196
0.164706
0.286275
0.615686
0.780392
0.780392
0.729412
0.568627
0.588235
0.792157
0.870588
0.678431
0.639216
0.627451
0.615686
0.619608
0.603922
0.600000
0.600000
0.494118
0.525490
0.635294
0.639216
0.564706
0.298039
0.164706
0.203922
0.137255
0.227451
0.258824
0.219608
0.223529
0.227451
0.176471
0.200000
0.556863
0.819608
0.741176
0.631373
0.529412
0.560784
0.788235
0.874510
0.682353
0.635294
0.631373
0.635294
0.584314
0.501961
0.478431
0.494118
0.470588
0.470588
0.513725
0.509804
0.478431
0.262745
0.105882
0.050980
0.160784
0.309804
0.294118
0.309804
0.364706
0.247059
0.152941
0.207843
0.423529
0.482353
0.266667
0.431373
0.556863
0.588235
0.800000
0.866667
0.666667
0.627451
0.650980
0.682353
0.580392
0.474510
0.470588
0.474510
0.478431
0.474510
0.478431
0.470588
0.447059
0.219608
0.117647
0.211765
0.309804
0.215686
0.313725
0.360784
0.403922
0.317647
0.172549
0.447059
0.352941
0.047059
0.047059
0.400000
0.600000
0.619608
0.807843
0.862745
0.654902
0.623529
0.745098
0.839216
0.564706
0.450980
0.466667
0.462745
0.462745
0.466667
0.470588
0.474510
0.450980
0.325490
0.529412
0.654902
0.639216
0.643137
0.607843
0.349020
0.247059
0.145098
0.349020
0.541176
0.368627
0.050980
0.078431
0.470588
0.568627
0.576471
0.792157
0.866667
0.670588
0.627451
0.749020
0.796078
0.505882
0.458824
0.482353
0.478431
0.490196
0.490196
0.494118
0.498039
0.462745
0.431373
0.772549
0.878431
0.847059
0.901961
0.662745
0.294118
0.121569
0.062745
0.325490
0.403922
0.235294
0.090196
0.105882
0.352941
0.435294
0.505882
0.760784
0.854902
0.635294
0.584314
0.600000
0.564706
0.364706
0.313725
0.396078
0.419608
0.443137
0.454902
0.462745
0.462745
0.360784
0.341176
0.658824
0.721569
0.839216
0.717647
0.466667
0.180392
0.098039
0.129412
0.207843
0.462745
0.521569
0.337255
0.317647
0.388235
0.411765
0.494118
0.752941
0.866667
0.647059
0.552941
0.407843
0.349020
0.313725
0.278431
0.286275
0.282353
0.266667
0.258824
0.247059
0.227451
0.188235
0.243137
0.396078
0.396078
0.400000
0.360784
0.278431
0.172549
0.427451
0.321569
0.341176
0.780392
0.603922
0.388235
0.435294
0.470588
0.462745
0.505882
0.756863
0.870588
0.662745
0.552941
0.290196
0.207843
0.239216
0.258824
0.290196
0.301961
0.305882
0.325490
0.337255
0.341176
0.337255
0.329412
0.337255
0.321569
0.290196
0.301961
0.239216
0.164706
0.623529
0.560784
0.368627
0.580392
0.356863
0.400000
0.474510
0.509804
0.490196
0.517647
0.768627
0.862745
0.631373
0.537255
0.266667
0.172549
0.200000
0.070588
0.015686
0.031373
0.058824
0.070588
0.074510
0.098039
0.101961
0.098039
0.164706
0.156863
0.098039
0.098039
0.074510
0.176471
0.584314
0.552941
0.200000
0.196078
0.360784
0.462745
0.501961
0.521569
0.525490
0.560784
0.784314
0.858824
0.631373
0.572549
0.415686
0.164706
0.152941
0.125490
0.086275
0.086275
0.141176
0.133333
0.066667
0.062745
0.070588
0.125490
0.196078
0.176471
0.062745
0.066667
0.078431
0.200000
0.513725
0.462745
0.215686
0.337255
0.454902
0.482353
0.517647
0.517647
0.509804
0.552941
0.788235
0.854902
0.631373
0.541176
0.509804
0.388235
0.223529
0.125490
0.152941
0.137255
0.137255
0.145098
0.117647
0.117647
0.101961
0.098039
0.086275
0.078431
0.078431
0.078431
0.109804
0.188235
0.415686
0.345098
0.294118
0.466667
0.509804
0.517647
0.525490
0.537255
0.529412
0.560784
0.788235
0.839216
0.584314
0.525490
0.494118
0.411765
0.294118
0.192157
0.149020
0.113725
0.090196
0.086275
0.082353
0.074510
0.062745
0.058824
0.062745
0.058824
0.058824
0.062745
0.074510
0.098039
0.192157
0.282353
0.407843
0.482353
0.517647
0.541176
0.552941
0.572549
0.584314
0.639216
0.831373
0.862745
0.643137
0.607843
0.584314
0.501961
0.443137
0.411765
0.372549
0.329412
0.286275
0.266667
0.250980
0.223529
0.192157
0.203922
0.203922
0.200000
0.200000
0.219608
0.247059
0.309804
0.380392
0.494118
0.533333
0.556863
0.580392
0.588235
0.607843
0.627451
0.631373
0.678431
0.858824
0.941176
0.819608
0.800000
0.792157
0.784314
0.780392
0.772549
0.760784
0.749020
0.741176
0.733333
0.705882
0.682353
0.662745
0.658824
0.654902
0.666667
0.666667
0.686275
0.717647
0.756863
0.784314
0.788235
0.788235
0.803922
0.803922
0.800000
0.811765
0.815686
0.811765
0.831373
0.921569
1.000000
1.000000
1.000000
0.996078
0.996078
0.996078
0.996078
0.996078
0.996078
0.996078
0.996078
0.996078
0.996078
0.996078
0.996078
0.996078
0.992157
0.992157
0.996078
0.996078
0.992157
0.992157
0.996078
0.996078
1.000000
0.996078
0.996078
1.000000
1.000000
1.000000
1.000000
1.000000
1.000000
0.984314
0.980392
0.976471
0.972549
0.972549
0.972549
0.968627
0.972549
0.972549
0.972549
0.972549
0.972549
0.972549
0.976471
0.972549
0.968627
0.968627
0.972549
0.972549
0.968627
0.968627
0.972549
0.972549
0.956863
0.972549
0.972549
0.968627
0.972549
0.976471
0.976471
0.980392
1.000000
0.980392
0.984314
0.980392
0.976471
0.976471
0.972549
0.972549
0.972549
0.976471
0.976471
0.976471
0.976471
0.980392
0.980392
0.976471
0.972549
0.972549
0.976471
0.976471
0.976471
0.976471
0.976471
0.972549
0.941176
0.976471
0.976471
0.972549
0.972549
0.976471
0.972549
0.984314
1.000000
0.976471
0.976471
0.976471
0.976471
0.976471
0.976471
0.976471
0.976471
0.976471
0.972549
0.976471
0.976471
0.976471
0.976471
0.976471
0.976471
0.976471
0.976471
0.976471
0.976471
0.976471
0.980392
0.976471
0.941176
0.972549
0.976471
0.972549
0.976471
0.980392
0.976471
0.984314
1.000000
0.984314
0.980392
0.984314
0.980392
0.984314
0.972549
0.968627
0.980392
0.976471
0.968627
0.968627
0.980392
0.976471
0.976471
0.976471
0.968627
0.968627
0.960784
0.960784
0.964706
0.960784
0.949020
0.949020
0.949020
0.976471
0.980392
0.984314
0.984314
0.984314
0.980392
0.988235
1.000000
0.984314
0.988235
0.988235
0.988235
0.988235
0.968627
0.956863
0.984314
0.980392
0.976471
0.980392
0.972549
0.956863
0.945098
0.921569
0.898039
0.874510
0.874510
0.890196
0.886275
0.858824
0.862745
0.878431
0.886275
0.925490
0.956863
0.992157
0.992157
0.988235
0.984314
0.996078
1.000000
0.984314
0.988235
0.988235
0.984314
0.988235
0.976471
0.960784
0.984314
0.984314
0.988235
0.929412
0.886275
0.870588
0.850980
0.839216
0.831373
0.827451
0.843137
0.843137
0.823529
0.807843
0.819608
0.811765
0.764706
0.850980
0.933333
0.976471
0.992157
0.988235
0.988235
0.992157
1.000000
0.984314
0.988235
0.988235
0.984314
0.984314
0.976471
0.964706
0.988235
0.992157
0.925490
0.819608
0.831373
0.823529
0.819608
0.819608
0.819608
0.823529
0.823529
0.811765
0.784314
0.764706
0.800000
0.784314
0.752941
0.901961
0.956863
0.949020
0.988235
0.988235
0.984314
0.988235
1.000000
0.980392
0.984314
0.988235
0.984314
0.988235
0.972549
0.960784
0.992157
0.956863
0.807843
0.776471
0.800000
0.807843
0.823529
0.831373
0.843137
0.850980
0.835294
0.831373
0.807843
0.737255
0.796078
0.823529
0.768627
0.901961
0.980392
0.949020
0.972549
0.984314
0.980392
0.988235
1.000000
0.988235
0.988235
0.984314
0.984314
0.988235
0.972549
0.968627
0.964706
0.827451
0.788235
0.796078
0.749020
0.705882
0.666667
0.635294
0.603922
0.572549
0.517647
0.470588
0.486275
0.525490
0.564706
0.682353
0.764706
0.890196
0.968627
0.949020
0.952941
0.980392
0.980392
0.992157
1.000000
0.992157
0.992157
0.992157
0.988235
0.992157
0.972549
0.952941
0.835294
0.482353
0.372549
0.313725
0.243137
0.211765
0.172549
0.133333
0.117647
0.117647
0.121569
0.149020
0.294118
0.368627
0.321569
0.537255
0.631373
0.847059
0.968627
0.945098
0.968627
0.988235
0.988235
0.996078
1.000000
0.992157
0.992157
0.992157
0.988235
0.996078
0.960784
0.815686
0.831373
0.560784
0.509804
0.360784
0.356863
0.411765
0.400000
0.458824
0.486275
0.513725
0.525490
0.552941
0.584314
0.415686
0.274510
0.529412
0.498039
0.780392
0.968627
0.929412
0.964706
0.988235
0.992157
0.996078
1.000000
0.992157
0.996078
0.992157
0.988235
1.000000
0.945098
0.643137
0.831373
0.776471
0.901961
0.752941
0.686275
0.658824
0.647059
0.709804
0.709804
0.698039
0.670588
0.647059
0.611765
0.462745
0.298039
0.501961
0.474510
0.749020
0.960784
0.929412
0.956863
0.988235
0.996078
0.996078
1.000000
0.992157
0.996078
0.996078
0.992157
1.000000
0.937255
0.603922
0.776471
0.764706
0.894118
0.760784
0.674510
0.623529
0.596078
0.623529
0.619608
0.631373
0.647059
0.643137
0.611765
0.490196
0.301961
0.482353
0.392157
0.678431
0.949020
0.921569
0.952941
0.988235
0.992157
0.992157
1.000000
1.000000
1.000000
0.996078
0.996078
1.000000
0.945098
0.549020
0.643137
0.607843
0.647059
0.607843
0.600000
0.549020
0.509804
0.490196
0.458824
0.501961
0.611765
0.619608
0.592157
0.498039
0.482353
0.494118
0.419608
0.658824
0.941176
0.921569
0.941176
0.988235
0.988235
0.988235
0.972549
0.925490
0.898039
0.858824
0.866667
0.913725
0.839216
0.501961
0.486275
0.525490
0.580392
0.588235
0.600000
0.517647
0.490196
0.462745
0.509804
0.662745
0.674510
0.670588
0.607843
0.431373
0.501961
0.447059
0.650980
0.776471
0.909804
0.941176
0.945098
0.976471
0.988235
0.992157
0.890196
0.725490
0.690196
0.666667
0.623529
0.678431
0.682353
0.650980
0.678431
0.729412
0.772549
0.764706
0.756863
0.741176
0.737255
0.709804
0.705882
0.713725
0.647059
0.592157
0.470588
0.439216
0.505882
0.443137
0.721569
0.823529
0.890196
0.905882
0.862745
0.776471
0.784314
0.898039
0.886275
0.713725
0.678431
0.650980
0.647059
0.674510
0.756863
0.737255
0.745098
0.752941
0.760784
0.772549
0.780392
0.788235
0.788235
0.717647
0.729412
0.576471
0.478431
0.474510
0.427451
0.486275
0.545098
0.470588
0.545098
0.737255
0.850980
0.831373
0.776471
0.627451
0.635294
0.819608
0.890196
0.717647
0.682353
0.674510
0.686275
0.678431
0.713725
0.749020
0.721569
0.603922
0.631373
0.741176
0.737255
0.709804
0.666667
0.529412
0.494118
0.474510
0.482353
0.501961
0.470588
0.466667
0.466667
0.439216
0.423529
0.647059
0.854902
0.768627
0.670588
0.580392
0.603922
0.815686
0.890196
0.725490
0.690196
0.670588
0.698039
0.690196
0.564706
0.498039
0.505882
0.474510
0.470588
0.517647
0.501961
0.556863
0.615686
0.454902
0.407843
0.509804
0.568627
0.549020
0.564706
0.592157
0.443137
0.384314
0.423529
0.501961
0.501961
0.298039
0.490196
0.639216
0.666667
0.847059
0.886275
0.713725
0.682353
0.686275
0.741176
0.690196
0.517647
0.447059
0.470588
0.482353
0.478431
0.486275
0.470588
0.549020
0.615686
0.486275
0.533333
0.603922
0.549020
0.619608
0.647059
0.623529
0.470588
0.364706
0.643137
0.419608
0.062745
0.074510
0.458824
0.690196
0.701961
0.854902
0.886275
0.701961
0.670588
0.768627
0.886275
0.662745
0.494118
0.447059
0.462745
0.474510
0.478431
0.482353
0.474510
0.525490
0.639216
0.768627
0.800000
0.749020
0.788235
0.745098
0.576471
0.470588
0.254902
0.490196
0.698039
0.423529
0.066667
0.098039
0.517647
0.650980
0.650980
0.831373
0.890196
0.713725
0.674510
0.752941
0.811765
0.596078
0.505882
0.494118
0.505882
0.513725
0.513725
0.521569
0.513725
0.525490
0.619608
0.788235
0.850980
0.847059
0.827451
0.560784
0.400000
0.290196
0.117647
0.423529
0.529412
0.274510
0.109804
0.137255
0.396078
0.501961
0.564706
0.792157
0.878431
0.682353
0.639216
0.619608
0.584314
0.447059
0.384314
0.447059
0.478431
0.494118
0.505882
0.513725
0.513725
0.466667
0.482353
0.592157
0.662745
0.874510
0.666667
0.372549
0.247059
0.188235
0.137255
0.270588
0.556863
0.556863
0.364706
0.356863
0.427451
0.458824
0.541176
0.784314
0.874510
0.686275
0.627451
0.494118
0.450980
0.423529
0.388235
0.388235
0.400000
0.403922
0.396078
0.388235
0.376471
0.356863
0.380392
0.458824
0.462745
0.505882
0.454902
0.400000
0.294118
0.494118
0.341176
0.372549
0.831373
0.647059
0.419608
0.458824
0.490196
0.498039
0.549020
0.788235
0.874510
0.690196
0.611765
0.368627
0.309804
0.345098
0.364706
0.396078
0.423529
0.443137
0.458824
0.470588
0.482353
0.482353
0.447059
0.435294
0.435294
0.431373
0.447059
0.400000
0.290196
0.682353
0.584314
0.388235
0.619608
0.400000
0.439216
0.501961
0.529412
0.521569
0.560784
0.796078
0.866667
0.647059
0.576471
0.325490
0.247059
0.274510
0.145098
0.086275
0.101961
0.129412
0.145098
0.145098
0.172549
0.196078
0.200000
0.270588
0.294118
0.254902
0.250980
0.211765
0.278431
0.627451
0.568627
0.219608
0.227451
0.396078
0.509804
0.533333
0.541176
0.556863
0.603922
0.807843
0.862745
0.643137
0.603922
0.462745
0.215686
0.192157
0.156863
0.113725
0.117647
0.184314
0.180392
0.109804
0.105882
0.121569
0.200000
0.286275
0.278431
0.172549
0.168627
0.156863
0.262745
0.545098
0.486275
0.243137
0.356863
0.486275
0.529412
0.552941
0.537255
0.545098
0.596078
0.811765
0.854902
0.643137
0.568627
0.549020
0.435294
0.250980
0.137255
0.156863
0.152941
0.160784
0.164706
0.137255
0.137255
0.137255
0.152941
0.149020
0.137255
0.129412
0.117647
0.129412
0.211765
0.431373
0.368627
0.325490
0.490196
0.537255
0.556863
0.560784
0.560784
0.560784
0.592157
0.807843
0.847059
0.600000
0.537255
0.509804
0.450980
0.325490
0.207843
0.152941
0.117647
0.098039
0.090196
0.086275
0.074510
0.066667
0.062745
0.066667
0.062745
0.058824
0.062745
0.078431
0.105882
0.200000
0.298039
0.439216
0.513725
0.556863
0.580392
0.584314
0.600000
0.611765
0.650980
0.831373
0.866667
0.650980
0.611765
0.588235
0.533333
0.470588
0.435294
0.388235
0.337255
0.298039
0.274510
0.258824
0.227451
0.200000
0.207843
0.207843
0.203922
0.207843
0.227451
0.262745
0.329412
0.407843
0.521569
0.564706
0.588235
0.615686
0.623529
0.631373
0.643137
0.647059
0.682353
0.854902
0.945098
0.827451
0.796078
0.788235
0.796078
0.792157
0.780392
0.768627
0.756863
0.752941
0.749020
0.717647
0.690196
0.670588
0.666667
0.662745
0.674510
0.674510
0.694118
0.729412
0.772549
0.807843
0.807843
0.800000
0.815686
0.819608
0.815686
0.823529
0.827451
0.823529
0.839216
0.925490
1.000000
1.000000
1.000000
1.000000
1.000000
1.000000
1.000000
1.000000
1.000000
1.000000
1.000000
1.000000
1.000000
1.000000
1.000000
1.000000
1.000000
1.000000
1.000000
1.000000
1.000000
1.000000
1.000000
1.000000
1.000000
1.000000
1.000000
1.000000
1.000000
1.000000
1.000000
1.000000
1.000000
0.976471
0.984314
0.988235
0.996078
0.996078
0.996078
0.996078
0.996078
0.996078
0.996078
0.996078
0.996078
0.996078
0.996078
0.996078
0.992157
0.992157
0.996078
0.996078
0.996078
0.992157
0.996078
0.992157
0.980392
0.996078
0.996078
0.996078
0.996078
0.996078
0.996078
1.000000
1.000000
0.988235
0.992157
1.000000
1.000000
1.000000
0.996078
0.996078
0.996078
1.000000
1.000000
1.000000
1.000000
1.000000
1.000000
0.996078
0.996078
0.996078
1.000000
1.000000
0.996078
0.996078
0.996078
0.992157
0.960784
0.996078
1.000000
0.996078
0.996078
0.996078
1.000000
1.000000
1.000000
0.992157
0.996078
0.996078
0.988235
0.988235
0.988235
0.988235
0.992157
0.988235
0.988235
0.988235
0.988235
0.988235
0.988235
0.988235
0.988235
0.992157
0.988235
0.992157
0.988235
0.988235
0.992157
0.992157
0.956863
0.988235
0.988235
0.988235
0.988235
0.988235
0.992157
1.000000
1.000000
0.984314
0.988235
0.988235
0.984314
0.988235
0.976471
0.972549
0.992157
0.996078
0.988235
0.980392
0.980392
0.988235
0.996078
0.992157
0.992157
0.988235
0.980392
0.984314
0.980392
0.968627
0.972549
0.984314
0.976471
0.988235
0.980392
0.980392
0.988235
0.984314
0.988235
0.996078
1.000000
0.984314
0.988235
0.992157
0.992157
0.992157
0.976471
0.960784
0.988235
0.992157
0.988235
0.984314
0.972549
0.980392
0.980392
0.960784
0.941176
0.917647
0.917647
0.929412
0.921569
0.890196
0.905882
0.929412
0.917647
0.937255
0.956863
0.988235
0.992157
0.992157
0.992157
1.000000
1.000000
0.988235
0.996078
0.996078
0.992157
0.996078
0.980392
0.968627
0.988235
0.984314
0.992157
0.949020
0.913725
0.921569
0.913725
0.901961
0.894118
0.890196
0.909804
0.898039
0.878431
0.866667
0.878431
0.850980
0.796078
0.870588
0.949020
0.980392
0.996078
0.996078
0.996078
1.000000
1.000000
0.988235
1.000000
1.000000
0.996078
0.996078
0.984314
0.972549
0.992157
0.996078
0.945098
0.870588
0.901961
0.898039
0.894118
0.894118
0.894118
0.898039
0.894118
0.870588
0.839216
0.839216
0.866667
0.819608
0.784314
0.921569
0.968627
0.956863
0.996078
0.996078
0.996078
1.000000
1.000000
0.988235
0.996078
1.000000
1.000000
1.000000
0.984314
0.968627
1.000000
0.972549
0.850980
0.850980
0.890196
0.886275
0.886275
0.894118
0.905882
0.913725
0.890196
0.874510
0.847059
0.800000
0.862745
0.870588
0.803922
0.921569
0.988235
0.956863
0.980392
0.996078
0.996078
1.000000
1.000000
0.984314
0.988235
0.988235
0.996078
0.996078
0.976471
0.964706
0.972549
0.866667
0.847059
0.831373
0.756863
0.729412
0.686275
0.631373
0.615686
0.603922
0.541176
0.498039
0.509804
0.564706
0.615686
0.741176
0.827451
0.913725
0.984314
0.972549
0.968627
0.992157
0.984314
0.988235
1.000000
0.988235
0.988235
0.992157
0.996078
1.000000
0.976471
0.952941
0.847059
0.521569
0.431373
0.352941
0.247059
0.239216
0.203922
0.149020
0.145098
0.164706
0.168627
0.203922
0.337255
0.427451
0.396078
0.631373
0.721569
0.874510
0.980392
0.972549
0.984314
0.996078
0.988235
0.988235
1.000000
0.988235
0.988235
0.992157
0.996078
1.000000
0.964706
0.827451
0.839216
0.572549
0.541176
0.392157
0.372549
0.439216
0.439216
0.498039
0.529412
0.552941
0.580392
0.615686
0.627451
0.462745
0.356863
0.643137
0.603922
0.811765
0.972549
0.949020
0.984314
1.000000
0.992157
0.992157
1.000000
0.988235
0.992157
0.988235
0.992157
1.000000
0.952941
0.666667
0.839216
0.780392
0.909804
0.772549
0.709804
0.682353
0.682353
0.760784
0.749020
0.721569
0.713725
0.694118
0.631373
0.482353
0.352941
0.607843
0.584314
0.784314
0.964706
0.949020
0.976471
1.000000
0.996078
0.988235
1.000000
0.988235
0.992157
0.996078
0.992157
1.000000
0.949020
0.635294
0.803922
0.800000
0.929412
0.803922
0.721569
0.662745
0.650980
0.698039
0.686275
0.678431
0.698039
0.698039
0.643137
0.517647
0.349020
0.564706
0.490196
0.717647
0.964706
0.941176
0.972549
1.000000
0.996078
0.988235
1.000000
0.980392
0.984314
0.992157
0.992157
0.996078
0.956863
0.588235
0.678431
0.647059
0.682353
0.647059
0.643137
0.596078
0.576471
0.568627
0.537255
0.584314
0.678431
0.682353
0.658824
0.568627
0.552941
0.580392
0.517647
0.701961
0.968627
0.929412
0.945098
1.000000
0.996078
0.984314
0.937255
0.858824
0.839216
0.831373
0.843137
0.831373
0.803922
0.556863
0.549020
0.568627
0.623529
0.627451
0.639216
0.568627
0.568627
0.549020
0.580392
0.729412
0.760784
0.717647
0.627451
0.490196
0.588235
0.549020
0.737255
0.811765
0.945098
0.964706
0.941176
0.960784
0.968627
0.976471
0.819608
0.592157
0.552941
0.580392
0.549020
0.517647
0.588235
0.713725
0.760784
0.796078
0.854902
0.850980
0.839216
0.792157
0.780392
0.784314
0.792157
0.796078
0.752941
0.619608
0.454902
0.478431
0.596078
0.545098
0.776471
0.815686
0.898039
0.937255
0.839216
0.686275
0.690196
0.843137
0.780392
0.513725
0.470588
0.490196
0.490196
0.505882
0.698039
0.811765
0.819608
0.803922
0.815686
0.827451
0.835294
0.843137
0.823529
0.792157
0.835294
0.686275
0.572549
0.521569
0.450980
0.545098
0.639216
0.564706
0.568627
0.694118
0.835294
0.862745
0.713725
0.447059
0.447059
0.709804
0.772549
0.478431
0.423529
0.454902
0.470588
0.541176
0.705882
0.803922
0.760784
0.639216
0.666667
0.764706
0.768627
0.788235
0.733333
0.623529
0.619608
0.576471
0.560784
0.584314
0.552941
0.545098
0.568627
0.545098
0.447059
0.603922
0.843137
0.784314
0.560784
0.337255
0.352941
0.662745
0.807843
0.490196
0.396078
0.447059
0.537255
0.607843
0.584314
0.549020
0.549020
0.517647
0.513725
0.560784
0.549020
0.611765
0.709804
0.611765
0.525490
0.607843
0.670588
0.650980
0.670588
0.670588
0.533333
0.466667
0.431373
0.494118
0.505882
0.278431
0.329412
0.345098
0.384314
0.698039
0.800000
0.474510
0.396078
0.513725
0.698039
0.690196
0.568627
0.490196
0.505882
0.541176
0.537255
0.545098
0.529412
0.600000
0.686275
0.600000
0.611765
0.694118
0.619608
0.682353
0.752941
0.717647
0.556863
0.439216
0.662745
0.435294
0.078431
0.082353
0.294118
0.337255
0.388235
0.721569
0.784314
0.458824
0.411765
0.666667
0.913725
0.721569
0.568627
0.486275
0.494118
0.533333
0.537255
0.545098
0.541176
0.596078
0.694118
0.819608
0.835294
0.803922
0.827451
0.768627
0.682353
0.572549
0.313725
0.549020
0.725490
0.443137
0.070588
0.109804
0.349020
0.274510
0.321569
0.701961
0.776471
0.466667
0.447059
0.682353
0.807843
0.619608
0.564706
0.521569
0.517647
0.537255
0.541176
0.541176
0.545098
0.572549
0.650980
0.792157
0.815686
0.843137
0.792157
0.494118
0.474510
0.400000
0.137255
0.435294
0.529412
0.270588
0.074510
0.070588
0.196078
0.176471
0.274510
0.647059
0.756863
0.423529
0.411765
0.545098
0.545098
0.439216
0.419608
0.490196
0.509804
0.533333
0.549020
0.556863
0.556863
0.498039
0.482353
0.572549
0.588235
0.811765
0.541176
0.227451
0.290196
0.294118
0.137255
0.254902
0.556863
0.529412
0.266667
0.180392
0.196078
0.188235
0.286275
0.623529
0.764706
0.423529
0.380392
0.392157
0.403922
0.384314
0.364706
0.388235
0.396078
0.396078
0.392157
0.384314
0.372549
0.368627
0.392157
0.458824
0.462745
0.505882
0.400000
0.333333
0.356863
0.568627
0.329412
0.392157
0.870588
0.596078
0.235294
0.207843
0.254902
0.219608
0.270588
0.627451
0.768627
0.454902
0.384314
0.294118
0.341176
0.376471
0.380392
0.400000
0.407843
0.419608
0.439216
0.450980
0.458824
0.454902
0.411765
0.400000
0.419608
0.439216
0.462745
0.411765
0.352941
0.721569
0.584314
0.415686
0.611765
0.278431
0.192157
0.223529
0.282353
0.243137
0.282353
0.647059
0.764706
0.423529
0.341176
0.231373
0.305882
0.356863
0.219608
0.121569
0.141176
0.196078
0.211765
0.211765
0.235294
0.239216
0.227451
0.294118
0.341176
0.325490
0.321569
0.282353
0.321569
0.631373
0.580392
0.219608
0.121569
0.176471
0.211765
0.239216
0.282353
0.274510
0.337255
0.674510
0.764706
0.396078
0.301961
0.262745
0.160784
0.223529
0.239216
0.192157
0.160784
0.203922
0.200000
0.129412
0.133333
0.200000
0.282353
0.349020
0.349020
0.250980
0.247059
0.254902
0.266667
0.513725
0.494118
0.180392
0.152941
0.188235
0.215686
0.254902
0.270588
0.262745
0.333333
0.686275
0.745098
0.376471
0.227451
0.247059
0.200000
0.129412
0.113725
0.180392
0.172549
0.176471
0.184314
0.156863
0.164706
0.200000
0.207843
0.176471
0.160784
0.160784
0.180392
0.215686
0.211765
0.411765
0.349020
0.196078
0.239216
0.227451
0.262745
0.266667
0.274510
0.270588
0.345098
0.690196
0.721569
0.352941
0.243137
0.211765
0.152941
0.101961
0.078431
0.101961
0.094118
0.074510
0.078431
0.082353
0.082353
0.062745
0.050980
0.054902
0.050980
0.050980
0.066667
0.078431
0.082353
0.164706
0.188235
0.223529
0.270588
0.282353
0.290196
0.298039
0.301961
0.321569
0.435294
0.725490
0.788235
0.482353
0.407843
0.372549
0.290196
0.258824
0.270588
0.266667
0.250980
0.231373
0.215686
0.211765
0.188235
0.164706
0.176471
0.176471
0.172549
0.168627
0.160784
0.168627
0.211765
0.262745
0.337255
0.341176
0.352941
0.360784
0.352941
0.396078
0.419608
0.423529
0.517647
0.768627
0.909804
0.745098
0.694118
0.686275
0.686275
0.690196
0.686275
0.678431
0.670588
0.666667
0.666667
0.650980
0.631373
0.623529
0.623529
0.623529
0.631373
0.631373
0.643137
0.658824
0.674510
0.682353
0.686275
0.690196
0.698039
0.690196
0.678431
0.701961
0.705882
0.705882
0.741176
0.866667
