0.419608
0.596078
0.705882
0.756863
0.760784
0.729412
0.650980
0.537255
0.498039
0.494118
0.545098
0.737255
0.662745
0.678431
0.709804
0.901961
0.988235
0.964706
0.764706
0.654902
0.913725
0.968627
0.960784
0.956863
0.972549
0.941176
0.764706
0.694118
0.682353
0.572549
0.435294
0.556863
0.258824
0.305882
0.454902
0.709804
0.780392
0.768627
0.756863
0.717647
0.607843
0.494118
0.501961
0.674510
0.639216
0.690196
0.709804
0.909804
0.941176
0.780392
0.552941
0.470588
0.729412
0.937255
0.929412
0.937255
0.952941
0.933333
0.760784
0.682353
0.533333
0.486275
0.600000
0.717647
0.207843
0.235294
0.337255
0.674510
0.752941
0.600000
0.647059
0.737255
0.733333
0.662745
0.560784
0.525490
0.533333
0.670588
0.694118
0.898039
0.780392
0.478431
0.388235
0.352941
0.513725
0.815686
0.890196
0.890196
0.909804
0.894118
0.717647
0.560784
0.482353
0.607843
0.725490
0.709804
0.145098
0.172549
0.345098
0.713725
0.745098
0.447059
0.396078
0.509804
0.694118
0.745098
0.705882
0.631373
0.560784
0.560784
0.631373
0.764706
0.560784
0.364706
0.337255
0.317647
0.368627
0.650980
0.874510
0.874510
0.890196
0.850980
0.603922
0.517647
0.635294
0.690196
0.650980
0.666667
0.156863
0.200000
0.356863
0.705882
0.741176
0.447059
0.345098
0.372549
0.654902
0.592157
0.576471
0.713725
0.701961
0.611765
0.549020
0.474510
0.372549
0.329412
0.360784
0.333333
0.282353
0.572549
0.874510
0.870588
0.886275
0.788235
0.592157
0.650980
0.701961
0.568627
0.482353
0.674510
0.113725
0.172549
0.345098
0.701961
0.733333
0.411765
0.333333
0.396078
0.682353
0.466667
0.349020
0.639216
0.643137
0.709804
0.572549
0.337255
0.298039
0.290196
0.349020
0.294118
0.207843
0.415686
0.760784
0.862745
0.862745
0.815686
0.721569
0.619608
0.600000
0.529412
0.400000
0.658824
0.086275
0.129412
0.333333
0.725490
0.760784
0.388235
0.282353
0.388235
0.682353
0.427451
0.309804
0.647059
0.505882
0.596078
0.521569
0.313725
0.254902
0.266667
0.278431
0.219608
0.176471
0.258824
0.494118
0.745098
0.772549
0.760784
0.631373
0.552941
0.580392
0.549020
0.388235
0.658824
0.090196
0.125490
0.325490
0.729412
0.784314
0.407843
0.270588
0.388235
0.698039
0.419608
0.317647
0.654902
0.541176
0.600000
0.462745
0.258824
0.262745
0.313725
0.270588
0.231373
0.223529
0.211765
0.372549
0.752941
0.882353
0.831373
0.650980
0.600000
0.639216
0.552941
0.380392
0.678431
0.086275
0.117647
0.305882
0.678431
0.741176
0.423529
0.262745
0.356863
0.694118
0.403922
0.286275
0.650980
0.556863
0.623529
0.525490
0.266667
0.215686
0.274510
0.247059
0.231373
0.243137
0.243137
0.372549
0.784314
0.815686
0.745098
0.639216
0.588235
0.635294
0.556863
0.384314
0.647059
0.078431
0.113725
0.282353
0.611765
0.670588
0.333333
0.168627
0.309804
0.631373
0.368627
0.270588
0.588235
0.435294
0.549020
0.568627
0.349020
0.180392
0.215686
0.215686
0.270588
0.325490
0.254902
0.345098
0.764706
0.623529
0.501961
0.568627
0.541176
0.588235
0.513725
0.364706
0.588235
0.086275
0.113725
0.266667
0.603922
0.666667
0.290196
0.121569
0.305882
0.611765
0.360784
0.254902
0.537255
0.368627
0.470588
0.521569
0.407843
0.298039
0.345098
0.341176
0.458824
0.537255
0.329412
0.345098
0.670588
0.474510
0.345098
0.509804
0.490196
0.537255
0.470588
0.329412
0.572549
0.176471
0.168627
0.250980
0.592157
0.654902
0.290196
0.121569
0.301961
0.596078
0.372549
0.274510
0.560784
0.407843
0.443137
0.501961
0.576471
0.635294
0.674510
0.658824
0.643137
0.541176
0.423529
0.454902
0.541176
0.392157
0.427451
0.521569
0.466667
0.478431
0.447059
0.325490
0.556863
0.243137
0.231373
0.278431
0.580392
0.635294
0.341176
0.227451
0.388235
0.584314
0.462745
0.380392
0.572549
0.525490
0.486275
0.564706
0.760784
0.823529
0.827451
0.796078
0.678431
0.474510
0.411765
0.486275
0.462745
0.349020
0.482353
0.490196
0.411765
0.419608
0.419608
0.396078
0.509804
0.231373
0.317647
0.423529
0.521569
0.525490
0.380392
0.325490
0.356863
0.384314
0.333333
0.298039
0.470588
0.564706
0.454902
0.580392
0.788235
0.819608
0.847059
0.800000
0.639216
0.494118
0.478431
0.439216
0.388235
0.317647
0.454902
0.435294
0.356863
0.368627
0.360784
0.388235
0.415686
0.219608
0.294118
0.356863
0.345098
0.305882
0.266667
0.235294
0.219608
0.235294
0.290196
0.325490
0.447059
0.435294
0.384314
0.592157
0.776471
0.815686
0.819608
0.760784
0.568627
0.431373
0.505882
0.345098
0.286275
0.352941
0.403922
0.392157
0.458824
0.462745
0.407843
0.360784
0.341176
0.188235
0.223529
0.231373
0.243137
0.223529
0.203922
0.235294
0.356863
0.403922
0.454902
0.450980
0.403922
0.435294
0.458824
0.521569
0.741176
0.839216
0.788235
0.682353
0.447059
0.258824
0.278431
0.254902
0.243137
0.321569
0.372549
0.352941
0.490196
0.549020
0.494118
0.443137
0.321569
0.172549
0.207843
0.247059
0.266667
0.262745
0.282353
0.368627
0.450980
0.396078
0.388235
0.435294
0.443137
0.450980
0.498039
0.596078
0.784314
0.831373
0.741176
0.560784
0.282353
0.117647
0.156863
0.200000
0.239216
0.325490
0.419608
0.396078
0.443137
0.572549
0.552941
0.470588
0.376471
0.200000
0.247059
0.278431
0.309804
0.388235
0.462745
0.474510
0.388235
0.356863
0.356863
0.372549
0.450980
0.509804
0.639216
0.737255
0.737255
0.647059
0.505882
0.458824
0.235294
0.160784
0.207843
0.188235
0.231373
0.450980
0.600000
0.592157
0.592157
0.615686
0.619608
0.560784
0.450980
0.223529
0.286275
0.345098
0.447059
0.588235
0.619608
0.447059
0.301961
0.305882
0.325490
0.345098
0.494118
0.643137
0.686275
0.686275
0.619608
0.435294
0.333333
0.372549
0.207843
0.227451
0.192157
0.152941
0.227451
0.450980
0.470588
0.466667
0.470588
0.458824
0.478431
0.588235
0.603922
0.309804
0.368627
0.482353
0.603922
0.607843
0.462745
0.411765
0.309804
0.298039
0.356863
0.384314
0.431373
0.564706
0.686275
0.682353
0.650980
0.388235
0.266667
0.317647
0.219608
0.188235
0.149020
0.145098
0.176471
0.349020
0.388235
0.384314
0.403922
0.423529
0.403922
0.431373
0.576471
0.427451
0.552941
0.607843
0.545098
0.423529
0.262745
0.298039
0.258824
0.321569
0.411765
0.407843
0.282353
0.403922
0.568627
0.576471
0.588235
0.329412
0.211765
0.294118
0.247059
0.196078
0.156863
0.160784
0.184314
0.309804
0.388235
0.388235
0.403922
0.423529
0.415686
0.388235
0.423529
0.596078
0.580392
0.474510
0.400000
0.368627
0.235294
0.172549
0.184314
0.254902
0.298039
0.278431
0.215686
0.250980
0.298039
0.305882
0.298039
0.156863
0.203922
0.313725
0.341176
0.239216
0.168627
0.231373
0.298039
0.356863
0.392157
0.403922
0.403922
0.411765
0.403922
0.392157
0.376471
0.494118
0.411765
0.384314
0.392157
0.356863
0.282353
0.200000
0.254902
0.396078
0.400000
0.337255
0.254902
0.172549
0.172549
0.176471
0.141176
0.098039
0.192157
0.278431
0.447059
0.298039
0.239216
0.325490
0.368627
0.384314
0.407843
0.423529
0.419608
0.411765
0.400000
0.396078
0.388235
0.380392
0.388235
0.400000
0.400000
0.345098
0.247059
0.196078
0.250980
0.380392
0.431373
0.462745
0.364706
0.156863
0.086275
0.090196
0.105882
0.137255
0.176471
0.313725
0.462745
0.298039
0.321569
0.372549
0.403922
0.411765
0.423529
0.435294
0.431373
0.431373
0.419608
0.411765
0.407843
0.380392
0.388235
0.392157
0.380392
0.337255
0.223529
0.141176
0.156863
0.207843
0.219608
0.266667
0.227451
0.180392
0.156863
0.098039
0.133333
0.200000
0.121569
0.207843
0.294118
0.317647
0.372549
0.403922
0.415686
0.415686
0.415686
0.419608
0.435294
0.439216
0.423529
0.411765
0.407843
0.376471
0.380392
0.384314
0.376471
0.356863
0.301961
0.223529
0.168627
0.141176
0.141176
0.141176
0.117647
0.164706
0.184314
0.156863
0.145098
0.145098
0.188235
0.290196
0.352941
0.384314
0.411765
0.427451
0.419608
0.411765
0.407843
0.400000
0.423529
0.439216
0.419608
0.392157
0.388235
0.368627
0.372549
0.372549
0.368627
0.368627
0.356863
0.341176
0.333333
0.333333
0.337255
0.313725
0.258824
0.231373
0.243137
0.239216
0.235294
0.290196
0.380392
0.411765
0.415686
0.419608
0.431373
0.443137
0.435294
0.423529
0.411765
0.400000
0.415686
0.427451
0.419608
0.403922
0.384314
0.349020
0.352941
0.360784
0.364706
0.372549
0.368627
0.364706
0.368627
0.380392
0.388235
0.392157
0.368627
0.360784
0.380392
0.376471
0.392157
0.435294
0.470588
0.458824
0.439216
0.435294
0.443137
0.454902
0.450980
0.427451
0.415686
0.411765
0.415686
0.411765
0.411765
0.419608
0.400000
0.349020
0.356863
0.364706
0.376471
0.384314
0.388235
0.388235
0.388235
0.392157
0.396078
0.403922
0.407843
0.411765
0.415686
0.419608
0.435294
0.454902
0.478431
0.474510
0.458824
0.450980
0.450980
0.447059
0.447059
0.431373
0.427451
0.427451
0.423529
0.411765
0.407843
0.407843
0.396078
0.345098
0.349020
0.352941
0.368627
0.380392
0.384314
0.388235
0.392157
0.400000
0.407843
0.407843
0.415686
0.423529
0.423529
0.427451
0.435294
0.447059
0.474510
0.478431
0.462745
0.454902
0.454902
0.443137
0.435294
0.435294
0.427451
0.427451
0.423529
0.415686
0.400000
0.400000
0.384314
0.345098
0.349020
0.356863
0.368627
0.380392
0.384314
0.388235
0.388235
0.400000
0.411765
0.415686
0.415686
0.423529
0.431373
0.427451
0.431373
0.443137
0.462745
0.470588
0.466667
0.450980
0.450980
0.443137
0.431373
0.435294
0.431373
0.419608
0.419608
0.415686
0.400000
0.392157
0.376471
0.345098
0.349020
0.356863
0.364706
0.372549
0.380392
0.388235
0.388235
0.396078
0.407843
0.407843
0.407843
0.411765
0.423529
0.423529
0.423529
0.423529
0.439216
0.450980
0.450980
0.435294
0.431373
0.431373
0.419608
0.415686
0.415686
0.403922
0.396078
0.400000
0.392157
0.376471
0.356863
0.403922
0.568627
0.666667
0.705882
0.701961
0.674510
0.603922
0.501961
0.466667
0.458824
0.501961
0.701961
0.647059
0.654902
0.662745
0.862745
0.964706
0.949020
0.756863
0.650980
0.901961
0.933333
0.925490
0.929412
0.933333
0.886275
0.705882
0.647059
0.639216
0.537255
0.403922
0.525490
0.243137
0.278431
0.415686
0.658824
0.729412
0.721569
0.717647
0.682353
0.576471
0.462745
0.462745
0.643137
0.615686
0.662745
0.666667
0.870588
0.921569
0.776471
0.564706
0.486275
0.737255
0.921569
0.917647
0.925490
0.933333
0.894118
0.721569
0.647059
0.498039
0.450980
0.560784
0.678431
0.196078
0.215686
0.298039
0.627451
0.709804
0.564706
0.615686
0.705882
0.701961
0.631373
0.525490
0.494118
0.501961
0.635294
0.654902
0.866667
0.768627
0.490196
0.415686
0.384314
0.537255
0.815686
0.890196
0.894118
0.905882
0.874510
0.698039
0.541176
0.450980
0.572549
0.682353
0.666667
0.137255
0.152941
0.313725
0.670588
0.709804
0.423529
0.368627
0.478431
0.662745
0.709804
0.674510
0.600000
0.521569
0.525490
0.600000
0.749020
0.564706
0.384314
0.368627
0.360784
0.400000
0.662745
0.886275
0.882353
0.886275
0.835294
0.584314
0.494118
0.607843
0.654902
0.607843
0.623529
0.156863
0.188235
0.329412
0.666667
0.709804
0.435294
0.325490
0.341176
0.619608
0.560784
0.552941
0.678431
0.658824
0.572549
0.525490
0.478431
0.392157
0.356863
0.396078
0.376471
0.317647
0.592157
0.890196
0.882353
0.882353
0.772549
0.564706
0.619608
0.670588
0.533333
0.447059
0.647059
0.117647
0.168627
0.321569
0.662745
0.705882
0.403922
0.317647
0.364706
0.647059
0.431373
0.325490
0.603922
0.596078
0.674510
0.556863
0.356863
0.329412
0.317647
0.380392
0.333333
0.250980
0.443137
0.780392
0.870588
0.854902
0.792157
0.682353
0.576471
0.564706
0.498039
0.372549
0.639216
0.086275
0.125490
0.305882
0.674510
0.705882
0.360784
0.266667
0.349020
0.639216
0.407843
0.290196
0.607843
0.454902
0.560784
0.517647
0.329412
0.274510
0.290196
0.309804
0.258824
0.227451
0.301961
0.517647
0.741176
0.745098
0.725490
0.588235
0.509804
0.541176
0.513725
0.356863
0.631373
0.090196
0.121569
0.294118
0.666667
0.709804
0.368627
0.254902
0.345098
0.650980
0.407843
0.298039
0.615686
0.494118
0.568627
0.454902
0.270588
0.274510
0.337255
0.298039
0.266667
0.270588
0.262745
0.388235
0.729412
0.839216
0.788235
0.611765
0.560784
0.600000
0.513725
0.341176
0.643137
0.082353
0.113725
0.278431
0.619608
0.674510
0.396078
0.254902
0.313725
0.643137
0.388235
0.266667
0.615686
0.509804
0.584314
0.498039
0.270588
0.239216
0.298039
0.266667
0.250980
0.266667
0.274510
0.384314
0.756863
0.768627
0.698039
0.596078
0.545098
0.592157
0.513725
0.341176
0.611765
0.082353
0.113725
0.258824
0.560784
0.611765
0.317647
0.168627
0.270588
0.580392
0.349020
0.250980
0.556863
0.400000
0.509804
0.529412
0.349020
0.203922
0.235294
0.223529
0.270588
0.329412
0.266667
0.341176
0.733333
0.580392
0.458824
0.525490
0.498039
0.545098
0.466667
0.317647
0.549020
0.098039
0.121569
0.250980
0.552941
0.615686
0.286275
0.129412
0.274510
0.556863
0.333333
0.231373
0.513725
0.352941
0.447059
0.490196
0.407843
0.321569
0.356863
0.345098
0.454902
0.533333
0.329412
0.329412
0.643137
0.439216
0.313725
0.474510
0.454902
0.501961
0.431373
0.294118
0.537255
0.203922
0.188235
0.243137
0.545098
0.607843
0.294118
0.133333
0.270588
0.549020
0.349020
0.247059
0.541176
0.415686
0.454902
0.505882
0.584314
0.654902
0.694118
0.674510
0.654902
0.549020
0.427451
0.447059
0.521569
0.376471
0.415686
0.509804
0.450980
0.458824
0.427451
0.309804
0.537255
0.278431
0.254902
0.270588
0.537255
0.596078
0.345098
0.243137
0.360784
0.537255
0.439216
0.349020
0.560784
0.552941
0.529412
0.603922
0.792157
0.843137
0.850980
0.827451
0.709804
0.509804
0.431373
0.494118
0.462745
0.352941
0.498039
0.505882
0.423529
0.431373
0.431373
0.407843
0.513725
0.258824
0.337255
0.431373
0.505882
0.509804
0.384314
0.333333
0.341176
0.360784
0.317647
0.290196
0.482353
0.607843
0.525490
0.650980
0.843137
0.847059
0.870588
0.843137
0.694118
0.541176
0.529412
0.478431
0.419608
0.349020
0.490196
0.466667
0.384314
0.396078
0.388235
0.407843
0.431373
0.243137
0.321569
0.384314
0.368627
0.333333
0.305882
0.270588
0.247059
0.258824
0.313725
0.352941
0.478431
0.482353
0.443137
0.643137
0.811765
0.827451
0.835294
0.815686
0.654902
0.513725
0.572549
0.400000
0.337255
0.400000
0.454902
0.431373
0.490196
0.498039
0.439216
0.384314
0.360784
0.227451
0.266667
0.278431
0.286275
0.286275
0.294118
0.317647
0.423529
0.458824
0.509804
0.490196
0.427451
0.450980
0.466667
0.509804
0.713725
0.819608
0.815686
0.764706
0.580392
0.396078
0.352941
0.301961
0.286275
0.364706
0.423529
0.392157
0.525490
0.584314
0.529412
0.482353
0.352941
0.231373
0.270588
0.305882
0.321569
0.325490
0.349020
0.423529
0.490196
0.423529
0.411765
0.443137
0.431373
0.431373
0.482353
0.584314
0.756863
0.835294
0.811765
0.662745
0.419608
0.258824
0.231373
0.243137
0.266667
0.356863
0.454902
0.427451
0.470588
0.607843
0.588235
0.509804
0.411765
0.274510
0.317647
0.337255
0.360784
0.419608
0.470588
0.474510
0.380392
0.345098
0.341176
0.349020
0.411765
0.482353
0.647059
0.776471
0.780392
0.733333
0.650980
0.572549
0.317647
0.250980
0.274510
0.235294
0.254902
0.462745
0.615686
0.607843
0.607843
0.635294
0.639216
0.588235
0.482353
0.301961
0.349020
0.388235
0.474510
0.600000
0.623529
0.450980
0.313725
0.329412
0.356863
0.372549
0.498039
0.643137
0.717647
0.749020
0.705882
0.596078
0.541176
0.490196
0.235294
0.258824
0.250980
0.200000
0.250980
0.458824
0.470588
0.470588
0.474510
0.462745
0.486275
0.603922
0.623529
0.376471
0.419608
0.505882
0.603922
0.623529
0.513725
0.482353
0.403922
0.419608
0.501961
0.529412
0.529412
0.611765
0.713725
0.713725
0.717647
0.568627
0.501961
0.439216
0.231373
0.207843
0.196078
0.188235
0.200000
0.356863
0.384314
0.384314
0.407843
0.419608
0.403922
0.435294
0.584314
0.482353
0.588235
0.623529
0.537255
0.439216
0.321569
0.392157
0.403922
0.513725
0.635294
0.631373
0.474510
0.541176
0.670588
0.666667
0.694118
0.525490
0.450980
0.415686
0.262745
0.223529
0.188235
0.184314
0.203922
0.317647
0.388235
0.392157
0.407843
0.427451
0.419608
0.392157
0.431373
0.639216
0.611765
0.486275
0.403922
0.392157
0.286275
0.250980
0.301961
0.388235
0.439216
0.450980
0.419608
0.450980
0.474510
0.478431
0.470588
0.376471
0.439216
0.411765
0.349020
0.266667
0.184314
0.243137
0.305882
0.364706
0.400000
0.411765
0.415686
0.423529
0.411765
0.403922
0.388235
0.533333
0.439216
0.403922
0.400000
0.403922
0.376471
0.282353
0.325490
0.439216
0.419608
0.407843
0.380392
0.313725
0.298039
0.313725
0.301961
0.309804
0.403922
0.360784
0.447059
0.313725
0.250980
0.333333
0.376471
0.392157
0.415686
0.435294
0.427451
0.423529
0.407843
0.403922
0.400000
0.415686
0.415686
0.419608
0.411765
0.388235
0.333333
0.294118
0.364706
0.494118
0.517647
0.505882
0.447059
0.258824
0.176471
0.200000
0.250980
0.313725
0.337255
0.372549
0.450980
0.298039
0.329412
0.380392
0.411765
0.419608
0.431373
0.443137
0.439216
0.439216
0.427451
0.419608
0.419608
0.415686
0.415686
0.407843
0.392157
0.349020
0.250980
0.215686
0.286275
0.380392
0.392157
0.411765
0.415686
0.396078
0.356863
0.317647
0.313725
0.333333
0.227451
0.243137
0.282353
0.309804
0.380392
0.411765
0.423529
0.423529
0.423529
0.427451
0.443137
0.447059
0.431373
0.419608
0.415686
0.407843
0.403922
0.400000
0.388235
0.356863
0.294118
0.239216
0.211765
0.192157
0.176471
0.192157
0.231373
0.298039
0.290196
0.282353
0.262745
0.219608
0.235294
0.309804
0.352941
0.384314
0.415686
0.435294
0.427451
0.419608
0.415686
0.407843
0.431373
0.447059
0.427451
0.400000
0.396078
0.400000
0.396078
0.384314
0.376471
0.372549
0.356863
0.345098
0.337255
0.317647
0.290196
0.278431
0.282353
0.258824
0.239216
0.250980
0.282353
0.321569
0.380392
0.419608
0.431373
0.431373
0.439216
0.450980
0.443137
0.431373
0.419608
0.407843
0.423529
0.435294
0.427451
0.411765
0.392157
0.376471
0.376471
0.372549
0.376471
0.384314
0.384314
0.388235
0.400000
0.400000
0.388235
0.388235
0.403922
0.396078
0.388235
0.392157
0.423529
0.443137
0.458824
0.466667
0.462745
0.450980
0.450980
0.462745
0.458824
0.435294
0.423529
0.419608
0.423529
0.419608
0.419608
0.427451
0.407843
0.368627
0.372549
0.380392
0.392157
0.400000
0.403922
0.407843
0.407843
0.411765
0.411765
0.419608
0.427451
0.435294
0.427451
0.435294
0.450980
0.462745
0.482353
0.486275
0.474510
0.462745
0.458824
0.454902
0.454902
0.439216
0.435294
0.435294
0.431373
0.419608
0.415686
0.415686
0.403922
0.364706
0.368627
0.376471
0.388235
0.400000
0.403922
0.407843
0.407843
0.419608
0.423529
0.427451
0.435294
0.439216
0.443137
0.447059
0.450980
0.462745
0.490196
0.494118
0.478431
0.470588
0.462745
0.450980
0.443137
0.443137
0.435294
0.435294
0.431373
0.419608
0.407843
0.407843
0.392157
0.368627
0.376471
0.384314
0.396078
0.403922
0.407843
0.407843
0.411765
0.423529
0.431373
0.439216
0.439216
0.447059
0.454902
0.450980
0.454902
0.466667
0.486275
0.494118
0.490196
0.474510
0.462745
0.454902
0.439216
0.443137
0.439216
0.427451
0.431373
0.427451
0.411765
0.403922
0.388235
0.376471
0.380392
0.388235
0.396078
0.407843
0.411765
0.415686
0.415686
0.423529
0.431373
0.435294
0.435294
0.443137
0.450980
0.454902
0.450980
0.454902
0.466667
0.478431
0.478431
0.462745
0.450980
0.450980
0.435294
0.435294
0.435294
0.423529
0.415686
0.415686
0.407843
0.396078
0.376471
0.388235
0.545098
0.643137
0.678431
0.678431
0.647059
0.564706
0.458824
0.443137
0.458824
0.505882
0.701961
0.643137
0.658824
0.678431
0.870588
0.949020
0.913725
0.709804
0.603922
0.882353
0.956863
0.964706
0.964706
0.960784
0.901961
0.705882
0.631373
0.615686
0.498039
0.356863
0.470588
0.239216
0.270588
0.407843
0.647059
0.709804
0.686275
0.674510
0.639216
0.545098
0.447059
0.447059
0.627451
0.603922
0.666667
0.686275
0.894118
0.905882
0.698039
0.447059
0.380392
0.682353
0.952941
0.976471
0.984314
0.980392
0.917647
0.717647
0.623529
0.458824
0.396078
0.490196
0.607843
0.203922
0.219608
0.301961
0.627451
0.698039
0.529412
0.580392
0.670588
0.670588
0.600000
0.494118
0.466667
0.486275
0.631373
0.662745
0.886275
0.745098
0.376471
0.250980
0.235294
0.454902
0.843137
0.960784
0.972549
0.968627
0.909804
0.682353
0.498039
0.400000
0.501961
0.596078
0.584314
0.145098
0.160784
0.317647
0.674510
0.701961
0.400000
0.352941
0.462745
0.639216
0.678431
0.639216
0.568627
0.498039
0.505882
0.584314
0.733333
0.513725
0.266667
0.211765
0.211765
0.301961
0.658824
0.937255
0.960784
0.960784
0.874510
0.564706
0.443137
0.545098
0.588235
0.529412
0.549020
0.156863
0.188235
0.325490
0.662745
0.705882
0.431373
0.333333
0.356863
0.615686
0.537255
0.525490
0.658824
0.631373
0.537255
0.482353
0.407843
0.301961
0.254902
0.290196
0.270588
0.223529
0.541176
0.898039
0.945098
0.956863
0.815686
0.541176
0.560784
0.607843
0.474510
0.388235
0.592157
0.109804
0.156863
0.309804
0.650980
0.701961
0.415686
0.345098
0.396078
0.650980
0.415686
0.309804
0.592157
0.568627
0.623529
0.486275
0.239216
0.203922
0.243137
0.333333
0.278431
0.164706
0.349020
0.749020
0.909804
0.917647
0.831373
0.654902
0.513725
0.509804
0.450980
0.333333
0.603922
0.082353
0.117647
0.298039
0.666667
0.701961
0.360784
0.274510
0.364706
0.635294
0.376471
0.282353
0.607843
0.435294
0.509804
0.435294
0.231373
0.192157
0.235294
0.270588
0.211765
0.149020
0.196078
0.450980
0.729412
0.760784
0.737255
0.560784
0.462745
0.498039
0.474510
0.321569
0.603922
0.094118
0.121569
0.298039
0.674510
0.709804
0.349020
0.243137
0.345098
0.635294
0.368627
0.298039
0.623529
0.474510
0.521569
0.380392
0.196078
0.215686
0.270588
0.223529
0.188235
0.176471
0.145098
0.290196
0.670588
0.803922
0.756863
0.572549
0.513725
0.552941
0.462745
0.290196
0.600000
0.098039
0.121569
0.282353
0.623529
0.666667
0.368627
0.239216
0.317647
0.639216
0.364706
0.270588
0.623529
0.501961
0.549020
0.443137
0.203922
0.168627
0.219608
0.176471
0.152941
0.160784
0.156863
0.270588
0.670588
0.705882
0.647059
0.537255
0.482353
0.525490
0.450980
0.274510
0.549020
0.094118
0.117647
0.262745
0.564706
0.603922
0.286275
0.152941
0.282353
0.584314
0.337255
0.250980
0.560784
0.392157
0.494118
0.505882
0.313725
0.164706
0.188235
0.168627
0.207843
0.258824
0.192157
0.262745
0.662745
0.521569
0.411765
0.478431
0.443137
0.490196
0.415686
0.266667
0.501961
0.082353
0.105882
0.243137
0.564706
0.615686
0.262745
0.117647
0.286275
0.560784
0.321569
0.223529
0.513725
0.345098
0.443137
0.490196
0.415686
0.337255
0.368627
0.352941
0.458824
0.533333
0.321569
0.301961
0.600000
0.400000
0.290196
0.450980
0.419608
0.466667
0.400000
0.258824
0.505882
0.141176
0.145098
0.227451
0.560784
0.623529
0.290196
0.133333
0.282353
0.541176
0.317647
0.235294
0.537255
0.407843
0.454902
0.513725
0.611765
0.694118
0.737255
0.725490
0.713725
0.603922
0.454902
0.439216
0.486275
0.333333
0.392157
0.474510
0.400000
0.411765
0.380392
0.258824
0.490196
0.180392
0.188235
0.247059
0.552941
0.627451
0.364706
0.258824
0.372549
0.521569
0.392157
0.329412
0.552941
0.545098
0.525490
0.611765
0.807843
0.870588
0.886275
0.878431
0.780392
0.576471
0.458824
0.470588
0.403922
0.282353
0.439216
0.427451
0.325490
0.333333
0.333333
0.309804
0.423529
0.168627
0.270588
0.396078
0.509804
0.525490
0.388235
0.329412
0.321569
0.317647
0.262745
0.270588
0.482353
0.588235
0.482353
0.631373
0.854902
0.854902
0.870588
0.866667
0.749020
0.607843
0.584314
0.494118
0.376471
0.262745
0.380392
0.341176
0.250980
0.262745
0.266667
0.313725
0.345098
0.176471
0.250980
0.325490
0.333333
0.286275
0.223529
0.180392
0.149020
0.156863
0.219608
0.325490
0.494118
0.466667
0.392157
0.627451
0.831373
0.831373
0.823529
0.847059
0.737255
0.627451
0.698039
0.498039
0.360784
0.325490
0.294118
0.262745
0.333333
0.337255
0.294118
0.278431
0.274510
0.145098
0.160784
0.172549
0.196078
0.172549
0.133333
0.164706
0.286275
0.329412
0.396078
0.454902
0.447059
0.462745
0.462745
0.552941
0.764706
0.835294
0.850980
0.854902
0.737255
0.580392
0.521569
0.454902
0.364706
0.313725
0.243137
0.203922
0.360784
0.400000
0.337255
0.301961
0.203922
0.121569
0.133333
0.160784
0.180392
0.188235
0.219608
0.321569
0.423529
0.380392
0.372549
0.423529
0.454902
0.450980
0.494118
0.643137
0.835294
0.917647
0.937255
0.823529
0.611765
0.462745
0.380392
0.400000
0.396078
0.360784
0.321569
0.282353
0.341176
0.450980
0.407843
0.305882
0.223529
0.137255
0.164706
0.184314
0.223529
0.294118
0.368627
0.419608
0.372549
0.352941
0.352941
0.356863
0.447059
0.501961
0.635294
0.800000
0.878431
0.913725
0.870588
0.768627
0.486275
0.396078
0.364706
0.349020
0.388235
0.529412
0.584314
0.552941
0.560784
0.564706
0.537255
0.454902
0.321569
0.141176
0.200000
0.262745
0.384314
0.513725
0.537255
0.419608
0.329412
0.352941
0.376471
0.419608
0.576471
0.690196
0.713725
0.760784
0.815686
0.827451
0.819608
0.698039
0.352941
0.345098
0.309804
0.278431
0.352941
0.541176
0.513725
0.486275
0.494118
0.478431
0.474510
0.560784
0.533333
0.207843
0.278431
0.423529
0.576471
0.623529
0.533333
0.556863
0.521569
0.533333
0.600000
0.647059
0.674510
0.717647
0.760784
0.764706
0.831373
0.800000
0.792157
0.639216
0.313725
0.270588
0.290196
0.270588
0.266667
0.407843
0.431373
0.415686
0.443137
0.474510
0.447059
0.458824
0.568627
0.360784
0.509804
0.596078
0.568627
0.498039
0.427451
0.576471
0.631373
0.741176
0.854902
0.827451
0.713725
0.756863
0.807843
0.823529
0.878431
0.768627
0.737255
0.584314
0.317647
0.282353
0.290196
0.266667
0.254902
0.356863
0.431373
0.423529
0.439216
0.474510
0.470588
0.439216
0.450980
0.596078
0.600000
0.513725
0.454902
0.458824
0.407843
0.443137
0.509804
0.588235
0.643137
0.662745
0.709804
0.725490
0.666667
0.709804
0.733333
0.654902
0.713725
0.552941
0.388235
0.313725
0.254902
0.305882
0.364706
0.419608
0.454902
0.454902
0.447059
0.462745
0.450980
0.439216
0.419608
0.529412
0.450980
0.431373
0.443137
0.482353
0.521569
0.466667
0.470588
0.537255
0.509804
0.541176
0.607843
0.537255
0.458824
0.505882
0.552941
0.588235
0.658824
0.494118
0.486275
0.356863
0.309804
0.392157
0.435294
0.450980
0.474510
0.482353
0.470588
0.462745
0.450980
0.447059
0.439216
0.431373
0.435294
0.443137
0.439216
0.447059
0.474510
0.470588
0.509804
0.607843
0.631373
0.619608
0.607843
0.431373
0.317647
0.368627
0.470588
0.568627
0.564706
0.498039
0.501961
0.345098
0.388235
0.439216
0.470588
0.478431
0.490196
0.494118
0.486275
0.486275
0.474510
0.466667
0.462745
0.447059
0.443137
0.431373
0.415686
0.380392
0.333333
0.352941
0.423529
0.521569
0.568627
0.596078
0.631373
0.631373
0.592157
0.568627
0.549020
0.541176
0.403922
0.349020
0.341176
0.360784
0.439216
0.470588
0.482353
0.482353
0.482353
0.482353
0.490196
0.498039
0.478431
0.466667
0.466667
0.447059
0.443137
0.435294
0.415686
0.380392
0.341176
0.313725
0.262745
0.235294
0.262745
0.309804
0.356863
0.447059
0.462745
0.450980
0.415686
0.360784
0.345098
0.388235
0.411765
0.435294
0.474510
0.494118
0.486275
0.478431
0.474510
0.466667
0.486275
0.501961
0.486275
0.458824
0.450980
0.431373
0.435294
0.427451
0.423529
0.407843
0.400000
0.403922
0.356863
0.329412
0.341176
0.333333
0.313725
0.313725
0.329412
0.317647
0.349020
0.396078
0.431373
0.470588
0.490196
0.482353
0.498039
0.509804
0.501961
0.490196
0.478431
0.466667
0.482353
0.494118
0.486275
0.474510
0.450980
0.411765
0.415686
0.419608
0.423529
0.427451
0.435294
0.454902
0.450980
0.458824
0.478431
0.462745
0.443137
0.454902
0.470588
0.454902
0.474510
0.494118
0.490196
0.509804
0.517647
0.505882
0.509804
0.521569
0.517647
0.494118
0.482353
0.478431
0.482353
0.478431
0.478431
0.486275
0.462745
0.411765
0.415686
0.423529
0.435294
0.443137
0.454902
0.466667
0.470588
0.478431
0.490196
0.486275
0.482353
0.494118
0.494118
0.498039
0.509804
0.517647
0.533333
0.541176
0.533333
0.521569
0.517647
0.513725
0.513725
0.498039
0.494118
0.494118
0.490196
0.478431
0.474510
0.474510
0.462745
0.403922
0.407843
0.415686
0.431373
0.443137
0.450980
0.458824
0.466667
0.482353
0.486275
0.486275
0.490196
0.498039
0.498039
0.501961
0.505882
0.521569
0.545098
0.552941
0.537255
0.529412
0.521569
0.509804
0.501961
0.498039
0.494118
0.494118
0.490196
0.478431
0.466667
0.466667
0.447059
0.411765
0.415686
0.423529
0.435294
0.447059
0.450980
0.458824
0.466667
0.486275
0.494118
0.494118
0.494118
0.501961
0.509804
0.505882
0.509804
0.521569
0.541176
0.549020
0.545098
0.529412
0.521569
0.513725
0.501961
0.501961
0.498039
0.486275
0.490196
0.486275
0.470588
0.462745
0.443137
0.411765
0.419608
0.427451
0.431373
0.443137
0.450980
0.462745
0.466667
0.486275
0.494118
0.490196
0.486275
0.494118
0.501961
0.505882
0.505882
0.505882
0.517647
0.529412
0.529412
0.513725
0.509804
0.505882
0.494118
0.490196
0.490196
0.478431
0.470588
0.474510
0.462745
0.450980
0.431373
