0.517647
0.545098
0.572549
0.596078
0.619608
0.635294
0.639216
0.650980
0.654902
0.662745
0.670588
0.670588
0.670588
0.674510
0.670588
0.662745
0.658824
0.654902
0.662745
0.674510
0.674510
0.678431
0.678431
0.674510
0.658824
0.647059
0.639216
0.623529
0.600000
0.564706
0.533333
0.505882
0.545098
0.568627
0.592157
0.619608
0.639216
0.654902
0.662745
0.666667
0.674510
0.682353
0.690196
0.690196
0.686275
0.682353
0.662745
0.647059
0.643137
0.647059
0.650980
0.666667
0.674510
0.678431
0.674510
0.666667
0.658824
0.647059
0.639216
0.631373
0.611765
0.588235
0.560784
0.529412
0.556863
0.576471
0.603922
0.627451
0.647059
0.662745
0.666667
0.670588
0.674510
0.678431
0.686275
0.682353
0.674510
0.666667
0.639216
0.619608
0.615686
0.619608
0.631373
0.643137
0.658824
0.662745
0.650980
0.639216
0.627451
0.615686
0.603922
0.607843
0.603922
0.592157
0.576471
0.541176
0.576471
0.596078
0.619608
0.643137
0.658824
0.670588
0.670588
0.674510
0.678431
0.682353
0.686275
0.678431
0.666667
0.650980
0.631373
0.607843
0.588235
0.592157
0.611765
0.631373
0.643137
0.647059
0.631373
0.611765
0.588235
0.564706
0.560784
0.572549
0.588235
0.600000
0.588235
0.560784
0.592157
0.607843
0.631373
0.654902
0.674510
0.682353
0.678431
0.682353
0.686275
0.690196
0.686275
0.674510
0.658824
0.631373
0.603922
0.576471
0.545098
0.545098
0.564706
0.584314
0.611765
0.619608
0.600000
0.568627
0.533333
0.505882
0.498039
0.521569
0.549020
0.584314
0.592157
0.572549
0.607843
0.623529
0.647059
0.666667
0.690196
0.694118
0.686275
0.690196
0.694118
0.694118
0.686275
0.666667
0.639216
0.603922
0.564706
0.529412
0.474510
0.482353
0.482353
0.486275
0.549020
0.572549
0.556863
0.521569
0.474510
0.431373
0.415686
0.454902
0.509804
0.564706
0.592157
0.584314
0.619608
0.635294
0.658824
0.674510
0.690196
0.694118
0.686275
0.694118
0.698039
0.694118
0.670588
0.635294
0.611765
0.576471
0.533333
0.498039
0.439216
0.439216
0.415686
0.423529
0.470588
0.494118
0.498039
0.474510
0.419608
0.368627
0.341176
0.376471
0.454902
0.545098
0.588235
0.592157
0.627451
0.643137
0.662745
0.674510
0.690196
0.698039
0.686275
0.690196
0.694118
0.682353
0.639216
0.584314
0.549020
0.494118
0.482353
0.462745
0.447059
0.427451
0.415686
0.494118
0.478431
0.419608
0.407843
0.419608
0.372549
0.313725
0.274510
0.298039
0.400000
0.513725
0.576471
0.592157
0.635294
0.647059
0.662745
0.682353
0.698039
0.701961
0.690196
0.690196
0.686275
0.666667
0.615686
0.525490
0.443137
0.388235
0.419608
0.415686
0.450980
0.427451
0.486275
0.541176
0.537255
0.509804
0.368627
0.356863
0.352941
0.301961
0.262745
0.266667
0.364706
0.490196
0.564706
0.592157
0.647059
0.654902
0.670588
0.694118
0.709804
0.709804
0.701961
0.694118
0.686275
0.658824
0.596078
0.458824
0.341176
0.349020
0.376471
0.415686
0.474510
0.450980
0.584314
0.615686
0.600000
0.615686
0.407843
0.309804
0.360784
0.325490
0.298039
0.282353
0.349020
0.466667
0.556863
0.592157
0.674510
0.678431
0.698039
0.721569
0.733333
0.737255
0.721569
0.709804
0.701961
0.678431
0.643137
0.450980
0.258824
0.329412
0.349020
0.435294
0.466667
0.470588
0.596078
0.650980
0.662745
0.678431
0.513725
0.313725
0.372549
0.352941
0.313725
0.286275
0.337255
0.439216
0.537255
0.584314
0.721569
0.725490
0.745098
0.768627
0.776471
0.780392
0.756863
0.749020
0.741176
0.737255
0.725490
0.568627
0.356863
0.474510
0.494118
0.443137
0.443137
0.505882
0.556863
0.494118
0.380392
0.400000
0.462745
0.305882
0.368627
0.368627
0.317647
0.282353
0.321569
0.411765
0.505882
0.560784
0.768627
0.772549
0.796078
0.819608
0.827451
0.827451
0.807843
0.803922
0.662745
0.592157
0.662745
0.588235
0.537255
0.447059
0.549020
0.560784
0.643137
0.709804
0.650980
0.360784
0.149020
0.211765
0.333333
0.290196
0.372549
0.372549
0.321569
0.278431
0.294118
0.380392
0.470588
0.517647
0.807843
0.811765
0.835294
0.854902
0.862745
0.862745
0.843137
0.843137
0.600000
0.517647
0.556863
0.529412
0.525490
0.372549
0.517647
0.686275
0.764706
0.776471
0.705882
0.376471
0.168627
0.278431
0.301961
0.270588
0.380392
0.364706
0.321569
0.270588
0.270588
0.341176
0.427451
0.462745
0.835294
0.839216
0.854902
0.874510
0.886275
0.890196
0.874510
0.866667
0.847059
0.780392
0.635294
0.458824
0.388235
0.427451
0.478431
0.611765
0.721569
0.705882
0.737255
0.572549
0.380392
0.447059
0.294118
0.243137
0.380392
0.352941
0.309804
0.266667
0.254902
0.301961
0.376471
0.411765
0.854902
0.858824
0.870588
0.886275
0.898039
0.898039
0.886275
0.886275
0.898039
0.909804
0.917647
0.752941
0.427451
0.258824
0.270588
0.384314
0.619608
0.635294
0.635294
0.674510
0.627451
0.600000
0.282353
0.239216
0.368627
0.329412
0.294118
0.254902
0.243137
0.262745
0.313725
0.352941
0.862745
0.866667
0.878431
0.894118
0.905882
0.905882
0.894118
0.898039
0.901961
0.917647
0.909804
0.819608
0.568627
0.215686
0.200000
0.235294
0.427451
0.639216
0.533333
0.560784
0.643137
0.654902
0.356863
0.231373
0.349020
0.309804
0.274510
0.250980
0.243137
0.258824
0.282353
0.298039
0.858824
0.866667
0.882353
0.894118
0.905882
0.905882
0.898039
0.901961
0.921569
0.882353
0.619608
0.388235
0.305882
0.196078
0.262745
0.384314
0.478431
0.658824
0.647059
0.635294
0.592157
0.647059
0.482353
0.250980
0.341176
0.309804
0.270588
0.258824
0.258824
0.278431
0.286275
0.270588
0.854902
0.862745
0.882353
0.890196
0.901961
0.901961
0.894118
0.898039
0.772549
0.694118
0.600000
0.419608
0.392157
0.447059
0.556863
0.658824
0.690196
0.741176
0.721569
0.772549
0.635294
0.556863
0.533333
0.274510
0.329412
0.317647
0.286275
0.274510
0.278431
0.305882
0.301961
0.274510
0.835294
0.847059
0.866667
0.882353
0.890196
0.894118
0.882353
0.894118
0.556863
0.372549
0.450980
0.372549
0.407843
0.494118
0.588235
0.650980
0.694118
0.776471
0.780392
0.768627
0.654902
0.494118
0.458824
0.282353
0.349020
0.341176
0.309804
0.298039
0.298039
0.321569
0.309804
0.278431
0.807843
0.819608
0.843137
0.862745
0.874510
0.874510
0.866667
0.882353
0.807843
0.709804
0.537255
0.309804
0.498039
0.650980
0.698039
0.745098
0.717647
0.709804
0.784314
0.764706
0.682353
0.494118
0.294118
0.274510
0.411765
0.396078
0.360784
0.352941
0.345098
0.360784
0.341176
0.301961
0.780392
0.796078
0.823529
0.843137
0.850980
0.850980
0.850980
0.854902
0.878431
0.898039
0.839216
0.509804
0.541176
0.721569
0.776471
0.831373
0.819608
0.764706
0.776471
0.807843
0.745098
0.517647
0.266667
0.372549
0.494118
0.466667
0.450980
0.443137
0.431373
0.435294
0.396078
0.345098
0.729412
0.749020
0.780392
0.803922
0.811765
0.815686
0.819608
0.827451
0.835294
0.850980
0.874510
0.698039
0.525490
0.705882
0.803922
0.839216
0.854902
0.835294
0.803922
0.800000
0.729412
0.450980
0.345098
0.525490
0.576471
0.552941
0.537255
0.525490
0.509804
0.490196
0.447059
0.396078
0.662745
0.678431
0.713725
0.745098
0.764706
0.776471
0.776471
0.784314
0.803922
0.823529
0.843137
0.768627
0.576471
0.615686
0.760784
0.811765
0.827451
0.847059
0.843137
0.831373
0.686275
0.329412
0.368627
0.588235
0.627451
0.603922
0.592157
0.580392
0.560784
0.529412
0.490196
0.447059
0.588235
0.592157
0.639216
0.674510
0.694118
0.709804
0.713725
0.721569
0.741176
0.772549
0.796078
0.788235
0.662745
0.494118
0.584314
0.690196
0.752941
0.776471
0.819608
0.835294
0.592157
0.270588
0.443137
0.623529
0.647059
0.627451
0.615686
0.603922
0.584314
0.552941
0.517647
0.482353
0.549020
0.533333
0.568627
0.603922
0.623529
0.639216
0.650980
0.666667
0.686275
0.713725
0.745098
0.764706
0.737255
0.600000
0.482353
0.474510
0.552941
0.658824
0.792157
0.784314
0.450980
0.254902
0.513725
0.639216
0.639216
0.627451
0.619608
0.607843
0.584314
0.552941
0.529412
0.501961
0.556863
0.521569
0.529412
0.549020
0.572549
0.588235
0.611765
0.631373
0.647059
0.670588
0.701961
0.725490
0.733333
0.701961
0.513725
0.384314
0.435294
0.615686
0.772549
0.698039
0.349020
0.309804
0.556863
0.631373
0.619608
0.611765
0.611765
0.596078
0.564706
0.533333
0.517647
0.505882
0.592157
0.545098
0.529412
0.525490
0.545098
0.568627
0.588235
0.607843
0.619608
0.639216
0.662745
0.686275
0.701961
0.690196
0.517647
0.345098
0.396078
0.611765
0.760784
0.603922
0.282353
0.372549
0.564706
0.603922
0.588235
0.580392
0.584314
0.564706
0.533333
0.494118
0.478431
0.482353
0.650980
0.600000
0.580392
0.549020
0.552941
0.568627
0.576471
0.596078
0.607843
0.619608
0.635294
0.654902
0.670588
0.662745
0.462745
0.278431
0.380392
0.600000
0.741176
0.498039
0.262745
0.443137
0.564706
0.576471
0.560784
0.549020
0.545098
0.517647
0.482353
0.431373
0.415686
0.427451
0.717647
0.670588
0.635294
0.588235
0.564706
0.560784
0.564706
0.588235
0.603922
0.611765
0.619608
0.631373
0.650980
0.647059
0.431373
0.223529
0.403922
0.607843
0.701961
0.427451
0.294118
0.513725
0.576471
0.568627
0.545098
0.525490
0.513725
0.482353
0.435294
0.376471
0.352941
0.364706
0.764706
0.725490
0.674510
0.607843
0.572549
0.549020
0.549020
0.576471
0.592157
0.592157
0.600000
0.611765
0.631373
0.635294
0.411765
0.219608
0.415686
0.603922
0.674510
0.376471
0.352941
0.560784
0.592157
0.576471
0.552941
0.517647
0.498039
0.466667
0.411765
0.352941
0.321569
0.333333
0.780392
0.752941
0.698039
0.627451
0.572549
0.525490
0.521569
0.552941
0.568627
0.576471
0.584314
0.600000
0.619608
0.623529
0.372549
0.231373
0.427451
0.576471
0.650980
0.364706
0.427451
0.596078
0.607843
0.584314
0.552941
0.509804
0.482353
0.462745
0.411765
0.349020
0.313725
0.325490
0.658824
0.678431
0.698039
0.717647
0.729412
0.741176
0.749020
0.760784
0.768627
0.776471
0.780392
0.784314
0.784314
0.784314
0.776471
0.764706
0.764706
0.768627
0.772549
0.776471
0.776471
0.776471
0.776471
0.772549
0.768627
0.756863
0.745098
0.729412
0.713725
0.698039
0.678431
0.654902
0.682353
0.698039
0.717647
0.737255
0.745098
0.756863
0.764706
0.772549
0.780392
0.788235
0.796078
0.796078
0.792157
0.788235
0.772549
0.756863
0.752941
0.756863
0.760784
0.776471
0.788235
0.792157
0.784314
0.776471
0.772549
0.760784
0.752941
0.741176
0.729412
0.717647
0.701961
0.678431
0.690196
0.701961
0.721569
0.737255
0.745098
0.756863
0.760784
0.764706
0.772549
0.776471
0.784314
0.780392
0.772549
0.764706
0.745098
0.725490
0.717647
0.713725
0.721569
0.749020
0.768627
0.776471
0.768627
0.760784
0.745098
0.733333
0.721569
0.721569
0.725490
0.721569
0.709804
0.682353
0.705882
0.717647
0.733333
0.745098
0.752941
0.764706
0.764706
0.772549
0.776471
0.780392
0.784314
0.776471
0.764706
0.745098
0.725490
0.701961
0.674510
0.662745
0.682353
0.717647
0.741176
0.752941
0.749020
0.737255
0.717647
0.694118
0.690196
0.701961
0.713725
0.725490
0.717647
0.694118
0.717647
0.725490
0.741176
0.752941
0.760784
0.768627
0.764706
0.772549
0.776471
0.776471
0.772549
0.764706
0.745098
0.717647
0.686275
0.654902
0.607843
0.588235
0.600000
0.650980
0.694118
0.717647
0.709804
0.694118
0.670588
0.643137
0.635294
0.658824
0.682353
0.705882
0.717647
0.705882
0.725490
0.733333
0.749020
0.764706
0.772549
0.772549
0.768627
0.772549
0.780392
0.776471
0.768627
0.749020
0.721569
0.678431
0.631373
0.588235
0.521569
0.501961
0.494118
0.529412
0.611765
0.654902
0.654902
0.639216
0.615686
0.572549
0.560784
0.600000
0.643137
0.682353
0.713725
0.713725
0.733333
0.741176
0.756863
0.768627
0.776471
0.776471
0.768627
0.776471
0.780392
0.776471
0.764706
0.733333
0.686275
0.615686
0.560784
0.505882
0.423529
0.419608
0.396078
0.427451
0.494118
0.545098
0.568627
0.568627
0.533333
0.486275
0.466667
0.517647
0.592157
0.666667
0.713725
0.721569
0.737255
0.745098
0.760784
0.768627
0.776471
0.776471
0.768627
0.772549
0.776471
0.772549
0.752941
0.698039
0.611765
0.494118
0.470588
0.423529
0.384314
0.368627
0.372549
0.454902
0.458824
0.431373
0.450980
0.478431
0.450980
0.400000
0.376471
0.419608
0.537255
0.643137
0.705882
0.721569
0.741176
0.745098
0.756863
0.768627
0.780392
0.780392
0.772549
0.768627
0.764706
0.760784
0.725490
0.623529
0.486275
0.376471
0.396078
0.368627
0.384314
0.368627
0.435294
0.474510
0.486275
0.486275
0.372549
0.384314
0.411765
0.364706
0.341176
0.372549
0.490196
0.619608
0.694118
0.717647
0.745098
0.745098
0.752941
0.768627
0.780392
0.784314
0.772549
0.764706
0.760784
0.745098
0.690196
0.529412
0.360784
0.321569
0.345098
0.372549
0.419608
0.392157
0.525490
0.533333
0.521569
0.556863
0.368627
0.301961
0.392157
0.364706
0.352941
0.364706
0.458824
0.592157
0.678431
0.709804
0.749020
0.745098
0.756863
0.772549
0.788235
0.792157
0.776471
0.764706
0.756863
0.741176
0.701961
0.478431
0.243137
0.278431
0.301961
0.392157
0.415686
0.407843
0.521569
0.552941
0.572549
0.607843
0.450980
0.274510
0.376471
0.364706
0.341176
0.345098
0.435294
0.560784
0.654902
0.698039
0.760784
0.752941
0.764706
0.784314
0.800000
0.803922
0.784314
0.776471
0.768627
0.752941
0.725490
0.549020
0.309804
0.407843
0.427451
0.392157
0.396078
0.443137
0.474510
0.407843
0.301961
0.329412
0.396078
0.258824
0.364706
0.372549
0.333333
0.333333
0.411765
0.529412
0.619608
0.662745
0.776471
0.772549
0.784314
0.803922
0.819608
0.827451
0.807843
0.800000
0.654902
0.560784
0.607843
0.521569
0.462745
0.372549
0.478431
0.505882
0.600000
0.643137
0.564706
0.290196
0.090196
0.156863
0.282353
0.254902
0.376471
0.380392
0.345098
0.333333
0.388235
0.501961
0.584314
0.619608
0.792157
0.788235
0.803922
0.819608
0.839216
0.843137
0.823529
0.823529
0.576471
0.454902
0.478431
0.439216
0.419608
0.266667
0.423529
0.615686
0.709804
0.705882
0.615686
0.305882
0.109804
0.231373
0.266667
0.250980
0.388235
0.380392
0.352941
0.333333
0.364706
0.458824
0.537255
0.560784
0.803922
0.811765
0.823529
0.839216
0.854902
0.858824
0.847059
0.839216
0.815686
0.729412
0.576471
0.380392
0.262745
0.262745
0.341176
0.498039
0.623529
0.611765
0.639216
0.474510
0.290196
0.384314
0.266667
0.243137
0.388235
0.372549
0.352941
0.321569
0.337255
0.403922
0.470588
0.494118
0.823529
0.827451
0.839216
0.854902
0.866667
0.866667
0.854902
0.858824
0.862745
0.882353
0.890196
0.709804
0.341176
0.125490
0.117647
0.235294
0.478431
0.498039
0.498039
0.556863
0.521569
0.521569
0.243137
0.235294
0.380392
0.360784
0.341176
0.317647
0.321569
0.356863
0.400000
0.423529
0.831373
0.835294
0.847059
0.862745
0.874510
0.874510
0.862745
0.866667
0.874510
0.894118
0.890196
0.800000
0.521569
0.133333
0.054902
0.078431
0.270588
0.470588
0.368627
0.435294
0.533333
0.560784
0.294118
0.207843
0.364706
0.345098
0.329412
0.321569
0.325490
0.345098
0.356863
0.364706
0.831373
0.839216
0.854902
0.862745
0.874510
0.874510
0.866667
0.870588
0.890196
0.835294
0.568627
0.341176
0.250980
0.129412
0.152941
0.262745
0.345098
0.509804
0.498039
0.517647
0.478431
0.549020
0.407843
0.215686
0.349020
0.341176
0.325490
0.329412
0.333333
0.345098
0.345098
0.325490
0.823529
0.835294
0.850980
0.862745
0.870588
0.870588
0.862745
0.866667
0.737255
0.623529
0.509804
0.325490
0.301961
0.368627
0.474510
0.576471
0.600000
0.639216
0.615686
0.670588
0.533333
0.458824
0.454902
0.231373
0.325490
0.337255
0.325490
0.333333
0.337255
0.349020
0.341176
0.313725
0.807843
0.819608
0.839216
0.854902
0.862745
0.862745
0.850980
0.862745
0.525490
0.313725
0.364706
0.262745
0.305882
0.411765
0.505882
0.576471
0.619608
0.705882
0.705882
0.686275
0.564706
0.407843
0.392157
0.239216
0.325490
0.337255
0.329412
0.337255
0.341176
0.345098
0.333333
0.301961
0.784314
0.792157
0.815686
0.835294
0.843137
0.843137
0.835294
0.847059
0.776471
0.682353
0.482353
0.223529
0.415686
0.580392
0.603922
0.650980
0.635294
0.643137
0.721569
0.698039
0.607843
0.419608
0.235294
0.231373
0.372549
0.372549
0.360784
0.368627
0.364706
0.364706
0.345098
0.309804
0.756863
0.768627
0.792157
0.807843
0.823529
0.827451
0.815686
0.815686
0.839216
0.870588
0.800000
0.454902
0.486275
0.666667
0.698039
0.756863
0.749020
0.698039
0.709804
0.737255
0.690196
0.466667
0.207843
0.317647
0.439216
0.419608
0.407843
0.407843
0.400000
0.400000
0.372549
0.325490
0.713725
0.729412
0.756863
0.776471
0.796078
0.800000
0.788235
0.788235
0.792157
0.819608
0.839216
0.654902
0.470588
0.647059
0.741176
0.776471
0.792157
0.772549
0.737255
0.729412
0.682353
0.411765
0.282353
0.458824
0.517647
0.490196
0.474510
0.462745
0.447059
0.431373
0.396078
0.360784
0.662745
0.678431
0.709804
0.741176
0.760784
0.764706
0.760784
0.756863
0.768627
0.792157
0.803922
0.721569
0.517647
0.549020
0.698039
0.749020
0.764706
0.784314
0.776471
0.756863
0.635294
0.290196
0.313725
0.525490
0.560784
0.537255
0.521569
0.509804
0.490196
0.466667
0.431373
0.396078
0.588235
0.600000
0.654902
0.694118
0.705882
0.709804
0.709804
0.709804
0.717647
0.741176
0.756863
0.733333
0.596078
0.423529
0.521569
0.631373
0.694118
0.717647
0.756863
0.764706
0.537255
0.231373
0.400000
0.568627
0.584314
0.560784
0.545098
0.533333
0.513725
0.490196
0.454902
0.423529
0.533333
0.533333
0.588235
0.627451
0.647059
0.650980
0.654902
0.662745
0.670588
0.686275
0.701961
0.709804
0.666667
0.525490
0.419608
0.415686
0.494118
0.600000
0.729412
0.713725
0.392157
0.223529
0.482353
0.600000
0.592157
0.576471
0.568627
0.552941
0.525490
0.498039
0.474510
0.443137
0.513725
0.501961
0.529412
0.568627
0.600000
0.611765
0.623529
0.639216
0.639216
0.643137
0.658824
0.666667
0.662745
0.627451
0.450980
0.329412
0.376471
0.556863
0.713725
0.627451
0.290196
0.286275
0.537255
0.603922
0.600000
0.588235
0.584314
0.564706
0.533333
0.505882
0.482353
0.458824
0.517647
0.501961
0.513725
0.529412
0.572549
0.596078
0.607843
0.619608
0.615686
0.611765
0.619608
0.631373
0.635294
0.619608
0.458824
0.290196
0.337255
0.552941
0.701961
0.537255
0.223529
0.352941
0.552941
0.592157
0.592157
0.584314
0.584314
0.560784
0.525490
0.490196
0.466667
0.454902
0.533333
0.517647
0.525490
0.517647
0.556863
0.584314
0.588235
0.596078
0.584314
0.580392
0.588235
0.596078
0.600000
0.584314
0.400000
0.231373
0.317647
0.517647
0.670588
0.439216
0.200000
0.415686
0.556863
0.572549
0.576471
0.580392
0.584314
0.552941
0.509804
0.466667
0.439216
0.431373
0.572549
0.549020
0.545098
0.517647
0.537255
0.556863
0.560784
0.564706
0.552941
0.552941
0.556863
0.560784
0.568627
0.560784
0.360784
0.192157
0.337255
0.501961
0.615686
0.372549
0.231373
0.470588
0.560784
0.564706
0.564706
0.576471
0.584314
0.549020
0.490196
0.439216
0.411765
0.403922
0.611765
0.596078
0.564706
0.521569
0.521569
0.521569
0.525490
0.529412
0.517647
0.513725
0.517647
0.517647
0.529412
0.529412
0.341176
0.188235
0.352941
0.494118
0.584314
0.325490
0.290196
0.509804
0.564706
0.568627
0.564706
0.568627
0.572549
0.533333
0.470588
0.419608
0.388235
0.376471
0.631373
0.619608
0.576471
0.525490
0.498039
0.474510
0.478431
0.486275
0.474510
0.474510
0.478431
0.482353
0.490196
0.494118
0.298039
0.200000
0.364706
0.466667
0.560784
0.313725
0.364706
0.533333
0.568627
0.564706
0.560784
0.552941
0.552941
0.525490
0.466667
0.415686
0.380392
0.364706
0.835294
0.839216
0.854902
0.870588
0.882353
0.894118
0.894118
0.890196
0.890196
0.894118
0.898039
0.898039
0.901961
0.901961
0.894118
0.890196
0.894118
0.894118
0.898039
0.909804
0.905882
0.905882
0.901961
0.898039
0.905882
0.905882
0.901961
0.894118
0.882353
0.866667
0.850980
0.831373
0.854902
0.858824
0.874510
0.886275
0.898039
0.909804
0.905882
0.901961
0.901961
0.909804
0.913725
0.913725
0.909804
0.909804
0.905882
0.894118
0.886275
0.890196
0.898039
0.909804
0.917647
0.925490
0.917647
0.913725
0.921569
0.913725
0.913725
0.913725
0.905882
0.886275
0.874510
0.854902
0.854902
0.858824
0.870588
0.886275
0.894118
0.901961
0.898039
0.894118
0.894118
0.898039
0.905882
0.901961
0.894118
0.890196
0.890196
0.858824
0.835294
0.839216
0.858824
0.870588
0.890196
0.905882
0.905882
0.898039
0.890196
0.878431
0.878431
0.890196
0.890196
0.882353
0.874510
0.854902
0.866667
0.870588
0.878431
0.890196
0.901961
0.905882
0.898039
0.894118
0.894118
0.901961
0.905882
0.898039
0.886275
0.874510
0.866667
0.815686
0.760784
0.764706
0.796078
0.827451
0.850980
0.874510
0.878431
0.866667
0.843137
0.827451
0.831373
0.850980
0.866667
0.882353
0.878431
0.866667
0.874510
0.874510
0.882353
0.894118
0.901961
0.905882
0.894118
0.890196
0.894118
0.898039
0.901961
0.890196
0.870588
0.843137
0.807843
0.729412
0.650980
0.643137
0.682353
0.733333
0.780392
0.815686
0.823529
0.807843
0.772549
0.749020
0.752941
0.780392
0.815686
0.854902
0.870588
0.870588
0.882353
0.882353
0.890196
0.898039
0.909804
0.905882
0.894118
0.894118
0.894118
0.898039
0.898039
0.878431
0.847059
0.807843
0.733333
0.627451
0.521569
0.517647
0.545098
0.592157
0.678431
0.737255
0.752941
0.733333
0.690196
0.650980
0.647059
0.694118
0.760784
0.831373
0.866667
0.874510
0.890196
0.882353
0.882353
0.886275
0.898039
0.901961
0.890196
0.890196
0.890196
0.882353
0.874510
0.847059
0.800000
0.725490
0.623529
0.529412
0.427451
0.431373
0.423529
0.454902
0.525490
0.584314
0.615686
0.611765
0.545098
0.482353
0.470588
0.568627
0.694118
0.803922
0.854902
0.870588
0.890196
0.878431
0.874510
0.870588
0.886275
0.894118
0.882353
0.886275
0.886275
0.866667
0.847059
0.792157
0.705882
0.576471
0.498039
0.443137
0.403922
0.384314
0.380392
0.450980
0.454902
0.427451
0.443137
0.462745
0.384314
0.294118
0.278431
0.411765
0.611765
0.772549
0.835294
0.862745
0.886275
0.870588
0.866667
0.870588
0.886275
0.894118
0.886275
0.882353
0.878431
0.874510
0.835294
0.717647
0.560784
0.423529
0.403922
0.372549
0.388235
0.360784
0.415686
0.443137
0.454902
0.454902
0.341176
0.333333
0.282353
0.200000
0.188235
0.298039
0.517647
0.733333
0.827451
0.866667
0.874510
0.858824
0.858824
0.870588
0.882353
0.890196
0.878431
0.870588
0.870588
0.866667
0.807843
0.619608
0.407843
0.337255
0.337255
0.352941
0.392157
0.356863
0.478431
0.478431
0.466667
0.505882
0.321569
0.231373
0.239216
0.180392
0.180392
0.254902
0.447059
0.686275
0.807843
0.866667
0.850980
0.839216
0.847059
0.862745
0.878431
0.882353
0.866667
0.850980
0.847059
0.843137
0.803922
0.556863
0.278431
0.274510
0.290196
0.364706
0.372549
0.349020
0.458824
0.490196
0.509804
0.549020
0.396078
0.203922
0.239216
0.207843
0.192157
0.243137
0.403922
0.627451
0.772549
0.850980
0.827451
0.823529
0.835294
0.854902
0.866667
0.870588
0.850980
0.843137
0.831373
0.807843
0.784314
0.600000
0.333333
0.407843
0.423529
0.368627
0.349020
0.376471
0.403922
0.349020
0.258824
0.286275
0.356863
0.200000
0.239216
0.231373
0.207843
0.235294
0.360784
0.552941
0.709804
0.807843
0.811765
0.815686
0.831373
0.854902
0.866667
0.870588
0.850980
0.847059
0.694118
0.556863
0.619608
0.552941
0.490196
0.384314
0.486275
0.494118
0.556863
0.580392
0.494118
0.247059
0.062745
0.129412
0.262745
0.207843
0.223529
0.215686
0.196078
0.203922
0.294118
0.486275
0.650980
0.745098
0.803922
0.807843
0.827451
0.850980
0.866667
0.870588
0.850980
0.850980
0.592157
0.431373
0.454902
0.443137
0.431373
0.274510
0.431373
0.603922
0.666667
0.647059
0.560784
0.266667
0.074510
0.196078
0.247059
0.203922
0.223529
0.196078
0.176471
0.172549
0.227451
0.388235
0.552941
0.647059
0.803922
0.811765
0.823529
0.843137
0.858824
0.858824
0.847059
0.839216
0.811765
0.713725
0.552941
0.349020
0.231373
0.235294
0.325490
0.462745
0.560784
0.549020
0.584314
0.423529
0.219608
0.301961
0.219608
0.196078
0.247059
0.200000
0.172549
0.160784
0.180392
0.258824
0.403922
0.501961
0.811765
0.819608
0.831373
0.847059
0.858824
0.862745
0.847059
0.850980
0.854902
0.866667
0.858824
0.662745
0.290196
0.078431
0.082353
0.176471
0.392157
0.407843
0.419608
0.474510
0.419608
0.423529
0.192157
0.196078
0.254902
0.196078
0.168627
0.156863
0.160784
0.176471
0.278431
0.376471
0.819608
0.823529
0.839216
0.854902
0.866667
0.866667
0.854902
0.858824
0.862745
0.866667
0.850980
0.756863
0.482353
0.098039
0.027451
0.031373
0.188235
0.368627
0.266667
0.325490
0.411765
0.458824
0.254902
0.188235
0.254902
0.196078
0.164706
0.164706
0.156863
0.141176
0.200000
0.270588
0.811765
0.819608
0.835294
0.847059
0.866667
0.866667
0.858824
0.862745
0.882353
0.807843
0.537255
0.305882
0.219608
0.105882
0.141176
0.235294
0.278431
0.415686
0.396078
0.392157
0.345098
0.439216
0.372549
0.207843
0.262745
0.207843
0.168627
0.180392
0.172549
0.145098
0.168627
0.188235
0.796078
0.807843
0.827451
0.839216
0.858824
0.862745
0.854902
0.862745
0.729412
0.600000
0.486275
0.298039
0.266667
0.333333
0.470588
0.549020
0.533333
0.560784
0.533333
0.556863
0.403922
0.352941
0.419608
0.223529
0.258824
0.223529
0.188235
0.192157
0.188235
0.168627
0.168627
0.156863
0.776471
0.788235
0.803922
0.823529
0.847059
0.854902
0.839216
0.854902
0.517647
0.290196
0.333333
0.223529
0.243137
0.341176
0.470588
0.521569
0.537255
0.615686
0.627451
0.588235
0.454902
0.309804
0.349020
0.231373
0.282353
0.250980
0.207843
0.203922
0.207843
0.203922
0.176471
0.152941
0.745098
0.756863
0.780392
0.803922
0.831373
0.835294
0.827451
0.839216
0.764706
0.647059
0.435294
0.164706
0.321569
0.474510
0.525490
0.560784
0.525490
0.533333
0.631373
0.619608
0.513725
0.329412
0.192157
0.215686
0.333333
0.298039
0.247059
0.243137
0.247059
0.254902
0.211765
0.172549
0.698039
0.721569
0.760784
0.788235
0.803922
0.803922
0.800000
0.800000
0.823529
0.843137
0.764706
0.403922
0.415686
0.584314
0.627451
0.674510
0.666667
0.615686
0.643137
0.678431
0.584314
0.403922
0.180392
0.247059
0.341176
0.309804
0.290196
0.282353
0.282353
0.286275
0.250980
0.207843
0.615686
0.647059
0.694118
0.725490
0.737255
0.737255
0.733333
0.733333
0.741176
0.768627
0.792157
0.603922
0.419608
0.596078
0.678431
0.713725
0.729412
0.709804
0.686275
0.678431
0.580392
0.364706
0.258824
0.349020
0.372549
0.352941
0.341176
0.333333
0.321569
0.309804
0.278431
0.247059
0.505882
0.529412
0.572549
0.607843
0.631373
0.639216
0.635294
0.635294
0.650980
0.682353
0.709804
0.643137
0.454902
0.498039
0.635294
0.686275
0.701961
0.717647
0.721569
0.713725
0.560784
0.239216
0.247059
0.384314
0.400000
0.380392
0.376471
0.376471
0.360784
0.333333
0.305882
0.274510
0.376471
0.388235
0.431373
0.470588
0.498039
0.505882
0.505882
0.509804
0.525490
0.560784
0.600000
0.611765
0.505882
0.349020
0.450980
0.556863
0.619608
0.643137
0.690196
0.721569
0.486275
0.164706
0.274510
0.376471
0.380392
0.368627
0.372549
0.372549
0.364706
0.341176
0.313725
0.286275
0.294118
0.278431
0.305882
0.337255
0.368627
0.380392
0.388235
0.396078
0.407843
0.435294
0.478431
0.525490
0.517647
0.407843
0.329412
0.333333
0.411765
0.517647
0.647059
0.662745
0.360784
0.125490
0.282353
0.341176
0.333333
0.333333
0.345098
0.349020
0.337255
0.329412
0.309804
0.290196
0.270588
0.227451
0.219608
0.239216
0.274510
0.290196
0.301961
0.321569
0.325490
0.333333
0.368627
0.415686
0.443137
0.443137
0.345098
0.239216
0.286275
0.470588
0.619608
0.560784
0.258824
0.152941
0.258824
0.274510
0.270588
0.278431
0.301961
0.309804
0.301961
0.305882
0.294118
0.282353
0.290196
0.231373
0.200000
0.192157
0.219608
0.243137
0.254902
0.270588
0.270588
0.266667
0.290196
0.325490
0.352941
0.376471
0.337255
0.203922
0.247059
0.462745
0.603922
0.458824
0.188235
0.184314
0.211765
0.203922
0.207843
0.223529
0.254902
0.258824
0.254902
0.270588
0.258824
0.258824
0.337255
0.290196
0.258824
0.219608
0.215686
0.235294
0.243137
0.254902
0.254902
0.254902
0.270588
0.290196
0.305882
0.321569
0.266667
0.160784
0.250980
0.439216
0.580392
0.376471
0.156863
0.196078
0.152941
0.149020
0.164706
0.176471
0.200000
0.203922
0.203922
0.223529
0.215686
0.223529
0.400000
0.372549
0.337255
0.270588
0.235294
0.235294
0.247059
0.262745
0.262745
0.266667
0.274510
0.282353
0.294118
0.301961
0.219608
0.137255
0.294118
0.431373
0.541176
0.333333
0.172549
0.211765
0.133333
0.141176
0.160784
0.160784
0.172549
0.172549
0.172549
0.184314
0.176471
0.188235
0.447059
0.431373
0.376471
0.294118
0.250980
0.235294
0.239216
0.250980
0.247059
0.247059
0.250980
0.258824
0.266667
0.286275
0.207843
0.137255
0.309804
0.419608
0.509804
0.270588
0.200000
0.247059
0.168627
0.176471
0.188235
0.172549
0.176471
0.176471
0.160784
0.164706
0.149020
0.160784
0.466667
0.458824
0.396078
0.313725
0.262745
0.227451
0.223529
0.231373
0.227451
0.219608
0.223529
0.231373
0.239216
0.266667
0.176471
0.152941
0.313725
0.384314
0.486275
0.243137
0.235294
0.274510
0.223529
0.223529
0.223529
0.196078
0.184314
0.192157
0.172549
0.160784
0.141176
0.152941
