0.043137
0.039216
0.070588
0.050980
0.082353
0.058824
0.054902
0.086275
0.047059
0.090196
0.086275
0.098039
0.192157
0.219608
0.156863
0.196078
0.160784
0.070588
0.129412
0.243137
0.286275
0.149020
0.070588
0.113725
0.086275
0.149020
0.290196
0.341176
0.203922
0.258824
0.356863
0.360784
0.090196
0.074510
0.086275
0.094118
0.105882
0.082353
0.101961
0.121569
0.113725
0.227451
0.192157
0.223529
0.278431
0.274510
0.294118
0.290196
0.266667
0.207843
0.258824
0.384314
0.368627
0.227451
0.149020
0.211765
0.203922
0.298039
0.364706
0.368627
0.282353
0.333333
0.352941
0.376471
0.129412
0.086275
0.125490
0.176471
0.160784
0.219608
0.188235
0.152941
0.168627
0.321569
0.294118
0.360784
0.364706
0.290196
0.305882
0.388235
0.400000
0.333333
0.360784
0.415686
0.368627
0.290196
0.262745
0.298039
0.352941
0.380392
0.360784
0.356863
0.333333
0.376471
0.392157
0.403922
0.223529
0.156863
0.247059
0.305882
0.345098
0.388235
0.345098
0.247059
0.192157
0.356863
0.384314
0.450980
0.431373
0.392157
0.333333
0.423529
0.400000
0.392157
0.388235
0.435294
0.392157
0.356863
0.356863
0.360784
0.403922
0.388235
0.368627
0.352941
0.384314
0.415686
0.431373
0.458824
0.325490
0.301961
0.345098
0.372549
0.486275
0.384314
0.411765
0.419608
0.400000
0.423529
0.439216
0.470588
0.470588
0.525490
0.560784
0.580392
0.584314
0.541176
0.415686
0.443137
0.435294
0.427451
0.388235
0.376471
0.447059
0.396078
0.407843
0.419608
0.458824
0.415686
0.431373
0.482353
0.388235
0.407843
0.435294
0.474510
0.447059
0.454902
0.447059
0.474510
0.470588
0.443137
0.466667
0.462745
0.513725
0.627451
0.658824
0.678431
0.690196
0.678431
0.533333
0.368627
0.333333
0.380392
0.356863
0.368627
0.396078
0.274510
0.384314
0.474510
0.486275
0.388235
0.313725
0.333333
0.470588
0.423529
0.529412
0.474510
0.419608
0.470588
0.478431
0.458824
0.435294
0.447059
0.458824
0.435294
0.560784
0.596078
0.564706
0.643137
0.635294
0.552941
0.600000
0.384314
0.313725
0.384314
0.352941
0.337255
0.262745
0.149020
0.321569
0.411765
0.450980
0.376471
0.196078
0.196078
0.427451
0.458824
0.533333
0.466667
0.513725
0.474510
0.498039
0.466667
0.392157
0.411765
0.403922
0.458824
0.627451
0.556863
0.568627
0.556863
0.643137
0.537255
0.494118
0.411765
0.380392
0.368627
0.392157
0.368627
0.235294
0.192157
0.345098
0.380392
0.400000
0.392157
0.266667
0.262745
0.384314
0.474510
0.450980
0.356863
0.513725
0.505882
0.482353
0.474510
0.431373
0.439216
0.466667
0.615686
0.635294
0.607843
0.588235
0.419608
0.541176
0.521569
0.356863
0.478431
0.466667
0.352941
0.439216
0.474510
0.423529
0.423529
0.458824
0.450980
0.443137
0.482353
0.494118
0.486275
0.478431
0.435294
0.435294
0.333333
0.427451
0.509804
0.494118
0.501961
0.525490
0.517647
0.556863
0.709804
0.592157
0.592157
0.498039
0.364706
0.411765
0.431373
0.309804
0.592157
0.462745
0.419608
0.462745
0.509804
0.521569
0.521569
0.521569
0.505882
0.513725
0.533333
0.552941
0.545098
0.494118
0.447059
0.494118
0.505882
0.525490
0.533333
0.541176
0.533333
0.541176
0.545098
0.603922
0.674510
0.517647
0.545098
0.415686
0.349020
0.352941
0.384314
0.392157
0.647059
0.498039
0.447059
0.498039
0.525490
0.533333
0.537255
0.545098
0.525490
0.545098
0.545098
0.529412
0.509804
0.603922
0.556863
0.576471
0.576471
0.607843
0.607843
0.584314
0.572549
0.580392
0.592157
0.674510
0.603922
0.454902
0.580392
0.407843
0.313725
0.313725
0.360784
0.447059
0.643137
0.564706
0.466667
0.533333
0.560784
0.564706
0.564706
0.552941
0.537255
0.545098
0.560784
0.560784
0.537255
0.592157
0.600000
0.600000
0.592157
0.611765
0.619608
0.564706
0.572549
0.615686
0.678431
0.705882
0.490196
0.423529
0.643137
0.509804
0.333333
0.305882
0.356863
0.411765
0.564706
0.549020
0.490196
0.568627
0.576471
0.588235
0.580392
0.568627
0.568627
0.572549
0.576471
0.580392
0.576471
0.600000
0.584314
0.592157
0.596078
0.592157
0.611765
0.572549
0.572549
0.662745
0.772549
0.705882
0.419608
0.352941
0.596078
0.552941
0.419608
0.333333
0.407843
0.380392
0.423529
0.470588
0.549020
0.572549
0.588235
0.611765
0.596078
0.592157
0.596078
0.603922
0.580392
0.580392
0.600000
0.600000
0.596078
0.564706
0.580392
0.600000
0.631373
0.654902
0.662745
0.701961
0.776471
0.686275
0.443137
0.313725
0.427451
0.443137
0.423529
0.329412
0.384314
0.537255
0.498039
0.501961
0.576471
0.603922
0.615686
0.627451
0.611765
0.600000
0.607843
0.619608
0.588235
0.580392
0.596078
0.568627
0.584314
0.580392
0.560784
0.588235
0.690196
0.756863
0.631373
0.686275
0.752941
0.603922
0.478431
0.333333
0.325490
0.415686
0.388235
0.305882
0.356863
0.682353
0.611765
0.509804
0.541176
0.584314
0.615686
0.619608
0.592157
0.564706
0.600000
0.611765
0.545098
0.533333
0.556863
0.509804
0.545098
0.568627
0.525490
0.572549
0.780392
0.603922
0.396078
0.627451
0.654902
0.498039
0.462745
0.341176
0.290196
0.458824
0.380392
0.294118
0.372549
0.623529
0.631373
0.521569
0.525490
0.549020
0.584314
0.572549
0.564706
0.572549
0.635294
0.607843
0.509804
0.494118
0.537255
0.411765
0.431373
0.470588
0.478431
0.545098
0.709804
0.384314
0.270588
0.407843
0.454902
0.415686
0.407843
0.321569
0.239216
0.407843
0.360784
0.313725
0.427451
0.556863
0.627451
0.537255
0.513725
0.533333
0.564706
0.541176
0.521569
0.537255
0.576471
0.627451
0.517647
0.490196
0.490196
0.329412
0.364706
0.384314
0.384314
0.400000
0.576471
0.294118
0.231373
0.160784
0.211765
0.352941
0.407843
0.400000
0.262745
0.325490
0.325490
0.294118
0.443137
0.556863
0.658824
0.588235
0.486275
0.494118
0.517647
0.525490
0.517647
0.501961
0.541176
0.619608
0.529412
0.466667
0.443137
0.270588
0.298039
0.313725
0.325490
0.349020
0.533333
0.262745
0.176471
0.117647
0.129412
0.301961
0.474510
0.513725
0.423529
0.356863
0.360784
0.333333
0.400000
0.521569
0.666667
0.800000
0.611765
0.466667
0.486275
0.513725
0.521569
0.529412
0.525490
0.564706
0.564706
0.513725
0.505882
0.270588
0.274510
0.282353
0.305882
0.270588
0.388235
0.270588
0.121569
0.090196
0.090196
0.301961
0.505882
0.584314
0.533333
0.450980
0.419608
0.419608
0.435294
0.482353
0.647059
0.905882
0.803922
0.509804
0.447059
0.474510
0.490196
0.494118
0.470588
0.517647
0.533333
0.505882
0.521569
0.294118
0.282353
0.286275
0.298039
0.149020
0.141176
0.290196
0.149020
0.078431
0.082353
0.313725
0.494118
0.576471
0.505882
0.486275
0.478431
0.505882
0.525490
0.415686
0.588235
0.843137
0.905882
0.772549
0.623529
0.639216
0.721569
0.721569
0.639216
0.498039
0.474510
0.454902
0.462745
0.298039
0.278431
0.290196
0.266667
0.149020
0.090196
0.172549
0.156863
0.090196
0.074510
0.270588
0.498039
0.509804
0.454902
0.470588
0.494118
0.537255
0.549020
0.443137
0.564706
0.752941
0.890196
0.905882
0.882353
0.894118
0.913725
0.921569
0.780392
0.447059
0.458824
0.431373
0.411765
0.301961
0.278431
0.274510
0.200000
0.168627
0.184314
0.090196
0.121569
0.074510
0.050980
0.200000
0.494118
0.509804
0.482353
0.458824
0.486275
0.541176
0.580392
0.552941
0.607843
0.701961
0.772549
0.807843
0.894118
0.898039
0.827451
0.835294
0.623529
0.411765
0.478431
0.423529
0.403922
0.305882
0.305882
0.301961
0.254902
0.231373
0.235294
0.156863
0.125490
0.078431
0.074510
0.203922
0.427451
0.525490
0.521569
0.392157
0.423529
0.521569
0.619608
0.607843
0.592157
0.631373
0.662745
0.705882
0.788235
0.862745
0.807843
0.658824
0.592157
0.517647
0.439216
0.403922
0.400000
0.301961
0.325490
0.309804
0.294118
0.286275
0.266667
0.207843
0.172549
0.105882
0.141176
0.243137
0.396078
0.517647
0.552941
0.396078
0.415686
0.443137
0.541176
0.627451
0.580392
0.568627
0.572549
0.584314
0.654902
0.803922
0.760784
0.517647
0.658824
0.619608
0.384314
0.376471
0.392157
0.309804
0.313725
0.301961
0.286275
0.298039
0.305882
0.298039
0.301961
0.243137
0.270588
0.282353
0.349020
0.431373
0.537255
0.505882
0.533333
0.490196
0.419608
0.490196
0.533333
0.560784
0.478431
0.466667
0.505882
0.654902
0.564706
0.478431
0.654902
0.549020
0.392157
0.384314
0.349020
0.294118
0.301961
0.317647
0.305882
0.341176
0.337255
0.352941
0.384314
0.356863
0.341176
0.301961
0.309804
0.337255
0.392157
0.439216
0.482353
0.498039
0.388235
0.384314
0.384314
0.478431
0.435294
0.427451
0.415686
0.474510
0.427451
0.443137
0.486275
0.427451
0.360784
0.337255
0.313725
0.250980
0.286275
0.298039
0.290196
0.329412
0.309804
0.325490
0.376471
0.356863
0.341176
0.333333
0.301961
0.321569
0.313725
0.341176
0.368627
0.349020
0.333333
0.345098
0.313725
0.368627
0.380392
0.380392
0.360784
0.341176
0.368627
0.352941
0.364706
0.349020
0.301961
0.290196
0.305882
0.270588
0.305882
0.282353
0.278431
0.301961
0.298039
0.294118
0.313725
0.329412
0.349020
0.329412
0.298039
0.349020
0.317647
0.309804
0.337255
0.333333
0.341176
0.317647
0.317647
0.333333
0.294118
0.274510
0.278431
0.329412
0.364706
0.337255
0.349020
0.341176
0.301961
0.313725
0.301961
0.266667
0.301961
0.278431
0.294118
0.313725
0.290196
0.254902
0.274510
0.317647
0.349020
0.301961
0.305882
0.349020
0.345098
0.301961
0.301961
0.301961
0.298039
0.294118
0.258824
0.258824
0.282353
0.286275
0.262745
0.313725
0.349020
0.337255
0.329412
0.337255
0.290196
0.294118
0.313725
0.262745
0.274510
0.258824
0.270588
0.286275
0.270588
0.266667
0.270588
0.294118
0.325490
0.305882
0.325490
0.309804
0.325490
0.294118
0.274510
0.243137
0.270588
0.270588
0.227451
0.227451
0.258824
0.286275
0.266667
0.274510
0.301961
0.298039
0.290196
0.294118
0.270588
0.282353
0.305882
0.078431
0.094118
0.149020
0.141176
0.125490
0.101961
0.125490
0.152941
0.113725
0.203922
0.203922
0.235294
0.356863
0.384314
0.309804
0.321569
0.274510
0.168627
0.223529
0.400000
0.427451
0.219608
0.176471
0.207843
0.168627
0.270588
0.450980
0.505882
0.356863
0.439216
0.556863
0.572549
0.141176
0.113725
0.196078
0.203922
0.200000
0.109804
0.145098
0.196078
0.196078
0.376471
0.364706
0.415686
0.482353
0.478431
0.490196
0.462745
0.443137
0.380392
0.403922
0.584314
0.556863
0.360784
0.301961
0.372549
0.364706
0.490196
0.580392
0.572549
0.466667
0.541176
0.572549
0.603922
0.207843
0.141176
0.266667
0.325490
0.301961
0.270588
0.274510
0.278431
0.294118
0.521569
0.537255
0.611765
0.607843
0.525490
0.517647
0.572549
0.600000
0.541176
0.533333
0.635294
0.600000
0.498039
0.474510
0.541176
0.592157
0.631373
0.619608
0.588235
0.545098
0.615686
0.631373
0.635294
0.286275
0.223529
0.364706
0.462745
0.466667
0.474510
0.525490
0.447059
0.388235
0.619608
0.678431
0.745098
0.705882
0.623529
0.509804
0.556863
0.560784
0.572549
0.537255
0.623529
0.619608
0.596078
0.584314
0.635294
0.694118
0.670588
0.647059
0.596078
0.631373
0.690196
0.694118
0.698039
0.301961
0.352941
0.364706
0.482353
0.501961
0.462745
0.662745
0.678431
0.682353
0.749020
0.768627
0.788235
0.756863
0.737255
0.678431
0.631373
0.654902
0.654902
0.498039
0.564706
0.588235
0.611765
0.549020
0.596078
0.737255
0.690196
0.698039
0.674510
0.717647
0.709804
0.701961
0.717647
0.278431
0.376471
0.400000
0.509804
0.435294
0.584314
0.752941
0.788235
0.792157
0.796078
0.811765
0.780392
0.764706
0.741176
0.662745
0.631373
0.666667
0.690196
0.552941
0.435294
0.415686
0.505882
0.478431
0.552941
0.662745
0.556863
0.666667
0.737255
0.741176
0.658824
0.560784
0.545098
0.341176
0.286275
0.470588
0.458824
0.545098
0.737255
0.807843
0.815686
0.760784
0.788235
0.803922
0.733333
0.729412
0.549020
0.419608
0.513725
0.525490
0.447059
0.564706
0.435294
0.396078
0.517647
0.545098
0.572549
0.517647
0.403922
0.584314
0.686275
0.713725
0.623529
0.423529
0.407843
0.301961
0.321569
0.392157
0.407843
0.725490
0.803922
0.807843
0.803922
0.713725
0.745098
0.729412
0.713725
0.737255
0.470588
0.400000
0.415686
0.509804
0.388235
0.435294
0.470588
0.509804
0.560784
0.650980
0.658824
0.513725
0.454902
0.623529
0.674510
0.686275
0.654902
0.509804
0.494118
0.270588
0.352941
0.290196
0.266667
0.698039
0.858824
0.831373
0.815686
0.745098
0.752941
0.768627
0.815686
0.682353
0.521569
0.447059
0.294118
0.403922
0.360784
0.282353
0.552941
0.639216
0.588235
0.733333
0.796078
0.725490
0.709804
0.756863
0.764706
0.745098
0.772549
0.772549
0.756863
0.392157
0.333333
0.407843
0.352941
0.607843
0.850980
0.843137
0.831373
0.819608
0.807843
0.831373
0.854902
0.572549
0.501961
0.380392
0.247059
0.270588
0.266667
0.235294
0.674510
0.639216
0.654902
0.752941
0.819608
0.819608
0.819608
0.827451
0.823529
0.823529
0.835294
0.854902
0.850980
0.470588
0.411765
0.607843
0.694118
0.756863
0.819608
0.819608
0.815686
0.823529
0.815686
0.854902
0.780392
0.458824
0.462745
0.309804
0.235294
0.223529
0.227451
0.325490
0.741176
0.666667
0.674510
0.776471
0.815686
0.819608
0.831373
0.839216
0.831373
0.847059
0.843137
0.835294
0.827451
0.698039
0.603922
0.729412
0.823529
0.847059
0.854902
0.866667
0.870588
0.862745
0.858824
0.909804
0.686275
0.384314
0.501961
0.305882
0.200000
0.192157
0.219608
0.392157
0.745098
0.745098
0.701961
0.815686
0.847059
0.839216
0.843137
0.835294
0.827451
0.835294
0.847059
0.854902
0.843137
0.760784
0.752941
0.784314
0.827451
0.870588
0.862745
0.890196
0.886275
0.870588
0.898039
0.917647
0.572549
0.349020
0.564706
0.400000
0.203922
0.184314
0.235294
0.372549
0.666667
0.741176
0.733333
0.850980
0.874510
0.862745
0.854902
0.850980
0.850980
0.847059
0.839216
0.847059
0.843137
0.800000
0.788235
0.807843
0.843137
0.878431
0.843137
0.862745
0.835294
0.878431
0.933333
0.858824
0.474510
0.278431
0.513725
0.439216
0.274510
0.200000
0.294118
0.364706
0.545098
0.678431
0.784314
0.839216
0.874510
0.878431
0.862745
0.870588
0.866667
0.862745
0.827451
0.827451
0.843137
0.803922
0.807843
0.788235
0.811765
0.843137
0.823529
0.839216
0.827451
0.890196
0.925490
0.760784
0.423529
0.227451
0.333333
0.325490
0.278431
0.188235
0.274510
0.545098
0.658824
0.729412
0.811765
0.847059
0.862745
0.862745
0.858824
0.854902
0.850980
0.862745
0.835294
0.827451
0.843137
0.760784
0.784314
0.788235
0.760784
0.792157
0.835294
0.819608
0.701961
0.850980
0.894118
0.619608
0.411765
0.239216
0.223529
0.298039
0.247059
0.152941
0.243137
0.698039
0.784314
0.756863
0.784314
0.819608
0.843137
0.843137
0.831373
0.811765
0.827451
0.835294
0.792157
0.784314
0.811765
0.686275
0.729412
0.756863
0.705882
0.729412
0.886275
0.568627
0.376471
0.749020
0.764706
0.478431
0.388235
0.250980
0.188235
0.345098
0.258824
0.149020
0.262745
0.623529
0.776471
0.768627
0.776471
0.788235
0.815686
0.800000
0.800000
0.819608
0.850980
0.819608
0.752941
0.752941
0.803922
0.603922
0.635294
0.670588
0.643137
0.658824
0.796078
0.282353
0.168627
0.447059
0.490196
0.349020
0.341176
0.239216
0.137255
0.305882
0.262745
0.184314
0.317647
0.525490
0.713725
0.768627
0.772549
0.784314
0.811765
0.784314
0.768627
0.784314
0.784314
0.823529
0.749020
0.749020
0.764706
0.584314
0.627451
0.643137
0.560784
0.474510
0.650980
0.160784
0.070588
0.105882
0.160784
0.247059
0.356863
0.349020
0.184314
0.243137
0.247059
0.184314
0.341176
0.498039
0.694118
0.780392
0.725490
0.752941
0.784314
0.776471
0.764706
0.749020
0.741176
0.803922
0.752941
0.717647
0.709804
0.580392
0.603922
0.615686
0.517647
0.356863
0.639216
0.172549
0.031373
0.027451
0.050980
0.250980
0.521569
0.596078
0.454902
0.329412
0.294118
0.239216
0.294118
0.439216
0.647059
0.866667
0.756863
0.713725
0.756863
0.760784
0.764706
0.764706
0.749020
0.752941
0.784314
0.752941
0.741176
0.580392
0.576471
0.584314
0.486275
0.231373
0.498039
0.266667
0.047059
0.015686
0.043137
0.321569
0.635294
0.741176
0.639216
0.486275
0.396078
0.364706
0.364706
0.431373
0.643137
0.921569
0.874510
0.701961
0.690196
0.713725
0.725490
0.721569
0.690196
0.694118
0.749020
0.745098
0.749020
0.588235
0.564706
0.568627
0.458824
0.101961
0.207843
0.337255
0.129412
0.019608
0.062745
0.380392
0.670588
0.764706
0.654902
0.584314
0.529412
0.517647
0.525490
0.431373
0.643137
0.886275
0.937255
0.878431
0.788235
0.792157
0.858824
0.854902
0.752941
0.623529
0.686275
0.698039
0.705882
0.580392
0.549020
0.560784
0.447059
0.133333
0.105882
0.196078
0.125490
0.023529
0.043137
0.349020
0.694118
0.721569
0.643137
0.619608
0.603922
0.611765
0.619608
0.521569
0.674510
0.862745
0.933333
0.949020
0.945098
0.937255
0.949020
0.960784
0.796078
0.529412
0.666667
0.674510
0.658824
0.572549
0.537255
0.533333
0.403922
0.235294
0.203922
0.094118
0.086275
0.015686
0.015686
0.262745
0.686275
0.725490
0.682353
0.627451
0.619608
0.658824
0.701961
0.682353
0.752941
0.862745
0.866667
0.866667
0.921569
0.937255
0.894118
0.905882
0.694118
0.525490
0.690196
0.666667
0.647059
0.560784
0.545098
0.541176
0.466667
0.380392
0.325490
0.219608
0.137255
0.062745
0.058824
0.278431
0.615686
0.729412
0.717647
0.552941
0.560784
0.666667
0.780392
0.768627
0.749020
0.772549
0.788235
0.843137
0.886275
0.929412
0.890196
0.760784
0.721569
0.670588
0.666667
0.643137
0.627451
0.549020
0.560784
0.541176
0.517647
0.490196
0.431373
0.352941
0.258824
0.149020
0.180392
0.349020
0.584314
0.713725
0.733333
0.545098
0.549020
0.600000
0.721569
0.803922
0.733333
0.674510
0.701961
0.752941
0.792157
0.898039
0.843137
0.607843
0.768627
0.784314
0.619608
0.619608
0.623529
0.560784
0.556863
0.549020
0.529412
0.521569
0.509804
0.482353
0.447059
0.356863
0.392157
0.443137
0.545098
0.631373
0.713725
0.654902
0.666667
0.650980
0.615686
0.678431
0.686275
0.682353
0.631373
0.635294
0.654902
0.807843
0.705882
0.600000
0.780392
0.733333
0.627451
0.627451
0.588235
0.545098
0.552941
0.568627
0.556863
0.576471
0.556863
0.556863
0.572549
0.533333
0.525490
0.521569
0.537255
0.545098
0.584314
0.615686
0.654902
0.682353
0.603922
0.588235
0.556863
0.654902
0.643137
0.650980
0.623529
0.686275
0.627451
0.631373
0.678431
0.643137
0.592157
0.576471
0.541176
0.509804
0.541176
0.552941
0.549020
0.576471
0.545098
0.549020
0.588235
0.564706
0.552941
0.580392
0.549020
0.541176
0.529412
0.560784
0.576471
0.556863
0.556863
0.564706
0.509804
0.588235
0.623529
0.639216
0.607843
0.584314
0.611765
0.596078
0.619608
0.584314
0.521569
0.513725
0.517647
0.541176
0.568627
0.545098
0.549020
0.556863
0.545098
0.537255
0.541176
0.545098
0.560784
0.564706
0.541176
0.576471
0.552941
0.549020
0.572549
0.560784
0.572549
0.545098
0.533333
0.556863
0.529412
0.521569
0.525490
0.564706
0.600000
0.580392
0.592157
0.568627
0.521569
0.529412
0.498039
0.541176
0.568627
0.552941
0.572549
0.584314
0.552941
0.517647
0.525490
0.545098
0.572549
0.545098
0.556863
0.596078
0.596078
0.556863
0.556863
0.549020
0.541176
0.529412
0.490196
0.486275
0.505882
0.517647
0.501961
0.549020
0.580392
0.576471
0.552941
0.556863
0.517647
0.513725
0.513725
0.537255
0.545098
0.537255
0.552941
0.556863
0.541176
0.537255
0.541176
0.552941
0.572549
0.568627
0.592157
0.572549
0.592157
0.556863
0.537255
0.501961
0.513725
0.513725
0.474510
0.470588
0.490196
0.521569
0.513725
0.529412
0.560784
0.556863
0.521569
0.521569
0.505882
0.509804
0.517647
0.090196
0.098039
0.145098
0.137255
0.172549
0.137255
0.160784
0.200000
0.145098
0.149020
0.168627
0.160784
0.278431
0.364706
0.294118
0.321569
0.301961
0.203922
0.274510
0.443137
0.521569
0.341176
0.215686
0.239216
0.254902
0.337255
0.482353
0.600000
0.360784
0.388235
0.470588
0.474510
0.188235
0.176471
0.200000
0.203922
0.258824
0.196078
0.235294
0.270588
0.223529
0.278431
0.262745
0.270588
0.352941
0.439216
0.478431
0.466667
0.431373
0.356863
0.407843
0.556863
0.580392
0.443137
0.325490
0.337255
0.368627
0.486275
0.541176
0.580392
0.435294
0.478431
0.454902
0.466667
0.254902
0.215686
0.262745
0.301961
0.341176
0.349020
0.337255
0.313725
0.266667
0.337255
0.321569
0.364706
0.403922
0.443137
0.490196
0.564706
0.541176
0.454902
0.494118
0.537255
0.541176
0.498039
0.443137
0.403922
0.498039
0.560784
0.525490
0.533333
0.474510
0.513725
0.447059
0.443137
0.349020
0.298039
0.384314
0.447059
0.505882
0.513725
0.498039
0.419608
0.321569
0.380392
0.403922
0.431373
0.447059
0.521569
0.486275
0.560784
0.501961
0.478431
0.509804
0.521569
0.525490
0.525490
0.505882
0.439216
0.498039
0.521569
0.498039
0.501961
0.466667
0.447059
0.360784
0.360784
0.431373
0.454902
0.470588
0.529412
0.596078
0.501961
0.572549
0.580392
0.529412
0.419608
0.411765
0.435294
0.501961
0.662745
0.698039
0.690196
0.662745
0.623529
0.564706
0.537255
0.552941
0.549020
0.490196
0.427451
0.462745
0.427451
0.478431
0.525490
0.494118
0.392157
0.286275
0.313725
0.470588
0.549020
0.580392
0.631373
0.545098
0.576471
0.592157
0.619608
0.596078
0.454902
0.435294
0.423529
0.568627
0.741176
0.717647
0.717647
0.741176
0.741176
0.662745
0.494118
0.443137
0.466667
0.411765
0.384314
0.352941
0.262745
0.403922
0.509804
0.501961
0.384314
0.227451
0.223529
0.545098
0.521569
0.670588
0.596078
0.549020
0.596078
0.560784
0.545098
0.509804
0.474510
0.435294
0.403922
0.623529
0.639216
0.482353
0.576471
0.627451
0.552941
0.639216
0.517647
0.419608
0.454902
0.392157
0.321569
0.227451
0.180392
0.337255
0.388235
0.435294
0.384314
0.215686
0.200000
0.482353
0.545098
0.588235
0.525490
0.639216
0.576471
0.549020
0.501961
0.415686
0.443137
0.431373
0.486275
0.717647
0.576471
0.470588
0.490196
0.607843
0.517647
0.513725
0.533333
0.498039
0.458824
0.450980
0.392157
0.254902
0.274510
0.411765
0.396078
0.411765
0.435294
0.360784
0.372549
0.431373
0.556863
0.470588
0.368627
0.584314
0.603922
0.592157
0.556863
0.478431
0.513725
0.568627
0.721569
0.752941
0.631373
0.529412
0.392157
0.498039
0.498039
0.388235
0.592157
0.596078
0.458824
0.521569
0.549020
0.505882
0.545098
0.580392
0.529412
0.505882
0.576471
0.635294
0.647059
0.552941
0.537255
0.537255
0.411765
0.509804
0.643137
0.666667
0.666667
0.658824
0.662745
0.725490
0.862745
0.701961
0.611765
0.474510
0.364706
0.364706
0.392157
0.360784
0.725490
0.607843
0.529412
0.552941
0.611765
0.643137
0.662745
0.674510
0.631373
0.623529
0.662745
0.690196
0.674510
0.592157
0.576471
0.658824
0.670588
0.662745
0.690196
0.705882
0.705882
0.729412
0.729412
0.823529
0.854902
0.603922
0.576471
0.419608
0.352941
0.317647
0.329412
0.466667
0.835294
0.670588
0.568627
0.596078
0.647059
0.670588
0.662745
0.694118
0.666667
0.666667
0.678431
0.647059
0.611765
0.733333
0.690196
0.709804
0.733333
0.752941
0.768627
0.749020
0.729412
0.745098
0.776471
0.925490
0.796078
0.517647
0.615686
0.427451
0.313725
0.301961
0.294118
0.541176
0.894118
0.784314
0.611765
0.647059
0.698039
0.701961
0.666667
0.690196
0.670588
0.643137
0.674510
0.674510
0.658824
0.725490
0.733333
0.701961
0.698039
0.741176
0.752941
0.733333
0.721569
0.749020
0.843137
0.980392
0.717647
0.474510
0.678431
0.529412
0.341176
0.301961
0.294118
0.509804
0.835294
0.768627
0.650980
0.705882
0.721569
0.733333
0.698039
0.717647
0.705882
0.674510
0.694118
0.721569
0.721569
0.792157
0.768627
0.749020
0.733333
0.749020
0.741176
0.741176
0.741176
0.823529
0.941176
0.968627
0.635294
0.396078
0.619608
0.564706
0.431373
0.305882
0.352941
0.466667
0.654902
0.654902
0.705882
0.733333
0.745098
0.776471
0.760784
0.764706
0.745098
0.733333
0.733333
0.756863
0.760784
0.831373
0.819608
0.780392
0.776471
0.784314
0.780392
0.823529
0.858824
0.921569
0.972549
0.890196
0.580392
0.329412
0.427451
0.443137
0.419608
0.274510
0.333333
0.615686
0.670588
0.650980
0.721569
0.768627
0.796078
0.811765
0.792157
0.768627
0.760784
0.764706
0.741176
0.749020
0.768627
0.749020
0.756863
0.760784
0.760784
0.780392
0.831373
0.866667
0.815686
0.949020
0.968627
0.760784
0.549020
0.329412
0.309804
0.403922
0.376471
0.250980
0.345098
0.780392
0.752941
0.619608
0.658824
0.733333
0.792157
0.792157
0.760784
0.701961
0.737255
0.760784
0.682353
0.666667
0.705882
0.658824
0.682353
0.737255
0.717647
0.752941
0.917647
0.639216
0.509804
0.882353
0.882353
0.615686
0.505882
0.345098
0.274510
0.443137
0.376471
0.274510
0.403922
0.752941
0.776471
0.619608
0.627451
0.682353
0.741176
0.713725
0.709804
0.678431
0.760784
0.772549
0.635294
0.596078
0.650980
0.545098
0.556863
0.639216
0.658824
0.729412
0.882353
0.368627
0.278431
0.584314
0.635294
0.486275
0.443137
0.345098
0.231373
0.396078
0.368627
0.313725
0.466667
0.690196
0.784314
0.674510
0.650980
0.678431
0.709804
0.670588
0.666667
0.635294
0.725490
0.839216
0.666667
0.588235
0.592157
0.400000
0.423529
0.494118
0.545098
0.600000
0.796078
0.266667
0.156863
0.219608
0.298039
0.384314
0.470588
0.482353
0.298039
0.333333
0.333333
0.298039
0.466667
0.666667
0.815686
0.760784
0.658824
0.666667
0.686275
0.674510
0.686275
0.631373
0.725490
0.882353
0.725490
0.592157
0.564706
0.313725
0.321569
0.356863
0.439216
0.490196
0.788235
0.286275
0.094118
0.094118
0.121569
0.364706
0.686275
0.788235
0.639216
0.462745
0.384314
0.352941
0.419608
0.596078
0.792157
0.901961
0.713725
0.635294
0.690196
0.698039
0.717647
0.721569
0.729412
0.835294
0.811765
0.678431
0.658824
0.329412
0.317647
0.333333
0.384314
0.349020
0.619608
0.352941
0.086275
0.054902
0.086275
0.439216
0.831373
0.945098
0.858824
0.670588
0.525490
0.494118
0.501961
0.584314
0.792157
0.980392
0.858824
0.639216
0.631373
0.654902
0.654902
0.662745
0.647059
0.772549
0.788235
0.682353
0.686275
0.368627
0.341176
0.349020
0.352941
0.176471
0.301961
0.392157
0.149020
0.050980
0.113725
0.513725
0.874510
0.964706
0.894118
0.815686
0.717647
0.678431
0.686275
0.607843
0.815686
0.972549
0.960784
0.850980
0.745098
0.752941
0.803922
0.800000
0.749020
0.721569
0.713725
0.631373
0.635294
0.360784
0.337255
0.345098
0.317647
0.152941
0.160784
0.235294
0.145098
0.058824
0.101961
0.486275
0.901961
0.933333
0.890196
0.878431
0.839216
0.827451
0.827451
0.741176
0.894118
0.976471
0.988235
0.976471
0.952941
0.960784
0.960784
0.972549
0.878431
0.654902
0.682353
0.603922
0.584314
0.356863
0.333333
0.325490
0.254902
0.184314
0.200000
0.109804
0.105882
0.050980
0.062745
0.372549
0.870588
0.929412
0.917647
0.874510
0.866667
0.898039
0.925490
0.917647
0.976471
0.996078
0.968627
0.949020
0.984314
0.992157
0.952941
0.980392
0.823529
0.647059
0.690196
0.596078
0.568627
0.376471
0.384314
0.368627
0.325490
0.278431
0.254902
0.180392
0.133333
0.082353
0.078431
0.337255
0.764706
0.929412
0.929412
0.772549
0.772549
0.878431
0.960784
0.956863
0.956863
0.952941
0.945098
0.960784
0.976471
0.984314
0.968627
0.898039
0.862745
0.768627
0.650980
0.572549
0.552941
0.415686
0.435294
0.407843
0.388235
0.376471
0.321569
0.262745
0.215686
0.141176
0.164706
0.341176
0.662745
0.866667
0.894118
0.713725
0.713725
0.768627
0.862745
0.937255
0.894118
0.858824
0.874510
0.890196
0.905882
0.952941
0.925490
0.752941
0.894118
0.854902
0.588235
0.537255
0.552941
0.447059
0.439216
0.423529
0.400000
0.419608
0.388235
0.360784
0.364706
0.309804
0.337255
0.368627
0.529412
0.678431
0.784314
0.741176
0.764706
0.760784
0.701961
0.756863
0.772549
0.796078
0.764706
0.764706
0.756863
0.870588
0.784314
0.701961
0.866667
0.760784
0.560784
0.509804
0.501961
0.407843
0.419608
0.431373
0.419608
0.470588
0.427451
0.419608
0.466667
0.466667
0.443137
0.407843
0.462745
0.505882
0.560784
0.611765
0.666667
0.705882
0.607843
0.580392
0.556863
0.690196
0.705882
0.705882
0.647059
0.701961
0.670588
0.682353
0.717647
0.611765
0.466667
0.407843
0.419608
0.329412
0.380392
0.396078
0.388235
0.454902
0.407843
0.392157
0.466667
0.482353
0.454902
0.447059
0.439216
0.443137
0.435294
0.486275
0.525490
0.501961
0.498039
0.490196
0.431373
0.537255
0.600000
0.603922
0.533333
0.501961
0.541176
0.533333
0.545098
0.474510
0.360784
0.325490
0.376471
0.325490
0.388235
0.360784
0.360784
0.419608
0.400000
0.360784
0.396078
0.447059
0.454902
0.431373
0.435294
0.482353
0.447059
0.450980
0.494118
0.466667
0.482353
0.443137
0.407843
0.439216
0.439216
0.423529
0.396078
0.443137
0.501961
0.486275
0.490196
0.443137
0.356863
0.345098
0.360784
0.317647
0.372549
0.341176
0.360784
0.431373
0.396078
0.321569
0.349020
0.423529
0.454902
0.411765
0.466667
0.517647
0.486275
0.443137
0.447059
0.415686
0.423529
0.400000
0.321569
0.317647
0.368627
0.388235
0.345098
0.423529
0.490196
0.486275
0.458824
0.427451
0.341176
0.317647
0.349020
0.317647
0.349020
0.309804
0.325490
0.400000
0.380392
0.337255
0.349020
0.400000
0.439216
0.431373
0.505882
0.498039
0.462745
0.415686
0.392157
0.325490
0.364706
0.349020
0.262745
0.258824
0.321569
0.376471
0.349020
0.345098
0.380392
0.388235
0.349020
0.345098
0.309804
0.290196
0.309804
