0.650980
0.647059
0.619608
0.682353
0.666667
0.647059
0.588235
0.635294
0.701961
0.705882
0.623529
0.368627
0.525490
0.658824
0.674510
0.686275
0.670588
0.662745
0.647059
0.682353
0.592157
0.321569
0.427451
0.572549
0.654902
0.658824
0.639216
0.639216
0.615686
0.588235
0.588235
0.572549
0.262745
0.254902
0.196078
0.301961
0.270588
0.250980
0.176471
0.196078
0.278431
0.313725
0.286275
0.145098
0.203922
0.239216
0.239216
0.266667
0.274510
0.270588
0.231373
0.266667
0.274510
0.227451
0.164706
0.172549
0.282353
0.239216
0.145098
0.258824
0.254902
0.215686
0.239216
0.223529
0.462745
0.439216
0.443137
0.529412
0.560784
0.564706
0.486275
0.443137
0.490196
0.509804
0.501961
0.513725
0.509804
0.443137
0.396078
0.337255
0.364706
0.388235
0.403922
0.435294
0.509804
0.474510
0.474510
0.439216
0.360784
0.368627
0.345098
0.443137
0.427451
0.415686
0.337255
0.325490
0.796078
0.760784
0.776471
0.768627
0.800000
0.776471
0.752941
0.811765
0.803922
0.800000
0.811765
0.807843
0.862745
0.827451
0.682353
0.419608
0.427451
0.588235
0.733333
0.803922
0.843137
0.843137
0.866667
0.803922
0.749020
0.835294
0.850980
0.843137
0.811765
0.815686
0.717647
0.725490
0.890196
0.866667
0.870588
0.819608
0.788235
0.819608
0.772549
0.905882
0.917647
0.909804
0.901961
0.870588
0.945098
0.933333
0.858824
0.749020
0.678431
0.713725
0.850980
0.929412
0.894118
0.925490
0.937255
0.913725
0.937255
0.937255
0.925490
0.949020
0.941176
0.945098
0.882353
0.894118
0.945098
0.901961
0.929412
0.945098
0.933333
0.933333
0.909804
0.909804
0.905882
0.921569
0.952941
0.945098
0.933333
0.913725
0.905882
0.913725
0.894118
0.709804
0.835294
0.945098
0.913725
0.898039
0.925490
0.921569
0.917647
0.917647
0.921569
0.933333
0.929412
0.917647
0.913725
0.933333
0.925490
0.882353
0.905882
0.913725
0.933333
0.913725
0.894118
0.878431
0.862745
0.890196
0.921569
0.917647
0.862745
0.843137
0.831373
0.815686
0.815686
0.678431
0.847059
0.913725
0.909804
0.882353
0.909804
0.917647
0.890196
0.854902
0.901961
0.901961
0.862745
0.792157
0.858824
0.874510
0.952941
0.933333
0.921569
0.929412
0.925490
0.921569
0.941176
0.921569
0.917647
0.921569
0.894118
0.909804
0.898039
0.905882
0.905882
0.882353
0.823529
0.717647
0.811765
0.854902
0.858824
0.835294
0.811765
0.850980
0.854902
0.827451
0.819608
0.847059
0.819608
0.800000
0.819608
0.823529
0.960784
0.929412
0.913725
0.941176
0.925490
0.898039
0.933333
0.956863
0.949020
0.917647
0.886275
0.886275
0.905882
0.960784
0.949020
0.886275
0.874510
0.776471
0.666667
0.847059
0.847059
0.819608
0.780392
0.835294
0.835294
0.811765
0.764706
0.713725
0.752941
0.811765
0.815686
0.843137
0.909804
0.913725
0.929412
0.941176
0.917647
0.898039
0.929412
0.945098
0.905882
0.843137
0.776471
0.850980
0.819608
0.760784
0.611765
0.407843
0.584314
0.811765
0.607843
0.584314
0.803922
0.788235
0.752941
0.733333
0.725490
0.752941
0.752941
0.713725
0.721569
0.725490
0.690196
0.682353
0.882353
0.921569
0.952941
0.929412
0.847059
0.858824
0.878431
0.874510
0.827451
0.560784
0.258824
0.380392
0.486275
0.411765
0.282353
0.176471
0.223529
0.478431
0.674510
0.443137
0.709804
0.741176
0.690196
0.650980
0.662745
0.701961
0.670588
0.635294
0.611765
0.592157
0.529412
0.537255
0.807843
0.831373
0.850980
0.811765
0.745098
0.756863
0.807843
0.800000
0.721569
0.301961
0.019608
0.035294
0.196078
0.278431
0.356863
0.274510
0.141176
0.082353
0.333333
0.337255
0.572549
0.588235
0.521569
0.505882
0.474510
0.478431
0.462745
0.435294
0.505882
0.611765
0.639216
0.670588
0.745098
0.815686
0.741176
0.694118
0.768627
0.756863
0.815686
0.819608
0.678431
0.466667
0.392157
0.317647
0.121569
0.254902
0.466667
0.227451
0.078431
0.023529
0.062745
0.313725
0.505882
0.450980
0.403922
0.407843
0.470588
0.474510
0.486275
0.572549
0.686275
0.721569
0.745098
0.752941
0.674510
0.764706
0.776471
0.709804
0.780392
0.768627
0.764706
0.682353
0.603922
0.600000
0.619608
0.545098
0.286275
0.274510
0.490196
0.160784
0.000000
0.000000
0.254902
0.541176
0.560784
0.576471
0.576471
0.631373
0.666667
0.694118
0.678431
0.760784
0.839216
0.792157
0.756863
0.784314
0.705882
0.709804
0.741176
0.737255
0.698039
0.670588
0.678431
0.603922
0.560784
0.556863
0.498039
0.486275
0.435294
0.309804
0.247059
0.101961
0.176471
0.274510
0.576471
0.682353
0.694118
0.752941
0.807843
0.839216
0.831373
0.796078
0.788235
0.831373
0.819608
0.792157
0.823529
0.823529
0.686275
0.674510
0.647059
0.635294
0.654902
0.658824
0.666667
0.611765
0.556863
0.580392
0.552941
0.513725
0.521569
0.498039
0.156863
0.219608
0.549020
0.694118
0.768627
0.776471
0.823529
0.831373
0.788235
0.764706
0.784314
0.800000
0.784314
0.729412
0.721569
0.733333
0.772549
0.729412
0.568627
0.498039
0.490196
0.474510
0.490196
0.501961
0.541176
0.549020
0.556863
0.607843
0.666667
0.631373
0.619608
0.674510
0.447059
0.423529
0.588235
0.650980
0.619608
0.592157
0.619608
0.611765
0.592157
0.545098
0.537255
0.560784
0.545098
0.513725
0.498039
0.513725
0.517647
0.521569
0.494118
0.462745
0.470588
0.431373
0.403922
0.392157
0.466667
0.494118
0.572549
0.635294
0.650980
0.627451
0.568627
0.603922
0.474510
0.407843
0.529412
0.564706
0.560784
0.580392
0.603922
0.647059
0.654902
0.627451
0.627451
0.623529
0.627451
0.639216
0.647059
0.682353
0.674510
0.694118
0.509804
0.568627
0.568627
0.462745
0.376471
0.352941
0.392157
0.478431
0.584314
0.647059
0.603922
0.600000
0.603922
0.552941
0.486275
0.447059
0.584314
0.647059
0.666667
0.694118
0.717647
0.756863
0.800000
0.776471
0.792157
0.749020
0.745098
0.741176
0.717647
0.737255
0.749020
0.776471
0.549020
0.619608
0.537255
0.545098
0.568627
0.537255
0.552941
0.603922
0.670588
0.709804
0.627451
0.603922
0.654902
0.603922
0.541176
0.537255
0.654902
0.737255
0.760784
0.792157
0.776471
0.784314
0.811765
0.788235
0.811765
0.815686
0.764706
0.709804
0.631373
0.647059
0.635294
0.686275
0.517647
0.576471
0.517647
0.698039
0.733333
0.709804
0.776471
0.780392
0.737255
0.682353
0.552941
0.545098
0.611765
0.545098
0.576471
0.592157
0.662745
0.815686
0.796078
0.800000
0.800000
0.800000
0.823529
0.800000
0.827451
0.847059
0.823529
0.788235
0.670588
0.584314
0.611765
0.686275
0.658824
0.611765
0.643137
0.725490
0.698039
0.674510
0.760784
0.803922
0.772549
0.717647
0.580392
0.525490
0.662745
0.584314
0.498039
0.580392
0.631373
0.749020
0.682353
0.690196
0.776471
0.713725
0.811765
0.792157
0.780392
0.788235
0.792157
0.803922
0.772549
0.709804
0.768627
0.788235
0.768627
0.741176
0.749020
0.647059
0.603922
0.607843
0.650980
0.737255
0.752941
0.752941
0.741176
0.670588
0.678431
0.639216
0.537255
0.623529
0.615686
0.690196
0.666667
0.698039
0.764706
0.760784
0.792157
0.752941
0.756863
0.772549
0.760784
0.784314
0.760784
0.733333
0.717647
0.694118
0.474510
0.643137
0.686275
0.509804
0.509804
0.552941
0.564706
0.647059
0.690196
0.698039
0.776471
0.749020
0.725490
0.737255
0.768627
0.756863
0.768627
0.792157
0.756863
0.713725
0.717647
0.788235
0.749020
0.717647
0.733333
0.737255
0.670588
0.701961
0.725490
0.674510
0.690196
0.694118
0.294118
0.549020
0.666667
0.670588
0.658824
0.647059
0.627451
0.670588
0.686275
0.705882
0.709804
0.670588
0.650980
0.725490
0.768627
0.686275
0.713725
0.745098
0.745098
0.756863
0.717647
0.678431
0.623529
0.552941
0.619608
0.701961
0.529412
0.552941
0.650980
0.694118
0.701961
0.733333
0.415686
0.466667
0.521569
0.615686
0.623529
0.674510
0.670588
0.678431
0.674510
0.670588
0.670588
0.619608
0.611765
0.698039
0.709804
0.560784
0.576471
0.639216
0.662745
0.733333
0.721569
0.580392
0.580392
0.533333
0.541176
0.619608
0.584314
0.572549
0.584314
0.650980
0.690196
0.721569
0.607843
0.584314
0.592157
0.627451
0.639216
0.709804
0.749020
0.756863
0.717647
0.670588
0.674510
0.686275
0.682353
0.741176
0.729412
0.674510
0.658824
0.658824
0.705882
0.752941
0.745098
0.705882
0.698039
0.698039
0.639216
0.533333
0.545098
0.600000
0.580392
0.662745
0.701961
0.721569
0.654902
0.611765
0.647059
0.658824
0.701961
0.772549
0.800000
0.784314
0.764706
0.733333
0.690196
0.741176
0.705882
0.733333
0.705882
0.713725
0.694118
0.678431
0.705882
0.717647
0.694118
0.729412
0.701961
0.733333
0.701961
0.596078
0.611765
0.560784
0.576471
0.615686
0.596078
0.603922
0.584314
0.580392
0.600000
0.627451
0.666667
0.705882
0.749020
0.741176
0.717647
0.709804
0.682353
0.717647
0.725490
0.713725
0.709804
0.760784
0.741176
0.658824
0.650980
0.631373
0.631373
0.623529
0.639216
0.733333
0.741176
0.690196
0.698039
0.662745
0.607843
0.611765
0.517647
0.513725
0.647059
0.666667
0.623529
0.588235
0.623529
0.635294
0.635294
0.639216
0.643137
0.631373
0.596078
0.619608
0.682353
0.764706
0.772549
0.745098
0.725490
0.666667
0.686275
0.662745
0.619608
0.596078
0.639216
0.725490
0.721569
0.686275
0.717647
0.701961
0.682353
0.650980
0.615686
0.600000
0.654902
0.678431
0.647059
0.505882
0.478431
0.517647
0.505882
0.505882
0.619608
0.631373
0.623529
0.631373
0.729412
0.752941
0.686275
0.705882
0.725490
0.729412
0.745098
0.698039
0.698039
0.713725
0.705882
0.709804
0.713725
0.678431
0.678431
0.678431
0.654902
0.643137
0.658824
0.682353
0.682353
0.733333
0.796078
0.647059
0.580392
0.635294
0.650980
0.635294
0.678431
0.721569
0.717647
0.792157
0.752941
0.713725
0.701961
0.721569
0.741176
0.745098
0.737255
0.705882
0.717647
0.717647
0.690196
0.682353
0.705882
0.698039
0.643137
0.647059
0.592157
0.615686
0.662745
0.674510
0.792157
0.784314
0.756863
0.803922
0.776471
0.756863
0.701961
0.741176
0.807843
0.835294
0.780392
0.533333
0.662745
0.796078
0.811765
0.815686
0.800000
0.796078
0.784314
0.823529
0.752941
0.509804
0.623529
0.737255
0.796078
0.807843
0.792157
0.788235
0.768627
0.776471
0.776471
0.764706
0.443137
0.431373
0.372549
0.466667
0.427451
0.407843
0.333333
0.360784
0.450980
0.501961
0.490196
0.352941
0.384314
0.423529
0.435294
0.462745
0.478431
0.474510
0.431373
0.462745
0.447059
0.403922
0.368627
0.380392
0.486275
0.439216
0.341176
0.458824
0.458824
0.447059
0.474510
0.454902
0.549020
0.525490
0.533333
0.615686
0.643137
0.647059
0.568627
0.525490
0.584314
0.607843
0.611765
0.619608
0.584314
0.533333
0.505882
0.454902
0.494118
0.517647
0.517647
0.537255
0.584314
0.537255
0.549020
0.549020
0.478431
0.462745
0.435294
0.541176
0.533333
0.537255
0.458824
0.447059
0.796078
0.760784
0.780392
0.772549
0.807843
0.780392
0.756863
0.815686
0.803922
0.796078
0.803922
0.788235
0.819608
0.807843
0.686275
0.443137
0.470588
0.623529
0.749020
0.796078
0.835294
0.815686
0.827451
0.800000
0.760784
0.823529
0.839216
0.827451
0.796078
0.811765
0.713725
0.721569
0.862745
0.839216
0.847059
0.796078
0.764706
0.796078
0.752941
0.882353
0.894118
0.878431
0.854902
0.811765
0.874510
0.878431
0.819608
0.725490
0.674510
0.698039
0.819608
0.886275
0.862745
0.882353
0.878431
0.878431
0.909804
0.886275
0.870588
0.894118
0.890196
0.894118
0.831373
0.843137
0.898039
0.854902
0.882353
0.898039
0.882353
0.886275
0.862745
0.874510
0.886275
0.894118
0.901961
0.886275
0.898039
0.878431
0.866667
0.870588
0.854902
0.650980
0.780392
0.901961
0.874510
0.862745
0.882353
0.886275
0.878431
0.862745
0.866667
0.878431
0.878431
0.874510
0.870588
0.890196
0.862745
0.823529
0.843137
0.854902
0.874510
0.854902
0.831373
0.831373
0.831373
0.854902
0.870588
0.870588
0.847059
0.831373
0.819608
0.803922
0.776471
0.611765
0.792157
0.870588
0.862745
0.839216
0.866667
0.874510
0.835294
0.792157
0.839216
0.839216
0.807843
0.760784
0.831373
0.843137
0.882353
0.862745
0.850980
0.862745
0.854902
0.854902
0.874510
0.862745
0.866667
0.870588
0.839216
0.850980
0.831373
0.850980
0.862745
0.843137
0.776471
0.662745
0.756863
0.803922
0.803922
0.776471
0.752941
0.792157
0.788235
0.752941
0.745098
0.772549
0.737255
0.701961
0.717647
0.725490
0.886275
0.854902
0.839216
0.866667
0.854902
0.823529
0.858824
0.886275
0.878431
0.850980
0.831373
0.819608
0.792157
0.854902
0.862745
0.811765
0.815686
0.725490
0.603922
0.784314
0.780392
0.741176
0.701961
0.760784
0.756863
0.725490
0.678431
0.631373
0.654902
0.647059
0.647059
0.674510
0.831373
0.839216
0.854902
0.866667
0.843137
0.823529
0.850980
0.862745
0.819608
0.764706
0.717647
0.800000
0.745098
0.698039
0.572549
0.376471
0.529412
0.756863
0.541176
0.513725
0.729412
0.705882
0.670588
0.647059
0.635294
0.658824
0.658824
0.623529
0.623529
0.600000
0.564706
0.552941
0.819608
0.850980
0.878431
0.870588
0.796078
0.796078
0.811765
0.800000
0.749020
0.501961
0.231373
0.380392
0.486275
0.396078
0.274510
0.188235
0.203922
0.439216
0.615686
0.368627
0.615686
0.635294
0.596078
0.564706
0.568627
0.596078
0.580392
0.556863
0.541176
0.525490
0.466667
0.474510
0.764706
0.776471
0.780392
0.764706
0.709804
0.705882
0.741176
0.737255
0.666667
0.266667
0.015686
0.058824
0.219608
0.262745
0.337255
0.286275
0.152941
0.074510
0.298039
0.286275
0.478431
0.478431
0.427451
0.435294
0.396078
0.388235
0.384314
0.368627
0.447059
0.560784
0.588235
0.619608
0.705882
0.764706
0.674510
0.639216
0.713725
0.690196
0.733333
0.752941
0.643137
0.423529
0.352941
0.294118
0.117647
0.235294
0.450980
0.235294
0.101961
0.039216
0.066667
0.298039
0.450980
0.376471
0.341176
0.356863
0.415686
0.415686
0.415686
0.490196
0.596078
0.647059
0.670588
0.678431
0.619608
0.698039
0.694118
0.635294
0.701961
0.674510
0.654902
0.600000
0.560784
0.541176
0.541176
0.470588
0.254902
0.250980
0.482353
0.164706
0.019608
0.019608
0.262745
0.537255
0.525490
0.525490
0.525490
0.576471
0.611765
0.627451
0.592157
0.650980
0.717647
0.686275
0.650980
0.678431
0.603922
0.596078
0.615686
0.631373
0.600000
0.549020
0.545098
0.486275
0.478431
0.470588
0.403922
0.392157
0.384314
0.294118
0.247059
0.098039
0.172549
0.258824
0.541176
0.631373
0.623529
0.670588
0.709804
0.729412
0.709804
0.662745
0.650980
0.690196
0.678431
0.650980
0.678431
0.682353
0.545098
0.529412
0.490196
0.505882
0.541176
0.533333
0.517647
0.474510
0.443137
0.474510
0.450980
0.415686
0.458824
0.478431
0.160784
0.211765
0.509804
0.631373
0.682353
0.670588
0.701961
0.690196
0.627451
0.588235
0.592157
0.603922
0.607843
0.572549
0.576471
0.580392
0.615686
0.568627
0.427451
0.380392
0.388235
0.388235
0.419608
0.431373
0.443137
0.439216
0.462745
0.513725
0.572549
0.541176
0.556863
0.627451
0.411765
0.384314
0.505882
0.552941
0.513725
0.482353
0.486275
0.454902
0.435294
0.380392
0.368627
0.407843
0.407843
0.396078
0.388235
0.396078
0.392157
0.384314
0.388235
0.384314
0.419608
0.407843
0.415686
0.407843
0.450980
0.431373
0.490196
0.552941
0.564706
0.549020
0.509804
0.545098
0.419608
0.356863
0.423529
0.439216
0.439216
0.454902
0.470588
0.509804
0.521569
0.490196
0.490196
0.498039
0.517647
0.545098
0.549020
0.541176
0.521569
0.525490
0.447059
0.521569
0.533333
0.450980
0.392157
0.376471
0.384314
0.419608
0.498039
0.572549
0.537255
0.541176
0.549020
0.498039
0.439216
0.396078
0.462745
0.498039
0.521569
0.549020
0.584314
0.627451
0.674510
0.647059
0.662745
0.619608
0.631373
0.647059
0.619608
0.596078
0.592157
0.603922
0.498039
0.576471
0.505882
0.478431
0.494118
0.470588
0.454902
0.494118
0.584314
0.643137
0.584314
0.564706
0.603922
0.549020
0.498039
0.494118
0.537255
0.592157
0.619608
0.647059
0.654902
0.670588
0.694118
0.670588
0.690196
0.690196
0.654902
0.615686
0.549020
0.576471
0.552941
0.592157
0.462745
0.521569
0.462745
0.592157
0.611765
0.600000
0.627451
0.639216
0.654902
0.623529
0.529412
0.529412
0.560784
0.494118
0.537255
0.556863
0.560784
0.690196
0.674510
0.678431
0.690196
0.694118
0.717647
0.698039
0.717647
0.721569
0.713725
0.698039
0.596078
0.521569
0.537255
0.596078
0.564706
0.521569
0.560784
0.635294
0.619608
0.592157
0.639216
0.678431
0.682353
0.647059
0.537255
0.490196
0.600000
0.521569
0.450980
0.541176
0.549020
0.647059
0.584314
0.584314
0.670588
0.600000
0.694118
0.674510
0.654902
0.658824
0.678431
0.698039
0.666667
0.603922
0.650980
0.662745
0.631373
0.615686
0.631373
0.572549
0.552941
0.529412
0.541176
0.615686
0.639216
0.647059
0.635294
0.568627
0.580392
0.545098
0.458824
0.556863
0.521569
0.588235
0.560784
0.568627
0.643137
0.643137
0.670588
0.631373
0.619608
0.631373
0.643137
0.658824
0.619608
0.607843
0.592157
0.568627
0.396078
0.529412
0.541176
0.392157
0.415686
0.450980
0.454902
0.525490
0.560784
0.568627
0.647059
0.619608
0.607843
0.627451
0.674510
0.670588
0.662745
0.678431
0.635294
0.568627
0.588235
0.686275
0.666667
0.650980
0.643137
0.615686
0.580392
0.600000
0.588235
0.533333
0.549020
0.552941
0.266667
0.447059
0.501961
0.501961
0.505882
0.505882
0.494118
0.533333
0.537255
0.556863
0.560784
0.521569
0.501961
0.588235
0.643137
0.572549
0.592157
0.615686
0.603922
0.600000
0.584314
0.584314
0.564706
0.529412
0.568627
0.603922
0.458824
0.470588
0.533333
0.541176
0.545098
0.576471
0.352941
0.345098
0.345098
0.423529
0.435294
0.490196
0.486275
0.501961
0.505882
0.501961
0.498039
0.447059
0.427451
0.529412
0.556863
0.415686
0.431373
0.486275
0.494118
0.549020
0.568627
0.466667
0.494118
0.474510
0.470588
0.521569
0.513725
0.494118
0.470588
0.505882
0.541176
0.576471
0.458824
0.423529
0.423529
0.450980
0.450980
0.494118
0.509804
0.533333
0.529412
0.486275
0.490196
0.494118
0.474510
0.545098
0.549020
0.501961
0.490196
0.482353
0.517647
0.549020
0.572549
0.560784
0.552941
0.556863
0.501961
0.423529
0.458824
0.505882
0.458824
0.541176
0.584314
0.600000
0.494118
0.462745
0.505882
0.517647
0.529412
0.552941
0.552941
0.552941
0.564706
0.533333
0.490196
0.537255
0.490196
0.533333
0.521569
0.537255
0.529412
0.509804
0.529412
0.537255
0.517647
0.556863
0.525490
0.549020
0.537255
0.470588
0.498039
0.443137
0.454902
0.537255
0.529412
0.541176
0.462745
0.458824
0.478431
0.513725
0.521569
0.505882
0.533333
0.541176
0.529412
0.521569
0.494118
0.521569
0.525490
0.525490
0.537255
0.600000
0.588235
0.505882
0.501961
0.478431
0.474510
0.462745
0.474510
0.568627
0.600000
0.568627
0.580392
0.541176
0.498039
0.549020
0.466667
0.474510
0.521569
0.541176
0.498039
0.482353
0.498039
0.466667
0.462745
0.478431
0.482353
0.474510
0.439216
0.454902
0.498039
0.592157
0.611765
0.596078
0.588235
0.529412
0.549020
0.525490
0.490196
0.470588
0.513725
0.600000
0.607843
0.596078
0.627451
0.611765
0.592157
0.552941
0.521569
0.517647
0.525490
0.552941
0.521569
0.400000
0.360784
0.368627
0.368627
0.380392
0.486275
0.498039
0.490196
0.494118
0.572549
0.603922
0.549020
0.576471
0.600000
0.600000
0.615686
0.568627
0.584314
0.607843
0.600000
0.603922
0.619608
0.603922
0.600000
0.603922
0.568627
0.513725
0.537255
0.572549
0.541176
0.596078
0.658824
0.525490
0.450980
0.486275
0.521569
0.509804
0.537255
0.576471
0.572549
0.650980
0.619608
0.588235
0.580392
0.603922
0.619608
0.623529
0.611765
0.584314
0.600000
0.603922
0.576471
0.568627
0.600000
0.600000
0.545098
0.549020
0.486275
0.482353
0.537255
0.560784
0.862745
0.854902
0.827451
0.874510
0.854902
0.839216
0.784314
0.815686
0.886275
0.913725
0.866667
0.639216
0.776471
0.874510
0.894118
0.913725
0.886275
0.878431
0.874510
0.909804
0.878431
0.658824
0.733333
0.827451
0.886275
0.909804
0.890196
0.890196
0.874510
0.874510
0.878431
0.866667
0.498039
0.486275
0.427451
0.529412
0.490196
0.474510
0.396078
0.427451
0.529412
0.588235
0.584314
0.458824
0.501961
0.513725
0.533333
0.588235
0.600000
0.584314
0.529412
0.545098
0.552941
0.517647
0.478431
0.490196
0.588235
0.529412
0.431373
0.549020
0.549020
0.533333
0.564706
0.545098
0.474510
0.450980
0.454902
0.541176
0.568627
0.572549
0.494118
0.458824
0.525490
0.560784
0.572549
0.592157
0.568627
0.498039
0.482353
0.470588
0.525490
0.525490
0.494118
0.486275
0.529412
0.494118
0.513725
0.517647
0.439216
0.415686
0.388235
0.494118
0.486275
0.490196
0.411765
0.400000
0.600000
0.568627
0.584314
0.580392
0.611765
0.584314
0.560784
0.615686
0.603922
0.615686
0.635294
0.631373
0.670588
0.643137
0.545098
0.352941
0.407843
0.529412
0.596078
0.603922
0.631373
0.627451
0.643137
0.603922
0.560784
0.631373
0.647059
0.635294
0.607843
0.627451
0.529412
0.541176
0.615686
0.596078
0.600000
0.552941
0.525490
0.556863
0.513725
0.643137
0.647059
0.627451
0.615686
0.592157
0.650980
0.647059
0.611765
0.552941
0.537255
0.580392
0.631373
0.635294
0.611765
0.635294
0.627451
0.607843
0.639216
0.635294
0.619608
0.643137
0.639216
0.647059
0.584314
0.592157
0.627451
0.588235
0.615686
0.639216
0.635294
0.635294
0.611765
0.639216
0.643137
0.607843
0.623529
0.635294
0.647059
0.627451
0.623529
0.627451
0.635294
0.549020
0.603922
0.643137
0.631373
0.603922
0.627451
0.623529
0.619608
0.611765
0.615686
0.627451
0.623529
0.607843
0.600000
0.619608
0.611765
0.572549
0.592157
0.600000
0.619608
0.600000
0.576471
0.588235
0.588235
0.576471
0.592157
0.615686
0.615686
0.596078
0.580392
0.545098
0.537255
0.474510
0.611765
0.623529
0.631373
0.600000
0.623529
0.631373
0.600000
0.556863
0.603922
0.603922
0.568627
0.505882
0.572549
0.584314
0.639216
0.623529
0.611765
0.607843
0.592157
0.592157
0.611765
0.603922
0.611765
0.607843
0.580392
0.596078
0.584314
0.596078
0.603922
0.580392
0.549020
0.482353
0.580392
0.592157
0.584314
0.560784
0.533333
0.572549
0.572549
0.541176
0.529412
0.560784
0.529412
0.498039
0.513725
0.521569
0.627451
0.600000
0.580392
0.603922
0.584314
0.552941
0.588235
0.611765
0.611765
0.607843
0.588235
0.560784
0.521569
0.600000
0.627451
0.603922
0.627451
0.525490
0.458824
0.639216
0.584314
0.549020
0.509804
0.568627
0.564706
0.537255
0.486275
0.439216
0.470588
0.494118
0.494118
0.521569
0.541176
0.552941
0.568627
0.584314
0.564706
0.545098
0.576471
0.576471
0.549020
0.541176
0.498039
0.545098
0.505882
0.513725
0.450980
0.305882
0.419608
0.560784
0.439216
0.431373
0.556863
0.529412
0.494118
0.474510
0.462745
0.490196
0.486275
0.450980
0.454902
0.450980
0.419608
0.407843
0.513725
0.552941
0.580392
0.584314
0.517647
0.529412
0.552941
0.533333
0.521569
0.372549
0.145098
0.262745
0.384314
0.321569
0.235294
0.176471
0.156863
0.329412
0.556863
0.321569
0.474510
0.462745
0.423529
0.388235
0.411765
0.462745
0.439216
0.400000
0.376471
0.356863
0.294118
0.301961
0.466667
0.486275
0.498039
0.486275
0.443137
0.458824
0.513725
0.501961
0.482353
0.211765
0.019608
0.043137
0.223529
0.266667
0.329412
0.270588
0.145098
0.066667
0.270588
0.239216
0.380392
0.345098
0.294118
0.290196
0.266667
0.274510
0.254902
0.223529
0.282353
0.356863
0.380392
0.415686
0.431373
0.498039
0.411765
0.380392
0.470588
0.462745
0.525490
0.541176
0.454902
0.321569
0.278431
0.211765
0.101961
0.247059
0.466667
0.243137
0.125490
0.047059
0.031373
0.219608
0.349020
0.274510
0.235294
0.247059
0.298039
0.274510
0.266667
0.333333
0.423529
0.427451
0.450980
0.454902
0.376471
0.462745
0.466667
0.407843
0.486275
0.478431
0.474510
0.415686
0.380392
0.400000
0.403922
0.333333
0.196078
0.254902
0.509804
0.184314
0.039216
0.011765
0.192157
0.403922
0.364706
0.356863
0.356863
0.411765
0.447059
0.470588
0.431373
0.482353
0.533333
0.466667
0.427451
0.458824
0.407843
0.407843
0.431373
0.435294
0.411765
0.380392
0.388235
0.329412
0.305882
0.309804
0.250980
0.243137
0.266667
0.258824
0.262745
0.098039
0.121569
0.176471
0.407843
0.454902
0.419608
0.454902
0.501961
0.521569
0.525490
0.505882
0.486275
0.509804
0.490196
0.462745
0.490196
0.490196
0.380392
0.372549
0.337255
0.341176
0.372549
0.380392
0.384314
0.333333
0.282353
0.309804
0.305882
0.270588
0.290196
0.407843
0.152941
0.176471
0.372549
0.454902
0.494118
0.470588
0.513725
0.513725
0.454902
0.423529
0.439216
0.458824
0.447059
0.392157
0.388235
0.411765
0.450980
0.407843
0.266667
0.227451
0.243137
0.247059
0.274510
0.290196
0.313725
0.309804
0.317647
0.356863
0.411765
0.368627
0.380392
0.533333
0.384314
0.349020
0.372549
0.380392
0.345098
0.309804
0.349020
0.317647
0.274510
0.247059
0.243137
0.250980
0.243137
0.219608
0.211765
0.227451
0.227451
0.223529
0.219608
0.223529
0.262745
0.247059
0.247059
0.239216
0.294118
0.286275
0.341176
0.392157
0.388235
0.360784
0.337255
0.443137
0.372549
0.309804
0.301961
0.286275
0.290196
0.305882
0.329412
0.352941
0.337255
0.333333
0.345098
0.333333
0.345098
0.368627
0.376471
0.380392
0.364706
0.372549
0.270588
0.345098
0.356863
0.270588
0.200000
0.184314
0.203922
0.250980
0.333333
0.400000
0.356863
0.349020
0.368627
0.380392
0.368627
0.317647
0.325490
0.341176
0.368627
0.396078
0.411765
0.435294
0.470588
0.454902
0.482353
0.447059
0.454902
0.462745
0.435294
0.423529
0.427451
0.443137
0.325490
0.400000
0.317647
0.298039
0.317647
0.294118
0.286275
0.321569
0.396078
0.450980
0.392157
0.372549
0.419608
0.419608
0.400000
0.384314
0.384314
0.423529
0.454902
0.482353
0.458824
0.462745
0.498039
0.466667
0.490196
0.509804
0.466667
0.423529
0.352941
0.376471
0.356863
0.400000
0.301961
0.349020
0.274510
0.407843
0.431373
0.415686
0.458824
0.458824
0.443137
0.419608
0.333333
0.333333
0.372549
0.345098
0.411765
0.419608
0.392157
0.509804
0.494118
0.498039
0.482353
0.501961
0.549020
0.501961
0.509804
0.533333
0.521569
0.498039
0.392157
0.309804
0.329412
0.396078
0.400000
0.341176
0.360784
0.439216
0.423529
0.396078
0.458824
0.486275
0.474510
0.447059
0.341176
0.298039
0.415686
0.380392
0.321569
0.384314
0.376471
0.458824
0.388235
0.407843
0.482353
0.423529
0.541176
0.501961
0.458824
0.462745
0.478431
0.494118
0.462745
0.407843
0.462745
0.474510
0.454902
0.423529
0.419608
0.368627
0.364706
0.349020
0.372549
0.443137
0.454902
0.458824
0.450980
0.384314
0.419608
0.427451
0.333333
0.396078
0.372549
0.396078
0.345098
0.415686
0.486275
0.462745
0.494118
0.450980
0.435294
0.439216
0.443137
0.462745
0.431373
0.431373
0.415686
0.392157
0.250980
0.364706
0.360784
0.207843
0.239216
0.274510
0.282353
0.352941
0.384314
0.392157
0.470588
0.443137
0.435294
0.482353
0.521569
0.494118
0.498039
0.474510
0.411765
0.403922
0.427451
0.498039
0.470588
0.450980
0.454902
0.447059
0.400000
0.423529
0.423529
0.360784
0.376471
0.380392
0.145098
0.309804
0.352941
0.341176
0.337255
0.333333
0.317647
0.356863
0.368627
0.388235
0.388235
0.352941
0.325490
0.411765
0.462745
0.388235
0.407843
0.407843
0.388235
0.419608
0.411765
0.392157
0.364706
0.313725
0.376471
0.447059
0.294118
0.309804
0.376471
0.364706
0.368627
0.400000
0.211765
0.207843
0.207843
0.270588
0.274510
0.325490
0.321569
0.337255
0.341176
0.337255
0.333333
0.286275
0.270588
0.345098
0.368627
0.243137
0.254902
0.301961
0.309804
0.380392
0.396078
0.286275
0.301961
0.274510
0.286275
0.368627
0.352941
0.333333
0.313725
0.317647
0.349020
0.384314
0.270588
0.258824
0.274510
0.286275
0.278431
0.337255
0.356863
0.380392
0.372549
0.325490
0.329412
0.349020
0.345098
0.376471
0.376471
0.360784
0.341176
0.333333
0.376471
0.407843
0.411765
0.388235
0.380392
0.384314
0.333333
0.258824
0.290196
0.341176
0.294118
0.333333
0.372549
0.392157
0.294118
0.278431
0.333333
0.337255
0.352941
0.392157
0.400000
0.396078
0.400000
0.368627
0.325490
0.384314
0.356863
0.376471
0.352941
0.384314
0.376471
0.364706
0.388235
0.392157
0.356863
0.388235
0.356863
0.384314
0.368627
0.290196
0.313725
0.262745
0.270588
0.317647
0.305882
0.325490
0.274510
0.274510
0.294118
0.325490
0.345098
0.349020
0.380392
0.376471
0.349020
0.341176
0.313725
0.349020
0.364706
0.360784
0.360784
0.415686
0.411765
0.333333
0.329412
0.305882
0.298039
0.282353
0.298039
0.388235
0.411765
0.376471
0.384314
0.349020
0.298039
0.317647
0.247059
0.266667
0.325490
0.349020
0.301961
0.298039
0.329412
0.309804
0.309804
0.309804
0.294118
0.282353
0.250980
0.266667
0.325490
0.415686
0.435294
0.415686
0.392157
0.329412
0.349020
0.325490
0.294118
0.278431
0.321569
0.407843
0.411765
0.392157
0.423529
0.407843
0.384314
0.333333
0.313725
0.321569
0.317647
0.345098
0.313725
0.211765
0.192157
0.207843
0.203922
0.200000
0.286275
0.301961
0.290196
0.294118
0.372549
0.415686
0.372549
0.400000
0.396078
0.388235
0.403922
0.356863
0.380392
0.411765
0.403922
0.403922
0.419608
0.396078
0.392157
0.396078
0.360784
0.309804
0.341176
0.384314
0.325490
0.384314
0.443137
0.321569
0.254902
0.298039
0.329412
0.313725
0.341176
0.380392
0.380392
0.447059
0.400000
0.384314
0.403922
0.439216
0.431373
0.423529
0.415686
0.388235
0.403922
0.411765
0.380392
0.372549
0.400000
0.396078
0.345098
0.349020
0.286275
0.278431
0.341176
0.372549
