0.623529
0.627451
0.498039
0.415686
0.372549
0.321569
0.313725
0.313725
0.380392
0.623529
0.729412
0.698039
0.631373
0.596078
0.631373
0.639216
0.615686
0.658824
0.698039
0.729412
0.729412
0.721569
0.725490
0.721569
0.737255
0.733333
0.717647
0.721569
0.713725
0.623529
0.552941
0.654902
0.631373
0.462745
0.341176
0.360784
0.301961
0.282353
0.321569
0.356863
0.345098
0.447059
0.552941
0.439216
0.384314
0.345098
0.364706
0.341176
0.298039
0.329412
0.384314
0.537255
0.615686
0.631373
0.705882
0.741176
0.729412
0.737255
0.741176
0.733333
0.674510
0.623529
0.647059
0.737255
0.494118
0.313725
0.349020
0.309804
0.305882
0.352941
0.368627
0.352941
0.352941
0.333333
0.309804
0.294118
0.317647
0.294118
0.305882
0.266667
0.282353
0.313725
0.333333
0.329412
0.345098
0.356863
0.439216
0.678431
0.713725
0.694118
0.756863
0.737255
0.650980
0.639216
0.721569
0.784314
0.364706
0.333333
0.333333
0.325490
0.372549
0.384314
0.360784
0.372549
0.388235
0.349020
0.286275
0.258824
0.250980
0.231373
0.258824
0.274510
0.325490
0.380392
0.447059
0.443137
0.407843
0.345098
0.345098
0.509804
0.650980
0.682353
0.768627
0.733333
0.631373
0.650980
0.800000
0.839216
0.325490
0.349020
0.356863
0.400000
0.423529
0.368627
0.337255
0.400000
0.376471
0.294118
0.270588
0.282353
0.250980
0.207843
0.219608
0.270588
0.325490
0.411765
0.529412
0.576471
0.541176
0.368627
0.321569
0.384314
0.490196
0.564706
0.670588
0.686275
0.643137
0.670588
0.796078
0.831373
0.317647
0.364706
0.400000
0.447059
0.396078
0.313725
0.372549
0.450980
0.356863
0.258824
0.286275
0.313725
0.294118
0.254902
0.243137
0.258824
0.298039
0.415686
0.552941
0.650980
0.584314
0.439216
0.372549
0.439216
0.505882
0.545098
0.552941
0.576471
0.643137
0.698039
0.847059
0.874510
0.333333
0.403922
0.439216
0.443137
0.321569
0.305882
0.403922
0.431373
0.301961
0.231373
0.301961
0.341176
0.356863
0.333333
0.294118
0.270588
0.282353
0.396078
0.541176
0.627451
0.490196
0.482353
0.388235
0.431373
0.529412
0.549020
0.474510
0.392157
0.509804
0.690196
0.827451
0.862745
0.356863
0.431373
0.447059
0.388235
0.286275
0.372549
0.443137
0.384314
0.274510
0.250980
0.356863
0.400000
0.407843
0.384314
0.345098
0.301961
0.278431
0.317647
0.407843
0.427451
0.376471
0.458824
0.388235
0.356863
0.478431
0.474510
0.470588
0.470588
0.423529
0.572549
0.819608
0.862745
0.403922
0.450980
0.529412
0.400000
0.305882
0.407843
0.396078
0.301961
0.286275
0.286275
0.384314
0.450980
0.443137
0.431373
0.384314
0.337255
0.317647
0.317647
0.345098
0.392157
0.419608
0.450980
0.380392
0.345098
0.447059
0.466667
0.517647
0.513725
0.478431
0.458824
0.717647
0.847059
0.603922
0.631373
0.596078
0.325490
0.294118
0.356863
0.321569
0.266667
0.274510
0.274510
0.360784
0.415686
0.411765
0.454902
0.407843
0.337255
0.294118
0.313725
0.345098
0.435294
0.478431
0.466667
0.415686
0.443137
0.525490
0.549020
0.513725
0.482353
0.478431
0.454902
0.749020
0.898039
0.705882
0.705882
0.482353
0.282353
0.278431
0.301961
0.301961
0.282353
0.247059
0.250980
0.305882
0.329412
0.349020
0.431373
0.443137
0.337255
0.270588
0.286275
0.321569
0.427451
0.478431
0.486275
0.509804
0.525490
0.560784
0.560784
0.454902
0.470588
0.482353
0.509804
0.815686
0.929412
0.709804
0.654902
0.380392
0.262745
0.266667
0.278431
0.286275
0.286275
0.258824
0.258824
0.298039
0.309804
0.301961
0.372549
0.411765
0.301961
0.278431
0.309804
0.388235
0.478431
0.470588
0.466667
0.498039
0.501961
0.494118
0.474510
0.439216
0.478431
0.450980
0.521569
0.847059
0.933333
0.701961
0.537255
0.309804
0.270588
0.274510
0.294118
0.294118
0.301961
0.301961
0.313725
0.349020
0.384314
0.364706
0.376471
0.352941
0.325490
0.364706
0.368627
0.427451
0.466667
0.439216
0.392157
0.400000
0.380392
0.341176
0.435294
0.509804
0.494118
0.435294
0.552941
0.847059
0.905882
0.670588
0.384314
0.294118
0.325490
0.337255
0.341176
0.329412
0.341176
0.372549
0.400000
0.411765
0.458824
0.447059
0.403922
0.372549
0.372549
0.411765
0.388235
0.384314
0.388235
0.411765
0.407843
0.392157
0.305882
0.309804
0.470588
0.549020
0.533333
0.486275
0.643137
0.854902
0.886275
0.658824
0.345098
0.301961
0.345098
0.352941
0.372549
0.352941
0.360784
0.380392
0.400000
0.419608
0.450980
0.439216
0.380392
0.356863
0.333333
0.349020
0.337255
0.341176
0.372549
0.427451
0.439216
0.450980
0.349020
0.368627
0.501961
0.552941
0.537255
0.537255
0.745098
0.878431
0.925490
0.682353
0.411765
0.290196
0.286275
0.301961
0.329412
0.317647
0.329412
0.325490
0.321569
0.352941
0.380392
0.400000
0.368627
0.376471
0.333333
0.313725
0.317647
0.333333
0.400000
0.435294
0.427451
0.474510
0.474510
0.419608
0.509804
0.552941
0.529412
0.647059
0.788235
0.874510
0.949020
0.721569
0.560784
0.313725
0.270588
0.270588
0.298039
0.305882
0.305882
0.298039
0.290196
0.321569
0.325490
0.360784
0.380392
0.427451
0.368627
0.301961
0.329412
0.356863
0.396078
0.462745
0.494118
0.517647
0.537255
0.450980
0.443137
0.478431
0.592157
0.776471
0.803922
0.874510
0.945098
0.666667
0.509804
0.333333
0.301961
0.298039
0.309804
0.321569
0.321569
0.313725
0.286275
0.341176
0.360784
0.372549
0.407843
0.439216
0.345098
0.278431
0.356863
0.380392
0.439216
0.592157
0.654902
0.592157
0.529412
0.427451
0.356863
0.443137
0.698039
0.823529
0.803922
0.862745
0.917647
0.486275
0.364706
0.360784
0.313725
0.349020
0.384314
0.337255
0.317647
0.329412
0.301961
0.400000
0.419608
0.415686
0.470588
0.447059
0.329412
0.329412
0.376471
0.384314
0.545098
0.725490
0.745098
0.619608
0.494118
0.372549
0.380392
0.545098
0.788235
0.815686
0.788235
0.862745
0.933333
0.384314
0.321569
0.403922
0.356863
0.352941
0.415686
0.368627
0.325490
0.337255
0.337255
0.447059
0.427451
0.447059
0.494118
0.443137
0.360784
0.364706
0.392157
0.411765
0.592157
0.749020
0.721569
0.592157
0.458824
0.478431
0.529412
0.705882
0.819608
0.784314
0.764706
0.858824
0.964706
0.388235
0.305882
0.407843
0.423529
0.372549
0.396078
0.388235
0.333333
0.329412
0.345098
0.443137
0.447059
0.439216
0.447059
0.411765
0.372549
0.368627
0.407843
0.466667
0.603922
0.698039
0.662745
0.505882
0.494118
0.682353
0.713725
0.807843
0.803922
0.737255
0.749020
0.847059
0.968627
0.458824
0.305882
0.384314
0.447059
0.403922
0.368627
0.403922
0.372549
0.345098
0.333333
0.384314
0.427451
0.392157
0.388235
0.360784
0.345098
0.384314
0.427451
0.490196
0.584314
0.635294
0.572549
0.439216
0.552941
0.749020
0.776471
0.819608
0.796078
0.760784
0.760784
0.831373
0.952941
0.564706
0.317647
0.360784
0.423529
0.435294
0.392157
0.407843
0.388235
0.349020
0.333333
0.337255
0.364706
0.349020
0.345098
0.317647
0.333333
0.380392
0.450980
0.541176
0.568627
0.615686
0.470588
0.439216
0.658824
0.733333
0.752941
0.803922
0.800000
0.792157
0.776471
0.815686
0.905882
0.654902
0.376471
0.325490
0.384314
0.447059
0.443137
0.388235
0.396078
0.349020
0.313725
0.321569
0.333333
0.325490
0.305882
0.305882
0.360784
0.407843
0.454902
0.560784
0.576471
0.549020
0.400000
0.572549
0.752941
0.698039
0.709804
0.772549
0.803922
0.815686
0.764706
0.811765
0.933333
0.717647
0.517647
0.325490
0.341176
0.388235
0.439216
0.396078
0.407843
0.411765
0.360784
0.345098
0.345098
0.360784
0.337255
0.368627
0.415686
0.415686
0.427451
0.505882
0.513725
0.450980
0.490196
0.733333
0.756863
0.666667
0.662745
0.745098
0.796078
0.796078
0.729412
0.800000
0.964706
0.725490
0.670588
0.415686
0.317647
0.352941
0.392157
0.392157
0.415686
0.431373
0.427451
0.380392
0.364706
0.400000
0.400000
0.423529
0.458824
0.454902
0.443137
0.482353
0.454902
0.454902
0.635294
0.776471
0.733333
0.698039
0.701961
0.745098
0.764706
0.745098
0.709804
0.792157
0.956863
0.709804
0.717647
0.584314
0.360784
0.341176
0.352941
0.364706
0.396078
0.415686
0.443137
0.439216
0.415686
0.447059
0.462745
0.478431
0.517647
0.509804
0.470588
0.462745
0.458824
0.509804
0.568627
0.670588
0.674510
0.647059
0.686275
0.705882
0.721569
0.709804
0.733333
0.796078
0.941176
0.725490
0.729412
0.721569
0.509804
0.360784
0.345098
0.352941
0.388235
0.415686
0.392157
0.443137
0.431373
0.447059
0.482353
0.462745
0.486275
0.486275
0.454902
0.494118
0.517647
0.517647
0.478431
0.501961
0.576471
0.596078
0.635294
0.698039
0.741176
0.756863
0.768627
0.800000
0.905882
0.725490
0.729412
0.749020
0.701961
0.509804
0.403922
0.349020
0.341176
0.392157
0.454902
0.411765
0.431373
0.450980
0.450980
0.447059
0.462745
0.482353
0.482353
0.443137
0.450980
0.470588
0.474510
0.466667
0.490196
0.584314
0.717647
0.772549
0.776471
0.768627
0.713725
0.768627
0.933333
0.721569
0.721569
0.729412
0.745098
0.701961
0.529412
0.419608
0.368627
0.462745
0.576471
0.490196
0.384314
0.411765
0.415686
0.443137
0.431373
0.568627
0.772549
0.698039
0.482353
0.431373
0.443137
0.431373
0.505882
0.729412
0.788235
0.800000
0.756863
0.760784
0.705882
0.729412
0.937255
0.721569
0.725490
0.737255
0.737255
0.749020
0.713725
0.560784
0.486275
0.541176
0.584314
0.619608
0.568627
0.482353
0.450980
0.490196
0.584314
0.788235
0.886275
0.874510
0.776471
0.541176
0.427451
0.431373
0.650980
0.823529
0.796078
0.792157
0.760784
0.717647
0.725490
0.749020
0.929412
0.721569
0.721569
0.729412
0.737255
0.737255
0.749020
0.733333
0.596078
0.549020
0.572549
0.556863
0.556863
0.592157
0.682353
0.768627
0.847059
0.870588
0.882353
0.882353
0.862745
0.800000
0.713725
0.725490
0.803922
0.811765
0.811765
0.776471
0.721569
0.713725
0.729412
0.760784
0.909804
0.580392
0.572549
0.423529
0.317647
0.270588
0.223529
0.203922
0.211765
0.290196
0.556863
0.678431
0.643137
0.572549
0.525490
0.556863
0.564706
0.552941
0.603922
0.647059
0.678431
0.682353
0.686275
0.694118
0.694118
0.709804
0.713725
0.701961
0.690196
0.658824
0.568627
0.517647
0.631373
0.580392
0.396078
0.250980
0.254902
0.192157
0.172549
0.200000
0.239216
0.243137
0.360784
0.470588
0.352941
0.294118
0.247059
0.262745
0.262745
0.239216
0.270588
0.321569
0.474510
0.556863
0.576471
0.650980
0.701961
0.698039
0.713725
0.725490
0.705882
0.623529
0.568627
0.603922
0.701961
0.427451
0.223529
0.239216
0.196078
0.188235
0.227451
0.235294
0.223529
0.239216
0.235294
0.215686
0.200000
0.223529
0.196078
0.203922
0.176471
0.203922
0.215686
0.223529
0.223529
0.247059
0.270588
0.364706
0.619608
0.662745
0.658824
0.733333
0.701961
0.600000
0.584314
0.674510
0.737255
0.282353
0.219608
0.203922
0.203922
0.247059
0.250980
0.219608
0.235294
0.270588
0.247059
0.196078
0.172549
0.168627
0.152941
0.180392
0.184314
0.207843
0.231373
0.278431
0.270588
0.250980
0.227451
0.243137
0.415686
0.572549
0.611765
0.713725
0.678431
0.576471
0.600000
0.752941
0.788235
0.231373
0.215686
0.207843
0.266667
0.298039
0.239216
0.200000
0.262745
0.258824
0.192157
0.180392
0.196078
0.172549
0.133333
0.149020
0.176471
0.188235
0.231373
0.321569
0.368627
0.356863
0.227451
0.192157
0.254902
0.364706
0.443137
0.572549
0.607843
0.576471
0.627451
0.756863
0.788235
0.211765
0.215686
0.235294
0.301961
0.274510
0.192157
0.239216
0.317647
0.247059
0.160784
0.172549
0.203922
0.188235
0.160784
0.152941
0.164706
0.176471
0.243137
0.345098
0.443137
0.396078
0.290196
0.223529
0.282353
0.337255
0.372549
0.411765
0.470588
0.564706
0.654902
0.819608
0.843137
0.227451
0.250980
0.278431
0.305882
0.200000
0.180392
0.274510
0.305882
0.196078
0.129412
0.168627
0.200000
0.219608
0.207843
0.176471
0.176471
0.184314
0.250980
0.360784
0.447059
0.321569
0.333333
0.235294
0.262745
0.345098
0.356863
0.313725
0.274510
0.419608
0.639216
0.800000
0.835294
0.262745
0.309804
0.321569
0.282353
0.168627
0.231373
0.309804
0.266667
0.168627
0.149020
0.219608
0.247059
0.258824
0.247059
0.219608
0.200000
0.180392
0.200000
0.270588
0.278431
0.231373
0.321569
0.247059
0.200000
0.313725
0.313725
0.329412
0.349020
0.309804
0.494118
0.776471
0.835294
0.325490
0.352941
0.427451
0.309804
0.200000
0.274510
0.270588
0.192157
0.188235
0.196078
0.262745
0.313725
0.301961
0.294118
0.258824
0.231373
0.219608
0.207843
0.215686
0.250980
0.274510
0.309804
0.239216
0.196078
0.290196
0.313725
0.376471
0.376471
0.345098
0.356863
0.658824
0.815686
0.541176
0.552941
0.509804
0.243137
0.200000
0.243137
0.215686
0.172549
0.192157
0.196078
0.262745
0.298039
0.278431
0.317647
0.282353
0.235294
0.203922
0.203922
0.211765
0.286275
0.321569
0.313725
0.262745
0.290196
0.368627
0.380392
0.356863
0.329412
0.329412
0.337255
0.678431
0.862745
0.654902
0.643137
0.407843
0.203922
0.188235
0.203922
0.207843
0.196078
0.168627
0.176471
0.219608
0.223529
0.219608
0.294118
0.317647
0.231373
0.176471
0.176471
0.188235
0.270588
0.309804
0.321569
0.352941
0.368627
0.396078
0.384314
0.282353
0.301961
0.317647
0.380392
0.737255
0.890196
0.666667
0.600000
0.305882
0.172549
0.164706
0.176471
0.188235
0.192157
0.168627
0.172549
0.207843
0.203922
0.168627
0.231373
0.282353
0.192157
0.176471
0.192157
0.250980
0.325490
0.301961
0.298039
0.345098
0.356863
0.337255
0.294118
0.258824
0.301961
0.282353
0.388235
0.768627
0.894118
0.650980
0.478431
0.231373
0.164706
0.156863
0.180392
0.180392
0.184314
0.188235
0.200000
0.239216
0.262745
0.227451
0.235294
0.227451
0.203922
0.239216
0.243137
0.294118
0.321569
0.282353
0.227451
0.254902
0.247059
0.196078
0.258824
0.329412
0.317647
0.270588
0.431373
0.780392
0.874510
0.611765
0.317647
0.203922
0.203922
0.200000
0.211765
0.196078
0.203922
0.231373
0.262745
0.278431
0.317647
0.294118
0.262745
0.247059
0.243137
0.270588
0.250980
0.250980
0.254902
0.266667
0.250980
0.254902
0.184314
0.172549
0.301961
0.368627
0.364706
0.333333
0.529412
0.796078
0.866667
0.600000
0.270588
0.207843
0.227451
0.223529
0.235294
0.219608
0.223529
0.247059
0.262745
0.282353
0.305882
0.290196
0.239216
0.223529
0.203922
0.215686
0.211765
0.211765
0.235294
0.282353
0.294118
0.313725
0.219608
0.227451
0.333333
0.376471
0.380392
0.415686
0.662745
0.835294
0.898039
0.623529
0.333333
0.192157
0.184314
0.192157
0.200000
0.192157
0.211765
0.211765
0.207843
0.231373
0.254902
0.266667
0.231373
0.239216
0.211765
0.207843
0.211765
0.211765
0.258824
0.278431
0.274510
0.321569
0.317647
0.258824
0.345098
0.380392
0.388235
0.560784
0.741176
0.843137
0.909804
0.662745
0.474510
0.211765
0.168627
0.160784
0.172549
0.184314
0.192157
0.188235
0.184314
0.215686
0.219608
0.243137
0.254902
0.298039
0.250980
0.203922
0.227451
0.235294
0.243137
0.282353
0.313725
0.337255
0.364706
0.282353
0.282353
0.317647
0.466667
0.713725
0.772549
0.847059
0.901961
0.607843
0.415686
0.223529
0.188235
0.176471
0.180392
0.196078
0.203922
0.200000
0.176471
0.227451
0.247059
0.250980
0.282353
0.313725
0.227451
0.176471
0.250980
0.247059
0.270588
0.396078
0.435294
0.388235
0.349020
0.270588
0.211765
0.305882
0.596078
0.768627
0.776471
0.839216
0.874510
0.423529
0.266667
0.235294
0.184314
0.219608
0.250980
0.207843
0.196078
0.215686
0.188235
0.266667
0.274510
0.270588
0.321569
0.301961
0.203922
0.219608
0.254902
0.239216
0.364706
0.501961
0.501961
0.403922
0.321569
0.235294
0.258824
0.435294
0.705882
0.772549
0.760784
0.839216
0.894118
0.317647
0.215686
0.270588
0.215686
0.215686
0.278431
0.235294
0.200000
0.219608
0.215686
0.286275
0.258824
0.278431
0.329412
0.282353
0.223529
0.247059
0.262745
0.250980
0.392157
0.509804
0.474510
0.388235
0.313725
0.376471
0.439216
0.631373
0.764706
0.749020
0.741176
0.839216
0.929412
0.317647
0.192157
0.262745
0.266667
0.223529
0.258824
0.254902
0.203922
0.207843
0.215686
0.278431
0.274510
0.278431
0.290196
0.258824
0.239216
0.243137
0.270588
0.290196
0.388235
0.450980
0.431373
0.329412
0.384314
0.611765
0.654902
0.760784
0.772549
0.713725
0.729412
0.831373
0.941176
0.388235
0.188235
0.235294
0.282353
0.247059
0.227451
0.266667
0.239216
0.223529
0.207843
0.239216
0.282353
0.254902
0.258824
0.239216
0.223529
0.254902
0.282353
0.309804
0.356863
0.384314
0.360784
0.290196
0.474510
0.709804
0.741176
0.792157
0.776471
0.741176
0.741176
0.815686
0.929412
0.505882
0.219608
0.223529
0.258824
0.270588
0.243137
0.266667
0.254902
0.219608
0.211765
0.211765
0.243137
0.235294
0.239216
0.219608
0.219608
0.247059
0.294118
0.349020
0.333333
0.372549
0.298039
0.325490
0.600000
0.701961
0.713725
0.768627
0.780392
0.776471
0.756863
0.796078
0.886275
0.607843
0.301961
0.211765
0.223529
0.278431
0.286275
0.243137
0.254902
0.219608
0.188235
0.200000
0.211765
0.211765
0.196078
0.196078
0.247059
0.270588
0.294118
0.372549
0.356863
0.341176
0.270588
0.494118
0.709804
0.662745
0.666667
0.733333
0.780392
0.800000
0.745098
0.784314
0.917647
0.674510
0.458824
0.227451
0.196078
0.227451
0.278431
0.243137
0.266667
0.278431
0.231373
0.215686
0.211765
0.227451
0.207843
0.239216
0.290196
0.286275
0.286275
0.341176
0.333333
0.278431
0.388235
0.674510
0.717647
0.635294
0.623529
0.701961
0.768627
0.780392
0.705882
0.772549
0.949020
0.686275
0.619608
0.333333
0.200000
0.203922
0.231373
0.239216
0.266667
0.290196
0.290196
0.235294
0.219608
0.250980
0.247059
0.274510
0.309804
0.317647
0.305882
0.337255
0.298039
0.301961
0.537255
0.701961
0.670588
0.643137
0.647059
0.698039
0.737255
0.729412
0.690196
0.764706
0.941176
0.674510
0.678431
0.525490
0.266667
0.215686
0.207843
0.219608
0.250980
0.278431
0.301961
0.298039
0.270588
0.298039
0.305882
0.313725
0.352941
0.349020
0.325490
0.321569
0.301961
0.349020
0.447059
0.564706
0.568627
0.552941
0.600000
0.650980
0.698039
0.690196
0.709804
0.768627
0.921569
0.690196
0.701961
0.678431
0.439216
0.258824
0.219608
0.227451
0.254902
0.282353
0.258824
0.309804
0.298039
0.309804
0.337255
0.305882
0.317647
0.325490
0.317647
0.364706
0.364706
0.349020
0.325490
0.360784
0.439216
0.482353
0.545098
0.639216
0.713725
0.737255
0.745098
0.768627
0.878431
0.694118
0.713725
0.725490
0.654902
0.435294
0.305882
0.247059
0.231373
0.270588
0.329412
0.301961
0.325490
0.333333
0.317647
0.305882
0.321569
0.360784
0.384314
0.349020
0.321569
0.313725
0.321569
0.317647
0.356863
0.482353
0.658824
0.725490
0.749020
0.749020
0.690196
0.737255
0.905882
0.690196
0.705882
0.713725
0.713725
0.647059
0.454902
0.337255
0.270588
0.352941
0.458824
0.400000
0.298039
0.313725
0.301961
0.317647
0.325490
0.494118
0.725490
0.650980
0.396078
0.309804
0.313725
0.305882
0.396078
0.666667
0.768627
0.776471
0.729412
0.741176
0.682353
0.701961
0.913725
0.682353
0.694118
0.713725
0.713725
0.717647
0.670588
0.501961
0.403922
0.435294
0.466667
0.521569
0.482353
0.400000
0.376471
0.419608
0.533333
0.760784
0.870588
0.854902
0.741176
0.486275
0.356863
0.364706
0.596078
0.788235
0.780392
0.768627
0.737255
0.701961
0.705882
0.721569
0.909804
0.678431
0.682353
0.701961
0.709804
0.713725
0.721569
0.690196
0.529412
0.458824
0.470588
0.462745
0.478431
0.525490
0.635294
0.729412
0.823529
0.858824
0.870588
0.870588
0.850980
0.780392
0.670588
0.682353
0.772549
0.788235
0.792157
0.752941
0.698039
0.705882
0.713725
0.737255
0.890196
0.478431
0.470588
0.325490
0.223529
0.176471
0.113725
0.086275
0.082353
0.168627
0.443137
0.568627
0.533333
0.458824
0.403922
0.427451
0.443137
0.439216
0.494118
0.545098
0.576471
0.580392
0.572549
0.580392
0.580392
0.600000
0.596078
0.580392
0.596078
0.564706
0.427451
0.372549
0.498039
0.478431
0.294118
0.152941
0.160784
0.090196
0.054902
0.070588
0.101961
0.113725
0.239216
0.345098
0.223529
0.164706
0.109804
0.125490
0.137255
0.133333
0.160784
0.211765
0.364706
0.447059
0.470588
0.545098
0.588235
0.584314
0.592157
0.600000
0.607843
0.517647
0.403922
0.403922
0.513725
0.337255
0.129412
0.141176
0.090196
0.078431
0.109804
0.101961
0.078431
0.105882
0.113725
0.094118
0.078431
0.098039
0.070588
0.074510
0.054902
0.082353
0.086275
0.086275
0.086275
0.113725
0.160784
0.258824
0.498039
0.537255
0.521569
0.596078
0.600000
0.490196
0.392157
0.419608
0.494118
0.196078
0.129412
0.105882
0.090196
0.133333
0.133333
0.086275
0.094118
0.133333
0.125490
0.090196
0.066667
0.066667
0.050980
0.078431
0.066667
0.062745
0.066667
0.094118
0.086275
0.090196
0.109804
0.129412
0.286275
0.431373
0.454902
0.564706
0.572549
0.462745
0.392157
0.450980
0.494118
0.149020
0.133333
0.105882
0.145098
0.180392
0.125490
0.074510
0.129412
0.129412
0.078431
0.082353
0.101961
0.082353
0.047059
0.066667
0.066667
0.039216
0.050980
0.109804
0.156863
0.168627
0.094118
0.062745
0.105882
0.203922
0.266667
0.411765
0.498039
0.470588
0.411765
0.423529
0.466667
0.133333
0.133333
0.137255
0.176471
0.152941
0.086275
0.125490
0.196078
0.129412
0.058824
0.066667
0.098039
0.086275
0.062745
0.062745
0.062745
0.043137
0.070588
0.141176
0.235294
0.211765
0.137255
0.078431
0.117647
0.156863
0.180392
0.239216
0.364706
0.462745
0.443137
0.474510
0.505882
0.141176
0.164706
0.180392
0.184314
0.082353
0.074510
0.156863
0.188235
0.086275
0.035294
0.050980
0.066667
0.094118
0.086275
0.070588
0.082353
0.070588
0.098039
0.184314
0.266667
0.156863
0.180392
0.094118
0.098039
0.164706
0.168627
0.149020
0.164706
0.309804
0.431373
0.454902
0.498039
0.156863
0.200000
0.219608
0.192157
0.062745
0.094118
0.172549
0.137255
0.054902
0.047059
0.094118
0.094118
0.098039
0.098039
0.101961
0.101961
0.078431
0.082353
0.137255
0.137255
0.094118
0.196078
0.121569
0.058824
0.156863
0.152941
0.184314
0.227451
0.172549
0.274510
0.443137
0.501961
0.207843
0.235294
0.321569
0.227451
0.098039
0.133333
0.137255
0.074510
0.078431
0.090196
0.145098
0.168627
0.133333
0.141176
0.137255
0.133333
0.121569
0.101961
0.098039
0.117647
0.137255
0.192157
0.113725
0.058824
0.141176
0.156863
0.231373
0.243137
0.196078
0.141176
0.341176
0.490196
0.423529
0.435294
0.400000
0.149020
0.094118
0.121569
0.101961
0.070588
0.094118
0.105882
0.160784
0.172549
0.133333
0.172549
0.160784
0.137255
0.109804
0.098039
0.090196
0.145098
0.176471
0.180392
0.129412
0.145098
0.211765
0.215686
0.203922
0.188235
0.176471
0.125490
0.368627
0.541176
0.537255
0.533333
0.301961
0.101961
0.086275
0.101961
0.109804
0.098039
0.082353
0.094118
0.125490
0.113725
0.094118
0.164706
0.196078
0.129412
0.082353
0.066667
0.066667
0.129412
0.156863
0.180392
0.215686
0.227451
0.239216
0.215686
0.117647
0.152941
0.160784
0.172549
0.439216
0.572549
0.552941
0.494118
0.200000
0.066667
0.066667
0.078431
0.094118
0.098039
0.078431
0.086275
0.109804
0.098039
0.058824
0.117647
0.160784
0.086275
0.074510
0.074510
0.121569
0.180392
0.152941
0.156863
0.207843
0.219608
0.188235
0.125490
0.082353
0.133333
0.113725
0.176471
0.474510
0.576471
0.545098
0.380392
0.129412
0.054902
0.050980
0.074510
0.074510
0.082353
0.090196
0.098039
0.125490
0.149020
0.117647
0.125490
0.109804
0.090196
0.121569
0.117647
0.156863
0.184314
0.145098
0.090196
0.129412
0.125490
0.058824
0.090196
0.141176
0.137255
0.098039
0.215686
0.490196
0.560784
0.509804
0.227451
0.109804
0.094118
0.086275
0.094118
0.082353
0.086275
0.113725
0.141176
0.149020
0.192157
0.184314
0.152941
0.133333
0.117647
0.137255
0.117647
0.117647
0.125490
0.137255
0.117647
0.137255
0.074510
0.043137
0.137255
0.172549
0.168627
0.149020
0.313725
0.509804
0.552941
0.498039
0.180392
0.113725
0.121569
0.109804
0.125490
0.105882
0.113725
0.133333
0.149020
0.152941
0.180392
0.172549
0.121569
0.101961
0.078431
0.090196
0.086275
0.086275
0.105882
0.149020
0.164706
0.192157
0.098039
0.090196
0.168627
0.176471
0.188235
0.247059
0.466667
0.533333
0.588235
0.521569
0.235294
0.094118
0.082353
0.086275
0.101961
0.098039
0.117647
0.121569
0.113725
0.121569
0.141176
0.149020
0.109804
0.105882
0.090196
0.098039
0.098039
0.090196
0.117647
0.125490
0.141176
0.184314
0.172549
0.101961
0.172549
0.184314
0.207843
0.427451
0.580392
0.521569
0.611765
0.560784
0.372549
0.109804
0.066667
0.058824
0.070588
0.090196
0.101961
0.101961
0.098039
0.113725
0.113725
0.133333
0.137255
0.172549
0.133333
0.094118
0.113725
0.109804
0.090196
0.117647
0.149020
0.172549
0.200000
0.113725
0.109804
0.137255
0.298039
0.592157
0.623529
0.517647
0.607843
0.501961
0.313725
0.121569
0.078431
0.070588
0.074510
0.094118
0.105882
0.109804
0.082353
0.121569
0.137255
0.137255
0.164706
0.192157
0.109804
0.062745
0.129412
0.109804
0.109804
0.211765
0.235294
0.196078
0.172549
0.101961
0.047059
0.137255
0.443137
0.654902
0.627451
0.513725
0.584314
0.321569
0.164706
0.129412
0.070588
0.105882
0.137255
0.098039
0.090196
0.117647
0.086275
0.137255
0.137255
0.137255
0.188235
0.164706
0.074510
0.098039
0.129412
0.090196
0.188235
0.298039
0.274510
0.192157
0.141176
0.078431
0.098039
0.282353
0.572549
0.666667
0.615686
0.513725
0.603922
0.215686
0.113725
0.160784
0.094118
0.094118
0.156863
0.117647
0.086275
0.113725
0.101961
0.137255
0.098039
0.125490
0.176471
0.129412
0.090196
0.121569
0.129412
0.094118
0.203922
0.290196
0.231373
0.168627
0.141176
0.227451
0.290196
0.498039
0.650980
0.650980
0.600000
0.517647
0.643137
0.219608
0.090196
0.149020
0.141176
0.090196
0.129412
0.125490
0.086275
0.090196
0.098039
0.129412
0.117647
0.129412
0.145098
0.117647
0.105882
0.117647
0.129412
0.125490
0.184314
0.219608
0.188235
0.121569
0.227451
0.482353
0.521569
0.647059
0.674510
0.627451
0.588235
0.509804
0.658824
0.290196
0.086275
0.121569
0.149020
0.109804
0.090196
0.133333
0.113725
0.101961
0.086275
0.105882
0.149020
0.129412
0.137255
0.121569
0.101961
0.121569
0.133333
0.133333
0.141176
0.145098
0.133333
0.105882
0.333333
0.592157
0.623529
0.690196
0.694118
0.654902
0.600000
0.501961
0.647059
0.403922
0.121569
0.113725
0.137255
0.141176
0.101961
0.129412
0.125490
0.101961
0.094118
0.094118
0.129412
0.129412
0.137255
0.121569
0.105882
0.101961
0.121569
0.149020
0.109804
0.152941
0.109804
0.164706
0.462745
0.580392
0.600000
0.670588
0.682353
0.678431
0.619608
0.517647
0.592157
0.509804
0.200000
0.105882
0.117647
0.156863
0.149020
0.105882
0.125490
0.098039
0.070588
0.086275
0.101961
0.101961
0.094118
0.098039
0.133333
0.129412
0.113725
0.168627
0.145098
0.145098
0.125490
0.360784
0.576471
0.541176
0.552941
0.627451
0.666667
0.686275
0.611765
0.545098
0.611765
0.572549
0.352941
0.121569
0.094118
0.117647
0.156863
0.117647
0.141176
0.145098
0.101961
0.090196
0.086275
0.105882
0.090196
0.121569
0.168627
0.145098
0.117647
0.156863
0.145098
0.109804
0.266667
0.556863
0.600000
0.517647
0.509804
0.596078
0.654902
0.662745
0.580392
0.541176
0.643137
0.584314
0.513725
0.227451
0.098039
0.101961
0.129412
0.125490
0.145098
0.156863
0.149020
0.098039
0.078431
0.109804
0.105882
0.129412
0.168627
0.168627
0.141176
0.168627
0.129412
0.149020
0.419608
0.588235
0.549020
0.517647
0.521569
0.592157
0.627451
0.615686
0.564706
0.533333
0.643137
0.568627
0.568627
0.419608
0.168627
0.117647
0.105882
0.113725
0.133333
0.141176
0.160784
0.152941
0.121569
0.145098
0.149020
0.152941
0.192157
0.188235
0.156863
0.152941
0.137255
0.192157
0.301961
0.423529
0.427451
0.411765
0.458824
0.537255
0.588235
0.584314
0.592157
0.545098
0.631373
0.584314
0.592157
0.568627
0.341176
0.160784
0.113725
0.113725
0.137255
0.152941
0.125490
0.172549
0.156863
0.156863
0.176471
0.141176
0.152941
0.164706
0.152941
0.196078
0.200000
0.184314
0.164706
0.200000
0.290196
0.337255
0.400000
0.525490
0.615686
0.639216
0.631373
0.549020
0.603922
0.584314
0.600000
0.619608
0.560784
0.329412
0.180392
0.121569
0.109804
0.152941
0.215686
0.188235
0.200000
0.196078
0.168627
0.149020
0.172549
0.223529
0.250980
0.211765
0.180392
0.156863
0.156863
0.160784
0.219608
0.356863
0.533333
0.631373
0.654902
0.650980
0.580392
0.521569
0.647059
0.580392
0.596078
0.607843
0.619608
0.533333
0.313725
0.207843
0.149020
0.243137
0.356863
0.294118
0.180392
0.184314
0.164706
0.172549
0.203922
0.400000
0.631373
0.552941
0.286275
0.176471
0.164706
0.168627
0.286275
0.572549
0.682353
0.694118
0.635294
0.647059
0.580392
0.486275
0.662745
0.572549
0.588235
0.611765
0.619608
0.611765
0.549020
0.380392
0.282353
0.313725
0.349020
0.411765
0.364706
0.270588
0.247059
0.294118
0.435294
0.686275
0.792157
0.776471
0.658824
0.392157
0.247059
0.258824
0.501961
0.701961
0.694118
0.690196
0.639216
0.600000
0.596078
0.517647
0.670588
0.568627
0.576471
0.600000
0.615686
0.615686
0.615686
0.580392
0.411765
0.333333
0.345098
0.349020
0.352941
0.392157
0.505882
0.615686
0.733333
0.784314
0.796078
0.796078
0.776471
0.705882
0.588235
0.596078
0.682353
0.694118
0.698039
0.666667
0.600000
0.596078
0.600000
0.537255
0.662745
