0.576471
0.513725
0.549020
0.623529
0.772549
0.611765
0.482353
0.603922
0.529412
0.474510
0.631373
0.729412
0.615686
0.541176
0.588235
0.596078
0.564706
0.588235
0.486275
0.490196
0.466667
0.423529
0.419608
0.431373
0.572549
0.525490
0.529412
0.447059
0.439216
0.627451
0.564706
0.411765
0.584314
0.552941
0.564706
0.611765
0.776471
0.643137
0.513725
0.592157
0.560784
0.537255
0.670588
0.772549
0.607843
0.549020
0.549020
0.556863
0.588235
0.623529
0.545098
0.482353
0.423529
0.384314
0.447059
0.419608
0.603922
0.596078
0.529412
0.447059
0.423529
0.607843
0.588235
0.596078
0.533333
0.545098
0.580392
0.607843
0.745098
0.654902
0.556863
0.615686
0.549020
0.521569
0.701961
0.807843
0.592157
0.529412
0.572549
0.643137
0.631373
0.666667
0.529412
0.494118
0.384314
0.380392
0.474510
0.435294
0.611765
0.560784
0.545098
0.466667
0.403922
0.635294
0.603922
0.639216
0.580392
0.588235
0.623529
0.654902
0.745098
0.729412
0.549020
0.592157
0.545098
0.552941
0.725490
0.807843
0.631373
0.490196
0.607843
0.705882
0.650980
0.639216
0.564706
0.580392
0.364706
0.407843
0.505882
0.447059
0.600000
0.529412
0.513725
0.498039
0.427451
0.631373
0.592157
0.627451
0.611765
0.600000
0.631373
0.639216
0.470588
0.619608
0.552941
0.607843
0.549020
0.588235
0.549020
0.415686
0.647059
0.494118
0.584314
0.654902
0.658824
0.670588
0.572549
0.576471
0.435294
0.450980
0.505882
0.447059
0.643137
0.572549
0.501961
0.529412
0.470588
0.576471
0.584314
0.623529
0.647059
0.584314
0.596078
0.639216
0.207843
0.219608
0.552941
0.619608
0.564706
0.537255
0.168627
0.313725
0.639216
0.545098
0.580392
0.603922
0.619608
0.678431
0.572549
0.525490
0.443137
0.450980
0.509804
0.454902
0.631373
0.564706
0.521569
0.521569
0.474510
0.643137
0.607843
0.666667
0.619608
0.580392
0.545098
0.588235
0.254902
0.101961
0.521569
0.607843
0.592157
0.505882
0.086275
0.309804
0.596078
0.592157
0.572549
0.674510
0.705882
0.690196
0.556863
0.474510
0.466667
0.486275
0.486275
0.435294
0.607843
0.584314
0.509804
0.521569
0.462745
0.713725
0.694118
0.627451
0.611765
0.611765
0.545098
0.545098
0.439216
0.160784
0.396078
0.662745
0.666667
0.474510
0.160784
0.501961
0.666667
0.588235
0.533333
0.658824
0.713725
0.686275
0.552941
0.478431
0.498039
0.478431
0.498039
0.439216
0.607843
0.611765
0.494118
0.517647
0.439216
0.705882
0.784314
0.603922
0.572549
0.549020
0.552941
0.603922
0.729412
0.454902
0.439216
0.576471
0.592157
0.529412
0.466667
0.737255
0.603922
0.462745
0.521569
0.654902
0.654902
0.662745
0.600000
0.513725
0.537255
0.482353
0.478431
0.462745
0.576471
0.603922
0.486275
0.525490
0.415686
0.647059
0.811765
0.670588
0.529412
0.498039
0.411765
0.509804
0.474510
0.462745
0.533333
0.447059
0.549020
0.447059
0.372549
0.364706
0.364706
0.501961
0.647059
0.631373
0.658824
0.600000
0.501961
0.466667
0.447059
0.521569
0.509804
0.486275
0.568627
0.627451
0.494118
0.572549
0.411765
0.639216
0.788235
0.470588
0.403922
0.443137
0.301961
0.278431
0.439216
0.521569
0.650980
0.666667
0.545098
0.333333
0.368627
0.541176
0.725490
0.749020
0.686275
0.678431
0.619608
0.537255
0.470588
0.447059
0.392157
0.458824
0.533333
0.466667
0.584314
0.670588
0.509804
0.568627
0.419608
0.674510
0.729412
0.482353
0.298039
0.345098
0.415686
0.494118
0.788235
0.592157
0.450980
0.560784
0.349020
0.188235
0.329412
0.513725
0.701961
0.698039
0.494118
0.549020
0.674510
0.549020
0.541176
0.549020
0.541176
0.443137
0.607843
0.600000
0.662745
0.647059
0.513725
0.556863
0.435294
0.686275
0.627451
0.560784
0.462745
0.396078
0.392157
0.490196
0.800000
0.666667
0.466667
0.419608
0.400000
0.286275
0.188235
0.352941
0.525490
0.584314
0.482353
0.537255
0.592157
0.533333
0.541176
0.541176
0.517647
0.478431
0.607843
0.631373
0.603922
0.529412
0.545098
0.556863
0.447059
0.678431
0.603922
0.549020
0.490196
0.478431
0.443137
0.521569
0.800000
0.600000
0.435294
0.403922
0.407843
0.329412
0.137255
0.215686
0.407843
0.427451
0.482353
0.498039
0.556863
0.600000
0.521569
0.529412
0.462745
0.427451
0.521569
0.494118
0.439216
0.454902
0.494118
0.513725
0.447059
0.615686
0.792157
0.674510
0.403922
0.498039
0.435294
0.450980
0.552941
0.396078
0.239216
0.329412
0.372549
0.262745
0.164706
0.098039
0.121569
0.211765
0.301961
0.313725
0.498039
0.545098
0.447059
0.474510
0.509804
0.411765
0.431373
0.439216
0.439216
0.447059
0.462745
0.356863
0.427451
0.541176
0.776471
0.658824
0.450980
0.458824
0.431373
0.423529
0.447059
0.415686
0.211765
0.400000
0.247059
0.184314
0.180392
0.133333
0.074510
0.156863
0.215686
0.227451
0.352941
0.458824
0.376471
0.576471
0.584314
0.525490
0.431373
0.431373
0.450980
0.478431
0.427451
0.407843
0.415686
0.462745
0.713725
0.631373
0.388235
0.372549
0.372549
0.443137
0.521569
0.498039
0.270588
0.435294
0.196078
0.188235
0.164706
0.156863
0.129412
0.152941
0.192157
0.196078
0.211765
0.262745
0.317647
0.486275
0.615686
0.662745
0.431373
0.454902
0.501961
0.482353
0.466667
0.462745
0.403922
0.466667
0.760784
0.694118
0.270588
0.266667
0.231373
0.364706
0.525490
0.458824
0.203922
0.219608
0.156863
0.207843
0.227451
0.145098
0.176471
0.172549
0.200000
0.223529
0.180392
0.152941
0.200000
0.356863
0.501961
0.662745
0.364706
0.219608
0.274510
0.486275
0.490196
0.478431
0.474510
0.486275
0.662745
0.678431
0.270588
0.250980
0.317647
0.364706
0.470588
0.576471
0.572549
0.486275
0.211765
0.066667
0.160784
0.121569
0.203922
0.250980
0.219608
0.180392
0.152941
0.176471
0.156863
0.243137
0.333333
0.400000
0.184314
0.101961
0.129412
0.278431
0.560784
0.556863
0.552941
0.556863
0.717647
0.694118
0.411765
0.392157
0.356863
0.376471
0.462745
0.505882
0.533333
0.568627
0.356863
0.031373
0.074510
0.074510
0.219608
0.247059
0.262745
0.231373
0.200000
0.200000
0.101961
0.152941
0.211765
0.250980
0.086275
0.098039
0.207843
0.129412
0.454902
0.619608
0.588235
0.560784
0.721569
0.654902
0.450980
0.478431
0.407843
0.396078
0.462745
0.462745
0.470588
0.396078
0.258824
0.050980
0.090196
0.129412
0.266667
0.290196
0.278431
0.301961
0.427451
0.286275
0.105882
0.086275
0.192157
0.239216
0.078431
0.184314
0.333333
0.160784
0.215686
0.474510
0.458824
0.454902
0.619608
0.607843
0.400000
0.435294
0.396078
0.396078
0.443137
0.486275
0.482353
0.466667
0.274510
0.074510
0.129412
0.117647
0.180392
0.235294
0.258824
0.372549
0.513725
0.407843
0.141176
0.105882
0.223529
0.192157
0.109804
0.282353
0.470588
0.333333
0.090196
0.262745
0.470588
0.458824
0.568627
0.525490
0.435294
0.450980
0.403922
0.376471
0.400000
0.423529
0.443137
0.498039
0.447059
0.200000
0.184314
0.047059
0.074510
0.125490
0.196078
0.356863
0.482353
0.443137
0.172549
0.164706
0.172549
0.164706
0.113725
0.254902
0.447059
0.470588
0.196078
0.121569
0.450980
0.474510
0.396078
0.349020
0.431373
0.415686
0.396078
0.407843
0.419608
0.396078
0.431373
0.435294
0.435294
0.384314
0.223529
0.309804
0.298039
0.235294
0.219608
0.325490
0.431373
0.384314
0.149020
0.141176
0.125490
0.125490
0.105882
0.137255
0.349020
0.600000
0.450980
0.137255
0.333333
0.333333
0.270588
0.270588
0.407843
0.419608
0.415686
0.423529
0.415686
0.384314
0.447059
0.466667
0.419608
0.435294
0.423529
0.564706
0.454902
0.231373
0.145098
0.152941
0.192157
0.223529
0.160784
0.086275
0.101961
0.066667
0.074510
0.074510
0.278431
0.603922
0.541176
0.278431
0.337255
0.388235
0.301961
0.258824
0.388235
0.364706
0.376471
0.360784
0.368627
0.411765
0.501961
0.545098
0.584314
0.572549
0.556863
0.576471
0.576471
0.462745
0.345098
0.317647
0.356863
0.356863
0.203922
0.294118
0.450980
0.247059
0.129412
0.062745
0.125490
0.498039
0.521569
0.227451
0.333333
0.400000
0.333333
0.278431
0.392157
0.345098
0.333333
0.368627
0.368627
0.396078
0.450980
0.486275
0.556863
0.580392
0.549020
0.529412
0.568627
0.537255
0.486275
0.505882
0.458824
0.360784
0.364706
0.498039
0.443137
0.427451
0.407843
0.345098
0.274510
0.431373
0.615686
0.325490
0.254902
0.403922
0.388235
0.333333
0.341176
0.345098
0.317647
0.345098
0.415686
0.427451
0.443137
0.458824
0.482353
0.482353
0.505882
0.494118
0.537255
0.615686
0.615686
0.658824
0.576471
0.439216
0.498039
0.423529
0.247059
0.278431
0.329412
0.407843
0.411765
0.513725
0.537255
0.454902
0.317647
0.447059
0.415686
0.372549
0.321569
0.349020
0.368627
0.415686
0.435294
0.462745
0.411765
0.396078
0.458824
0.466667
0.474510
0.458824
0.509804
0.584314
0.643137
0.690196
0.662745
0.600000
0.533333
0.466667
0.458824
0.470588
0.462745
0.447059
0.450980
0.513725
0.439216
0.450980
0.466667
0.450980
0.427451
0.407843
0.305882
0.337255
0.431373
0.478431
0.450980
0.431373
0.431373
0.435294
0.454902
0.435294
0.462745
0.435294
0.498039
0.560784
0.596078
0.588235
0.588235
0.592157
0.474510
0.450980
0.486275
0.498039
0.533333
0.545098
0.568627
0.505882
0.525490
0.439216
0.454902
0.470588
0.443137
0.372549
0.345098
0.407843
0.450980
0.486275
0.490196
0.501961
0.458824
0.458824
0.482353
0.450980
0.505882
0.545098
0.533333
0.580392
0.576471
0.556863
0.529412
0.509804
0.474510
0.403922
0.439216
0.490196
0.490196
0.521569
0.545098
0.521569
0.537255
0.494118
0.458824
0.470588
0.482353
0.407843
0.431373
0.407843
0.505882
0.521569
0.474510
0.466667
0.482353
0.533333
0.521569
0.474510
0.466667
0.509804
0.521569
0.615686
0.541176
0.533333
0.568627
0.580392
0.517647
0.454902
0.431373
0.494118
0.552941
0.549020
0.509804
0.478431
0.501961
0.529412
0.517647
0.525490
0.517647
0.454902
0.647059
0.556863
0.588235
0.658824
0.803922
0.635294
0.521569
0.639216
0.576471
0.533333
0.670588
0.760784
0.654902
0.588235
0.643137
0.654902
0.619608
0.627451
0.517647
0.529412
0.525490
0.509804
0.549020
0.560784
0.658824
0.572549
0.564706
0.482353
0.450980
0.639216
0.596078
0.443137
0.643137
0.584314
0.588235
0.631373
0.792157
0.662745
0.552941
0.627451
0.607843
0.584314
0.709804
0.803922
0.647059
0.592157
0.603922
0.611765
0.631373
0.647059
0.564706
0.509804
0.470588
0.462745
0.576471
0.549020
0.686275
0.643137
0.564706
0.482353
0.447059
0.635294
0.619608
0.623529
0.580392
0.564706
0.592157
0.623529
0.752941
0.670588
0.588235
0.647059
0.592157
0.568627
0.733333
0.827451
0.627451
0.572549
0.615686
0.694118
0.662745
0.670588
0.533333
0.509804
0.427451
0.454902
0.600000
0.564706
0.698039
0.607843
0.576471
0.498039
0.439216
0.674510
0.643137
0.662745
0.627451
0.607843
0.635294
0.666667
0.752941
0.737255
0.576471
0.615686
0.580392
0.596078
0.749020
0.823529
0.658824
0.529412
0.650980
0.752941
0.674510
0.639216
0.564706
0.588235
0.407843
0.486275
0.631373
0.576471
0.682353
0.576471
0.545098
0.533333
0.466667
0.670588
0.631373
0.650980
0.666667
0.627451
0.650980
0.658824
0.482353
0.627451
0.576471
0.627451
0.580392
0.627451
0.568627
0.435294
0.670588
0.525490
0.627451
0.698039
0.678431
0.666667
0.568627
0.592157
0.490196
0.541176
0.639216
0.576471
0.725490
0.619608
0.537255
0.560784
0.505882
0.611765
0.619608
0.647059
0.717647
0.623529
0.627451
0.670588
0.227451
0.223529
0.572549
0.639216
0.592157
0.572549
0.184314
0.329412
0.658824
0.576471
0.615686
0.647059
0.639216
0.674510
0.576471
0.552941
0.513725
0.560784
0.647059
0.580392
0.717647
0.611765
0.552941
0.552941
0.498039
0.662745
0.635294
0.698039
0.701961
0.635294
0.588235
0.635294
0.286275
0.101961
0.537255
0.623529
0.615686
0.537255
0.098039
0.321569
0.615686
0.619608
0.611765
0.713725
0.729412
0.698039
0.572549
0.517647
0.549020
0.607843
0.635294
0.564706
0.690196
0.631373
0.545098
0.552941
0.474510
0.717647
0.721569
0.666667
0.725490
0.682353
0.623529
0.639216
0.501961
0.156863
0.396078
0.658824
0.670588
0.482353
0.164706
0.505882
0.674510
0.603922
0.560784
0.698039
0.737255
0.678431
0.545098
0.498039
0.580392
0.623529
0.658824
0.564706
0.694118
0.662745
0.529412
0.549020
0.458824
0.709804
0.792157
0.643137
0.698039
0.615686
0.643137
0.709804
0.800000
0.439216
0.419608
0.552941
0.564706
0.505882
0.447059
0.729412
0.592157
0.454902
0.533333
0.690196
0.678431
0.647059
0.560784
0.494118
0.596078
0.631373
0.639216
0.592157
0.670588
0.662745
0.521569
0.549020
0.458824
0.650980
0.796078
0.701961
0.611765
0.552941
0.482353
0.564706
0.478431
0.450980
0.513725
0.423529
0.521569
0.423529
0.352941
0.356863
0.345098
0.482353
0.643137
0.654902
0.694118
0.627451
0.513725
0.478431
0.490196
0.600000
0.627451
0.607843
0.662745
0.682353
0.525490
0.588235
0.450980
0.639216
0.760784
0.486275
0.537255
0.588235
0.458824
0.368627
0.450980
0.525490
0.639216
0.639216
0.513725
0.309804
0.349020
0.521569
0.701961
0.717647
0.670588
0.682353
0.658824
0.603922
0.545098
0.521569
0.462745
0.517647
0.635294
0.588235
0.674510
0.729412
0.541176
0.588235
0.458824
0.670588
0.690196
0.482353
0.521569
0.619608
0.705882
0.682353
0.858824
0.619608
0.447059
0.525490
0.309804
0.164706
0.313725
0.494118
0.670588
0.658824
0.462745
0.537255
0.701961
0.631373
0.662745
0.701961
0.690196
0.576471
0.741176
0.725490
0.764706
0.717647
0.564706
0.592157
0.486275
0.686275
0.580392
0.549020
0.678431
0.690196
0.713725
0.705882
0.890196
0.713725
0.474510
0.384314
0.352941
0.266667
0.180392
0.333333
0.494118
0.541176
0.447059
0.517647
0.603922
0.596078
0.670588
0.737255
0.749020
0.721569
0.800000
0.780392
0.737255
0.639216
0.631373
0.631373
0.537255
0.705882
0.576471
0.552941
0.615686
0.694118
0.709804
0.705882
0.882353
0.666667
0.450980
0.364706
0.356863
0.305882
0.133333
0.207843
0.380392
0.384314
0.443137
0.474510
0.552941
0.627451
0.611765
0.698039
0.705882
0.725490
0.764706
0.686275
0.615686
0.611765
0.631373
0.647059
0.584314
0.678431
0.792157
0.701961
0.486275
0.666667
0.682353
0.654902
0.674510
0.478431
0.258824
0.286275
0.317647
0.239216
0.164706
0.101961
0.101961
0.176471
0.266667
0.286275
0.486275
0.541176
0.470588
0.556863
0.686275
0.674510
0.690196
0.674510
0.662745
0.650980
0.654902
0.545098
0.611765
0.643137
0.811765
0.725490
0.584314
0.674510
0.737255
0.721569
0.654902
0.517647
0.235294
0.352941
0.192157
0.156863
0.188235
0.141176
0.058824
0.125490
0.184314
0.203922
0.337255
0.439216
0.341176
0.568627
0.658824
0.698039
0.658824
0.678431
0.694118
0.717647
0.658824
0.635294
0.631373
0.600000
0.772549
0.721569
0.635294
0.639216
0.682353
0.737255
0.733333
0.596078
0.301961
0.411765
0.152941
0.168627
0.160784
0.156863
0.129412
0.149020
0.180392
0.176471
0.192157
0.239216
0.286275
0.462745
0.607843
0.674510
0.423529
0.478431
0.631373
0.690196
0.717647
0.725490
0.647059
0.639216
0.850980
0.811765
0.556863
0.533333
0.521569
0.631373
0.721569
0.568627
0.270588
0.243137
0.152941
0.200000
0.219608
0.141176
0.180392
0.180392
0.200000
0.207843
0.152941
0.121569
0.184314
0.341176
0.474510
0.611765
0.274510
0.160784
0.329412
0.635294
0.690196
0.698039
0.686275
0.643137
0.737255
0.760784
0.521569
0.501961
0.600000
0.635294
0.682353
0.709804
0.694118
0.588235
0.270588
0.074510
0.141176
0.113725
0.207843
0.254902
0.215686
0.160784
0.121569
0.152941
0.141176
0.227451
0.305882
0.356863
0.149020
0.101961
0.164706
0.345098
0.662745
0.686275
0.701961
0.666667
0.745098
0.717647
0.631373
0.623529
0.631373
0.650980
0.678431
0.670588
0.713725
0.752941
0.470588
0.050980
0.047059
0.066667
0.219608
0.250980
0.254902
0.211765
0.168627
0.176471
0.086275
0.141176
0.192157
0.215686
0.082353
0.109804
0.200000
0.121569
0.482353
0.698039
0.709804
0.654902
0.733333
0.662745
0.654902
0.694118
0.678431
0.670588
0.690196
0.654902
0.694118
0.623529
0.403922
0.078431
0.062745
0.125490
0.274510
0.294118
0.266667
0.278431
0.392157
0.258824
0.090196
0.082353
0.176471
0.207843
0.066667
0.164706
0.278431
0.101961
0.215686
0.556863
0.603922
0.580392
0.678431
0.654902
0.600000
0.647059
0.666667
0.670588
0.678431
0.705882
0.721569
0.686275
0.415686
0.101961
0.105882
0.121569
0.188235
0.239216
0.247059
0.341176
0.478431
0.380392
0.129412
0.101961
0.215686
0.168627
0.074510
0.219608
0.388235
0.262745
0.094118
0.356863
0.650980
0.647059
0.709804
0.654902
0.643137
0.670588
0.674510
0.650980
0.643137
0.674510
0.682353
0.686275
0.560784
0.227451
0.180392
0.058824
0.090196
0.133333
0.188235
0.317647
0.435294
0.415686
0.160784
0.164706
0.172549
0.152941
0.062745
0.176471
0.372549
0.419608
0.196078
0.188235
0.643137
0.713725
0.611765
0.560784
0.658824
0.647059
0.670588
0.678431
0.674510
0.678431
0.662745
0.584314
0.509804
0.411765
0.239216
0.333333
0.325490
0.247059
0.207843
0.282353
0.380392
0.356863
0.133333
0.141176
0.129412
0.117647
0.066667
0.090196
0.305882
0.564706
0.419608
0.137255
0.509804
0.600000
0.529412
0.529412
0.619608
0.650980
0.690196
0.694118
0.670588
0.650980
0.650980
0.592157
0.490196
0.486275
0.470588
0.607843
0.494118
0.254902
0.141176
0.129412
0.152941
0.192157
0.160784
0.082353
0.086275
0.050980
0.050980
0.047059
0.270588
0.592157
0.501961
0.227451
0.478431
0.635294
0.560784
0.541176
0.552941
0.596078
0.654902
0.639216
0.619608
0.600000
0.658824
0.678431
0.698039
0.682353
0.658824
0.658824
0.654902
0.529412
0.384314
0.337255
0.329412
0.329412
0.227451
0.274510
0.380392
0.207843
0.101961
0.031373
0.129412
0.513725
0.513725
0.200000
0.423529
0.584314
0.568627
0.568627
0.611765
0.619608
0.635294
0.662745
0.619608
0.568627
0.615686
0.654902
0.713725
0.721569
0.694118
0.694118
0.709804
0.639216
0.537255
0.525490
0.435294
0.349020
0.411765
0.501961
0.392157
0.407843
0.407843
0.345098
0.290196
0.450980
0.635294
0.337255
0.345098
0.560784
0.603922
0.603922
0.647059
0.666667
0.631373
0.631373
0.654902
0.615686
0.643137
0.678431
0.686275
0.650980
0.690196
0.733333
0.733333
0.749020
0.682353
0.682353
0.576471
0.474510
0.588235
0.490196
0.270588
0.313725
0.388235
0.462745
0.450980
0.549020
0.584314
0.521569
0.419608
0.592157
0.607843
0.611765
0.658824
0.678431
0.662745
0.662745
0.643137
0.658824
0.639216
0.650980
0.701961
0.662745
0.682353
0.713725
0.721569
0.737255
0.741176
0.756863
0.733333
0.705882
0.686275
0.619608
0.588235
0.588235
0.584314
0.552941
0.521569
0.568627
0.525490
0.572549
0.580392
0.576471
0.592157
0.607843
0.619608
0.623529
0.674510
0.674510
0.627451
0.635294
0.662745
0.686275
0.701961
0.658824
0.678431
0.654902
0.682353
0.705882
0.725490
0.717647
0.733333
0.760784
0.686275
0.694118
0.721569
0.698039
0.701961
0.682353
0.678431
0.607843
0.647059
0.588235
0.576471
0.588235
0.584314
0.549020
0.592157
0.635294
0.643137
0.650980
0.658824
0.721569
0.678431
0.674510
0.705882
0.690196
0.733333
0.725490
0.674510
0.701961
0.705882
0.713725
0.705882
0.701961
0.698039
0.682353
0.725490
0.713725
0.658824
0.682353
0.698039
0.674510
0.690196
0.650980
0.584314
0.584314
0.607843
0.560784
0.623529
0.592157
0.682353
0.698039
0.666667
0.701961
0.674510
0.686275
0.701961
0.721569
0.729412
0.701961
0.658824
0.713725
0.635294
0.647059
0.709804
0.729412
0.694118
0.709804
0.709804
0.690196
0.686275
0.705882
0.701961
0.686275
0.682353
0.670588
0.639216
0.643137
0.635294
0.600000
0.525490
0.450980
0.458824
0.549020
0.741176
0.541176
0.352941
0.521569
0.427451
0.376471
0.600000
0.678431
0.545098
0.462745
0.513725
0.537255
0.498039
0.498039
0.376471
0.364706
0.337255
0.294118
0.305882
0.325490
0.478431
0.427451
0.415686
0.317647
0.333333
0.545098
0.494118
0.349020
0.529412
0.486275
0.470588
0.533333
0.741176
0.572549
0.380392
0.509804
0.458824
0.431373
0.639216
0.717647
0.537255
0.466667
0.470588
0.494118
0.513725
0.521569
0.427451
0.349020
0.286275
0.250980
0.329412
0.313725
0.509804
0.498039
0.415686
0.317647
0.325490
0.533333
0.521569
0.529412
0.470588
0.474510
0.482353
0.529412
0.705882
0.584314
0.423529
0.529412
0.443137
0.415686
0.666667
0.745098
0.517647
0.439216
0.486275
0.568627
0.545098
0.552941
0.400000
0.352941
0.243137
0.243137
0.356863
0.329412
0.517647
0.462745
0.427451
0.333333
0.313725
0.568627
0.545098
0.564706
0.509804
0.509804
0.517647
0.568627
0.698039
0.650980
0.411765
0.501961
0.435294
0.447059
0.678431
0.733333
0.545098
0.396078
0.513725
0.627451
0.560784
0.521569
0.435294
0.435294
0.223529
0.274510
0.384314
0.341176
0.505882
0.435294
0.396078
0.368627
0.341176
0.568627
0.533333
0.549020
0.533333
0.513725
0.517647
0.541176
0.419608
0.541176
0.411765
0.513725
0.435294
0.478431
0.505882
0.352941
0.552941
0.392157
0.486275
0.568627
0.564706
0.549020
0.439216
0.439216
0.301961
0.325490
0.392157
0.341176
0.549020
0.474510
0.388235
0.396078
0.376471
0.509804
0.525490
0.541176
0.564706
0.490196
0.474510
0.533333
0.156863
0.149020
0.407843
0.525490
0.450980
0.423529
0.125490
0.250980
0.537255
0.439216
0.474510
0.513725
0.521569
0.560784
0.447059
0.392157
0.317647
0.341176
0.400000
0.349020
0.537255
0.470588
0.403922
0.388235
0.368627
0.568627
0.545098
0.584314
0.529412
0.482353
0.419608
0.478431
0.196078
0.031373
0.380392
0.513725
0.474510
0.388235
0.035294
0.223529
0.494118
0.478431
0.466667
0.580392
0.607843
0.576471
0.435294
0.352941
0.352941
0.380392
0.384314
0.329412
0.509804
0.486275
0.396078
0.388235
0.349020
0.627451
0.631373
0.549020
0.529412
0.501961
0.411765
0.443137
0.376471
0.062745
0.243137
0.521569
0.517647
0.337255
0.094118
0.415686
0.568627
0.478431
0.427451
0.560784
0.607843
0.560784
0.415686
0.341176
0.384314
0.396078
0.403922
0.333333
0.521569
0.521569
0.376471
0.380392
0.333333
0.631373
0.721569
0.513725
0.482353
0.403922
0.396078
0.494118
0.654902
0.329412
0.270588
0.376471
0.396078
0.368627
0.345098
0.647059
0.505882
0.349020
0.407843
0.549020
0.545098
0.529412
0.443137
0.349020
0.415686
0.407843
0.384314
0.360784
0.498039
0.525490
0.372549
0.376471
0.325490
0.584314
0.741176
0.564706
0.380392
0.321569
0.231373
0.360784
0.360784
0.333333
0.364706
0.250980
0.352941
0.282353
0.247059
0.254902
0.239216
0.364706
0.509804
0.501961
0.549020
0.498039
0.372549
0.321569
0.305882
0.396078
0.380392
0.368627
0.482353
0.541176
0.384314
0.431373
0.309804
0.564706
0.713725
0.368627
0.254902
0.298039
0.160784
0.152941
0.329412
0.392157
0.486275
0.470588
0.356863
0.188235
0.235294
0.403922
0.576471
0.584314
0.517647
0.513725
0.486275
0.439216
0.360784
0.321569
0.243137
0.286275
0.372549
0.333333
0.478431
0.576471
0.403922
0.443137
0.305882
0.584314
0.650980
0.384314
0.184314
0.254902
0.337255
0.415686
0.705882
0.466667
0.290196
0.364706
0.180392
0.066667
0.184314
0.360784
0.533333
0.513725
0.301961
0.360784
0.509804
0.419608
0.423529
0.427451
0.396078
0.270588
0.435294
0.447059
0.541176
0.541176
0.407843
0.439216
0.313725
0.580392
0.537255
0.466667
0.341176
0.298039
0.309804
0.407843
0.713725
0.545098
0.309804
0.231373
0.219608
0.137255
0.066667
0.207843
0.356863
0.400000
0.286275
0.341176
0.407843
0.364706
0.400000
0.415686
0.388235
0.337255
0.450980
0.478431
0.474510
0.415686
0.439216
0.447059
0.329412
0.568627
0.521569
0.462745
0.325490
0.329412
0.298039
0.388235
0.678431
0.474510
0.282353
0.223529
0.231373
0.184314
0.027451
0.098039
0.258824
0.254902
0.301961
0.317647
0.372549
0.411765
0.356863
0.384314
0.337255
0.317647
0.388235
0.349020
0.309804
0.337255
0.384314
0.407843
0.333333
0.517647
0.717647
0.596078
0.243137
0.325490
0.262745
0.298039
0.427451
0.270588
0.086275
0.149020
0.196078
0.121569
0.050980
0.015686
0.027451
0.070588
0.145098
0.152941
0.341176
0.388235
0.282353
0.317647
0.380392
0.317647
0.325490
0.313725
0.317647
0.325490
0.349020
0.254902
0.329412
0.462745
0.717647
0.588235
0.345098
0.321569
0.290196
0.317647
0.356863
0.298039
0.062745
0.223529
0.090196
0.043137
0.078431
0.066667
0.000000
0.035294
0.078431
0.082353
0.231373
0.345098
0.231373
0.415686
0.439216
0.423529
0.329412
0.309804
0.325490
0.356863
0.313725
0.301961
0.321569
0.396078
0.662745
0.568627
0.294118
0.254902
0.254902
0.321569
0.392157
0.376471
0.145098
0.305882
0.082353
0.062745
0.050980
0.054902
0.050980
0.082353
0.109804
0.086275
0.105882
0.164706
0.207843
0.360784
0.466667
0.501961
0.239216
0.250980
0.325490
0.360784
0.364706
0.341176
0.309804
0.368627
0.709804
0.662745
0.164706
0.145098
0.117647
0.227451
0.364706
0.321569
0.098039
0.101961
0.050980
0.090196
0.105882
0.043137
0.113725
0.129412
0.141176
0.129412
0.074510
0.050980
0.109804
0.250980
0.364706
0.482353
0.176471
0.035294
0.105882
0.364706
0.392157
0.352941
0.364706
0.349020
0.592157
0.631373
0.145098
0.121569
0.203922
0.235294
0.309804
0.415686
0.415686
0.345098
0.105882
0.003922
0.070588
0.043137
0.156863
0.211765
0.160784
0.078431
0.035294
0.070588
0.062745
0.141176
0.203922
0.231373
0.070588
0.011765
0.019608
0.164706
0.458824
0.435294
0.419608
0.388235
0.611765
0.619608
0.266667
0.250980
0.243137
0.254902
0.305882
0.333333
0.368627
0.431373
0.258824
0.003922
0.031373
0.023529
0.188235
0.215686
0.200000
0.117647
0.066667
0.094118
0.019608
0.062745
0.098039
0.101961
0.023529
0.050980
0.090196
0.015686
0.341176
0.505882
0.450980
0.372549
0.596078
0.564706
0.301961
0.329412
0.290196
0.278431
0.321569
0.309804
0.329412
0.282353
0.192157
0.027451
0.066667
0.090196
0.247059
0.262745
0.203922
0.172549
0.274510
0.168627
0.027451
0.015686
0.094118
0.113725
0.019608
0.105882
0.160784
0.000000
0.101961
0.376471
0.333333
0.270588
0.501961
0.521569
0.254902
0.290196
0.282353
0.282353
0.305882
0.364706
0.368627
0.368627
0.219608
0.058824
0.105882
0.078431
0.152941
0.203922
0.172549
0.223529
0.352941
0.274510
0.047059
0.031373
0.137255
0.086275
0.031373
0.145098
0.247059
0.129412
0.000000
0.176471
0.356863
0.298039
0.466667
0.454902
0.298039
0.313725
0.294118
0.262745
0.270588
0.313725
0.337255
0.400000
0.364706
0.141176
0.129412
0.007843
0.039216
0.078431
0.105882
0.200000
0.309804
0.301961
0.070588
0.090196
0.101961
0.078431
0.035294
0.105882
0.211765
0.250980
0.074510
0.043137
0.345098
0.321569
0.305882
0.286275
0.309804
0.290196
0.294118
0.298039
0.290196
0.274510
0.309804
0.309804
0.305882
0.250980
0.109804
0.235294
0.247059
0.176471
0.117647
0.156863
0.250980
0.239216
0.054902
0.070588
0.070588
0.054902
0.043137
0.031373
0.141176
0.400000
0.294118
0.031373
0.215686
0.172549
0.168627
0.196078
0.286275
0.301961
0.317647
0.313725
0.286275
0.254902
0.305882
0.309804
0.254902
0.262745
0.270588
0.470588
0.388235
0.172549
0.054902
0.023529
0.047059
0.090196
0.062745
0.011765
0.039216
0.011765
0.023529
0.011765
0.149020
0.458824
0.400000
0.121569
0.207843
0.231373
0.192157
0.168627
0.262745
0.262745
0.286275
0.254902
0.250980
0.290196
0.356863
0.372549
0.407843
0.415686
0.411765
0.450980
0.490196
0.407843
0.298039
0.270588
0.258824
0.227451
0.105882
0.180392
0.317647
0.160784
0.058824
0.003922
0.078431
0.443137
0.431373
0.094118
0.207843
0.282353
0.231373
0.184314
0.290196
0.266667
0.254902
0.274510
0.254902
0.278431
0.313725
0.333333
0.400000
0.435294
0.411765
0.403922
0.462745
0.447059
0.392157
0.403922
0.317647
0.215686
0.247059
0.352941
0.286275
0.313725
0.313725
0.266667
0.215686
0.364706
0.521569
0.196078
0.121569
0.278431
0.274510
0.227451
0.270588
0.282353
0.243137
0.250980
0.301961
0.309804
0.321569
0.337255
0.356863
0.349020
0.376471
0.372549
0.415686
0.482353
0.454902
0.470588
0.380392
0.274510
0.356863
0.270588
0.101961
0.160784
0.223529
0.309804
0.305882
0.400000
0.407843
0.317647
0.164706
0.290196
0.278431
0.250980
0.250980
0.274510
0.282353
0.305882
0.305882
0.337255
0.305882
0.298039
0.356863
0.341176
0.341176
0.333333
0.372549
0.427451
0.458824
0.478431
0.462745
0.439216
0.384314
0.313725
0.301961
0.321569
0.345098
0.329412
0.301961
0.352941
0.286275
0.305882
0.290196
0.270588
0.266667
0.266667
0.203922
0.231373
0.313725
0.337255
0.301961
0.298039
0.321569
0.337255
0.352941
0.317647
0.329412
0.294118
0.352941
0.403922
0.431373
0.415686
0.423529
0.439216
0.333333
0.321569
0.360784
0.364706
0.400000
0.403922
0.400000
0.325490
0.352941
0.286275
0.270588
0.278431
0.262745
0.215686
0.211765
0.270588
0.301961
0.333333
0.337255
0.368627
0.329412
0.333333
0.360784
0.333333
0.376471
0.403922
0.384314
0.435294
0.431373
0.423529
0.396078
0.360784
0.333333
0.286275
0.329412
0.352941
0.337255
0.364706
0.372549
0.341176
0.364706
0.333333
0.274510
0.270588
0.290196
0.235294
0.274510
0.254902
0.356863
0.384314
0.337255
0.329412
0.329412
0.368627
0.372549
0.352941
0.349020
0.372549
0.372549
0.458824
0.384314
0.388235
0.427451
0.419608
0.356863
0.333333
0.321569
0.341176
0.372549
0.376471
0.341176
0.317647
0.337255
0.352941
0.337255
0.337255
0.325490
0.274510
