0.286275
0.274510
0.290196
0.266667
0.250980
0.239216
0.239216
0.254902
0.235294
0.325490
0.250980
0.231373
0.274510
0.294118
0.207843
0.192157
0.258824
0.247059
0.176471
0.227451
0.349020
0.415686
0.380392
0.211765
0.141176
0.227451
0.341176
0.474510
0.341176
0.125490
0.203922
0.317647
0.282353
0.278431
0.266667
0.254902
0.254902
0.227451
0.231373
0.250980
0.250980
0.325490
0.235294
0.270588
0.321569
0.282353
0.250980
0.282353
0.313725
0.207843
0.203922
0.345098
0.423529
0.325490
0.180392
0.152941
0.215686
0.321569
0.411765
0.505882
0.368627
0.129412
0.200000
0.305882
0.262745
0.254902
0.262745
0.247059
0.243137
0.223529
0.219608
0.227451
0.235294
0.250980
0.239216
0.321569
0.325490
0.274510
0.294118
0.309804
0.286275
0.254902
0.294118
0.396078
0.309804
0.156863
0.145098
0.227451
0.329412
0.415686
0.474510
0.482353
0.282353
0.133333
0.211765
0.313725
0.254902
0.254902
0.258824
0.231373
0.231373
0.250980
0.250980
0.258824
0.223529
0.207843
0.286275
0.337255
0.290196
0.278431
0.345098
0.337255
0.325490
0.356863
0.337255
0.349020
0.247059
0.180392
0.239216
0.352941
0.458824
0.517647
0.486275
0.321569
0.172549
0.184314
0.278431
0.384314
0.290196
0.309804
0.305882
0.262745
0.247059
0.301961
0.349020
0.356863
0.227451
0.211765
0.313725
0.301961
0.247059
0.294118
0.356863
0.349020
0.364706
0.388235
0.337255
0.345098
0.341176
0.294118
0.333333
0.466667
0.533333
0.427451
0.274510
0.192157
0.223529
0.309804
0.400000
0.490196
0.309804
0.329412
0.325490
0.298039
0.282353
0.396078
0.466667
0.419608
0.227451
0.235294
0.313725
0.266667
0.247059
0.309804
0.341176
0.352941
0.360784
0.345098
0.329412
0.352941
0.364706
0.356863
0.368627
0.458824
0.427451
0.215686
0.172549
0.266667
0.376471
0.458824
0.521569
0.458824
0.294118
0.313725
0.329412
0.282353
0.290196
0.368627
0.407843
0.380392
0.219608
0.235294
0.360784
0.400000
0.407843
0.392157
0.364706
0.380392
0.352941
0.317647
0.356863
0.345098
0.325490
0.388235
0.396078
0.411765
0.364706
0.278431
0.309804
0.403922
0.498039
0.513725
0.411765
0.223529
0.305882
0.341176
0.329412
0.262745
0.286275
0.321569
0.270588
0.243137
0.219608
0.301961
0.501961
0.607843
0.627451
0.584314
0.490196
0.462745
0.427451
0.388235
0.443137
0.427451
0.372549
0.407843
0.431373
0.419608
0.321569
0.298039
0.368627
0.423529
0.474510
0.376471
0.203922
0.172549
0.368627
0.372549
0.368627
0.321569
0.298039
0.333333
0.282353
0.239216
0.294118
0.431373
0.568627
0.643137
0.690196
0.705882
0.678431
0.647059
0.647059
0.615686
0.611765
0.568627
0.501961
0.462745
0.462745
0.388235
0.266667
0.321569
0.392157
0.407843
0.431373
0.376471
0.345098
0.368627
0.509804
0.482353
0.474510
0.458824
0.423529
0.400000
0.337255
0.305882
0.333333
0.427451
0.584314
0.619608
0.627451
0.643137
0.647059
0.619608
0.658824
0.698039
0.690196
0.588235
0.529412
0.505882
0.454902
0.329412
0.298039
0.376471
0.384314
0.462745
0.513725
0.486275
0.450980
0.454902
0.529412
0.513725
0.494118
0.486275
0.462745
0.454902
0.450980
0.419608
0.337255
0.415686
0.576471
0.525490
0.494118
0.545098
0.482353
0.486275
0.568627
0.607843
0.658824
0.580392
0.474510
0.450980
0.392157
0.298039
0.301961
0.349020
0.384314
0.454902
0.501961
0.505882
0.533333
0.517647
0.486275
0.478431
0.478431
0.466667
0.411765
0.419608
0.478431
0.470588
0.337255
0.427451
0.537255
0.415686
0.321569
0.368627
0.286275
0.333333
0.423529
0.439216
0.576471
0.580392
0.458824
0.435294
0.415686
0.321569
0.262745
0.294118
0.376471
0.388235
0.407843
0.439216
0.525490
0.498039
0.462745
0.454902
0.454902
0.454902
0.407843
0.423529
0.482353
0.439216
0.325490
0.435294
0.486275
0.356863
0.305882
0.286275
0.176471
0.243137
0.313725
0.294118
0.482353
0.560784
0.447059
0.450980
0.525490
0.423529
0.278431
0.274510
0.380392
0.388235
0.388235
0.450980
0.505882
0.454902
0.486275
0.478431
0.466667
0.482353
0.486275
0.509804
0.509804
0.364706
0.286275
0.431373
0.572549
0.466667
0.380392
0.282353
0.152941
0.223529
0.352941
0.392157
0.505882
0.525490
0.388235
0.380392
0.564706
0.545098
0.372549
0.290196
0.388235
0.431373
0.407843
0.447059
0.462745
0.411765
0.521569
0.494118
0.458824
0.466667
0.490196
0.545098
0.501961
0.290196
0.243137
0.466667
0.682353
0.596078
0.443137
0.250980
0.117647
0.180392
0.356863
0.478431
0.635294
0.549020
0.309804
0.270588
0.498039
0.600000
0.490196
0.341176
0.364706
0.439216
0.427451
0.435294
0.411765
0.400000
0.501961
0.509804
0.498039
0.505882
0.509804
0.556863
0.454902
0.243137
0.270588
0.607843
0.756863
0.631373
0.509804
0.333333
0.184314
0.227451
0.431373
0.529412
0.705882
0.647059
0.301961
0.200000
0.376471
0.560784
0.564706
0.411765
0.349020
0.415686
0.427451
0.403922
0.392157
0.400000
0.552941
0.545098
0.541176
0.552941
0.556863
0.537255
0.352941
0.184314
0.403922
0.745098
0.784314
0.666667
0.435294
0.431373
0.458824
0.419608
0.466667
0.600000
0.780392
0.752941
0.400000
0.176471
0.266667
0.462745
0.572549
0.462745
0.356863
0.388235
0.411765
0.388235
0.392157
0.368627
0.596078
0.592157
0.580392
0.580392
0.568627
0.450980
0.262745
0.250980
0.568627
0.749020
0.749020
0.729412
0.521569
0.423529
0.439216
0.407843
0.423529
0.647059
0.776471
0.725490
0.525490
0.250980
0.180392
0.356863
0.517647
0.490196
0.360784
0.345098
0.376471
0.388235
0.384314
0.360784
0.619608
0.619608
0.623529
0.615686
0.541176
0.341176
0.286275
0.458824
0.647059
0.682353
0.686275
0.694118
0.662745
0.592157
0.533333
0.505882
0.552941
0.654902
0.709804
0.666667
0.584314
0.431373
0.231373
0.294118
0.466667
0.474510
0.384314
0.317647
0.337255
0.368627
0.356863
0.400000
0.650980
0.643137
0.654902
0.619608
0.462745
0.290196
0.396078
0.619608
0.650980
0.635294
0.643137
0.647059
0.623529
0.631373
0.639216
0.611765
0.596078
0.643137
0.686275
0.647059
0.592157
0.537255
0.396078
0.282353
0.411765
0.443137
0.388235
0.321569
0.333333
0.345098
0.352941
0.423529
0.666667
0.658824
0.643137
0.545098
0.392157
0.301961
0.494118
0.654902
0.619608
0.600000
0.596078
0.564706
0.541176
0.529412
0.568627
0.560784
0.552941
0.600000
0.647059
0.619608
0.568627
0.525490
0.470588
0.321569
0.345098
0.407843
0.372549
0.309804
0.317647
0.333333
0.376471
0.431373
0.686275
0.619608
0.517647
0.447059
0.372549
0.345098
0.525490
0.615686
0.576471
0.549020
0.501961
0.439216
0.450980
0.439216
0.462745
0.470588
0.470588
0.490196
0.521569
0.521569
0.501961
0.494118
0.470588
0.411765
0.400000
0.423529
0.423529
0.364706
0.352941
0.388235
0.423529
0.431373
0.643137
0.470588
0.427451
0.462745
0.396078
0.411765
0.533333
0.564706
0.552941
0.549020
0.498039
0.462745
0.521569
0.525490
0.525490
0.505882
0.482353
0.470588
0.458824
0.458824
0.458824
0.447059
0.443137
0.439216
0.435294
0.427451
0.447059
0.439216
0.396078
0.450980
0.494118
0.482353
0.627451
0.466667
0.435294
0.494118
0.490196
0.517647
0.572549
0.509804
0.505882
0.572549
0.615686
0.627451
0.639216
0.619608
0.611765
0.611765
0.643137
0.654902
0.650980
0.654902
0.635294
0.572549
0.545098
0.529412
0.513725
0.490196
0.505882
0.513725
0.466667
0.470588
0.552941
0.549020
0.647059
0.549020
0.458824
0.541176
0.639216
0.674510
0.588235
0.533333
0.486275
0.560784
0.690196
0.670588
0.666667
0.662745
0.631373
0.631373
0.662745
0.674510
0.690196
0.686275
0.690196
0.670588
0.650980
0.627451
0.615686
0.603922
0.607843
0.607843
0.556863
0.564706
0.705882
0.698039
0.670588
0.615686
0.509804
0.611765
0.752941
0.733333
0.592157
0.490196
0.486275
0.568627
0.698039
0.666667
0.678431
0.690196
0.647059
0.654902
0.678431
0.670588
0.682353
0.686275
0.690196
0.690196
0.674510
0.662745
0.670588
0.662745
0.654902
0.643137
0.560784
0.611765
0.717647
0.713725
0.682353
0.650980
0.525490
0.552941
0.713725
0.690196
0.517647
0.470588
0.462745
0.584314
0.733333
0.709804
0.694118
0.694118
0.686275
0.690196
0.721569
0.756863
0.756863
0.752941
0.741176
0.721569
0.733333
0.741176
0.741176
0.713725
0.701961
0.694118
0.643137
0.686275
0.733333
0.709804
0.666667
0.658824
0.556863
0.494118
0.552941
0.552941
0.482353
0.454902
0.427451
0.619608
0.741176
0.741176
0.701961
0.690196
0.682353
0.678431
0.729412
0.772549
0.729412
0.709804
0.701961
0.666667
0.674510
0.690196
0.686275
0.666667
0.654902
0.654902
0.603922
0.650980
0.752941
0.729412
0.654902
0.643137
0.615686
0.513725
0.537255
0.568627
0.552941
0.490196
0.447059
0.666667
0.717647
0.741176
0.701961
0.686275
0.670588
0.654902
0.705882
0.737255
0.725490
0.713725
0.709804
0.690196
0.662745
0.658824
0.662745
0.674510
0.654902
0.662745
0.615686
0.650980
0.760784
0.752941
0.682353
0.666667
0.678431
0.635294
0.584314
0.603922
0.611765
0.521569
0.494118
0.694118
0.721569
0.760784
0.737255
0.729412
0.705882
0.678431
0.690196
0.701961
0.725490
0.709804
0.705882
0.701961
0.666667
0.674510
0.674510
0.690196
0.690196
0.701961
0.678431
0.701961
0.784314
0.788235
0.756863
0.749020
0.764706
0.772549
0.745098
0.733333
0.705882
0.564706
0.521569
0.650980
0.701961
0.756863
0.760784
0.752941
0.670588
0.631373
0.631373
0.654902
0.705882
0.662745
0.662745
0.701961
0.670588
0.678431
0.721569
0.725490
0.717647
0.705882
0.686275
0.694118
0.756863
0.760784
0.847059
0.847059
0.850980
0.850980
0.854902
0.843137
0.811765
0.698039
0.549020
0.486275
0.556863
0.615686
0.682353
0.721569
0.635294
0.564706
0.600000
0.631373
0.717647
0.670588
0.592157
0.690196
0.701961
0.701961
0.788235
0.780392
0.800000
0.752941
0.756863
0.796078
0.792157
0.796078
0.258824
0.254902
0.282353
0.258824
0.247059
0.231373
0.227451
0.254902
0.270588
0.384314
0.294118
0.270588
0.317647
0.341176
0.258824
0.231373
0.290196
0.278431
0.207843
0.258824
0.384314
0.466667
0.427451
0.254902
0.172549
0.254902
0.380392
0.525490
0.403922
0.176471
0.223529
0.333333
0.254902
0.254902
0.254902
0.247059
0.247059
0.223529
0.227451
0.258824
0.286275
0.384314
0.282353
0.309804
0.360784
0.325490
0.294118
0.317647
0.345098
0.239216
0.235294
0.376471
0.458824
0.376471
0.227451
0.196078
0.250980
0.352941
0.462745
0.572549
0.431373
0.172549
0.215686
0.313725
0.235294
0.235294
0.250980
0.239216
0.235294
0.219608
0.223529
0.250980
0.278431
0.305882
0.290196
0.364706
0.360784
0.305882
0.325490
0.341176
0.317647
0.286275
0.325490
0.427451
0.341176
0.200000
0.188235
0.270588
0.372549
0.458824
0.533333
0.549020
0.337255
0.168627
0.223529
0.333333
0.227451
0.231373
0.247059
0.223529
0.223529
0.247059
0.266667
0.298039
0.270588
0.262745
0.337255
0.380392
0.321569
0.301961
0.364706
0.356863
0.356863
0.388235
0.368627
0.380392
0.282353
0.215686
0.278431
0.396078
0.505882
0.564706
0.545098
0.384314
0.215686
0.215686
0.298039
0.423529
0.262745
0.290196
0.298039
0.254902
0.235294
0.298039
0.376471
0.411765
0.282353
0.262745
0.364706
0.345098
0.278431
0.313725
0.364706
0.364706
0.400000
0.419608
0.368627
0.380392
0.372549
0.325490
0.368627
0.509804
0.584314
0.478431
0.329412
0.235294
0.254902
0.337255
0.439216
0.556863
0.286275
0.309804
0.317647
0.294118
0.274510
0.392157
0.498039
0.482353
0.290196
0.290196
0.364706
0.309804
0.270588
0.317647
0.337255
0.364706
0.392157
0.376471
0.364706
0.388235
0.403922
0.388235
0.400000
0.501961
0.474510
0.270588
0.215686
0.294118
0.392157
0.490196
0.576471
0.533333
0.278431
0.305882
0.325490
0.290196
0.290196
0.372549
0.431373
0.427451
0.274510
0.286275
0.380392
0.384314
0.360784
0.337255
0.325490
0.360784
0.352941
0.329412
0.364706
0.372549
0.380392
0.431373
0.435294
0.454902
0.403922
0.317647
0.329412
0.419608
0.525490
0.556863
0.466667
0.274510
0.298039
0.337255
0.333333
0.270588
0.294118
0.329412
0.282353
0.270588
0.254902
0.333333
0.478431
0.545098
0.545098
0.498039
0.427451
0.400000
0.384314
0.356863
0.403922
0.407843
0.407843
0.447059
0.466667
0.454902
0.349020
0.321569
0.380392
0.447059
0.521569
0.435294
0.254902
0.203922
0.360784
0.368627
0.372549
0.329412
0.313725
0.349020
0.294118
0.247059
0.305882
0.435294
0.513725
0.580392
0.643137
0.654902
0.611765
0.568627
0.584314
0.556863
0.521569
0.486275
0.474510
0.478431
0.486275
0.411765
0.290196
0.345098
0.415686
0.443137
0.486275
0.435294
0.392157
0.396078
0.509804
0.486275
0.486275
0.474510
0.454902
0.431373
0.349020
0.301961
0.329412
0.411765
0.501961
0.552941
0.607843
0.619608
0.580392
0.549020
0.611765
0.643137
0.592157
0.482353
0.470588
0.498039
0.458824
0.341176
0.309804
0.392157
0.407843
0.501961
0.572549
0.545098
0.494118
0.490196
0.545098
0.537255
0.525490
0.521569
0.513725
0.505882
0.466667
0.411765
0.333333
0.403922
0.482353
0.458824
0.486275
0.541176
0.439216
0.443137
0.560784
0.580392
0.580392
0.486275
0.419608
0.427451
0.380392
0.294118
0.305882
0.360784
0.396078
0.478431
0.545098
0.552941
0.568627
0.556863
0.533333
0.533333
0.537255
0.529412
0.482353
0.478431
0.501961
0.470588
0.349020
0.435294
0.462745
0.352941
0.313725
0.376471
0.282353
0.325490
0.435294
0.435294
0.513725
0.505882
0.415686
0.396078
0.388235
0.305882
0.258824
0.298039
0.364706
0.376471
0.427451
0.478431
0.564706
0.541176
0.533333
0.529412
0.537255
0.545098
0.498039
0.494118
0.513725
0.450980
0.356863
0.470588
0.447059
0.309804
0.298039
0.305882
0.207843
0.254902
0.309804
0.282353
0.419608
0.490196
0.407843
0.403922
0.482353
0.396078
0.266667
0.270588
0.341176
0.345098
0.384314
0.478431
0.545098
0.490196
0.568627
0.564706
0.556863
0.588235
0.576471
0.560784
0.533333
0.400000
0.329412
0.458824
0.533333
0.427451
0.380392
0.317647
0.223529
0.266667
0.341176
0.341176
0.427451
0.470588
0.376471
0.356863
0.533333
0.509804
0.352941
0.282353
0.345098
0.360784
0.368627
0.462745
0.513725
0.447059
0.596078
0.576471
0.545098
0.564706
0.564706
0.572549
0.513725
0.341176
0.294118
0.466667
0.639216
0.564706
0.450980
0.301961
0.203922
0.250980
0.364706
0.419608
0.560784
0.521569
0.333333
0.282353
0.486275
0.572549
0.462745
0.325490
0.321569
0.360784
0.360784
0.443137
0.470588
0.439216
0.568627
0.576471
0.572549
0.580392
0.568627
0.580392
0.466667
0.294118
0.321569
0.607843
0.721569
0.607843
0.517647
0.380392
0.258824
0.298039
0.454902
0.494118
0.650980
0.631373
0.337255
0.231373
0.388235
0.549020
0.545098
0.392157
0.309804
0.341176
0.360784
0.403922
0.443137
0.431373
0.611765
0.607843
0.596078
0.596078
0.596078
0.560784
0.364706
0.235294
0.454902
0.745098
0.764706
0.654902
0.450980
0.470588
0.513725
0.470588
0.478431
0.568627
0.725490
0.725490
0.407843
0.211765
0.294118
0.466667
0.564706
0.447059
0.325490
0.325490
0.349020
0.384314
0.431373
0.384314
0.662745
0.654902
0.627451
0.596078
0.592157
0.474510
0.274510
0.305882
0.619608
0.752941
0.745098
0.733333
0.537255
0.450980
0.478431
0.427451
0.411765
0.600000
0.713725
0.666667
0.490196
0.270588
0.207843
0.368627
0.517647
0.478431
0.341176
0.298039
0.317647
0.384314
0.411765
0.372549
0.698039
0.698039
0.674510
0.623529
0.552941
0.368627
0.301961
0.509804
0.698039
0.690196
0.694118
0.713725
0.682353
0.607843
0.552941
0.513725
0.537255
0.623529
0.658824
0.600000
0.525490
0.423529
0.239216
0.305882
0.474510
0.462745
0.376471
0.282353
0.286275
0.360784
0.376471
0.400000
0.745098
0.741176
0.713725
0.623529
0.470588
0.313725
0.407843
0.670588
0.701961
0.643137
0.666667
0.678431
0.647059
0.643137
0.647059
0.623529
0.611765
0.650980
0.674510
0.611765
0.545098
0.501961
0.384314
0.290196
0.423529
0.439216
0.388235
0.294118
0.286275
0.333333
0.360784
0.423529
0.764706
0.756863
0.709804
0.556863
0.400000
0.313725
0.501961
0.694118
0.666667
0.631373
0.635294
0.600000
0.564706
0.541176
0.572549
0.576471
0.584314
0.631373
0.662745
0.619608
0.552941
0.501961
0.462745
0.329412
0.356863
0.411765
0.376471
0.294118
0.286275
0.321569
0.376471
0.431373
0.784314
0.709804
0.584314
0.474510
0.392157
0.376471
0.549020
0.643137
0.611765
0.588235
0.541176
0.470588
0.470588
0.447059
0.462745
0.478431
0.490196
0.505882
0.533333
0.529412
0.509804
0.498039
0.478431
0.423529
0.407843
0.427451
0.415686
0.352941
0.341176
0.380392
0.423529
0.439216
0.749020
0.560784
0.498039
0.494118
0.447059
0.505882
0.600000
0.603922
0.568627
0.556863
0.509804
0.474510
0.525490
0.521569
0.513725
0.494118
0.478431
0.466667
0.454902
0.450980
0.454902
0.435294
0.431373
0.423529
0.419608
0.411765
0.419608
0.411765
0.380392
0.447059
0.501961
0.498039
0.737255
0.564706
0.505882
0.529412
0.545098
0.607843
0.643137
0.552941
0.517647
0.560784
0.596078
0.611765
0.619608
0.596078
0.584314
0.584314
0.615686
0.631373
0.623529
0.627451
0.607843
0.533333
0.501961
0.486275
0.466667
0.443137
0.454902
0.466667
0.443137
0.466667
0.568627
0.576471
0.760784
0.654902
0.537255
0.584314
0.654902
0.682353
0.615686
0.568627
0.509804
0.568627
0.658824
0.631373
0.627451
0.623529
0.592157
0.592157
0.623529
0.635294
0.650980
0.647059
0.647059
0.611765
0.588235
0.564706
0.549020
0.537255
0.541176
0.552941
0.525490
0.556863
0.721569
0.717647
0.784314
0.725490
0.592157
0.658824
0.749020
0.694118
0.603922
0.537255
0.533333
0.596078
0.666667
0.611765
0.631373
0.650980
0.611765
0.615686
0.627451
0.623529
0.635294
0.635294
0.639216
0.635294
0.615686
0.600000
0.611765
0.600000
0.592157
0.592157
0.525490
0.596078
0.721569
0.717647
0.800000
0.760784
0.607843
0.600000
0.737255
0.717647
0.580392
0.552941
0.525490
0.600000
0.686275
0.650980
0.647059
0.658824
0.658824
0.650980
0.670588
0.705882
0.705882
0.701961
0.694118
0.674510
0.686275
0.694118
0.698039
0.666667
0.658824
0.654902
0.607843
0.658824
0.713725
0.698039
0.792157
0.780392
0.650980
0.556863
0.600000
0.619608
0.580392
0.560784
0.494118
0.627451
0.698039
0.686275
0.666667
0.674510
0.666667
0.647059
0.686275
0.717647
0.682353
0.658824
0.643137
0.615686
0.631373
0.650980
0.643137
0.623529
0.615686
0.615686
0.560784
0.623529
0.729412
0.713725
0.796078
0.784314
0.733333
0.603922
0.568627
0.580392
0.623529
0.588235
0.513725
0.686275
0.690196
0.694118
0.686275
0.705882
0.670588
0.635294
0.666667
0.678431
0.678431
0.662745
0.631373
0.603922
0.592157
0.600000
0.607843
0.611765
0.611765
0.607843
0.552941
0.631373
0.756863
0.752941
0.815686
0.803922
0.796078
0.729412
0.627451
0.623529
0.682353
0.619608
0.556863
0.713725
0.705882
0.725490
0.733333
0.764706
0.709804
0.658824
0.654902
0.647059
0.686275
0.670588
0.635294
0.600000
0.580392
0.607843
0.619608
0.627451
0.650980
0.654902
0.615686
0.690196
0.803922
0.803922
0.878431
0.870588
0.870588
0.862745
0.807843
0.792157
0.800000
0.666667
0.584314
0.670588
0.698039
0.733333
0.768627
0.792157
0.678431
0.615686
0.603922
0.607843
0.682353
0.647059
0.611765
0.623529
0.603922
0.639216
0.694118
0.698039
0.701961
0.670588
0.639216
0.701961
0.792157
0.792157
0.952941
0.949020
0.941176
0.937255
0.933333
0.925490
0.913725
0.800000
0.611765
0.513725
0.568627
0.611765
0.701961
0.768627
0.647059
0.556863
0.584314
0.603922
0.713725
0.678431
0.568627
0.658824
0.686275
0.709804
0.807843
0.800000
0.811765
0.725490
0.721569
0.811765
0.839216
0.835294
0.203922
0.200000
0.223529
0.200000
0.184314
0.172549
0.180392
0.211765
0.231373
0.341176
0.258824
0.235294
0.270588
0.286275
0.196078
0.176471
0.247059
0.235294
0.164706
0.211765
0.345098
0.443137
0.403922
0.223529
0.141176
0.215686
0.345098
0.490196
0.364706
0.141176
0.200000
0.309804
0.203922
0.200000
0.196078
0.188235
0.184314
0.160784
0.176471
0.215686
0.247059
0.341176
0.243137
0.270588
0.313725
0.266667
0.227451
0.258824
0.294118
0.188235
0.184314
0.325490
0.415686
0.341176
0.196078
0.160784
0.215686
0.313725
0.423529
0.533333
0.392157
0.141176
0.192157
0.294118
0.180392
0.180392
0.196078
0.180392
0.172549
0.156863
0.168627
0.203922
0.235294
0.266667
0.243137
0.317647
0.309804
0.247059
0.262745
0.282353
0.266667
0.231373
0.270588
0.372549
0.290196
0.160784
0.149020
0.231373
0.333333
0.419608
0.494118
0.509804
0.301961
0.137255
0.203922
0.313725
0.176471
0.176471
0.192157
0.164706
0.160784
0.184314
0.211765
0.243137
0.227451
0.219608
0.286275
0.321569
0.262745
0.243137
0.301961
0.298039
0.298039
0.329412
0.309804
0.321569
0.223529
0.168627
0.231373
0.349020
0.466667
0.525490
0.505882
0.345098
0.184314
0.184314
0.270588
0.396078
0.207843
0.235294
0.239216
0.196078
0.172549
0.235294
0.313725
0.352941
0.235294
0.223529
0.309804
0.282353
0.215686
0.250980
0.301961
0.305882
0.337255
0.356863
0.305882
0.317647
0.309804
0.266667
0.313725
0.458824
0.541176
0.439216
0.294118
0.203922
0.227451
0.309804
0.407843
0.521569
0.231373
0.254902
0.258824
0.235294
0.211765
0.329412
0.435294
0.419608
0.243137
0.243137
0.305882
0.243137
0.200000
0.250980
0.270588
0.298039
0.325490
0.313725
0.298039
0.321569
0.337255
0.325490
0.341176
0.450980
0.431373
0.231373
0.180392
0.266667
0.368627
0.462745
0.541176
0.498039
0.227451
0.250980
0.270588
0.231373
0.227451
0.309804
0.380392
0.388235
0.235294
0.239216
0.321569
0.290196
0.243137
0.219608
0.235294
0.278431
0.274510
0.258824
0.282353
0.294118
0.321569
0.368627
0.376471
0.403922
0.364706
0.282353
0.286275
0.368627
0.478431
0.513725
0.423529
0.239216
0.250980
0.290196
0.282353
0.219608
0.239216
0.274510
0.250980
0.247059
0.215686
0.270588
0.388235
0.411765
0.380392
0.341176
0.301961
0.286275
0.274510
0.254902
0.282353
0.298039
0.333333
0.384314
0.407843
0.403922
0.305882
0.286275
0.333333
0.384314
0.458824
0.380392
0.211765
0.168627
0.321569
0.329412
0.333333
0.290196
0.274510
0.317647
0.270588
0.223529
0.262745
0.356863
0.372549
0.419608
0.478431
0.494118
0.454902
0.407843
0.431373
0.407843
0.356863
0.329412
0.360784
0.403922
0.423529
0.352941
0.239216
0.298039
0.364706
0.392157
0.431373
0.384314
0.345098
0.349020
0.486275
0.458824
0.458824
0.447059
0.431373
0.415686
0.329412
0.266667
0.274510
0.325490
0.352941
0.407843
0.486275
0.494118
0.443137
0.388235
0.454902
0.486275
0.411765
0.305882
0.345098
0.419608
0.388235
0.270588
0.250980
0.337255
0.356863
0.450980
0.517647
0.490196
0.447059
0.439216
0.529412
0.521569
0.505882
0.498039
0.498039
0.494118
0.447059
0.368627
0.270588
0.317647
0.360784
0.352941
0.411765
0.470588
0.356863
0.329412
0.439216
0.458824
0.427451
0.329412
0.301961
0.341176
0.301961
0.215686
0.231373
0.290196
0.333333
0.415686
0.478431
0.494118
0.517647
0.509804
0.521569
0.517647
0.521569
0.513725
0.470588
0.466667
0.470588
0.419608
0.282353
0.360784
0.364706
0.266667
0.250980
0.333333
0.239216
0.258824
0.356863
0.349020
0.388235
0.372549
0.313725
0.305882
0.298039
0.215686
0.172549
0.215686
0.278431
0.290196
0.345098
0.407843
0.505882
0.498039
0.521569
0.517647
0.525490
0.529412
0.478431
0.466667
0.470588
0.388235
0.290196
0.400000
0.349020
0.207843
0.211765
0.243137
0.176471
0.215686
0.258824
0.211765
0.305882
0.368627
0.305882
0.309804
0.384314
0.298039
0.172549
0.180392
0.235294
0.235294
0.282353
0.396078
0.490196
0.443137
0.549020
0.541176
0.541176
0.572549
0.545098
0.509804
0.482353
0.337255
0.262745
0.384314
0.419608
0.305882
0.286275
0.262745
0.200000
0.239216
0.286275
0.247059
0.298039
0.356863
0.294118
0.270588
0.431373
0.407843
0.247059
0.184314
0.243137
0.250980
0.258824
0.388235
0.466667
0.396078
0.572549
0.549020
0.525490
0.552941
0.525490
0.501961
0.462745
0.282353
0.227451
0.388235
0.513725
0.443137
0.372549
0.262745
0.196078
0.235294
0.301961
0.309804
0.431373
0.427451
0.278431
0.215686
0.392157
0.466667
0.356863
0.231373
0.239216
0.258824
0.254902
0.376471
0.427451
0.380392
0.556863
0.568627
0.560784
0.564706
0.525490
0.509804
0.415686
0.235294
0.250980
0.529412
0.600000
0.494118
0.439216
0.337255
0.243137
0.282353
0.400000
0.392157
0.537255
0.545098
0.286275
0.176471
0.313725
0.454902
0.443137
0.298039
0.227451
0.243137
0.254902
0.341176
0.400000
0.372549
0.615686
0.611765
0.592157
0.584314
0.549020
0.490196
0.317647
0.176471
0.388235
0.670588
0.658824
0.552941
0.376471
0.423529
0.486275
0.435294
0.411765
0.462745
0.607843
0.623529
0.337255
0.156863
0.231373
0.388235
0.474510
0.349020
0.243137
0.231373
0.243137
0.317647
0.388235
0.325490
0.682353
0.678431
0.635294
0.580392
0.537255
0.403922
0.227451
0.247059
0.549020
0.678431
0.654902
0.643137
0.462745
0.396078
0.435294
0.368627
0.313725
0.482353
0.576471
0.533333
0.380392
0.200000
0.141176
0.294118
0.435294
0.384314
0.258824
0.203922
0.215686
0.313725
0.364706
0.305882
0.729412
0.733333
0.686275
0.600000
0.494118
0.294118
0.250980
0.450980
0.627451
0.619608
0.615686
0.635294
0.611765
0.549020
0.498039
0.439216
0.435294
0.505882
0.525490
0.458824
0.392157
0.329412
0.160784
0.231373
0.392157
0.376471
0.294118
0.188235
0.184314
0.290196
0.325490
0.333333
0.780392
0.780392
0.725490
0.596078
0.403922
0.243137
0.356863
0.611765
0.631373
0.576471
0.600000
0.607843
0.580392
0.576471
0.580392
0.549020
0.529412
0.560784
0.568627
0.490196
0.415686
0.388235
0.290196
0.211765
0.345098
0.352941
0.309804
0.203922
0.184314
0.266667
0.305882
0.360784
0.796078
0.784314
0.713725
0.525490
0.333333
0.243137
0.450980
0.639216
0.600000
0.560784
0.568627
0.541176
0.501961
0.482353
0.513725
0.517647
0.529412
0.572549
0.596078
0.541176
0.454902
0.396078
0.372549
0.250980
0.286275
0.337255
0.305882
0.211765
0.200000
0.258824
0.325490
0.376471
0.803922
0.721569
0.572549
0.439216
0.333333
0.317647
0.509804
0.607843
0.564706
0.529412
0.478431
0.411765
0.415686
0.396078
0.411765
0.431373
0.443137
0.458824
0.486275
0.482353
0.447059
0.411765
0.396078
0.349020
0.341176
0.364706
0.352941
0.282353
0.274510
0.321569
0.372549
0.388235
0.764706
0.572549
0.486275
0.458824
0.396078
0.454902
0.576471
0.596078
0.560784
0.529412
0.450980
0.407843
0.462745
0.462745
0.454902
0.439216
0.423529
0.411765
0.400000
0.400000
0.392157
0.356863
0.349020
0.349020
0.349020
0.349020
0.356863
0.349020
0.317647
0.388235
0.447059
0.443137
0.756863
0.576471
0.498039
0.498039
0.498039
0.572549
0.631373
0.552941
0.513725
0.537255
0.533333
0.533333
0.545098
0.517647
0.509804
0.513725
0.552941
0.564706
0.560784
0.564706
0.537255
0.450980
0.419608
0.411765
0.400000
0.376471
0.400000
0.411765
0.384314
0.407843
0.513725
0.509804
0.784314
0.666667
0.533333
0.556863
0.619608
0.662745
0.596078
0.545098
0.470588
0.509804
0.576471
0.537255
0.537255
0.529412
0.498039
0.509804
0.549020
0.560784
0.576471
0.572549
0.568627
0.529412
0.505882
0.490196
0.482353
0.474510
0.490196
0.501961
0.470588
0.498039
0.662745
0.654902
0.815686
0.741176
0.592157
0.631373
0.721569
0.682353
0.580392
0.498039
0.470588
0.509804
0.568627
0.513725
0.533333
0.549020
0.509804
0.525490
0.552941
0.549020
0.560784
0.560784
0.564706
0.556863
0.541176
0.533333
0.549020
0.545098
0.541176
0.537255
0.470588
0.541176
0.666667
0.658824
0.831373
0.784314
0.611765
0.580392
0.713725
0.713725
0.568627
0.525490
0.478431
0.537255
0.600000
0.556863
0.549020
0.560784
0.552941
0.568627
0.603922
0.639216
0.639216
0.635294
0.623529
0.607843
0.619608
0.635294
0.643137
0.619608
0.603922
0.596078
0.552941
0.607843
0.666667
0.647059
0.827451
0.803922
0.662745
0.549020
0.592157
0.619608
0.576471
0.549020
0.470588
0.592157
0.623529
0.600000
0.576471
0.572549
0.568627
0.564706
0.615686
0.650980
0.623529
0.600000
0.576471
0.549020
0.576471
0.603922
0.603922
0.584314
0.564706
0.552941
0.498039
0.572549
0.690196
0.670588
0.831373
0.811765
0.756863
0.619608
0.580392
0.588235
0.619608
0.576471
0.494118
0.654902
0.623529
0.623529
0.603922
0.611765
0.584314
0.560784
0.584314
0.603922
0.627451
0.603922
0.549020
0.533333
0.537255
0.560784
0.568627
0.568627
0.564706
0.541176
0.478431
0.580392
0.721569
0.709804
0.858824
0.839216
0.827451
0.764706
0.658824
0.643137
0.694118
0.615686
0.541176
0.686275
0.654902
0.674510
0.674510
0.690196
0.647059
0.607843
0.588235
0.580392
0.643137
0.615686
0.537255
0.505882
0.505882
0.552941
0.568627
0.572549
0.600000
0.584314
0.533333
0.639216
0.768627
0.756863
0.925490
0.909804
0.913725
0.909804
0.854902
0.827451
0.823529
0.674510
0.572549
0.647059
0.666667
0.705882
0.729412
0.741176
0.639216
0.584314
0.560784
0.556863
0.647059
0.592157
0.509804
0.517647
0.517647
0.576471
0.643137
0.643137
0.650980
0.600000
0.556863
0.647059
0.756863
0.749020
0.988235
0.980392
0.980392
0.980392
0.980392
0.968627
0.949020
0.815686
0.607843
0.490196
0.552941
0.600000
0.682353
0.741176
0.631373
0.545098
0.556863
0.568627
0.694118
0.635294
0.490196
0.576471
0.627451
0.670588
0.776471
0.768627
0.772549
0.658824
0.643137
0.760784
0.800000
0.792157
