0.282353
0.356863
0.431373
0.478431
0.533333
0.596078
0.635294
0.654902
0.654902
0.631373
0.517647
0.388235
0.352941
0.341176
0.345098
0.360784
0.380392
0.407843
0.458824
0.568627
0.650980
0.541176
0.400000
0.525490
0.698039
0.650980
0.419608
0.133333
0.039216
0.066667
0.247059
0.364706
0.282353
0.337255
0.392157
0.415686
0.423529
0.462745
0.501961
0.521569
0.454902
0.337255
0.321569
0.317647
0.317647
0.313725
0.301961
0.298039
0.298039
0.309804
0.321569
0.356863
0.411765
0.466667
0.486275
0.556863
0.741176
0.807843
0.494118
0.078431
0.027451
0.109804
0.286275
0.415686
0.278431
0.309804
0.309804
0.305882
0.309804
0.337255
0.368627
0.364706
0.325490
0.254902
0.270588
0.301961
0.278431
0.274510
0.282353
0.290196
0.282353
0.290196
0.309804
0.360784
0.345098
0.360784
0.454902
0.674510
0.898039
0.921569
0.454902
0.039216
0.035294
0.172549
0.278431
0.329412
0.286275
0.290196
0.278431
0.282353
0.294118
0.317647
0.333333
0.325490
0.321569
0.239216
0.188235
0.250980
0.235294
0.250980
0.274510
0.309804
0.317647
0.321569
0.341176
0.392157
0.380392
0.364706
0.517647
0.823529
0.941176
0.819608
0.223529
0.019608
0.054902
0.207843
0.258824
0.278431
0.254902
0.250980
0.262745
0.278431
0.278431
0.301961
0.329412
0.317647
0.313725
0.239216
0.176471
0.254902
0.270588
0.274510
0.313725
0.356863
0.380392
0.388235
0.356863
0.396078
0.396078
0.372549
0.611765
0.894118
0.870588
0.650980
0.196078
0.086275
0.113725
0.298039
0.305882
0.278431
0.219608
0.223529
0.270588
0.282353
0.270588
0.294118
0.313725
0.294118
0.286275
0.258824
0.203922
0.266667
0.333333
0.313725
0.356863
0.396078
0.360784
0.380392
0.333333
0.313725
0.301961
0.321569
0.529412
0.784314
0.670588
0.388235
0.290196
0.207843
0.207843
0.400000
0.360784
0.282353
0.215686
0.203922
0.243137
0.282353
0.294118
0.294118
0.294118
0.290196
0.290196
0.298039
0.243137
0.219608
0.325490
0.333333
0.337255
0.388235
0.360784
0.333333
0.309804
0.274510
0.270588
0.337255
0.384314
0.356863
0.372549
0.396078
0.372549
0.231373
0.231373
0.384314
0.364706
0.274510
0.231373
0.203922
0.219608
0.270588
0.301961
0.309804
0.309804
0.309804
0.301961
0.317647
0.298039
0.200000
0.196078
0.301961
0.341176
0.360784
0.376471
0.364706
0.329412
0.317647
0.380392
0.486275
0.345098
0.376471
0.443137
0.396078
0.333333
0.223529
0.188235
0.321569
0.349020
0.278431
0.219608
0.215686
0.239216
0.254902
0.278431
0.305882
0.317647
0.325490
0.325490
0.337255
0.349020
0.290196
0.145098
0.180392
0.317647
0.392157
0.388235
0.423529
0.505882
0.600000
0.670588
0.560784
0.325490
0.400000
0.411765
0.274510
0.243137
0.215686
0.156863
0.266667
0.278431
0.223529
0.219608
0.219608
0.266667
0.262745
0.270588
0.301961
0.317647
0.325490
0.341176
0.360784
0.364706
0.380392
0.290196
0.125490
0.168627
0.333333
0.411765
0.588235
0.807843
0.823529
0.705882
0.494118
0.258824
0.219608
0.329412
0.250980
0.168627
0.117647
0.090196
0.164706
0.192157
0.160784
0.262745
0.211765
0.254902
0.270588
0.294118
0.329412
0.341176
0.337255
0.345098
0.372549
0.380392
0.388235
0.407843
0.368627
0.282353
0.239216
0.286275
0.662745
0.874510
0.784314
0.643137
0.427451
0.160784
0.054902
0.070588
0.094118
0.098039
0.082353
0.098039
0.125490
0.149020
0.145098
0.392157
0.290196
0.250980
0.274510
0.294118
0.341176
0.364706
0.356863
0.360784
0.380392
0.403922
0.411765
0.439216
0.478431
0.525490
0.549020
0.415686
0.568627
0.839216
0.780392
0.619608
0.329412
0.078431
0.031373
0.043137
0.070588
0.062745
0.062745
0.125490
0.156863
0.141176
0.101961
0.584314
0.415686
0.278431
0.286275
0.305882
0.349020
0.364706
0.372549
0.392157
0.411765
0.450980
0.470588
0.486275
0.525490
0.517647
0.517647
0.435294
0.509804
0.800000
0.729412
0.529412
0.235294
0.078431
0.054902
0.074510
0.117647
0.105882
0.078431
0.094118
0.137255
0.129412
0.086275
0.623529
0.505882
0.321569
0.298039
0.301961
0.329412
0.360784
0.400000
0.466667
0.490196
0.415686
0.443137
0.600000
0.650980
0.552941
0.533333
0.490196
0.529412
0.737255
0.713725
0.505882
0.188235
0.094118
0.105882
0.152941
0.184314
0.145098
0.113725
0.098039
0.074510
0.066667
0.082353
0.603922
0.576471
0.423529
0.333333
0.325490
0.360784
0.415686
0.462745
0.580392
0.631373
0.470588
0.447059
0.686275
0.772549
0.729412
0.721569
0.713725
0.725490
0.749020
0.756863
0.529412
0.160784
0.062745
0.058824
0.094118
0.113725
0.082353
0.090196
0.105882
0.090196
0.058824
0.050980
0.513725
0.568627
0.509804
0.360784
0.333333
0.411765
0.458824
0.505882
0.666667
0.698039
0.611765
0.505882
0.678431
0.811765
0.823529
0.815686
0.803922
0.807843
0.800000
0.764706
0.498039
0.152941
0.058824
0.050980
0.145098
0.168627
0.058824
0.054902
0.156863
0.145098
0.105882
0.101961
0.356863
0.392157
0.384314
0.333333
0.305882
0.337255
0.380392
0.450980
0.564706
0.517647
0.537255
0.521569
0.670588
0.827451
0.831373
0.835294
0.847059
0.843137
0.847059
0.796078
0.482353
0.149020
0.066667
0.156863
0.254902
0.203922
0.090196
0.149020
0.266667
0.215686
0.172549
0.207843
0.286275
0.305882
0.301961
0.278431
0.290196
0.341176
0.380392
0.474510
0.494118
0.345098
0.388235
0.470588
0.615686
0.800000
0.850980
0.843137
0.850980
0.835294
0.831373
0.737255
0.388235
0.105882
0.043137
0.137255
0.262745
0.145098
0.113725
0.431373
0.564706
0.380392
0.313725
0.352941
0.294118
0.325490
0.325490
0.278431
0.278431
0.356863
0.396078
0.427451
0.525490
0.435294
0.305882
0.341176
0.509804
0.694118
0.792157
0.858824
0.850980
0.835294
0.827451
0.650980
0.231373
0.054902
0.050980
0.098039
0.203922
0.074510
0.231373
0.694118
0.678431
0.482353
0.411765
0.341176
0.270588
0.290196
0.305882
0.341176
0.380392
0.400000
0.372549
0.376471
0.486275
0.564706
0.549020
0.470588
0.411765
0.458824
0.541176
0.737255
0.843137
0.831373
0.807843
0.529412
0.137255
0.039216
0.058824
0.129412
0.141176
0.105882
0.439216
0.694118
0.552941
0.576471
0.470588
0.207843
0.219608
0.243137
0.321569
0.396078
0.427451
0.494118
0.474510
0.411765
0.462745
0.611765
0.768627
0.721569
0.549020
0.427451
0.450980
0.658824
0.768627
0.764706
0.600000
0.278431
0.062745
0.027451
0.047059
0.105882
0.121569
0.223529
0.658824
0.713725
0.576471
0.658824
0.431373
0.262745
0.227451
0.235294
0.290196
0.325490
0.329412
0.400000
0.337255
0.317647
0.447059
0.552941
0.658824
0.596078
0.513725
0.533333
0.486275
0.572549
0.560784
0.545098
0.423529
0.278431
0.121569
0.054902
0.054902
0.074510
0.125490
0.325490
0.674510
0.725490
0.549020
0.454902
0.290196
0.274510
0.172549
0.164706
0.258824
0.337255
0.380392
0.419608
0.215686
0.192157
0.462745
0.552941
0.635294
0.686275
0.588235
0.560784
0.560784
0.552941
0.517647
0.454902
0.360784
0.341176
0.356863
0.290196
0.235294
0.247059
0.349020
0.568627
0.705882
0.643137
0.552941
0.407843
0.278431
0.254902
0.207843
0.270588
0.356863
0.407843
0.443137
0.486275
0.364706
0.301961
0.439216
0.560784
0.639216
0.611765
0.388235
0.415686
0.521569
0.541176
0.486275
0.396078
0.321569
0.286275
0.356863
0.427451
0.462745
0.513725
0.643137
0.717647
0.780392
0.776471
0.631373
0.466667
0.380392
0.356863
0.341176
0.388235
0.431373
0.454902
0.458824
0.486275
0.509804
0.458824
0.403922
0.423529
0.494118
0.450980
0.290196
0.270588
0.368627
0.462745
0.384314
0.356863
0.337255
0.368627
0.454902
0.466667
0.513725
0.584314
0.764706
0.768627
0.725490
0.788235
0.635294
0.470588
0.435294
0.384314
0.364706
0.407843
0.427451
0.439216
0.435294
0.447059
0.427451
0.396078
0.431373
0.435294
0.443137
0.486275
0.482353
0.368627
0.266667
0.301961
0.392157
0.454902
0.458824
0.462745
0.552941
0.584314
0.619608
0.709804
0.796078
0.800000
0.741176
0.776471
0.686275
0.494118
0.458824
0.431373
0.349020
0.313725
0.376471
0.372549
0.392157
0.447059
0.333333
0.188235
0.164706
0.247059
0.380392
0.482353
0.450980
0.486275
0.345098
0.180392
0.317647
0.372549
0.435294
0.529412
0.537255
0.592157
0.662745
0.733333
0.796078
0.815686
0.788235
0.752941
0.752941
0.572549
0.439216
0.427451
0.321569
0.309804
0.345098
0.360784
0.360784
0.403922
0.407843
0.321569
0.290196
0.282353
0.239216
0.184314
0.149020
0.207843
0.168627
0.188235
0.368627
0.415686
0.427451
0.482353
0.513725
0.568627
0.654902
0.760784
0.819608
0.827451
0.827451
0.788235
0.741176
0.666667
0.513725
0.419608
0.290196
0.309804
0.298039
0.298039
0.337255
0.368627
0.368627
0.376471
0.396078
0.486275
0.454902
0.329412
0.203922
0.231373
0.305882
0.356863
0.435294
0.458824
0.478431
0.521569
0.564706
0.639216
0.756863
0.800000
0.807843
0.827451
0.827451
0.827451
0.803922
0.749020
0.615686
0.443137
0.239216
0.247059
0.258824
0.313725
0.368627
0.392157
0.462745
0.470588
0.498039
0.541176
0.568627
0.549020
0.462745
0.435294
0.447059
0.439216
0.462745
0.498039
0.525490
0.564706
0.619608
0.705882
0.772549
0.788235
0.784314
0.803922
0.827451
0.839216
0.847059
0.815686
0.701961
0.545098
0.243137
0.286275
0.352941
0.462745
0.537255
0.529412
0.592157
0.529412
0.541176
0.505882
0.454902
0.494118
0.454902
0.439216
0.470588
0.505882
0.533333
0.541176
0.556863
0.592157
0.650980
0.725490
0.768627
0.780392
0.780392
0.811765
0.827451
0.827451
0.827451
0.760784
0.709804
0.713725
0.270588
0.274510
0.360784
0.490196
0.627451
0.647059
0.576471
0.501961
0.419608
0.368627
0.407843
0.470588
0.478431
0.498039
0.533333
0.552941
0.556863
0.580392
0.615686
0.666667
0.705882
0.749020
0.776471
0.792157
0.807843
0.815686
0.827451
0.831373
0.776471
0.725490
0.756863
0.760784
0.152941
0.200000
0.258824
0.298039
0.349020
0.407843
0.447059
0.454902
0.458824
0.439216
0.345098
0.235294
0.200000
0.184314
0.188235
0.203922
0.227451
0.250980
0.286275
0.376471
0.454902
0.376471
0.262745
0.352941
0.466667
0.443137
0.266667
0.078431
0.031373
0.047059
0.149020
0.203922
0.152941
0.188235
0.231373
0.247059
0.254902
0.298039
0.337255
0.341176
0.286275
0.200000
0.180392
0.168627
0.164706
0.168627
0.164706
0.156863
0.160784
0.168627
0.180392
0.200000
0.235294
0.266667
0.274510
0.321569
0.529412
0.678431
0.407843
0.050980
0.023529
0.074510
0.168627
0.235294
0.152941
0.172549
0.168627
0.164706
0.164706
0.188235
0.215686
0.207843
0.172549
0.137255
0.149020
0.160784
0.141176
0.145098
0.152941
0.149020
0.141176
0.152941
0.168627
0.200000
0.180392
0.176471
0.258824
0.482353
0.815686
0.898039
0.411765
0.035294
0.031373
0.113725
0.164706
0.192157
0.160784
0.160784
0.152941
0.152941
0.160784
0.176471
0.180392
0.180392
0.172549
0.129412
0.101961
0.133333
0.125490
0.125490
0.141176
0.160784
0.168627
0.188235
0.196078
0.223529
0.215686
0.188235
0.337255
0.658824
0.870588
0.776471
0.184314
0.015686
0.047059
0.121569
0.137255
0.149020
0.137255
0.141176
0.149020
0.156863
0.152941
0.168627
0.184314
0.176471
0.168627
0.133333
0.101961
0.133333
0.145098
0.141176
0.168627
0.196078
0.215686
0.239216
0.200000
0.227451
0.227451
0.196078
0.419608
0.709804
0.729412
0.525490
0.129412
0.054902
0.078431
0.164706
0.152941
0.125490
0.121569
0.129412
0.152941
0.160784
0.152941
0.160784
0.172549
0.152941
0.149020
0.133333
0.117647
0.149020
0.184314
0.172549
0.203922
0.235294
0.215686
0.231373
0.180392
0.172549
0.160784
0.176471
0.352941
0.592157
0.466667
0.250980
0.188235
0.117647
0.129412
0.196078
0.145098
0.117647
0.121569
0.113725
0.137255
0.160784
0.164706
0.164706
0.160784
0.149020
0.149020
0.156863
0.141176
0.133333
0.192157
0.200000
0.184314
0.227451
0.215686
0.188235
0.164706
0.141176
0.141176
0.188235
0.235294
0.231373
0.223529
0.211765
0.192157
0.129412
0.160784
0.227451
0.164706
0.113725
0.129412
0.117647
0.125490
0.152941
0.172549
0.172549
0.172549
0.168627
0.164706
0.176471
0.168627
0.129412
0.125490
0.168627
0.188235
0.207843
0.219608
0.211765
0.184314
0.168627
0.231373
0.294118
0.200000
0.152941
0.164706
0.129412
0.129412
0.133333
0.125490
0.231373
0.196078
0.121569
0.117647
0.121569
0.137255
0.141176
0.160784
0.172549
0.188235
0.188235
0.184314
0.192157
0.200000
0.180392
0.094118
0.101961
0.180392
0.235294
0.239216
0.278431
0.360784
0.454902
0.486275
0.368627
0.192157
0.149020
0.129412
0.078431
0.117647
0.149020
0.109804
0.200000
0.176471
0.121569
0.121569
0.129412
0.156863
0.149020
0.152941
0.172549
0.184314
0.184314
0.196078
0.215686
0.215686
0.235294
0.188235
0.078431
0.101961
0.215686
0.278431
0.458824
0.682353
0.674510
0.517647
0.337255
0.156863
0.090196
0.105882
0.078431
0.066667
0.062745
0.058824
0.113725
0.117647
0.090196
0.149020
0.121569
0.145098
0.152941
0.176471
0.200000
0.203922
0.200000
0.203922
0.227451
0.231373
0.239216
0.270588
0.250980
0.207843
0.176471
0.231373
0.572549
0.756863
0.643137
0.462745
0.294118
0.109804
0.035294
0.039216
0.047059
0.054902
0.054902
0.054902
0.078431
0.086275
0.074510
0.250980
0.172549
0.145098
0.160784
0.176471
0.211765
0.231373
0.219608
0.223529
0.235294
0.254902
0.270588
0.298039
0.345098
0.388235
0.415686
0.345098
0.486275
0.709804
0.635294
0.458824
0.223529
0.054902
0.031373
0.035294
0.050980
0.050980
0.043137
0.070588
0.090196
0.074510
0.050980
0.423529
0.278431
0.156863
0.164706
0.184314
0.215686
0.227451
0.235294
0.250980
0.270588
0.301961
0.325490
0.345098
0.376471
0.364706
0.352941
0.286275
0.380392
0.674510
0.603922
0.403922
0.160784
0.047059
0.039216
0.050980
0.074510
0.070588
0.050980
0.058824
0.078431
0.066667
0.047059
0.450980
0.360784
0.192157
0.168627
0.172549
0.192157
0.219608
0.258824
0.321569
0.337255
0.266667
0.294118
0.439216
0.482353
0.388235
0.360784
0.325490
0.376471
0.580392
0.545098
0.368627
0.125490
0.054902
0.058824
0.090196
0.105882
0.086275
0.066667
0.054902
0.054902
0.054902
0.058824
0.427451
0.415686
0.286275
0.203922
0.196078
0.223529
0.270588
0.305882
0.419608
0.474510
0.325490
0.298039
0.517647
0.600000
0.564706
0.556863
0.541176
0.545098
0.564706
0.556863
0.380392
0.105882
0.035294
0.039216
0.062745
0.074510
0.058824
0.058824
0.086275
0.078431
0.054902
0.043137
0.345098
0.400000
0.356863
0.235294
0.207843
0.270588
0.305882
0.364706
0.533333
0.556863
0.470588
0.360784
0.517647
0.662745
0.690196
0.686275
0.666667
0.670588
0.662745
0.623529
0.380392
0.105882
0.039216
0.039216
0.098039
0.109804
0.043137
0.050980
0.145098
0.141176
0.101961
0.101961
0.192157
0.211765
0.211765
0.188235
0.176471
0.200000
0.227451
0.294118
0.450980
0.470588
0.450980
0.368627
0.509804
0.686275
0.709804
0.709804
0.717647
0.713725
0.729412
0.674510
0.380392
0.105882
0.043137
0.094118
0.164706
0.129412
0.062745
0.129412
0.254902
0.207843
0.152941
0.164706
0.117647
0.129412
0.125490
0.129412
0.168627
0.200000
0.239216
0.309804
0.368627
0.290196
0.298039
0.321569
0.450980
0.639216
0.705882
0.717647
0.721569
0.705882
0.709804
0.615686
0.298039
0.078431
0.027451
0.094118
0.176471
0.094118
0.078431
0.337255
0.466667
0.329412
0.258824
0.270588
0.125490
0.149020
0.149020
0.129412
0.160784
0.227451
0.262745
0.286275
0.368627
0.294118
0.160784
0.200000
0.356863
0.521569
0.623529
0.733333
0.737255
0.713725
0.709804
0.541176
0.184314
0.047059
0.035294
0.074510
0.145098
0.050980
0.184314
0.556863
0.513725
0.364706
0.301961
0.278431
0.109804
0.113725
0.121569
0.156863
0.196078
0.239216
0.239216
0.243137
0.333333
0.415686
0.407843
0.356863
0.301961
0.329412
0.427451
0.623529
0.725490
0.725490
0.690196
0.435294
0.105882
0.035294
0.039216
0.094118
0.105882
0.086275
0.376471
0.588235
0.450980
0.439216
0.333333
0.149020
0.101961
0.113725
0.156863
0.223529
0.270588
0.317647
0.286275
0.278431
0.317647
0.447059
0.584314
0.560784
0.462745
0.423529
0.490196
0.588235
0.662745
0.647059
0.482353
0.211765
0.047059
0.027451
0.035294
0.086275
0.101961
0.188235
0.576471
0.607843
0.486275
0.525490
0.305882
0.176471
0.145098
0.152941
0.200000
0.211765
0.203922
0.231373
0.180392
0.215686
0.309804
0.396078
0.470588
0.439216
0.470588
0.541176
0.568627
0.537255
0.466667
0.415686
0.313725
0.207843
0.098039
0.047059
0.050980
0.066667
0.101961
0.270588
0.592157
0.623529
0.454902
0.349020
0.196078
0.196078
0.129412
0.121569
0.156863
0.164706
0.184314
0.235294
0.117647
0.105882
0.329412
0.400000
0.466667
0.498039
0.403922
0.431373
0.474510
0.443137
0.380392
0.325490
0.254902
0.262745
0.278431
0.227451
0.184314
0.196078
0.286275
0.474510
0.615686
0.556863
0.450980
0.305882
0.196078
0.196078
0.109804
0.137255
0.180392
0.215686
0.266667
0.321569
0.188235
0.113725
0.305882
0.431373
0.513725
0.494118
0.266667
0.262745
0.380392
0.411765
0.372549
0.294118
0.203922
0.149020
0.227451
0.333333
0.368627
0.411765
0.541176
0.607843
0.682353
0.670588
0.517647
0.337255
0.227451
0.196078
0.172549
0.215686
0.278431
0.313725
0.294118
0.298039
0.286275
0.239216
0.219608
0.274510
0.356863
0.321569
0.203922
0.203922
0.294118
0.337255
0.247059
0.152941
0.133333
0.105882
0.090196
0.243137
0.380392
0.478431
0.666667
0.666667
0.619608
0.682353
0.517647
0.341176
0.274510
0.192157
0.243137
0.274510
0.286275
0.290196
0.270588
0.258824
0.235294
0.227451
0.239216
0.207843
0.207843
0.250980
0.258824
0.211765
0.156863
0.164706
0.156863
0.105882
0.109804
0.117647
0.133333
0.254902
0.443137
0.596078
0.690196
0.701961
0.639216
0.666667
0.568627
0.360784
0.301961
0.262745
0.250980
0.207843
0.258824
0.247059
0.262745
0.258824
0.125490
0.078431
0.082353
0.109804
0.168627
0.231373
0.231373
0.262745
0.164706
0.070588
0.133333
0.188235
0.196078
0.215686
0.349020
0.458824
0.541176
0.619608
0.698039
0.721569
0.690196
0.647059
0.643137
0.450980
0.305882
0.278431
0.196078
0.176471
0.196078
0.172549
0.152941
0.168627
0.184314
0.180392
0.156863
0.133333
0.101961
0.086275
0.074510
0.090196
0.078431
0.082353
0.168627
0.254902
0.313725
0.372549
0.411765
0.466667
0.549020
0.662745
0.721569
0.729412
0.725490
0.682353
0.631373
0.549020
0.396078
0.294118
0.133333
0.117647
0.105882
0.105882
0.164706
0.227451
0.219608
0.172549
0.200000
0.137255
0.090196
0.082353
0.074510
0.082353
0.149020
0.219608
0.305882
0.329412
0.368627
0.415686
0.458824
0.537255
0.650980
0.694118
0.698039
0.721569
0.721569
0.729412
0.709804
0.647059
0.505882
0.317647
0.141176
0.125490
0.129412
0.156863
0.200000
0.219608
0.133333
0.141176
0.121569
0.109804
0.101961
0.113725
0.180392
0.247059
0.298039
0.325490
0.368627
0.403922
0.423529
0.458824
0.517647
0.600000
0.666667
0.686275
0.682353
0.701961
0.729412
0.741176
0.749020
0.717647
0.580392
0.411765
0.172549
0.176471
0.188235
0.152941
0.168627
0.262745
0.141176
0.149020
0.137255
0.156863
0.239216
0.294118
0.317647
0.329412
0.368627
0.411765
0.427451
0.435294
0.454902
0.490196
0.541176
0.611765
0.658824
0.674510
0.678431
0.709804
0.725490
0.725490
0.725490
0.650980
0.580392
0.576471
0.188235
0.192157
0.250980
0.235294
0.160784
0.184314
0.223529
0.207843
0.192157
0.227451
0.305882
0.368627
0.380392
0.400000
0.423529
0.435294
0.435294
0.462745
0.505882
0.552941
0.592157
0.631373
0.666667
0.690196
0.709804
0.717647
0.729412
0.729412
0.662745
0.596078
0.619608
0.623529
0.101961
0.125490
0.156863
0.184314
0.231373
0.290196
0.325490
0.345098
0.337255
0.321569
0.247059
0.156863
0.113725
0.101961
0.105882
0.117647
0.141176
0.164706
0.188235
0.254902
0.341176
0.286275
0.192157
0.270588
0.349020
0.325490
0.184314
0.054902
0.031373
0.050980
0.094118
0.105882
0.101961
0.121569
0.149020
0.156863
0.156863
0.192157
0.219608
0.219608
0.168627
0.113725
0.101961
0.098039
0.098039
0.094118
0.090196
0.086275
0.094118
0.098039
0.101961
0.109804
0.137255
0.164706
0.160784
0.200000
0.423529
0.615686
0.380392
0.047059
0.031373
0.062745
0.101961
0.094118
0.105882
0.113725
0.109804
0.101961
0.098039
0.105882
0.121569
0.117647
0.090196
0.078431
0.090196
0.094118
0.082353
0.082353
0.086275
0.078431
0.078431
0.086275
0.086275
0.105882
0.094118
0.101961
0.164706
0.388235
0.776471
0.886275
0.411765
0.027451
0.031373
0.082353
0.094118
0.086275
0.109804
0.105882
0.098039
0.101961
0.101961
0.105882
0.094118
0.105882
0.098039
0.074510
0.070588
0.082353
0.070588
0.078431
0.078431
0.086275
0.086275
0.101961
0.101961
0.113725
0.117647
0.098039
0.231373
0.560784
0.843137
0.756863
0.184314
0.019608
0.047059
0.082353
0.078431
0.078431
0.094118
0.090196
0.094118
0.098039
0.098039
0.098039
0.098039
0.098039
0.090196
0.070588
0.070588
0.078431
0.082353
0.086275
0.090196
0.109804
0.117647
0.125490
0.105882
0.113725
0.117647
0.098039
0.278431
0.576471
0.686275
0.447059
0.062745
0.023529
0.050980
0.074510
0.074510
0.054902
0.070588
0.074510
0.094118
0.094118
0.090196
0.090196
0.094118
0.086275
0.078431
0.070588
0.078431
0.094118
0.094118
0.098039
0.101961
0.121569
0.117647
0.109804
0.094118
0.082353
0.082353
0.078431
0.203922
0.454902
0.301961
0.070588
0.035294
0.039216
0.058824
0.066667
0.050980
0.062745
0.070588
0.066667
0.086275
0.098039
0.101961
0.094118
0.086275
0.082353
0.082353
0.078431
0.082353
0.090196
0.105882
0.109804
0.094118
0.105882
0.105882
0.086275
0.082353
0.074510
0.066667
0.090196
0.133333
0.145098
0.050980
0.011765
0.031373
0.050980
0.074510
0.113725
0.074510
0.054902
0.078431
0.070588
0.074510
0.094118
0.109804
0.101961
0.098039
0.090196
0.078431
0.090196
0.094118
0.086275
0.090196
0.101961
0.101961
0.094118
0.105882
0.113725
0.086275
0.078431
0.129412
0.192157
0.094118
0.015686
0.023529
0.011765
0.054902
0.090196
0.066667
0.141176
0.105882
0.050980
0.082353
0.074510
0.086275
0.090196
0.101961
0.105882
0.109804
0.109804
0.098039
0.094118
0.105882
0.109804
0.070588
0.062745
0.098039
0.125490
0.117647
0.164706
0.270588
0.388235
0.431373
0.282353
0.070588
0.015686
0.027451
0.019608
0.062745
0.109804
0.070588
0.117647
0.101961
0.058824
0.070588
0.074510
0.098039
0.094118
0.090196
0.098039
0.101961
0.109804
0.113725
0.113725
0.109804
0.125490
0.113725
0.062745
0.066667
0.121569
0.176471
0.384314
0.647059
0.654902
0.482353
0.239216
0.058824
0.023529
0.019608
0.027451
0.027451
0.027451
0.027451
0.050980
0.058824
0.039216
0.094118
0.074510
0.094118
0.090196
0.101961
0.113725
0.109804
0.117647
0.117647
0.117647
0.109804
0.117647
0.145098
0.164706
0.160784
0.133333
0.184314
0.525490
0.721569
0.600000
0.407843
0.192157
0.043137
0.019608
0.015686
0.019608
0.023529
0.023529
0.031373
0.039216
0.039216
0.043137
0.149020
0.109804
0.086275
0.094118
0.105882
0.117647
0.129412
0.121569
0.121569
0.121569
0.133333
0.141176
0.184314
0.231373
0.270588
0.290196
0.227451
0.415686
0.674510
0.592157
0.396078
0.152941
0.031373
0.019608
0.015686
0.023529
0.027451
0.023529
0.031373
0.043137
0.035294
0.031373
0.270588
0.176471
0.094118
0.101961
0.113725
0.121569
0.125490
0.129412
0.133333
0.145098
0.180392
0.203922
0.231373
0.266667
0.239216
0.211765
0.160784
0.301961
0.631373
0.552941
0.329412
0.101961
0.023529
0.027451
0.031373
0.043137
0.043137
0.039216
0.035294
0.039216
0.035294
0.031373
0.321569
0.239216
0.113725
0.101961
0.098039
0.105882
0.129412
0.145098
0.184314
0.203922
0.152941
0.184314
0.321569
0.337255
0.215686
0.196078
0.184314
0.262745
0.490196
0.419608
0.239216
0.070588
0.031373
0.035294
0.035294
0.047059
0.047059
0.035294
0.035294
0.035294
0.031373
0.027451
0.290196
0.282353
0.176471
0.117647
0.109804
0.125490
0.149020
0.180392
0.286275
0.341176
0.203922
0.188235
0.407843
0.466667
0.407843
0.388235
0.376471
0.384314
0.396078
0.388235
0.235294
0.050980
0.027451
0.023529
0.031373
0.039216
0.031373
0.035294
0.047059
0.054902
0.043137
0.031373
0.200000
0.247059
0.227451
0.145098
0.121569
0.164706
0.184314
0.254902
0.458824
0.435294
0.352941
0.250980
0.411765
0.549020
0.572549
0.556863
0.537255
0.545098
0.525490
0.490196
0.247059
0.043137
0.035294
0.027451
0.050980
0.050980
0.023529
0.039216
0.086275
0.082353
0.070588
0.070588
0.090196
0.113725
0.125490
0.121569
0.105882
0.109804
0.125490
0.168627
0.364706
0.372549
0.341176
0.262745
0.400000
0.572549
0.596078
0.596078
0.603922
0.607843
0.619608
0.549020
0.235294
0.031373
0.035294
0.050980
0.070588
0.054902
0.043137
0.090196
0.137255
0.109804
0.098039
0.125490
0.050980
0.054902
0.058824
0.082353
0.109804
0.113725
0.137255
0.188235
0.243137
0.235294
0.223529
0.215686
0.337255
0.525490
0.592157
0.607843
0.611765
0.592157
0.596078
0.486275
0.184314
0.031373
0.031373
0.047059
0.078431
0.047059
0.054902
0.235294
0.305882
0.184314
0.168627
0.219608
0.050980
0.062745
0.066667
0.062745
0.098039
0.149020
0.160784
0.168627
0.239216
0.215686
0.105882
0.125490
0.243137
0.388235
0.505882
0.635294
0.627451
0.592157
0.596078
0.427451
0.121569
0.035294
0.031373
0.047059
0.082353
0.035294
0.145098
0.415686
0.376471
0.262745
0.223529
0.239216
0.054902
0.058824
0.050980
0.058824
0.086275
0.137255
0.149020
0.141176
0.207843
0.301961
0.313725
0.266667
0.223529
0.250980
0.368627
0.552941
0.615686
0.619608
0.580392
0.345098
0.066667
0.019608
0.023529
0.058824
0.062745
0.058824
0.313725
0.486275
0.356863
0.309804
0.231373
0.125490
0.062745
0.074510
0.086275
0.121569
0.172549
0.200000
0.164706
0.176471
0.196078
0.333333
0.478431
0.462745
0.372549
0.352941
0.431373
0.501961
0.556863
0.556863
0.384314
0.149020
0.035294
0.019608
0.019608
0.050980
0.058824
0.133333
0.474510
0.509804
0.403922
0.400000
0.207843
0.149020
0.094118
0.117647
0.145098
0.152941
0.133333
0.109804
0.090196
0.152941
0.192157
0.266667
0.352941
0.345098
0.392157
0.454902
0.501961
0.439216
0.333333
0.270588
0.192157
0.129412
0.058824
0.031373
0.035294
0.039216
0.062745
0.203922
0.494118
0.517647
0.360784
0.254902
0.113725
0.164706
0.101961
0.090196
0.078431
0.078431
0.074510
0.090196
0.066667
0.090196
0.231373
0.270588
0.337255
0.372549
0.317647
0.345098
0.360784
0.282353
0.188235
0.156863
0.145098
0.160784
0.176471
0.141176
0.109804
0.121569
0.200000
0.376471
0.517647
0.454902
0.349020
0.211765
0.121569
0.141176
0.074510
0.070588
0.074510
0.105882
0.141176
0.184314
0.101961
0.086275
0.247059
0.356863
0.435294
0.407843
0.211765
0.180392
0.250980
0.235294
0.215686
0.207843
0.141176
0.078431
0.137255
0.207843
0.239216
0.282353
0.423529
0.501961
0.580392
0.572549
0.411765
0.215686
0.090196
0.086275
0.101961
0.133333
0.188235
0.227451
0.192157
0.152941
0.133333
0.125490
0.145098
0.227451
0.317647
0.266667
0.152941
0.137255
0.231373
0.254902
0.145098
0.086275
0.070588
0.062745
0.078431
0.164706
0.254902
0.364706
0.576471
0.572549
0.525490
0.588235
0.407843
0.200000
0.113725
0.043137
0.188235
0.215686
0.215686
0.203922
0.168627
0.125490
0.113725
0.133333
0.121569
0.105882
0.117647
0.133333
0.141176
0.129412
0.125490
0.117647
0.090196
0.070588
0.074510
0.074510
0.109804
0.192157
0.321569
0.486275
0.611765
0.607843
0.537255
0.572549
0.470588
0.227451
0.149020
0.109804
0.192157
0.152941
0.184314
0.141176
0.141176
0.145098
0.066667
0.058824
0.058824
0.050980
0.082353
0.105882
0.117647
0.152941
0.101961
0.062745
0.090196
0.101961
0.105882
0.145098
0.247059
0.349020
0.431373
0.533333
0.619608
0.631373
0.592157
0.552941
0.552941
0.329412
0.164706
0.137255
0.109804
0.086275
0.101961
0.090196
0.086275
0.101961
0.105882
0.074510
0.058824
0.054902
0.058824
0.054902
0.047059
0.066667
0.054902
0.066667
0.094118
0.117647
0.180392
0.258824
0.309804
0.368627
0.458824
0.572549
0.635294
0.647059
0.639216
0.588235
0.533333
0.454902
0.278431
0.156863
0.062745
0.058824
0.058824
0.058824
0.101961
0.141176
0.117647
0.070588
0.066667
0.066667
0.058824
0.058824
0.050980
0.066667
0.086275
0.113725
0.160784
0.188235
0.266667
0.317647
0.352941
0.431373
0.552941
0.600000
0.603922
0.635294
0.635294
0.635294
0.611765
0.556863
0.400000
0.184314
0.082353
0.058824
0.062745
0.074510
0.090196
0.098039
0.066667
0.066667
0.062745
0.058824
0.058824
0.074510
0.098039
0.125490
0.168627
0.207843
0.266667
0.309804
0.313725
0.341176
0.403922
0.501961
0.580392
0.596078
0.584314
0.600000
0.627451
0.650980
0.662745
0.631373
0.478431
0.282353
0.133333
0.094118
0.086275
0.082353
0.094118
0.141176
0.086275
0.066667
0.066667
0.058824
0.082353
0.121569
0.152941
0.203922
0.278431
0.317647
0.309804
0.305882
0.325490
0.368627
0.435294
0.521569
0.572549
0.588235
0.588235
0.611765
0.627451
0.635294
0.635294
0.556863
0.470588
0.458824
0.141176
0.137255
0.133333
0.117647
0.101961
0.117647
0.121569
0.094118
0.074510
0.074510
0.137255
0.215686
0.262745
0.294118
0.301961
0.301961
0.298039
0.329412
0.392157
0.450980
0.490196
0.541176
0.584314
0.607843
0.627451
0.627451
0.631373
0.635294
0.572549
0.494118
0.501961
0.513725
