0.278431
0.278431
0.235294
0.180392
0.145098
0.145098
0.156863
0.207843
0.254902
0.286275
0.219608
0.105882
0.066667
0.101961
0.090196
0.082353
0.105882
0.070588
0.070588
0.117647
0.172549
0.168627
0.137255
0.113725
0.070588
0.050980
0.047059
0.074510
0.113725
0.219608
0.152941
0.164706
0.254902
0.298039
0.305882
0.203922
0.129412
0.113725
0.133333
0.156863
0.301961
0.305882
0.254902
0.156863
0.117647
0.113725
0.117647
0.109804
0.078431
0.039216
0.058824
0.129412
0.145098
0.145098
0.152941
0.137255
0.101961
0.070588
0.062745
0.066667
0.078431
0.196078
0.160784
0.192157
0.231373
0.278431
0.345098
0.262745
0.180392
0.129412
0.129412
0.149020
0.192157
0.211765
0.227451
0.180392
0.172549
0.090196
0.047059
0.043137
0.039216
0.050980
0.039216
0.082353
0.117647
0.117647
0.133333
0.141176
0.133333
0.105882
0.074510
0.070588
0.070588
0.164706
0.141176
0.192157
0.247059
0.254902
0.290196
0.282353
0.254902
0.160784
0.105882
0.109804
0.105882
0.160784
0.164706
0.109804
0.145098
0.117647
0.039216
0.027451
0.031373
0.047059
0.039216
0.058824
0.082353
0.094118
0.109804
0.121569
0.156863
0.141176
0.101961
0.082353
0.094118
0.113725
0.101961
0.172549
0.235294
0.203922
0.211765
0.247059
0.313725
0.243137
0.113725
0.113725
0.101961
0.133333
0.090196
0.058824
0.035294
0.062745
0.070588
0.039216
0.035294
0.043137
0.047059
0.047059
0.058824
0.090196
0.094118
0.078431
0.117647
0.129412
0.105882
0.074510
0.101961
0.149020
0.129412
0.207843
0.278431
0.215686
0.176471
0.207843
0.313725
0.321569
0.215686
0.207843
0.203922
0.196078
0.101961
0.070588
0.035294
0.027451
0.043137
0.039216
0.035294
0.035294
0.043137
0.050980
0.070588
0.074510
0.078431
0.070588
0.094118
0.105882
0.109804
0.094118
0.098039
0.152941
0.196078
0.243137
0.274510
0.262745
0.282353
0.266667
0.286275
0.305882
0.329412
0.345098
0.341176
0.341176
0.309804
0.266667
0.152941
0.058824
0.039216
0.043137
0.058824
0.043137
0.054902
0.070588
0.090196
0.086275
0.090196
0.074510
0.094118
0.109804
0.125490
0.113725
0.145098
0.239216
0.321569
0.309804
0.247059
0.211765
0.313725
0.309804
0.266667
0.309804
0.364706
0.400000
0.396078
0.411765
0.427451
0.454902
0.435294
0.278431
0.121569
0.101961
0.090196
0.058824
0.070588
0.066667
0.070588
0.082353
0.098039
0.082353
0.098039
0.117647
0.125490
0.125490
0.219608
0.301961
0.349020
0.337255
0.341176
0.258824
0.274510
0.325490
0.337255
0.356863
0.407843
0.419608
0.427451
0.466667
0.474510
0.482353
0.513725
0.486275
0.345098
0.345098
0.262745
0.113725
0.078431
0.062745
0.066667
0.074510
0.094118
0.101961
0.125490
0.133333
0.133333
0.203922
0.254902
0.278431
0.309804
0.274510
0.415686
0.356863
0.278431
0.333333
0.372549
0.388235
0.454902
0.478431
0.454902
0.474510
0.494118
0.494118
0.482353
0.447059
0.458824
0.541176
0.462745
0.227451
0.105882
0.101961
0.098039
0.105882
0.109804
0.149020
0.188235
0.188235
0.192157
0.223529
0.219608
0.203922
0.192157
0.168627
0.403922
0.372549
0.254902
0.305882
0.372549
0.384314
0.447059
0.513725
0.541176
0.541176
0.517647
0.533333
0.560784
0.533333
0.525490
0.525490
0.490196
0.329412
0.121569
0.094118
0.101961
0.141176
0.113725
0.129412
0.192157
0.203922
0.184314
0.156863
0.145098
0.168627
0.164706
0.160784
0.392157
0.329412
0.231373
0.250980
0.380392
0.372549
0.392157
0.470588
0.568627
0.611765
0.576471
0.564706
0.576471
0.603922
0.647059
0.611765
0.568627
0.474510
0.188235
0.074510
0.086275
0.109804
0.094118
0.082353
0.109804
0.121569
0.129412
0.145098
0.215686
0.215686
0.184314
0.180392
0.325490
0.274510
0.211765
0.160784
0.333333
0.415686
0.392157
0.454902
0.596078
0.686275
0.643137
0.623529
0.611765
0.611765
0.603922
0.596078
0.639216
0.576471
0.321569
0.090196
0.066667
0.086275
0.082353
0.066667
0.078431
0.098039
0.109804
0.141176
0.278431
0.215686
0.172549
0.223529
0.203922
0.137255
0.113725
0.066667
0.294118
0.462745
0.419608
0.447059
0.596078
0.717647
0.709804
0.682353
0.666667
0.654902
0.600000
0.533333
0.552941
0.533333
0.423529
0.192157
0.027451
0.176471
0.235294
0.035294
0.043137
0.062745
0.094118
0.125490
0.129412
0.105882
0.145098
0.215686
0.180392
0.062745
0.066667
0.050980
0.282353
0.482353
0.447059
0.505882
0.592157
0.596078
0.639216
0.643137
0.611765
0.654902
0.623529
0.611765
0.619608
0.584314
0.450980
0.368627
0.098039
0.294118
0.431373
0.094118
0.035294
0.031373
0.070588
0.121569
0.086275
0.070588
0.129412
0.113725
0.160784
0.050980
0.043137
0.098039
0.356863
0.541176
0.458824
0.537255
0.623529
0.568627
0.556863
0.494118
0.490196
0.596078
0.615686
0.619608
0.635294
0.572549
0.466667
0.470588
0.266667
0.337255
0.513725
0.349020
0.062745
0.054902
0.074510
0.098039
0.082353
0.094118
0.109804
0.070588
0.058824
0.035294
0.070588
0.243137
0.450980
0.533333
0.458824
0.572549
0.403922
0.294118
0.278431
0.262745
0.403922
0.529412
0.537255
0.588235
0.631373
0.639216
0.560784
0.545098
0.384314
0.278431
0.505882
0.615686
0.149020
0.098039
0.117647
0.121569
0.113725
0.133333
0.129412
0.062745
0.023529
0.043137
0.211765
0.360784
0.458824
0.454902
0.443137
0.478431
0.160784
0.137255
0.117647
0.078431
0.227451
0.517647
0.600000
0.572549
0.596078
0.611765
0.560784
0.572549
0.482353
0.266667
0.470588
0.729412
0.223529
0.105882
0.125490
0.129412
0.117647
0.133333
0.137255
0.101961
0.031373
0.098039
0.345098
0.388235
0.364706
0.364706
0.462745
0.305882
0.090196
0.098039
0.090196
0.050980
0.070588
0.427451
0.674510
0.603922
0.600000
0.415686
0.447059
0.552941
0.572549
0.380392
0.462745
0.800000
0.325490
0.105882
0.105882
0.109804
0.101961
0.105882
0.117647
0.109804
0.047059
0.129412
0.384314
0.298039
0.192157
0.372549
0.435294
0.168627
0.066667
0.070588
0.074510
0.047059
0.054902
0.298039
0.596078
0.564706
0.368627
0.141176
0.200000
0.423529
0.584314
0.533333
0.580392
0.870588
0.545098
0.164706
0.121569
0.117647
0.109804
0.109804
0.113725
0.121569
0.078431
0.149020
0.349020
0.137255
0.121569
0.407843
0.345098
0.082353
0.066667
0.098039
0.101961
0.066667
0.062745
0.200000
0.572549
0.647059
0.254902
0.101961
0.137255
0.227451
0.447059
0.627451
0.764706
0.937255
0.819608
0.278431
0.141176
0.149020
0.145098
0.141176
0.164706
0.168627
0.054902
0.156863
0.301961
0.062745
0.082353
0.388235
0.294118
0.086275
0.094118
0.117647
0.113725
0.090196
0.078431
0.156863
0.505882
0.650980
0.333333
0.105882
0.141176
0.152941
0.235294
0.533333
0.819608
0.909804
0.803922
0.313725
0.133333
0.141176
0.164706
0.156863
0.180392
0.192157
0.047059
0.168627
0.262745
0.043137
0.058824
0.333333
0.329412
0.105882
0.109804
0.125490
0.145098
0.125490
0.098039
0.149020
0.450980
0.592157
0.392157
0.117647
0.129412
0.137255
0.149020
0.290196
0.705882
0.917647
0.764706
0.349020
0.141176
0.141176
0.164706
0.156863
0.172549
0.168627
0.070588
0.184314
0.223529
0.047059
0.062745
0.196078
0.384314
0.145098
0.121569
0.117647
0.141176
0.133333
0.117647
0.117647
0.349020
0.533333
0.360784
0.109804
0.125490
0.137255
0.141176
0.145098
0.419608
0.898039
0.929412
0.466667
0.156863
0.156863
0.164706
0.172549
0.192157
0.176471
0.086275
0.168627
0.172549
0.070588
0.094118
0.129412
0.380392
0.235294
0.121569
0.113725
0.121569
0.133333
0.125490
0.098039
0.200000
0.501961
0.333333
0.105882
0.129412
0.133333
0.133333
0.129412
0.188235
0.611765
0.847059
0.482353
0.168627
0.160784
0.168627
0.172549
0.196078
0.192157
0.113725
0.145098
0.149020
0.109804
0.137255
0.121569
0.282353
0.309804
0.117647
0.105882
0.105882
0.129412
0.125490
0.105882
0.129412
0.450980
0.317647
0.117647
0.129412
0.152941
0.149020
0.137255
0.149020
0.254902
0.513725
0.341176
0.176471
0.172549
0.168627
0.172549
0.180392
0.180392
0.168627
0.168627
0.164706
0.152941
0.184314
0.152941
0.207843
0.235294
0.141176
0.113725
0.117647
0.129412
0.125490
0.113725
0.117647
0.372549
0.274510
0.141176
0.137255
0.156863
0.156863
0.164706
0.176471
0.207843
0.349020
0.278431
0.196078
0.176471
0.180392
0.188235
0.180392
0.188235
0.156863
0.196078
0.180392
0.164706
0.168627
0.156863
0.215686
0.149020
0.133333
0.145098
0.133333
0.141176
0.145098
0.129412
0.125490
0.278431
0.270588
0.145098
0.129412
0.141176
0.145098
0.160784
0.180392
0.356863
0.509804
0.341176
0.207843
0.192157
0.200000
0.200000
0.196078
0.196078
0.152941
0.184314
0.188235
0.160784
0.137255
0.188235
0.215686
0.141176
0.145098
0.172549
0.141176
0.137255
0.152941
0.133333
0.141176
0.270588
0.266667
0.152941
0.149020
0.152941
0.164706
0.160784
0.231373
0.533333
0.650980
0.364706
0.196078
0.196078
0.200000
0.200000
0.211765
0.192157
0.180392
0.149020
0.192157
0.176471
0.149020
0.215686
0.211765
0.141176
0.152941
0.172549
0.149020
0.156863
0.156863
0.145098
0.188235
0.294118
0.254902
0.156863
0.160784
0.168627
0.172549
0.184314
0.337255
0.611765
0.584314
0.309804
0.196078
0.184314
0.188235
0.200000
0.219608
0.196078
0.156863
0.129412
0.180392
0.192157
0.184314
0.223529
0.219608
0.133333
0.141176
0.152941
0.141176
0.156863
0.160784
0.164706
0.250980
0.309804
0.235294
0.156863
0.164706
0.164706
0.168627
0.239216
0.450980
0.615686
0.505882
0.286275
0.184314
0.172549
0.192157
0.207843
0.200000
0.176471
0.125490
0.117647
0.137255
0.176471
0.203922
0.207843
0.227451
0.145098
0.137255
0.164706
0.168627
0.172549
0.176471
0.188235
0.286275
0.317647
0.223529
0.172549
0.172549
0.164706
0.223529
0.341176
0.505882
0.611765
0.576471
0.309804
0.184314
0.176471
0.200000
0.227451
0.211765
0.192157
0.376471
0.368627
0.309804
0.243137
0.207843
0.207843
0.207843
0.227451
0.254902
0.286275
0.231373
0.117647
0.086275
0.125490
0.113725
0.105882
0.129412
0.094118
0.086275
0.121569
0.164706
0.156863
0.125490
0.109804
0.074510
0.054902
0.050980
0.070588
0.117647
0.301961
0.239216
0.211765
0.356863
0.396078
0.392157
0.278431
0.196078
0.172549
0.180392
0.180392
0.290196
0.282353
0.250980
0.168627
0.133333
0.137255
0.137255
0.129412
0.094118
0.054902
0.062745
0.125490
0.133333
0.129412
0.137255
0.125490
0.086275
0.070588
0.066667
0.066667
0.090196
0.274510
0.235294
0.219608
0.333333
0.372549
0.439216
0.349020
0.254902
0.180392
0.172549
0.176471
0.180392
0.184314
0.219608
0.188235
0.184314
0.105882
0.058824
0.054902
0.050980
0.058824
0.035294
0.078431
0.113725
0.109804
0.121569
0.125490
0.113725
0.105882
0.082353
0.078431
0.086275
0.223529
0.200000
0.211765
0.345098
0.349020
0.384314
0.372549
0.333333
0.215686
0.152941
0.141176
0.101961
0.145098
0.160784
0.113725
0.149020
0.125490
0.050980
0.035294
0.039216
0.050980
0.043137
0.062745
0.090196
0.098039
0.105882
0.113725
0.141176
0.141176
0.109804
0.094118
0.109804
0.141176
0.141176
0.196078
0.337255
0.298039
0.305882
0.349020
0.396078
0.298039
0.156863
0.141176
0.109804
0.137255
0.094118
0.062745
0.043137
0.078431
0.078431
0.050980
0.047059
0.054902
0.054902
0.058824
0.078431
0.105882
0.109804
0.086275
0.117647
0.137255
0.121569
0.094118
0.117647
0.156863
0.149020
0.235294
0.368627
0.301961
0.262745
0.305882
0.392157
0.376471
0.239216
0.223529
0.215686
0.207843
0.109804
0.070588
0.043137
0.050980
0.054902
0.054902
0.058824
0.058824
0.062745
0.070588
0.094118
0.101961
0.105882
0.090196
0.109804
0.125490
0.133333
0.117647
0.117647
0.160784
0.211765
0.282353
0.337255
0.333333
0.360784
0.341176
0.341176
0.337255
0.333333
0.341176
0.341176
0.337255
0.305882
0.243137
0.125490
0.050980
0.050980
0.066667
0.086275
0.074510
0.078431
0.094118
0.113725
0.121569
0.125490
0.094118
0.109804
0.121569
0.141176
0.129412
0.160784
0.254902
0.341176
0.349020
0.278431
0.254902
0.372549
0.352941
0.294118
0.317647
0.356863
0.380392
0.380392
0.396078
0.400000
0.407843
0.380392
0.247059
0.129412
0.105882
0.098039
0.082353
0.098039
0.098039
0.101961
0.117647
0.133333
0.109804
0.117647
0.129412
0.141176
0.149020
0.247059
0.337255
0.384314
0.376471
0.349020
0.278431
0.298039
0.349020
0.352941
0.360784
0.392157
0.396078
0.403922
0.443137
0.435294
0.423529
0.458824
0.447059
0.325490
0.313725
0.239216
0.121569
0.113725
0.098039
0.105882
0.113725
0.129412
0.129412
0.149020
0.164706
0.172549
0.247059
0.305882
0.337255
0.356863
0.325490
0.403922
0.364706
0.290196
0.345098
0.384314
0.392157
0.450980
0.458824
0.439216
0.458824
0.466667
0.447059
0.427451
0.396078
0.403922
0.458824
0.396078
0.215686
0.145098
0.145098
0.137255
0.145098
0.145098
0.176471
0.219608
0.243137
0.258824
0.286275
0.290196
0.282353
0.258824
0.235294
0.376471
0.368627
0.262745
0.321569
0.388235
0.396078
0.450980
0.498039
0.517647
0.529412
0.505882
0.501961
0.509804
0.474510
0.462745
0.450980
0.411765
0.282353
0.145098
0.141176
0.145098
0.180392
0.156863
0.168627
0.239216
0.266667
0.258824
0.239216
0.223529
0.235294
0.231373
0.231373
0.368627
0.321569
0.235294
0.266667
0.396078
0.388235
0.400000
0.462745
0.541176
0.592157
0.560784
0.537255
0.533333
0.552941
0.592157
0.560784
0.494118
0.396078
0.176471
0.109804
0.129412
0.145098
0.141176
0.129412
0.164706
0.180392
0.196078
0.219608
0.290196
0.274510
0.243137
0.247059
0.317647
0.266667
0.207843
0.172549
0.345098
0.423529
0.407843
0.458824
0.572549
0.658824
0.615686
0.596078
0.580392
0.564706
0.545098
0.545098
0.576471
0.494118
0.266667
0.090196
0.098039
0.113725
0.101961
0.098039
0.121569
0.149020
0.168627
0.200000
0.345098
0.282353
0.235294
0.278431
0.200000
0.129412
0.109804
0.082353
0.313725
0.474510
0.439216
0.458824
0.576471
0.686275
0.682353
0.666667
0.647059
0.611765
0.541176
0.482353
0.498039
0.450980
0.345098
0.152941
0.039216
0.180392
0.223529
0.050980
0.074510
0.105882
0.141176
0.176471
0.188235
0.176471
0.196078
0.254902
0.172549
0.062745
0.078431
0.070588
0.305882
0.501961
0.466667
0.517647
0.576471
0.580392
0.627451
0.643137
0.603922
0.600000
0.560784
0.560784
0.568627
0.525490
0.392157
0.309804
0.078431
0.270588
0.392157
0.090196
0.054902
0.070588
0.113725
0.172549
0.145098
0.125490
0.176471
0.156863
0.156863
0.066667
0.070588
0.125490
0.380392
0.564706
0.474510
0.541176
0.611765
0.568627
0.564706
0.509804
0.478431
0.525490
0.549020
0.572549
0.584314
0.529412
0.435294
0.411765
0.227451
0.290196
0.458824
0.329412
0.082353
0.098039
0.125490
0.152941
0.145098
0.145098
0.152941
0.121569
0.066667
0.047059
0.086275
0.262745
0.470588
0.545098
0.458824
0.564706
0.411765
0.313725
0.298039
0.294118
0.407843
0.474510
0.494118
0.564706
0.588235
0.584314
0.533333
0.505882
0.345098
0.243137
0.447059
0.556863
0.180392
0.172549
0.192157
0.196078
0.184314
0.192157
0.180392
0.113725
0.035294
0.054902
0.219608
0.372549
0.478431
0.462745
0.435294
0.478431
0.176471
0.168627
0.145098
0.113725
0.243137
0.486275
0.556863
0.541176
0.552941
0.564706
0.537255
0.549020
0.454902
0.243137
0.407843
0.658824
0.243137
0.176471
0.196078
0.203922
0.192157
0.200000
0.200000
0.160784
0.039216
0.113725
0.356863
0.396078
0.388235
0.376471
0.462745
0.321569
0.113725
0.133333
0.117647
0.074510
0.086275
0.403922
0.615686
0.545098
0.556863
0.392157
0.439216
0.541176
0.552941
0.364706
0.407843
0.741176
0.317647
0.156863
0.172549
0.176471
0.168627
0.180392
0.188235
0.184314
0.054902
0.145098
0.400000
0.309804
0.219608
0.380392
0.439216
0.188235
0.090196
0.098039
0.094118
0.070588
0.074510
0.294118
0.552941
0.501961
0.333333
0.145098
0.211765
0.423529
0.572549
0.517647
0.537255
0.819608
0.521569
0.196078
0.176471
0.172549
0.168627
0.176471
0.184314
0.192157
0.082353
0.164706
0.376471
0.152941
0.149020
0.419608
0.349020
0.094118
0.078431
0.109804
0.113725
0.082353
0.082353
0.219608
0.556863
0.592157
0.235294
0.133333
0.172549
0.239216
0.439216
0.600000
0.717647
0.882353
0.776471
0.305882
0.192157
0.200000
0.192157
0.192157
0.215686
0.215686
0.054902
0.176471
0.329412
0.078431
0.098039
0.396078
0.298039
0.094118
0.098039
0.117647
0.121569
0.101961
0.101961
0.184314
0.509804
0.615686
0.325490
0.152941
0.184314
0.180392
0.247059
0.517647
0.780392
0.850980
0.749020
0.329412
0.176471
0.188235
0.207843
0.200000
0.223529
0.235294
0.054902
0.188235
0.286275
0.054902
0.066667
0.341176
0.341176
0.113725
0.113725
0.133333
0.156863
0.141176
0.121569
0.176471
0.466667
0.568627
0.388235
0.164706
0.180392
0.184314
0.192157
0.317647
0.694118
0.870588
0.709804
0.345098
0.176471
0.192157
0.207843
0.200000
0.227451
0.219608
0.078431
0.200000
0.243137
0.054902
0.074510
0.207843
0.396078
0.152941
0.129412
0.125490
0.152941
0.152941
0.141176
0.145098
0.364706
0.517647
0.360784
0.149020
0.172549
0.184314
0.188235
0.184314
0.427451
0.870588
0.890196
0.466667
0.188235
0.207843
0.203922
0.215686
0.247059
0.227451
0.090196
0.180392
0.184314
0.086275
0.105882
0.141176
0.392157
0.247059
0.133333
0.125490
0.141176
0.156863
0.152941
0.129412
0.219608
0.490196
0.333333
0.137255
0.168627
0.176471
0.172549
0.172549
0.211765
0.603922
0.815686
0.482353
0.200000
0.211765
0.211765
0.215686
0.250980
0.243137
0.117647
0.152941
0.156863
0.125490
0.152941
0.133333
0.298039
0.329412
0.137255
0.121569
0.129412
0.156863
0.160784
0.145098
0.152941
0.450980
0.321569
0.141176
0.160784
0.188235
0.180392
0.172549
0.176471
0.254902
0.478431
0.337255
0.211765
0.223529
0.211765
0.215686
0.235294
0.235294
0.168627
0.172549
0.176471
0.168627
0.203922
0.168627
0.223529
0.258824
0.164706
0.137255
0.145098
0.160784
0.164706
0.156863
0.149020
0.384314
0.282353
0.160784
0.160784
0.184314
0.188235
0.192157
0.192157
0.203922
0.301961
0.270588
0.231373
0.231373
0.223529
0.235294
0.239216
0.243137
0.160784
0.200000
0.188235
0.184314
0.200000
0.180392
0.231373
0.168627
0.152941
0.164706
0.164706
0.180392
0.184314
0.172549
0.160784
0.290196
0.278431
0.164706
0.160784
0.172549
0.180392
0.192157
0.192157
0.329412
0.447059
0.333333
0.243137
0.239216
0.243137
0.243137
0.254902
0.250980
0.164706
0.192157
0.196078
0.176471
0.172549
0.211765
0.231373
0.156863
0.160784
0.188235
0.172549
0.180392
0.192157
0.172549
0.176471
0.270588
0.262745
0.176471
0.180392
0.184314
0.203922
0.203922
0.239216
0.490196
0.580392
0.352941
0.231373
0.239216
0.235294
0.247059
0.270588
0.247059
0.192157
0.160784
0.203922
0.184314
0.168627
0.231373
0.223529
0.160784
0.172549
0.192157
0.180392
0.192157
0.192157
0.180392
0.215686
0.286275
0.250980
0.180392
0.192157
0.196078
0.196078
0.211765
0.333333
0.564706
0.517647
0.301961
0.239216
0.235294
0.227451
0.247059
0.278431
0.250980
0.180392
0.152941
0.192157
0.196078
0.200000
0.231373
0.223529
0.152941
0.160784
0.172549
0.168627
0.188235
0.188235
0.192157
0.270588
0.298039
0.231373
0.180392
0.192157
0.184314
0.176471
0.247059
0.431373
0.556863
0.439216
0.286275
0.231373
0.227451
0.235294
0.254902
0.262745
0.231373
0.164706
0.152941
0.160784
0.184314
0.223529
0.223529
0.239216
0.160784
0.156863
0.184314
0.192157
0.203922
0.203922
0.211765
0.294118
0.301961
0.219608
0.203922
0.192157
0.176471
0.219608
0.329412
0.466667
0.545098
0.513725
0.317647
0.235294
0.235294
0.250980
0.274510
0.270588
0.247059
0.219608
0.223529
0.203922
0.172549
0.149020
0.164706
0.168627
0.176471
0.188235
0.219608
0.188235
0.090196
0.062745
0.101961
0.090196
0.082353
0.105882
0.074510
0.078431
0.098039
0.121569
0.105882
0.078431
0.066667
0.035294
0.027451
0.023529
0.035294
0.070588
0.235294
0.180392
0.156863
0.203922
0.235294
0.247059
0.188235
0.125490
0.137255
0.164706
0.133333
0.219608
0.203922
0.192157
0.121569
0.094118
0.105882
0.113725
0.105882
0.074510
0.035294
0.039216
0.090196
0.086275
0.066667
0.070588
0.074510
0.047059
0.039216
0.035294
0.031373
0.043137
0.200000
0.168627
0.152941
0.223529
0.254902
0.309804
0.235294
0.156863
0.137255
0.160784
0.137255
0.113725
0.105882
0.160784
0.141176
0.141176
0.070588
0.039216
0.035294
0.027451
0.035294
0.011765
0.043137
0.066667
0.050980
0.062745
0.074510
0.070588
0.062745
0.043137
0.043137
0.047059
0.156863
0.133333
0.137255
0.262745
0.254902
0.266667
0.243137
0.200000
0.137255
0.129412
0.117647
0.050980
0.086275
0.109804
0.074510
0.117647
0.098039
0.027451
0.015686
0.019608
0.031373
0.023529
0.039216
0.054902
0.062745
0.066667
0.066667
0.090196
0.090196
0.066667
0.062745
0.082353
0.098039
0.090196
0.121569
0.223529
0.196078
0.203922
0.219608
0.258824
0.188235
0.113725
0.113725
0.062745
0.086275
0.062745
0.035294
0.015686
0.054902
0.062745
0.031373
0.023529
0.027451
0.035294
0.035294
0.054902
0.086275
0.090196
0.047059
0.066667
0.082353
0.074510
0.062745
0.098039
0.129412
0.094118
0.156863
0.227451
0.184314
0.180392
0.203922
0.282353
0.254902
0.180392
0.172549
0.160784
0.152941
0.074510
0.039216
0.007843
0.027451
0.043137
0.039216
0.031373
0.023529
0.035294
0.047059
0.066667
0.082353
0.090196
0.062745
0.070588
0.082353
0.090196
0.086275
0.094118
0.109804
0.101961
0.164706
0.239216
0.219608
0.239216
0.239216
0.243137
0.247059
0.282353
0.274510
0.274510
0.270588
0.231373
0.172549
0.086275
0.043137
0.035294
0.039216
0.062745
0.050980
0.050980
0.066667
0.086275
0.090196
0.094118
0.066667
0.082353
0.094118
0.105882
0.078431
0.094118
0.137255
0.176471
0.196078
0.192157
0.180392
0.270588
0.258824
0.203922
0.266667
0.305882
0.301961
0.298039
0.313725
0.309804
0.301961
0.278431
0.160784
0.074510
0.058824
0.070588
0.070588
0.074510
0.070588
0.078431
0.082353
0.086275
0.066667
0.078431
0.101961
0.094118
0.070588
0.133333
0.164706
0.188235
0.207843
0.239216
0.227451
0.266667
0.278431
0.270588
0.325490
0.337255
0.309804
0.317647
0.356863
0.360784
0.317647
0.294118
0.274510
0.227451
0.227451
0.172549
0.090196
0.094118
0.078431
0.082353
0.082353
0.082353
0.078431
0.090196
0.101961
0.094118
0.145098
0.176471
0.172549
0.184314
0.180392
0.290196
0.282353
0.270588
0.294118
0.313725
0.364706
0.384314
0.380392
0.356863
0.376471
0.400000
0.360784
0.309804
0.274510
0.294118
0.337255
0.282353
0.149020
0.121569
0.121569
0.117647
0.121569
0.109804
0.113725
0.129412
0.129412
0.141176
0.172549
0.180392
0.168627
0.145098
0.133333
0.258824
0.266667
0.219608
0.266667
0.321569
0.352941
0.388235
0.423529
0.439216
0.450980
0.427451
0.411765
0.415686
0.380392
0.341176
0.309804
0.266667
0.160784
0.094118
0.117647
0.113725
0.160784
0.141176
0.133333
0.168627
0.176471
0.152941
0.137255
0.141176
0.160784
0.149020
0.145098
0.227451
0.207843
0.172549
0.207843
0.341176
0.337255
0.352941
0.396078
0.450980
0.501961
0.486275
0.454902
0.435294
0.443137
0.466667
0.427451
0.341176
0.235294
0.090196
0.078431
0.098039
0.125490
0.137255
0.125490
0.133333
0.145098
0.141176
0.160784
0.247059
0.215686
0.160784
0.141176
0.180392
0.149020
0.133333
0.129412
0.313725
0.400000
0.376471
0.403922
0.486275
0.560784
0.552941
0.541176
0.501961
0.462745
0.423529
0.419608
0.427451
0.333333
0.160784
0.043137
0.074510
0.105882
0.082353
0.090196
0.105882
0.133333
0.152941
0.200000
0.356863
0.258824
0.176471
0.180392
0.117647
0.058824
0.062745
0.054902
0.290196
0.462745
0.423529
0.411765
0.494118
0.592157
0.607843
0.596078
0.552941
0.486275
0.419608
0.364706
0.364706
0.301961
0.227451
0.090196
0.011765
0.164706
0.180392
0.023529
0.062745
0.101961
0.152941
0.207843
0.227451
0.200000
0.207843
0.215686
0.121569
0.027451
0.054902
0.047059
0.282353
0.490196
0.447059
0.462745
0.501961
0.490196
0.549020
0.568627
0.501961
0.462745
0.439216
0.450980
0.447059
0.388235
0.278431
0.215686
0.031373
0.219608
0.309804
0.035294
0.035294
0.058824
0.113725
0.180392
0.149020
0.149020
0.211765
0.160784
0.094118
0.027451
0.039216
0.090196
0.360784
0.545098
0.443137
0.482353
0.537255
0.494118
0.505882
0.462745
0.407843
0.415686
0.435294
0.470588
0.470588
0.400000
0.325490
0.298039
0.137255
0.211765
0.337255
0.243137
0.047059
0.062745
0.094118
0.121569
0.094118
0.105882
0.156863
0.121569
0.023529
0.007843
0.039216
0.223529
0.482353
0.525490
0.403922
0.505882
0.333333
0.250980
0.262745
0.270588
0.364706
0.384314
0.392157
0.466667
0.470588
0.447059
0.423529
0.400000
0.247059
0.164706
0.313725
0.450980
0.113725
0.101961
0.121569
0.125490
0.105882
0.109804
0.129412
0.086275
0.011765
0.019608
0.180392
0.345098
0.474510
0.439216
0.388235
0.423529
0.113725
0.117647
0.113725
0.090196
0.203922
0.403922
0.454902
0.447059
0.443137
0.439216
0.443137
0.458824
0.352941
0.180392
0.333333
0.533333
0.164706
0.117647
0.121569
0.125490
0.113725
0.117647
0.129412
0.109804
0.011765
0.078431
0.329412
0.376471
0.345098
0.341176
0.435294
0.274510
0.070588
0.094118
0.086275
0.050980
0.047059
0.337255
0.513725
0.443137
0.462745
0.305882
0.372549
0.458824
0.443137
0.305882
0.388235
0.568627
0.196078
0.109804
0.105882
0.109804
0.101961
0.109804
0.117647
0.113725
0.023529
0.113725
0.376471
0.290196
0.164706
0.337255
0.407843
0.145098
0.058824
0.066667
0.062745
0.043137
0.039216
0.243137
0.454902
0.392157
0.247059
0.082353
0.160784
0.356863
0.474510
0.439216
0.478431
0.615686
0.345098
0.129412
0.109804
0.105882
0.101961
0.109804
0.109804
0.113725
0.050980
0.137255
0.345098
0.121569
0.109804
0.372549
0.298039
0.050980
0.050980
0.074510
0.078431
0.050980
0.054902
0.180392
0.470588
0.478431
0.145098
0.078431
0.121569
0.176471
0.356863
0.513725
0.607843
0.725490
0.607843
0.203922
0.113725
0.117647
0.113725
0.121569
0.145098
0.145098
0.023529
0.149020
0.294118
0.043137
0.082353
0.360784
0.239216
0.043137
0.066667
0.078431
0.078431
0.062745
0.066667
0.152941
0.435294
0.494118
0.223529
0.090196
0.129412
0.117647
0.172549
0.447059
0.670588
0.752941
0.615686
0.215686
0.090196
0.101961
0.121569
0.117647
0.152941
0.168627
0.023529
0.149020
0.247059
0.027451
0.054902
0.309804
0.290196
0.070588
0.074510
0.090196
0.101961
0.086275
0.074510
0.141176
0.403922
0.447059
0.282353
0.105882
0.117647
0.117647
0.117647
0.258824
0.623529
0.764706
0.584314
0.243137
0.098039
0.117647
0.125490
0.113725
0.149020
0.141176
0.039216
0.156863
0.200000
0.027451
0.050980
0.172549
0.349020
0.109804
0.086275
0.082353
0.098039
0.098039
0.098039
0.113725
0.317647
0.419608
0.270588
0.098039
0.109804
0.113725
0.113725
0.121569
0.360784
0.760784
0.760784
0.364706
0.109804
0.133333
0.121569
0.125490
0.172549
0.149020
0.039216
0.133333
0.141176
0.039216
0.062745
0.098039
0.349020
0.203922
0.090196
0.082353
0.086275
0.101961
0.113725
0.101961
0.188235
0.415686
0.258824
0.090196
0.109804
0.109804
0.098039
0.101961
0.141176
0.501961
0.694118
0.376471
0.117647
0.129412
0.121569
0.125490
0.176471
0.164706
0.054902
0.101961
0.109804
0.066667
0.090196
0.082353
0.254902
0.282353
0.090196
0.078431
0.074510
0.105882
0.125490
0.121569
0.129412
0.388235
0.250980
0.090196
0.105882
0.121569
0.109804
0.101961
0.105882
0.164706
0.364706
0.227451
0.121569
0.137255
0.113725
0.129412
0.160784
0.152941
0.094118
0.117647
0.125490
0.101961
0.125490
0.109804
0.184314
0.211765
0.117647
0.090196
0.090196
0.113725
0.129412
0.133333
0.121569
0.321569
0.207843
0.101961
0.105882
0.121569
0.117647
0.117647
0.125490
0.125490
0.200000
0.160784
0.141176
0.141176
0.129412
0.145098
0.160784
0.160784
0.090196
0.141176
0.133333
0.117647
0.117647
0.113725
0.180392
0.117647
0.098039
0.109804
0.105882
0.125490
0.145098
0.141176
0.125490
0.219608
0.200000
0.101961
0.101961
0.105882
0.105882
0.121569
0.129412
0.223529
0.313725
0.223529
0.152941
0.149020
0.141176
0.149020
0.164706
0.160784
0.094118
0.133333
0.141176
0.109804
0.098039
0.141176
0.164706
0.090196
0.094118
0.121569
0.109804
0.121569
0.141176
0.133333
0.129412
0.196078
0.184314
0.113725
0.113725
0.113725
0.125490
0.133333
0.172549
0.349020
0.415686
0.243137
0.145098
0.149020
0.133333
0.141176
0.168627
0.152941
0.125490
0.105882
0.149020
0.125490
0.105882
0.168627
0.152941
0.078431
0.090196
0.109804
0.105882
0.125490
0.133333
0.129412
0.160784
0.207843
0.172549
0.109804
0.109804
0.121569
0.129412
0.141176
0.254902
0.419608
0.349020
0.192157
0.149020
0.145098
0.125490
0.141176
0.172549
0.152941
0.113725
0.094118
0.141176
0.141176
0.141176
0.176471
0.156863
0.066667
0.074510
0.086275
0.090196
0.117647
0.125490
0.137255
0.203922
0.207843
0.149020
0.109804
0.109804
0.105882
0.109804
0.164706
0.337255
0.407843
0.274510
0.176471
0.141176
0.133333
0.133333
0.149020
0.156863
0.137255
0.098039
0.094118
0.109804
0.133333
0.168627
0.168627
0.176471
0.086275
0.082353
0.105882
0.109804
0.121569
0.133333
0.149020
0.211765
0.200000
0.129412
0.133333
0.121569
0.098039
0.137255
0.227451
0.360784
0.392157
0.352941
0.207843
0.145098
0.141176
0.145098
0.168627
0.168627
0.149020
