0.882353
0.874510
0.878431
0.882353
0.882353
0.886275
0.890196
0.890196
0.890196
0.890196
0.894118
0.898039
0.901961
0.901961
0.901961
0.905882
0.905882
0.905882
0.905882
0.909804
0.913725
0.913725
0.913725
0.913725
0.909804
0.909804
0.905882
0.905882
0.898039
0.894118
0.890196
0.890196
0.886275
0.878431
0.878431
0.886275
0.886275
0.890196
0.890196
0.890196
0.890196
0.894118
0.894118
0.898039
0.898039
0.898039
0.898039
0.898039
0.901961
0.901961
0.901961
0.901961
0.909804
0.909804
0.909804
0.909804
0.909804
0.905882
0.909804
0.909804
0.901961
0.894118
0.894118
0.890196
0.886275
0.878431
0.878431
0.886275
0.886275
0.890196
0.890196
0.890196
0.890196
0.894118
0.894118
0.894118
0.894118
0.894118
0.894118
0.894118
0.898039
0.898039
0.898039
0.898039
0.901961
0.901961
0.901961
0.901961
0.901961
0.905882
0.905882
0.905882
0.898039
0.894118
0.894118
0.890196
0.882353
0.874510
0.878431
0.882353
0.886275
0.886275
0.886275
0.890196
0.890196
0.894118
0.894118
0.894118
0.890196
0.890196
0.890196
0.890196
0.890196
0.890196
0.890196
0.890196
0.894118
0.894118
0.894118
0.894118
0.898039
0.898039
0.898039
0.898039
0.894118
0.890196
0.890196
0.886275
0.882353
0.874510
0.878431
0.882353
0.886275
0.882353
0.878431
0.886275
0.890196
0.890196
0.894118
0.890196
0.886275
0.886275
0.886275
0.886275
0.882353
0.882353
0.882353
0.886275
0.890196
0.894118
0.894118
0.894118
0.890196
0.890196
0.890196
0.890196
0.890196
0.886275
0.886275
0.882353
0.878431
0.870588
0.870588
0.874510
0.874510
0.874510
0.870588
0.874510
0.882353
0.882353
0.886275
0.890196
0.894118
0.890196
0.890196
0.894118
0.886275
0.886275
0.890196
0.890196
0.890196
0.894118
0.894118
0.894118
0.890196
0.890196
0.890196
0.890196
0.886275
0.886275
0.882353
0.878431
0.870588
0.862745
0.862745
0.870588
0.870588
0.870588
0.870588
0.878431
0.882353
0.882353
0.882353
0.886275
0.894118
0.890196
0.890196
0.894118
0.886275
0.886275
0.890196
0.894118
0.890196
0.890196
0.890196
0.890196
0.890196
0.890196
0.890196
0.886275
0.886275
0.886275
0.882353
0.878431
0.862745
0.854902
0.854902
0.870588
0.878431
0.874510
0.874510
0.882353
0.890196
0.886275
0.886275
0.886275
0.886275
0.886275
0.882353
0.890196
0.886275
0.886275
0.886275
0.886275
0.886275
0.886275
0.886275
0.886275
0.886275
0.886275
0.882353
0.882353
0.882353
0.886275
0.882353
0.878431
0.854902
0.850980
0.850980
0.866667
0.874510
0.874510
0.874510
0.882353
0.886275
0.886275
0.886275
0.882353
0.878431
0.878431
0.878431
0.882353
0.882353
0.886275
0.886275
0.886275
0.890196
0.890196
0.886275
0.886275
0.882353
0.882353
0.882353
0.882353
0.882353
0.886275
0.882353
0.882353
0.827451
0.823529
0.835294
0.850980
0.858824
0.858824
0.862745
0.874510
0.882353
0.882353
0.886275
0.878431
0.870588
0.866667
0.866667
0.866667
0.870588
0.870588
0.878431
0.878431
0.882353
0.886275
0.886275
0.886275
0.878431
0.878431
0.882353
0.882353
0.882353
0.882353
0.882353
0.882353
0.756863
0.752941
0.760784
0.768627
0.772549
0.780392
0.788235
0.800000
0.811765
0.823529
0.827451
0.831373
0.843137
0.850980
0.854902
0.862745
0.870588
0.878431
0.882353
0.882353
0.886275
0.886275
0.886275
0.886275
0.882353
0.878431
0.878431
0.878431
0.878431
0.878431
0.878431
0.878431
0.709804
0.694118
0.701961
0.717647
0.725490
0.733333
0.733333
0.729412
0.745098
0.760784
0.764706
0.698039
0.603922
0.580392
0.580392
0.584314
0.600000
0.627451
0.654902
0.690196
0.733333
0.780392
0.819608
0.839216
0.839216
0.843137
0.843137
0.847059
0.854902
0.854902
0.858824
0.858824
0.670588
0.654902
0.662745
0.674510
0.690196
0.698039
0.701961
0.682353
0.690196
0.725490
0.666667
0.427451
0.349020
0.356863
0.364706
0.298039
0.180392
0.278431
0.356863
0.345098
0.356863
0.423529
0.670588
0.752941
0.741176
0.745098
0.741176
0.749020
0.760784
0.768627
0.768627
0.772549
0.709804
0.701961
0.705882
0.694118
0.698039
0.705882
0.705882
0.678431
0.678431
0.650980
0.439216
0.415686
0.564706
0.603922
0.615686
0.474510
0.254902
0.431373
0.600000
0.552941
0.498039
0.427451
0.627451
0.725490
0.705882
0.713725
0.713725
0.721569
0.721569
0.721569
0.717647
0.717647
0.737255
0.721569
0.733333
0.741176
0.745098
0.756863
0.745098
0.709804
0.713725
0.501961
0.435294
0.639216
0.686275
0.674510
0.611765
0.498039
0.545098
0.537255
0.584314
0.654902
0.596078
0.466667
0.627451
0.717647
0.721569
0.690196
0.698039
0.682353
0.686275
0.690196
0.694118
0.682353
0.694118
0.682353
0.717647
0.705882
0.729412
0.737255
0.741176
0.549020
0.435294
0.345098
0.576471
0.666667
0.662745
0.647059
0.513725
0.411765
0.556863
0.505882
0.470588
0.560784
0.529412
0.423529
0.647059
0.662745
0.709804
0.682353
0.662745
0.666667
0.666667
0.658824
0.647059
0.650980
0.666667
0.658824
0.658824
0.647059
0.670588
0.705882
0.701961
0.513725
0.447059
0.403922
0.443137
0.427451
0.443137
0.419608
0.364706
0.333333
0.360784
0.364706
0.282353
0.294118
0.321569
0.396078
0.603922
0.454902
0.564706
0.643137
0.674510
0.690196
0.650980
0.635294
0.635294
0.650980
0.678431
0.654902
0.666667
0.666667
0.674510
0.705882
0.694118
0.643137
0.647059
0.611765
0.552941
0.529412
0.513725
0.501961
0.498039
0.474510
0.435294
0.439216
0.431373
0.443137
0.462745
0.564706
0.454902
0.392157
0.627451
0.768627
0.850980
0.847059
0.713725
0.654902
0.635294
0.650980
0.666667
0.650980
0.678431
0.690196
0.729412
0.705882
0.517647
0.462745
0.447059
0.439216
0.439216
0.435294
0.427451
0.435294
0.450980
0.470588
0.454902
0.474510
0.509804
0.545098
0.658824
0.674510
0.541176
0.745098
0.870588
0.917647
0.921569
0.925490
0.772549
0.654902
0.639216
0.647059
0.694118
0.674510
0.678431
0.705882
0.760784
0.725490
0.443137
0.337255
0.341176
0.321569
0.286275
0.274510
0.290196
0.309804
0.325490
0.325490
0.333333
0.352941
0.431373
0.592157
0.729412
0.741176
0.811765
0.929412
0.901961
0.862745
0.854902
0.905882
0.831373
0.690196
0.694118
0.666667
0.745098
0.725490
0.725490
0.764706
0.788235
0.749020
0.576471
0.396078
0.200000
0.168627
0.239216
0.317647
0.184314
0.203922
0.227451
0.337255
0.454902
0.537255
0.615686
0.776471
0.792157
0.800000
0.878431
0.890196
0.866667
0.831373
0.823529
0.917647
0.878431
0.729412
0.709804
0.682353
0.709804
0.690196
0.690196
0.760784
0.756863
0.639216
0.482353
0.450980
0.192157
0.054902
0.211765
0.321569
0.062745
0.047059
0.145098
0.439216
0.533333
0.670588
0.760784
0.839216
0.839216
0.627451
0.619608
0.811765
0.756863
0.733333
0.741176
0.850980
0.839216
0.741176
0.709804
0.670588
0.713725
0.690196
0.686275
0.749020
0.698039
0.415686
0.388235
0.592157
0.615686
0.411765
0.439216
0.423529
0.372549
0.450980
0.552941
0.423529
0.392157
0.537255
0.772549
0.898039
0.890196
0.482353
0.341176
0.647059
0.627451
0.615686
0.643137
0.725490
0.486275
0.698039
0.756863
0.713725
0.772549
0.760784
0.764706
0.776471
0.650980
0.349020
0.337255
0.521569
0.572549
0.462745
0.549020
0.564706
0.572549
0.682353
0.662745
0.407843
0.443137
0.541176
0.717647
0.831373
0.835294
0.572549
0.415686
0.556863
0.568627
0.572549
0.600000
0.611765
0.337255
0.615686
0.733333
0.713725
0.760784
0.788235
0.815686
0.819608
0.521569
0.254902
0.172549
0.317647
0.250980
0.200000
0.254902
0.274510
0.305882
0.368627
0.466667
0.321569
0.333333
0.423529
0.560784
0.658824
0.682353
0.592157
0.517647
0.525490
0.545098
0.572549
0.588235
0.572549
0.474510
0.529412
0.603922
0.639216
0.741176
0.768627
0.796078
0.800000
0.411765
0.247059
0.121569
0.258824
0.164706
0.019608
0.015686
0.011765
0.019608
0.117647
0.380392
0.184314
0.152941
0.294118
0.407843
0.564706
0.564706
0.568627
0.533333
0.568627
0.639216
0.686275
0.686275
0.556863
0.572549
0.580392
0.615686
0.658824
0.733333
0.725490
0.760784
0.752941
0.341176
0.290196
0.211765
0.227451
0.250980
0.207843
0.160784
0.156863
0.152941
0.227451
0.364706
0.192157
0.203922
0.333333
0.403922
0.600000
0.529412
0.611765
0.611765
0.627451
0.627451
0.600000
0.568627
0.458824
0.631373
0.733333
0.721569
0.717647
0.764706
0.792157
0.843137
0.870588
0.345098
0.082353
0.066667
0.047059
0.078431
0.121569
0.121569
0.129412
0.141176
0.129412
0.141176
0.156863
0.176471
0.227451
0.309804
0.376471
0.447059
0.690196
0.623529
0.435294
0.368627
0.341176
0.290196
0.337255
0.682353
0.694118
0.678431
0.682353
0.752941
0.784314
0.800000
0.835294
0.427451
0.000000
0.035294
0.035294
0.262745
0.517647
0.490196
0.470588
0.286275
0.039216
0.082353
0.227451
0.290196
0.282353
0.215686
0.062745
0.298039
0.705882
0.572549
0.309804
0.247059
0.141176
0.047059
0.262745
0.698039
0.611765
0.627451
0.643137
0.713725
0.694118
0.690196
0.705882
0.529412
0.043137
0.023529
0.086275
0.470588
0.725490
0.717647
0.749020
0.486275
0.031373
0.113725
0.584314
0.850980
0.811765
0.525490
0.027451
0.231373
0.705882
0.682353
0.600000
0.556863
0.341176
0.000000
0.207843
0.701961
0.678431
0.674510
0.698039
0.807843
0.788235
0.776471
0.752941
0.705882
0.474510
0.388235
0.423529
0.556863
0.549020
0.513725
0.505882
0.435294
0.262745
0.250980
0.486275
0.596078
0.615686
0.501961
0.109804
0.121569
0.494118
0.631373
0.658824
0.643137
0.533333
0.094118
0.105882
0.537255
0.631373
0.662745
0.670588
0.886275
0.874510
0.866667
0.854902
0.831373
0.823529
0.823529
0.811765
0.803922
0.796078
0.776471
0.768627
0.752941
0.729412
0.705882
0.674510
0.643137
0.619608
0.592157
0.498039
0.447059
0.529412
0.643137
0.666667
0.666667
0.639216
0.478431
0.403922
0.545098
0.647059
0.662745
0.666667
0.878431
0.870588
0.874510
0.878431
0.882353
0.886275
0.890196
0.890196
0.890196
0.890196
0.894118
0.890196
0.886275
0.886275
0.886275
0.890196
0.894118
0.894118
0.894118
0.894118
0.894118
0.894118
0.894118
0.890196
0.886275
0.886275
0.886275
0.882353
0.890196
0.894118
0.890196
0.890196
0.882353
0.874510
0.874510
0.882353
0.886275
0.890196
0.890196
0.890196
0.890196
0.894118
0.894118
0.894118
0.894118
0.894118
0.894118
0.894118
0.898039
0.898039
0.898039
0.898039
0.894118
0.894118
0.894118
0.894118
0.890196
0.886275
0.890196
0.890196
0.894118
0.898039
0.894118
0.890196
0.882353
0.874510
0.874510
0.882353
0.886275
0.890196
0.890196
0.890196
0.890196
0.894118
0.894118
0.894118
0.894118
0.894118
0.894118
0.894118
0.894118
0.894118
0.894118
0.894118
0.890196
0.890196
0.890196
0.890196
0.894118
0.894118
0.894118
0.894118
0.894118
0.894118
0.894118
0.890196
0.878431
0.870588
0.874510
0.882353
0.886275
0.886275
0.886275
0.890196
0.890196
0.894118
0.894118
0.894118
0.894118
0.894118
0.894118
0.894118
0.894118
0.894118
0.894118
0.894118
0.890196
0.890196
0.890196
0.890196
0.894118
0.894118
0.894118
0.894118
0.894118
0.890196
0.890196
0.886275
0.882353
0.870588
0.874510
0.882353
0.886275
0.882353
0.882353
0.886275
0.890196
0.890196
0.894118
0.894118
0.898039
0.898039
0.898039
0.898039
0.894118
0.894118
0.894118
0.894118
0.894118
0.890196
0.890196
0.890196
0.890196
0.890196
0.890196
0.890196
0.890196
0.886275
0.886275
0.882353
0.886275
0.878431
0.878431
0.886275
0.886275
0.886275
0.882353
0.886275
0.890196
0.890196
0.894118
0.890196
0.890196
0.890196
0.890196
0.894118
0.894118
0.894118
0.898039
0.898039
0.894118
0.894118
0.894118
0.894118
0.894118
0.894118
0.890196
0.890196
0.886275
0.882353
0.878431
0.874510
0.886275
0.878431
0.882353
0.882353
0.886275
0.886275
0.886275
0.886275
0.886275
0.886275
0.886275
0.886275
0.886275
0.886275
0.882353
0.890196
0.890196
0.890196
0.894118
0.894118
0.890196
0.890196
0.890196
0.890196
0.890196
0.890196
0.886275
0.886275
0.882353
0.882353
0.878431
0.874510
0.882353
0.874510
0.874510
0.874510
0.874510
0.878431
0.874510
0.878431
0.882353
0.882353
0.878431
0.882353
0.886275
0.886275
0.882353
0.890196
0.886275
0.890196
0.890196
0.890196
0.886275
0.886275
0.886275
0.886275
0.886275
0.886275
0.882353
0.882353
0.882353
0.882353
0.878431
0.874510
0.882353
0.874510
0.874510
0.878431
0.878431
0.874510
0.874510
0.878431
0.878431
0.874510
0.874510
0.878431
0.886275
0.886275
0.886275
0.886275
0.886275
0.890196
0.890196
0.890196
0.890196
0.890196
0.886275
0.886275
0.882353
0.882353
0.882353
0.882353
0.882353
0.882353
0.878431
0.878431
0.858824
0.858824
0.866667
0.874510
0.874510
0.874510
0.878431
0.882353
0.882353
0.882353
0.886275
0.886275
0.882353
0.878431
0.878431
0.878431
0.878431
0.878431
0.882353
0.882353
0.882353
0.886275
0.886275
0.886275
0.878431
0.878431
0.882353
0.882353
0.878431
0.878431
0.878431
0.878431
0.792157
0.788235
0.800000
0.807843
0.811765
0.815686
0.827451
0.831373
0.835294
0.847059
0.850980
0.854902
0.862745
0.870588
0.874510
0.882353
0.874510
0.882353
0.890196
0.886275
0.886275
0.886275
0.886275
0.886275
0.882353
0.878431
0.878431
0.878431
0.878431
0.874510
0.874510
0.874510
0.756863
0.741176
0.749020
0.764706
0.776471
0.784314
0.784314
0.780392
0.788235
0.796078
0.803922
0.752941
0.662745
0.643137
0.643137
0.643137
0.650980
0.674510
0.701961
0.737255
0.768627
0.807843
0.839216
0.850980
0.858824
0.862745
0.862745
0.866667
0.866667
0.870588
0.870588
0.870588
0.725490
0.705882
0.713725
0.725490
0.741176
0.749020
0.752941
0.745098
0.749020
0.764706
0.717647
0.509804
0.450980
0.454902
0.462745
0.396078
0.274510
0.368627
0.447059
0.439216
0.450980
0.505882
0.725490
0.788235
0.780392
0.788235
0.784314
0.792157
0.800000
0.803922
0.803922
0.807843
0.760784
0.749020
0.756863
0.745098
0.749020
0.760784
0.756863
0.745098
0.745098
0.701961
0.501961
0.498039
0.654902
0.690196
0.701961
0.560784
0.333333
0.505882
0.674510
0.639216
0.619608
0.537255
0.694118
0.764706
0.745098
0.756863
0.756863
0.764706
0.760784
0.760784
0.756863
0.752941
0.788235
0.772549
0.784314
0.792157
0.796078
0.807843
0.796078
0.784314
0.796078
0.564706
0.513725
0.729412
0.768627
0.752941
0.690196
0.576471
0.615686
0.607843
0.654902
0.729412
0.705882
0.556863
0.674510
0.733333
0.752941
0.733333
0.737255
0.725490
0.729412
0.733333
0.737255
0.729412
0.745098
0.733333
0.768627
0.756863
0.780392
0.788235
0.792157
0.631373
0.533333
0.423529
0.666667
0.768627
0.749020
0.733333
0.596078
0.490196
0.631373
0.580392
0.541176
0.639216
0.607843
0.486275
0.682353
0.678431
0.745098
0.725490
0.705882
0.705882
0.713725
0.709804
0.701961
0.701961
0.717647
0.709804
0.709804
0.694118
0.721569
0.756863
0.749020
0.600000
0.556863
0.494118
0.545098
0.537255
0.537255
0.513725
0.458824
0.427451
0.443137
0.450980
0.368627
0.376471
0.403922
0.478431
0.690196
0.537255
0.623529
0.686275
0.717647
0.733333
0.701961
0.686275
0.690196
0.705882
0.737255
0.713725
0.725490
0.725490
0.729412
0.752941
0.760784
0.752941
0.768627
0.721569
0.670588
0.654902
0.635294
0.619608
0.603922
0.580392
0.556863
0.552941
0.537255
0.541176
0.564706
0.666667
0.560784
0.498039
0.682353
0.796078
0.874510
0.870588
0.752941
0.709804
0.694118
0.713725
0.737255
0.717647
0.749020
0.760784
0.776471
0.749020
0.611765
0.600000
0.592157
0.580392
0.588235
0.588235
0.588235
0.584314
0.580392
0.592157
0.607843
0.611765
0.623529
0.647059
0.756863
0.760784
0.603922
0.788235
0.890196
0.921569
0.921569
0.917647
0.792157
0.701961
0.694118
0.713725
0.764706
0.745098
0.749020
0.768627
0.800000
0.768627
0.541176
0.474510
0.482353
0.470588
0.447059
0.447059
0.458824
0.462745
0.470588
0.462745
0.458824
0.462745
0.525490
0.674510
0.811765
0.803922
0.843137
0.933333
0.901961
0.858824
0.843137
0.882353
0.843137
0.737255
0.749020
0.729412
0.803922
0.784314
0.784314
0.811765
0.827451
0.803922
0.686275
0.505882
0.274510
0.254902
0.349020
0.443137
0.290196
0.301961
0.325490
0.450980
0.545098
0.611765
0.670588
0.823529
0.847059
0.839216
0.886275
0.874510
0.858824
0.831373
0.815686
0.898039
0.890196
0.772549
0.752941
0.741176
0.756863
0.737255
0.737255
0.803922
0.807843
0.725490
0.619608
0.545098
0.227451
0.090196
0.258824
0.376471
0.098039
0.078431
0.196078
0.537255
0.619608
0.729412
0.784314
0.843137
0.858824
0.647059
0.623529
0.807843
0.768627
0.749020
0.749020
0.847059
0.850980
0.772549
0.749020
0.717647
0.756863
0.737255
0.729412
0.796078
0.768627
0.541176
0.556863
0.713725
0.674510
0.462745
0.474510
0.458824
0.415686
0.482353
0.627451
0.560784
0.509804
0.603922
0.768627
0.850980
0.870588
0.486275
0.356863
0.682353
0.666667
0.658824
0.674510
0.749020
0.505882
0.725490
0.792157
0.756863
0.811765
0.803922
0.807843
0.819608
0.729412
0.486275
0.517647
0.674510
0.670588
0.529412
0.596078
0.619608
0.631373
0.733333
0.768627
0.576471
0.580392
0.615686
0.717647
0.784314
0.803922
0.564706
0.435294
0.611765
0.635294
0.631373
0.650980
0.647059
0.356863
0.643137
0.772549
0.760784
0.800000
0.823529
0.850980
0.843137
0.584314
0.380392
0.321569
0.466667
0.341176
0.243137
0.301961
0.337255
0.356863
0.419608
0.564706
0.474510
0.458824
0.509804
0.596078
0.658824
0.674510
0.572549
0.517647
0.580392
0.611765
0.635294
0.643137
0.592157
0.486275
0.564706
0.662745
0.698039
0.780392
0.807843
0.831373
0.827451
0.466667
0.360784
0.250980
0.400000
0.258824
0.070588
0.078431
0.090196
0.082353
0.184314
0.494118
0.333333
0.274510
0.384314
0.466667
0.596078
0.572549
0.549020
0.525490
0.615686
0.701961
0.745098
0.737255
0.572549
0.584314
0.619608
0.678431
0.717647
0.768627
0.760784
0.796078
0.784314
0.400000
0.392157
0.321569
0.352941
0.364706
0.286275
0.243137
0.254902
0.243137
0.329412
0.486275
0.329412
0.309804
0.423529
0.474510
0.654902
0.549020
0.592157
0.600000
0.666667
0.686275
0.658824
0.619608
0.474510
0.635294
0.764706
0.772549
0.764706
0.800000
0.827451
0.874510
0.905882
0.407843
0.164706
0.149020
0.133333
0.168627
0.200000
0.200000
0.219608
0.235294
0.235294
0.243137
0.247059
0.254902
0.301961
0.384314
0.447059
0.482353
0.682353
0.611765
0.462745
0.423529
0.400000
0.341176
0.352941
0.682353
0.717647
0.725490
0.725490
0.788235
0.819608
0.835294
0.874510
0.490196
0.062745
0.086275
0.070588
0.305882
0.560784
0.537255
0.525490
0.352941
0.117647
0.145098
0.258824
0.329412
0.329412
0.278431
0.133333
0.341176
0.701961
0.556863
0.333333
0.298039
0.188235
0.090196
0.278431
0.694118
0.631373
0.670588
0.682353
0.745098
0.729412
0.721569
0.745098
0.592157
0.105882
0.058824
0.101961
0.482353
0.745098
0.741176
0.768627
0.521569
0.078431
0.129412
0.572549
0.858824
0.839216
0.572549
0.086275
0.274510
0.705882
0.670588
0.615686
0.603922
0.388235
0.023529
0.223529
0.701961
0.698039
0.713725
0.733333
0.811765
0.792157
0.780392
0.772549
0.745098
0.509804
0.415686
0.443137
0.580392
0.572549
0.537255
0.521569
0.443137
0.274510
0.254902
0.478431
0.596078
0.623529
0.513725
0.125490
0.133333
0.494118
0.627451
0.662745
0.666667
0.560784
0.113725
0.117647
0.556863
0.666667
0.701961
0.709804
0.886275
0.870588
0.866667
0.862745
0.843137
0.835294
0.835294
0.827451
0.815686
0.807843
0.792157
0.780392
0.752941
0.729412
0.705882
0.674510
0.643137
0.619608
0.592157
0.498039
0.447059
0.529412
0.643137
0.666667
0.674510
0.654902
0.490196
0.411765
0.564706
0.666667
0.682353
0.690196
0.901961
0.894118
0.898039
0.894118
0.890196
0.894118
0.898039
0.898039
0.898039
0.898039
0.901961
0.901961
0.901961
0.901961
0.901961
0.901961
0.898039
0.898039
0.898039
0.898039
0.898039
0.898039
0.898039
0.898039
0.901961
0.901961
0.901961
0.898039
0.901961
0.901961
0.898039
0.898039
0.905882
0.898039
0.898039
0.898039
0.894118
0.898039
0.898039
0.898039
0.898039
0.901961
0.901961
0.901961
0.901961
0.901961
0.901961
0.901961
0.905882
0.905882
0.905882
0.905882
0.905882
0.905882
0.905882
0.905882
0.905882
0.901961
0.905882
0.905882
0.905882
0.905882
0.901961
0.898039
0.905882
0.898039
0.898039
0.898039
0.894118
0.898039
0.898039
0.898039
0.898039
0.901961
0.901961
0.901961
0.901961
0.901961
0.901961
0.905882
0.909804
0.909804
0.909804
0.909804
0.909804
0.909804
0.909804
0.909804
0.905882
0.905882
0.905882
0.905882
0.905882
0.901961
0.901961
0.898039
0.905882
0.894118
0.898039
0.898039
0.894118
0.894118
0.894118
0.898039
0.898039
0.901961
0.901961
0.901961
0.901961
0.901961
0.901961
0.901961
0.909804
0.909804
0.909804
0.909804
0.909804
0.909804
0.909804
0.909804
0.905882
0.901961
0.905882
0.905882
0.901961
0.898039
0.898039
0.894118
0.901961
0.894118
0.898039
0.898039
0.894118
0.890196
0.890196
0.894118
0.898039
0.898039
0.901961
0.901961
0.901961
0.901961
0.901961
0.905882
0.913725
0.913725
0.913725
0.913725
0.913725
0.913725
0.913725
0.913725
0.901961
0.898039
0.898039
0.898039
0.898039
0.894118
0.894118
0.890196
0.901961
0.894118
0.894118
0.894118
0.890196
0.890196
0.890196
0.894118
0.894118
0.898039
0.898039
0.901961
0.909804
0.909804
0.909804
0.913725
0.913725
0.913725
0.917647
0.913725
0.909804
0.905882
0.905882
0.905882
0.901961
0.901961
0.898039
0.898039
0.898039
0.901961
0.898039
0.894118
0.898039
0.890196
0.894118
0.890196
0.890196
0.890196
0.890196
0.890196
0.894118
0.894118
0.894118
0.901961
0.909804
0.909804
0.909804
0.913725
0.909804
0.909804
0.913725
0.913725
0.901961
0.898039
0.898039
0.898039
0.898039
0.898039
0.894118
0.894118
0.901961
0.905882
0.901961
0.898039
0.898039
0.890196
0.890196
0.890196
0.886275
0.890196
0.886275
0.894118
0.898039
0.894118
0.890196
0.898039
0.905882
0.905882
0.905882
0.909804
0.905882
0.909804
0.909804
0.909804
0.898039
0.894118
0.894118
0.894118
0.894118
0.894118
0.890196
0.886275
0.898039
0.905882
0.901961
0.898039
0.901961
0.894118
0.898039
0.898039
0.898039
0.894118
0.894118
0.898039
0.901961
0.901961
0.898039
0.901961
0.905882
0.905882
0.905882
0.905882
0.905882
0.909804
0.909804
0.909804
0.901961
0.898039
0.894118
0.894118
0.890196
0.890196
0.890196
0.886275
0.898039
0.905882
0.901961
0.901961
0.886275
0.882353
0.894118
0.898039
0.898039
0.898039
0.901961
0.909804
0.909804
0.913725
0.913725
0.909804
0.901961
0.898039
0.898039
0.898039
0.898039
0.898039
0.901961
0.901961
0.894118
0.894118
0.894118
0.894118
0.886275
0.886275
0.890196
0.890196
0.898039
0.901961
0.901961
0.901961
0.823529
0.815686
0.827451
0.827451
0.831373
0.835294
0.847059
0.850980
0.858824
0.870588
0.874510
0.878431
0.882353
0.886275
0.894118
0.898039
0.894118
0.901961
0.909804
0.909804
0.898039
0.894118
0.894118
0.894118
0.890196
0.886275
0.886275
0.886275
0.894118
0.898039
0.898039
0.898039
0.788235
0.772549
0.780392
0.792157
0.800000
0.807843
0.803922
0.803922
0.815686
0.823529
0.831373
0.780392
0.701961
0.682353
0.682353
0.682353
0.690196
0.713725
0.741176
0.772549
0.796078
0.827451
0.858824
0.870588
0.874510
0.878431
0.882353
0.882353
0.886275
0.886275
0.890196
0.890196
0.756863
0.737255
0.745098
0.756863
0.772549
0.784314
0.784314
0.772549
0.776471
0.800000
0.749020
0.545098
0.501961
0.509804
0.517647
0.450980
0.321569
0.415686
0.494118
0.486275
0.498039
0.549020
0.768627
0.827451
0.807843
0.811765
0.807843
0.815686
0.815686
0.811765
0.811765
0.815686
0.796078
0.780392
0.788235
0.776471
0.780392
0.792157
0.788235
0.772549
0.772549
0.733333
0.529412
0.521569
0.678431
0.717647
0.729412
0.584314
0.352941
0.529412
0.698039
0.662745
0.658824
0.584314
0.749020
0.819608
0.776471
0.780392
0.780392
0.788235
0.780392
0.776471
0.776471
0.772549
0.819608
0.803922
0.815686
0.823529
0.827451
0.839216
0.827451
0.811765
0.823529
0.600000
0.545098
0.749020
0.776471
0.760784
0.698039
0.584314
0.619608
0.611765
0.658824
0.737255
0.721569
0.584314
0.701961
0.764706
0.780392
0.756863
0.764706
0.749020
0.752941
0.756863
0.760784
0.752941
0.776471
0.764706
0.800000
0.788235
0.811765
0.819608
0.823529
0.662745
0.568627
0.462745
0.705882
0.796078
0.764706
0.752941
0.615686
0.509804
0.647059
0.592157
0.556863
0.650980
0.611765
0.490196
0.686275
0.682353
0.760784
0.749020
0.729412
0.729412
0.741176
0.737255
0.729412
0.729412
0.752941
0.741176
0.741176
0.725490
0.752941
0.788235
0.780392
0.627451
0.588235
0.533333
0.580392
0.572549
0.584314
0.560784
0.505882
0.470588
0.482353
0.486275
0.407843
0.415686
0.443137
0.513725
0.713725
0.552941
0.643137
0.709804
0.741176
0.756863
0.733333
0.721569
0.721569
0.737255
0.764706
0.737255
0.752941
0.756863
0.752941
0.784314
0.811765
0.811765
0.819608
0.776471
0.721569
0.709804
0.709804
0.698039
0.682353
0.654902
0.627451
0.623529
0.603922
0.607843
0.631373
0.725490
0.600000
0.525490
0.705882
0.815686
0.894118
0.882353
0.776471
0.745098
0.729412
0.749020
0.752941
0.733333
0.764706
0.788235
0.792157
0.772549
0.694118
0.701961
0.678431
0.674510
0.678431
0.682353
0.690196
0.694118
0.686275
0.690196
0.698039
0.705882
0.709804
0.725490
0.815686
0.800000
0.623529
0.796078
0.898039
0.929412
0.921569
0.909804
0.800000
0.733333
0.729412
0.752941
0.780392
0.760784
0.764706
0.784314
0.807843
0.788235
0.615686
0.568627
0.568627
0.568627
0.552941
0.552941
0.560784
0.572549
0.580392
0.568627
0.529412
0.529412
0.592157
0.737255
0.854902
0.831373
0.843137
0.917647
0.894118
0.854902
0.831373
0.866667
0.847059
0.760784
0.780392
0.768627
0.823529
0.803922
0.803922
0.823529
0.831373
0.827451
0.752941
0.572549
0.321569
0.313725
0.423529
0.517647
0.352941
0.356863
0.396078
0.525490
0.592157
0.654902
0.709804
0.854902
0.870588
0.847059
0.870588
0.843137
0.843137
0.823529
0.800000
0.874510
0.886275
0.788235
0.780392
0.772549
0.780392
0.760784
0.760784
0.815686
0.819608
0.760784
0.690196
0.592157
0.235294
0.105882
0.282353
0.403922
0.109804
0.078431
0.219608
0.580392
0.662745
0.760784
0.796078
0.843137
0.854902
0.635294
0.603922
0.780392
0.756863
0.745098
0.737255
0.827451
0.847059
0.788235
0.772549
0.749020
0.784314
0.760784
0.752941
0.815686
0.800000
0.600000
0.639216
0.768627
0.698039
0.478431
0.478431
0.470588
0.423529
0.474510
0.643137
0.619608
0.576471
0.635294
0.760784
0.823529
0.839216
0.462745
0.349020
0.682353
0.678431
0.666667
0.678431
0.745098
0.505882
0.737255
0.803922
0.776471
0.835294
0.827451
0.827451
0.843137
0.768627
0.549020
0.596078
0.745098
0.721569
0.560784
0.607843
0.635294
0.654902
0.745098
0.803922
0.650980
0.650980
0.650980
0.709804
0.745098
0.764706
0.537255
0.435294
0.631373
0.650980
0.647059
0.662745
0.647059
0.356863
0.654902
0.792157
0.780392
0.819608
0.843137
0.870588
0.870588
0.611765
0.415686
0.372549
0.521569
0.376471
0.250980
0.298039
0.329412
0.349020
0.435294
0.607843
0.529412
0.501961
0.537255
0.603922
0.650980
0.662745
0.560784
0.509804
0.584314
0.611765
0.639216
0.647059
0.584314
0.482353
0.584314
0.694118
0.729412
0.800000
0.823529
0.850980
0.847059
0.486275
0.380392
0.286275
0.443137
0.286275
0.074510
0.074510
0.078431
0.070588
0.200000
0.529412
0.372549
0.313725
0.415686
0.486275
0.603922
0.568627
0.537255
0.517647
0.615686
0.698039
0.745098
0.741176
0.564706
0.572549
0.635294
0.713725
0.749020
0.788235
0.780392
0.815686
0.800000
0.411765
0.403922
0.345098
0.384314
0.388235
0.301961
0.250980
0.250980
0.243137
0.341176
0.509804
0.360784
0.352941
0.458824
0.501961
0.670588
0.545098
0.580392
0.596078
0.674510
0.686275
0.658824
0.627451
0.466667
0.627451
0.780392
0.803922
0.792157
0.819608
0.847059
0.894118
0.917647
0.411765
0.168627
0.160784
0.145098
0.184314
0.219608
0.211765
0.219608
0.239216
0.235294
0.247059
0.258824
0.286275
0.329412
0.407843
0.462745
0.470588
0.666667
0.603922
0.470588
0.423529
0.403922
0.349020
0.341176
0.670588
0.725490
0.749020
0.745098
0.807843
0.839216
0.854902
0.886275
0.486275
0.054902
0.086275
0.066667
0.305882
0.580392
0.545098
0.521569
0.352941
0.105882
0.125490
0.250980
0.345098
0.341176
0.286275
0.137255
0.329412
0.682353
0.552941
0.345098
0.298039
0.192157
0.098039
0.266667
0.678431
0.635294
0.694118
0.698039
0.768627
0.749020
0.745098
0.756863
0.588235
0.094118
0.054902
0.086275
0.470588
0.756863
0.741176
0.760784
0.521569
0.058824
0.098039
0.549020
0.858824
0.839216
0.572549
0.078431
0.258824
0.686275
0.662745
0.627451
0.603922
0.388235
0.027451
0.215686
0.686275
0.698039
0.729412
0.745098
0.839216
0.819608
0.807843
0.792157
0.756863
0.521569
0.427451
0.443137
0.568627
0.572549
0.533333
0.513725
0.443137
0.266667
0.243137
0.470588
0.588235
0.615686
0.509804
0.117647
0.129412
0.490196
0.623529
0.666667
0.662745
0.556863
0.113725
0.113725
0.549020
0.662745
0.705882
0.709804
0.901961
0.886275
0.882353
0.874510
0.854902
0.847059
0.843137
0.831373
0.811765
0.803922
0.788235
0.776471
0.752941
0.729412
0.705882
0.674510
0.635294
0.611765
0.584314
0.490196
0.447059
0.529412
0.643137
0.666667
0.670588
0.650980
0.486275
0.407843
0.564706
0.670588
0.682353
0.690196
