0.039216
0.078431
0.129412
0.164706
0.207843
0.254902
0.274510
0.258824
0.207843
0.188235
0.235294
0.266667
0.274510
0.215686
0.176471
0.203922
0.235294
0.274510
0.305882
0.321569
0.294118
0.243137
0.207843
0.211765
0.239216
0.223529
0.188235
0.172549
0.200000
0.250980
0.309804
0.376471
0.039216
0.094118
0.152941
0.200000
0.239216
0.250980
0.247059
0.235294
0.203922
0.192157
0.211765
0.254902
0.282353
0.239216
0.203922
0.219608
0.247059
0.278431
0.278431
0.262745
0.247059
0.200000
0.160784
0.176471
0.207843
0.184314
0.180392
0.219608
0.262745
0.309804
0.352941
0.419608
0.074510
0.172549
0.349020
0.505882
0.560784
0.431373
0.274510
0.219608
0.192157
0.184314
0.196078
0.250980
0.294118
0.278431
0.258824
0.262745
0.282353
0.282353
0.247059
0.207843
0.188235
0.149020
0.129412
0.149020
0.172549
0.188235
0.211765
0.266667
0.317647
0.360784
0.376471
0.407843
0.156863
0.454902
0.792157
0.866667
0.847059
0.831373
0.521569
0.219608
0.176471
0.172549
0.200000
0.262745
0.305882
0.313725
0.313725
0.321569
0.333333
0.278431
0.215686
0.176471
0.145098
0.109804
0.101961
0.133333
0.180392
0.231373
0.247059
0.286275
0.317647
0.345098
0.345098
0.352941
0.639216
0.858824
0.945098
0.925490
0.843137
0.929412
0.827451
0.372549
0.164706
0.137255
0.180392
0.266667
0.317647
0.329412
0.345098
0.356863
0.352941
0.290196
0.200000
0.145098
0.113725
0.105882
0.109804
0.137255
0.188235
0.235294
0.254902
0.282353
0.305882
0.329412
0.325490
0.301961
0.980392
0.976471
0.878431
0.878431
0.788235
0.815686
0.866667
0.760784
0.431373
0.156863
0.160784
0.231373
0.286275
0.317647
0.352941
0.364706
0.356863
0.298039
0.188235
0.133333
0.129412
0.137255
0.152941
0.160784
0.192157
0.235294
0.254902
0.270588
0.294118
0.329412
0.333333
0.298039
0.937255
0.964706
0.909804
0.843137
0.745098
0.729412
0.847059
0.901961
0.815686
0.427451
0.180392
0.203922
0.243137
0.286275
0.341176
0.356863
0.349020
0.290196
0.192157
0.149020
0.156863
0.172549
0.188235
0.180392
0.188235
0.223529
0.250980
0.278431
0.305882
0.337255
0.352941
0.333333
0.952941
0.905882
0.898039
0.803922
0.654902
0.682353
0.831373
0.847059
0.819608
0.666667
0.345098
0.223529
0.243137
0.282353
0.321569
0.313725
0.298039
0.258824
0.203922
0.160784
0.172549
0.200000
0.196078
0.172549
0.168627
0.207843
0.243137
0.239216
0.227451
0.266667
0.349020
0.380392
0.866667
0.819608
0.768627
0.592157
0.470588
0.592157
0.705882
0.760784
0.749020
0.780392
0.760784
0.517647
0.325490
0.317647
0.309804
0.254902
0.235294
0.223529
0.196078
0.180392
0.200000
0.215686
0.192157
0.160784
0.176471
0.180392
0.133333
0.090196
0.101961
0.203922
0.380392
0.435294
0.894118
0.835294
0.756863
0.501961
0.392157
0.525490
0.615686
0.733333
0.788235
0.890196
0.980392
0.776471
0.400000
0.345098
0.317647
0.235294
0.211765
0.215686
0.200000
0.207843
0.223529
0.239216
0.223529
0.184314
0.121569
0.066667
0.086275
0.137255
0.203922
0.349020
0.482353
0.474510
0.952941
0.870588
0.831373
0.647059
0.560784
0.584314
0.623529
0.698039
0.713725
0.764706
0.815686
0.631373
0.372549
0.329412
0.282353
0.239216
0.219608
0.227451
0.207843
0.207843
0.239216
0.274510
0.243137
0.125490
0.066667
0.133333
0.203922
0.239216
0.325490
0.462745
0.529412
0.498039
0.964706
0.898039
0.882353
0.643137
0.537255
0.611765
0.631373
0.662745
0.600000
0.521569
0.525490
0.458824
0.333333
0.462745
0.392157
0.286275
0.262745
0.219608
0.188235
0.200000
0.266667
0.243137
0.117647
0.066667
0.121569
0.192157
0.250980
0.305882
0.419608
0.501961
0.490196
0.466667
0.854902
0.839216
0.854902
0.733333
0.643137
0.729412
0.729412
0.796078
0.850980
0.764706
0.580392
0.674510
0.580392
0.552941
0.639216
0.443137
0.262745
0.215686
0.188235
0.211765
0.215686
0.152941
0.129412
0.109804
0.160784
0.227451
0.286275
0.329412
0.403922
0.435294
0.419608
0.396078
0.670588
0.886275
0.898039
0.803922
0.725490
0.764706
0.760784
0.784314
0.850980
0.905882
0.725490
0.494118
0.756863
0.831373
0.764706
0.694118
0.490196
0.341176
0.262745
0.176471
0.137255
0.243137
0.235294
0.243137
0.301961
0.333333
0.356863
0.407843
0.403922
0.360784
0.341176
0.329412
0.694118
0.949020
0.917647
0.807843
0.784314
0.854902
0.827451
0.815686
0.788235
0.874510
0.858824
0.384314
0.333333
0.768627
0.905882
0.898039
0.901961
0.662745
0.419608
0.341176
0.419608
0.423529
0.368627
0.384314
0.356863
0.313725
0.356863
0.403922
0.364706
0.329412
0.309804
0.301961
0.647059
0.949020
0.941176
0.819608
0.839216
0.905882
0.874510
0.901961
0.866667
0.890196
0.843137
0.388235
0.180392
0.333333
0.682353
0.905882
0.941176
0.819608
0.690196
0.658824
0.717647
0.584314
0.454902
0.396078
0.301961
0.278431
0.349020
0.368627
0.356863
0.341176
0.313725
0.301961
0.431373
0.862745
0.933333
0.874510
0.933333
0.898039
0.901961
0.945098
0.968627
0.945098
0.674510
0.321569
0.223529
0.231373
0.274510
0.600000
0.874510
0.796078
0.792157
0.823529
0.780392
0.623529
0.423529
0.317647
0.298039
0.321569
0.333333
0.349020
0.356863
0.345098
0.321569
0.301961
0.196078
0.513725
0.752941
0.913725
0.980392
0.898039
0.866667
0.917647
0.976471
0.811765
0.427451
0.254902
0.215686
0.235294
0.196078
0.274510
0.631373
0.784314
0.823529
0.901961
0.764706
0.533333
0.329412
0.207843
0.270588
0.345098
0.325490
0.337255
0.333333
0.313725
0.313725
0.301961
0.160784
0.219608
0.356863
0.541176
0.713725
0.784314
0.603922
0.752941
0.878431
0.580392
0.301961
0.215686
0.168627
0.160784
0.180392
0.203922
0.356863
0.694118
0.843137
0.854902
0.741176
0.509804
0.403922
0.325490
0.243137
0.262745
0.337255
0.368627
0.313725
0.274510
0.290196
0.301961
0.196078
0.231373
0.203922
0.215686
0.286275
0.313725
0.223529
0.360784
0.478431
0.380392
0.258824
0.184314
0.125490
0.133333
0.176471
0.203922
0.262745
0.411765
0.662745
0.784314
0.788235
0.682353
0.588235
0.545098
0.419608
0.266667
0.270588
0.352941
0.313725
0.247059
0.254902
0.301961
0.109804
0.176471
0.219608
0.239216
0.243137
0.156863
0.184314
0.239216
0.266667
0.274510
0.203922
0.160784
0.113725
0.121569
0.168627
0.219608
0.266667
0.274510
0.325490
0.494118
0.674510
0.713725
0.737255
0.690196
0.682353
0.623529
0.407843
0.262745
0.278431
0.243137
0.239216
0.301961
0.113725
0.117647
0.309804
0.309804
0.164706
0.137255
0.184314
0.203922
0.196078
0.152941
0.109804
0.105882
0.109804
0.137255
0.188235
0.243137
0.274510
0.278431
0.258824
0.266667
0.333333
0.376471
0.560784
0.717647
0.670588
0.698039
0.650980
0.447059
0.298039
0.262745
0.258824
0.290196
0.149020
0.145098
0.423529
0.294118
0.133333
0.172549
0.164706
0.133333
0.090196
0.054902
0.066667
0.105882
0.141176
0.164706
0.219608
0.286275
0.301961
0.278431
0.254902
0.254902
0.219608
0.172549
0.215686
0.309804
0.317647
0.349020
0.458824
0.533333
0.419608
0.250980
0.227451
0.262745
0.176471
0.192157
0.439216
0.207843
0.141176
0.160784
0.145098
0.101961
0.054902
0.043137
0.086275
0.125490
0.168627
0.203922
0.258824
0.309804
0.313725
0.278431
0.239216
0.243137
0.215686
0.176471
0.176471
0.235294
0.278431
0.250980
0.211765
0.231373
0.258824
0.200000
0.152941
0.219608
0.184314
0.254902
0.403922
0.176471
0.152941
0.141176
0.113725
0.074510
0.050980
0.054902
0.094118
0.145098
0.200000
0.247059
0.290196
0.309804
0.301961
0.270588
0.231373
0.235294
0.203922
0.176471
0.180392
0.239216
0.278431
0.254902
0.203922
0.168627
0.164706
0.184314
0.184314
0.196078
0.196078
0.290196
0.329412
0.160784
0.168627
0.125490
0.082353
0.050980
0.039216
0.050980
0.086275
0.145098
0.196078
0.258824
0.290196
0.298039
0.290196
0.250980
0.207843
0.203922
0.184314
0.160784
0.168627
0.211765
0.231373
0.239216
0.239216
0.227451
0.231373
0.239216
0.227451
0.200000
0.121569
0.254902
0.262745
0.164706
0.180392
0.117647
0.070588
0.039216
0.031373
0.047059
0.066667
0.101961
0.152941
0.223529
0.278431
0.282353
0.254902
0.219608
0.184314
0.160784
0.164706
0.156863
0.168627
0.200000
0.219608
0.239216
0.243137
0.274510
0.309804
0.313725
0.278431
0.215686
0.109804
0.243137
0.203922
0.172549
0.168627
0.117647
0.066667
0.043137
0.047059
0.058824
0.054902
0.066667
0.117647
0.192157
0.239216
0.247059
0.215686
0.168627
0.137255
0.133333
0.133333
0.133333
0.164706
0.196078
0.211765
0.219608
0.215686
0.262745
0.321569
0.345098
0.313725
0.239216
0.176471
0.235294
0.180392
0.184314
0.149020
0.105882
0.054902
0.035294
0.047059
0.054902
0.035294
0.035294
0.066667
0.141176
0.203922
0.215686
0.184314
0.129412
0.109804
0.133333
0.137255
0.129412
0.164706
0.203922
0.215686
0.203922
0.172549
0.203922
0.286275
0.356863
0.352941
0.282353
0.200000
0.172549
0.184314
0.180392
0.129412
0.074510
0.027451
0.015686
0.031373
0.043137
0.031373
0.043137
0.058824
0.109804
0.164706
0.172549
0.145098
0.109804
0.105882
0.137255
0.152941
0.145098
0.152941
0.207843
0.219608
0.188235
0.129412
0.145098
0.270588
0.392157
0.419608
0.345098
0.180392
0.133333
0.188235
0.176471
0.117647
0.050980
0.007843
0.000000
0.023529
0.047059
0.054902
0.070588
0.086275
0.109804
0.129412
0.133333
0.125490
0.101961
0.094118
0.129412
0.156863
0.156863
0.149020
0.184314
0.207843
0.172549
0.129412
0.168627
0.333333
0.462745
0.494118
0.427451
0.235294
0.180392
0.184314
0.180392
0.121569
0.043137
0.000000
0.011765
0.050980
0.086275
0.109804
0.113725
0.117647
0.113725
0.113725
0.133333
0.137255
0.105882
0.086275
0.117647
0.145098
0.156863
0.168627
0.180392
0.172549
0.141176
0.156863
0.247059
0.407843
0.529412
0.545098
0.498039
0.239216
0.309804
0.364706
0.384314
0.419608
0.474510
0.513725
0.501961
0.435294
0.396078
0.435294
0.466667
0.466667
0.396078
0.349020
0.380392
0.411765
0.439216
0.462745
0.474510
0.439216
0.376471
0.329412
0.325490
0.352941
0.337255
0.321569
0.345098
0.400000
0.423529
0.431373
0.431373
0.243137
0.309804
0.352941
0.356863
0.392157
0.447059
0.494118
0.490196
0.423529
0.376471
0.392157
0.415686
0.419608
0.364706
0.341176
0.407843
0.462745
0.505882
0.498039
0.466667
0.400000
0.309804
0.243137
0.239216
0.254902
0.231373
0.266667
0.356863
0.443137
0.482353
0.486275
0.458824
0.219608
0.262745
0.352941
0.415686
0.470588
0.439216
0.419608
0.447059
0.403922
0.360784
0.352941
0.368627
0.368627
0.349020
0.352941
0.423529
0.501961
0.529412
0.490196
0.427451
0.349020
0.254902
0.200000
0.180392
0.172549
0.188235
0.270588
0.396078
0.498039
0.549020
0.537255
0.486275
0.207843
0.364706
0.533333
0.462745
0.431373
0.572549
0.501961
0.384314
0.392157
0.364706
0.337255
0.341176
0.337255
0.341176
0.368627
0.447059
0.521569
0.513725
0.450980
0.376471
0.301961
0.235294
0.180392
0.156863
0.156863
0.211765
0.305882
0.419608
0.517647
0.564706
0.549020
0.498039
0.486275
0.603922
0.580392
0.396078
0.231373
0.454902
0.607843
0.376471
0.337255
0.368627
0.337255
0.325490
0.305882
0.329412
0.403922
0.482353
0.533333
0.501961
0.415686
0.329412
0.290196
0.266667
0.211765
0.180392
0.192157
0.254902
0.349020
0.435294
0.513725
0.552941
0.541176
0.509804
0.654902
0.627451
0.478431
0.309804
0.109804
0.219608
0.419608
0.490196
0.400000
0.309804
0.301961
0.278431
0.262745
0.309804
0.411765
0.505882
0.541176
0.498039
0.392157
0.321569
0.317647
0.317647
0.278431
0.247059
0.262745
0.329412
0.400000
0.450980
0.505882
0.541176
0.537255
0.509804
0.537255
0.529412
0.396078
0.164706
0.031373
0.082353
0.203922
0.333333
0.458824
0.321569
0.219608
0.219608
0.231373
0.282353
0.380392
0.474510
0.513725
0.482353
0.392157
0.341176
0.341176
0.345098
0.341176
0.321569
0.329412
0.376471
0.431373
0.474510
0.509804
0.525490
0.517647
0.490196
0.486275
0.360784
0.266667
0.125490
0.011765
0.043137
0.098039
0.094118
0.207843
0.301961
0.192157
0.149020
0.219608
0.286275
0.341176
0.403922
0.447059
0.443137
0.400000
0.352941
0.352941
0.372549
0.376471
0.356863
0.349020
0.380392
0.411765
0.403922
0.380392
0.376471
0.423529
0.435294
0.345098
0.164706
0.070588
0.047059
0.011765
0.054902
0.058824
0.019608
0.035294
0.215686
0.396078
0.313725
0.262745
0.321569
0.325490
0.329412
0.368627
0.392157
0.388235
0.372549
0.376471
0.392157
0.384314
0.352941
0.345098
0.317647
0.239216
0.172549
0.156863
0.207843
0.341176
0.372549
0.392157
0.180392
0.039216
0.023529
0.039216
0.050980
0.043137
0.031373
0.047059
0.235294
0.509804
0.505882
0.329412
0.356863
0.325490
0.301961
0.333333
0.376471
0.388235
0.403922
0.419608
0.427451
0.403922
0.341176
0.235294
0.145098
0.145098
0.172549
0.192157
0.266667
0.349020
0.337255
0.494118
0.321569
0.121569
0.101961
0.184314
0.121569
0.094118
0.090196
0.109804
0.250980
0.431373
0.439216
0.360784
0.376471
0.309804
0.309804
0.333333
0.372549
0.392157
0.415686
0.450980
0.466667
0.376471
0.203922
0.109804
0.172549
0.243137
0.266667
0.305882
0.364706
0.372549
0.360784
0.490196
0.341176
0.203922
0.090196
0.094118
0.094118
0.098039
0.117647
0.121569
0.160784
0.278431
0.372549
0.345098
0.509804
0.470588
0.364706
0.360784
0.360784
0.368627
0.415686
0.454902
0.368627
0.188235
0.090196
0.133333
0.192157
0.243137
0.313725
0.423529
0.462745
0.407843
0.415686
0.470588
0.290196
0.180392
0.082353
0.035294
0.054902
0.035294
0.074510
0.176471
0.250980
0.337255
0.639216
0.580392
0.537255
0.694118
0.509804
0.333333
0.325490
0.337255
0.384314
0.333333
0.192157
0.133333
0.090196
0.137255
0.200000
0.258824
0.352941
0.466667
0.494118
0.454902
0.454902
0.384314
0.364706
0.258824
0.082353
0.047059
0.113725
0.066667
0.035294
0.125490
0.298039
0.403922
0.498039
0.807843
0.792157
0.772549
0.745098
0.541176
0.403922
0.333333
0.254902
0.172549
0.223529
0.200000
0.200000
0.270588
0.317647
0.364706
0.486275
0.549020
0.517647
0.482353
0.486275
0.403922
0.427451
0.352941
0.133333
0.098039
0.200000
0.176471
0.129412
0.152941
0.329412
0.509804
0.454902
0.505882
0.788235
0.917647
0.945098
0.937255
0.686275
0.423529
0.329412
0.396078
0.384314
0.313725
0.341176
0.341176
0.333333
0.427451
0.549020
0.576471
0.552941
0.513725
0.509804
0.411765
0.419608
0.388235
0.211765
0.188235
0.282353
0.298039
0.274510
0.254902
0.396078
0.525490
0.474510
0.403922
0.427451
0.729412
0.960784
0.976471
0.823529
0.682353
0.654902
0.705882
0.541176
0.392157
0.360784
0.329412
0.376471
0.498039
0.549020
0.564706
0.560784
0.529412
0.529412
0.325490
0.490196
0.486275
0.337255
0.345098
0.352941
0.321569
0.392157
0.494118
0.498039
0.513725
0.458824
0.427451
0.341176
0.352941
0.662745
0.901961
0.792157
0.784314
0.831373
0.772549
0.576471
0.364706
0.298039
0.356863
0.466667
0.537255
0.560784
0.568627
0.552941
0.525490
0.529412
0.254902
0.415686
0.533333
0.549020
0.521569
0.458824
0.407843
0.466667
0.564706
0.513725
0.494118
0.470588
0.400000
0.345098
0.298039
0.345098
0.666667
0.792157
0.823529
0.905882
0.756863
0.501961
0.305882
0.219608
0.345098
0.494118
0.545098
0.564706
0.552941
0.521569
0.517647
0.529412
0.329412
0.333333
0.368627
0.431373
0.458824
0.482353
0.411765
0.474510
0.505882
0.482353
0.501961
0.439216
0.345098
0.290196
0.286275
0.286275
0.419608
0.749020
0.874510
0.874510
0.737255
0.501961
0.419608
0.380392
0.329412
0.396078
0.517647
0.564706
0.513725
0.478431
0.498039
0.533333
0.392157
0.423529
0.356863
0.356863
0.368627
0.380392
0.360784
0.447059
0.517647
0.501961
0.447059
0.364706
0.298039
0.282353
0.266667
0.286275
0.364706
0.521569
0.745098
0.827451
0.792157
0.682353
0.631373
0.635294
0.533333
0.388235
0.384314
0.490196
0.482353
0.447059
0.478431
0.533333
0.290196
0.376471
0.419608
0.458824
0.447059
0.349020
0.368627
0.431373
0.482353
0.439216
0.376471
0.333333
0.294118
0.286275
0.290196
0.345098
0.419608
0.443137
0.470588
0.603922
0.725490
0.721569
0.745098
0.713725
0.741176
0.705882
0.501961
0.364706
0.411765
0.431373
0.466667
0.525490
0.286275
0.313725
0.509804
0.501961
0.333333
0.301961
0.345098
0.368627
0.360784
0.325490
0.301961
0.294118
0.286275
0.301961
0.349020
0.407843
0.462745
0.478431
0.450980
0.431373
0.462745
0.458824
0.596078
0.745098
0.737255
0.796078
0.745098
0.521569
0.380392
0.388235
0.431373
0.474510
0.305882
0.325490
0.607843
0.466667
0.298039
0.337255
0.329412
0.298039
0.254902
0.223529
0.239216
0.274510
0.301961
0.321569
0.372549
0.447059
0.486275
0.478431
0.443137
0.423529
0.396078
0.352941
0.364706
0.450980
0.486275
0.529412
0.588235
0.635294
0.505882
0.345098
0.341176
0.415686
0.313725
0.352941
0.607843
0.364706
0.301961
0.325490
0.309804
0.262745
0.215686
0.203922
0.243137
0.278431
0.317647
0.341176
0.396078
0.462745
0.486275
0.466667
0.419608
0.403922
0.388235
0.360784
0.345098
0.403922
0.458824
0.447059
0.423529
0.435294
0.447059
0.368627
0.301961
0.364706
0.309804
0.403922
0.556863
0.317647
0.305882
0.305882
0.278431
0.235294
0.207843
0.203922
0.235294
0.282353
0.325490
0.368627
0.407843
0.450980
0.466667
0.443137
0.400000
0.388235
0.364706
0.356863
0.356863
0.415686
0.454902
0.443137
0.427451
0.411765
0.407843
0.403922
0.368627
0.337255
0.305882
0.435294
0.470588
0.286275
0.313725
0.290196
0.247059
0.215686
0.203922
0.211765
0.235294
0.286275
0.333333
0.384314
0.415686
0.443137
0.450980
0.415686
0.372549
0.356863
0.349020
0.352941
0.372549
0.415686
0.427451
0.419608
0.415686
0.427451
0.450980
0.439216
0.392157
0.325490
0.207843
0.415686
0.396078
0.274510
0.313725
0.282353
0.239216
0.215686
0.215686
0.235294
0.250980
0.278431
0.317647
0.376471
0.423529
0.439216
0.423529
0.384314
0.349020
0.325490
0.329412
0.337255
0.364706
0.396078
0.392157
0.392157
0.400000
0.450980
0.498039
0.490196
0.427451
0.321569
0.211765
0.415686
0.349020
0.301961
0.317647
0.278431
0.235294
0.219608
0.231373
0.250980
0.247059
0.254902
0.290196
0.349020
0.392157
0.415686
0.388235
0.341176
0.309804
0.301961
0.321569
0.341176
0.372549
0.388235
0.364706
0.352941
0.368627
0.431373
0.494118
0.498039
0.431373
0.301961
0.298039
0.415686
0.341176
0.341176
0.317647
0.266667
0.223529
0.215686
0.231373
0.247059
0.239216
0.227451
0.247059
0.305882
0.360784
0.388235
0.364706
0.305882
0.290196
0.309804
0.341176
0.364706
0.388235
0.400000
0.360784
0.333333
0.321569
0.360784
0.431373
0.466667
0.415686
0.290196
0.352941
0.364706
0.356863
0.372549
0.317647
0.239216
0.196078
0.192157
0.215686
0.239216
0.243137
0.243137
0.247059
0.278431
0.329412
0.356863
0.337255
0.301961
0.294118
0.321569
0.356863
0.372549
0.380392
0.411765
0.388235
0.333333
0.278431
0.290196
0.392157
0.462745
0.435294
0.321569
0.352941
0.337255
0.372549
0.384314
0.313725
0.211765
0.172549
0.176471
0.207843
0.247059
0.270588
0.282353
0.278431
0.282353
0.298039
0.317647
0.321569
0.294118
0.282353
0.317647
0.352941
0.364706
0.368627
0.403922
0.411765
0.345098
0.278431
0.301961
0.427451
0.498039
0.474510
0.396078
0.447059
0.407843
0.400000
0.380392
0.305882
0.207843
0.160784
0.188235
0.247059
0.294118
0.321569
0.321569
0.309804
0.290196
0.286275
0.298039
0.301961
0.266667
0.250980
0.286275
0.325490
0.352941
0.364706
0.376471
0.388235
0.341176
0.290196
0.329412
0.431373
0.501961
0.486275
0.454902
0.023529
0.054902
0.098039
0.137255
0.168627
0.200000
0.223529
0.219608
0.184314
0.168627
0.196078
0.215686
0.215686
0.168627
0.149020
0.168627
0.188235
0.207843
0.219608
0.227451
0.207843
0.172549
0.156863
0.164706
0.184314
0.156863
0.129412
0.109804
0.129412
0.152941
0.188235
0.231373
0.035294
0.047059
0.098039
0.172549
0.203922
0.200000
0.211765
0.207843
0.172549
0.156863
0.168627
0.184314
0.188235
0.152941
0.141176
0.180392
0.215686
0.254902
0.243137
0.215686
0.188235
0.145098
0.113725
0.129412
0.141176
0.105882
0.113725
0.149020
0.176471
0.200000
0.223529
0.254902
0.054902
0.117647
0.262745
0.403922
0.450980
0.341176
0.239216
0.215686
0.172549
0.152941
0.152941
0.160784
0.160784
0.141176
0.152941
0.192157
0.243137
0.266667
0.235294
0.184314
0.149020
0.105882
0.090196
0.094118
0.090196
0.090196
0.125490
0.188235
0.231373
0.262745
0.270588
0.274510
0.109804
0.400000
0.678431
0.654902
0.619608
0.686275
0.474510
0.235294
0.184314
0.156863
0.152941
0.152941
0.141176
0.145098
0.172549
0.215686
0.266667
0.250980
0.203922
0.149020
0.105882
0.074510
0.058824
0.066667
0.078431
0.105882
0.133333
0.192157
0.247059
0.286275
0.286275
0.270588
0.564706
0.807843
0.823529
0.623529
0.450980
0.643137
0.709804
0.352941
0.164706
0.125490
0.149020
0.164706
0.152941
0.156863
0.203922
0.250980
0.286275
0.254902
0.180392
0.113725
0.078431
0.066667
0.050980
0.054902
0.086275
0.125490
0.149020
0.192157
0.247059
0.290196
0.294118
0.274510
0.882353
0.886275
0.698039
0.478431
0.227451
0.337255
0.592157
0.631373
0.396078
0.160784
0.125490
0.129412
0.125490
0.152941
0.215686
0.274510
0.301961
0.258824
0.164706
0.105882
0.101961
0.098039
0.082353
0.066667
0.098039
0.145098
0.164706
0.196078
0.243137
0.286275
0.298039
0.282353
0.780392
0.756863
0.580392
0.321569
0.109804
0.137255
0.368627
0.545098
0.619608
0.349020
0.101961
0.078431
0.082353
0.121569
0.200000
0.258824
0.282353
0.247059
0.164706
0.121569
0.129412
0.137255
0.129412
0.101961
0.101961
0.129412
0.152941
0.203922
0.258824
0.290196
0.298039
0.282353
0.725490
0.541176
0.407843
0.235294
0.066667
0.086275
0.200000
0.231373
0.321569
0.352941
0.192157
0.078431
0.078431
0.117647
0.168627
0.196078
0.219608
0.207843
0.172549
0.133333
0.141176
0.164706
0.152941
0.117647
0.101961
0.125490
0.168627
0.192157
0.196078
0.207843
0.247059
0.262745
0.552941
0.301961
0.164706
0.098039
0.043137
0.086275
0.082353
0.058824
0.090196
0.321569
0.552941
0.352941
0.164706
0.152941
0.137255
0.121569
0.145098
0.164706
0.164706
0.152941
0.164706
0.176471
0.164706
0.129412
0.129412
0.125490
0.109804
0.090196
0.090196
0.125490
0.227451
0.247059
0.588235
0.305882
0.117647
0.047059
0.039216
0.062745
0.054902
0.078431
0.152941
0.435294
0.764706
0.619608
0.250980
0.192157
0.160784
0.113725
0.121569
0.149020
0.156863
0.176471
0.188235
0.196078
0.192157
0.160784
0.098039
0.050980
0.098039
0.164706
0.200000
0.239216
0.270588
0.227451
0.752941
0.494118
0.231373
0.149020
0.176471
0.137255
0.156863
0.172549
0.223529
0.423529
0.635294
0.529412
0.286275
0.235294
0.207843
0.168627
0.137255
0.145098
0.145098
0.168627
0.203922
0.231373
0.196078
0.101961
0.062745
0.141176
0.219608
0.266667
0.305882
0.313725
0.262745
0.227451
0.780392
0.576471
0.364706
0.176471
0.129412
0.152941
0.192157
0.211765
0.243137
0.309804
0.396078
0.419608
0.329412
0.454902
0.388235
0.250980
0.200000
0.152941
0.125490
0.160784
0.243137
0.211765
0.086275
0.047059
0.125490
0.211765
0.270588
0.325490
0.392157
0.364706
0.254902
0.243137
0.670588
0.521569
0.352941
0.184314
0.098039
0.141176
0.141176
0.184314
0.337255
0.439216
0.431373
0.643137
0.603922
0.580392
0.654902
0.431373
0.223529
0.164706
0.145098
0.184314
0.203922
0.145098
0.113725
0.101961
0.172549
0.250980
0.313725
0.345098
0.372549
0.329412
0.254902
0.243137
0.482353
0.584314
0.431373
0.196078
0.125490
0.196078
0.149020
0.105882
0.250980
0.509804
0.541176
0.431373
0.768627
0.854902
0.780392
0.698039
0.478431
0.309804
0.239216
0.168627
0.145098
0.247059
0.231373
0.243137
0.321569
0.364706
0.380392
0.407843
0.364706
0.286275
0.247059
0.239216
0.509804
0.698039
0.564706
0.266667
0.231373
0.356863
0.290196
0.211765
0.266667
0.549020
0.698039
0.325490
0.345098
0.792157
0.925490
0.917647
0.909804
0.650980
0.411765
0.356863
0.435294
0.427451
0.368627
0.396078
0.384314
0.349020
0.372549
0.384314
0.317647
0.274510
0.254902
0.243137
0.494118
0.713725
0.647059
0.360784
0.333333
0.466667
0.450980
0.447059
0.462745
0.627451
0.694118
0.364706
0.180392
0.298039
0.670588
0.949020
0.976471
0.823529
0.701961
0.705882
0.741176
0.580392
0.470588
0.427451
0.329412
0.298039
0.345098
0.333333
0.301961
0.286275
0.270588
0.258824
0.349020
0.698039
0.729412
0.552941
0.564706
0.564706
0.545098
0.627451
0.741176
0.729412
0.549020
0.298039
0.180392
0.149020
0.243137
0.611765
0.898039
0.827451
0.831373
0.866667
0.831373
0.682353
0.470588
0.341176
0.294118
0.301961
0.313725
0.309804
0.305882
0.290196
0.274510
0.262745
0.164706
0.423529
0.639216
0.749020
0.776471
0.698039
0.639216
0.694118
0.811765
0.670588
0.356863
0.215686
0.141176
0.149020
0.152941
0.227451
0.623529
0.843137
0.894118
0.929412
0.803922
0.600000
0.368627
0.223529
0.274510
0.345098
0.309804
0.305882
0.286275
0.262745
0.278431
0.266667
0.125490
0.168627
0.290196
0.454902
0.584314
0.639216
0.501961
0.576471
0.654902
0.490196
0.266667
0.172549
0.109804
0.098039
0.125490
0.133333
0.333333
0.752941
0.917647
0.901961
0.756863
0.505882
0.388235
0.325490
0.282353
0.317647
0.341176
0.345098
0.274510
0.235294
0.258824
0.266667
0.184314
0.243137
0.196078
0.203922
0.270588
0.305882
0.227451
0.301961
0.388235
0.325490
0.219608
0.149020
0.109804
0.113725
0.113725
0.141176
0.235294
0.439216
0.729412
0.870588
0.847059
0.686275
0.552941
0.501961
0.407843
0.290196
0.286275
0.345098
0.282353
0.215686
0.227451
0.262745
0.109804
0.207843
0.239216
0.254902
0.254902
0.164706
0.160784
0.203922
0.239216
0.219608
0.164706
0.137255
0.109804
0.109804
0.125490
0.176471
0.239216
0.270588
0.356863
0.572549
0.756863
0.752941
0.725490
0.650980
0.662745
0.627451
0.423529
0.270588
0.270588
0.211765
0.192157
0.254902
0.101961
0.121569
0.317647
0.313725
0.149020
0.113725
0.152941
0.172549
0.164706
0.121569
0.086275
0.082353
0.082353
0.105882
0.152941
0.200000
0.235294
0.250980
0.258824
0.294118
0.384314
0.419608
0.572549
0.725490
0.705882
0.745098
0.678431
0.482353
0.325490
0.254902
0.215686
0.239216
0.129412
0.141176
0.419608
0.286275
0.113725
0.145098
0.141176
0.113725
0.070588
0.035294
0.035294
0.066667
0.094118
0.113725
0.160784
0.215686
0.243137
0.239216
0.235294
0.247059
0.243137
0.203922
0.227451
0.317647
0.341176
0.388235
0.501961
0.588235
0.474510
0.282353
0.231373
0.227451
0.141176
0.172549
0.427451
0.188235
0.113725
0.129412
0.121569
0.090196
0.050980
0.035294
0.050980
0.078431
0.109804
0.125490
0.168627
0.223529
0.243137
0.239216
0.207843
0.200000
0.184314
0.152941
0.145098
0.203922
0.250980
0.243137
0.235294
0.274510
0.305882
0.235294
0.168627
0.200000
0.141176
0.231373
0.380392
0.145098
0.113725
0.105882
0.094118
0.070588
0.062745
0.058824
0.054902
0.082353
0.113725
0.141176
0.172549
0.211765
0.243137
0.243137
0.203922
0.180392
0.149020
0.137255
0.141176
0.196078
0.239216
0.219608
0.192157
0.172549
0.180392
0.192157
0.176471
0.176471
0.137255
0.254902
0.290196
0.113725
0.129412
0.098039
0.066667
0.050980
0.058824
0.062745
0.058824
0.094118
0.121569
0.152941
0.172549
0.211765
0.243137
0.231373
0.188235
0.160784
0.141176
0.141176
0.152941
0.196078
0.207843
0.203922
0.196078
0.192157
0.207843
0.211765
0.192157
0.168627
0.043137
0.203922
0.192157
0.090196
0.137255
0.105882
0.062745
0.039216
0.039216
0.062745
0.078431
0.094118
0.109804
0.145098
0.180392
0.211765
0.215686
0.184314
0.152941
0.137255
0.137255
0.141176
0.156863
0.180392
0.180392
0.176471
0.168627
0.200000
0.235294
0.243137
0.215686
0.160784
0.043137
0.200000
0.133333
0.105882
0.137255
0.105882
0.058824
0.039216
0.050980
0.070588
0.074510
0.070588
0.086275
0.125490
0.160784
0.192157
0.172549
0.133333
0.109804
0.109804
0.125490
0.137255
0.160784
0.172549
0.156863
0.145098
0.141176
0.180392
0.231373
0.250980
0.219608
0.156863
0.121569
0.196078
0.121569
0.137255
0.133333
0.094118
0.047059
0.035294
0.050980
0.066667
0.058824
0.043137
0.050980
0.098039
0.145098
0.168627
0.149020
0.098039
0.086275
0.113725
0.141176
0.149020
0.172549
0.184314
0.156863
0.129412
0.109804
0.121569
0.176471
0.227451
0.211765
0.156863
0.164706
0.141176
0.133333
0.156863
0.125490
0.062745
0.019608
0.015686
0.035294
0.054902
0.054902
0.054902
0.054902
0.082353
0.129412
0.137255
0.117647
0.086275
0.090196
0.125490
0.156863
0.160784
0.164706
0.192157
0.176471
0.129412
0.074510
0.066667
0.145098
0.227451
0.231373
0.176471
0.156863
0.109804
0.145098
0.160784
0.117647
0.043137
0.000000
0.000000
0.027451
0.058824
0.074510
0.086275
0.090196
0.098039
0.109804
0.105882
0.101961
0.082353
0.082353
0.121569
0.152941
0.160784
0.152941
0.180392
0.188235
0.137255
0.086275
0.086275
0.192157
0.270588
0.274510
0.227451
0.247059
0.184314
0.168627
0.149020
0.105882
0.047059
0.007843
0.023529
0.062745
0.086275
0.098039
0.101961
0.105882
0.105882
0.105882
0.121569
0.129412
0.105882
0.082353
0.101961
0.137255
0.152941
0.149020
0.156863
0.172549
0.141176
0.101961
0.125490
0.211765
0.286275
0.282353
0.266667
