0.729412
0.792157
0.800000
0.796078
0.780392
0.776471
0.780392
0.776471
0.780392
0.784314
0.788235
0.788235
0.788235
0.788235
0.784314
0.780392
0.784314
0.776471
0.772549
0.776471
0.788235
0.800000
0.792157
0.780392
0.780392
0.780392
0.780392
0.780392
0.780392
0.784314
0.776471
0.800000
0.819608
0.835294
0.588235
0.568627
0.556863
0.580392
0.635294
0.623529
0.576471
0.560784
0.533333
0.529412
0.549020
0.533333
0.529412
0.556863
0.588235
0.580392
0.576471
0.596078
0.564706
0.537255
0.549020
0.568627
0.572549
0.560784
0.552941
0.576471
0.643137
0.690196
0.898039
1.000000
0.835294
0.662745
0.188235
0.152941
0.125490
0.125490
0.200000
0.203922
0.105882
0.070588
0.062745
0.082353
0.090196
0.129412
0.207843
0.282353
0.262745
0.164706
0.156863
0.172549
0.168627
0.227451
0.243137
0.215686
0.223529
0.207843
0.160784
0.172549
0.266667
0.337255
0.745098
0.984314
0.815686
0.650980
0.207843
0.184314
0.121569
0.152941
0.207843
0.211765
0.243137
0.231373
0.188235
0.258824
0.262745
0.203922
0.203922
0.439216
0.364706
0.219608
0.243137
0.294118
0.329412
0.494118
0.403922
0.290196
0.333333
0.309804
0.290196
0.380392
0.368627
0.403922
0.780392
0.988235
0.811765
0.643137
0.180392
0.180392
0.176471
0.258824
0.235294
0.254902
0.349020
0.317647
0.219608
0.341176
0.345098
0.298039
0.403922
0.600000
0.368627
0.184314
0.239216
0.356863
0.333333
0.266667
0.356863
0.415686
0.427451
0.450980
0.435294
0.427451
0.400000
0.345098
0.717647
0.984314
0.811765
0.682353
0.203922
0.184314
0.235294
0.290196
0.286275
0.356863
0.329412
0.337255
0.298039
0.352941
0.392157
0.447059
0.643137
0.729412
0.513725
0.360784
0.329412
0.376471
0.443137
0.521569
0.588235
0.478431
0.368627
0.372549
0.380392
0.384314
0.388235
0.321569
0.698039
0.984314
0.823529
0.721569
0.317647
0.290196
0.250980
0.270588
0.262745
0.349020
0.345098
0.345098
0.392157
0.400000
0.403922
0.509804
0.647059
0.796078
0.733333
0.705882
0.596078
0.470588
0.494118
0.592157
0.564706
0.415686
0.337255
0.352941
0.298039
0.298039
0.262745
0.227451
0.690196
0.988235
0.819608
0.756863
0.450980
0.447059
0.388235
0.356863
0.364706
0.505882
0.592157
0.501961
0.466667
0.462745
0.407843
0.458824
0.635294
0.772549
0.678431
0.513725
0.698039
0.760784
0.662745
0.584314
0.423529
0.337255
0.333333
0.298039
0.247059
0.274510
0.219608
0.196078
0.662745
0.980392
0.796078
0.780392
0.490196
0.498039
0.517647
0.482353
0.549020
0.596078
0.596078
0.541176
0.462745
0.447059
0.474510
0.572549
0.701961
0.745098
0.733333
0.674510
0.831373
0.937255
0.827451
0.576471
0.368627
0.313725
0.254902
0.254902
0.223529
0.282353
0.321569
0.274510
0.670588
0.984314
0.811765
0.854902
0.537255
0.505882
0.564706
0.545098
0.572549
0.513725
0.443137
0.380392
0.341176
0.380392
0.427451
0.545098
0.564706
0.537255
0.643137
0.721569
0.776471
0.749020
0.501961
0.223529
0.188235
0.243137
0.172549
0.203922
0.266667
0.266667
0.239216
0.278431
0.686275
0.992157
0.811765
0.870588
0.560784
0.400000
0.474510
0.529412
0.462745
0.384314
0.317647
0.286275
0.294118
0.349020
0.384314
0.423529
0.415686
0.415686
0.592157
0.631373
0.635294
0.592157
0.427451
0.235294
0.235294
0.227451
0.172549
0.176471
0.211765
0.243137
0.184314
0.200000
0.650980
0.984314
0.788235
0.792157
0.431373
0.282353
0.360784
0.458824
0.329412
0.278431
0.258824
0.235294
0.239216
0.266667
0.298039
0.392157
0.549020
0.721569
0.878431
0.905882
0.886275
0.835294
0.827451
0.705882
0.545098
0.360784
0.164706
0.094118
0.125490
0.231373
0.176471
0.125490
0.631373
0.984314
0.803922
0.756863
0.298039
0.250980
0.313725
0.298039
0.207843
0.203922
0.207843
0.180392
0.156863
0.152941
0.231373
0.407843
0.509804
0.650980
0.772549
0.847059
0.858824
0.796078
0.803922
0.745098
0.568627
0.349020
0.149020
0.137255
0.188235
0.176471
0.156863
0.184314
0.666667
0.996078
0.811765
0.760784
0.329412
0.364706
0.376471
0.235294
0.156863
0.188235
0.231373
0.223529
0.141176
0.125490
0.266667
0.454902
0.572549
0.552941
0.666667
0.764706
0.745098
0.662745
0.729412
0.662745
0.384314
0.301961
0.223529
0.180392
0.215686
0.149020
0.156863
0.219608
0.670588
0.988235
0.807843
0.764706
0.356863
0.317647
0.301961
0.235294
0.133333
0.137255
0.219608
0.231373
0.152941
0.094118
0.239216
0.411765
0.560784
0.494118
0.494118
0.592157
0.619608
0.682353
0.698039
0.650980
0.301961
0.250980
0.215686
0.168627
0.254902
0.152941
0.101961
0.145098
0.631373
0.980392
0.792157
0.768627
0.317647
0.223529
0.258824
0.239216
0.137255
0.074510
0.105882
0.101961
0.074510
0.027451
0.109804
0.317647
0.470588
0.380392
0.294118
0.337255
0.403922
0.576471
0.631373
0.635294
0.423529
0.337255
0.266667
0.215686
0.192157
0.168627
0.141176
0.133333
0.639216
0.984314
0.792157
0.768627
0.341176
0.262745
0.431373
0.466667
0.309804
0.211765
0.168627
0.239216
0.321569
0.309804
0.200000
0.278431
0.462745
0.376471
0.219608
0.164706
0.294118
0.388235
0.525490
0.627451
0.443137
0.360784
0.349020
0.349020
0.298039
0.243137
0.196078
0.184314
0.674510
0.988235
0.803922
0.760784
0.419608
0.305882
0.435294
0.572549
0.501961
0.509804
0.411765
0.478431
0.572549
0.627451
0.494118
0.325490
0.450980
0.454902
0.305882
0.294118
0.282353
0.364706
0.435294
0.682353
0.450980
0.380392
0.400000
0.345098
0.407843
0.427451
0.325490
0.247059
0.698039
0.992157
0.800000
0.788235
0.474510
0.380392
0.396078
0.443137
0.545098
0.670588
0.454902
0.400000
0.529412
0.533333
0.490196
0.388235
0.466667
0.462745
0.352941
0.435294
0.364706
0.243137
0.317647
0.674510
0.568627
0.396078
0.423529
0.325490
0.345098
0.431373
0.478431
0.486275
0.800000
0.984314
0.729412
0.749020
0.392157
0.333333
0.368627
0.419608
0.650980
0.733333
0.478431
0.396078
0.474510
0.454902
0.478431
0.490196
0.568627
0.454902
0.329412
0.368627
0.533333
0.352941
0.247059
0.552941
0.650980
0.317647
0.372549
0.392157
0.349020
0.380392
0.486275
0.450980
0.749020
0.960784
0.733333
0.733333
0.329412
0.305882
0.333333
0.392157
0.678431
0.694118
0.443137
0.423529
0.482353
0.494118
0.478431
0.486275
0.643137
0.560784
0.392157
0.403922
0.509804
0.556863
0.364706
0.396078
0.623529
0.407843
0.305882
0.325490
0.345098
0.356863
0.396078
0.384314
0.698039
0.960784
0.784314
0.729412
0.333333
0.349020
0.337255
0.352941
0.541176
0.549020
0.388235
0.403922
0.450980
0.478431
0.478431
0.403922
0.576471
0.584314
0.470588
0.439216
0.474510
0.537255
0.435294
0.360784
0.580392
0.458824
0.305882
0.286275
0.282353
0.294118
0.290196
0.384314
0.760784
0.980392
0.752941
0.713725
0.294118
0.298039
0.278431
0.305882
0.450980
0.427451
0.321569
0.325490
0.392157
0.415686
0.431373
0.349020
0.454902
0.521569
0.462745
0.490196
0.521569
0.474510
0.384314
0.360784
0.501961
0.450980
0.333333
0.321569
0.313725
0.235294
0.223529
0.321569
0.741176
0.988235
0.694118
0.741176
0.298039
0.258824
0.282353
0.321569
0.388235
0.325490
0.290196
0.282353
0.349020
0.349020
0.349020
0.352941
0.415686
0.513725
0.443137
0.470588
0.529412
0.400000
0.321569
0.364706
0.462745
0.400000
0.317647
0.333333
0.313725
0.239216
0.254902
0.400000
0.756863
0.980392
0.713725
0.701961
0.243137
0.176471
0.227451
0.349020
0.266667
0.219608
0.282353
0.282353
0.290196
0.266667
0.250980
0.325490
0.352941
0.415686
0.372549
0.396078
0.474510
0.337255
0.294118
0.309804
0.392157
0.345098
0.223529
0.203922
0.180392
0.200000
0.215686
0.278431
0.690196
0.972549
0.768627
0.670588
0.176471
0.117647
0.207843
0.317647
0.172549
0.172549
0.239216
0.227451
0.207843
0.200000
0.219608
0.258824
0.262745
0.349020
0.321569
0.384314
0.431373
0.313725
0.250980
0.282353
0.329412
0.317647
0.192157
0.160784
0.117647
0.121569
0.109804
0.105882
0.611765
0.976471
0.784314
0.678431
0.160784
0.094118
0.215686
0.368627
0.321569
0.176471
0.133333
0.203922
0.184314
0.160784
0.180392
0.196078
0.219608
0.329412
0.235294
0.286275
0.345098
0.168627
0.125490
0.200000
0.223529
0.274510
0.156863
0.133333
0.113725
0.105882
0.094118
0.074510
0.615686
0.996078
0.788235
0.690196
0.109804
0.047059
0.196078
0.262745
0.235294
0.168627
0.145098
0.176471
0.192157
0.196078
0.211765
0.192157
0.160784
0.262745
0.223529
0.247059
0.282353
0.172549
0.129412
0.184314
0.133333
0.207843
0.211765
0.184314
0.149020
0.086275
0.058824
0.062745
0.615686
0.988235
0.792157
0.705882
0.113725
0.090196
0.203922
0.184314
0.164706
0.164706
0.215686
0.274510
0.258824
0.309804
0.360784
0.298039
0.184314
0.223529
0.247059
0.278431
0.345098
0.313725
0.235294
0.290196
0.156863
0.239216
0.435294
0.407843
0.415686
0.368627
0.337255
0.345098
0.737255
0.976471
0.756863
0.768627
0.325490
0.274510
0.317647
0.341176
0.364706
0.388235
0.403922
0.443137
0.462745
0.450980
0.470588
0.474510
0.364706
0.270588
0.341176
0.388235
0.454902
0.517647
0.462745
0.396078
0.337255
0.396078
0.486275
0.470588
0.537255
0.490196
0.494118
0.498039
0.745098
0.976471
0.729412
0.831373
0.596078
0.600000
0.588235
0.584314
0.572549
0.556863
0.568627
0.505882
0.596078
0.643137
0.600000
0.572549
0.552941
0.521569
0.541176
0.560784
0.576471
0.588235
0.607843
0.533333
0.525490
0.541176
0.564706
0.584314
0.623529
0.592157
0.580392
0.580392
0.780392
0.976471
0.725490
0.972549
0.976471
0.980392
0.960784
0.941176
0.937255
0.933333
0.933333
0.913725
0.913725
0.929412
0.929412
0.925490
0.917647
0.925490
0.917647
0.905882
0.925490
0.941176
0.937255
0.929412
0.929412
0.929412
0.933333
0.933333
0.933333
0.941176
0.949020
0.929412
0.945098
0.980392
0.498039
0.709804
0.745098
0.749020
0.752941
0.760784
0.764706
0.756863
0.760784
0.764706
0.764706
0.760784
0.760784
0.760784
0.756863
0.752941
0.752941
0.760784
0.768627
0.768627
0.756863
0.737255
0.737255
0.745098
0.745098
0.749020
0.752941
0.756863
0.760784
0.756863
0.756863
0.717647
0.658824
0.850980
0.631373
0.596078
0.580392
0.603922
0.662745
0.643137
0.596078
0.580392
0.552941
0.564706
0.588235
0.572549
0.568627
0.600000
0.603922
0.584314
0.600000
0.627451
0.580392
0.525490
0.533333
0.564706
0.568627
0.556863
0.549020
0.572549
0.635294
0.678431
0.898039
0.952941
0.666667
0.694118
0.250980
0.176471
0.145098
0.207843
0.298039
0.301961
0.200000
0.164706
0.137255
0.117647
0.125490
0.168627
0.250980
0.329412
0.321569
0.239216
0.239216
0.239216
0.196078
0.211765
0.219608
0.192157
0.200000
0.176471
0.129412
0.137255
0.219608
0.301961
0.752941
0.941176
0.682353
0.698039
0.243137
0.184314
0.145098
0.200000
0.274510
0.286275
0.309804
0.278431
0.200000
0.235294
0.247059
0.207843
0.219608
0.474510
0.388235
0.219608
0.231373
0.262745
0.274510
0.423529
0.345098
0.254902
0.329412
0.329412
0.317647
0.396078
0.345098
0.384314
0.788235
0.929412
0.694118
0.682353
0.168627
0.141176
0.180392
0.262745
0.266667
0.321569
0.423529
0.380392
0.227451
0.274510
0.266667
0.215686
0.317647
0.509804
0.329412
0.200000
0.243137
0.349020
0.313725
0.235294
0.294118
0.368627
0.447059
0.525490
0.537255
0.529412
0.454902
0.388235
0.756863
0.933333
0.686275
0.709804
0.180392
0.129412
0.227451
0.298039
0.333333
0.454902
0.458824
0.470588
0.364706
0.317647
0.305882
0.305882
0.450980
0.501961
0.372549
0.345098
0.333333
0.392157
0.447059
0.498039
0.537255
0.458824
0.411765
0.478431
0.513725
0.517647
0.458824
0.352941
0.721569
0.933333
0.682353
0.737255
0.282353
0.227451
0.243137
0.294118
0.317647
0.447059
0.458824
0.447059
0.439216
0.360784
0.305882
0.345098
0.411765
0.509804
0.482353
0.549020
0.529412
0.478431
0.517647
0.596078
0.580392
0.466667
0.427451
0.470588
0.411765
0.400000
0.333333
0.254902
0.690196
0.929412
0.682353
0.764706
0.415686
0.415686
0.384314
0.352941
0.341176
0.447059
0.517647
0.419608
0.392157
0.388235
0.290196
0.278431
0.396078
0.490196
0.407843
0.294118
0.541176
0.666667
0.600000
0.537255
0.435294
0.400000
0.427451
0.407843
0.349020
0.356863
0.294118
0.243137
0.682353
0.937255
0.658824
0.772549
0.454902
0.517647
0.521569
0.494118
0.490196
0.431373
0.392157
0.368627
0.333333
0.337255
0.341176
0.400000
0.486275
0.501961
0.498039
0.450980
0.592157
0.701961
0.631373
0.435294
0.317647
0.329412
0.313725
0.352941
0.337255
0.392157
0.415686
0.341176
0.709804
0.949020
0.650980
0.831373
0.498039
0.537255
0.576471
0.533333
0.501961
0.368627
0.270588
0.235294
0.227451
0.270588
0.301961
0.396078
0.400000
0.356863
0.431373
0.470588
0.525490
0.525490
0.349020
0.137255
0.149020
0.235294
0.215686
0.286275
0.368627
0.372549
0.325490
0.329412
0.705882
0.937255
0.658824
0.862745
0.545098
0.474510
0.509804
0.486275
0.368627
0.254902
0.184314
0.176471
0.203922
0.250980
0.258824
0.274510
0.239216
0.231373
0.380392
0.376471
0.380392
0.368627
0.282353
0.160784
0.188235
0.203922
0.200000
0.243137
0.294118
0.325490
0.239216
0.227451
0.666667
0.937255
0.658824
0.811765
0.454902
0.396078
0.419608
0.388235
0.223529
0.164706
0.160784
0.164706
0.176471
0.192157
0.188235
0.231373
0.345098
0.494118
0.600000
0.580392
0.545098
0.498039
0.545098
0.509804
0.458824
0.341176
0.188235
0.152941
0.192157
0.290196
0.207843
0.145098
0.654902
0.956863
0.643137
0.772549
0.317647
0.345098
0.352941
0.235294
0.129412
0.129412
0.145098
0.129412
0.113725
0.109804
0.152941
0.274510
0.321569
0.415686
0.486275
0.525490
0.525490
0.415686
0.462745
0.537255
0.505882
0.352941
0.188235
0.200000
0.243137
0.219608
0.207843
0.223529
0.682353
0.945098
0.619608
0.741176
0.301961
0.400000
0.368627
0.203922
0.121569
0.133333
0.164706
0.145098
0.070588
0.066667
0.168627
0.298039
0.368627
0.321569
0.380392
0.439216
0.415686
0.294118
0.403922
0.486275
0.364706
0.333333
0.270588
0.231373
0.262745
0.192157
0.207843
0.266667
0.698039
0.941176
0.619608
0.737255
0.305882
0.317647
0.266667
0.207843
0.113725
0.098039
0.168627
0.164706
0.101961
0.054902
0.145098
0.254902
0.376471
0.313725
0.282353
0.345098
0.352941
0.356863
0.396078
0.486275
0.321569
0.321569
0.258824
0.196078
0.286275
0.196078
0.145098
0.188235
0.670588
0.929412
0.635294
0.768627
0.282353
0.231373
0.215686
0.184314
0.094118
0.031373
0.074510
0.086275
0.074510
0.031373
0.058824
0.196078
0.321569
0.258824
0.188235
0.235294
0.258824
0.325490
0.356863
0.482353
0.470588
0.427451
0.294118
0.211765
0.196078
0.196078
0.172549
0.176471
0.686275
0.929412
0.643137
0.788235
0.337255
0.298039
0.419608
0.415686
0.227451
0.125490
0.117647
0.243137
0.321569
0.301961
0.223529
0.207843
0.282353
0.250980
0.137255
0.133333
0.309804
0.266667
0.294118
0.505882
0.537255
0.466667
0.349020
0.286275
0.250980
0.239216
0.219608
0.219608
0.701961
0.921569
0.639216
0.780392
0.431373
0.360784
0.458824
0.549020
0.380392
0.364706
0.345098
0.474510
0.572549
0.678431
0.588235
0.290196
0.286275
0.380392
0.223529
0.172549
0.266667
0.321569
0.294118
0.537255
0.494118
0.494118
0.435294
0.341176
0.411765
0.458824
0.352941
0.258824
0.701961
0.913725
0.643137
0.831373
0.529412
0.490196
0.482353
0.450980
0.372549
0.478431
0.447059
0.462745
0.580392
0.670588
0.623529
0.360784
0.325490
0.462745
0.352941
0.274510
0.215686
0.192157
0.266667
0.494118
0.509804
0.482353
0.513725
0.419608
0.427451
0.498039
0.525490
0.505882
0.807843
0.925490
0.615686
0.850980
0.525490
0.529412
0.541176
0.450980
0.427451
0.533333
0.572549
0.603922
0.619608
0.623529
0.596078
0.423529
0.407843
0.486275
0.494118
0.337255
0.290196
0.219608
0.227451
0.380392
0.517647
0.345098
0.466667
0.517647
0.447059
0.439216
0.564706
0.517647
0.788235
0.933333
0.596078
0.835294
0.505882
0.513725
0.498039
0.360784
0.458824
0.580392
0.631373
0.682353
0.627451
0.619608
0.537255
0.360784
0.435294
0.556863
0.580392
0.435294
0.305882
0.439216
0.356863
0.235294
0.419608
0.356863
0.380392
0.439216
0.439216
0.458824
0.552941
0.501961
0.749020
0.933333
0.631373
0.807843
0.494118
0.517647
0.462745
0.274510
0.368627
0.529412
0.588235
0.627451
0.564706
0.580392
0.529412
0.278431
0.368627
0.564706
0.603922
0.443137
0.329412
0.498039
0.501961
0.286275
0.407843
0.415686
0.396078
0.392157
0.360784
0.403922
0.462745
0.513725
0.800000
0.921569
0.639216
0.780392
0.411765
0.431373
0.372549
0.227451
0.356863
0.470588
0.501961
0.517647
0.517647
0.533333
0.525490
0.282353
0.294118
0.521569
0.588235
0.474510
0.380392
0.482353
0.541176
0.403922
0.407843
0.447059
0.450980
0.435294
0.376471
0.317647
0.360784
0.435294
0.784314
0.913725
0.607843
0.800000
0.376471
0.349020
0.341176
0.247059
0.380392
0.447059
0.458824
0.450980
0.490196
0.482353
0.482353
0.345098
0.301961
0.537255
0.568627
0.439216
0.376471
0.407843
0.486275
0.415686
0.352941
0.380392
0.439216
0.470588
0.419608
0.352941
0.368627
0.498039
0.823529
0.917647
0.654902
0.737255
0.286275
0.250980
0.235294
0.243137
0.282353
0.352941
0.419608
0.407843
0.403922
0.372549
0.364706
0.356863
0.301961
0.415686
0.419608
0.341176
0.345098
0.341176
0.419608
0.364706
0.278431
0.274510
0.294118
0.317647
0.282353
0.298039
0.286275
0.345098
0.756863
0.933333
0.705882
0.678431
0.188235
0.192157
0.168627
0.196078
0.180392
0.270588
0.309804
0.270588
0.258824
0.247059
0.270588
0.298039
0.258824
0.301961
0.254902
0.290196
0.345098
0.325490
0.352941
0.360784
0.262745
0.227451
0.188235
0.207843
0.168627
0.152941
0.133333
0.141176
0.658824
0.937255
0.682353
0.678431
0.164706
0.152941
0.168627
0.309804
0.372549
0.266667
0.160784
0.196078
0.192157
0.188235
0.211765
0.215686
0.200000
0.258824
0.152941
0.188235
0.243137
0.156863
0.196078
0.243137
0.168627
0.200000
0.137255
0.160784
0.141176
0.129412
0.121569
0.098039
0.631373
0.921569
0.643137
0.670588
0.113725
0.090196
0.133333
0.215686
0.286275
0.231373
0.149020
0.168627
0.207843
0.200000
0.223529
0.188235
0.117647
0.172549
0.133333
0.149020
0.172549
0.141176
0.172549
0.196078
0.086275
0.152941
0.176471
0.172549
0.156863
0.109804
0.074510
0.074510
0.623529
0.917647
0.627451
0.682353
0.113725
0.105882
0.133333
0.125490
0.188235
0.207843
0.231373
0.309804
0.301961
0.313725
0.360784
0.286275
0.137255
0.137255
0.168627
0.196078
0.247059
0.266667
0.235294
0.262745
0.129412
0.223529
0.415686
0.392157
0.419608
0.388235
0.337255
0.341176
0.741176
0.921569
0.635294
0.768627
0.313725
0.235294
0.278431
0.298039
0.337255
0.372549
0.392157
0.431373
0.447059
0.431373
0.454902
0.462745
0.352941
0.258824
0.345098
0.407843
0.470588
0.529412
0.462745
0.380392
0.349020
0.419608
0.494118
0.462745
0.517647
0.462745
0.482353
0.498039
0.733333
0.909804
0.650980
0.847059
0.584314
0.568627
0.576471
0.576471
0.552941
0.521569
0.525490
0.466667
0.560784
0.619608
0.592157
0.584314
0.588235
0.572549
0.572549
0.556863
0.564706
0.576471
0.596078
0.525490
0.529412
0.549020
0.564706
0.576471
0.607843
0.576471
0.584314
0.631373
0.827451
0.909804
0.654902
0.968627
0.952941
0.949020
0.956863
0.968627
0.949020
0.925490
0.929412
0.941176
0.949020
0.949020
0.945098
0.933333
0.929412
0.933333
0.941176
0.941176
0.925490
0.917647
0.917647
0.929412
0.945098
0.952941
0.956863
0.964706
0.968627
0.968627
0.960784
0.968627
0.988235
0.917647
0.521569
0.741176
0.741176
0.749020
0.772549
0.745098
0.741176
0.745098
0.756863
0.764706
0.756863
0.741176
0.737255
0.737255
0.733333
0.729412
0.745098
0.760784
0.764706
0.764706
0.756863
0.752941
0.752941
0.752941
0.749020
0.745098
0.741176
0.733333
0.725490
0.733333
0.741176
0.686275
0.666667
0.850980
0.600000
0.576471
0.584314
0.580392
0.631373
0.623529
0.584314
0.572549
0.556863
0.576471
0.592157
0.568627
0.552941
0.568627
0.584314
0.572549
0.580392
0.600000
0.560784
0.517647
0.525490
0.552941
0.556863
0.552941
0.549020
0.564706
0.603922
0.658824
0.886275
0.929412
0.647059
0.670588
0.188235
0.133333
0.137255
0.141176
0.215686
0.231373
0.137255
0.113725
0.101961
0.105882
0.101961
0.121569
0.180392
0.235294
0.235294
0.164706
0.160784
0.164706
0.137255
0.168627
0.172549
0.141176
0.160784
0.152941
0.117647
0.125490
0.176471
0.258824
0.705882
0.882353
0.670588
0.709804
0.231373
0.160784
0.129412
0.168627
0.219608
0.219608
0.247059
0.239216
0.176471
0.215686
0.227451
0.172549
0.160784
0.380392
0.325490
0.203922
0.207843
0.235294
0.243137
0.388235
0.309804
0.211765
0.266667
0.250980
0.227451
0.301961
0.262745
0.333333
0.752941
0.894118
0.643137
0.694118
0.184314
0.141176
0.172549
0.231373
0.192157
0.207843
0.301961
0.278431
0.160784
0.239216
0.250980
0.196078
0.274510
0.431373
0.262745
0.160784
0.200000
0.294118
0.250980
0.164706
0.231373
0.290196
0.325490
0.368627
0.352941
0.333333
0.309804
0.301961
0.709804
0.894118
0.607843
0.709804
0.196078
0.145098
0.235294
0.258824
0.235294
0.305882
0.282353
0.294118
0.227451
0.231373
0.243137
0.250980
0.372549
0.392157
0.266667
0.250980
0.243137
0.301961
0.372549
0.439216
0.462745
0.349020
0.270588
0.309804
0.325490
0.325490
0.321569
0.282353
0.690196
0.905882
0.615686
0.733333
0.286275
0.211765
0.223529
0.266667
0.243137
0.309804
0.286275
0.274510
0.298039
0.278431
0.239216
0.278431
0.321569
0.380392
0.356863
0.443137
0.419608
0.376471
0.439216
0.541176
0.494118
0.345098
0.294118
0.329412
0.274510
0.266667
0.219608
0.196078
0.682353
0.917647
0.631373
0.760784
0.388235
0.341176
0.309804
0.309804
0.282353
0.368627
0.423529
0.321569
0.317647
0.349020
0.250980
0.215686
0.305882
0.368627
0.301961
0.203922
0.400000
0.505882
0.474510
0.462745
0.352941
0.298039
0.329412
0.317647
0.258824
0.262745
0.192157
0.180392
0.662745
0.917647
0.607843
0.756863
0.384314
0.360784
0.364706
0.368627
0.396078
0.380392
0.368627
0.345098
0.321569
0.341176
0.325490
0.356863
0.419608
0.415686
0.419608
0.349020
0.407843
0.482353
0.466667
0.356863
0.262745
0.270588
0.254902
0.286275
0.243137
0.270588
0.301961
0.270588
0.678431
0.925490
0.611765
0.803922
0.396078
0.321569
0.356863
0.372549
0.407843
0.349020
0.301961
0.278431
0.262745
0.294118
0.325490
0.411765
0.384314
0.309804
0.368627
0.376471
0.384314
0.384314
0.270588
0.137255
0.156863
0.227451
0.192157
0.231373
0.258824
0.235294
0.231373
0.290196
0.698039
0.929412
0.615686
0.835294
0.447059
0.266667
0.301961
0.352941
0.317647
0.294118
0.262745
0.250980
0.254902
0.305882
0.333333
0.337255
0.243137
0.160784
0.278431
0.270588
0.258824
0.258824
0.219608
0.156863
0.192157
0.200000
0.188235
0.207843
0.215686
0.223529
0.188235
0.223529
0.674510
0.933333
0.603922
0.792157
0.384314
0.235294
0.278431
0.321569
0.235294
0.243137
0.250980
0.223529
0.219608
0.258824
0.274510
0.290196
0.321569
0.368627
0.415686
0.384314
0.341176
0.301961
0.380392
0.372549
0.388235
0.317647
0.172549
0.137255
0.156863
0.243137
0.192157
0.152941
0.662745
0.945098
0.600000
0.764706
0.270588
0.219608
0.258824
0.231373
0.172549
0.196078
0.215686
0.180392
0.152941
0.149020
0.196078
0.290196
0.274510
0.298039
0.333333
0.364706
0.349020
0.254902
0.313725
0.380392
0.407843
0.313725
0.164706
0.180392
0.211765
0.180392
0.176471
0.188235
0.658824
0.941176
0.588235
0.752941
0.286275
0.321569
0.313725
0.200000
0.149020
0.192157
0.235294
0.203922
0.121569
0.109804
0.207843
0.317647
0.345098
0.258824
0.305882
0.356863
0.305882
0.176471
0.274510
0.329412
0.219608
0.227451
0.188235
0.168627
0.196078
0.121569
0.164706
0.223529
0.666667
0.937255
0.580392
0.756863
0.313725
0.278431
0.250980
0.207843
0.137255
0.152941
0.235294
0.223529
0.149020
0.098039
0.176471
0.270588
0.380392
0.309804
0.278431
0.325490
0.294118
0.274510
0.290196
0.341176
0.137255
0.156863
0.141176
0.117647
0.211765
0.117647
0.105882
0.149020
0.635294
0.929412
0.588235
0.780392
0.294118
0.207843
0.215686
0.188235
0.117647
0.082353
0.129412
0.121569
0.094118
0.050980
0.066667
0.203922
0.337255
0.282353
0.215686
0.235294
0.211765
0.262745
0.270588
0.337255
0.266667
0.247059
0.192157
0.160784
0.152941
0.149020
0.141176
0.137255
0.654902
0.925490
0.635294
0.760784
0.286275
0.270588
0.356863
0.341176
0.207843
0.152941
0.129412
0.200000
0.235294
0.203922
0.149020
0.200000
0.321569
0.258824
0.141176
0.109804
0.211765
0.196078
0.231373
0.337255
0.282353
0.274510
0.270588
0.282353
0.235294
0.192157
0.176471
0.196078
0.698039
0.913725
0.658824
0.721569
0.321569
0.290196
0.337255
0.419608
0.325490
0.349020
0.294118
0.364706
0.384314
0.411765
0.372549
0.196078
0.266667
0.317647
0.192157
0.164706
0.180392
0.235294
0.207843
0.349020
0.247059
0.298039
0.317647
0.258824
0.305882
0.313725
0.247059
0.215686
0.694118
0.909804
0.670588
0.737255
0.345098
0.341176
0.298039
0.282353
0.282353
0.396078
0.282353
0.258824
0.298039
0.278431
0.298039
0.172549
0.215686
0.301961
0.227451
0.231373
0.156863
0.129412
0.160784
0.313725
0.309804
0.301961
0.337255
0.239216
0.227451
0.282353
0.345098
0.396078
0.768627
0.917647
0.639216
0.709804
0.266667
0.301961
0.290196
0.247059
0.309804
0.380392
0.294118
0.282353
0.266667
0.207843
0.254902
0.207843
0.243137
0.235294
0.215686
0.160784
0.223529
0.196078
0.156863
0.243137
0.364706
0.176471
0.270588
0.313725
0.254902
0.258824
0.333333
0.337255
0.709804
0.913725
0.588235
0.705882
0.250980
0.235294
0.247059
0.219608
0.345098
0.364706
0.278431
0.317647
0.282353
0.262745
0.274510
0.215686
0.294118
0.266667
0.215686
0.188235
0.200000
0.333333
0.219608
0.141176
0.321569
0.211765
0.207843
0.262745
0.258824
0.250980
0.282353
0.274510
0.650980
0.945098
0.607843
0.721569
0.290196
0.254902
0.254902
0.203922
0.286275
0.317647
0.270588
0.317647
0.278431
0.278431
0.325490
0.184314
0.258824
0.290196
0.247059
0.203922
0.188235
0.298039
0.258824
0.160784
0.301961
0.254902
0.227451
0.231373
0.203922
0.215686
0.215686
0.286275
0.686275
0.933333
0.627451
0.725490
0.266667
0.235294
0.227451
0.184314
0.298039
0.317647
0.274510
0.286275
0.286275
0.290196
0.345098
0.192157
0.203922
0.298039
0.286275
0.262745
0.254902
0.274510
0.258824
0.215686
0.270588
0.270588
0.258824
0.266667
0.250980
0.196078
0.172549
0.235294
0.658824
0.886275
0.607843
0.776471
0.286275
0.223529
0.250980
0.200000
0.290196
0.298039
0.278431
0.250980
0.290196
0.294118
0.333333
0.262745
0.231373
0.364706
0.333333
0.294118
0.309804
0.243137
0.235294
0.247059
0.270588
0.250980
0.247059
0.278431
0.266667
0.223529
0.196078
0.309804
0.701961
0.890196
0.658824
0.737255
0.227451
0.176471
0.215686
0.231373
0.211765
0.235294
0.286275
0.258824
0.258824
0.250980
0.254902
0.278431
0.235294
0.305882
0.274510
0.250980
0.294118
0.211765
0.227451
0.215686
0.223529
0.207843
0.172549
0.184314
0.168627
0.196078
0.176471
0.239216
0.694118
0.913725
0.709804
0.682353
0.152941
0.149020
0.215686
0.231373
0.152941
0.211765
0.254902
0.219608
0.207843
0.203922
0.219608
0.239216
0.203922
0.258824
0.207843
0.247059
0.290196
0.227451
0.215686
0.227451
0.184314
0.188235
0.160784
0.188235
0.149020
0.133333
0.109804
0.137255
0.658824
0.917647
0.682353
0.694118
0.152941
0.133333
0.215686
0.305882
0.317647
0.211765
0.145098
0.207843
0.203922
0.184314
0.203922
0.200000
0.184314
0.254902
0.160784
0.203922
0.254902
0.129412
0.133333
0.180392
0.133333
0.192157
0.141176
0.168627
0.145098
0.117647
0.098039
0.098039
0.643137
0.917647
0.635294
0.705882
0.125490
0.086275
0.188235
0.227451
0.250980
0.203922
0.149020
0.176471
0.223529
0.243137
0.258824
0.223529
0.152941
0.215686
0.180392
0.196078
0.219608
0.149020
0.145098
0.172549
0.090196
0.180392
0.223529
0.219608
0.180392
0.101961
0.054902
0.078431
0.639216
0.909804
0.619608
0.729412
0.156863
0.133333
0.200000
0.176471
0.203922
0.207843
0.231373
0.290196
0.305882
0.376471
0.427451
0.345098
0.200000
0.203922
0.231373
0.258824
0.298039
0.286275
0.227451
0.262745
0.145098
0.262745
0.470588
0.450980
0.454902
0.396078
0.337255
0.352941
0.752941
0.905882
0.623529
0.807843
0.400000
0.325490
0.341176
0.352941
0.384314
0.411765
0.431373
0.466667
0.494118
0.498039
0.517647
0.521569
0.403922
0.309804
0.407843
0.466667
0.494118
0.525490
0.458824
0.388235
0.337255
0.396078
0.486275
0.466667
0.529412
0.490196
0.537255
0.541176
0.741176
0.901961
0.619608
0.850980
0.635294
0.627451
0.615686
0.615686
0.596078
0.568627
0.576471
0.517647
0.607843
0.658824
0.627451
0.619608
0.623529
0.611765
0.600000
0.560784
0.549020
0.549020
0.588235
0.533333
0.505882
0.505882
0.533333
0.552941
0.596078
0.580392
0.635294
0.674510
0.835294
0.909804
0.615686
0.945098
0.960784
0.968627
0.964706
0.960784
0.945098
0.929412
0.929412
0.929412
0.937255
0.941176
0.929412
0.921569
0.917647
0.921569
0.941176
0.941176
0.921569
0.917647
0.929412
0.945098
0.941176
0.941176
0.949020
0.964706
0.968627
0.972549
0.956863
0.956863
0.976471
0.901961
