0.188235
0.200000
0.223529
0.235294
0.250980
0.278431
0.305882
0.325490
0.341176
0.364706
0.392157
0.411765
0.427451
0.450980
0.474510
0.501961
0.533333
0.552941
0.568627
0.580392
0.611765
0.643137
0.650980
0.658824
0.694118
0.717647
0.741176
0.756863
0.749020
0.709804
0.678431
0.650980
0.192157
0.211765
0.243137
0.254902
0.270588
0.301961
0.325490
0.345098
0.360784
0.380392
0.407843
0.427451
0.447059
0.462745
0.486275
0.509804
0.541176
0.560784
0.576471
0.596078
0.631373
0.647059
0.694118
0.698039
0.698039
0.729412
0.741176
0.737255
0.713725
0.678431
0.650980
0.619608
0.211765
0.235294
0.258824
0.278431
0.294118
0.321569
0.349020
0.364706
0.380392
0.403922
0.435294
0.447059
0.470588
0.513725
0.564706
0.611765
0.654902
0.713725
0.776471
0.803922
0.827451
0.819608
0.858824
0.780392
0.717647
0.749020
0.741176
0.709804
0.682353
0.658824
0.627451
0.592157
0.235294
0.254902
0.278431
0.294118
0.313725
0.341176
0.368627
0.388235
0.400000
0.423529
0.443137
0.513725
0.678431
0.764706
0.827451
0.784314
0.807843
0.866667
0.894118
0.909804
0.925490
0.894118
0.890196
0.792157
0.745098
0.752941
0.725490
0.682353
0.654902
0.635294
0.603922
0.572549
0.243137
0.266667
0.290196
0.305882
0.329412
0.360784
0.384314
0.392157
0.392157
0.427451
0.494118
0.741176
0.886275
0.854902
0.835294
0.741176
0.831373
0.913725
0.905882
0.913725
0.905882
0.917647
0.882353
0.811765
0.752941
0.733333
0.701961
0.666667
0.635294
0.607843
0.584314
0.552941
0.250980
0.278431
0.305882
0.321569
0.345098
0.380392
0.431373
0.482353
0.513725
0.556863
0.670588
0.850980
0.854902
0.819608
0.756863
0.690196
0.843137
0.925490
0.905882
0.886275
0.870588
0.815686
0.803922
0.854902
0.745098
0.698039
0.678431
0.647059
0.615686
0.588235
0.564706
0.533333
0.274510
0.298039
0.325490
0.349020
0.392157
0.537255
0.643137
0.698039
0.737255
0.729412
0.725490
0.705882
0.678431
0.682353
0.564706
0.521569
0.776471
0.937255
0.878431
0.733333
0.611765
0.509804
0.607843
0.737255
0.717647
0.674510
0.650980
0.619608
0.592157
0.568627
0.545098
0.517647
0.298039
0.321569
0.349020
0.400000
0.545098
0.686275
0.717647
0.729412
0.721569
0.698039
0.678431
0.635294
0.639216
0.619608
0.486275
0.513725
0.745098
0.921569
0.925490
0.886275
0.776471
0.717647
0.490196
0.552941
0.674510
0.654902
0.627451
0.592157
0.572549
0.549020
0.521569
0.490196
0.317647
0.341176
0.364706
0.490196
0.603922
0.603922
0.596078
0.580392
0.556863
0.549020
0.545098
0.521569
0.525490
0.478431
0.392157
0.509804
0.666667
0.662745
0.650980
0.905882
0.952941
0.921569
0.505882
0.454902
0.662745
0.635294
0.603922
0.572549
0.552941
0.525490
0.494118
0.466667
0.333333
0.356863
0.392157
0.411765
0.360784
0.313725
0.282353
0.294118
0.349020
0.396078
0.454902
0.494118
0.498039
0.494118
0.439216
0.647059
0.635294
0.478431
0.364706
0.713725
0.901961
0.898039
0.572549
0.454902
0.658824
0.611765
0.580392
0.556863
0.529412
0.498039
0.470588
0.447059
0.349020
0.376471
0.415686
0.470588
0.647059
0.654902
0.564706
0.568627
0.588235
0.639216
0.690196
0.705882
0.717647
0.721569
0.662745
0.776471
0.647059
0.478431
0.329412
0.615686
0.917647
0.749020
0.443137
0.509804
0.615686
0.588235
0.560784
0.537255
0.505882
0.470588
0.443137
0.415686
0.368627
0.396078
0.423529
0.576471
0.850980
0.854902
0.807843
0.850980
0.741176
0.725490
0.745098
0.745098
0.749020
0.733333
0.686275
0.803922
0.666667
0.482353
0.262745
0.611765
0.933333
0.796078
0.415686
0.564706
0.600000
0.568627
0.541176
0.513725
0.482353
0.450980
0.423529
0.392157
0.384314
0.415686
0.447059
0.623529
0.741176
0.752941
0.796078
0.811765
0.729412
0.698039
0.682353
0.713725
0.737255
0.713725
0.698039
0.843137
0.686275
0.545098
0.443137
0.635294
0.901961
0.874510
0.482353
0.564706
0.588235
0.549020
0.521569
0.486275
0.458824
0.431373
0.400000
0.368627
0.403922
0.431373
0.478431
0.596078
0.666667
0.729412
0.768627
0.749020
0.654902
0.603922
0.600000
0.666667
0.709804
0.701961
0.741176
0.874510
0.717647
0.635294
0.639216
0.631373
0.909804
0.811765
0.498039
0.666667
0.572549
0.521569
0.498039
0.466667
0.435294
0.403922
0.376471
0.345098
0.419608
0.450980
0.423529
0.372549
0.376471
0.564706
0.662745
0.627451
0.552941
0.537255
0.552941
0.576471
0.623529
0.631373
0.796078
0.886275
0.741176
0.725490
0.709804
0.729412
0.670588
0.517647
0.580392
0.807843
0.545098
0.494118
0.474510
0.447059
0.415686
0.380392
0.352941
0.325490
0.431373
0.478431
0.435294
0.337255
0.333333
0.364706
0.458824
0.525490
0.521569
0.541176
0.568627
0.560784
0.592157
0.572549
0.803922
0.905882
0.835294
0.800000
0.811765
0.698039
0.615686
0.603922
0.792157
0.823529
0.525490
0.466667
0.447059
0.419608
0.388235
0.360784
0.329412
0.298039
0.450980
0.490196
0.592157
0.737255
0.803922
0.807843
0.780392
0.811765
0.796078
0.792157
0.760784
0.717647
0.721569
0.556863
0.607843
0.701961
0.725490
0.768627
0.752941
0.756863
0.815686
0.858824
0.909804
0.803922
0.505882
0.447059
0.427451
0.392157
0.364706
0.337255
0.309804
0.278431
0.486275
0.447059
0.505882
0.780392
0.858824
0.898039
0.898039
0.898039
0.878431
0.870588
0.792157
0.635294
0.474510
0.611765
0.713725
0.682353
0.788235
0.694118
0.823529
0.901961
0.796078
0.988235
0.933333
0.780392
0.478431
0.427451
0.403922
0.368627
0.337255
0.313725
0.282353
0.258824
0.447059
0.301961
0.364706
0.439216
0.466667
0.439216
0.478431
0.478431
0.501961
0.560784
0.529412
0.466667
0.396078
0.447059
0.427451
0.580392
0.584314
0.588235
0.913725
0.854902
0.768627
0.945098
0.870588
0.768627
0.462745
0.403922
0.376471
0.345098
0.317647
0.290196
0.262745
0.235294
0.427451
0.109804
0.094118
0.086275
0.101961
0.090196
0.180392
0.200000
0.129412
0.141176
0.152941
0.176471
0.207843
0.207843
0.309804
0.454902
0.541176
0.690196
0.952941
0.917647
0.878431
0.909804
0.878431
0.772549
0.450980
0.372549
0.352941
0.321569
0.294118
0.270588
0.239216
0.219608
0.474510
0.129412
0.082353
0.094118
0.090196
0.113725
0.215686
0.196078
0.109804
0.101961
0.113725
0.137255
0.129412
0.266667
0.501961
0.607843
0.807843
0.792157
0.956863
0.858824
0.745098
0.854902
0.898039
0.772549
0.458824
0.349020
0.298039
0.313725
0.290196
0.266667
0.247059
0.180392
0.525490
0.184314
0.058824
0.086275
0.070588
0.101961
0.180392
0.109804
0.078431
0.086275
0.066667
0.070588
0.094118
0.203922
0.298039
0.478431
0.674510
0.894118
0.792157
0.450980
0.337255
0.568627
0.784314
0.501961
0.266667
0.325490
0.345098
0.250980
0.219608
0.286275
0.278431
0.176471
0.556863
0.478431
0.388235
0.368627
0.364706
0.356863
0.352941
0.305882
0.290196
0.266667
0.247059
0.227451
0.184314
0.156863
0.149020
0.494118
0.768627
0.858824
0.411765
0.137255
0.113725
0.235294
0.368627
0.141176
0.117647
0.168627
0.258824
0.235294
0.168627
0.282353
0.211765
0.219608
0.588235
0.478431
0.258824
0.254902
0.294118
0.325490
0.349020
0.400000
0.454902
0.482353
0.494118
0.556863
0.721569
0.670588
0.654902
0.803922
0.890196
0.615686
0.180392
0.192157
0.137255
0.098039
0.180392
0.207843
0.372549
0.384314
0.317647
0.458824
0.258824
0.247059
0.188235
0.329412
0.564706
0.227451
0.121569
0.094118
0.125490
0.211765
0.211765
0.200000
0.141176
0.184314
0.235294
0.286275
0.478431
0.545098
0.580392
0.454902
0.356863
0.301961
0.168627
0.192157
0.164706
0.098039
0.168627
0.247059
0.392157
0.400000
0.356863
0.415686
0.188235
0.266667
0.250980
0.450980
0.560784
0.317647
0.325490
0.078431
0.200000
0.450980
0.513725
0.427451
0.105882
0.098039
0.176471
0.298039
0.274510
0.192157
0.156863
0.105882
0.078431
0.145098
0.152941
0.301961
0.223529
0.121569
0.164706
0.258824
0.337255
0.278431
0.364706
0.458824
0.211765
0.423529
0.466667
0.513725
0.564706
0.262745
0.219608
0.078431
0.145098
0.215686
0.235294
0.184314
0.058824
0.050980
0.152941
0.529412
0.454902
0.141176
0.066667
0.098039
0.125490
0.094118
0.231373
0.607843
0.411765
0.133333
0.149020
0.243137
0.286275
0.176471
0.337255
0.447059
0.164706
0.380392
0.525490
0.560784
0.588235
0.337255
0.149020
0.082353
0.098039
0.090196
0.098039
0.078431
0.090196
0.090196
0.125490
0.301961
0.286275
0.149020
0.121569
0.156863
0.145098
0.086275
0.333333
0.623529
0.415686
0.168627
0.074510
0.086275
0.094118
0.109804
0.196078
0.149020
0.054902
0.286275
0.439216
0.572549
0.639216
0.427451
0.172549
0.113725
0.098039
0.086275
0.113725
0.117647
0.129412
0.137255
0.133333
0.243137
0.384314
0.196078
0.133333
0.117647
0.043137
0.109804
0.301961
0.541176
0.490196
0.168627
0.098039
0.090196
0.105882
0.105882
0.082353
0.082353
0.105882
0.207843
0.462745
0.631373
0.650980
0.580392
0.443137
0.364706
0.301961
0.219608
0.113725
0.105882
0.133333
0.149020
0.149020
0.219608
0.388235
0.200000
0.113725
0.129412
0.129412
0.164706
0.207843
0.380392
0.419608
0.117647
0.105882
0.101961
0.152941
0.227451
0.282353
0.345098
0.411765
0.513725
0.619608
0.658824
0.650980
0.635294
0.627451
0.635294
0.615686
0.584314
0.305882
0.133333
0.113725
0.121569
0.152941
0.137255
0.156863
0.156863
0.133333
0.172549
0.196078
0.145098
0.145098
0.227451
0.231373
0.168627
0.231373
0.294118
0.384314
0.490196
0.568627
0.603922
0.647059
0.662745
0.670588
0.694118
0.670588
0.635294
0.639216
0.666667
0.650980
0.701961
0.650980
0.533333
0.458824
0.396078
0.388235
0.403922
0.450980
0.419608
0.403922
0.368627
0.274510
0.254902
0.258824
0.239216
0.298039
0.482353
0.537255
0.572549
0.631373
0.654902
0.639216
0.611765
0.615686
0.650980
0.682353
0.686275
0.396078
0.392157
0.403922
0.419608
0.435294
0.447059
0.462745
0.478431
0.498039
0.509804
0.521569
0.533333
0.556863
0.572549
0.580392
0.592157
0.603922
0.619608
0.635294
0.650980
0.662745
0.670588
0.690196
0.713725
0.721569
0.737255
0.756863
0.764706
0.760784
0.752941
0.745098
0.745098
0.392157
0.396078
0.411765
0.427451
0.443137
0.454902
0.466667
0.486275
0.505882
0.517647
0.525490
0.545098
0.564706
0.572549
0.576471
0.592157
0.607843
0.619608
0.631373
0.650980
0.674510
0.701961
0.709804
0.709804
0.733333
0.749020
0.760784
0.764706
0.752941
0.745098
0.733333
0.729412
0.400000
0.407843
0.415686
0.439216
0.454902
0.466667
0.478431
0.494118
0.513725
0.525490
0.541176
0.545098
0.552941
0.580392
0.623529
0.666667
0.698039
0.741176
0.792157
0.819608
0.835294
0.874510
0.811765
0.709804
0.741176
0.760784
0.764706
0.760784
0.749020
0.745098
0.737255
0.729412
0.411765
0.415686
0.427451
0.447059
0.466667
0.478431
0.494118
0.505882
0.525490
0.537255
0.545098
0.592157
0.709804
0.780392
0.843137
0.807843
0.807843
0.843137
0.854902
0.870588
0.882353
0.929412
0.772549
0.635294
0.749020
0.764706
0.756863
0.749020
0.741176
0.737255
0.725490
0.725490
0.423529
0.431373
0.443137
0.462745
0.482353
0.490196
0.494118
0.505882
0.521569
0.525490
0.560784
0.772549
0.858824
0.815686
0.819608
0.760784
0.839216
0.905882
0.886275
0.890196
0.909804
0.898039
0.580392
0.533333
0.764706
0.760784
0.752941
0.745098
0.737255
0.725490
0.721569
0.717647
0.435294
0.443137
0.458824
0.478431
0.490196
0.498039
0.525490
0.560784
0.588235
0.600000
0.670588
0.831373
0.823529
0.784314
0.752941
0.733333
0.882353
0.956863
0.933333
0.905882
0.905882
0.690196
0.313725
0.494118
0.760784
0.752941
0.745098
0.745098
0.729412
0.721569
0.717647
0.713725
0.447059
0.454902
0.470588
0.478431
0.505882
0.623529
0.701961
0.729412
0.737255
0.721569
0.705882
0.698039
0.701961
0.686275
0.580392
0.568627
0.811765
0.956863
0.894118
0.749020
0.600000
0.333333
0.172549
0.462745
0.756863
0.745098
0.733333
0.733333
0.721569
0.717647
0.717647
0.709804
0.458824
0.462745
0.478431
0.494118
0.611765
0.725490
0.729412
0.729412
0.721569
0.694118
0.674510
0.631373
0.627451
0.588235
0.474510
0.541176
0.764706
0.925490
0.929412
0.890196
0.788235
0.623529
0.247059
0.458824
0.768627
0.745098
0.733333
0.729412
0.721569
0.717647
0.709804
0.701961
0.466667
0.474510
0.490196
0.556863
0.619608
0.596078
0.560784
0.537255
0.509804
0.478431
0.447059
0.400000
0.384314
0.349020
0.321569
0.509804
0.674510
0.662745
0.650980
0.905882
0.992157
0.901961
0.423529
0.462745
0.749020
0.737255
0.729412
0.725490
0.721569
0.713725
0.701961
0.698039
0.482353
0.482353
0.505882
0.454902
0.352941
0.282353
0.231373
0.215686
0.239216
0.258824
0.282353
0.301961
0.321569
0.345098
0.352941
0.631373
0.635294
0.470588
0.356863
0.705882
0.921569
0.878431
0.509804
0.443137
0.729412
0.729412
0.721569
0.721569
0.717647
0.705882
0.694118
0.698039
0.498039
0.498039
0.513725
0.505882
0.639216
0.639216
0.529412
0.517647
0.521569
0.568627
0.611765
0.627451
0.647059
0.662745
0.619608
0.756863
0.647059
0.470588
0.305882
0.596078
0.909804
0.729412
0.329412
0.470588
0.737255
0.725490
0.717647
0.717647
0.709804
0.701961
0.694118
0.694118
0.509804
0.505882
0.513725
0.611765
0.850980
0.847059
0.792157
0.827451
0.709804
0.698039
0.717647
0.713725
0.701961
0.690196
0.654902
0.784314
0.647059
0.458824
0.239216
0.596078
0.941176
0.788235
0.298039
0.505882
0.717647
0.721569
0.709804
0.705882
0.698039
0.698039
0.690196
0.686275
0.517647
0.517647
0.525490
0.662745
0.752941
0.756863
0.792157
0.807843
0.725490
0.694118
0.678431
0.698039
0.690196
0.670588
0.670588
0.823529
0.647059
0.501961
0.419608
0.631373
0.913725
0.870588
0.380392
0.517647
0.709804
0.721569
0.705882
0.701961
0.694118
0.698039
0.690196
0.682353
0.525490
0.525490
0.545098
0.635294
0.686275
0.741176
0.768627
0.745098
0.647059
0.596078
0.596078
0.650980
0.662745
0.658824
0.709804
0.850980
0.658824
0.580392
0.611765
0.627451
0.898039
0.776471
0.403922
0.662745
0.729412
0.713725
0.701961
0.698039
0.690196
0.694118
0.682353
0.678431
0.537255
0.541176
0.482353
0.423529
0.415686
0.588235
0.662745
0.603922
0.513725
0.494118
0.501961
0.521569
0.568627
0.580392
0.764706
0.862745
0.694118
0.670588
0.682353
0.725490
0.584314
0.396078
0.474510
0.839216
0.733333
0.701961
0.698039
0.698039
0.686275
0.682353
0.674510
0.674510
0.556863
0.584314
0.470588
0.380392
0.356863
0.376471
0.466667
0.505882
0.509804
0.482353
0.470588
0.462745
0.529412
0.498039
0.721569
0.839216
0.764706
0.619608
0.666667
0.568627
0.290196
0.325490
0.674510
0.858824
0.713725
0.698039
0.698039
0.694118
0.686275
0.682353
0.674510
0.666667
0.564706
0.560784
0.556863
0.556863
0.568627
0.701961
0.811765
0.815686
0.705882
0.596078
0.552941
0.596078
0.658824
0.435294
0.411765
0.474510
0.474510
0.349020
0.380392
0.400000
0.384314
0.611765
0.831373
0.866667
0.709804
0.694118
0.694118
0.690196
0.678431
0.674510
0.666667
0.658824
0.572549
0.443137
0.396078
0.454902
0.447059
0.701961
0.913725
0.823529
0.525490
0.380392
0.345098
0.372549
0.360784
0.486275
0.552941
0.509804
0.635294
0.392157
0.588235
0.717647
0.541176
0.882353
0.913725
0.878431
0.713725
0.694118
0.690196
0.682353
0.670588
0.666667
0.658824
0.658824
0.513725
0.262745
0.243137
0.243137
0.215686
0.298039
0.439216
0.388235
0.305882
0.282353
0.294118
0.325490
0.250980
0.360784
0.415686
0.607843
0.552941
0.396078
0.827451
0.831373
0.674510
0.913725
0.878431
0.878431
0.709804
0.690196
0.686275
0.678431
0.670588
0.666667
0.658824
0.658824
0.486275
0.074510
0.003922
0.011765
0.000000
0.015686
0.125490
0.094118
0.043137
0.066667
0.066667
0.062745
0.078431
0.133333
0.282353
0.450980
0.443137
0.447059
0.870588
0.925490
0.839216
0.913725
0.890196
0.870588
0.701961
0.682353
0.678431
0.674510
0.666667
0.662745
0.654902
0.658824
0.529412
0.117647
0.023529
0.031373
0.011765
0.047059
0.156863
0.105882
0.031373
0.054902
0.047059
0.031373
0.031373
0.196078
0.447059
0.552941
0.698039
0.658824
0.945098
0.901961
0.752941
0.870588
0.925490
0.870588
0.690196
0.698039
0.686275
0.694118
0.682353
0.662745
0.650980
0.650980
0.584314
0.188235
0.011765
0.019608
0.003922
0.039216
0.113725
0.043137
0.011765
0.019608
0.003922
0.000000
0.003922
0.145098
0.270588
0.458824
0.596078
0.847059
0.800000
0.447059
0.313725
0.537255
0.764706
0.521569
0.376471
0.564706
0.615686
0.474510
0.435294
0.494118
0.552941
0.643137
0.631373
0.490196
0.345098
0.305882
0.305882
0.301961
0.298039
0.243137
0.223529
0.200000
0.184314
0.164706
0.105882
0.098039
0.113725
0.462745
0.729412
0.843137
0.403922
0.086275
0.050980
0.160784
0.278431
0.070588
0.109804
0.219608
0.298039
0.250980
0.141176
0.235294
0.282353
0.552941
0.635294
0.478431
0.219608
0.207843
0.247059
0.282353
0.305882
0.345098
0.388235
0.419608
0.431373
0.501961
0.666667
0.627451
0.619608
0.772549
0.874510
0.615686
0.160784
0.117647
0.086275
0.058824
0.125490
0.160784
0.411765
0.447059
0.325490
0.498039
0.239216
0.160784
0.141176
0.450980
0.541176
0.196078
0.086275
0.058824
0.090196
0.176471
0.180392
0.152941
0.078431
0.121569
0.164706
0.223529
0.439216
0.505882
0.537255
0.411765
0.325490
0.290196
0.149020
0.133333
0.109804
0.054902
0.125490
0.235294
0.482353
0.458824
0.352941
0.529412
0.223529
0.219608
0.160784
0.419608
0.490196
0.270588
0.305882
0.054902
0.160784
0.411765
0.466667
0.372549
0.050980
0.047059
0.121569
0.247059
0.235294
0.141176
0.098039
0.043137
0.019608
0.105882
0.125490
0.258824
0.149020
0.031373
0.094118
0.227451
0.372549
0.262745
0.301961
0.521569
0.235294
0.372549
0.368627
0.443137
0.486275
0.215686
0.203922
0.050980
0.098039
0.156863
0.152941
0.113725
0.023529
0.015686
0.117647
0.494118
0.403922
0.078431
0.000000
0.035294
0.066667
0.035294
0.180392
0.564706
0.345098
0.058824
0.094118
0.200000
0.254902
0.145098
0.298039
0.450980
0.172549
0.321569
0.454902
0.494118
0.501961
0.274510
0.109804
0.050980
0.062745
0.043137
0.039216
0.019608
0.043137
0.047059
0.086275
0.262745
0.223529
0.078431
0.047059
0.098039
0.105882
0.054902
0.305882
0.607843
0.372549
0.109804
0.027451
0.039216
0.047059
0.062745
0.149020
0.121569
0.031373
0.215686
0.364706
0.501961
0.541176
0.345098
0.101961
0.058824
0.054902
0.035294
0.066667
0.066667
0.070588
0.082353
0.082353
0.192157
0.341176
0.137255
0.062745
0.054902
0.019608
0.098039
0.290196
0.537255
0.462745
0.117647
0.047059
0.035294
0.043137
0.031373
0.007843
0.011765
0.035294
0.129412
0.384314
0.545098
0.545098
0.482353
0.349020
0.282353
0.235294
0.152941
0.054902
0.043137
0.062745
0.082353
0.082353
0.164706
0.352941
0.149020
0.043137
0.062745
0.098039
0.137255
0.176471
0.356863
0.400000
0.078431
0.050980
0.039216
0.086275
0.152941
0.207843
0.258824
0.321569
0.435294
0.537255
0.564706
0.541176
0.533333
0.529412
0.545098
0.533333
0.505882
0.235294
0.062745
0.035294
0.047059
0.078431
0.066667
0.090196
0.082353
0.054902
0.101961
0.141176
0.090196
0.086275
0.176471
0.203922
0.145098
0.180392
0.231373
0.325490
0.447059
0.517647
0.537255
0.564706
0.588235
0.588235
0.596078
0.564706
0.533333
0.537255
0.564706
0.552941
0.603922
0.556863
0.435294
0.360784
0.305882
0.309804
0.321569
0.352941
0.317647
0.305882
0.278431
0.203922
0.188235
0.192157
0.176471
0.266667
0.462745
0.494118
0.509804
0.564706
0.592157
0.576471
0.545098
0.541176
0.564706
0.592157
0.596078
0.364706
0.368627
0.384314
0.396078
0.411765
0.431373
0.450980
0.462745
0.478431
0.494118
0.509804
0.521569
0.537255
0.552941
0.572549
0.592157
0.615686
0.627451
0.635294
0.647059
0.670588
0.686275
0.690196
0.698039
0.701961
0.717647
0.749020
0.772549
0.776471
0.764706
0.756863
0.760784
0.364706
0.376471
0.392157
0.407843
0.423529
0.443137
0.458824
0.474510
0.486275
0.501961
0.517647
0.529412
0.541176
0.572549
0.588235
0.584314
0.576471
0.607843
0.650980
0.666667
0.690196
0.709804
0.713725
0.705882
0.713725
0.737255
0.764706
0.776471
0.768627
0.752941
0.749020
0.749020
0.376471
0.388235
0.403922
0.423529
0.439216
0.458824
0.474510
0.486275
0.498039
0.513725
0.537255
0.537255
0.541176
0.596078
0.619608
0.596078
0.607843
0.717647
0.831373
0.854902
0.862745
0.882353
0.839216
0.733333
0.729412
0.764706
0.776471
0.776471
0.768627
0.760784
0.752941
0.752941
0.392157
0.400000
0.415686
0.435294
0.454902
0.470588
0.490196
0.501961
0.513725
0.529412
0.541176
0.592157
0.721569
0.807843
0.796078
0.647059
0.666667
0.823529
0.921569
0.937255
0.929412
0.941176
0.823529
0.686275
0.749020
0.776471
0.772549
0.768627
0.760784
0.752941
0.749020
0.752941
0.403922
0.415686
0.431373
0.450980
0.474510
0.490196
0.498039
0.513725
0.529412
0.541176
0.580392
0.796078
0.905882
0.878431
0.843137
0.709804
0.764706
0.894118
0.949020
0.964706
0.956863
0.929412
0.596078
0.545098
0.776471
0.772549
0.764706
0.764706
0.756863
0.756863
0.756863
0.760784
0.415686
0.427451
0.447059
0.462745
0.474510
0.490196
0.525490
0.576471
0.615686
0.627451
0.701961
0.854902
0.839216
0.819608
0.803922
0.776471
0.878431
0.949020
0.960784
0.960784
0.964706
0.807843
0.407843
0.521569
0.780392
0.764706
0.756863
0.756863
0.752941
0.764706
0.768627
0.768627
0.427451
0.443137
0.462745
0.462745
0.486275
0.615686
0.701961
0.741176
0.756863
0.733333
0.705882
0.682353
0.658824
0.670588
0.592157
0.580392
0.800000
0.952941
0.913725
0.784314
0.678431
0.560784
0.474510
0.603922
0.764706
0.752941
0.749020
0.752941
0.752941
0.764706
0.768627
0.768627
0.443137
0.454902
0.474510
0.494118
0.611765
0.737255
0.749020
0.749020
0.725490
0.690196
0.658824
0.611765
0.639216
0.627451
0.537255
0.600000
0.776471
0.925490
0.941176
0.905882
0.831373
0.807843
0.607843
0.662745
0.768627
0.752941
0.752941
0.752941
0.756863
0.768627
0.768627
0.768627
0.458824
0.466667
0.486275
0.584314
0.674510
0.658824
0.631373
0.596078
0.541176
0.505882
0.470588
0.431373
0.435294
0.419608
0.400000
0.576471
0.694118
0.662745
0.647059
0.901961
0.976471
0.956863
0.686275
0.682353
0.776471
0.752941
0.752941
0.749020
0.752941
0.764706
0.760784
0.764706
0.470588
0.478431
0.505882
0.490196
0.411765
0.352941
0.313725
0.286275
0.290196
0.309804
0.337255
0.349020
0.341176
0.368627
0.376471
0.647059
0.635294
0.482353
0.376471
0.705882
0.874510
0.862745
0.725490
0.678431
0.772549
0.749020
0.752941
0.756863
0.756863
0.760784
0.760784
0.764706
0.486275
0.494118
0.517647
0.513725
0.643137
0.647059
0.549020
0.529412
0.517647
0.564706
0.611765
0.623529
0.623529
0.647059
0.611765
0.745098
0.623529
0.505882
0.380392
0.615686
0.862745
0.756863
0.635294
0.733333
0.760784
0.760784
0.764706
0.768627
0.764706
0.768627
0.760784
0.768627
0.501961
0.509804
0.525490
0.623529
0.850980
0.827451
0.756863
0.796078
0.698039
0.686275
0.705882
0.694118
0.654902
0.650980
0.623529
0.756863
0.635294
0.498039
0.290196
0.592157
0.894118
0.847059
0.611765
0.780392
0.780392
0.764706
0.764706
0.764706
0.760784
0.764706
0.760784
0.764706
0.513725
0.521569
0.541176
0.682353
0.764706
0.733333
0.733333
0.756863
0.713725
0.682353
0.670588
0.678431
0.631373
0.611765
0.623529
0.784314
0.639216
0.521569
0.431373
0.600000
0.854902
0.917647
0.596078
0.686275
0.764706
0.768627
0.768627
0.764706
0.760784
0.768627
0.764706
0.764706
0.525490
0.533333
0.560784
0.658824
0.701961
0.741176
0.745098
0.729412
0.647059
0.596078
0.596078
0.639216
0.615686
0.615686
0.678431
0.819608
0.627451
0.549020
0.592157
0.607843
0.890196
0.886275
0.564706
0.717647
0.756863
0.768627
0.764706
0.764706
0.760784
0.768627
0.764706
0.764706
0.533333
0.552941
0.505882
0.443137
0.439216
0.619608
0.701961
0.639216
0.533333
0.513725
0.525490
0.533333
0.541176
0.564706
0.760784
0.850980
0.631373
0.611765
0.658824
0.749020
0.721569
0.674510
0.674510
0.882353
0.776471
0.760784
0.760784
0.764706
0.760784
0.760784
0.756863
0.760784
0.533333
0.623529
0.533333
0.411765
0.407843
0.431373
0.517647
0.560784
0.537255
0.501961
0.509804
0.498039
0.513725
0.549020
0.807843
0.894118
0.772549
0.698039
0.764706
0.752941
0.607843
0.623529
0.807843
0.882353
0.764706
0.760784
0.764706
0.768627
0.764706
0.768627
0.760784
0.760784
0.552941
0.647059
0.678431
0.607843
0.615686
0.713725
0.784314
0.815686
0.729412
0.639216
0.623529
0.682353
0.784314
0.639216
0.654902
0.698039
0.670588
0.619608
0.600000
0.666667
0.682353
0.796078
0.874510
0.866667
0.764706
0.764706
0.764706
0.764706
0.760784
0.764706
0.760784
0.756863
0.592157
0.576471
0.560784
0.525490
0.498039
0.717647
0.890196
0.831373
0.600000
0.505882
0.498039
0.552941
0.615686
0.725490
0.776471
0.729412
0.847059
0.690196
0.749020
0.839216
0.674510
0.945098
0.901961
0.870588
0.772549
0.764706
0.764706
0.760784
0.756863
0.760784
0.756863
0.760784
0.533333
0.403922
0.400000
0.321569
0.290196
0.368627
0.505882
0.450980
0.349020
0.352941
0.388235
0.462745
0.447059
0.458824
0.450980
0.678431
0.749020
0.678431
0.909804
0.827451
0.698039
0.917647
0.839216
0.866667
0.776471
0.768627
0.764706
0.764706
0.760784
0.760784
0.760784
0.764706
0.486275
0.184314
0.129412
0.078431
0.078431
0.094118
0.203922
0.188235
0.113725
0.109804
0.125490
0.168627
0.176471
0.113725
0.227451
0.490196
0.654902
0.709804
0.925490
0.894118
0.843137
0.913725
0.858824
0.866667
0.768627
0.760784
0.760784
0.760784
0.756863
0.760784
0.756863
0.764706
0.521569
0.180392
0.109804
0.098039
0.082353
0.105882
0.207843
0.184314
0.113725
0.109804
0.109804
0.117647
0.090196
0.156863
0.396078
0.596078
0.850980
0.803922
0.941176
0.870588
0.752941
0.862745
0.905882
0.874510
0.745098
0.784314
0.780392
0.772549
0.784314
0.788235
0.772549
0.760784
0.592157
0.223529
0.078431
0.086275
0.062745
0.098039
0.172549
0.105882
0.074510
0.082353
0.066667
0.074510
0.094118
0.164706
0.278431
0.529412
0.733333
0.909804
0.780392
0.458824
0.345098
0.552941
0.788235
0.584314
0.454902
0.654902
0.725490
0.568627
0.529412
0.568627
0.647059
0.752941
0.647059
0.533333
0.411765
0.372549
0.364706
0.356863
0.352941
0.301961
0.286275
0.262745
0.243137
0.231373
0.203922
0.152941
0.160784
0.549020
0.819608
0.874510
0.415686
0.145098
0.125490
0.227451
0.376471
0.223529
0.266667
0.345098
0.458824
0.415686
0.223529
0.219608
0.321569
0.631373
0.627451
0.513725
0.286275
0.270588
0.301961
0.333333
0.356863
0.403922
0.450980
0.478431
0.490196
0.552941
0.701961
0.639216
0.627451
0.796078
0.909804
0.639216
0.196078
0.203922
0.172549
0.145098
0.247059
0.352941
0.631373
0.647059
0.580392
0.772549
0.349020
0.168627
0.180392
0.450980
0.482353
0.215686
0.164706
0.129412
0.137255
0.223529
0.227451
0.207843
0.137255
0.180392
0.231373
0.278431
0.462745
0.525490
0.556863
0.431373
0.364706
0.333333
0.200000
0.196078
0.184314
0.137255
0.254902
0.439216
0.737255
0.705882
0.662745
0.862745
0.329412
0.247059
0.203922
0.356863
0.392157
0.266667
0.376471
0.133333
0.227451
0.478431
0.537255
0.443137
0.109804
0.098039
0.176471
0.290196
0.254902
0.203922
0.180392
0.117647
0.094118
0.184314
0.180392
0.286275
0.196078
0.109804
0.211765
0.423529
0.623529
0.517647
0.635294
0.862745
0.337255
0.368627
0.372549
0.360784
0.384314
0.203922
0.258824
0.133333
0.184314
0.243137
0.250980
0.203922
0.086275
0.066667
0.160784
0.509804
0.396078
0.152941
0.101961
0.109804
0.156863
0.141176
0.247059
0.564706
0.364706
0.109804
0.172549
0.368627
0.450980
0.352941
0.607843
0.725490
0.298039
0.337255
0.415686
0.380392
0.392157
0.262745
0.176471
0.129412
0.129412
0.109804
0.105882
0.090196
0.117647
0.109804
0.133333
0.294118
0.270588
0.184314
0.156863
0.152941
0.180392
0.145098
0.368627
0.603922
0.384314
0.152941
0.094118
0.176471
0.176471
0.176471
0.329412
0.266667
0.098039
0.254902
0.341176
0.388235
0.415686
0.309804
0.141176
0.137255
0.141176
0.125490
0.156863
0.156863
0.160784
0.160784
0.149020
0.211765
0.258824
0.156863
0.152941
0.133333
0.082353
0.172549
0.349020
0.545098
0.474510
0.164706
0.117647
0.129412
0.129412
0.105882
0.098039
0.074510
0.066667
0.149020
0.349020
0.435294
0.400000
0.384314
0.294118
0.270588
0.258824
0.211765
0.152941
0.156863
0.168627
0.172549
0.164706
0.184314
0.219608
0.129412
0.133333
0.160784
0.156863
0.207843
0.247059
0.384314
0.411765
0.129412
0.121569
0.098039
0.129412
0.180392
0.200000
0.235294
0.298039
0.376471
0.447059
0.439216
0.376471
0.376471
0.380392
0.388235
0.396078
0.443137
0.239216
0.121569
0.125490
0.133333
0.156863
0.121569
0.129412
0.176471
0.160784
0.164706
0.192157
0.164706
0.168627
0.223529
0.223529
0.180392
0.235294
0.254902
0.305882
0.364706
0.368627
0.380392
0.435294
0.439216
0.443137
0.458824
0.407843
0.376471
0.380392
0.403922
0.396078
0.474510
0.450980
0.360784
0.309804
0.266667
0.282353
0.305882
0.356863
0.333333
0.305882
0.258824
0.215686
0.223529
0.227451
0.203922
0.258824
0.435294
0.458824
0.447059
0.482353
0.478431
0.403922
0.364706
0.388235
0.415686
0.447059
0.458824
