0.603922
0.600000
0.584314
0.701961
0.772549
0.647059
0.623529
0.643137
0.603922
0.596078
0.611765
0.607843
0.600000
0.603922
0.607843
0.615686
0.615686
0.619608
0.631373
0.635294
0.615686
0.560784
0.513725
0.450980
0.349020
0.278431
0.223529
0.192157
0.188235
0.180392
0.180392
0.180392
0.588235
0.603922
0.607843
0.650980
0.749020
0.839216
0.729412
0.682353
0.592157
0.584314
0.580392
0.576471
0.576471
0.572549
0.568627
0.576471
0.596078
0.592157
0.596078
0.619608
0.619608
0.600000
0.596078
0.576471
0.525490
0.490196
0.396078
0.254902
0.180392
0.172549
0.172549
0.164706
0.749020
0.690196
0.650980
0.662745
0.658824
0.701961
0.784314
0.803922
0.729412
0.717647
0.737255
0.721569
0.662745
0.658824
0.611765
0.627451
0.721569
0.701961
0.686275
0.690196
0.674510
0.631373
0.662745
0.666667
0.650980
0.615686
0.521569
0.231373
0.133333
0.156863
0.152941
0.149020
0.815686
0.631373
0.407843
0.541176
0.525490
0.545098
0.705882
0.698039
0.729412
0.784314
0.823529
0.807843
0.682353
0.678431
0.439216
0.466667
0.788235
0.760784
0.741176
0.749020
0.611765
0.345098
0.615686
0.717647
0.717647
0.694118
0.576471
0.188235
0.086275
0.101961
0.105882
0.109804
0.807843
0.709804
0.541176
0.505882
0.396078
0.517647
0.658824
0.627451
0.729412
0.823529
0.858824
0.819608
0.729412
0.745098
0.372549
0.415686
0.796078
0.752941
0.756863
0.780392
0.572549
0.227451
0.615686
0.741176
0.721569
0.729412
0.713725
0.305882
0.086275
0.086275
0.090196
0.082353
0.690196
0.490196
0.403922
0.454902
0.360784
0.478431
0.627451
0.619608
0.678431
0.725490
0.796078
0.823529
0.745098
0.784314
0.596078
0.623529
0.800000
0.745098
0.764706
0.792157
0.670588
0.474510
0.698039
0.756863
0.729412
0.729412
0.760784
0.313725
0.062745
0.082353
0.101961
0.094118
0.352941
0.207843
0.231373
0.427451
0.352941
0.478431
0.635294
0.584314
0.603922
0.658824
0.698039
0.756863
0.764706
0.807843
0.847059
0.866667
0.843137
0.796078
0.815686
0.815686
0.772549
0.745098
0.760784
0.749020
0.745098
0.756863
0.737255
0.250980
0.050980
0.082353
0.098039
0.078431
0.168627
0.117647
0.243137
0.360784
0.509804
0.600000
0.666667
0.631373
0.549020
0.576471
0.666667
0.737255
0.811765
0.878431
0.874510
0.831373
0.815686
0.749020
0.796078
0.819608
0.780392
0.729412
0.721569
0.721569
0.725490
0.749020
0.678431
0.227451
0.098039
0.117647
0.129412
0.137255
0.301961
0.341176
0.376471
0.376471
0.462745
0.400000
0.592157
0.705882
0.545098
0.521569
0.678431
0.831373
0.901961
0.937255
0.917647
0.800000
0.678431
0.572549
0.576471
0.686275
0.713725
0.701961
0.725490
0.792157
0.854902
0.850980
0.729412
0.337255
0.176471
0.160784
0.176471
0.192157
0.792157
0.811765
0.654902
0.650980
0.741176
0.701961
0.670588
0.694118
0.580392
0.545098
0.737255
0.878431
0.913725
0.941176
0.964706
0.956863
0.890196
0.811765
0.776471
0.847059
0.890196
0.909804
0.933333
0.960784
0.988235
0.988235
0.956863
0.831373
0.623529
0.521569
0.470588
0.423529
0.898039
0.870588
0.713725
0.819608
0.905882
0.909804
0.815686
0.654902
0.619608
0.635294
0.823529
0.874510
0.874510
0.921569
0.956863
0.984314
0.996078
1.000000
1.000000
0.992157
0.984314
0.956863
0.929412
0.921569
0.937255
0.933333
0.945098
0.949020
0.921569
0.839216
0.862745
0.807843
0.870588
0.819608
0.698039
0.858824
0.890196
0.901961
0.882353
0.698039
0.627451
0.760784
0.854902
0.854902
0.874510
0.898039
0.929412
0.960784
0.968627
0.980392
0.984314
0.976471
0.968627
0.937255
0.862745
0.796078
0.819608
0.807843
0.823529
0.843137
0.858824
0.768627
0.839216
0.890196
0.882353
0.749020
0.721569
0.862745
0.878431
0.894118
0.894118
0.792157
0.721569
0.862745
0.843137
0.850980
0.839216
0.819608
0.854902
0.898039
0.921569
0.937255
0.952941
0.945098
0.921569
0.898039
0.839216
0.713725
0.670588
0.658824
0.670588
0.741176
0.792157
0.741176
0.705882
0.870588
0.839216
0.678431
0.776471
0.847059
0.847059
0.874510
0.890196
0.874510
0.843137
0.850980
0.800000
0.792157
0.752941
0.733333
0.800000
0.858824
0.882353
0.898039
0.894118
0.870588
0.847059
0.850980
0.811765
0.654902
0.556863
0.568627
0.627451
0.674510
0.725490
0.698039
0.611765
0.772549
0.772549
0.694118
0.800000
0.847059
0.839216
0.862745
0.874510
0.878431
0.882353
0.811765
0.745098
0.705882
0.635294
0.666667
0.772549
0.831373
0.839216
0.847059
0.823529
0.792157
0.788235
0.792157
0.737255
0.552941
0.478431
0.545098
0.639216
0.658824
0.650980
0.603922
0.600000
0.733333
0.752941
0.760784
0.827451
0.811765
0.819608
0.831373
0.831373
0.854902
0.839216
0.737255
0.686275
0.643137
0.537255
0.588235
0.721569
0.768627
0.772549
0.776471
0.752941
0.729412
0.717647
0.670588
0.580392
0.450980
0.439216
0.588235
0.674510
0.662745
0.615686
0.564706
0.623529
0.713725
0.725490
0.752941
0.776471
0.752941
0.737255
0.800000
0.800000
0.811765
0.752941
0.603922
0.588235
0.596078
0.486275
0.494118
0.643137
0.682353
0.694118
0.701961
0.694118
0.674510
0.623529
0.533333
0.443137
0.360784
0.392157
0.611765
0.682353
0.631373
0.588235
0.552941
0.623529
0.682353
0.721569
0.733333
0.752941
0.752941
0.725490
0.772549
0.760784
0.772549
0.741176
0.521569
0.521569
0.545098
0.431373
0.407843
0.556863
0.611765
0.631373
0.639216
0.635294
0.600000
0.517647
0.427451
0.364706
0.388235
0.321569
0.466667
0.619608
0.564706
0.521569
0.545098
0.647059
0.674510
0.705882
0.686275
0.713725
0.721569
0.709804
0.725490
0.709804
0.705882
0.737255
0.623529
0.600000
0.537255
0.407843
0.380392
0.462745
0.490196
0.494118
0.501961
0.482353
0.450980
0.423529
0.411765
0.505882
0.662745
0.521569
0.235294
0.372549
0.439216
0.419608
0.545098
0.658824
0.666667
0.670588
0.670588
0.670588
0.694118
0.698039
0.694118
0.674510
0.694118
0.717647
0.698039
0.650980
0.592157
0.462745
0.470588
0.556863
0.509804
0.462745
0.431373
0.407843
0.431373
0.490196
0.592157
0.694118
0.725490
0.666667
0.278431
0.196078
0.337255
0.376471
0.545098
0.658824
0.654902
0.603922
0.615686
0.619608
0.650980
0.713725
0.698039
0.694118
0.666667
0.674510
0.666667
0.611765
0.560784
0.474510
0.525490
0.729412
0.737255
0.678431
0.635294
0.631373
0.670588
0.686275
0.682353
0.682353
0.717647
0.725490
0.415686
0.184314
0.352941
0.470588
0.560784
0.639216
0.647059
0.596078
0.580392
0.560784
0.494118
0.592157
0.588235
0.596078
0.584314
0.600000
0.635294
0.647059
0.560784
0.494118
0.545098
0.666667
0.650980
0.701961
0.698039
0.698039
0.694118
0.654902
0.658824
0.686275
0.670588
0.717647
0.552941
0.235294
0.376471
0.454902
0.470588
0.592157
0.635294
0.537255
0.545098
0.529412
0.498039
0.564706
0.603922
0.576471
0.545098
0.537255
0.564706
0.658824
0.619608
0.533333
0.490196
0.568627
0.600000
0.666667
0.662745
0.596078
0.584314
0.584314
0.623529
0.654902
0.647059
0.694118
0.639216
0.333333
0.356863
0.411765
0.352941
0.517647
0.623529
0.576471
0.568627
0.588235
0.576471
0.560784
0.600000
0.533333
0.525490
0.537255
0.545098
0.635294
0.631373
0.517647
0.478431
0.596078
0.607843
0.596078
0.600000
0.580392
0.584314
0.592157
0.584314
0.552941
0.556863
0.615686
0.611765
0.376471
0.337255
0.486275
0.400000
0.458824
0.584314
0.545098
0.556863
0.580392
0.541176
0.541176
0.584314
0.541176
0.564706
0.584314
0.580392
0.588235
0.603922
0.466667
0.427451
0.560784
0.552941
0.513725
0.509804
0.513725
0.521569
0.478431
0.462745
0.431373
0.450980
0.498039
0.541176
0.380392
0.392157
0.584314
0.454902
0.419608
0.560784
0.521569
0.517647
0.545098
0.521569
0.549020
0.556863
0.568627
0.549020
0.545098
0.549020
0.552941
0.568627
0.423529
0.341176
0.431373
0.498039
0.525490
0.450980
0.411765
0.443137
0.439216
0.407843
0.392157
0.388235
0.423529
0.490196
0.384314
0.415686
0.564706
0.494118
0.427451
0.549020
0.533333
0.549020
0.584314
0.549020
0.549020
0.529412
0.580392
0.549020
0.549020
0.494118
0.439216
0.478431
0.403922
0.356863
0.419608
0.458824
0.454902
0.364706
0.329412
0.360784
0.380392
0.400000
0.415686
0.411765
0.419608
0.435294
0.349020
0.419608
0.545098
0.474510
0.439216
0.541176
0.521569
0.521569
0.525490
0.529412
0.529412
0.498039
0.513725
0.521569
0.541176
0.490196
0.431373
0.419608
0.423529
0.427451
0.400000
0.411765
0.384314
0.345098
0.321569
0.345098
0.325490
0.345098
0.403922
0.415686
0.423529
0.392157
0.392157
0.423529
0.447059
0.411765
0.443137
0.537255
0.490196
0.498039
0.498039
0.521569
0.537255
0.501961
0.470588
0.474510
0.517647
0.525490
0.494118
0.419608
0.431373
0.462745
0.419608
0.415686
0.415686
0.384314
0.352941
0.368627
0.364706
0.333333
0.356863
0.376471
0.384314
0.384314
0.384314
0.419608
0.419608
0.439216
0.447059
0.470588
0.501961
0.494118
0.517647
0.517647
0.482353
0.486275
0.509804
0.505882
0.482353
0.431373
0.450980
0.435294
0.490196
0.384314
0.352941
0.372549
0.360784
0.372549
0.360784
0.337255
0.349020
0.360784
0.349020
0.368627
0.360784
0.380392
0.329412
0.376471
0.384314
0.403922
0.372549
0.376471
0.560784
0.494118
0.501961
0.521569
0.537255
0.560784
0.549020
0.552941
0.494118
0.411765
0.435294
0.415686
0.431373
0.309804
0.286275
0.341176
0.349020
0.380392
0.341176
0.321569
0.341176
0.360784
0.372549
0.388235
0.254902
0.207843
0.290196
0.325490
0.321569
0.368627
0.411765
0.368627
0.533333
0.474510
0.517647
0.529412
0.556863
0.529412
0.490196
0.494118
0.470588
0.470588
0.482353
0.427451
0.294118
0.337255
0.352941
0.337255
0.431373
0.458824
0.427451
0.423529
0.411765
0.392157
0.400000
0.423529
0.380392
0.349020
0.349020
0.368627
0.356863
0.298039
0.309804
0.403922
0.333333
0.313725
0.345098
0.549020
0.650980
0.454902
0.352941
0.352941
0.337255
0.333333
0.341176
0.337255
0.329412
0.333333
0.325490
0.329412
0.333333
0.333333
0.337255
0.329412
0.337255
0.337255
0.337255
0.317647
0.262745
0.211765
0.160784
0.137255
0.141176
0.145098
0.145098
0.145098
0.400000
0.403922
0.439216
0.545098
0.698039
0.752941
0.580392
0.513725
0.435294
0.403922
0.396078
0.392157
0.392157
0.388235
0.376471
0.384314
0.400000
0.400000
0.392157
0.384314
0.384314
0.380392
0.388235
0.392157
0.380392
0.368627
0.305882
0.188235
0.133333
0.141176
0.145098
0.137255
0.705882
0.643137
0.619608
0.658824
0.666667
0.686275
0.729412
0.733333
0.658824
0.662745
0.686275
0.670588
0.607843
0.607843
0.560784
0.580392
0.674510
0.654902
0.639216
0.650980
0.631373
0.580392
0.607843
0.603922
0.576471
0.560784
0.494118
0.231373
0.141176
0.145098
0.137255
0.129412
0.839216
0.654902
0.431373
0.560784
0.537255
0.552941
0.701961
0.670588
0.694118
0.780392
0.831373
0.815686
0.686275
0.686275
0.458824
0.486275
0.807843
0.776471
0.760784
0.784314
0.647059
0.376471
0.643137
0.733333
0.709804
0.686275
0.576471
0.196078
0.098039
0.098039
0.098039
0.101961
0.807843
0.713725
0.533333
0.486275
0.388235
0.525490
0.662745
0.600000
0.674510
0.796078
0.839216
0.803922
0.713725
0.737255
0.368627
0.411765
0.796078
0.752941
0.760784
0.764706
0.556863
0.215686
0.611765
0.733333
0.709804
0.709804
0.686275
0.270588
0.058824
0.078431
0.082353
0.074510
0.694118
0.490196
0.392157
0.439216
0.360784
0.482353
0.615686
0.560784
0.584314
0.658824
0.745098
0.784314
0.725490
0.776471
0.576471
0.603922
0.788235
0.745098
0.764706
0.788235
0.662745
0.470588
0.698039
0.752941
0.713725
0.713725
0.741176
0.290196
0.039216
0.066667
0.090196
0.078431
0.360784
0.207843
0.227451
0.415686
0.352941
0.486275
0.623529
0.529412
0.509804
0.592157
0.647059
0.721569
0.749020
0.807843
0.823529
0.843137
0.835294
0.800000
0.823529
0.819608
0.776471
0.752941
0.764706
0.752941
0.729412
0.741176
0.725490
0.235294
0.035294
0.066667
0.082353
0.062745
0.176471
0.117647
0.239216
0.349020
0.505882
0.603922
0.662745
0.592157
0.474510
0.517647
0.619608
0.705882
0.800000
0.878431
0.850980
0.807843
0.807843
0.749020
0.803922
0.823529
0.784314
0.733333
0.725490
0.721569
0.713725
0.733333
0.662745
0.211765
0.082353
0.101961
0.113725
0.125490
0.309804
0.341176
0.372549
0.360784
0.450980
0.403922
0.596078
0.686275
0.490196
0.462745
0.631373
0.800000
0.894118
0.937255
0.890196
0.776471
0.670588
0.572549
0.584314
0.694118
0.717647
0.705882
0.733333
0.792157
0.839216
0.835294
0.713725
0.321569
0.160784
0.145098
0.160784
0.176471
0.803922
0.815686
0.650980
0.635294
0.725490
0.701961
0.682353
0.690196
0.545098
0.486275
0.682353
0.839216
0.898039
0.937255
0.941176
0.929412
0.882353
0.815686
0.784314
0.850980
0.894118
0.913725
0.937255
0.960784
0.972549
0.972549
0.945098
0.815686
0.607843
0.505882
0.454902
0.407843
0.898039
0.866667
0.705882
0.803922
0.890196
0.905882
0.819608
0.650980
0.596078
0.596078
0.784314
0.847059
0.862745
0.917647
0.937255
0.964706
0.984314
0.996078
1.000000
0.996078
0.984314
0.960784
0.933333
0.921569
0.921569
0.921569
0.933333
0.941176
0.917647
0.831373
0.847059
0.788235
0.854902
0.807843
0.682353
0.843137
0.874510
0.886275
0.870588
0.682353
0.611765
0.756863
0.854902
0.854902
0.874510
0.901961
0.917647
0.941176
0.952941
0.964706
0.976471
0.976471
0.968627
0.937255
0.862745
0.792157
0.807843
0.800000
0.819608
0.847059
0.870588
0.772549
0.819608
0.858824
0.866667
0.733333
0.705882
0.847059
0.862745
0.878431
0.878431
0.776471
0.709804
0.862745
0.847059
0.854902
0.843137
0.819608
0.843137
0.882353
0.905882
0.921569
0.941176
0.945098
0.921569
0.898039
0.839216
0.713725
0.658824
0.650980
0.666667
0.749020
0.803922
0.741176
0.686275
0.835294
0.823529
0.662745
0.760784
0.831373
0.831373
0.858824
0.874510
0.858824
0.831373
0.850980
0.803922
0.796078
0.756863
0.733333
0.788235
0.843137
0.866667
0.882353
0.882353
0.866667
0.847059
0.850980
0.811765
0.650980
0.545098
0.564706
0.627451
0.682353
0.733333
0.690196
0.584314
0.737255
0.756863
0.678431
0.784314
0.831373
0.823529
0.847059
0.858824
0.862745
0.870588
0.811765
0.749020
0.709804
0.643137
0.666667
0.756863
0.815686
0.823529
0.827451
0.811765
0.788235
0.788235
0.792157
0.737255
0.552941
0.466667
0.545098
0.639216
0.670588
0.658824
0.584314
0.560784
0.690196
0.737255
0.745098
0.811765
0.796078
0.803922
0.815686
0.815686
0.839216
0.823529
0.737255
0.690196
0.647059
0.541176
0.588235
0.705882
0.752941
0.756863
0.760784
0.737255
0.725490
0.717647
0.670588
0.580392
0.447059
0.427451
0.588235
0.678431
0.674510
0.623529
0.541176
0.580392
0.662745
0.701961
0.729412
0.752941
0.725490
0.713725
0.776471
0.772549
0.784314
0.729412
0.600000
0.588235
0.600000
0.486275
0.494118
0.619608
0.654902
0.666667
0.674510
0.670588
0.658824
0.611765
0.525490
0.431373
0.349020
0.384314
0.607843
0.690196
0.647059
0.607843
0.552941
0.588235
0.627451
0.686275
0.698039
0.717647
0.717647
0.690196
0.737255
0.725490
0.737255
0.709804
0.513725
0.521569
0.541176
0.431373
0.400000
0.525490
0.572549
0.596078
0.603922
0.600000
0.572549
0.490196
0.403922
0.341176
0.368627
0.305882
0.458824
0.627451
0.580392
0.552941
0.572549
0.623529
0.619608
0.674510
0.654902
0.678431
0.690196
0.674510
0.690196
0.678431
0.674510
0.709804
0.611765
0.588235
0.525490
0.400000
0.368627
0.435294
0.458824
0.462745
0.466667
0.450980
0.427451
0.400000
0.388235
0.478431
0.635294
0.501961
0.223529
0.368627
0.450980
0.443137
0.564706
0.627451
0.603922
0.639216
0.639216
0.643137
0.666667
0.666667
0.666667
0.647059
0.666667
0.690196
0.674510
0.627451
0.568627
0.439216
0.447059
0.525490
0.478431
0.431373
0.400000
0.380392
0.407843
0.466667
0.564706
0.662745
0.690196
0.639216
0.258824
0.184314
0.337255
0.388235
0.552941
0.619608
0.588235
0.576471
0.588235
0.592157
0.623529
0.686275
0.670588
0.666667
0.639216
0.647059
0.635294
0.576471
0.525490
0.439216
0.490196
0.694118
0.705882
0.647059
0.600000
0.600000
0.643137
0.658824
0.650980
0.650980
0.682353
0.690196
0.384314
0.168627
0.345098
0.474510
0.552941
0.588235
0.572549
0.568627
0.552941
0.529412
0.462745
0.560784
0.556863
0.564706
0.556863
0.572549
0.596078
0.603922
0.517647
0.450980
0.505882
0.627451
0.611765
0.662745
0.662745
0.658824
0.662745
0.623529
0.631373
0.658824
0.639216
0.678431
0.517647
0.211765
0.364706
0.450980
0.454902
0.533333
0.552941
0.494118
0.501961
0.486275
0.454902
0.525490
0.560784
0.533333
0.505882
0.498039
0.517647
0.611765
0.572549
0.486275
0.450980
0.533333
0.564706
0.631373
0.623529
0.560784
0.552941
0.552941
0.596078
0.627451
0.619608
0.658824
0.607843
0.305882
0.333333
0.396078
0.329412
0.450980
0.537255
0.525490
0.517647
0.537255
0.525490
0.509804
0.549020
0.482353
0.474510
0.486275
0.494118
0.584314
0.584314
0.474510
0.435294
0.564706
0.576471
0.564706
0.568627
0.549020
0.556863
0.564706
0.556863
0.525490
0.529412
0.584314
0.580392
0.345098
0.305882
0.458824
0.368627
0.388235
0.494118
0.494118
0.505882
0.529412
0.490196
0.490196
0.533333
0.490196
0.513725
0.533333
0.529412
0.537255
0.556863
0.419608
0.384314
0.525490
0.521569
0.482353
0.478431
0.486275
0.494118
0.450980
0.435294
0.403922
0.423529
0.470588
0.513725
0.352941
0.364706
0.560784
0.423529
0.349020
0.466667
0.470588
0.466667
0.490196
0.470588
0.498039
0.505882
0.517647
0.498039
0.494118
0.498039
0.501961
0.521569
0.376471
0.298039
0.400000
0.466667
0.494118
0.419608
0.380392
0.415686
0.411765
0.380392
0.364706
0.360784
0.400000
0.462745
0.356863
0.388235
0.541176
0.458824
0.352941
0.454902
0.482353
0.498039
0.533333
0.498039
0.498039
0.478431
0.529412
0.498039
0.498039
0.443137
0.388235
0.427451
0.360784
0.313725
0.384314
0.427451
0.423529
0.333333
0.298039
0.333333
0.352941
0.372549
0.388235
0.384314
0.396078
0.411765
0.325490
0.396078
0.521569
0.439216
0.360784
0.447059
0.470588
0.474510
0.478431
0.482353
0.482353
0.447059
0.466667
0.474510
0.494118
0.439216
0.384314
0.376471
0.380392
0.388235
0.368627
0.376471
0.352941
0.313725
0.290196
0.317647
0.298039
0.317647
0.376471
0.388235
0.400000
0.368627
0.368627
0.400000
0.423529
0.376471
0.368627
0.447059
0.454902
0.462745
0.462745
0.486275
0.501961
0.462745
0.431373
0.435294
0.478431
0.490196
0.458824
0.384314
0.396078
0.427451
0.384314
0.384314
0.384314
0.349020
0.317647
0.337255
0.337255
0.305882
0.329412
0.349020
0.352941
0.352941
0.352941
0.388235
0.384314
0.400000
0.400000
0.419608
0.470588
0.462745
0.486275
0.486275
0.450980
0.450980
0.474510
0.470588
0.447059
0.400000
0.423529
0.403922
0.458824
0.352941
0.317647
0.337255
0.325490
0.337255
0.325490
0.305882
0.321569
0.333333
0.321569
0.337255
0.325490
0.345098
0.294118
0.341176
0.349020
0.368627
0.337255
0.341176
0.529412
0.462745
0.470588
0.490196
0.501961
0.525490
0.513725
0.517647
0.458824
0.376471
0.403922
0.384314
0.400000
0.278431
0.250980
0.305882
0.313725
0.345098
0.305882
0.294118
0.313725
0.333333
0.345098
0.360784
0.219608
0.172549
0.254902
0.290196
0.286275
0.333333
0.376471
0.333333
0.501961
0.443137
0.486275
0.498039
0.525490
0.494118
0.454902
0.458824
0.435294
0.439216
0.450980
0.396078
0.262745
0.305882
0.317647
0.301961
0.396078
0.423529
0.392157
0.396078
0.384314
0.364706
0.372549
0.392157
0.345098
0.313725
0.313725
0.333333
0.321569
0.262745
0.274510
0.368627
0.266667
0.266667
0.298039
0.482353
0.588235
0.384314
0.266667
0.262745
0.250980
0.227451
0.231373
0.227451
0.219608
0.223529
0.223529
0.227451
0.227451
0.231373
0.235294
0.227451
0.239216
0.247059
0.254902
0.243137
0.203922
0.156863
0.113725
0.098039
0.105882
0.101961
0.105882
0.101961
0.376471
0.392157
0.423529
0.517647
0.662745
0.701961
0.509804
0.443137
0.368627
0.325490
0.309804
0.305882
0.305882
0.301961
0.282353
0.286275
0.301961
0.298039
0.294118
0.278431
0.282353
0.294118
0.309804
0.333333
0.352941
0.349020
0.282353
0.168627
0.109804
0.101961
0.101961
0.094118
0.698039
0.631373
0.596078
0.627451
0.650980
0.654902
0.670588
0.666667
0.611765
0.643137
0.674510
0.658824
0.596078
0.592157
0.533333
0.545098
0.643137
0.623529
0.603922
0.596078
0.580392
0.541176
0.572549
0.576471
0.552941
0.533333
0.470588
0.211765
0.117647
0.109804
0.101961
0.098039
0.843137
0.647059
0.407843
0.537255
0.537255
0.529412
0.639216
0.607843
0.654902
0.780392
0.839216
0.819608
0.690196
0.694118
0.458824
0.486275
0.811765
0.780392
0.764706
0.784314
0.647059
0.376471
0.643137
0.725490
0.682353
0.662745
0.560784
0.192157
0.090196
0.074510
0.074510
0.078431
0.827451
0.717647
0.521569
0.474510
0.388235
0.498039
0.600000
0.537255
0.631373
0.760784
0.815686
0.784314
0.698039
0.717647
0.352941
0.400000
0.784314
0.741176
0.752941
0.776471
0.568627
0.219608
0.607843
0.725490
0.690196
0.698039
0.686275
0.286275
0.070588
0.062745
0.062745
0.058824
0.705882
0.490196
0.388235
0.423529
0.329412
0.450980
0.576471
0.509804
0.513725
0.584314
0.701961
0.776471
0.729412
0.768627
0.564706
0.592157
0.772549
0.729412
0.749020
0.776471
0.650980
0.454902
0.678431
0.733333
0.701961
0.701961
0.733333
0.286275
0.035294
0.054902
0.078431
0.066667
0.368627
0.211765
0.223529
0.400000
0.321569
0.458824
0.600000
0.482353
0.431373
0.490196
0.580392
0.698039
0.737255
0.788235
0.811765
0.831373
0.819608
0.780392
0.803922
0.800000
0.756863
0.733333
0.745098
0.733333
0.717647
0.729412
0.713725
0.223529
0.023529
0.054902
0.070588
0.050980
0.188235
0.117647
0.231373
0.333333
0.482353
0.584314
0.639216
0.549020
0.396078
0.400000
0.529412
0.662745
0.764706
0.843137
0.835294
0.796078
0.792157
0.733333
0.784314
0.803922
0.764706
0.713725
0.705882
0.701961
0.698039
0.721569
0.650980
0.200000
0.070588
0.090196
0.101961
0.113725
0.321569
0.341176
0.364706
0.349020
0.435294
0.392157
0.584314
0.647059
0.415686
0.349020
0.545098
0.760784
0.862745
0.901961
0.878431
0.768627
0.654902
0.556863
0.564706
0.674510
0.698039
0.686275
0.713725
0.776471
0.827451
0.823529
0.701961
0.309804
0.149020
0.133333
0.149020
0.164706
0.811765
0.815686
0.643137
0.623529
0.721569
0.705882
0.674510
0.650980
0.470588
0.392157
0.619608
0.823529
0.898039
0.925490
0.929412
0.921569
0.866667
0.796078
0.764706
0.831373
0.874510
0.894118
0.917647
0.941176
0.960784
0.960784
0.933333
0.800000
0.592157
0.494118
0.443137
0.396078
0.905882
0.870588
0.701961
0.796078
0.890196
0.909804
0.819608
0.627451
0.549020
0.537255
0.749020
0.843137
0.866667
0.909804
0.925490
0.952941
0.972549
0.980392
0.984314
0.980392
0.972549
0.949020
0.921569
0.909804
0.917647
0.917647
0.933333
0.941176
0.913725
0.815686
0.831373
0.776471
0.858824
0.811765
0.686275
0.847059
0.878431
0.890196
0.874510
0.686275
0.607843
0.741176
0.835294
0.839216
0.858824
0.882353
0.901961
0.929412
0.941176
0.952941
0.964706
0.972549
0.964706
0.937255
0.862745
0.792157
0.807843
0.811765
0.839216
0.870588
0.886275
0.756863
0.800000
0.847059
0.870588
0.737255
0.709804
0.850980
0.866667
0.882353
0.882353
0.780392
0.709804
0.850980
0.827451
0.835294
0.823529
0.800000
0.827451
0.870588
0.894118
0.909804
0.929412
0.945098
0.921569
0.898039
0.839216
0.709804
0.654902
0.654902
0.682353
0.772549
0.819608
0.725490
0.650980
0.807843
0.827451
0.666667
0.764706
0.835294
0.835294
0.862745
0.878431
0.862745
0.831373
0.835294
0.784314
0.776471
0.737255
0.713725
0.772549
0.831373
0.854902
0.870588
0.870588
0.866667
0.847059
0.850980
0.811765
0.647059
0.529412
0.552941
0.631373
0.698039
0.749020
0.678431
0.537255
0.682353
0.760784
0.682353
0.788235
0.835294
0.827451
0.850980
0.862745
0.866667
0.870588
0.796078
0.729412
0.690196
0.619608
0.650980
0.745098
0.803922
0.811765
0.815686
0.800000
0.788235
0.788235
0.792157
0.737255
0.545098
0.447059
0.525490
0.631373
0.670588
0.670588
0.580392
0.498039
0.611765
0.741176
0.749020
0.815686
0.800000
0.807843
0.819608
0.819608
0.843137
0.827451
0.721569
0.666667
0.627451
0.521569
0.568627
0.694118
0.741176
0.745098
0.749020
0.729412
0.725490
0.717647
0.666667
0.580392
0.443137
0.403922
0.564706
0.662745
0.666667
0.627451
0.537255
0.505882
0.568627
0.705882
0.733333
0.756863
0.733333
0.717647
0.780392
0.780392
0.788235
0.729412
0.576471
0.560784
0.572549
0.458824
0.466667
0.607843
0.647059
0.658824
0.666667
0.658824
0.650980
0.596078
0.498039
0.396078
0.313725
0.360784
0.588235
0.674510
0.635294
0.603922
0.533333
0.498039
0.521569
0.686275
0.701961
0.721569
0.717647
0.694118
0.741176
0.729412
0.741176
0.705882
0.482353
0.482353
0.505882
0.392157
0.364706
0.505882
0.556863
0.580392
0.588235
0.580392
0.541176
0.450980
0.352941
0.278431
0.313725
0.294118
0.454902
0.615686
0.564706
0.537255
0.533333
0.525490
0.505882
0.666667
0.647059
0.674510
0.682353
0.670588
0.686275
0.670588
0.666667
0.698039
0.580392
0.552941
0.490196
0.364706
0.329412
0.392157
0.415686
0.419608
0.427451
0.403922
0.368627
0.345098
0.345098
0.443137
0.611765
0.486275
0.211765
0.352941
0.427451
0.423529
0.529412
0.533333
0.482353
0.619608
0.623529
0.623529
0.647059
0.647059
0.647059
0.627451
0.647059
0.670588
0.643137
0.596078
0.537255
0.407843
0.411765
0.478431
0.427451
0.380392
0.349020
0.325490
0.341176
0.411765
0.533333
0.654902
0.690196
0.623529
0.235294
0.160784
0.309804
0.364706
0.525490
0.525490
0.454902
0.545098
0.556863
0.560784
0.592157
0.654902
0.639216
0.635294
0.607843
0.615686
0.603922
0.549020
0.498039
0.411765
0.458824
0.654902
0.662745
0.607843
0.560784
0.560784
0.603922
0.627451
0.631373
0.639216
0.670588
0.662745
0.356863
0.133333
0.305882
0.447059
0.537255
0.498039
0.431373
0.529412
0.513725
0.494118
0.427451
0.525490
0.521569
0.529412
0.517647
0.533333
0.568627
0.580392
0.494118
0.423529
0.478431
0.607843
0.596078
0.647059
0.647059
0.647059
0.662745
0.615686
0.611765
0.627451
0.603922
0.643137
0.482353
0.172549
0.321569
0.423529
0.439216
0.439216
0.407843
0.454902
0.466667
0.450980
0.419608
0.486275
0.525490
0.498039
0.466667
0.462745
0.486275
0.576471
0.533333
0.439216
0.400000
0.501961
0.537255
0.603922
0.596078
0.537255
0.541176
0.537255
0.568627
0.592157
0.584314
0.639216
0.584314
0.282353
0.309804
0.372549
0.286275
0.337255
0.380392
0.490196
0.482353
0.501961
0.490196
0.474510
0.513725
0.447059
0.439216
0.454902
0.462745
0.545098
0.533333
0.407843
0.368627
0.517647
0.533333
0.521569
0.525490
0.505882
0.521569
0.533333
0.525490
0.494118
0.501961
0.568627
0.564706
0.329412
0.290196
0.439216
0.313725
0.266667
0.341176
0.458824
0.470588
0.494118
0.454902
0.454902
0.498039
0.454902
0.478431
0.498039
0.498039
0.498039
0.505882
0.356863
0.317647
0.478431
0.478431
0.439216
0.435294
0.443137
0.462745
0.419608
0.403922
0.372549
0.392157
0.443137
0.486275
0.325490
0.337255
0.533333
0.372549
0.235294
0.325490
0.435294
0.431373
0.454902
0.435294
0.462745
0.470588
0.482353
0.462745
0.458824
0.462745
0.462745
0.470588
0.313725
0.231373
0.349020
0.423529
0.450980
0.376471
0.337255
0.384314
0.380392
0.349020
0.333333
0.329412
0.360784
0.423529
0.317647
0.349020
0.509804
0.419608
0.250980
0.325490
0.447059
0.462745
0.498039
0.462745
0.462745
0.443137
0.494118
0.458824
0.462745
0.407843
0.352941
0.380392
0.294118
0.247059
0.337255
0.384314
0.380392
0.290196
0.258824
0.301961
0.321569
0.341176
0.356863
0.349020
0.352941
0.364706
0.278431
0.345098
0.482353
0.407843
0.266667
0.325490
0.435294
0.439216
0.447059
0.450980
0.447059
0.411765
0.431373
0.439216
0.458824
0.407843
0.345098
0.325490
0.317647
0.325490
0.321569
0.337255
0.313725
0.270588
0.250980
0.286275
0.266667
0.286275
0.345098
0.352941
0.349020
0.317647
0.321569
0.349020
0.384314
0.349020
0.286275
0.341176
0.435294
0.443137
0.443137
0.466667
0.474510
0.431373
0.403922
0.403922
0.447059
0.450980
0.419608
0.337255
0.345098
0.380392
0.349020
0.352941
0.352941
0.317647
0.286275
0.305882
0.305882
0.274510
0.298039
0.317647
0.317647
0.317647
0.317647
0.352941
0.356863
0.376471
0.356863
0.372549
0.458824
0.450980
0.474510
0.470588
0.427451
0.423529
0.447059
0.443137
0.419608
0.360784
0.376471
0.364706
0.415686
0.309804
0.286275
0.309804
0.298039
0.309804
0.298039
0.278431
0.290196
0.301961
0.290196
0.309804
0.298039
0.317647
0.266667
0.313725
0.321569
0.341176
0.309804
0.313725
0.513725
0.450980
0.458824
0.478431
0.478431
0.498039
0.486275
0.490196
0.427451
0.337255
0.360784
0.341176
0.356863
0.235294
0.219608
0.278431
0.286275
0.317647
0.278431
0.262745
0.282353
0.301961
0.313725
0.329412
0.192157
0.145098
0.227451
0.262745
0.258824
0.305882
0.349020
0.301961
0.490196
0.431373
0.474510
0.486275
0.498039
0.466667
0.427451
0.431373
0.403922
0.400000
0.407843
0.356863
0.219608
0.262745
0.290196
0.274510
0.368627
0.396078
0.364706
0.364706
0.352941
0.333333
0.341176
0.360784
0.317647
0.286275
0.286275
0.305882
0.294118
0.235294
0.247059
0.341176
