0.254902
0.258824
0.262745
0.270588
0.270588
0.270588
0.282353
0.298039
0.313725
0.313725
0.305882
0.301961
0.301961
0.298039
0.282353
0.258824
0.239216
0.219608
0.203922
0.184314
0.168627
0.156863
0.141176
0.129412
0.113725
0.101961
0.086275
0.070588
0.058824
0.050980
0.047059
0.047059
0.247059
0.254902
0.262745
0.274510
0.282353
0.321569
0.427451
0.494118
0.525490
0.505882
0.435294
0.376471
0.333333
0.317647
0.301961
0.274510
0.250980
0.227451
0.211765
0.196078
0.172549
0.156863
0.145098
0.129412
0.117647
0.105882
0.090196
0.078431
0.070588
0.066667
0.062745
0.066667
0.254902
0.258824
0.274510
0.286275
0.349020
0.505882
0.549020
0.588235
0.623529
0.635294
0.619608
0.537255
0.411765
0.337255
0.305882
0.282353
0.258824
0.239216
0.223529
0.203922
0.184314
0.164706
0.152941
0.137255
0.125490
0.113725
0.098039
0.086275
0.078431
0.078431
0.078431
0.082353
0.266667
0.282353
0.317647
0.349020
0.419608
0.474510
0.337255
0.380392
0.494118
0.517647
0.615686
0.631373
0.537255
0.411765
0.309804
0.290196
0.266667
0.247059
0.231373
0.211765
0.196078
0.180392
0.168627
0.149020
0.137255
0.125490
0.113725
0.101961
0.098039
0.098039
0.101961
0.109804
0.270588
0.301961
0.329412
0.352941
0.447059
0.470588
0.435294
0.447059
0.556863
0.584314
0.639216
0.694118
0.666667
0.592157
0.431373
0.294118
0.270588
0.262745
0.247059
0.223529
0.200000
0.192157
0.180392
0.164706
0.152941
0.137255
0.129412
0.117647
0.113725
0.117647
0.125490
0.133333
0.286275
0.294118
0.294118
0.298039
0.415686
0.623529
0.650980
0.560784
0.552941
0.615686
0.694118
0.729412
0.725490
0.713725
0.631373
0.380392
0.274510
0.282353
0.262745
0.231373
0.203922
0.200000
0.192157
0.180392
0.168627
0.156863
0.145098
0.141176
0.137255
0.141176
0.145098
0.152941
0.286275
0.298039
0.313725
0.305882
0.400000
0.733333
0.764706
0.701961
0.686275
0.694118
0.698039
0.694118
0.686275
0.650980
0.650980
0.537255
0.356863
0.278431
0.258824
0.243137
0.231373
0.215686
0.207843
0.200000
0.188235
0.180392
0.176471
0.168627
0.164706
0.168627
0.168627
0.168627
0.290196
0.298039
0.301961
0.309804
0.345098
0.619608
0.764706
0.721569
0.717647
0.662745
0.639216
0.666667
0.615686
0.627451
0.611765
0.627451
0.541176
0.356863
0.250980
0.250980
0.243137
0.227451
0.219608
0.215686
0.215686
0.211765
0.203922
0.192157
0.192157
0.192157
0.192157
0.192157
0.286275
0.298039
0.301961
0.313725
0.333333
0.596078
0.780392
0.745098
0.756863
0.690196
0.705882
0.650980
0.658824
0.701961
0.615686
0.674510
0.662745
0.533333
0.360784
0.254902
0.235294
0.227451
0.227451
0.227451
0.227451
0.223529
0.223529
0.219608
0.219608
0.215686
0.219608
0.219608
0.286275
0.298039
0.305882
0.317647
0.333333
0.600000
0.807843
0.780392
0.800000
0.760784
0.729412
0.733333
0.725490
0.721569
0.654902
0.615686
0.650980
0.650980
0.529412
0.345098
0.219608
0.227451
0.227451
0.227451
0.231373
0.231373
0.231373
0.235294
0.239216
0.235294
0.239216
0.243137
0.286275
0.298039
0.305882
0.317647
0.321569
0.525490
0.807843
0.807843
0.831373
0.839216
0.709804
0.772549
0.717647
0.713725
0.764706
0.674510
0.603922
0.717647
0.592157
0.549020
0.329412
0.227451
0.231373
0.227451
0.235294
0.243137
0.243137
0.243137
0.250980
0.254902
0.254902
0.262745
0.286275
0.294118
0.301961
0.313725
0.317647
0.419608
0.764706
0.898039
0.847059
0.811765
0.733333
0.752941
0.745098
0.705882
0.749020
0.760784
0.627451
0.666667
0.749020
0.670588
0.556863
0.321569
0.231373
0.235294
0.239216
0.254902
0.258824
0.262745
0.270588
0.278431
0.278431
0.282353
0.282353
0.294118
0.301961
0.313725
0.317647
0.352941
0.705882
0.941176
0.878431
0.807843
0.733333
0.678431
0.694118
0.733333
0.776471
0.800000
0.698039
0.650980
0.756863
0.698039
0.650980
0.513725
0.266667
0.243137
0.250980
0.262745
0.270588
0.274510
0.286275
0.290196
0.294118
0.298039
0.274510
0.286275
0.298039
0.309804
0.325490
0.317647
0.572549
0.929412
0.909804
0.854902
0.768627
0.686275
0.650980
0.635294
0.670588
0.756863
0.741176
0.658824
0.576471
0.650980
0.658824
0.670588
0.466667
0.274510
0.258824
0.270588
0.282353
0.286275
0.298039
0.305882
0.313725
0.317647
0.266667
0.278431
0.290196
0.298039
0.313725
0.321569
0.419608
0.831373
0.941176
0.874510
0.843137
0.709804
0.639216
0.678431
0.643137
0.658824
0.752941
0.686275
0.450980
0.466667
0.647059
0.705882
0.658824
0.380392
0.262745
0.278431
0.282353
0.290196
0.301961
0.313725
0.321569
0.329412
0.262745
0.270588
0.282353
0.294118
0.309804
0.325490
0.329412
0.584314
0.870588
0.862745
0.894118
0.835294
0.780392
0.784314
0.725490
0.682353
0.674510
0.705882
0.568627
0.352941
0.482353
0.615686
0.643137
0.513725
0.313725
0.290196
0.290196
0.298039
0.305882
0.313725
0.321569
0.329412
0.254902
0.266667
0.278431
0.294118
0.305882
0.309804
0.309804
0.380392
0.647059
0.819608
0.870588
0.870588
0.874510
0.866667
0.772549
0.705882
0.666667
0.674510
0.670588
0.431373
0.305882
0.541176
0.615686
0.517647
0.321569
0.313725
0.305882
0.305882
0.313725
0.317647
0.321569
0.329412
0.239216
0.250980
0.266667
0.282353
0.294118
0.298039
0.305882
0.364706
0.478431
0.627451
0.784314
0.847059
0.870588
0.843137
0.800000
0.725490
0.596078
0.592157
0.678431
0.607843
0.329412
0.392157
0.580392
0.509804
0.278431
0.290196
0.313725
0.317647
0.321569
0.329412
0.329412
0.333333
0.227451
0.239216
0.254902
0.270588
0.290196
0.301961
0.329412
0.486275
0.537255
0.427451
0.650980
0.784314
0.760784
0.772549
0.729412
0.666667
0.596078
0.415686
0.403922
0.592157
0.490196
0.349020
0.490196
0.498039
0.341176
0.305882
0.309804
0.325490
0.333333
0.341176
0.345098
0.349020
0.231373
0.239216
0.250980
0.274510
0.294118
0.301961
0.368627
0.682353
0.705882
0.403922
0.443137
0.725490
0.776471
0.623529
0.576471
0.513725
0.545098
0.501961
0.282353
0.372549
0.513725
0.403922
0.341176
0.435294
0.388235
0.372549
0.325490
0.337255
0.345098
0.349020
0.356863
0.356863
0.243137
0.250980
0.266667
0.278431
0.345098
0.364706
0.360784
0.686275
0.823529
0.666667
0.600000
0.709804
0.811765
0.803922
0.768627
0.498039
0.352941
0.541176
0.450980
0.349020
0.376471
0.360784
0.305882
0.450980
0.521569
0.400000
0.345098
0.349020
0.356863
0.360784
0.364706
0.364706
0.258824
0.266667
0.274510
0.274510
0.415686
0.650980
0.486275
0.580392
0.874510
0.894118
0.811765
0.866667
0.850980
0.839216
0.909804
0.584314
0.368627
0.564706
0.349020
0.329412
0.337255
0.200000
0.254902
0.407843
0.733333
0.498039
0.364706
0.368627
0.372549
0.372549
0.368627
0.364706
0.274510
0.282353
0.294118
0.325490
0.356863
0.635294
0.643137
0.501961
0.831373
0.898039
0.792157
0.870588
0.898039
0.819608
0.862745
0.709804
0.717647
0.639216
0.301961
0.388235
0.360784
0.325490
0.356863
0.360784
0.674510
0.682353
0.435294
0.384314
0.384314
0.380392
0.376471
0.368627
0.286275
0.301961
0.329412
0.443137
0.392157
0.423529
0.650980
0.525490
0.737255
0.854902
0.784314
0.890196
0.898039
0.729412
0.878431
0.749020
0.694118
0.560784
0.392157
0.525490
0.639216
0.568627
0.360784
0.333333
0.450980
0.737255
0.607843
0.407843
0.392157
0.384314
0.380392
0.372549
0.294118
0.313725
0.333333
0.494118
0.631373
0.494118
0.572549
0.603922
0.674510
0.811765
0.800000
0.854902
0.878431
0.631373
0.741176
0.768627
0.654902
0.521569
0.529412
0.647059
0.713725
0.509804
0.384314
0.352941
0.337255
0.568627
0.780392
0.529412
0.403922
0.392157
0.388235
0.376471
0.294118
0.309804
0.325490
0.384314
0.584314
0.709804
0.631373
0.654902
0.623529
0.768627
0.788235
0.803922
0.796078
0.701961
0.662745
0.768627
0.690196
0.501961
0.517647
0.647059
0.615686
0.364706
0.313725
0.349020
0.360784
0.392157
0.678431
0.717647
0.474510
0.403922
0.392157
0.380392
0.298039
0.309804
0.321569
0.313725
0.356863
0.627451
0.749020
0.737255
0.635294
0.713725
0.725490
0.749020
0.721569
0.698039
0.560784
0.478431
0.494118
0.427451
0.447059
0.654902
0.494118
0.286275
0.349020
0.372549
0.376471
0.364706
0.431373
0.729412
0.592157
0.415686
0.396078
0.380392
0.301961
0.317647
0.329412
0.337255
0.345098
0.482353
0.717647
0.725490
0.694118
0.635294
0.619608
0.698039
0.654902
0.615686
0.435294
0.192157
0.380392
0.462745
0.305882
0.450980
0.368627
0.313725
0.431373
0.384314
0.380392
0.380392
0.360784
0.549020
0.717647
0.458824
0.403922
0.384314
0.305882
0.313725
0.325490
0.333333
0.360784
0.372549
0.541176
0.635294
0.686275
0.654902
0.533333
0.647059
0.647059
0.533333
0.443137
0.278431
0.458824
0.549020
0.258824
0.250980
0.290196
0.286275
0.466667
0.396078
0.388235
0.388235
0.392157
0.415686
0.670588
0.572549
0.368627
0.384314
0.309804
0.317647
0.325490
0.329412
0.388235
0.517647
0.541176
0.439216
0.549020
0.631373
0.482353
0.498039
0.709804
0.600000
0.423529
0.333333
0.435294
0.494118
0.247059
0.247059
0.278431
0.301961
0.407843
0.384314
0.403922
0.396078
0.396078
0.396078
0.474510
0.549020
0.368627
0.360784
0.313725
0.317647
0.321569
0.333333
0.345098
0.462745
0.662745
0.521569
0.517647
0.588235
0.521569
0.501961
0.627451
0.658824
0.462745
0.400000
0.325490
0.392157
0.231373
0.274510
0.305882
0.384314
0.427451
0.419608
0.415686
0.400000
0.392157
0.396078
0.392157
0.458824
0.400000
0.345098
0.317647
0.317647
0.321569
0.325490
0.349020
0.364706
0.541176
0.619608
0.627451
0.611765
0.537255
0.490196
0.541176
0.576471
0.537255
0.478431
0.403922
0.435294
0.372549
0.407843
0.337255
0.454902
0.447059
0.450980
0.415686
0.400000
0.392157
0.392157
0.388235
0.388235
0.388235
0.360784
0.298039
0.301961
0.309804
0.317647
0.317647
0.317647
0.321569
0.329412
0.341176
0.341176
0.345098
0.345098
0.349020
0.345098
0.337255
0.317647
0.294118
0.274510
0.254902
0.235294
0.215686
0.200000
0.180392
0.160784
0.145098
0.129412
0.109804
0.094118
0.078431
0.066667
0.062745
0.066667
0.294118
0.301961
0.309804
0.325490
0.321569
0.341176
0.439216
0.494118
0.521569
0.498039
0.431373
0.384314
0.360784
0.356863
0.349020
0.329412
0.305882
0.282353
0.266667
0.247059
0.223529
0.200000
0.184314
0.168627
0.149020
0.137255
0.117647
0.101961
0.090196
0.086275
0.082353
0.090196
0.301961
0.305882
0.321569
0.333333
0.368627
0.486275
0.525490
0.556863
0.588235
0.596078
0.576471
0.513725
0.415686
0.364706
0.352941
0.337255
0.313725
0.294118
0.274510
0.254902
0.235294
0.203922
0.188235
0.172549
0.160784
0.145098
0.129412
0.113725
0.101961
0.101961
0.101961
0.109804
0.313725
0.325490
0.356863
0.380392
0.415686
0.423529
0.286275
0.321569
0.431373
0.454902
0.545098
0.572549
0.509804
0.423529
0.356863
0.345098
0.321569
0.301961
0.282353
0.262745
0.243137
0.219608
0.203922
0.188235
0.172549
0.156863
0.145098
0.133333
0.125490
0.125490
0.133333
0.145098
0.317647
0.345098
0.364706
0.384314
0.439216
0.403922
0.368627
0.380392
0.494118
0.525490
0.584314
0.647059
0.631373
0.588235
0.458824
0.352941
0.337255
0.313725
0.294118
0.274510
0.258824
0.239216
0.223529
0.207843
0.192157
0.176471
0.164706
0.152941
0.149020
0.152941
0.160784
0.172549
0.333333
0.337255
0.341176
0.349020
0.423529
0.580392
0.603922
0.513725
0.509804
0.576471
0.670588
0.705882
0.690196
0.686275
0.619608
0.419608
0.345098
0.329412
0.305882
0.290196
0.274510
0.254902
0.239216
0.227451
0.215686
0.200000
0.188235
0.184314
0.180392
0.184314
0.188235
0.196078
0.333333
0.345098
0.360784
0.352941
0.431373
0.737255
0.752941
0.674510
0.650980
0.647059
0.654902
0.643137
0.623529
0.592157
0.607843
0.525490
0.380392
0.325490
0.321569
0.298039
0.278431
0.266667
0.258824
0.250980
0.239216
0.227451
0.219608
0.211765
0.207843
0.211765
0.215686
0.215686
0.337255
0.345098
0.349020
0.356863
0.384314
0.635294
0.749020
0.682353
0.647059
0.576471
0.560784
0.584314
0.521569
0.537255
0.529412
0.560784
0.509804
0.384314
0.313725
0.301961
0.278431
0.274510
0.270588
0.266667
0.266667
0.262745
0.250980
0.243137
0.239216
0.243137
0.239216
0.239216
0.337255
0.345098
0.349020
0.360784
0.368627
0.603922
0.756863
0.690196
0.670588
0.584314
0.607843
0.549020
0.541176
0.584314
0.513725
0.580392
0.596078
0.513725
0.380392
0.298039
0.286275
0.282353
0.282353
0.278431
0.278431
0.278431
0.274510
0.270588
0.270588
0.270588
0.270588
0.270588
0.337255
0.345098
0.352941
0.364706
0.372549
0.619608
0.800000
0.749020
0.741176
0.678431
0.635294
0.619608
0.600000
0.600000
0.549020
0.521569
0.568627
0.576471
0.498039
0.376471
0.294118
0.286275
0.282353
0.282353
0.282353
0.286275
0.286275
0.290196
0.290196
0.290196
0.294118
0.298039
0.333333
0.345098
0.352941
0.364706
0.364706
0.552941
0.819608
0.792157
0.788235
0.768627
0.607843
0.650980
0.596078
0.592157
0.662745
0.584314
0.509804
0.623529
0.525490
0.529412
0.356863
0.274510
0.286275
0.286275
0.290196
0.294118
0.298039
0.301961
0.309804
0.309804
0.313725
0.317647
0.333333
0.341176
0.349020
0.360784
0.356863
0.447059
0.776471
0.886275
0.803922
0.741176
0.627451
0.627451
0.619608
0.588235
0.647059
0.670588
0.533333
0.568627
0.670588
0.619608
0.537255
0.341176
0.278431
0.294118
0.298039
0.305882
0.313725
0.321569
0.329412
0.337255
0.337255
0.341176
0.329412
0.341176
0.349020
0.360784
0.364706
0.392157
0.721569
0.925490
0.839216
0.752941
0.631373
0.552941
0.564706
0.611765
0.670588
0.705882
0.600000
0.560784
0.674510
0.623529
0.600000
0.505882
0.294118
0.294118
0.309804
0.313725
0.325490
0.333333
0.345098
0.349020
0.352941
0.356863
0.321569
0.333333
0.345098
0.356863
0.372549
0.364706
0.603922
0.929412
0.886275
0.819608
0.690196
0.584314
0.529412
0.509804
0.552941
0.643137
0.635294
0.564706
0.490196
0.568627
0.584314
0.631373
0.466667
0.309804
0.313725
0.325490
0.337255
0.345098
0.356863
0.364706
0.372549
0.376471
0.313725
0.325490
0.341176
0.345098
0.356863
0.368627
0.466667
0.850980
0.929412
0.850980
0.807843
0.654902
0.545098
0.560784
0.513725
0.525490
0.631373
0.588235
0.368627
0.384314
0.564706
0.643137
0.635294
0.396078
0.309804
0.337255
0.341176
0.349020
0.360784
0.372549
0.380392
0.388235
0.305882
0.317647
0.325490
0.337255
0.349020
0.376471
0.384314
0.611765
0.870588
0.858824
0.894118
0.819608
0.725490
0.694118
0.611765
0.552941
0.549020
0.600000
0.482353
0.274510
0.403922
0.552941
0.603922
0.513725
0.349020
0.349020
0.352941
0.356863
0.364706
0.372549
0.380392
0.388235
0.290196
0.301961
0.313725
0.329412
0.345098
0.360784
0.364706
0.403922
0.650980
0.843137
0.878431
0.866667
0.847059
0.807843
0.698039
0.615686
0.560784
0.572549
0.576471
0.349020
0.235294
0.482353
0.580392
0.509804
0.341176
0.356863
0.364706
0.364706
0.372549
0.376471
0.380392
0.388235
0.270588
0.286275
0.301961
0.317647
0.329412
0.345098
0.356863
0.388235
0.490196
0.658824
0.792157
0.839216
0.847059
0.800000
0.745098
0.674510
0.533333
0.513725
0.592157
0.521569
0.247059
0.325490
0.529412
0.486275
0.294118
0.345098
0.376471
0.376471
0.380392
0.388235
0.388235
0.392157
0.262745
0.274510
0.290196
0.305882
0.325490
0.345098
0.372549
0.505882
0.549020
0.458824
0.678431
0.796078
0.756863
0.760784
0.709804
0.650980
0.572549
0.360784
0.333333
0.517647
0.415686
0.278431
0.431373
0.462745
0.349020
0.360784
0.376471
0.384314
0.392157
0.400000
0.403922
0.407843
0.262745
0.270588
0.286275
0.309804
0.329412
0.345098
0.411765
0.698039
0.717647
0.427451
0.474510
0.741176
0.772549
0.607843
0.549020
0.498039
0.533333
0.462745
0.231373
0.329412
0.474510
0.349020
0.282353
0.384314
0.376471
0.411765
0.388235
0.396078
0.403922
0.407843
0.415686
0.415686
0.274510
0.286275
0.301961
0.313725
0.384314
0.411765
0.396078
0.698039
0.823529
0.670588
0.596078
0.678431
0.745098
0.721569
0.674510
0.435294
0.333333
0.513725
0.431373
0.360784
0.396078
0.337255
0.254902
0.388235
0.490196
0.415686
0.396078
0.407843
0.415686
0.419608
0.423529
0.423529
0.294118
0.305882
0.317647
0.317647
0.454902
0.694118
0.517647
0.592157
0.866667
0.854902
0.741176
0.803922
0.760784
0.682353
0.709804
0.458824
0.313725
0.525490
0.368627
0.388235
0.376471
0.223529
0.243137
0.360784
0.694118
0.490196
0.396078
0.427451
0.431373
0.431373
0.431373
0.431373
0.309804
0.317647
0.329412
0.356863
0.372549
0.650980
0.670588
0.505882
0.815686
0.850980
0.682353
0.764706
0.815686
0.713725
0.694118
0.572549
0.631373
0.584314
0.329412
0.447059
0.384314
0.360784
0.376471
0.356863
0.658824
0.662745
0.447059
0.435294
0.443137
0.439216
0.439216
0.439216
0.321569
0.321569
0.345098
0.458824
0.392157
0.415686
0.666667
0.521569
0.713725
0.823529
0.690196
0.725490
0.796078
0.709804
0.780392
0.603922
0.600000
0.509804
0.403922
0.560784
0.650980
0.580392
0.396078
0.384314
0.486275
0.737255
0.611765
0.450980
0.447059
0.447059
0.450980
0.443137
0.325490
0.329412
0.341176
0.505882
0.643137
0.494118
0.584314
0.615686
0.662745
0.792157
0.745098
0.709804
0.768627
0.592157
0.607843
0.592157
0.572549
0.494118
0.533333
0.670588
0.733333
0.537255
0.431373
0.423529
0.400000
0.592157
0.792157
0.560784
0.450980
0.454902
0.458824
0.447059
0.329412
0.341176
0.352941
0.419608
0.615686
0.725490
0.658824
0.690196
0.635294
0.764706
0.760784
0.741176
0.729412
0.635294
0.541176
0.631373
0.639216
0.513725
0.537255
0.674510
0.674510
0.427451
0.368627
0.403922
0.415686
0.443137
0.709804
0.745098
0.513725
0.462745
0.462745
0.450980
0.337255
0.349020
0.364706
0.360784
0.396078
0.658824
0.800000
0.800000
0.674510
0.741176
0.709804
0.737255
0.709804
0.658824
0.525490
0.415686
0.466667
0.470588
0.490196
0.698039
0.572549
0.372549
0.407843
0.411765
0.423529
0.431373
0.486275
0.760784
0.615686
0.450980
0.458824
0.450980
0.333333
0.349020
0.360784
0.376471
0.380392
0.529412
0.780392
0.800000
0.764706
0.694118
0.623529
0.674510
0.635294
0.607843
0.439216
0.152941
0.356863
0.517647
0.376471
0.517647
0.435294
0.392157
0.501961
0.439216
0.431373
0.447059
0.435294
0.592157
0.721569
0.462745
0.443137
0.443137
0.337255
0.345098
0.356863
0.364706
0.388235
0.403922
0.588235
0.705882
0.764706
0.729412
0.564706
0.643137
0.639216
0.533333
0.439216
0.239216
0.450980
0.619608
0.352941
0.345098
0.368627
0.360784
0.537255
0.454902
0.439216
0.450980
0.466667
0.466667
0.686275
0.568627
0.392157
0.439216
0.341176
0.349020
0.356863
0.360784
0.407843
0.533333
0.580392
0.505882
0.631373
0.717647
0.552941
0.541176
0.729412
0.603922
0.415686
0.301961
0.431373
0.568627
0.349020
0.352941
0.360784
0.376471
0.478431
0.439216
0.454902
0.462745
0.470588
0.462745
0.513725
0.560784
0.388235
0.411765
0.345098
0.349020
0.352941
0.364706
0.368627
0.486275
0.705882
0.584314
0.600000
0.678431
0.615686
0.576471
0.670588
0.678431
0.470588
0.376471
0.313725
0.450980
0.325490
0.372549
0.384314
0.462745
0.505882
0.478431
0.466667
0.462745
0.462745
0.470588
0.450980
0.494118
0.435294
0.396078
0.349020
0.349020
0.352941
0.356863
0.380392
0.400000
0.584314
0.674510
0.694118
0.686275
0.631373
0.572549
0.600000
0.615686
0.568627
0.466667
0.380392
0.486275
0.450980
0.494118
0.407843
0.537255
0.533333
0.513725
0.470588
0.462745
0.466667
0.462745
0.454902
0.447059
0.439216
0.411765
0.129412
0.133333
0.129412
0.133333
0.125490
0.121569
0.145098
0.164706
0.176471
0.160784
0.145098
0.141176
0.141176
0.137255
0.121569
0.101961
0.090196
0.078431
0.074510
0.062745
0.050980
0.050980
0.047059
0.050980
0.054902
0.058824
0.050980
0.054902
0.062745
0.062745
0.058824
0.058824
0.125490
0.125490
0.121569
0.125490
0.129412
0.176471
0.305882
0.388235
0.423529
0.400000
0.321569
0.239216
0.172549
0.152941
0.145098
0.125490
0.101961
0.086275
0.082353
0.074510
0.054902
0.054902
0.050980
0.050980
0.054902
0.054902
0.047059
0.050980
0.058824
0.062745
0.054902
0.054902
0.105882
0.113725
0.129412
0.145098
0.211765
0.380392
0.443137
0.494118
0.529412
0.533333
0.513725
0.419608
0.278431
0.192157
0.164706
0.133333
0.105882
0.098039
0.094118
0.082353
0.070588
0.062745
0.054902
0.050980
0.050980
0.047059
0.043137
0.043137
0.050980
0.054902
0.043137
0.043137
0.117647
0.164706
0.235294
0.290196
0.356863
0.388235
0.250980
0.286275
0.376471
0.380392
0.478431
0.525490
0.450980
0.313725
0.176471
0.133333
0.113725
0.105882
0.101961
0.090196
0.082353
0.082353
0.074510
0.062745
0.058824
0.054902
0.050980
0.050980
0.058824
0.058824
0.050980
0.047059
0.141176
0.200000
0.258824
0.305882
0.384314
0.376471
0.345098
0.337255
0.419608
0.439216
0.517647
0.607843
0.603922
0.521569
0.325490
0.164706
0.125490
0.109804
0.101961
0.094118
0.090196
0.082353
0.078431
0.070588
0.062745
0.054902
0.054902
0.054902
0.054902
0.054902
0.058824
0.054902
0.145098
0.156863
0.160784
0.164706
0.290196
0.525490
0.576471
0.462745
0.431373
0.509804
0.619608
0.654902
0.639216
0.623529
0.545098
0.278431
0.137255
0.117647
0.094118
0.090196
0.086275
0.078431
0.070588
0.070588
0.070588
0.062745
0.062745
0.058824
0.054902
0.058824
0.062745
0.062745
0.145098
0.156863
0.168627
0.160784
0.282353
0.674510
0.725490
0.623529
0.580392
0.592157
0.584314
0.568627
0.545098
0.509804
0.517647
0.403922
0.215686
0.137255
0.113725
0.094118
0.082353
0.086275
0.086275
0.082353
0.082353
0.082353
0.078431
0.074510
0.070588
0.074510
0.074510
0.070588
0.149020
0.156863
0.160784
0.168627
0.219608
0.533333
0.690196
0.603922
0.556863
0.494118
0.458824
0.474510
0.415686
0.431373
0.423529
0.454902
0.392157
0.231373
0.129412
0.101961
0.078431
0.090196
0.090196
0.094118
0.098039
0.094118
0.090196
0.082353
0.082353
0.082353
0.082353
0.078431
0.145098
0.156863
0.160784
0.168627
0.192157
0.470588
0.662745
0.588235
0.552941
0.478431
0.482353
0.419608
0.419608
0.470588
0.396078
0.478431
0.501961
0.396078
0.235294
0.117647
0.090196
0.090196
0.090196
0.094118
0.098039
0.094118
0.094118
0.094118
0.090196
0.090196
0.090196
0.094118
0.145098
0.156863
0.164706
0.176471
0.200000
0.498039
0.713725
0.650980
0.623529
0.572549
0.501961
0.482353
0.474510
0.482353
0.431373
0.411765
0.474510
0.486275
0.384314
0.219608
0.105882
0.094118
0.090196
0.090196
0.090196
0.090196
0.090196
0.094118
0.098039
0.094118
0.098039
0.101961
0.152941
0.160784
0.168627
0.180392
0.192157
0.427451
0.737255
0.709804
0.682353
0.658824
0.494118
0.533333
0.474510
0.474510
0.549020
0.462745
0.392157
0.529412
0.431373
0.415686
0.207843
0.082353
0.090196
0.094118
0.090196
0.086275
0.082353
0.090196
0.098039
0.101961
0.101961
0.109804
0.152941
0.164706
0.168627
0.180392
0.176471
0.298039
0.705882
0.839216
0.721569
0.619608
0.494118
0.490196
0.478431
0.450980
0.521569
0.549020
0.423529
0.478431
0.584314
0.521569
0.415686
0.180392
0.090196
0.090196
0.090196
0.098039
0.098039
0.101961
0.109804
0.117647
0.117647
0.121569
0.149020
0.160784
0.168627
0.180392
0.172549
0.219608
0.650980
0.925490
0.796078
0.627451
0.490196
0.407843
0.419608
0.474510
0.545098
0.600000
0.513725
0.478431
0.588235
0.521569
0.486275
0.384314
0.125490
0.078431
0.086275
0.113725
0.117647
0.109804
0.121569
0.129412
0.129412
0.137255
0.141176
0.152941
0.164706
0.176471
0.180392
0.172549
0.494118
0.925490
0.870588
0.713725
0.580392
0.478431
0.415686
0.400000
0.450980
0.541176
0.529412
0.470588
0.396078
0.470588
0.486275
0.537255
0.329412
0.121569
0.101961
0.121569
0.121569
0.121569
0.129412
0.137255
0.145098
0.152941
0.133333
0.145098
0.156863
0.164706
0.180392
0.172549
0.294118
0.796078
0.917647
0.772549
0.709804
0.552941
0.431373
0.439216
0.396078
0.380392
0.466667
0.454902
0.266667
0.294118
0.482353
0.556863
0.533333
0.258824
0.121569
0.105882
0.101961
0.117647
0.129412
0.141176
0.149020
0.156863
0.129412
0.141176
0.149020
0.156863
0.176471
0.176471
0.176471
0.498039
0.835294
0.807843
0.819608
0.709804
0.592157
0.552941
0.458824
0.372549
0.364706
0.443137
0.360784
0.196078
0.341176
0.462745
0.513725
0.415686
0.196078
0.117647
0.105882
0.125490
0.133333
0.141176
0.149020
0.156863
0.125490
0.137255
0.141176
0.152941
0.164706
0.164706
0.160784
0.231373
0.552941
0.800000
0.843137
0.772549
0.729412
0.705882
0.556863
0.450980
0.407843
0.411765
0.439216
0.262745
0.180392
0.396078
0.474510
0.411765
0.227451
0.172549
0.133333
0.133333
0.141176
0.145098
0.149020
0.156863
0.109804
0.121569
0.129412
0.141176
0.152941
0.164706
0.152941
0.160784
0.298039
0.537255
0.729412
0.756863
0.760784
0.725490
0.639216
0.537255
0.400000
0.376471
0.458824
0.415686
0.168627
0.243137
0.427451
0.396078
0.188235
0.168627
0.149020
0.145098
0.149020
0.156863
0.156863
0.160784
0.098039
0.105882
0.117647
0.129412
0.145098
0.164706
0.164706
0.223529
0.262745
0.254902
0.572549
0.733333
0.713725
0.713725
0.639216
0.564706
0.482353
0.278431
0.247059
0.423529
0.325490
0.200000
0.337255
0.376471
0.250980
0.188235
0.152941
0.152941
0.160784
0.168627
0.172549
0.176471
0.098039
0.105882
0.113725
0.133333
0.129412
0.141176
0.196078
0.376471
0.364706
0.176471
0.321569
0.670588
0.741176
0.552941
0.474510
0.419608
0.462745
0.407843
0.168627
0.231373
0.360784
0.262745
0.196078
0.309804
0.290196
0.250980
0.164706
0.164706
0.168627
0.176471
0.184314
0.184314
0.113725
0.117647
0.129412
0.141176
0.164706
0.172549
0.172549
0.360784
0.462745
0.415686
0.380392
0.549020
0.666667
0.596078
0.525490
0.301961
0.219608
0.419608
0.325490
0.200000
0.219608
0.235294
0.172549
0.321569
0.411765
0.262745
0.180392
0.176471
0.180392
0.192157
0.192157
0.192157
0.117647
0.113725
0.129412
0.149020
0.231373
0.360784
0.231373
0.274510
0.521569
0.615686
0.513725
0.603922
0.568627
0.458824
0.486275
0.286275
0.188235
0.396078
0.235294
0.149020
0.152941
0.094118
0.141176
0.266667
0.580392
0.352941
0.207843
0.184314
0.180392
0.211765
0.211765
0.184314
0.129412
0.129412
0.129412
0.149020
0.168627
0.341176
0.321569
0.219608
0.498039
0.541176
0.439216
0.549020
0.568627
0.427451
0.435294
0.388235
0.486275
0.415686
0.156863
0.145098
0.117647
0.172549
0.215686
0.203922
0.501961
0.537255
0.309804
0.219608
0.188235
0.211765
0.215686
0.188235
0.149020
0.168627
0.156863
0.192157
0.149020
0.176471
0.309804
0.231373
0.396078
0.447059
0.407843
0.509804
0.552941
0.411765
0.525490
0.415686
0.388235
0.286275
0.160784
0.203922
0.317647
0.309804
0.160784
0.172549
0.294118
0.603922
0.517647
0.294118
0.211765
0.196078
0.203922
0.200000
0.156863
0.188235
0.152941
0.223529
0.309804
0.203922
0.243137
0.266667
0.321569
0.454902
0.454902
0.478431
0.533333
0.317647
0.388235
0.419608
0.317647
0.235294
0.258824
0.309804
0.392157
0.239216
0.180392
0.188235
0.180392
0.435294
0.705882
0.458824
0.266667
0.203922
0.203922
0.207843
0.152941
0.176471
0.152941
0.160784
0.274510
0.372549
0.290196
0.274510
0.282353
0.423529
0.450980
0.490196
0.486275
0.372549
0.321569
0.450980
0.372549
0.266667
0.274510
0.364706
0.384314
0.172549
0.160784
0.184314
0.180392
0.239216
0.584314
0.666667
0.396078
0.250980
0.207843
0.207843
0.145098
0.156863
0.160784
0.137255
0.129412
0.313725
0.388235
0.345098
0.305882
0.333333
0.376471
0.490196
0.450980
0.384314
0.286275
0.247059
0.223529
0.231373
0.266667
0.462745
0.345098
0.168627
0.219608
0.200000
0.184314
0.196078
0.301961
0.666667
0.552941
0.294118
0.215686
0.200000
0.133333
0.149020
0.160784
0.172549
0.156863
0.235294
0.400000
0.368627
0.368627
0.321569
0.321569
0.454902
0.392157
0.321569
0.223529
0.058824
0.156863
0.247059
0.192157
0.341176
0.239216
0.196078
0.266667
0.188235
0.196078
0.211765
0.196078
0.435294
0.654902
0.360784
0.239216
0.196078
0.137255
0.149020
0.156863
0.164706
0.180392
0.156863
0.270588
0.337255
0.415686
0.411765
0.274510
0.411765
0.392157
0.250980
0.239216
0.137255
0.231373
0.317647
0.152941
0.137255
0.152941
0.168627
0.298039
0.203922
0.211765
0.219608
0.227451
0.254902
0.552941
0.501961
0.254902
0.207843
0.141176
0.149020
0.156863
0.164706
0.196078
0.286275
0.286275
0.176471
0.309804
0.411765
0.258824
0.274510
0.462745
0.341176
0.211765
0.168627
0.227451
0.294118
0.164706
0.129412
0.152941
0.184314
0.239216
0.200000
0.235294
0.227451
0.239216
0.207843
0.298039
0.482353
0.290196
0.192157
0.145098
0.149020
0.152941
0.168627
0.145098
0.219608
0.411765
0.266667
0.270588
0.352941
0.333333
0.301961
0.392157
0.419608
0.250980
0.219608
0.164706
0.223529
0.176471
0.164706
0.188235
0.243137
0.235294
0.231373
0.247059
0.227451
0.227451
0.203922
0.196078
0.349020
0.301961
0.184314
0.149020
0.149020
0.152941
0.160784
0.164706
0.160784
0.329412
0.392157
0.376471
0.368627
0.368627
0.305882
0.317647
0.349020
0.313725
0.258824
0.211765
0.250980
0.290196
0.258824
0.192157
0.274510
0.223529
0.247059
0.247059
0.227451
0.215686
0.215686
0.207843
0.211765
0.219608
0.196078
