0.564706
0.552941
0.513725
0.501961
0.533333
0.549020
0.592157
0.603922
0.623529
0.662745
0.650980
0.596078
0.607843
0.615686
0.580392
0.639216
0.658824
0.682353
0.745098
0.709804
0.694118
0.666667
0.627451
0.576471
0.294118
0.215686
0.223529
0.243137
0.400000
0.529412
0.580392
0.341176
0.556863
0.529412
0.486275
0.466667
0.505882
0.549020
0.607843
0.600000
0.627451
0.650980
0.619608
0.560784
0.592157
0.627451
0.600000
0.654902
0.733333
0.749020
0.725490
0.701961
0.666667
0.584314
0.458824
0.360784
0.227451
0.219608
0.317647
0.435294
0.611765
0.603922
0.600000
0.384314
0.509804
0.498039
0.450980
0.427451
0.474510
0.521569
0.576471
0.572549
0.603922
0.615686
0.588235
0.564706
0.600000
0.670588
0.698039
0.698039
0.686275
0.686275
0.662745
0.603922
0.509804
0.380392
0.317647
0.337255
0.368627
0.301961
0.349020
0.490196
0.639216
0.619608
0.619608
0.423529
0.450980
0.447059
0.419608
0.411765
0.458824
0.490196
0.529412
0.556863
0.607843
0.588235
0.556863
0.556863
0.639216
0.705882
0.678431
0.682353
0.698039
0.615686
0.509804
0.392157
0.321569
0.384314
0.517647
0.541176
0.505882
0.333333
0.298039
0.521569
0.643137
0.647059
0.654902
0.462745
0.407843
0.403922
0.388235
0.388235
0.435294
0.462745
0.494118
0.525490
0.596078
0.564706
0.556863
0.588235
0.662745
0.682353
0.623529
0.635294
0.568627
0.423529
0.400000
0.454902
0.439216
0.486275
0.549020
0.560784
0.560784
0.376471
0.262745
0.537255
0.666667
0.678431
0.686275
0.494118
0.388235
0.356863
0.329412
0.360784
0.407843
0.490196
0.501961
0.521569
0.580392
0.537255
0.549020
0.552941
0.635294
0.639216
0.525490
0.419608
0.368627
0.450980
0.627451
0.678431
0.592157
0.556863
0.498039
0.498039
0.545098
0.388235
0.250980
0.541176
0.698039
0.698039
0.701961
0.533333
0.400000
0.349020
0.317647
0.352941
0.400000
0.505882
0.521569
0.521569
0.564706
0.537255
0.509804
0.521569
0.545098
0.423529
0.329412
0.294118
0.301961
0.470588
0.674510
0.584314
0.592157
0.615686
0.552941
0.541176
0.607843
0.396078
0.254902
0.588235
0.705882
0.682353
0.725490
0.584314
0.411765
0.372549
0.337255
0.341176
0.384314
0.454902
0.474510
0.482353
0.513725
0.564706
0.462745
0.415686
0.298039
0.235294
0.266667
0.286275
0.274510
0.313725
0.333333
0.286275
0.423529
0.368627
0.443137
0.490196
0.533333
0.466667
0.266667
0.596078
0.729412
0.760784
0.803922
0.662745
0.388235
0.345098
0.325490
0.321569
0.384314
0.509804
0.466667
0.439216
0.517647
0.478431
0.321569
0.266667
0.250980
0.258824
0.262745
0.243137
0.262745
0.243137
0.211765
0.235294
0.227451
0.231373
0.282353
0.200000
0.247059
0.325490
0.207843
0.443137
0.670588
0.682353
0.741176
0.631373
0.403922
0.341176
0.360784
0.329412
0.400000
0.509804
0.450980
0.443137
0.521569
0.423529
0.290196
0.274510
0.266667
0.262745
0.254902
0.270588
0.305882
0.270588
0.247059
0.247059
0.223529
0.286275
0.274510
0.180392
0.168627
0.200000
0.160784
0.266667
0.372549
0.341176
0.447059
0.360784
0.423529
0.321569
0.329412
0.333333
0.368627
0.443137
0.419608
0.482353
0.517647
0.431373
0.313725
0.282353
0.243137
0.254902
0.250980
0.266667
0.290196
0.262745
0.258824
0.262745
0.270588
0.372549
0.380392
0.290196
0.243137
0.219608
0.180392
0.219608
0.243137
0.243137
0.239216
0.207843
0.431373
0.337255
0.325490
0.356863
0.364706
0.403922
0.411765
0.509804
0.541176
0.443137
0.290196
0.247059
0.219608
0.247059
0.239216
0.227451
0.250980
0.270588
0.341176
0.431373
0.462745
0.501961
0.521569
0.478431
0.443137
0.301961
0.188235
0.317647
0.368627
0.337255
0.305882
0.254902
0.435294
0.349020
0.364706
0.400000
0.407843
0.400000
0.419608
0.478431
0.533333
0.443137
0.286275
0.243137
0.262745
0.305882
0.352941
0.388235
0.400000
0.423529
0.474510
0.549020
0.662745
0.631373
0.658824
0.639216
0.584314
0.384314
0.180392
0.345098
0.435294
0.411765
0.407843
0.360784
0.419608
0.325490
0.341176
0.447059
0.400000
0.364706
0.443137
0.450980
0.490196
0.525490
0.439216
0.490196
0.466667
0.450980
0.478431
0.486275
0.498039
0.517647
0.505882
0.556863
0.666667
0.654902
0.603922
0.537255
0.447059
0.349020
0.188235
0.329412
0.443137
0.470588
0.509804
0.517647
0.447059
0.317647
0.388235
0.513725
0.380392
0.388235
0.533333
0.596078
0.619608
0.690196
0.698039
0.721569
0.549020
0.443137
0.486275
0.521569
0.549020
0.572549
0.529412
0.564706
0.596078
0.537255
0.423529
0.400000
0.360784
0.431373
0.278431
0.454902
0.560784
0.541176
0.525490
0.494118
0.537255
0.364706
0.388235
0.509804
0.376471
0.400000
0.564706
0.709804
0.666667
0.643137
0.650980
0.619608
0.572549
0.474510
0.498039
0.596078
0.600000
0.592157
0.529412
0.525490
0.490196
0.494118
0.478431
0.431373
0.439216
0.482353
0.290196
0.356863
0.419608
0.372549
0.341176
0.321569
0.552941
0.321569
0.321569
0.450980
0.321569
0.352941
0.494118
0.525490
0.521569
0.439216
0.396078
0.556863
0.725490
0.713725
0.709804
0.745098
0.717647
0.694118
0.627451
0.525490
0.498039
0.517647
0.580392
0.576471
0.549020
0.533333
0.266667
0.192157
0.215686
0.196078
0.200000
0.188235
0.584314
0.333333
0.392157
0.513725
0.352941
0.466667
0.529412
0.521569
0.513725
0.450980
0.454902
0.568627
0.486275
0.486275
0.552941
0.666667
0.549020
0.392157
0.356863
0.278431
0.176471
0.105882
0.192157
0.254902
0.168627
0.231373
0.168627
0.156863
0.160784
0.164706
0.219608
0.192157
0.596078
0.372549
0.435294
0.541176
0.498039
0.564706
0.576471
0.596078
0.545098
0.509804
0.576471
0.537255
0.305882
0.305882
0.400000
0.666667
0.517647
0.321569
0.325490
0.294118
0.192157
0.086275
0.160784
0.188235
0.105882
0.152941
0.145098
0.168627
0.176471
0.172549
0.223529
0.188235
0.611765
0.427451
0.505882
0.556863
0.556863
0.552941
0.517647
0.486275
0.470588
0.462745
0.470588
0.470588
0.435294
0.439216
0.509804
0.705882
0.560784
0.396078
0.396078
0.337255
0.278431
0.156863
0.235294
0.235294
0.141176
0.184314
0.156863
0.176471
0.188235
0.172549
0.211765
0.184314
0.447059
0.384314
0.490196
0.494118
0.458824
0.486275
0.498039
0.494118
0.501961
0.509804
0.490196
0.498039
0.572549
0.588235
0.639216
0.662745
0.592157
0.533333
0.513725
0.486275
0.450980
0.376471
0.435294
0.431373
0.392157
0.349020
0.258824
0.200000
0.203922
0.164706
0.200000
0.176471
0.439216
0.392157
0.439216
0.521569
0.541176
0.501961
0.490196
0.474510
0.486275
0.490196
0.505882
0.505882
0.572549
0.556863
0.603922
0.596078
0.525490
0.509804
0.513725
0.541176
0.490196
0.462745
0.466667
0.423529
0.494118
0.450980
0.325490
0.219608
0.219608
0.156863
0.188235
0.180392
0.643137
0.529412
0.552941
0.568627
0.521569
0.509804
0.498039
0.462745
0.458824
0.470588
0.478431
0.478431
0.529412
0.482353
0.525490
0.533333
0.474510
0.474510
0.482353
0.525490
0.458824
0.376471
0.274510
0.227451
0.329412
0.372549
0.294118
0.231373
0.235294
0.196078
0.231373
0.207843
0.600000
0.592157
0.588235
0.470588
0.392157
0.290196
0.415686
0.576471
0.603922
0.615686
0.552941
0.537255
0.505882
0.407843
0.423529
0.517647
0.466667
0.458824
0.466667
0.494118
0.447059
0.380392
0.294118
0.262745
0.345098
0.376471
0.290196
0.215686
0.231373
0.211765
0.250980
0.219608
0.615686
0.588235
0.572549
0.541176
0.439216
0.270588
0.380392
0.439216
0.470588
0.541176
0.580392
0.635294
0.627451
0.439216
0.227451
0.372549
0.584314
0.568627
0.556863
0.592157
0.541176
0.501961
0.372549
0.341176
0.450980
0.533333
0.384314
0.231373
0.231373
0.231373
0.243137
0.207843
0.623529
0.607843
0.603922
0.549020
0.447059
0.313725
0.392157
0.372549
0.466667
0.490196
0.509804
0.454902
0.423529
0.341176
0.333333
0.309804
0.537255
0.674510
0.749020
0.823529
0.741176
0.662745
0.388235
0.321569
0.458824
0.635294
0.501961
0.443137
0.478431
0.458824
0.447059
0.407843
0.600000
0.611765
0.603922
0.549020
0.431373
0.313725
0.305882
0.168627
0.184314
0.227451
0.345098
0.349020
0.352941
0.317647
0.490196
0.376471
0.368627
0.466667
0.513725
0.560784
0.560784
0.521569
0.419608
0.454902
0.513725
0.482353
0.474510
0.501961
0.549020
0.564706
0.592157
0.596078
0.592157
0.611765
0.619608
0.615686
0.592157
0.549020
0.474510
0.360784
0.278431
0.196078
0.129412
0.105882
0.164706
0.223529
0.490196
0.337255
0.262745
0.360784
0.431373
0.509804
0.552941
0.490196
0.400000
0.501961
0.552941
0.388235
0.384314
0.427451
0.470588
0.494118
0.517647
0.537255
0.584314
0.592157
0.603922
0.607843
0.615686
0.631373
0.631373
0.631373
0.615686
0.533333
0.411765
0.317647
0.262745
0.231373
0.392157
0.258824
0.117647
0.149020
0.231373
0.309804
0.341176
0.282353
0.227451
0.247059
0.286275
0.270588
0.282353
0.317647
0.349020
0.372549
0.392157
0.423529
0.580392
0.584314
0.588235
0.592157
0.600000
0.611765
0.619608
0.639216
0.674510
0.670588
0.654902
0.588235
0.537255
0.490196
0.415686
0.278431
0.176471
0.117647
0.094118
0.109804
0.109804
0.098039
0.109804
0.133333
0.180392
0.247059
0.286275
0.309804
0.341176
0.356863
0.360784
0.364706
0.568627
0.576471
0.580392
0.588235
0.596078
0.600000
0.600000
0.607843
0.615686
0.619608
0.654902
0.635294
0.650980
0.694118
0.631373
0.545098
0.505882
0.447059
0.360784
0.294118
0.278431
0.298039
0.309804
0.337255
0.356863
0.384314
0.415686
0.423529
0.435294
0.478431
0.509804
0.494118
0.525490
0.549020
0.564706
0.568627
0.584314
0.588235
0.584314
0.588235
0.588235
0.584314
0.615686
0.635294
0.666667
0.686275
0.686275
0.662745
0.650980
0.643137
0.619608
0.600000
0.572549
0.572549
0.576471
0.580392
0.556863
0.537255
0.529412
0.509804
0.478431
0.498039
0.521569
0.521569
0.537255
0.521569
0.478431
0.466667
0.498039
0.509804
0.556863
0.568627
0.592157
0.631373
0.607843
0.549020
0.560784
0.568627
0.533333
0.584314
0.603922
0.639216
0.713725
0.686275
0.674510
0.643137
0.603922
0.549020
0.262745
0.184314
0.211765
0.239216
0.396078
0.525490
0.572549
0.329412
0.525490
0.498039
0.450980
0.431373
0.466667
0.509804
0.572549
0.564706
0.596078
0.619608
0.576471
0.513725
0.545098
0.580392
0.552941
0.603922
0.686275
0.713725
0.698039
0.686275
0.654902
0.568627
0.439216
0.341176
0.203922
0.196078
0.309804
0.431373
0.607843
0.600000
0.596078
0.368627
0.478431
0.466667
0.415686
0.392157
0.435294
0.482353
0.541176
0.537255
0.572549
0.580392
0.541176
0.513725
0.549020
0.619608
0.647059
0.654902
0.654902
0.658824
0.643137
0.592157
0.501961
0.368627
0.305882
0.325490
0.356863
0.286275
0.345098
0.490196
0.635294
0.615686
0.611765
0.411765
0.419608
0.411765
0.380392
0.372549
0.419608
0.450980
0.494118
0.521569
0.576471
0.556863
0.509804
0.501961
0.588235
0.654902
0.627451
0.643137
0.670588
0.592157
0.490196
0.380392
0.313725
0.372549
0.509804
0.533333
0.498039
0.325490
0.294118
0.521569
0.639216
0.643137
0.647059
0.447059
0.372549
0.364706
0.349020
0.349020
0.396078
0.423529
0.458824
0.490196
0.564706
0.533333
0.509804
0.537255
0.611765
0.631373
0.576471
0.596078
0.545098
0.400000
0.384314
0.447059
0.435294
0.478431
0.541176
0.556863
0.556863
0.372549
0.262745
0.537255
0.662745
0.670588
0.678431
0.482353
0.352941
0.321569
0.290196
0.321569
0.368627
0.450980
0.466667
0.486275
0.545098
0.501961
0.501961
0.501961
0.584314
0.588235
0.474510
0.380392
0.345098
0.431373
0.611765
0.670588
0.584314
0.549020
0.490196
0.490196
0.541176
0.392157
0.254902
0.541176
0.694118
0.694118
0.694118
0.521569
0.360784
0.313725
0.278431
0.313725
0.360784
0.458824
0.474510
0.478431
0.521569
0.494118
0.466667
0.478431
0.501961
0.380392
0.286275
0.243137
0.247059
0.427451
0.643137
0.568627
0.588235
0.619608
0.533333
0.501961
0.584314
0.403922
0.266667
0.588235
0.705882
0.682353
0.725490
0.572549
0.376471
0.337255
0.301961
0.309804
0.341176
0.400000
0.423529
0.431373
0.462745
0.513725
0.423529
0.376471
0.258824
0.196078
0.227451
0.231373
0.203922
0.258824
0.294118
0.262745
0.415686
0.372549
0.423529
0.450980
0.509804
0.474510
0.278431
0.600000
0.733333
0.764706
0.803922
0.654902
0.352941
0.309804
0.290196
0.286275
0.341176
0.458824
0.415686
0.388235
0.466667
0.427451
0.282353
0.227451
0.211765
0.219608
0.223529
0.192157
0.207843
0.196078
0.172549
0.207843
0.203922
0.203922
0.262745
0.200000
0.254902
0.325490
0.203922
0.435294
0.662745
0.678431
0.737255
0.615686
0.368627
0.305882
0.325490
0.294118
0.356863
0.458824
0.400000
0.392157
0.470588
0.372549
0.247059
0.235294
0.227451
0.223529
0.215686
0.227451
0.262745
0.231373
0.211765
0.215686
0.180392
0.211765
0.223529
0.172549
0.164706
0.176471
0.137255
0.247059
0.352941
0.321569
0.427451
0.337255
0.388235
0.286275
0.294118
0.298039
0.325490
0.392157
0.368627
0.431373
0.466667
0.384314
0.270588
0.243137
0.203922
0.215686
0.211765
0.231373
0.254902
0.227451
0.219608
0.223529
0.207843
0.247059
0.250980
0.184314
0.164706
0.160784
0.141176
0.192157
0.215686
0.211765
0.207843
0.176471
0.396078
0.301961
0.290196
0.321569
0.325490
0.352941
0.360784
0.458824
0.490196
0.396078
0.250980
0.207843
0.180392
0.207843
0.200000
0.196078
0.227451
0.239216
0.294118
0.376471
0.384314
0.325490
0.274510
0.207843
0.231373
0.200000
0.145098
0.278431
0.325490
0.294118
0.262745
0.215686
0.400000
0.313725
0.329412
0.364706
0.364706
0.349020
0.368627
0.427451
0.482353
0.396078
0.243137
0.203922
0.223529
0.266667
0.313725
0.364706
0.380392
0.396078
0.427451
0.490196
0.572549
0.435294
0.317647
0.235294
0.266667
0.247059
0.133333
0.294118
0.384314
0.364706
0.356863
0.317647
0.384314
0.282353
0.298039
0.403922
0.360784
0.325490
0.400000
0.400000
0.435294
0.470588
0.392157
0.447059
0.419608
0.411765
0.447059
0.470588
0.482353
0.494118
0.462745
0.498039
0.592157
0.521569
0.384314
0.270588
0.235294
0.250980
0.145098
0.286275
0.403922
0.427451
0.466667
0.478431
0.415686
0.278431
0.345098
0.474510
0.349020
0.352941
0.490196
0.541176
0.556863
0.623529
0.650980
0.678431
0.505882
0.403922
0.458824
0.513725
0.541176
0.552941
0.494118
0.517647
0.541176
0.474510
0.352941
0.325490
0.294118
0.380392
0.243137
0.423529
0.529412
0.509804
0.494118
0.458824
0.509804
0.341176
0.368627
0.498039
0.360784
0.372549
0.529412
0.662745
0.615686
0.584314
0.607843
0.588235
0.545098
0.450980
0.474510
0.580392
0.592157
0.572549
0.498039
0.490196
0.447059
0.439216
0.419608
0.376471
0.388235
0.431373
0.254902
0.325490
0.388235
0.341176
0.309804
0.290196
0.529412
0.321569
0.325490
0.443137
0.317647
0.352941
0.486275
0.509804
0.498039
0.403922
0.345098
0.521569
0.713725
0.705882
0.690196
0.729412
0.705882
0.674510
0.607843
0.505882
0.466667
0.470588
0.533333
0.529412
0.505882
0.490196
0.231373
0.160784
0.180392
0.160784
0.164706
0.152941
0.576471
0.345098
0.388235
0.470588
0.313725
0.462745
0.517647
0.498039
0.482353
0.400000
0.352941
0.494118
0.470588
0.490196
0.549020
0.650980
0.533333
0.380392
0.352941
0.270588
0.168627
0.082353
0.164706
0.227451
0.145098
0.207843
0.137255
0.121569
0.125490
0.129412
0.184314
0.160784
0.600000
0.384314
0.403922
0.435294
0.368627
0.447059
0.450980
0.454902
0.400000
0.345098
0.372549
0.392157
0.258824
0.313725
0.415686
0.658824
0.501961
0.309804
0.321569
0.298039
0.203922
0.094118
0.172549
0.200000
0.117647
0.164706
0.125490
0.133333
0.137255
0.137255
0.184314
0.156863
0.623529
0.435294
0.439216
0.380392
0.298039
0.258824
0.215686
0.168627
0.141176
0.125490
0.152941
0.258824
0.352941
0.443137
0.533333
0.701961
0.541176
0.384314
0.392157
0.349020
0.301961
0.192157
0.282353
0.286275
0.188235
0.227451
0.149020
0.137255
0.152941
0.137255
0.172549
0.156863
0.447059
0.372549
0.384314
0.258824
0.121569
0.101961
0.098039
0.078431
0.070588
0.070588
0.101961
0.211765
0.415686
0.525490
0.611765
0.580392
0.478431
0.443137
0.388235
0.368627
0.380392
0.341176
0.466667
0.482353
0.388235
0.294118
0.192157
0.149020
0.168627
0.141176
0.176471
0.156863
0.423529
0.360784
0.313725
0.270588
0.227451
0.184314
0.149020
0.098039
0.086275
0.066667
0.078431
0.129412
0.274510
0.325490
0.403922
0.321569
0.227451
0.239216
0.152941
0.172549
0.211765
0.247059
0.400000
0.396078
0.349020
0.200000
0.152941
0.149020
0.188235
0.152941
0.188235
0.172549
0.623529
0.505882
0.462745
0.376471
0.317647
0.337255
0.286275
0.192157
0.137255
0.109804
0.074510
0.086275
0.164706
0.141176
0.196078
0.192157
0.156863
0.156863
0.066667
0.098039
0.117647
0.125490
0.188235
0.172549
0.149020
0.101961
0.109804
0.156863
0.203922
0.188235
0.223529
0.196078
0.584314
0.584314
0.545098
0.360784
0.298039
0.243137
0.309804
0.388235
0.345098
0.309804
0.258824
0.254902
0.239216
0.168627
0.211765
0.274510
0.180392
0.125490
0.050980
0.070588
0.078431
0.101961
0.156863
0.145098
0.121569
0.090196
0.113725
0.145098
0.196078
0.196078
0.231373
0.196078
0.603922
0.588235
0.564706
0.498039
0.403922
0.254902
0.301961
0.286275
0.243137
0.270588
0.321569
0.396078
0.439216
0.329412
0.196078
0.282353
0.352941
0.243137
0.188235
0.235294
0.200000
0.200000
0.184314
0.156863
0.184314
0.243137
0.219608
0.164706
0.192157
0.207843
0.203922
0.168627
0.615686
0.603922
0.592157
0.525490
0.423529
0.282353
0.321569
0.250980
0.301961
0.278431
0.227451
0.156863
0.176471
0.188235
0.286275
0.309804
0.435294
0.447059
0.537255
0.662745
0.545098
0.466667
0.274510
0.200000
0.270588
0.458824
0.392157
0.376471
0.439216
0.423529
0.388235
0.349020
0.600000
0.592157
0.572549
0.513725
0.403922
0.286275
0.270588
0.121569
0.125490
0.152941
0.207843
0.168627
0.160784
0.168627
0.419608
0.345098
0.207843
0.168627
0.266667
0.388235
0.356863
0.329412
0.290196
0.309804
0.313725
0.321569
0.380392
0.439216
0.509804
0.525490
0.521569
0.517647
0.592157
0.592157
0.592157
0.588235
0.568627
0.537255
0.466667
0.360784
0.286275
0.211765
0.156863
0.101961
0.109804
0.164706
0.466667
0.317647
0.133333
0.133333
0.254902
0.396078
0.419608
0.372549
0.329412
0.411765
0.427451
0.301961
0.321569
0.372549
0.427451
0.450980
0.450980
0.462745
0.584314
0.588235
0.596078
0.600000
0.607843
0.619608
0.623529
0.623529
0.611765
0.533333
0.423529
0.321569
0.247059
0.215686
0.376471
0.247059
0.078431
0.086275
0.184314
0.278431
0.301961
0.239216
0.196078
0.211765
0.243137
0.235294
0.243137
0.270588
0.309804
0.329412
0.345098
0.372549
0.580392
0.584314
0.588235
0.592157
0.592157
0.596078
0.603922
0.619608
0.658824
0.654902
0.635294
0.572549
0.521569
0.474510
0.400000
0.262745
0.160784
0.101961
0.078431
0.094118
0.090196
0.066667
0.078431
0.101961
0.149020
0.215686
0.247059
0.270588
0.301961
0.317647
0.325490
0.325490
0.568627
0.576471
0.580392
0.588235
0.588235
0.584314
0.584314
0.592157
0.600000
0.603922
0.639216
0.619608
0.635294
0.674510
0.615686
0.529412
0.490196
0.431373
0.345098
0.278431
0.262745
0.266667
0.278431
0.305882
0.325490
0.352941
0.380392
0.388235
0.400000
0.443137
0.478431
0.458824
0.525490
0.549020
0.564706
0.568627
0.576471
0.572549
0.568627
0.572549
0.572549
0.568627
0.600000
0.619608
0.650980
0.670588
0.670588
0.647059
0.635294
0.627451
0.603922
0.584314
0.556863
0.545098
0.545098
0.549020
0.525490
0.505882
0.501961
0.482353
0.454902
0.474510
0.501961
0.494118
0.474510
0.470588
0.439216
0.439216
0.478431
0.501961
0.537255
0.533333
0.549020
0.584314
0.552941
0.498039
0.509804
0.517647
0.478431
0.549020
0.580392
0.607843
0.674510
0.643137
0.627451
0.596078
0.564706
0.525490
0.254902
0.188235
0.219608
0.250980
0.415686
0.556863
0.619608
0.360784
0.470588
0.454902
0.419608
0.407843
0.454902
0.501961
0.549020
0.533333
0.556863
0.572549
0.529412
0.466667
0.498039
0.533333
0.505882
0.560784
0.647059
0.666667
0.650980
0.639216
0.611765
0.533333
0.415686
0.325490
0.200000
0.200000
0.317647
0.443137
0.631373
0.631373
0.643137
0.403922
0.431373
0.431373
0.392157
0.376471
0.423529
0.474510
0.521569
0.505882
0.529412
0.533333
0.501961
0.478431
0.513725
0.584314
0.607843
0.607843
0.600000
0.611765
0.596078
0.552941
0.470588
0.356863
0.301961
0.325490
0.356863
0.290196
0.349020
0.501961
0.654902
0.647059
0.662745
0.443137
0.380392
0.384314
0.368627
0.364706
0.411765
0.443137
0.474510
0.486275
0.533333
0.509804
0.474510
0.470588
0.552941
0.623529
0.596078
0.600000
0.623529
0.556863
0.466667
0.368627
0.317647
0.396078
0.529412
0.545098
0.509804
0.333333
0.301961
0.533333
0.662745
0.674510
0.698039
0.482353
0.341176
0.345098
0.341176
0.345098
0.392157
0.415686
0.439216
0.458824
0.521569
0.486275
0.478431
0.509804
0.584314
0.603922
0.545098
0.564706
0.517647
0.388235
0.392157
0.474510
0.474510
0.525490
0.584314
0.584314
0.572549
0.380392
0.270588
0.549020
0.686275
0.705882
0.729412
0.513725
0.325490
0.305882
0.286275
0.321569
0.368627
0.443137
0.443137
0.450980
0.505882
0.458824
0.474510
0.482353
0.564706
0.564706
0.450980
0.360784
0.337255
0.443137
0.647059
0.725490
0.650980
0.607843
0.545098
0.533333
0.564706
0.403922
0.262745
0.552941
0.717647
0.725490
0.745098
0.552941
0.337255
0.294118
0.262745
0.301961
0.345098
0.443137
0.454902
0.450980
0.490196
0.462745
0.450980
0.466667
0.490196
0.368627
0.274510
0.247059
0.266667
0.450980
0.674510
0.603922
0.619608
0.650980
0.588235
0.580392
0.647059
0.435294
0.286275
0.611765
0.733333
0.713725
0.760784
0.596078
0.349020
0.309804
0.274510
0.278431
0.317647
0.376471
0.400000
0.407843
0.439216
0.494118
0.415686
0.372549
0.254902
0.192157
0.223529
0.243137
0.227451
0.278431
0.305882
0.266667
0.411765
0.364706
0.458824
0.529412
0.580392
0.509804
0.298039
0.623529
0.752941
0.788235
0.827451
0.670588
0.325490
0.282353
0.262745
0.258824
0.313725
0.435294
0.392157
0.364706
0.443137
0.407843
0.274510
0.223529
0.207843
0.215686
0.219608
0.192157
0.207843
0.192157
0.168627
0.200000
0.188235
0.180392
0.262745
0.219608
0.274510
0.329412
0.207843
0.447059
0.674510
0.686275
0.749020
0.619608
0.341176
0.278431
0.298039
0.266667
0.333333
0.435294
0.376471
0.368627
0.447059
0.352941
0.243137
0.235294
0.223529
0.219608
0.211765
0.215686
0.243137
0.211765
0.188235
0.192157
0.152941
0.180392
0.196078
0.141176
0.141176
0.160784
0.125490
0.235294
0.345098
0.313725
0.419608
0.329412
0.360784
0.258824
0.266667
0.270588
0.301961
0.368627
0.345098
0.407843
0.443137
0.364706
0.266667
0.239216
0.200000
0.211765
0.207843
0.215686
0.231373
0.203922
0.200000
0.203922
0.188235
0.219608
0.219608
0.152941
0.133333
0.141176
0.113725
0.160784
0.184314
0.180392
0.176471
0.149020
0.368627
0.274510
0.262745
0.294118
0.298039
0.329412
0.337255
0.435294
0.462745
0.372549
0.243137
0.203922
0.176471
0.203922
0.196078
0.188235
0.215686
0.231373
0.294118
0.380392
0.384314
0.321569
0.274510
0.211765
0.231373
0.192157
0.109804
0.227451
0.278431
0.243137
0.211765
0.176471
0.372549
0.286275
0.301961
0.337255
0.341176
0.325490
0.345098
0.403922
0.458824
0.372549
0.239216
0.200000
0.219608
0.266667
0.313725
0.364706
0.388235
0.403922
0.443137
0.509804
0.592157
0.450980
0.352941
0.278431
0.301961
0.258824
0.094118
0.235294
0.325490
0.301961
0.294118
0.266667
0.364706
0.266667
0.282353
0.388235
0.341176
0.301961
0.376471
0.380392
0.419608
0.454902
0.388235
0.447059
0.427451
0.423529
0.458824
0.486275
0.498039
0.505882
0.470588
0.505882
0.596078
0.533333
0.407843
0.298039
0.247059
0.243137
0.105882
0.227451
0.345098
0.368627
0.407843
0.423529
0.403922
0.270588
0.333333
0.466667
0.333333
0.341176
0.478431
0.537255
0.549020
0.619608
0.647059
0.682353
0.517647
0.431373
0.486275
0.533333
0.552941
0.556863
0.490196
0.501961
0.525490
0.478431
0.352941
0.321569
0.274510
0.352941
0.200000
0.376471
0.482353
0.462745
0.447059
0.407843
0.498039
0.325490
0.352941
0.478431
0.345098
0.368627
0.525490
0.666667
0.619608
0.592157
0.603922
0.580392
0.549020
0.466667
0.498039
0.600000
0.596078
0.572549
0.494118
0.470588
0.435294
0.443137
0.423529
0.368627
0.368627
0.403922
0.215686
0.282353
0.345098
0.298039
0.266667
0.247059
0.513725
0.298039
0.301961
0.423529
0.305882
0.349020
0.486275
0.509804
0.505882
0.411765
0.341176
0.513725
0.705882
0.705882
0.705882
0.737255
0.701961
0.670588
0.600000
0.494118
0.458824
0.482353
0.541176
0.525490
0.490196
0.466667
0.196078
0.121569
0.145098
0.125490
0.125490
0.121569
0.556863
0.317647
0.368627
0.462745
0.309804
0.450980
0.509804
0.494118
0.482353
0.403922
0.356863
0.486275
0.454902
0.478431
0.549020
0.647059
0.517647
0.368627
0.341176
0.262745
0.164706
0.094118
0.172549
0.227451
0.133333
0.188235
0.113725
0.094118
0.098039
0.101961
0.152941
0.137255
0.576471
0.356863
0.392157
0.450980
0.384314
0.454902
0.462745
0.470588
0.415686
0.368627
0.400000
0.403922
0.247059
0.294118
0.400000
0.643137
0.478431
0.294118
0.313725
0.294118
0.203922
0.105882
0.176471
0.192157
0.098039
0.141176
0.105882
0.113725
0.121569
0.117647
0.164706
0.141176
0.596078
0.411765
0.439216
0.415686
0.349020
0.301961
0.262745
0.219608
0.200000
0.188235
0.211765
0.286275
0.345098
0.419608
0.505882
0.674510
0.509804
0.360784
0.384314
0.349020
0.305882
0.196078
0.278431
0.274510
0.164706
0.196078
0.129412
0.129412
0.141176
0.125490
0.160784
0.137255
0.415686
0.345098
0.388235
0.309804
0.184314
0.160784
0.164706
0.152941
0.156863
0.160784
0.176471
0.247059
0.407843
0.490196
0.572549
0.560784
0.462745
0.423529
0.388235
0.376471
0.372549
0.333333
0.450980
0.454902
0.372549
0.278431
0.180392
0.137255
0.152941
0.121569
0.156863
0.133333
0.380392
0.325490
0.309804
0.309804
0.278431
0.223529
0.200000
0.160784
0.160784
0.152941
0.160784
0.172549
0.274510
0.309804
0.392157
0.349020
0.262745
0.258824
0.196078
0.211765
0.215686
0.254902
0.380392
0.376471
0.360784
0.223529
0.160784
0.137255
0.160784
0.117647
0.149020
0.141176
0.588235
0.470588
0.450980
0.400000
0.345098
0.356863
0.313725
0.227451
0.180392
0.160784
0.133333
0.121569
0.180392
0.168627
0.250980
0.254902
0.200000
0.188235
0.121569
0.149020
0.137255
0.137255
0.168627
0.156863
0.168627
0.129412
0.113725
0.137255
0.172549
0.145098
0.180392
0.164706
0.556863
0.552941
0.525490
0.364706
0.313725
0.258824
0.325490
0.407843
0.364706
0.329412
0.266667
0.250980
0.235294
0.184314
0.262745
0.325490
0.219608
0.168627
0.109804
0.125490
0.113725
0.125490
0.152941
0.149020
0.152941
0.125490
0.109804
0.117647
0.156863
0.149020
0.184314
0.164706
0.584314
0.564706
0.541176
0.486275
0.415686
0.286275
0.333333
0.305882
0.258824
0.286275
0.325490
0.388235
0.423529
0.321569
0.207843
0.298039
0.380392
0.294118
0.239216
0.274510
0.231373
0.231373
0.200000
0.184314
0.231373
0.278431
0.215686
0.137255
0.152941
0.160784
0.160784
0.137255
0.600000
0.588235
0.580392
0.513725
0.431373
0.317647
0.352941
0.278431
0.325490
0.305882
0.270588
0.196078
0.200000
0.203922
0.305882
0.301961
0.427451
0.474510
0.549020
0.650980
0.533333
0.462745
0.262745
0.207843
0.290196
0.454902
0.360784
0.337255
0.392157
0.376471
0.349020
0.309804
0.588235
0.588235
0.572549
0.513725
0.411765
0.305882
0.290196
0.141176
0.145098
0.176471
0.243137
0.200000
0.180392
0.184314
0.435294
0.341176
0.223529
0.223529
0.294118
0.380392
0.352941
0.321569
0.282353
0.325490
0.337255
0.313725
0.341176
0.392157
0.454902
0.470588
0.478431
0.470588
0.584314
0.592157
0.596078
0.592157
0.568627
0.533333
0.466667
0.364706
0.290196
0.215686
0.149020
0.090196
0.094118
0.149020
0.454902
0.305882
0.156863
0.180392
0.278431
0.392157
0.415686
0.356863
0.313725
0.411765
0.435294
0.278431
0.282353
0.333333
0.380392
0.403922
0.407843
0.415686
0.584314
0.588235
0.596078
0.603922
0.603922
0.607843
0.611765
0.615686
0.603922
0.521569
0.407843
0.305882
0.231373
0.200000
0.364706
0.243137
0.090196
0.101961
0.196078
0.282353
0.305882
0.231373
0.184314
0.203922
0.235294
0.219608
0.223529
0.250980
0.278431
0.294118
0.301961
0.329412
0.580392
0.584314
0.588235
0.592157
0.588235
0.584314
0.592157
0.611765
0.647059
0.643137
0.623529
0.560784
0.509804
0.462745
0.388235
0.258824
0.164706
0.109804
0.086275
0.098039
0.094118
0.062745
0.070588
0.094118
0.141176
0.207843
0.239216
0.258824
0.282353
0.286275
0.282353
0.286275
0.568627
0.576471
0.580392
0.588235
0.584314
0.572549
0.572549
0.580392
0.588235
0.592157
0.627451
0.607843
0.623529
0.666667
0.603922
0.525490
0.486275
0.431373
0.345098
0.278431
0.258824
0.258824
0.270588
0.298039
0.317647
0.345098
0.372549
0.380392
0.384314
0.415686
0.439216
0.423529
0.525490
0.549020
0.564706
0.568627
0.572549
0.560784
0.556863
0.560784
0.560784
0.556863
0.588235
0.607843
0.639216
0.658824
0.658824
0.639216
0.627451
0.619608
0.596078
0.576471
0.549020
0.537255
0.537255
0.541176
0.517647
0.498039
0.494118
0.474510
0.443137
0.450980
0.466667
0.462745
