0.603922
0.631373
0.619608
0.674510
0.729412
0.745098
0.729412
0.686275
0.756863
0.780392
0.780392
0.788235
0.792157
0.800000
0.788235
0.807843
0.752941
0.729412
0.796078
0.823529
0.756863
0.768627
0.764706
0.752941
0.729412
0.807843
0.811765
0.796078
0.796078
0.729412
0.741176
0.792157
0.627451
0.623529
0.592157
0.647059
0.721569
0.733333
0.701961
0.666667
0.741176
0.764706
0.768627
0.772549
0.772549
0.788235
0.776471
0.796078
0.745098
0.729412
0.784314
0.811765
0.760784
0.776471
0.682353
0.674510
0.694118
0.792157
0.803922
0.788235
0.733333
0.658824
0.729412
0.788235
0.654902
0.549020
0.537255
0.647059
0.713725
0.729412
0.635294
0.619608
0.737255
0.749020
0.760784
0.752941
0.752941
0.784314
0.772549
0.784314
0.776471
0.752941
0.752941
0.800000
0.792157
0.784314
0.713725
0.717647
0.760784
0.796078
0.800000
0.780392
0.749020
0.694118
0.713725
0.780392
0.674510
0.607843
0.611765
0.682353
0.701961
0.713725
0.666667
0.635294
0.713725
0.737255
0.741176
0.725490
0.749020
0.780392
0.756863
0.768627
0.764706
0.686275
0.717647
0.788235
0.776471
0.776471
0.749020
0.749020
0.760784
0.772549
0.784314
0.768627
0.772549
0.705882
0.701961
0.772549
0.670588
0.627451
0.658824
0.678431
0.694118
0.713725
0.701961
0.639216
0.698039
0.725490
0.737255
0.725490
0.733333
0.772549
0.749020
0.760784
0.756863
0.670588
0.713725
0.780392
0.768627
0.745098
0.701961
0.752941
0.749020
0.756863
0.776471
0.768627
0.776471
0.701961
0.701961
0.772549
0.650980
0.596078
0.674510
0.686275
0.701961
0.709804
0.686275
0.650980
0.713725
0.725490
0.725490
0.713725
0.721569
0.752941
0.745098
0.760784
0.745098
0.705882
0.709804
0.752941
0.749020
0.721569
0.678431
0.752941
0.760784
0.752941
0.772549
0.756863
0.741176
0.670588
0.721569
0.772549
0.647059
0.619608
0.678431
0.698039
0.701961
0.701961
0.639216
0.635294
0.725490
0.705882
0.682353
0.701961
0.717647
0.701961
0.717647
0.764706
0.725490
0.658824
0.705882
0.768627
0.749020
0.733333
0.717647
0.749020
0.768627
0.760784
0.772549
0.756863
0.705882
0.674510
0.733333
0.772549
0.682353
0.662745
0.686275
0.698039
0.698039
0.705882
0.635294
0.631373
0.709804
0.694118
0.674510
0.694118
0.698039
0.690196
0.721569
0.756863
0.690196
0.588235
0.509804
0.560784
0.560784
0.627451
0.749020
0.764706
0.768627
0.764706
0.776471
0.760784
0.709804
0.686275
0.741176
0.772549
0.694118
0.690196
0.694118
0.694118
0.698039
0.694118
0.576471
0.623529
0.713725
0.709804
0.690196
0.650980
0.670588
0.674510
0.709804
0.756863
0.682353
0.423529
0.247059
0.290196
0.298039
0.298039
0.584314
0.780392
0.780392
0.772549
0.784314
0.745098
0.639216
0.678431
0.772549
0.776471
0.694118
0.694118
0.698039
0.698039
0.701961
0.690196
0.564706
0.631373
0.721569
0.717647
0.694118
0.631373
0.643137
0.694118
0.713725
0.741176
0.580392
0.231373
0.176471
0.219608
0.231373
0.176471
0.282353
0.658824
0.800000
0.776471
0.792157
0.756863
0.647059
0.678431
0.772549
0.776471
0.698039
0.698039
0.701961
0.709804
0.713725
0.709804
0.647059
0.682353
0.721569
0.678431
0.643137
0.623529
0.603922
0.666667
0.721569
0.713725
0.384314
0.184314
0.203922
0.203922
0.231373
0.207843
0.180392
0.411765
0.752941
0.796078
0.792157
0.784314
0.729412
0.741176
0.768627
0.780392
0.694118
0.694118
0.701961
0.713725
0.713725
0.721569
0.639216
0.654902
0.729412
0.662745
0.615686
0.643137
0.603922
0.619608
0.705882
0.529412
0.211765
0.200000
0.305882
0.254902
0.309804
0.266667
0.176471
0.223529
0.525490
0.796078
0.800000
0.792157
0.729412
0.709804
0.776471
0.792157
0.686275
0.694118
0.705882
0.709804
0.709804
0.729412
0.615686
0.619608
0.741176
0.674510
0.564706
0.603922
0.588235
0.611765
0.674510
0.321569
0.145098
0.200000
0.321569
0.278431
0.317647
0.266667
0.172549
0.160784
0.356863
0.764706
0.807843
0.796078
0.690196
0.658824
0.772549
0.800000
0.690196
0.698039
0.713725
0.709804
0.721569
0.725490
0.662745
0.682353
0.733333
0.647059
0.552941
0.564706
0.560784
0.705882
0.674510
0.274510
0.156863
0.184314
0.372549
0.529412
0.474510
0.258824
0.176471
0.176471
0.364706
0.756863
0.807843
0.792157
0.721569
0.705882
0.768627
0.796078
0.690196
0.701961
0.717647
0.721569
0.729412
0.725490
0.686275
0.713725
0.725490
0.674510
0.611765
0.607843
0.607843
0.721569
0.639216
0.235294
0.164706
0.176471
0.474510
0.815686
0.705882
0.309804
0.180392
0.180392
0.321569
0.721569
0.815686
0.780392
0.741176
0.772549
0.788235
0.780392
0.686275
0.698039
0.721569
0.729412
0.733333
0.729412
0.666667
0.690196
0.725490
0.701961
0.662745
0.674510
0.658824
0.694118
0.568627
0.200000
0.176471
0.160784
0.407843
0.847059
0.713725
0.278431
0.184314
0.180392
0.290196
0.682353
0.815686
0.784314
0.752941
0.764706
0.784314
0.784314
0.686275
0.690196
0.705882
0.729412
0.725490
0.725490
0.623529
0.627451
0.682353
0.650980
0.666667
0.690196
0.647059
0.658824
0.431373
0.188235
0.184314
0.172549
0.490196
0.854902
0.729412
0.313725
0.188235
0.180392
0.239216
0.619608
0.819608
0.784314
0.713725
0.729412
0.780392
0.788235
0.686275
0.670588
0.694118
0.725490
0.717647
0.678431
0.517647
0.462745
0.482353
0.549020
0.627451
0.627451
0.549020
0.513725
0.305882
0.188235
0.188235
0.356863
0.725490
0.854902
0.839216
0.615686
0.262745
0.176471
0.207843
0.552941
0.819608
0.780392
0.737255
0.745098
0.776471
0.792157
0.650980
0.650980
0.698039
0.729412
0.694118
0.505882
0.329412
0.301961
0.352941
0.431373
0.450980
0.376471
0.298039
0.262745
0.223529
0.196078
0.243137
0.592157
0.835294
0.854902
0.854902
0.811765
0.486275
0.192157
0.192157
0.509804
0.811765
0.780392
0.780392
0.749020
0.764706
0.796078
0.584314
0.603922
0.647059
0.682353
0.635294
0.345098
0.219608
0.250980
0.266667
0.258824
0.219608
0.180392
0.176471
0.180392
0.207843
0.200000
0.301961
0.658824
0.843137
0.858824
0.854902
0.843137
0.654902
0.274510
0.180392
0.478431
0.807843
0.792157
0.764706
0.686275
0.752941
0.788235
0.576471
0.584314
0.568627
0.560784
0.494118
0.270588
0.196078
0.196078
0.192157
0.196078
0.196078
0.188235
0.188235
0.196078
0.207843
0.196078
0.360784
0.717647
0.843137
0.858824
0.858824
0.847059
0.647059
0.305882
0.192157
0.392157
0.733333
0.756863
0.749020
0.686275
0.760784
0.792157
0.533333
0.537255
0.482353
0.462745
0.321569
0.207843
0.184314
0.180392
0.188235
0.200000
0.203922
0.192157
0.184314
0.192157
0.203922
0.192157
0.392157
0.776471
0.854902
0.858824
0.862745
0.827451
0.556863
0.270588
0.196078
0.282353
0.607843
0.682353
0.678431
0.678431
0.729412
0.788235
0.364706
0.349020
0.301961
0.258824
0.184314
0.184314
0.188235
0.203922
0.200000
0.196078
0.196078
0.184314
0.180392
0.196078
0.207843
0.196078
0.364706
0.780392
0.866667
0.854902
0.862745
0.756863
0.411765
0.223529
0.200000
0.223529
0.498039
0.698039
0.686275
0.678431
0.658824
0.686275
0.407843
0.301961
0.250980
0.231373
0.247059
0.266667
0.250980
0.219608
0.207843
0.200000
0.192157
0.188235
0.192157
0.200000
0.207843
0.192157
0.305882
0.745098
0.866667
0.858824
0.858824
0.647059
0.313725
0.207843
0.192157
0.203922
0.360784
0.694118
0.737255
0.721569
0.717647
0.694118
0.647059
0.584314
0.411765
0.341176
0.396078
0.435294
0.313725
0.282353
0.254902
0.211765
0.219608
0.207843
0.203922
0.203922
0.196078
0.180392
0.239216
0.658824
0.850980
0.854902
0.843137
0.627451
0.380392
0.247059
0.192157
0.223529
0.286275
0.603922
0.725490
0.733333
0.768627
0.756863
0.752941
0.705882
0.635294
0.533333
0.501961
0.576471
0.509804
0.564706
0.517647
0.458824
0.486275
0.349020
0.258824
0.219608
0.203922
0.188235
0.243137
0.556863
0.803922
0.866667
0.843137
0.749020
0.541176
0.294118
0.196078
0.266667
0.376471
0.505882
0.749020
0.764706
0.780392
0.768627
0.745098
0.701961
0.713725
0.709804
0.717647
0.694118
0.658824
0.694118
0.713725
0.737255
0.717647
0.603922
0.474510
0.380392
0.290196
0.219608
0.301961
0.505882
0.686275
0.831373
0.858824
0.815686
0.650980
0.360784
0.207843
0.270588
0.447059
0.462745
0.678431
0.741176
0.756863
0.768627
0.737255
0.745098
0.737255
0.756863
0.788235
0.721569
0.690196
0.713725
0.725490
0.764706
0.768627
0.729412
0.698039
0.611765
0.490196
0.423529
0.525490
0.615686
0.674510
0.780392
0.780392
0.752941
0.678431
0.505882
0.364706
0.368627
0.439216
0.478431
0.600000
0.650980
0.662745
0.713725
0.756863
0.764706
0.749020
0.803922
0.780392
0.745098
0.756863
0.776471
0.752941
0.780392
0.776471
0.784314
0.807843
0.741176
0.658824
0.631373
0.698039
0.756863
0.741176
0.772549
0.733333
0.709804
0.694118
0.619608
0.549020
0.568627
0.537255
0.564706
0.654902
0.631373
0.647059
0.721569
0.760784
0.792157
0.807843
0.807843
0.768627
0.788235
0.811765
0.819608
0.796078
0.800000
0.772549
0.807843
0.831373
0.811765
0.749020
0.694118
0.741176
0.831373
0.737255
0.713725
0.717647
0.694118
0.717647
0.705882
0.611765
0.611765
0.584314
0.654902
0.737255
0.733333
0.733333
0.772549
0.752941
0.796078
0.819608
0.780392
0.792157
0.807843
0.843137
0.819608
0.811765
0.827451
0.796078
0.823529
0.819608
0.800000
0.780392
0.752941
0.807843
0.800000
0.713725
0.678431
0.690196
0.694118
0.741176
0.756863
0.713725
0.643137
0.623529
0.709804
0.772549
0.792157
0.784314
0.803922
0.756863
0.807843
0.815686
0.800000
0.819608
0.827451
0.866667
0.827451
0.839216
0.858824
0.843137
0.854902
0.839216
0.815686
0.815686
0.819608
0.835294
0.776471
0.741176
0.749020
0.756863
0.752941
0.776471
0.800000
0.776471
0.749020
0.717647
0.745098
0.776471
0.807843
0.811765
0.819608
0.560784
0.568627
0.541176
0.611765
0.674510
0.686275
0.670588
0.623529
0.701961
0.741176
0.741176
0.745098
0.752941
0.760784
0.749020
0.768627
0.729412
0.705882
0.772549
0.796078
0.725490
0.729412
0.701961
0.650980
0.654902
0.760784
0.776471
0.776471
0.760784
0.682353
0.705882
0.772549
0.580392
0.556863
0.513725
0.580392
0.666667
0.674510
0.647059
0.607843
0.690196
0.725490
0.729412
0.725490
0.721569
0.745098
0.737255
0.756863
0.713725
0.698039
0.752941
0.776471
0.725490
0.733333
0.623529
0.592157
0.631373
0.749020
0.768627
0.764706
0.694118
0.611765
0.694118
0.764706
0.596078
0.478431
0.462745
0.580392
0.658824
0.666667
0.576471
0.564706
0.694118
0.713725
0.717647
0.698039
0.694118
0.733333
0.729412
0.745098
0.737255
0.717647
0.713725
0.760784
0.752941
0.737255
0.654902
0.650980
0.713725
0.756863
0.764706
0.749020
0.713725
0.654902
0.674510
0.749020
0.607843
0.533333
0.533333
0.615686
0.643137
0.650980
0.607843
0.580392
0.674510
0.701961
0.690196
0.658824
0.682353
0.721569
0.713725
0.729412
0.725490
0.647059
0.678431
0.749020
0.733333
0.721569
0.686275
0.701961
0.721569
0.737255
0.745098
0.733333
0.737255
0.674510
0.666667
0.737255
0.600000
0.552941
0.580392
0.611765
0.635294
0.650980
0.643137
0.588235
0.662745
0.690196
0.682353
0.654902
0.662745
0.709804
0.698039
0.721569
0.713725
0.627451
0.670588
0.741176
0.725490
0.690196
0.643137
0.717647
0.717647
0.721569
0.737255
0.725490
0.737255
0.670588
0.666667
0.729412
0.576471
0.521569
0.603922
0.607843
0.631373
0.650980
0.627451
0.588235
0.662745
0.678431
0.670588
0.650980
0.654902
0.682353
0.686275
0.721569
0.705882
0.647059
0.654902
0.721569
0.713725
0.666667
0.619608
0.717647
0.729412
0.717647
0.733333
0.721569
0.701961
0.631373
0.682353
0.729412
0.576471
0.549020
0.607843
0.615686
0.631373
0.647059
0.576471
0.564706
0.662745
0.658824
0.627451
0.643137
0.654902
0.627451
0.654902
0.717647
0.666667
0.568627
0.619608
0.721569
0.717647
0.682353
0.666667
0.709804
0.737255
0.721569
0.737255
0.721569
0.662745
0.623529
0.686275
0.729412
0.611765
0.596078
0.611765
0.627451
0.639216
0.650980
0.560784
0.556863
0.658824
0.654902
0.627451
0.635294
0.635294
0.615686
0.654902
0.705882
0.611765
0.482353
0.411765
0.494118
0.521569
0.584314
0.705882
0.729412
0.733333
0.729412
0.741176
0.729412
0.647059
0.615686
0.690196
0.737255
0.623529
0.619608
0.623529
0.627451
0.647059
0.639216
0.498039
0.552941
0.670588
0.674510
0.635294
0.588235
0.611765
0.600000
0.643137
0.705882
0.623529
0.349020
0.176471
0.243137
0.262745
0.262745
0.549020
0.745098
0.745098
0.737255
0.749020
0.709804
0.572549
0.596078
0.717647
0.741176
0.623529
0.623529
0.623529
0.627451
0.643137
0.635294
0.490196
0.564706
0.674510
0.670588
0.627451
0.556863
0.580392
0.615686
0.647059
0.698039
0.545098
0.192157
0.149020
0.196078
0.196078
0.152941
0.258824
0.623529
0.760784
0.741176
0.756863
0.721569
0.592157
0.615686
0.725490
0.749020
0.627451
0.627451
0.627451
0.631373
0.647059
0.658824
0.584314
0.619608
0.666667
0.619608
0.556863
0.537255
0.541176
0.592157
0.654902
0.666667
0.341176
0.149020
0.176471
0.172549
0.196078
0.188235
0.164706
0.380392
0.717647
0.760784
0.756863
0.749020
0.690196
0.701961
0.741176
0.760784
0.631373
0.631373
0.631373
0.635294
0.643137
0.658824
0.576471
0.584314
0.662745
0.592157
0.517647
0.541176
0.525490
0.541176
0.647059
0.490196
0.176471
0.164706
0.266667
0.211765
0.262745
0.243137
0.160784
0.188235
0.486275
0.760784
0.764706
0.756863
0.694118
0.674510
0.749020
0.768627
0.631373
0.631373
0.639216
0.639216
0.643137
0.658824
0.541176
0.545098
0.670588
0.603922
0.470588
0.494118
0.490196
0.533333
0.619608
0.290196
0.129412
0.176471
0.286275
0.235294
0.262745
0.231373
0.149020
0.125490
0.321569
0.729412
0.768627
0.756863
0.650980
0.619608
0.741176
0.772549
0.631373
0.631373
0.643137
0.639216
0.650980
0.654902
0.592157
0.619608
0.682353
0.600000
0.482353
0.466667
0.466667
0.631373
0.623529
0.247059
0.137255
0.160784
0.341176
0.494118
0.427451
0.227451
0.152941
0.141176
0.329412
0.721569
0.772549
0.752941
0.682353
0.670588
0.741176
0.772549
0.627451
0.635294
0.643137
0.647059
0.658824
0.654902
0.623529
0.662745
0.694118
0.639216
0.556863
0.521569
0.517647
0.654902
0.596078
0.211765
0.145098
0.152941
0.454902
0.792157
0.674510
0.278431
0.152941
0.152941
0.290196
0.686275
0.776471
0.741176
0.705882
0.745098
0.764706
0.764706
0.615686
0.627451
0.643137
0.647059
0.654902
0.662745
0.607843
0.647059
0.698039
0.670588
0.611765
0.596078
0.572549
0.631373
0.529412
0.180392
0.152941
0.141176
0.396078
0.835294
0.701961
0.250980
0.149020
0.152941
0.258824
0.647059
0.780392
0.745098
0.721569
0.741176
0.764706
0.772549
0.615686
0.615686
0.619608
0.643137
0.643137
0.654902
0.564706
0.580392
0.647059
0.619608
0.607843
0.603922
0.564706
0.596078
0.396078
0.168627
0.160784
0.152941
0.478431
0.850980
0.725490
0.286275
0.149020
0.156863
0.207843
0.584314
0.784314
0.745098
0.686275
0.709804
0.764706
0.784314
0.615686
0.592157
0.607843
0.643137
0.643137
0.615686
0.462745
0.419608
0.447059
0.513725
0.576471
0.560784
0.486275
0.466667
0.274510
0.164706
0.164706
0.337255
0.713725
0.850980
0.835294
0.596078
0.231373
0.152941
0.176471
0.517647
0.784314
0.749020
0.705882
0.721569
0.752941
0.780392
0.568627
0.560784
0.596078
0.650980
0.631373
0.450980
0.286275
0.266667
0.321569
0.400000
0.415686
0.341176
0.262745
0.227451
0.192157
0.164706
0.211765
0.568627
0.815686
0.843137
0.847059
0.800000
0.466667
0.172549
0.160784
0.474510
0.776471
0.749020
0.741176
0.709804
0.729412
0.768627
0.478431
0.494118
0.533333
0.584314
0.560784
0.286275
0.180392
0.219608
0.235294
0.227451
0.188235
0.149020
0.145098
0.149020
0.176471
0.164706
0.270588
0.635294
0.819608
0.843137
0.843137
0.827451
0.635294
0.250980
0.145098
0.435294
0.768627
0.749020
0.721569
0.647059
0.721569
0.764706
0.454902
0.466667
0.450980
0.458824
0.411765
0.211765
0.164706
0.168627
0.156863
0.160784
0.160784
0.152941
0.152941
0.160784
0.172549
0.160784
0.325490
0.694118
0.823529
0.843137
0.847059
0.831373
0.623529
0.278431
0.152941
0.352941
0.686275
0.705882
0.698039
0.643137
0.721569
0.760784
0.423529
0.435294
0.380392
0.380392
0.254902
0.156863
0.152941
0.152941
0.152941
0.164706
0.168627
0.156863
0.149020
0.156863
0.168627
0.156863
0.360784
0.749020
0.835294
0.843137
0.847059
0.803922
0.525490
0.235294
0.156863
0.235294
0.552941
0.615686
0.607843
0.611765
0.670588
0.729412
0.286275
0.278431
0.239216
0.215686
0.152941
0.149020
0.160784
0.172549
0.164706
0.160784
0.160784
0.149020
0.145098
0.156863
0.172549
0.160784
0.333333
0.756863
0.847059
0.843137
0.843137
0.729412
0.380392
0.188235
0.156863
0.168627
0.427451
0.615686
0.596078
0.584314
0.572549
0.603922
0.341176
0.243137
0.200000
0.207843
0.227451
0.235294
0.215686
0.180392
0.168627
0.160784
0.152941
0.149020
0.156863
0.168627
0.176471
0.164706
0.274510
0.721569
0.850980
0.843137
0.839216
0.623529
0.278431
0.168627
0.149020
0.152941
0.298039
0.615686
0.635294
0.611765
0.615686
0.592157
0.564706
0.501961
0.341176
0.286275
0.345098
0.376471
0.254902
0.227451
0.203922
0.160784
0.164706
0.156863
0.168627
0.172549
0.172549
0.160784
0.215686
0.639216
0.839216
0.847059
0.823529
0.607843
0.349020
0.207843
0.149020
0.180392
0.243137
0.541176
0.635294
0.627451
0.666667
0.654902
0.662745
0.611765
0.556863
0.458824
0.423529
0.498039
0.427451
0.490196
0.447059
0.388235
0.411765
0.286275
0.219608
0.180392
0.172549
0.160784
0.211765
0.529412
0.784314
0.850980
0.815686
0.721569
0.505882
0.250980
0.152941
0.231373
0.345098
0.454902
0.666667
0.662745
0.682353
0.670588
0.658824
0.607843
0.635294
0.627451
0.623529
0.600000
0.564706
0.603922
0.623529
0.647059
0.623529
0.525490
0.419608
0.325490
0.239216
0.172549
0.258824
0.466667
0.650980
0.796078
0.819608
0.772549
0.600000
0.313725
0.164706
0.243137
0.419608
0.411765
0.596078
0.647059
0.658824
0.670588
0.650980
0.650980
0.658824
0.666667
0.686275
0.623529
0.592157
0.615686
0.627451
0.662745
0.662745
0.639216
0.627451
0.541176
0.415686
0.352941
0.462745
0.556863
0.623529
0.729412
0.729412
0.694118
0.615686
0.439216
0.317647
0.333333
0.403922
0.419608
0.517647
0.564706
0.576471
0.627451
0.666667
0.666667
0.666667
0.717647
0.686275
0.650980
0.666667
0.682353
0.654902
0.678431
0.670588
0.686275
0.725490
0.654902
0.564706
0.533333
0.615686
0.678431
0.674510
0.709804
0.670588
0.643137
0.619608
0.541176
0.482353
0.517647
0.486275
0.486275
0.568627
0.549020
0.564706
0.639216
0.670588
0.698039
0.729412
0.729412
0.686275
0.705882
0.729412
0.733333
0.701961
0.705882
0.678431
0.713725
0.741176
0.713725
0.643137
0.584314
0.647059
0.745098
0.658824
0.643137
0.650980
0.619608
0.631373
0.615686
0.533333
0.545098
0.513725
0.560784
0.647059
0.654902
0.654902
0.694118
0.662745
0.709804
0.733333
0.701961
0.709804
0.721569
0.752941
0.729412
0.725490
0.741176
0.713725
0.741176
0.741176
0.717647
0.698039
0.666667
0.717647
0.713725
0.631373
0.596078
0.607843
0.611765
0.650980
0.670588
0.627451
0.560784
0.541176
0.619608
0.686275
0.709804
0.698039
0.717647
0.654902
0.705882
0.713725
0.701961
0.721569
0.721569
0.752941
0.717647
0.733333
0.760784
0.749020
0.764706
0.749020
0.725490
0.725490
0.729412
0.737255
0.674510
0.643137
0.650980
0.658824
0.650980
0.674510
0.694118
0.674510
0.647059
0.615686
0.639216
0.674510
0.709804
0.713725
0.721569
0.529412
0.529412
0.494118
0.556863
0.635294
0.674510
0.654902
0.600000
0.682353
0.737255
0.733333
0.733333
0.749020
0.752941
0.741176
0.760784
0.717647
0.698039
0.764706
0.796078
0.741176
0.741176
0.705882
0.654902
0.662745
0.768627
0.788235
0.792157
0.764706
0.682353
0.709804
0.776471
0.552941
0.525490
0.474510
0.533333
0.631373
0.662745
0.627451
0.584314
0.670588
0.717647
0.721569
0.713725
0.717647
0.737255
0.729412
0.749020
0.705882
0.690196
0.752941
0.780392
0.737255
0.745098
0.623529
0.596078
0.639216
0.760784
0.780392
0.780392
0.701961
0.611765
0.698039
0.772549
0.572549
0.450980
0.435294
0.545098
0.631373
0.658824
0.560784
0.537255
0.670588
0.705882
0.713725
0.686275
0.686275
0.729412
0.729412
0.741176
0.729412
0.713725
0.713725
0.764706
0.756863
0.741176
0.658824
0.654902
0.717647
0.760784
0.776471
0.768627
0.717647
0.650980
0.678431
0.756863
0.588235
0.517647
0.513725
0.592157
0.627451
0.650980
0.592157
0.552941
0.654902
0.694118
0.686275
0.650980
0.670588
0.717647
0.717647
0.733333
0.721569
0.643137
0.678431
0.752941
0.733333
0.721569
0.690196
0.701961
0.725490
0.741176
0.760784
0.752941
0.745098
0.666667
0.670588
0.749020
0.580392
0.533333
0.568627
0.596078
0.627451
0.650980
0.627451
0.560784
0.635294
0.682353
0.682353
0.647059
0.647059
0.705882
0.705882
0.729412
0.709804
0.627451
0.674510
0.745098
0.725490
0.690196
0.647059
0.717647
0.717647
0.729412
0.749020
0.745098
0.745098
0.662745
0.670588
0.745098
0.541176
0.486275
0.576471
0.596078
0.627451
0.643137
0.615686
0.568627
0.643137
0.662745
0.658824
0.631373
0.639216
0.682353
0.694118
0.725490
0.701961
0.650980
0.662745
0.725490
0.709804
0.662745
0.619608
0.713725
0.729412
0.721569
0.741176
0.733333
0.705882
0.631373
0.694118
0.752941
0.529412
0.498039
0.568627
0.603922
0.623529
0.635294
0.564706
0.556863
0.654902
0.643137
0.615686
0.627451
0.639216
0.627451
0.666667
0.725490
0.662745
0.580392
0.635294
0.729412
0.709804
0.678431
0.662745
0.701961
0.733333
0.729412
0.741176
0.725490
0.662745
0.627451
0.701961
0.756863
0.564706
0.541176
0.572549
0.607843
0.619608
0.631373
0.549020
0.552941
0.654902
0.647059
0.623529
0.627451
0.619608
0.615686
0.666667
0.713725
0.607843
0.490196
0.423529
0.498039
0.513725
0.580392
0.701961
0.721569
0.737255
0.737255
0.749020
0.733333
0.654902
0.627451
0.705882
0.760784
0.576471
0.568627
0.584314
0.603922
0.623529
0.615686
0.486275
0.545098
0.662745
0.666667
0.631373
0.580392
0.592157
0.603922
0.654902
0.713725
0.611765
0.345098
0.180392
0.239216
0.258824
0.262745
0.549020
0.745098
0.752941
0.749020
0.760784
0.721569
0.584314
0.611765
0.733333
0.764706
0.576471
0.572549
0.588235
0.603922
0.619608
0.607843
0.470588
0.549020
0.658824
0.658824
0.619608
0.549020
0.564706
0.619608
0.658824
0.705882
0.537255
0.188235
0.145098
0.196078
0.200000
0.152941
0.258824
0.627451
0.776471
0.760784
0.776471
0.741176
0.603922
0.623529
0.741176
0.768627
0.580392
0.572549
0.588235
0.607843
0.619608
0.627451
0.556863
0.592157
0.639216
0.592157
0.541176
0.521569
0.525490
0.592157
0.666667
0.678431
0.349020
0.156863
0.188235
0.188235
0.200000
0.184314
0.160784
0.380392
0.733333
0.780392
0.776471
0.772549
0.694118
0.705882
0.749020
0.780392
0.580392
0.572549
0.588235
0.615686
0.623529
0.631373
0.549020
0.560784
0.635294
0.564706
0.498039
0.529412
0.509804
0.541176
0.654902
0.498039
0.188235
0.176471
0.278431
0.219608
0.266667
0.239216
0.160784
0.196078
0.501961
0.776471
0.784314
0.780392
0.705882
0.682353
0.760784
0.792157
0.580392
0.572549
0.588235
0.611765
0.619608
0.631373
0.513725
0.517647
0.647059
0.576471
0.454902
0.482353
0.474510
0.529412
0.619608
0.298039
0.137255
0.180392
0.282353
0.231373
0.258824
0.231373
0.152941
0.141176
0.333333
0.741176
0.792157
0.788235
0.674510
0.631373
0.760784
0.800000
0.580392
0.572549
0.596078
0.603922
0.615686
0.619608
0.552941
0.588235
0.654902
0.568627
0.458824
0.454902
0.450980
0.623529
0.623529
0.250980
0.141176
0.168627
0.345098
0.494118
0.427451
0.231373
0.160784
0.152941
0.341176
0.733333
0.796078
0.784314
0.701961
0.682353
0.756863
0.796078
0.580392
0.572549
0.596078
0.600000
0.607843
0.615686
0.584314
0.631373
0.662745
0.611765
0.533333
0.505882
0.501961
0.647059
0.596078
0.211765
0.149020
0.160784
0.458824
0.796078
0.682353
0.290196
0.160784
0.160784
0.301961
0.698039
0.800000
0.772549
0.725490
0.752941
0.780392
0.784314
0.572549
0.568627
0.596078
0.603922
0.603922
0.623529
0.576471
0.619608
0.666667
0.639216
0.588235
0.580392
0.556863
0.619608
0.525490
0.180392
0.160784
0.149020
0.403922
0.850980
0.717647
0.266667
0.160784
0.160784
0.266667
0.658824
0.800000
0.776471
0.737255
0.749020
0.780392
0.792157
0.568627
0.556863
0.576471
0.603922
0.603922
0.627451
0.545098
0.568627
0.623529
0.596078
0.596078
0.596078
0.545098
0.584314
0.392157
0.164706
0.164706
0.164706
0.498039
0.870588
0.745098
0.309804
0.168627
0.160784
0.215686
0.596078
0.807843
0.776471
0.701961
0.717647
0.776471
0.800000
0.564706
0.537255
0.560784
0.596078
0.607843
0.600000
0.454902
0.407843
0.431373
0.498039
0.564706
0.549020
0.470588
0.454902
0.266667
0.160784
0.168627
0.349020
0.733333
0.870588
0.858824
0.619608
0.250980
0.160784
0.184314
0.529412
0.803922
0.768627
0.721569
0.733333
0.772549
0.803922
0.513725
0.513725
0.552941
0.596078
0.588235
0.439216
0.278431
0.258824
0.309804
0.388235
0.403922
0.333333
0.254902
0.219608
0.184314
0.160784
0.219608
0.580392
0.835294
0.866667
0.874510
0.823529
0.486275
0.184314
0.172549
0.486275
0.788235
0.760784
0.760784
0.733333
0.760784
0.800000
0.439216
0.458824
0.498039
0.541176
0.529412
0.278431
0.172549
0.207843
0.227451
0.219608
0.180392
0.141176
0.137255
0.141176
0.168627
0.164706
0.282353
0.647059
0.843137
0.866667
0.870588
0.850980
0.650980
0.266667
0.156863
0.450980
0.784314
0.764706
0.737255
0.666667
0.745098
0.792157
0.435294
0.447059
0.431373
0.431373
0.400000
0.211765
0.156863
0.164706
0.160784
0.164706
0.164706
0.156863
0.152941
0.160784
0.172549
0.164706
0.337255
0.705882
0.843137
0.866667
0.870588
0.847059
0.635294
0.286275
0.160784
0.360784
0.698039
0.717647
0.705882
0.650980
0.737255
0.780392
0.407843
0.419608
0.360784
0.360784
0.247059
0.164706
0.149020
0.152941
0.168627
0.176471
0.180392
0.168627
0.156863
0.164706
0.176471
0.168627
0.372549
0.764706
0.854902
0.862745
0.866667
0.819608
0.537255
0.243137
0.160784
0.239216
0.556863
0.627451
0.615686
0.619608
0.682353
0.749020
0.262745
0.254902
0.211765
0.192157
0.149020
0.160784
0.160784
0.180392
0.184314
0.180392
0.180392
0.168627
0.156863
0.172549
0.184314
0.172549
0.341176
0.768627
0.866667
0.862745
0.858824
0.745098
0.388235
0.192157
0.156863
0.168627
0.431373
0.627451
0.603922
0.596078
0.588235
0.623529
0.321569
0.223529
0.180392
0.184314
0.219608
0.243137
0.215686
0.188235
0.188235
0.184314
0.176471
0.168627
0.164706
0.176471
0.188235
0.176471
0.290196
0.737255
0.870588
0.866667
0.850980
0.627451
0.278431
0.172549
0.152941
0.152941
0.301961
0.623529
0.647059
0.627451
0.631373
0.611765
0.560784
0.498039
0.333333
0.274510
0.333333
0.368627
0.247059
0.223529
0.207843
0.168627
0.180392
0.168627
0.168627
0.176471
0.180392
0.176471
0.239216
0.662745
0.862745
0.870588
0.831373
0.592157
0.333333
0.207843
0.156863
0.184314
0.247059
0.545098
0.647059
0.647059
0.682353
0.674510
0.666667
0.615686
0.556863
0.458824
0.423529
0.498039
0.427451
0.490196
0.447059
0.392157
0.423529
0.290196
0.211765
0.176471
0.172549
0.164706
0.219608
0.537255
0.800000
0.870588
0.823529
0.705882
0.486275
0.243137
0.152941
0.231373
0.341176
0.454902
0.678431
0.682353
0.698039
0.686275
0.666667
0.619608
0.639216
0.635294
0.635294
0.611765
0.576471
0.603922
0.619608
0.650980
0.635294
0.529412
0.411765
0.321569
0.235294
0.164706
0.243137
0.454902
0.650980
0.807843
0.827451
0.768627
0.584314
0.290196
0.149020
0.227451
0.407843
0.407843
0.603922
0.658824
0.674510
0.686275
0.662745
0.666667
0.666667
0.678431
0.701961
0.639216
0.607843
0.623529
0.631373
0.674510
0.682353
0.654902
0.627451
0.545098
0.415686
0.345098
0.447059
0.545098
0.615686
0.725490
0.725490
0.690196
0.607843
0.419608
0.290196
0.305882
0.388235
0.415686
0.529412
0.576471
0.588235
0.639216
0.678431
0.682353
0.678431
0.729412
0.701961
0.666667
0.678431
0.698039
0.670588
0.701961
0.705882
0.717647
0.745098
0.670588
0.576471
0.541176
0.619608
0.674510
0.654902
0.686275
0.643137
0.635294
0.619608
0.533333
0.454902
0.482353
0.466667
0.486275
0.576471
0.556863
0.576471
0.647059
0.690196
0.717647
0.745098
0.745098
0.705882
0.725490
0.749020
0.756863
0.733333
0.741176
0.725490
0.760784
0.780392
0.745098
0.666667
0.607843
0.670588
0.752941
0.647059
0.611765
0.607843
0.607843
0.647059
0.627451
0.509804
0.509804
0.498039
0.568627
0.658824
0.666667
0.666667
0.701961
0.682353
0.729412
0.752941
0.721569
0.733333
0.745098
0.780392
0.756863
0.752941
0.776471
0.756863
0.780392
0.772549
0.749020
0.725490
0.694118
0.741176
0.725490
0.631373
0.588235
0.592157
0.611765
0.674510
0.698039
0.639216
0.560784
0.545098
0.631373
0.705882
0.737255
0.725490
0.745098
0.662745
0.713725
0.721569
0.713725
0.737255
0.737255
0.772549
0.737255
0.752941
0.780392
0.776471
0.788235
0.764706
0.741176
0.741176
0.745098
0.749020
0.678431
0.639216
0.647059
0.647059
0.650980
0.686275
0.721569
0.694118
0.662745
0.631373
0.654902
0.694118
0.729412
0.733333
0.741176
