0.831373
0.823529
0.831373
0.835294
0.831373
0.835294
0.839216
0.839216
0.835294
0.839216
0.839216
0.839216
0.843137
0.847059
0.850980
0.854902
0.858824
0.858824
0.858824
0.858824
0.862745
0.862745
0.862745
0.862745
0.866667
0.866667
0.870588
0.874510
0.874510
0.874510
0.874510
0.874510
0.827451
0.819608
0.827451
0.835294
0.835294
0.835294
0.839216
0.835294
0.835294
0.839216
0.839216
0.839216
0.839216
0.843137
0.847059
0.854902
0.850980
0.850980
0.854902
0.858824
0.858824
0.862745
0.862745
0.862745
0.862745
0.866667
0.866667
0.866667
0.866667
0.866667
0.870588
0.870588
0.819608
0.815686
0.823529
0.823529
0.823529
0.827451
0.827451
0.831373
0.839216
0.839216
0.835294
0.835294
0.839216
0.839216
0.843137
0.847059
0.843137
0.843137
0.847059
0.850980
0.850980
0.850980
0.854902
0.858824
0.858824
0.858824
0.862745
0.862745
0.862745
0.866667
0.866667
0.866667
0.811765
0.807843
0.811765
0.815686
0.815686
0.819608
0.819608
0.823529
0.823529
0.823529
0.823529
0.827451
0.831373
0.835294
0.835294
0.835294
0.839216
0.839216
0.843137
0.843137
0.843137
0.843137
0.847059
0.850980
0.850980
0.850980
0.854902
0.854902
0.858824
0.858824
0.858824
0.858824
0.803922
0.796078
0.803922
0.807843
0.811765
0.815686
0.819608
0.819608
0.819608
0.819608
0.827451
0.827451
0.827451
0.819608
0.823529
0.831373
0.835294
0.835294
0.839216
0.839216
0.843137
0.843137
0.843137
0.843137
0.843137
0.843137
0.843137
0.847059
0.847059
0.850980
0.850980
0.850980
0.803922
0.792157
0.796078
0.800000
0.803922
0.807843
0.803922
0.803922
0.807843
0.811765
0.788235
0.800000
0.831373
0.819608
0.823529
0.819608
0.819608
0.827451
0.827451
0.835294
0.835294
0.835294
0.843137
0.839216
0.843137
0.843137
0.843137
0.843137
0.843137
0.847059
0.847059
0.847059
0.800000
0.792157
0.796078
0.796078
0.796078
0.796078
0.807843
0.811765
0.800000
0.803922
0.698039
0.584314
0.623529
0.705882
0.780392
0.815686
0.819608
0.815686
0.823529
0.823529
0.815686
0.823529
0.835294
0.835294
0.839216
0.839216
0.839216
0.839216
0.839216
0.843137
0.847059
0.843137
0.792157
0.784314
0.784314
0.784314
0.784314
0.749020
0.682353
0.733333
0.800000
0.850980
0.835294
0.713725
0.647059
0.568627
0.596078
0.800000
0.909804
0.827451
0.819608
0.839216
0.835294
0.807843
0.827451
0.839216
0.839216
0.835294
0.835294
0.835294
0.839216
0.839216
0.839216
0.839216
0.784314
0.772549
0.772549
0.764706
0.784314
0.619608
0.317647
0.364706
0.478431
0.619608
0.741176
0.913725
0.913725
0.854902
0.709804
0.686275
0.925490
0.941176
0.933333
0.949020
0.882353
0.819608
0.874510
0.815686
0.792157
0.819608
0.835294
0.831373
0.831373
0.835294
0.835294
0.835294
0.776471
0.764706
0.764706
0.752941
0.784314
0.439216
0.070588
0.098039
0.168627
0.262745
0.600000
0.745098
0.764706
0.968627
0.886275
0.698039
0.921569
0.964706
0.921569
0.925490
0.901961
0.898039
0.882353
0.788235
0.800000
0.890196
0.866667
0.819608
0.823529
0.827451
0.827451
0.827451
0.776471
0.768627
0.768627
0.756863
0.737255
0.376471
0.125490
0.129412
0.129412
0.254902
0.607843
0.364706
0.513725
0.815686
0.670588
0.749020
0.933333
0.956863
0.913725
0.921569
0.941176
0.952941
0.956863
0.964706
0.964706
0.980392
0.913725
0.815686
0.815686
0.819608
0.819608
0.819608
0.674510
0.662745
0.666667
0.690196
0.631373
0.427451
0.333333
0.298039
0.227451
0.368627
0.623529
0.384314
0.584314
0.850980
0.729412
0.843137
0.960784
0.996078
0.984314
0.988235
0.988235
0.984314
0.984314
0.988235
0.980392
0.968627
0.866667
0.796078
0.803922
0.807843
0.807843
0.807843
0.380392
0.419608
0.513725
0.647059
0.588235
0.419608
0.345098
0.376471
0.388235
0.552941
0.862745
0.823529
0.878431
0.956863
0.964706
0.878431
0.964706
1.000000
0.984314
0.988235
0.984314
0.984314
0.984314
0.988235
0.988235
0.933333
0.815686
0.800000
0.796078
0.788235
0.792157
0.796078
0.482353
0.600000
0.694118
0.745098
0.584314
0.419608
0.392157
0.329412
0.392157
0.666667
0.956863
0.925490
0.941176
0.964706
0.984314
0.807843
0.929412
1.000000
0.984314
0.984314
0.988235
0.984314
0.984314
0.996078
0.933333
0.725490
0.666667
0.721569
0.752941
0.772549
0.792157
0.796078
0.619608
0.639216
0.662745
0.701961
0.556863
0.396078
0.427451
0.349020
0.380392
0.694118
0.980392
0.972549
0.972549
0.964706
0.972549
0.839216
0.945098
0.996078
0.972549
0.980392
0.976471
0.964706
0.956863
0.960784
0.831373
0.576471
0.478431
0.505882
0.549020
0.596078
0.658824
0.717647
0.580392
0.572549
0.580392
0.611765
0.572549
0.419608
0.435294
0.356863
0.384314
0.733333
0.984314
0.976471
0.972549
0.964706
0.968627
0.862745
0.870588
0.952941
0.921569
0.870588
0.894118
0.870588
0.843137
0.811765
0.745098
0.705882
0.631373
0.545098
0.486275
0.466667
0.482353
0.529412
0.588235
0.580392
0.584314
0.580392
0.435294
0.372549
0.447059
0.388235
0.392157
0.682353
0.945098
0.976471
0.898039
0.866667
0.937255
0.874510
0.780392
0.909804
0.921569
0.874510
0.870588
0.882353
0.866667
0.850980
0.823529
0.803922
0.796078
0.741176
0.682353
0.600000
0.545098
0.521569
0.611765
0.600000
0.607843
0.560784
0.368627
0.333333
0.431373
0.380392
0.431373
0.745098
0.933333
0.937255
0.874510
0.874510
0.933333
0.941176
0.937255
0.945098
0.933333
0.890196
0.749020
0.721569
0.615686
0.552941
0.450980
0.454902
0.670588
0.760784
0.749020
0.733333
0.701961
0.650980
0.619608
0.607843
0.615686
0.549020
0.400000
0.388235
0.392157
0.352941
0.498039
0.898039
0.913725
0.866667
0.909804
0.721569
0.886275
0.968627
0.984314
0.976471
0.937255
0.858824
0.447059
0.294118
0.239216
0.188235
0.180392
0.219608
0.435294
0.733333
0.737255
0.749020
0.752941
0.745098
0.623529
0.611765
0.615686
0.603922
0.517647
0.407843
0.337255
0.380392
0.627451
0.952941
0.823529
0.874510
0.635294
0.298039
0.513725
0.870588
0.941176
0.890196
0.929412
0.850980
0.341176
0.211765
0.274510
0.188235
0.223529
0.372549
0.396078
0.686275
0.749020
0.756863
0.756863
0.756863
0.627451
0.615686
0.611765
0.615686
0.607843
0.360784
0.184314
0.341176
0.603922
0.921569
0.874510
0.647059
0.270588
0.235294
0.282353
0.392157
0.584314
0.592157
0.450980
0.388235
0.227451
0.329412
0.521569
0.254902
0.192157
0.498039
0.509804
0.690196
0.752941
0.756863
0.760784
0.760784
0.627451
0.611765
0.611765
0.611765
0.592157
0.411765
0.125490
0.227451
0.541176
0.831373
0.752941
0.301961
0.188235
0.415686
0.466667
0.129412
0.231373
0.325490
0.086275
0.125490
0.164706
0.254902
0.517647
0.349020
0.188235
0.360784
0.529412
0.729412
0.752941
0.756863
0.756863
0.760784
0.635294
0.619608
0.615686
0.564706
0.529412
0.458824
0.125490
0.125490
0.458824
0.619608
0.517647
0.215686
0.149020
0.423529
0.525490
0.129412
0.109804
0.141176
0.070588
0.180392
0.266667
0.168627
0.298039
0.482353
0.266667
0.168627
0.541176
0.760784
0.749020
0.764706
0.760784
0.713725
0.698039
0.682353
0.678431
0.603922
0.537255
0.274510
0.039216
0.086275
0.329412
0.505882
0.513725
0.400000
0.168627
0.227451
0.266667
0.101961
0.200000
0.215686
0.137255
0.262745
0.376471
0.156863
0.258824
0.470588
0.227451
0.137255
0.505882
0.776471
0.768627
0.768627
0.752941
0.721569
0.694118
0.698039
0.705882
0.694118
0.635294
0.325490
0.117647
0.145098
0.317647
0.458824
0.474510
0.435294
0.254902
0.113725
0.090196
0.082353
0.235294
0.262745
0.164706
0.215686
0.207843
0.133333
0.227451
0.290196
0.266667
0.439216
0.600000
0.737255
0.705882
0.670588
0.643137
0.623529
0.580392
0.596078
0.623529
0.647059
0.631373
0.513725
0.423529
0.415686
0.470588
0.494118
0.474510
0.403922
0.274510
0.164706
0.156863
0.152941
0.274510
0.305882
0.266667
0.298039
0.262745
0.372549
0.545098
0.505882
0.513725
0.623529
0.552941
0.584314
0.592157
0.584314
0.580392
0.580392
0.529412
0.521569
0.533333
0.494118
0.388235
0.317647
0.345098
0.443137
0.552941
0.662745
0.662745
0.549020
0.501961
0.568627
0.572549
0.517647
0.564706
0.596078
0.631373
0.650980
0.588235
0.639216
0.682353
0.505882
0.368627
0.435294
0.462745
0.552941
0.568627
0.576471
0.596078
0.647059
0.623529
0.576471
0.549020
0.470588
0.309804
0.200000
0.133333
0.152941
0.313725
0.619608
0.698039
0.615686
0.596078
0.698039
0.729412
0.678431
0.725490
0.752941
0.776471
0.784314
0.666667
0.572549
0.482353
0.368627
0.333333
0.443137
0.521569
0.576471
0.572549
0.611765
0.701961
0.756863
0.690196
0.662745
0.619608
0.509804
0.337255
0.227451
0.172549
0.141176
0.250980
0.549020
0.623529
0.564706
0.545098
0.650980
0.725490
0.760784
0.815686
0.843137
0.847059
0.823529
0.635294
0.490196
0.482353
0.470588
0.435294
0.494118
0.545098
0.572549
0.576471
0.611765
0.654902
0.650980
0.549020
0.549020
0.545098
0.505882
0.356863
0.219608
0.176471
0.152941
0.286275
0.600000
0.623529
0.576471
0.466667
0.533333
0.721569
0.819608
0.866667
0.886275
0.882353
0.815686
0.611765
0.580392
0.600000
0.580392
0.529412
0.549020
0.572549
0.588235
0.592157
0.588235
0.584314
0.588235
0.588235
0.580392
0.580392
0.576471
0.474510
0.364706
0.345098
0.337255
0.439216
0.690196
0.725490
0.709804
0.658824
0.639216
0.729412
0.835294
0.878431
0.890196
0.882353
0.839216
0.760784
0.756863
0.760784
0.752941
0.713725
0.709804
0.717647
0.717647
0.717647
0.729412
0.729412
0.733333
0.721569
0.709804
0.709804
0.701961
0.650980
0.584314
0.572549
0.564706
0.607843
0.760784
0.819608
0.819608
0.807843
0.788235
0.780392
0.784314
0.819608
0.839216
0.831373
0.819608
0.800000
0.796078
0.803922
0.811765
0.788235
0.780392
0.776471
0.772549
0.772549
0.776471
0.776471
0.772549
0.843137
0.835294
0.843137
0.847059
0.843137
0.847059
0.850980
0.850980
0.847059
0.850980
0.850980
0.850980
0.854902
0.858824
0.862745
0.866667
0.870588
0.870588
0.870588
0.870588
0.874510
0.874510
0.874510
0.874510
0.878431
0.878431
0.882353
0.886275
0.886275
0.886275
0.886275
0.886275
0.839216
0.831373
0.839216
0.847059
0.847059
0.847059
0.850980
0.847059
0.847059
0.850980
0.850980
0.850980
0.850980
0.854902
0.858824
0.866667
0.862745
0.862745
0.866667
0.870588
0.870588
0.874510
0.874510
0.874510
0.874510
0.878431
0.878431
0.878431
0.878431
0.878431
0.882353
0.882353
0.831373
0.827451
0.835294
0.835294
0.835294
0.839216
0.839216
0.843137
0.850980
0.850980
0.847059
0.850980
0.850980
0.850980
0.854902
0.858824
0.854902
0.854902
0.858824
0.862745
0.862745
0.862745
0.866667
0.870588
0.870588
0.870588
0.874510
0.874510
0.874510
0.878431
0.878431
0.878431
0.823529
0.819608
0.823529
0.827451
0.827451
0.831373
0.831373
0.835294
0.835294
0.835294
0.835294
0.835294
0.843137
0.847059
0.850980
0.850980
0.850980
0.850980
0.854902
0.858824
0.858824
0.854902
0.858824
0.862745
0.862745
0.862745
0.866667
0.866667
0.870588
0.870588
0.870588
0.870588
0.815686
0.807843
0.815686
0.819608
0.823529
0.827451
0.831373
0.831373
0.827451
0.827451
0.839216
0.847059
0.839216
0.835294
0.835294
0.839216
0.847059
0.850980
0.850980
0.850980
0.850980
0.850980
0.854902
0.854902
0.854902
0.854902
0.854902
0.858824
0.858824
0.862745
0.862745
0.862745
0.815686
0.803922
0.807843
0.811765
0.815686
0.815686
0.819608
0.827451
0.827451
0.831373
0.768627
0.772549
0.823529
0.847059
0.854902
0.847059
0.843137
0.850980
0.850980
0.847059
0.847059
0.847059
0.850980
0.850980
0.854902
0.854902
0.854902
0.854902
0.854902
0.858824
0.858824
0.858824
0.811765
0.803922
0.807843
0.807843
0.803922
0.811765
0.815686
0.811765
0.803922
0.807843
0.600000
0.368627
0.447059
0.556863
0.678431
0.776471
0.827451
0.835294
0.835294
0.843137
0.850980
0.850980
0.847059
0.847059
0.850980
0.850980
0.850980
0.850980
0.850980
0.854902
0.858824
0.854902
0.803922
0.796078
0.796078
0.796078
0.796078
0.764706
0.639216
0.592157
0.580392
0.592157
0.552941
0.380392
0.301961
0.247059
0.266667
0.490196
0.737255
0.815686
0.815686
0.815686
0.792157
0.792157
0.835294
0.847059
0.854902
0.850980
0.850980
0.847059
0.850980
0.850980
0.850980
0.850980
0.796078
0.784314
0.784314
0.784314
0.803922
0.592157
0.278431
0.274510
0.286275
0.345098
0.415686
0.474510
0.490196
0.447059
0.313725
0.266667
0.611765
0.705882
0.678431
0.678431
0.607843
0.584314
0.670588
0.666667
0.721569
0.819608
0.843137
0.843137
0.843137
0.847059
0.847059
0.847059
0.788235
0.776471
0.776471
0.776471
0.800000
0.400000
0.215686
0.196078
0.164706
0.215686
0.396078
0.517647
0.486275
0.580392
0.490196
0.262745
0.552941
0.635294
0.588235
0.596078
0.580392
0.568627
0.576471
0.501961
0.525490
0.674510
0.792157
0.835294
0.835294
0.839216
0.839216
0.839216
0.788235
0.780392
0.776471
0.776471
0.749020
0.317647
0.223529
0.203922
0.192157
0.231373
0.478431
0.576471
0.423529
0.521569
0.392157
0.337255
0.556863
0.670588
0.631373
0.635294
0.650980
0.658824
0.658824
0.670588
0.674510
0.678431
0.733333
0.827451
0.827451
0.831373
0.831373
0.831373
0.698039
0.678431
0.674510
0.709804
0.623529
0.313725
0.239216
0.219608
0.200000
0.231373
0.517647
0.560784
0.435294
0.517647
0.435294
0.392157
0.568627
0.690196
0.678431
0.678431
0.678431
0.674510
0.674510
0.682353
0.682353
0.694118
0.741176
0.811765
0.815686
0.819608
0.819608
0.819608
0.407843
0.435294
0.521569
0.670588
0.545098
0.266667
0.227451
0.211765
0.203922
0.258824
0.501961
0.525490
0.525490
0.572549
0.572549
0.407843
0.580392
0.682353
0.674510
0.674510
0.674510
0.678431
0.678431
0.682353
0.674510
0.729412
0.803922
0.811765
0.807843
0.800000
0.803922
0.807843
0.513725
0.615686
0.701961
0.772549
0.521569
0.282353
0.345098
0.203922
0.160784
0.305882
0.541176
0.580392
0.572549
0.564706
0.576471
0.388235
0.580392
0.690196
0.678431
0.678431
0.678431
0.678431
0.678431
0.682353
0.662745
0.658824
0.686275
0.733333
0.764706
0.784314
0.803922
0.807843
0.639216
0.650980
0.670588
0.733333
0.486275
0.266667
0.415686
0.250980
0.141176
0.305882
0.588235
0.701961
0.639216
0.572549
0.568627
0.419608
0.596078
0.686275
0.678431
0.674510
0.674510
0.670588
0.670588
0.670588
0.658824
0.588235
0.494118
0.513725
0.564706
0.615686
0.678431
0.729412
0.584314
0.576471
0.584314
0.615686
0.498039
0.325490
0.427451
0.286275
0.137255
0.317647
0.600000
0.701961
0.635294
0.556863
0.560784
0.482353
0.560784
0.639216
0.670588
0.690196
0.705882
0.694118
0.701961
0.690196
0.678431
0.713725
0.647059
0.556863
0.501961
0.494118
0.509804
0.541176
0.592157
0.584314
0.592157
0.552941
0.266667
0.254902
0.443137
0.317647
0.129412
0.278431
0.545098
0.662745
0.521569
0.466667
0.501961
0.490196
0.478431
0.576471
0.592157
0.635294
0.666667
0.658824
0.717647
0.705882
0.717647
0.764706
0.768627
0.752941
0.694118
0.627451
0.572549
0.537255
0.615686
0.603922
0.619608
0.494118
0.160784
0.219608
0.427451
0.298039
0.164706
0.392157
0.580392
0.533333
0.462745
0.517647
0.537255
0.560784
0.600000
0.600000
0.509804
0.490196
0.490196
0.501961
0.541176
0.462745
0.407843
0.439216
0.650980
0.780392
0.768627
0.756863
0.725490
0.666667
0.623529
0.615686
0.635294
0.466667
0.203922
0.317647
0.372549
0.243137
0.219608
0.549020
0.552941
0.400000
0.552941
0.376471
0.462745
0.588235
0.690196
0.643137
0.525490
0.482353
0.313725
0.247059
0.247059
0.192157
0.200000
0.227451
0.447059
0.760784
0.760784
0.760784
0.764706
0.760784
0.627451
0.623529
0.627451
0.607843
0.384314
0.282353
0.270588
0.188235
0.301961
0.603922
0.384314
0.423529
0.396078
0.168627
0.239216
0.494118
0.643137
0.552941
0.584314
0.564706
0.250980
0.215686
0.239216
0.184314
0.231373
0.364706
0.403922
0.717647
0.772549
0.768627
0.768627
0.768627
0.627451
0.623529
0.623529
0.635294
0.584314
0.243137
0.105882
0.145098
0.274510
0.545098
0.458824
0.329412
0.176471
0.231373
0.223529
0.254902
0.458824
0.470588
0.325490
0.298039
0.200000
0.298039
0.498039
0.262745
0.196078
0.486275
0.509804
0.717647
0.780392
0.772549
0.776471
0.772549
0.623529
0.619608
0.623529
0.615686
0.596078
0.411765
0.109804
0.156863
0.360784
0.541176
0.443137
0.094118
0.160784
0.376471
0.431373
0.125490
0.235294
0.325490
0.090196
0.117647
0.160784
0.243137
0.513725
0.356863
0.196078
0.368627
0.541176
0.756863
0.780392
0.784314
0.784314
0.772549
0.647059
0.631373
0.627451
0.584314
0.549020
0.474510
0.137255
0.145098
0.454902
0.576471
0.431373
0.129412
0.145098
0.407843
0.509804
0.125490
0.101961
0.133333
0.074510
0.145098
0.250980
0.172549
0.313725
0.501961
0.294118
0.203922
0.568627
0.776471
0.764706
0.780392
0.772549
0.725490
0.717647
0.694118
0.690196
0.623529
0.564706
0.298039
0.043137
0.066667
0.266667
0.498039
0.529412
0.403922
0.176471
0.227451
0.270588
0.101961
0.188235
0.192157
0.105882
0.196078
0.360784
0.172549
0.290196
0.501961
0.254902
0.156863
0.521569
0.780392
0.772549
0.772549
0.760784
0.733333
0.705882
0.709804
0.717647
0.705882
0.647059
0.337255
0.113725
0.098039
0.164706
0.388235
0.494118
0.443137
0.270588
0.117647
0.094118
0.086275
0.219608
0.231373
0.133333
0.176471
0.207843
0.141176
0.235294
0.305882
0.266667
0.419608
0.600000
0.741176
0.709804
0.682353
0.654902
0.635294
0.592157
0.607843
0.635294
0.654902
0.627451
0.494118
0.407843
0.372549
0.356863
0.423529
0.466667
0.400000
0.282353
0.156863
0.149020
0.145098
0.254902
0.266667
0.211765
0.250980
0.262745
0.349020
0.513725
0.498039
0.498039
0.584314
0.549020
0.603922
0.607843
0.596078
0.592157
0.592157
0.541176
0.533333
0.545098
0.509804
0.372549
0.270588
0.317647
0.411765
0.482353
0.560784
0.580392
0.509804
0.474510
0.517647
0.517647
0.462745
0.498039
0.509804
0.513725
0.541176
0.545098
0.600000
0.643137
0.470588
0.337255
0.415686
0.470588
0.584314
0.592157
0.588235
0.607843
0.658824
0.635294
0.588235
0.560784
0.482353
0.286275
0.156863
0.121569
0.125490
0.215686
0.419608
0.513725
0.521569
0.556863
0.647059
0.658824
0.588235
0.600000
0.607843
0.615686
0.623529
0.592157
0.501961
0.407843
0.282353
0.282353
0.423529
0.529412
0.592157
0.588235
0.623529
0.713725
0.768627
0.701961
0.674510
0.631373
0.525490
0.309804
0.184314
0.164706
0.113725
0.125490
0.286275
0.337255
0.345098
0.435294
0.592157
0.639216
0.619608
0.635294
0.639216
0.639216
0.635294
0.482353
0.329412
0.337255
0.321569
0.345098
0.458824
0.552941
0.584314
0.588235
0.623529
0.666667
0.662745
0.560784
0.560784
0.556863
0.521569
0.329412
0.180392
0.168627
0.117647
0.125490
0.290196
0.298039
0.266667
0.239216
0.372549
0.560784
0.631373
0.654902
0.658824
0.654902
0.592157
0.356863
0.329412
0.380392
0.376471
0.400000
0.494118
0.580392
0.603922
0.603922
0.600000
0.596078
0.600000
0.596078
0.592157
0.592157
0.588235
0.466667
0.349020
0.345098
0.317647
0.321569
0.435294
0.466667
0.470588
0.435294
0.447059
0.545098
0.635294
0.666667
0.670588
0.666667
0.627451
0.545098
0.552941
0.576471
0.580392
0.600000
0.658824
0.713725
0.729412
0.729412
0.741176
0.741176
0.745098
0.725490
0.717647
0.721569
0.713725
0.647059
0.576471
0.572549
0.556863
0.556863
0.611765
0.643137
0.639216
0.619608
0.600000
0.572549
0.560784
0.576471
0.588235
0.580392
0.580392
0.576471
0.584314
0.607843
0.623529
0.662745
0.725490
0.776471
0.784314
0.784314
0.788235
0.788235
0.784314
0.862745
0.854902
0.862745
0.866667
0.862745
0.866667
0.870588
0.870588
0.866667
0.866667
0.870588
0.870588
0.874510
0.878431
0.882353
0.886275
0.890196
0.890196
0.890196
0.890196
0.894118
0.894118
0.894118
0.894118
0.898039
0.898039
0.901961
0.905882
0.905882
0.905882
0.905882
0.905882
0.858824
0.850980
0.858824
0.866667
0.866667
0.866667
0.870588
0.866667
0.866667
0.870588
0.870588
0.870588
0.870588
0.874510
0.878431
0.886275
0.882353
0.882353
0.886275
0.890196
0.890196
0.894118
0.894118
0.894118
0.894118
0.898039
0.898039
0.898039
0.898039
0.898039
0.901961
0.901961
0.854902
0.847059
0.854902
0.854902
0.854902
0.858824
0.858824
0.862745
0.870588
0.870588
0.866667
0.870588
0.870588
0.870588
0.874510
0.878431
0.874510
0.874510
0.878431
0.882353
0.882353
0.882353
0.886275
0.890196
0.890196
0.890196
0.894118
0.894118
0.894118
0.898039
0.898039
0.898039
0.843137
0.839216
0.843137
0.847059
0.847059
0.850980
0.850980
0.854902
0.854902
0.858824
0.854902
0.854902
0.862745
0.862745
0.870588
0.870588
0.870588
0.870588
0.874510
0.878431
0.878431
0.874510
0.878431
0.882353
0.882353
0.882353
0.886275
0.886275
0.890196
0.890196
0.890196
0.890196
0.835294
0.827451
0.835294
0.839216
0.843137
0.843137
0.850980
0.850980
0.847059
0.850980
0.862745
0.862745
0.862745
0.854902
0.850980
0.854902
0.862745
0.866667
0.870588
0.870588
0.870588
0.874510
0.874510
0.874510
0.874510
0.874510
0.874510
0.878431
0.878431
0.882353
0.882353
0.882353
0.835294
0.823529
0.827451
0.831373
0.835294
0.827451
0.831373
0.850980
0.850980
0.850980
0.780392
0.784314
0.835294
0.866667
0.874510
0.862745
0.858824
0.854902
0.874510
0.870588
0.862745
0.870588
0.874510
0.870588
0.874510
0.874510
0.874510
0.874510
0.874510
0.878431
0.878431
0.878431
0.831373
0.823529
0.827451
0.827451
0.823529
0.831373
0.835294
0.815686
0.800000
0.807843
0.592157
0.356863
0.423529
0.541176
0.682353
0.772549
0.815686
0.858824
0.862745
0.874510
0.874510
0.862745
0.862745
0.866667
0.870588
0.870588
0.870588
0.870588
0.870588
0.874510
0.878431
0.874510
0.823529
0.815686
0.815686
0.815686
0.815686
0.792157
0.650980
0.556863
0.494118
0.482353
0.423529
0.239216
0.192157
0.168627
0.207843
0.364706
0.588235
0.803922
0.815686
0.792157
0.772549
0.792157
0.847059
0.866667
0.874510
0.874510
0.866667
0.866667
0.870588
0.870588
0.870588
0.870588
0.815686
0.803922
0.803922
0.800000
0.831373
0.623529
0.286275
0.258824
0.215686
0.239216
0.250980
0.227451
0.223529
0.207843
0.137255
0.113725
0.321569
0.513725
0.521569
0.486275
0.435294
0.443137
0.552941
0.619608
0.733333
0.839216
0.858824
0.862745
0.862745
0.866667
0.866667
0.866667
0.807843
0.796078
0.796078
0.788235
0.823529
0.431373
0.274510
0.243137
0.184314
0.211765
0.290196
0.341176
0.286275
0.262745
0.203922
0.125490
0.243137
0.321569
0.321569
0.313725
0.313725
0.309804
0.321569
0.274510
0.317647
0.478431
0.725490
0.862745
0.850980
0.858824
0.858824
0.858824
0.807843
0.800000
0.796078
0.792157
0.756863
0.325490
0.270588
0.243137
0.227451
0.235294
0.368627
0.643137
0.403922
0.337255
0.250980
0.196078
0.239216
0.317647
0.321569
0.325490
0.313725
0.305882
0.298039
0.286275
0.298039
0.286275
0.533333
0.854902
0.847059
0.850980
0.850980
0.850980
0.713725
0.694118
0.694118
0.721569
0.615686
0.290196
0.227451
0.196078
0.203922
0.207843
0.415686
0.600000
0.360784
0.301961
0.258824
0.215686
0.239216
0.298039
0.301961
0.286275
0.294118
0.278431
0.290196
0.294118
0.290196
0.321569
0.627451
0.843137
0.839216
0.843137
0.843137
0.843137
0.423529
0.450980
0.545098
0.686275
0.533333
0.227451
0.192157
0.172549
0.172549
0.152941
0.247059
0.274510
0.235294
0.254902
0.243137
0.180392
0.239216
0.294118
0.305882
0.298039
0.305882
0.286275
0.286275
0.274510
0.286275
0.494118
0.823529
0.835294
0.835294
0.827451
0.831373
0.835294
0.525490
0.635294
0.725490
0.800000
0.513725
0.243137
0.313725
0.168627
0.109804
0.141176
0.235294
0.286275
0.243137
0.215686
0.219608
0.172549
0.231373
0.286275
0.294118
0.282353
0.298039
0.286275
0.282353
0.274510
0.356863
0.603922
0.709804
0.760784
0.792157
0.811765
0.831373
0.835294
0.654902
0.666667
0.690196
0.752941
0.474510
0.231373
0.403922
0.227451
0.086275
0.113725
0.266667
0.380392
0.282353
0.227451
0.219608
0.168627
0.227451
0.274510
0.282353
0.262745
0.294118
0.294118
0.309804
0.341176
0.486275
0.584314
0.505882
0.541176
0.588235
0.639216
0.701961
0.756863
0.603922
0.596078
0.603922
0.643137
0.494118
0.290196
0.415686
0.266667
0.082353
0.121569
0.270588
0.368627
0.290196
0.227451
0.207843
0.227451
0.305882
0.341176
0.415686
0.462745
0.509804
0.525490
0.556863
0.572549
0.627451
0.713725
0.674510
0.576471
0.521569
0.517647
0.533333
0.568627
0.611765
0.603922
0.611765
0.564706
0.227451
0.227451
0.427451
0.301961
0.070588
0.109804
0.239216
0.325490
0.231373
0.188235
0.168627
0.231373
0.329412
0.392157
0.396078
0.470588
0.600000
0.584314
0.623529
0.607843
0.647059
0.725490
0.764706
0.772549
0.713725
0.650980
0.596078
0.564706
0.635294
0.623529
0.643137
0.498039
0.094118
0.200000
0.411765
0.290196
0.094118
0.180392
0.266667
0.247059
0.211765
0.227451
0.196078
0.219608
0.270588
0.235294
0.172549
0.200000
0.345098
0.403922
0.466667
0.396078
0.372549
0.419608
0.650980
0.800000
0.788235
0.780392
0.745098
0.690196
0.643137
0.635294
0.654902
0.470588
0.137255
0.290196
0.352941
0.207843
0.105882
0.239216
0.247059
0.137255
0.250980
0.152941
0.192157
0.247059
0.317647
0.262745
0.180392
0.188235
0.211765
0.219608
0.239216
0.188235
0.196078
0.215686
0.470588
0.788235
0.784314
0.780392
0.784314
0.780392
0.647059
0.643137
0.650980
0.607843
0.360784
0.239216
0.247059
0.133333
0.133333
0.274510
0.156863
0.176471
0.203922
0.141176
0.133333
0.192157
0.290196
0.239216
0.239216
0.239216
0.176471
0.196078
0.219608
0.168627
0.223529
0.345098
0.407843
0.741176
0.796078
0.788235
0.788235
0.788235
0.650980
0.643137
0.643137
0.654902
0.588235
0.207843
0.086275
0.086275
0.109804
0.235294
0.192157
0.168627
0.141176
0.219608
0.192157
0.156863
0.356863
0.392157
0.203922
0.184314
0.152941
0.266667
0.462745
0.250980
0.192157
0.458824
0.505882
0.741176
0.800000
0.792157
0.792157
0.792157
0.647059
0.639216
0.643137
0.635294
0.615686
0.423529
0.105882
0.125490
0.278431
0.298039
0.247059
0.054902
0.149020
0.345098
0.403922
0.113725
0.235294
0.333333
0.070588
0.098039
0.149020
0.227451
0.494118
0.352941
0.196078
0.349020
0.552941
0.772549
0.796078
0.796078
0.796078
0.792157
0.666667
0.647059
0.647059
0.600000
0.564706
0.501961
0.149020
0.141176
0.454902
0.529412
0.388235
0.113725
0.129412
0.376471
0.494118
0.109804
0.078431
0.121569
0.039216
0.101961
0.239216
0.160784
0.313725
0.513725
0.301961
0.207843
0.592157
0.796078
0.780392
0.796078
0.792157
0.745098
0.733333
0.713725
0.709804
0.639216
0.576471
0.309804
0.047059
0.047059
0.254902
0.509804
0.537255
0.407843
0.176471
0.207843
0.266667
0.090196
0.168627
0.184314
0.082353
0.160784
0.352941
0.168627
0.294118
0.513725
0.258824
0.160784
0.537255
0.800000
0.792157
0.796078
0.780392
0.752941
0.725490
0.729412
0.737255
0.721569
0.662745
0.345098
0.109804
0.074510
0.125490
0.372549
0.501961
0.450980
0.266667
0.113725
0.086275
0.074510
0.207843
0.223529
0.109804
0.149020
0.207843
0.129412
0.227451
0.301961
0.266667
0.403922
0.600000
0.760784
0.729412
0.698039
0.674510
0.662745
0.611765
0.627451
0.654902
0.674510
0.635294
0.498039
0.403922
0.356863
0.333333
0.415686
0.486275
0.407843
0.266667
0.149020
0.145098
0.137255
0.235294
0.250980
0.188235
0.223529
0.254902
0.337255
0.501961
0.490196
0.486275
0.556863
0.537255
0.623529
0.623529
0.615686
0.611765
0.619608
0.560784
0.552941
0.564706
0.529412
0.372549
0.270588
0.317647
0.400000
0.470588
0.545098
0.580392
0.505882
0.462745
0.509804
0.521569
0.470588
0.486275
0.498039
0.494118
0.517647
0.541176
0.580392
0.623529
0.458824
0.329412
0.400000
0.466667
0.596078
0.607843
0.607843
0.627451
0.686275
0.654902
0.607843
0.580392
0.505882
0.290196
0.149020
0.109804
0.113725
0.188235
0.345098
0.454902
0.494118
0.545098
0.635294
0.658824
0.576471
0.568627
0.576471
0.572549
0.584314
0.576471
0.470588
0.392157
0.258824
0.258824
0.415686
0.545098
0.619608
0.611765
0.647059
0.741176
0.796078
0.721569
0.694118
0.650980
0.545098
0.317647
0.176471
0.149020
0.109804
0.086275
0.152941
0.215686
0.270588
0.403922
0.584314
0.631373
0.576471
0.576471
0.588235
0.572549
0.592157
0.435294
0.274510
0.298039
0.274510
0.317647
0.454902
0.568627
0.615686
0.615686
0.650980
0.694118
0.690196
0.580392
0.580392
0.576471
0.541176
0.337255
0.172549
0.152941
0.101961
0.078431
0.149020
0.145098
0.137255
0.137255
0.325490
0.521569
0.576471
0.592157
0.600000
0.596078
0.529412
0.258824
0.239216
0.313725
0.313725
0.376471
0.498039
0.596078
0.631373
0.631373
0.627451
0.623529
0.627451
0.615686
0.611765
0.611765
0.607843
0.474510
0.349020
0.341176
0.313725
0.294118
0.345098
0.356863
0.368627
0.360784
0.400000
0.490196
0.584314
0.611765
0.619608
0.623529
0.580392
0.478431
0.501961
0.537255
0.545098
0.584314
0.662745
0.733333
0.756863
0.756863
0.768627
0.768627
0.772549
0.745098
0.737255
0.741176
0.733333
0.658824
0.580392
0.572549
0.556863
0.552941
0.568627
0.572549
0.572549
0.572549
0.552941
0.509804
0.494118
0.494118
0.501961
0.494118
0.501961
0.509804
0.533333
0.564706
0.588235
0.631373
0.717647
0.796078
0.811765
0.811765
0.815686
0.815686
0.811765
