0.227451
0.298039
0.333333
0.525490
0.556863
0.717647
0.749020
0.729412
0.694118
0.439216
0.317647
0.349020
0.415686
0.478431
0.450980
0.423529
0.403922
0.494118
0.576471
0.545098
0.505882
0.470588
0.490196
0.372549
0.200000
0.164706
0.352941
0.611765
0.356863
0.137255
0.227451
0.262745
0.250980
0.313725
0.333333
0.392157
0.431373
0.478431
0.466667
0.513725
0.529412
0.419608
0.364706
0.321569
0.356863
0.380392
0.411765
0.376471
0.407843
0.490196
0.482353
0.505882
0.466667
0.427451
0.407843
0.349020
0.266667
0.203922
0.356863
0.454902
0.270588
0.125490
0.133333
0.192157
0.223529
0.270588
0.286275
0.305882
0.380392
0.396078
0.345098
0.321569
0.372549
0.376471
0.345098
0.294118
0.294118
0.301961
0.384314
0.380392
0.356863
0.431373
0.490196
0.525490
0.435294
0.364706
0.360784
0.337255
0.286275
0.243137
0.235294
0.219608
0.192157
0.125490
0.094118
0.133333
0.172549
0.247059
0.250980
0.274510
0.349020
0.341176
0.333333
0.384314
0.333333
0.345098
0.337255
0.270588
0.305882
0.337255
0.419608
0.403922
0.301961
0.439216
0.772549
0.650980
0.474510
0.392157
0.376471
0.376471
0.329412
0.274510
0.180392
0.164706
0.152941
0.117647
0.141176
0.141176
0.184314
0.223529
0.223529
0.258824
0.313725
0.325490
0.352941
0.360784
0.266667
0.317647
0.286275
0.286275
0.400000
0.356863
0.403922
0.352941
0.219608
0.490196
0.901961
0.764706
0.439216
0.333333
0.352941
0.384314
0.305882
0.215686
0.160784
0.211765
0.188235
0.172549
0.156863
0.141176
0.184314
0.203922
0.203922
0.239216
0.243137
0.254902
0.250980
0.219608
0.329412
0.560784
0.282353
0.278431
0.733333
0.549020
0.329412
0.313725
0.286275
0.615686
0.913725
0.803922
0.427451
0.290196
0.317647
0.325490
0.270588
0.215686
0.227451
0.258824
0.192157
0.176471
0.141176
0.141176
0.223529
0.270588
0.243137
0.200000
0.180392
0.192157
0.188235
0.172549
0.286275
0.450980
0.219608
0.223529
0.756863
0.854902
0.564706
0.556863
0.725490
0.815686
0.850980
0.803922
0.454902
0.337255
0.301961
0.286275
0.282353
0.278431
0.270588
0.227451
0.152941
0.113725
0.121569
0.141176
0.313725
0.341176
0.274510
0.160784
0.156863
0.164706
0.133333
0.113725
0.156863
0.207843
0.196078
0.258824
0.611765
0.894118
0.898039
0.901961
0.901961
0.866667
0.792157
0.796078
0.529412
0.349020
0.329412
0.294118
0.286275
0.282353
0.243137
0.141176
0.113725
0.125490
0.125490
0.090196
0.352941
0.368627
0.298039
0.250980
0.290196
0.176471
0.133333
0.152941
0.188235
0.215686
0.254902
0.305882
0.454902
0.807843
0.847059
0.831373
0.831373
0.882353
0.862745
0.862745
0.607843
0.305882
0.305882
0.282353
0.254902
0.278431
0.223529
0.101961
0.121569
0.164706
0.137255
0.094118
0.325490
0.329412
0.305882
0.380392
0.423529
0.368627
0.349020
0.364706
0.352941
0.227451
0.215686
0.250980
0.321569
0.705882
0.839216
0.819608
0.827451
0.800000
0.905882
0.941176
0.737255
0.317647
0.274510
0.247059
0.298039
0.298039
0.223529
0.160784
0.168627
0.156863
0.133333
0.109804
0.243137
0.254902
0.262745
0.349020
0.384314
0.396078
0.450980
0.435294
0.333333
0.192157
0.184314
0.254902
0.286275
0.682353
0.686275
0.788235
0.756863
0.623529
0.858824
0.870588
0.854902
0.427451
0.321569
0.400000
0.560784
0.435294
0.235294
0.172549
0.172549
0.145098
0.113725
0.101961
0.184314
0.180392
0.235294
0.329412
0.364706
0.333333
0.376471
0.317647
0.184314
0.200000
0.250980
0.337255
0.305882
0.635294
0.615686
0.749020
0.866667
0.792157
0.803922
0.815686
0.878431
0.823529
0.752941
0.843137
0.925490
0.760784
0.431373
0.223529
0.125490
0.113725
0.109804
0.098039
0.211765
0.188235
0.282353
0.337255
0.325490
0.337255
0.321569
0.250980
0.270588
0.403922
0.356863
0.349020
0.282353
0.486275
0.745098
0.780392
0.858824
0.866667
0.729412
0.756863
0.866667
0.933333
0.949020
0.949020
0.960784
0.956863
0.831373
0.478431
0.145098
0.098039
0.109804
0.101961
0.192157
0.219608
0.309804
0.329412
0.325490
0.325490
0.317647
0.321569
0.368627
0.407843
0.294118
0.364706
0.415686
0.466667
0.698039
0.698039
0.705882
0.780392
0.686275
0.800000
0.878431
0.874510
0.870588
0.913725
0.913725
0.941176
0.964706
0.764706
0.345098
0.160784
0.160784
0.129412
0.133333
0.215686
0.337255
0.321569
0.356863
0.349020
0.360784
0.352941
0.329412
0.301961
0.200000
0.321569
0.411765
0.439216
0.584314
0.647059
0.631373
0.615686
0.694118
0.803922
0.839216
0.850980
0.823529
0.894118
0.886275
0.882353
0.917647
0.941176
0.741176
0.337255
0.160784
0.152941
0.129412
0.192157
0.294118
0.282353
0.305882
0.298039
0.321569
0.329412
0.301961
0.258824
0.294118
0.337255
0.286275
0.333333
0.400000
0.474510
0.623529
0.615686
0.682353
0.776471
0.827451
0.866667
0.819608
0.843137
0.847059
0.890196
0.913725
0.917647
0.921569
0.513725
0.129412
0.129412
0.125490
0.133333
0.192157
0.196078
0.180392
0.192157
0.200000
0.250980
0.298039
0.305882
0.333333
0.301961
0.239216
0.290196
0.317647
0.345098
0.643137
0.670588
0.670588
0.788235
0.823529
0.847059
0.776471
0.839216
0.847059
0.874510
0.901961
0.890196
0.917647
0.545098
0.117647
0.090196
0.113725
0.125490
0.192157
0.192157
0.145098
0.121569
0.109804
0.149020
0.203922
0.231373
0.270588
0.360784
0.435294
0.423529
0.192157
0.349020
0.701961
0.650980
0.725490
0.776471
0.733333
0.792157
0.745098
0.831373
0.819608
0.831373
0.886275
0.878431
0.894118
0.584314
0.156863
0.082353
0.121569
0.098039
0.113725
0.137255
0.117647
0.101961
0.105882
0.121569
0.168627
0.149020
0.270588
0.466667
0.552941
0.356863
0.121569
0.270588
0.639216
0.670588
0.760784
0.741176
0.690196
0.764706
0.792157
0.854902
0.780392
0.800000
0.850980
0.882353
0.898039
0.611765
0.180392
0.074510
0.101961
0.070588
0.070588
0.086275
0.094118
0.113725
0.133333
0.149020
0.164706
0.160784
0.243137
0.250980
0.498039
0.301961
0.141176
0.172549
0.509804
0.678431
0.760784
0.749020
0.792157
0.749020
0.745098
0.807843
0.745098
0.768627
0.752941
0.835294
0.898039
0.576471
0.149020
0.074510
0.082353
0.078431
0.078431
0.086275
0.098039
0.098039
0.137255
0.215686
0.219608
0.180392
0.152941
0.168627
0.419608
0.305882
0.168627
0.133333
0.290196
0.670588
0.772549
0.788235
0.827451
0.741176
0.780392
0.776471
0.705882
0.796078
0.800000
0.800000
0.905882
0.549020
0.125490
0.086275
0.098039
0.090196
0.078431
0.090196
0.145098
0.180392
0.156863
0.184314
0.294118
0.368627
0.168627
0.149020
0.250980
0.180392
0.121569
0.121569
0.235294
0.650980
0.792157
0.772549
0.764706
0.788235
0.776471
0.760784
0.721569
0.792157
0.858824
0.815686
0.886275
0.517647
0.086275
0.078431
0.156863
0.156863
0.168627
0.207843
0.380392
0.439216
0.298039
0.243137
0.309804
0.431373
0.317647
0.247059
0.345098
0.341176
0.168627
0.149020
0.396078
0.678431
0.788235
0.772549
0.760784
0.760784
0.772549
0.737255
0.705882
0.788235
0.854902
0.831373
0.854902
0.501961
0.082353
0.074510
0.333333
0.333333
0.337255
0.360784
0.458824
0.470588
0.364706
0.360784
0.372549
0.392157
0.415686
0.407843
0.490196
0.490196
0.239216
0.250980
0.635294
0.694118
0.760784
0.772549
0.760784
0.756863
0.807843
0.729412
0.709804
0.803922
0.823529
0.839216
0.839216
0.568627
0.125490
0.086275
0.450980
0.423529
0.411765
0.400000
0.411765
0.447059
0.415686
0.407843
0.388235
0.388235
0.388235
0.368627
0.450980
0.454902
0.317647
0.568627
0.760784
0.615686
0.745098
0.737255
0.721569
0.768627
0.800000
0.709804
0.749020
0.831373
0.768627
0.815686
0.823529
0.603922
0.164706
0.105882
0.466667
0.450980
0.443137
0.435294
0.423529
0.454902
0.470588
0.427451
0.396078
0.400000
0.392157
0.388235
0.443137
0.423529
0.529412
0.901961
0.796078
0.596078
0.725490
0.662745
0.690196
0.694118
0.741176
0.725490
0.752941
0.796078
0.780392
0.792157
0.764706
0.576471
0.168627
0.125490
0.513725
0.501961
0.494118
0.494118
0.494118
0.513725
0.513725
0.486275
0.478431
0.486275
0.505882
0.486275
0.545098
0.486275
0.537255
0.811765
0.737255
0.560784
0.717647
0.658824
0.643137
0.627451
0.694118
0.737255
0.745098
0.756863
0.776471
0.760784
0.690196
0.474510
0.152941
0.121569
0.560784
0.529412
0.513725
0.525490
0.549020
0.533333
0.533333
0.533333
0.533333
0.572549
0.615686
0.458824
0.474510
0.521569
0.431373
0.482353
0.439216
0.298039
0.643137
0.678431
0.635294
0.607843
0.654902
0.717647
0.741176
0.741176
0.737255
0.717647
0.623529
0.376471
0.207843
0.172549
0.541176
0.517647
0.501961
0.498039
0.525490
0.529412
0.505882
0.498039
0.494118
0.588235
0.600000
0.462745
0.450980
0.474510
0.415686
0.380392
0.266667
0.247059
0.584314
0.713725
0.639216
0.600000
0.650980
0.729412
0.749020
0.737255
0.713725
0.666667
0.560784
0.349020
0.290196
0.258824
0.482353
0.478431
0.474510
0.470588
0.494118
0.486275
0.400000
0.396078
0.478431
0.541176
0.509804
0.400000
0.470588
0.458824
0.427451
0.396078
0.298039
0.309804
0.537255
0.682353
0.627451
0.572549
0.639216
0.733333
0.709804
0.701961
0.674510
0.580392
0.466667
0.309804
0.278431
0.262745
0.686275
0.670588
0.674510
0.678431
0.670588
0.607843
0.556863
0.588235
0.749020
0.768627
0.725490
0.639216
0.694118
0.678431
0.709804
0.678431
0.572549
0.501961
0.643137
0.788235
0.780392
0.737255
0.784314
0.831373
0.807843
0.784314
0.776471
0.713725
0.635294
0.584314
0.564706
0.545098
0.776471
0.776471
0.803922
0.831373
0.819608
0.819608
0.835294
0.858824
0.831373
0.788235
0.835294
0.831373
0.847059
0.854902
0.827451
0.827451
0.764706
0.784314
0.843137
0.811765
0.839216
0.831373
0.811765
0.835294
0.866667
0.835294
0.827451
0.776471
0.827451
0.803922
0.819608
0.815686
0.305882
0.360784
0.392157
0.564706
0.580392
0.741176
0.768627
0.752941
0.729412
0.490196
0.380392
0.419608
0.478431
0.541176
0.513725
0.490196
0.474510
0.564706
0.650980
0.619608
0.592157
0.545098
0.541176
0.439216
0.286275
0.235294
0.403922
0.678431
0.450980
0.227451
0.313725
0.325490
0.333333
0.380392
0.392157
0.439216
0.470588
0.521569
0.513725
0.552941
0.572549
0.474510
0.427451
0.392157
0.431373
0.450980
0.486275
0.454902
0.482353
0.560784
0.552941
0.584314
0.549020
0.513725
0.498039
0.431373
0.349020
0.278431
0.415686
0.525490
0.360784
0.215686
0.215686
0.258824
0.282353
0.317647
0.349020
0.364706
0.427451
0.443137
0.396078
0.380392
0.435294
0.443137
0.407843
0.356863
0.364706
0.372549
0.450980
0.450980
0.427451
0.505882
0.529412
0.588235
0.529412
0.450980
0.447059
0.415686
0.372549
0.337255
0.317647
0.301961
0.278431
0.203922
0.160784
0.188235
0.211765
0.274510
0.305882
0.329412
0.400000
0.392157
0.384314
0.439216
0.396078
0.407843
0.396078
0.329412
0.360784
0.400000
0.490196
0.482353
0.384314
0.482353
0.737255
0.674510
0.572549
0.478431
0.462745
0.454902
0.415686
0.372549
0.274510
0.250980
0.243137
0.200000
0.215686
0.200000
0.207843
0.235294
0.258824
0.305882
0.364706
0.376471
0.403922
0.415686
0.321569
0.372549
0.345098
0.337255
0.439216
0.411765
0.490196
0.458824
0.317647
0.482353
0.780392
0.741176
0.529412
0.415686
0.435294
0.466667
0.392157
0.309804
0.250980
0.301961
0.282353
0.274510
0.250980
0.219608
0.211765
0.223529
0.223529
0.274510
0.290196
0.298039
0.298039
0.274510
0.380392
0.572549
0.313725
0.329412
0.717647
0.549020
0.403922
0.407843
0.341176
0.564706
0.741176
0.686275
0.501961
0.360784
0.384314
0.396078
0.345098
0.301961
0.313725
0.356863
0.290196
0.270588
0.231373
0.223529
0.274510
0.309804
0.270588
0.231373
0.223529
0.235294
0.227451
0.223529
0.333333
0.470588
0.254902
0.270588
0.705882
0.784314
0.576471
0.588235
0.701961
0.701961
0.627451
0.607843
0.505882
0.407843
0.368627
0.349020
0.356863
0.356863
0.352941
0.321569
0.247059
0.192157
0.196078
0.211765
0.388235
0.407843
0.321569
0.200000
0.196078
0.203922
0.168627
0.156863
0.207843
0.262745
0.254902
0.309804
0.580392
0.772549
0.800000
0.819608
0.796078
0.713725
0.552941
0.572549
0.568627
0.427451
0.400000
0.360784
0.356863
0.364706
0.325490
0.231373
0.200000
0.188235
0.184314
0.145098
0.431373
0.439216
0.368627
0.321569
0.364706
0.227451
0.156863
0.200000
0.262745
0.298039
0.337255
0.396078
0.466667
0.662745
0.690196
0.694118
0.698039
0.760784
0.701961
0.729412
0.639216
0.388235
0.384314
0.356863
0.337255
0.372549
0.305882
0.176471
0.200000
0.247059
0.203922
0.137255
0.396078
0.403922
0.380392
0.474510
0.529412
0.466667
0.435294
0.458824
0.454902
0.317647
0.298039
0.341176
0.356863
0.600000
0.721569
0.709804
0.725490
0.717647
0.788235
0.835294
0.733333
0.376471
0.364706
0.333333
0.380392
0.403922
0.321569
0.239216
0.231373
0.231373
0.200000
0.156863
0.309804
0.321569
0.333333
0.447059
0.498039
0.525490
0.600000
0.572549
0.435294
0.278431
0.266667
0.352941
0.349020
0.635294
0.619608
0.694118
0.654902
0.529412
0.705882
0.713725
0.796078
0.450980
0.376471
0.411765
0.533333
0.450980
0.309804
0.258824
0.235294
0.203922
0.168627
0.152941
0.243137
0.235294
0.290196
0.427451
0.486275
0.458824
0.513725
0.431373
0.266667
0.290196
0.352941
0.458824
0.388235
0.596078
0.521569
0.635294
0.721569
0.670588
0.631373
0.619608
0.721569
0.690196
0.643137
0.721569
0.792157
0.658824
0.419608
0.278431
0.188235
0.172549
0.141176
0.133333
0.262745
0.250980
0.352941
0.439216
0.443137
0.454902
0.439216
0.360784
0.372549
0.521569
0.474510
0.466667
0.372549
0.482353
0.639216
0.623529
0.721569
0.776471
0.580392
0.564706
0.698039
0.760784
0.780392
0.803922
0.854902
0.870588
0.733333
0.431373
0.160784
0.133333
0.137255
0.129412
0.231373
0.286275
0.407843
0.443137
0.443137
0.443137
0.435294
0.443137
0.501961
0.533333
0.396078
0.458824
0.513725
0.537255
0.674510
0.560784
0.560784
0.678431
0.537255
0.611765
0.733333
0.717647
0.686275
0.749020
0.792157
0.831373
0.854902
0.674510
0.301961
0.207843
0.243137
0.200000
0.160784
0.274510
0.435294
0.435294
0.482353
0.470588
0.486275
0.482353
0.454902
0.400000
0.278431
0.407843
0.537255
0.537255
0.611765
0.592157
0.521569
0.474510
0.521569
0.643137
0.713725
0.701961
0.643137
0.725490
0.725490
0.721569
0.788235
0.831373
0.647059
0.364706
0.274510
0.250980
0.149020
0.243137
0.372549
0.388235
0.419608
0.411765
0.435294
0.450980
0.423529
0.364706
0.388235
0.427451
0.392157
0.419608
0.458824
0.501961
0.549020
0.458824
0.494118
0.611765
0.705882
0.737255
0.666667
0.701961
0.701961
0.725490
0.764706
0.792157
0.800000
0.447059
0.184314
0.192157
0.125490
0.160784
0.247059
0.274510
0.266667
0.278431
0.286275
0.360784
0.431373
0.435294
0.447059
0.403922
0.321569
0.352941
0.360784
0.364706
0.552941
0.498039
0.470588
0.607843
0.678431
0.694118
0.615686
0.705882
0.713725
0.713725
0.752941
0.764706
0.800000
0.474510
0.149020
0.121569
0.109804
0.141176
0.223529
0.254902
0.211765
0.172549
0.168627
0.239216
0.321569
0.349020
0.376471
0.462745
0.521569
0.470588
0.203922
0.329412
0.603922
0.458824
0.521569
0.596078
0.580392
0.619608
0.580392
0.701961
0.670588
0.666667
0.737255
0.745098
0.776471
0.505882
0.149020
0.098039
0.121569
0.113725
0.137255
0.172549
0.145098
0.121569
0.145098
0.192157
0.250980
0.219608
0.329412
0.529412
0.631373
0.411765
0.149020
0.278431
0.572549
0.498039
0.576471
0.564706
0.545098
0.600000
0.627451
0.713725
0.611765
0.619608
0.686275
0.741176
0.768627
0.509804
0.141176
0.086275
0.101961
0.082353
0.094118
0.113725
0.109804
0.141176
0.196078
0.250980
0.262745
0.223529
0.270588
0.274510
0.556863
0.360784
0.188235
0.211765
0.482353
0.545098
0.600000
0.584314
0.650980
0.580392
0.564706
0.639216
0.552941
0.576471
0.576471
0.678431
0.756863
0.478431
0.113725
0.086275
0.086275
0.094118
0.109804
0.129412
0.129412
0.137255
0.215686
0.341176
0.317647
0.219608
0.203922
0.219608
0.494118
0.388235
0.247059
0.203922
0.329412
0.588235
0.627451
0.623529
0.658824
0.572549
0.600000
0.580392
0.494118
0.611765
0.635294
0.643137
0.745098
0.447059
0.113725
0.098039
0.145098
0.141176
0.133333
0.145098
0.196078
0.231373
0.223529
0.247059
0.278431
0.329412
0.211765
0.200000
0.301961
0.254902
0.188235
0.176471
0.270588
0.560784
0.643137
0.619608
0.615686
0.658824
0.623529
0.552941
0.501961
0.619608
0.713725
0.674510
0.725490
0.411765
0.090196
0.090196
0.227451
0.215686
0.219608
0.266667
0.462745
0.533333
0.364706
0.254902
0.239216
0.345098
0.313725
0.266667
0.376471
0.403922
0.207843
0.172549
0.384314
0.549020
0.635294
0.639216
0.611765
0.619608
0.615686
0.529412
0.494118
0.627451
0.721569
0.701961
0.701961
0.400000
0.086275
0.090196
0.345098
0.349020
0.352941
0.396078
0.517647
0.537255
0.423529
0.384314
0.345098
0.345098
0.384314
0.396078
0.545098
0.545098
0.254902
0.247059
0.580392
0.529412
0.600000
0.654902
0.600000
0.588235
0.639216
0.525490
0.509804
0.650980
0.682353
0.698039
0.690196
0.466667
0.117647
0.086275
0.439216
0.423529
0.423529
0.415686
0.435294
0.482353
0.466667
0.439216
0.388235
0.400000
0.403922
0.403922
0.549020
0.529412
0.349020
0.576471
0.698039
0.450980
0.596078
0.607843
0.556863
0.607843
0.635294
0.501961
0.552941
0.682353
0.619608
0.662745
0.674510
0.498039
0.149020
0.098039
0.513725
0.513725
0.513725
0.501961
0.494118
0.537255
0.568627
0.517647
0.470588
0.478431
0.470588
0.470588
0.529412
0.490196
0.552941
0.898039
0.733333
0.458824
0.596078
0.513725
0.509804
0.533333
0.576471
0.521569
0.556863
0.643137
0.635294
0.647059
0.615686
0.474510
0.152941
0.121569
0.623529
0.619608
0.623529
0.631373
0.635294
0.650980
0.654902
0.631373
0.619608
0.611765
0.600000
0.545098
0.552941
0.478431
0.509804
0.768627
0.670588
0.462745
0.607843
0.509804
0.462745
0.458824
0.521569
0.552941
0.552941
0.576471
0.623529
0.611765
0.541176
0.400000
0.160784
0.156863
0.690196
0.666667
0.658824
0.658824
0.666667
0.650980
0.654902
0.662745
0.654902
0.658824
0.647059
0.447059
0.435294
0.482353
0.392157
0.443137
0.400000
0.239216
0.549020
0.517647
0.454902
0.443137
0.490196
0.556863
0.576471
0.568627
0.584314
0.552941
0.490196
0.384314
0.274510
0.266667
0.682353
0.666667
0.662745
0.658824
0.666667
0.631373
0.564706
0.529412
0.513725
0.588235
0.576471
0.423529
0.411765
0.439216
0.376471
0.345098
0.235294
0.200000
0.498039
0.572549
0.474510
0.447059
0.498039
0.580392
0.592157
0.564706
0.545098
0.525490
0.498039
0.427451
0.392157
0.372549
0.635294
0.635294
0.631373
0.615686
0.568627
0.474510
0.345098
0.345098
0.431373
0.501961
0.474510
0.368627
0.427451
0.415686
0.384314
0.356863
0.254902
0.250980
0.443137
0.549020
0.458824
0.415686
0.505882
0.584314
0.533333
0.513725
0.501961
0.498039
0.501961
0.431373
0.403922
0.392157
0.768627
0.752941
0.756863
0.733333
0.662745
0.560784
0.525490
0.576471
0.721569
0.749020
0.701961
0.611765
0.662745
0.647059
0.678431
0.650980
0.556863
0.474510
0.588235
0.705882
0.670588
0.647059
0.717647
0.745098
0.701961
0.678431
0.690196
0.690196
0.686275
0.654902
0.643137
0.623529
0.792157
0.788235
0.815686
0.831373
0.811765
0.815686
0.835294
0.858824
0.831373
0.784314
0.831373
0.831373
0.843137
0.850980
0.823529
0.823529
0.764706
0.780392
0.839216
0.807843
0.835294
0.831373
0.815686
0.839216
0.862745
0.827451
0.819608
0.776471
0.831373
0.800000
0.823529
0.827451
0.250980
0.298039
0.321569
0.505882
0.537255
0.698039
0.729412
0.713725
0.670588
0.392157
0.274510
0.317647
0.372549
0.447059
0.407843
0.356863
0.321569
0.400000
0.474510
0.447059
0.411765
0.360784
0.368627
0.298039
0.188235
0.180392
0.349020
0.572549
0.305882
0.113725
0.203922
0.243137
0.262745
0.305882
0.309804
0.372549
0.407843
0.447059
0.427451
0.470588
0.478431
0.364706
0.321569
0.298039
0.333333
0.368627
0.392157
0.325490
0.329412
0.415686
0.396078
0.380392
0.356863
0.341176
0.325490
0.298039
0.250980
0.196078
0.321569
0.407843
0.239216
0.121569
0.113725
0.172549
0.243137
0.278431
0.290196
0.301961
0.360784
0.372549
0.321569
0.274510
0.294118
0.313725
0.301961
0.270588
0.278431
0.278431
0.341176
0.317647
0.298039
0.384314
0.396078
0.380392
0.321569
0.282353
0.294118
0.290196
0.243137
0.196078
0.207843
0.207843
0.184314
0.121569
0.082353
0.121569
0.203922
0.258824
0.270588
0.274510
0.333333
0.325490
0.317647
0.352941
0.282353
0.305882
0.313725
0.250980
0.274510
0.294118
0.360784
0.337255
0.262745
0.364706
0.607843
0.478431
0.356863
0.290196
0.286275
0.294118
0.258824
0.231373
0.164706
0.152941
0.133333
0.101961
0.129412
0.129412
0.219608
0.243137
0.247059
0.258824
0.301961
0.309804
0.341176
0.349020
0.254902
0.301961
0.274510
0.266667
0.349020
0.298039
0.341176
0.298039
0.200000
0.376471
0.654902
0.568627
0.349020
0.254902
0.270588
0.301961
0.239216
0.184314
0.145098
0.192157
0.152941
0.156863
0.145098
0.129412
0.219608
0.235294
0.219608
0.250980
0.254902
0.266667
0.266667
0.227451
0.313725
0.521569
0.254902
0.262745
0.647059
0.439216
0.282353
0.258824
0.231373
0.466667
0.600000
0.537255
0.352941
0.223529
0.243137
0.247059
0.203922
0.168627
0.188235
0.227451
0.164706
0.164706
0.137255
0.141176
0.227451
0.270588
0.250980
0.227451
0.219608
0.227451
0.223529
0.203922
0.298039
0.439216
0.215686
0.211765
0.607843
0.662745
0.466667
0.439216
0.549020
0.580392
0.478431
0.458824
0.349020
0.262745
0.227451
0.215686
0.219608
0.219608
0.231373
0.211765
0.149020
0.109804
0.125490
0.149020
0.278431
0.301961
0.274510
0.196078
0.196078
0.211765
0.184314
0.164706
0.196078
0.227451
0.196078
0.235294
0.466667
0.643137
0.674510
0.639216
0.600000
0.568627
0.415686
0.450980
0.407843
0.262745
0.258824
0.243137
0.235294
0.223529
0.211765
0.145098
0.133333
0.125490
0.129412
0.101961
0.317647
0.325490
0.266667
0.223529
0.227451
0.172549
0.180392
0.176471
0.207843
0.227451
0.239216
0.282353
0.380392
0.568627
0.549020
0.505882
0.505882
0.600000
0.545098
0.623529
0.501961
0.223529
0.254902
0.254902
0.219608
0.231373
0.188235
0.094118
0.133333
0.176471
0.149020
0.101961
0.294118
0.294118
0.262745
0.286275
0.282353
0.250980
0.247059
0.247059
0.270588
0.207843
0.219608
0.262745
0.298039
0.521569
0.584314
0.549020
0.603922
0.592157
0.615686
0.698039
0.607843
0.247059
0.258824
0.211765
0.215686
0.223529
0.188235
0.145098
0.152941
0.164706
0.145098
0.117647
0.247059
0.247059
0.250980
0.250980
0.266667
0.247059
0.270588
0.290196
0.235294
0.184314
0.203922
0.254902
0.250980
0.541176
0.513725
0.603922
0.600000
0.443137
0.525490
0.517647
0.635294
0.317647
0.254902
0.243137
0.313725
0.247059
0.172549
0.152941
0.137255
0.137255
0.113725
0.113725
0.215686
0.200000
0.231373
0.254902
0.270588
0.219608
0.243137
0.231373
0.145098
0.184314
0.239216
0.278431
0.239216
0.490196
0.431373
0.552941
0.623529
0.529412
0.435294
0.372549
0.454902
0.439216
0.415686
0.486275
0.537255
0.443137
0.258824
0.137255
0.101961
0.109804
0.094118
0.094118
0.219608
0.184314
0.243137
0.274510
0.250980
0.254902
0.227451
0.184314
0.180392
0.258824
0.258824
0.266667
0.200000
0.341176
0.521569
0.517647
0.627451
0.650980
0.407843
0.325490
0.431373
0.501961
0.525490
0.564706
0.635294
0.674510
0.529412
0.258824
0.117647
0.098039
0.098039
0.082353
0.200000
0.211765
0.262745
0.262745
0.254902
0.247059
0.227451
0.223529
0.231373
0.254902
0.196078
0.254902
0.270588
0.321569
0.521569
0.470588
0.505882
0.596078
0.415686
0.431373
0.521569
0.486275
0.435294
0.513725
0.580392
0.639216
0.650980
0.474510
0.188235
0.101961
0.137255
0.117647
0.149020
0.200000
0.274510
0.239216
0.274510
0.254902
0.258824
0.231373
0.203922
0.231373
0.160784
0.239216
0.270588
0.309804
0.458824
0.498039
0.411765
0.333333
0.356863
0.450980
0.517647
0.498039
0.427451
0.505882
0.501961
0.505882
0.580392
0.615686
0.439216
0.192157
0.149020
0.145098
0.152941
0.188235
0.239216
0.215686
0.243137
0.223529
0.239216
0.239216
0.207843
0.180392
0.219608
0.262745
0.227451
0.262745
0.317647
0.368627
0.415686
0.301961
0.313725
0.415686
0.501961
0.537255
0.470588
0.498039
0.486275
0.505882
0.549020
0.580392
0.588235
0.298039
0.109804
0.121569
0.149020
0.145098
0.164706
0.176471
0.172549
0.172549
0.172549
0.203922
0.207843
0.203922
0.235294
0.235294
0.215686
0.262745
0.274510
0.274510
0.427451
0.333333
0.282353
0.403922
0.470588
0.498039
0.431373
0.525490
0.513725
0.494118
0.537255
0.552941
0.580392
0.309804
0.101961
0.098039
0.129412
0.137255
0.188235
0.203922
0.160784
0.125490
0.121569
0.152941
0.184314
0.203922
0.223529
0.294118
0.345098
0.360784
0.156863
0.301961
0.498039
0.290196
0.345098
0.392157
0.384314
0.423529
0.392157
0.533333
0.470588
0.439216
0.517647
0.537255
0.564706
0.341176
0.109804
0.082353
0.129412
0.105882
0.117647
0.152941
0.133333
0.101961
0.113725
0.141176
0.184314
0.149020
0.223529
0.368627
0.435294
0.290196
0.098039
0.250980
0.494118
0.341176
0.400000
0.372549
0.364706
0.407843
0.431373
0.541176
0.403922
0.392157
0.470588
0.537255
0.568627
0.352941
0.101961
0.066667
0.109804
0.074510
0.070588
0.105882
0.109804
0.113725
0.137255
0.164706
0.184314
0.184314
0.243137
0.203922
0.411765
0.262745
0.133333
0.176471
0.439216
0.407843
0.419608
0.403922
0.490196
0.400000
0.376471
0.458824
0.341176
0.349020
0.364706
0.478431
0.556863
0.317647
0.074510
0.066667
0.078431
0.078431
0.086275
0.105882
0.109804
0.101961
0.145098
0.223529
0.211765
0.192157
0.196078
0.160784
0.356863
0.305882
0.172549
0.149020
0.282353
0.474510
0.447059
0.427451
0.486275
0.392157
0.415686
0.396078
0.286275
0.384314
0.431373
0.443137
0.541176
0.301961
0.078431
0.078431
0.109804
0.105882
0.098039
0.101961
0.137255
0.160784
0.152941
0.176471
0.215686
0.258824
0.141176
0.156863
0.219608
0.176471
0.145098
0.133333
0.196078
0.450980
0.470588
0.431373
0.458824
0.505882
0.450980
0.368627
0.298039
0.403922
0.513725
0.478431
0.517647
0.274510
0.058824
0.074510
0.141176
0.133333
0.141176
0.160784
0.305882
0.352941
0.231373
0.172549
0.176471
0.278431
0.223529
0.192157
0.250980
0.227451
0.168627
0.133333
0.282353
0.427451
0.474510
0.478431
0.466667
0.458824
0.439216
0.345098
0.298039
0.419608
0.533333
0.513725
0.505882
0.262745
0.054902
0.070588
0.219608
0.219608
0.227451
0.239216
0.325490
0.341176
0.250980
0.239216
0.231373
0.254902
0.278431
0.250980
0.301961
0.317647
0.184314
0.184314
0.458824
0.407843
0.454902
0.490196
0.427451
0.396078
0.443137
0.333333
0.321569
0.454902
0.490196
0.509804
0.494118
0.325490
0.082353
0.070588
0.278431
0.262745
0.254902
0.262745
0.282353
0.309804
0.270588
0.258824
0.243137
0.250980
0.258824
0.235294
0.278431
0.305882
0.254902
0.505882
0.576471
0.333333
0.454902
0.439216
0.376471
0.415686
0.435294
0.305882
0.360784
0.490196
0.427451
0.474510
0.478431
0.349020
0.105882
0.074510
0.294118
0.290196
0.286275
0.286275
0.278431
0.301961
0.313725
0.274510
0.258824
0.262745
0.254902
0.258824
0.305882
0.286275
0.482353
0.870588
0.627451
0.329412
0.447059
0.352941
0.337255
0.345098
0.376471
0.325490
0.368627
0.454902
0.443137
0.454902
0.415686
0.313725
0.098039
0.082353
0.337255
0.333333
0.333333
0.321569
0.333333
0.372549
0.364706
0.325490
0.309804
0.301961
0.337255
0.360784
0.435294
0.392157
0.498039
0.788235
0.607843
0.388235
0.486275
0.356863
0.305882
0.286275
0.341176
0.368627
0.364706
0.388235
0.443137
0.435294
0.349020
0.239216
0.094118
0.090196
0.376471
0.352941
0.341176
0.341176
0.360784
0.352941
0.345098
0.345098
0.349020
0.396078
0.490196
0.388235
0.411765
0.466667
0.384314
0.431373
0.372549
0.219608
0.443137
0.352941
0.305882
0.286275
0.325490
0.380392
0.384314
0.376471
0.411765
0.392157
0.301961
0.207843
0.168627
0.145098
0.364706
0.352941
0.341176
0.345098
0.364706
0.364706
0.356863
0.368627
0.380392
0.482353
0.513725
0.396078
0.400000
0.423529
0.360784
0.317647
0.203922
0.184314
0.403922
0.419608
0.337255
0.301961
0.341176
0.415686
0.403922
0.372549
0.380392
0.352941
0.290196
0.231373
0.235294
0.196078
0.298039
0.301961
0.294118
0.321569
0.368627
0.384314
0.317647
0.333333
0.400000
0.435294
0.407843
0.325490
0.411765
0.403922
0.376471
0.345098
0.235294
0.215686
0.356863
0.415686
0.317647
0.278431
0.364706
0.403922
0.333333
0.329412
0.325490
0.290196
0.258824
0.207843
0.203922
0.192157
0.560784
0.545098
0.549020
0.588235
0.615686
0.576471
0.533333
0.560784
0.690196
0.682353
0.650980
0.600000
0.658824
0.643137
0.670588
0.647059
0.560784
0.462745
0.537255
0.627451
0.576471
0.560784
0.635294
0.627451
0.568627
0.564706
0.568627
0.549020
0.521569
0.498039
0.498039
0.498039
0.772549
0.768627
0.796078
0.827451
0.823529
0.823529
0.843137
0.858824
0.827451
0.776471
0.823529
0.827451
0.843137
0.847059
0.819608
0.823529
0.772549
0.788235
0.831373
0.788235
0.819608
0.819608
0.803922
0.823529
0.847059
0.811765
0.807843
0.760784
0.815686
0.788235
0.807843
0.811765
