0.023529
0.003922
0.011765
0.011765
0.007843
0.007843
0.011765
0.027451
0.078431
0.141176
0.164706
0.211765
0.239216
0.654902
0.945098
0.921569
0.933333
0.905882
0.819608
0.768627
0.858824
0.984314
0.937255
0.984314
0.976471
0.984314
0.882353
0.576471
0.341176
0.133333
0.050980
0.039216
0.027451
0.019608
0.019608
0.031373
0.043137
0.054902
0.066667
0.086275
0.105882
0.137255
0.164706
0.200000
0.235294
0.556863
0.768627
0.752941
0.741176
0.721569
0.682353
0.717647
0.807843
0.937255
0.917647
0.949020
0.933333
0.988235
0.721569
0.196078
0.098039
0.039216
0.019608
0.015686
0.031373
0.050980
0.062745
0.070588
0.082353
0.094118
0.098039
0.113725
0.133333
0.149020
0.176471
0.203922
0.301961
0.525490
0.701961
0.737255
0.749020
0.760784
0.745098
0.760784
0.780392
0.858824
0.898039
0.925490
0.843137
0.619608
0.439216
0.215686
0.125490
0.125490
0.101961
0.117647
0.031373
0.058824
0.070588
0.086275
0.090196
0.098039
0.101961
0.117647
0.133333
0.164706
0.203922
0.298039
0.552941
0.745098
0.858824
0.843137
0.835294
0.847059
0.831373
0.800000
0.815686
0.796078
0.784314
0.811765
0.694118
0.250980
0.160784
0.215686
0.274510
0.368627
0.329412
0.274510
0.023529
0.062745
0.070588
0.090196
0.098039
0.101961
0.109804
0.121569
0.149020
0.184314
0.298039
0.505882
0.709804
0.901961
0.909804
0.882353
0.894118
0.909804
0.921569
0.905882
0.909804
0.858824
0.803922
0.811765
0.768627
0.623529
0.458824
0.345098
0.274510
0.325490
0.392157
0.309804
0.023529
0.074510
0.094118
0.098039
0.105882
0.105882
0.117647
0.145098
0.207843
0.356863
0.576471
0.741176
0.843137
0.901961
0.905882
0.917647
0.917647
0.933333
0.956863
0.952941
0.941176
0.929412
0.917647
0.913725
0.874510
0.843137
0.764706
0.533333
0.219608
0.290196
0.458824
0.333333
0.027451
0.078431
0.109804
0.113725
0.121569
0.137255
0.196078
0.278431
0.447059
0.690196
0.827451
0.862745
0.905882
0.917647
0.933333
0.933333
0.929412
0.925490
0.945098
0.964706
0.952941
0.956863
0.968627
0.968627
0.945098
0.913725
0.890196
0.772549
0.392157
0.392157
0.407843
0.474510
0.035294
0.105882
0.145098
0.168627
0.172549
0.211765
0.309804
0.545098
0.756863
0.870588
0.890196
0.921569
0.929412
0.929412
0.949020
0.945098
0.917647
0.925490
0.937255
0.964706
0.968627
0.972549
0.984314
0.992157
0.980392
0.937255
0.909804
0.898039
0.768627
0.623529
0.329412
0.501961
0.101961
0.160784
0.160784
0.156863
0.164706
0.243137
0.486275
0.756863
0.890196
0.862745
0.898039
0.937255
0.886275
0.847059
0.768627
0.839216
0.929412
0.937255
0.945098
0.976471
0.984314
0.988235
0.996078
0.996078
0.980392
0.945098
0.945098
0.909804
0.890196
0.776471
0.509804
0.439216
0.117647
0.098039
0.098039
0.121569
0.235294
0.435294
0.701961
0.874510
0.917647
0.870588
0.890196
0.890196
0.784314
0.556863
0.376471
0.458824
0.792157
0.945098
0.972549
0.992157
0.992157
0.992157
0.992157
0.992157
0.988235
0.988235
0.984314
0.933333
0.913725
0.882353
0.572549
0.211765
0.035294
0.027451
0.043137
0.176471
0.368627
0.674510
0.874510
0.921569
0.941176
0.925490
0.917647
0.858824
0.678431
0.368627
0.329412
0.439216
0.674510
0.949020
0.992157
0.996078
0.996078
0.992157
0.992157
0.992157
0.996078
0.996078
0.976471
0.949020
0.921569
0.898039
0.780392
0.356863
0.003922
0.035294
0.090196
0.298039
0.592157
0.850980
0.909804
0.917647
0.933333
0.929412
0.956863
0.886275
0.717647
0.509804
0.431373
0.549020
0.776471
0.894118
0.949020
0.988235
0.980392
0.992157
0.996078
0.992157
0.992157
0.988235
0.968627
0.937255
0.913725
0.901961
0.831373
0.466667
0.003922
0.039216
0.156863
0.533333
0.768627
0.854902
0.917647
0.952941
0.937255
0.894118
0.945098
0.886275
0.776471
0.768627
0.788235
0.811765
0.831373
0.835294
0.882353
0.929412
0.976471
0.988235
0.972549
0.952941
0.949020
0.964706
0.972549
0.952941
0.913725
0.898039
0.847059
0.694118
0.015686
0.047059
0.286275
0.647059
0.705882
0.815686
0.898039
0.956863
0.894118
0.874510
0.937255
0.870588
0.803922
0.831373
0.847059
0.850980
0.835294
0.807843
0.831373
0.858824
0.929412
0.945098
0.890196
0.850980
0.819608
0.862745
0.952941
0.968627
0.921569
0.894118
0.854902
0.870588
0.019608
0.078431
0.388235
0.588235
0.658824
0.800000
0.831373
0.886275
0.894118
0.937255
0.898039
0.792157
0.745098
0.733333
0.643137
0.639216
0.752941
0.831373
0.878431
0.898039
0.913725
0.878431
0.733333
0.600000
0.458824
0.466667
0.811765
0.929412
0.921569
0.898039
0.819608
0.788235
0.015686
0.117647
0.427451
0.552941
0.682353
0.803922
0.788235
0.843137
0.886275
0.878431
0.800000
0.713725
0.709804
0.549020
0.498039
0.541176
0.517647
0.666667
0.854902
0.929412
0.941176
0.835294
0.647059
0.537255
0.341176
0.231373
0.600000
0.882353
0.894118
0.913725
0.823529
0.749020
0.023529
0.160784
0.470588
0.592157
0.709804
0.764706
0.776471
0.839216
0.839216
0.749020
0.678431
0.678431
0.643137
0.345098
0.443137
0.698039
0.611765
0.505882
0.694118
0.870588
0.933333
0.882353
0.827451
0.674510
0.360784
0.266667
0.549020
0.847059
0.866667
0.898039
0.839216
0.749020
0.054902
0.231373
0.533333
0.690196
0.745098
0.776471
0.831373
0.819608
0.831373
0.674510
0.592157
0.643137
0.509804
0.266667
0.356863
0.564706
0.545098
0.443137
0.580392
0.901961
0.890196
0.874510
0.913725
0.882353
0.690196
0.537255
0.674510
0.819608
0.831373
0.823529
0.803922
0.749020
0.094118
0.243137
0.482353
0.698039
0.733333
0.792157
0.839216
0.796078
0.792157
0.607843
0.607843
0.698039
0.545098
0.235294
0.258824
0.305882
0.298039
0.317647
0.588235
0.925490
0.894118
0.886275
0.933333
0.909804
0.823529
0.764706
0.784314
0.811765
0.827451
0.815686
0.780392
0.729412
0.105882
0.203922
0.407843
0.650980
0.682353
0.749020
0.745098
0.800000
0.741176
0.556863
0.549020
0.670588
0.674510
0.325490
0.184314
0.215686
0.266667
0.384314
0.694118
0.894118
0.898039
0.921569
0.941176
0.886275
0.854902
0.831373
0.827451
0.803922
0.819608
0.819608
0.780392
0.733333
0.090196
0.188235
0.384314
0.529412
0.619608
0.674510
0.694118
0.788235
0.729412
0.564706
0.470588
0.529412
0.631373
0.537255
0.309804
0.294118
0.415686
0.654902
0.807843
0.898039
0.890196
0.874510
0.901961
0.850980
0.847059
0.882353
0.850980
0.788235
0.823529
0.796078
0.741176
0.729412
0.086275
0.172549
0.368627
0.407843
0.537255
0.701961
0.721569
0.752941
0.749020
0.603922
0.482353
0.466667
0.501961
0.627451
0.647059
0.650980
0.729412
0.807843
0.878431
0.858824
0.827451
0.827451
0.819608
0.796078
0.847059
0.898039
0.870588
0.854902
0.827451
0.780392
0.686275
0.733333
0.070588
0.129412
0.356863
0.388235
0.545098
0.701961
0.729412
0.745098
0.729412
0.584314
0.498039
0.533333
0.462745
0.431373
0.498039
0.619608
0.709804
0.788235
0.839216
0.784314
0.764706
0.780392
0.764706
0.760784
0.764706
0.780392
0.862745
0.886275
0.823529
0.745098
0.686275
0.729412
0.058824
0.098039
0.282353
0.403922
0.537255
0.643137
0.686275
0.705882
0.670588
0.611765
0.505882
0.525490
0.545098
0.470588
0.443137
0.439216
0.517647
0.670588
0.717647
0.733333
0.741176
0.721569
0.694118
0.709804
0.705882
0.725490
0.843137
0.847059
0.764706
0.670588
0.682353
0.701961
0.086275
0.090196
0.172549
0.356863
0.490196
0.584314
0.627451
0.721569
0.654902
0.623529
0.513725
0.454902
0.498039
0.560784
0.556863
0.521569
0.447059
0.501961
0.592157
0.619608
0.631373
0.678431
0.721569
0.741176
0.705882
0.760784
0.792157
0.800000
0.733333
0.760784
0.674510
0.635294
0.078431
0.078431
0.109804
0.243137
0.368627
0.462745
0.549020
0.643137
0.631373
0.596078
0.576471
0.423529
0.423529
0.470588
0.474510
0.498039
0.482353
0.450980
0.482353
0.541176
0.631373
0.760784
0.803922
0.756863
0.698039
0.709804
0.760784
0.796078
0.690196
0.737255
0.694118
0.623529
0.050980
0.058824
0.086275
0.152941
0.270588
0.384314
0.462745
0.533333
0.631373
0.635294
0.639216
0.458824
0.423529
0.462745
0.458824
0.458824
0.490196
0.513725
0.545098
0.631373
0.788235
0.827451
0.733333
0.662745
0.639216
0.694118
0.741176
0.745098
0.701961
0.694118
0.647059
0.607843
0.047059
0.054902
0.078431
0.101961
0.196078
0.364706
0.482353
0.521569
0.588235
0.631373
0.619608
0.498039
0.509804
0.576471
0.572549
0.588235
0.635294
0.631373
0.678431
0.788235
0.796078
0.733333
0.670588
0.615686
0.619608
0.690196
0.670588
0.690196
0.721569
0.643137
0.592157
0.600000
0.050980
0.058824
0.066667
0.082353
0.105882
0.180392
0.309804
0.407843
0.478431
0.560784
0.517647
0.513725
0.643137
0.686275
0.705882
0.725490
0.745098
0.729412
0.749020
0.741176
0.713725
0.694118
0.658824
0.631373
0.690196
0.709804
0.666667
0.678431
0.650980
0.596078
0.584314
0.600000
0.050980
0.066667
0.062745
0.082353
0.098039
0.094118
0.129412
0.184314
0.250980
0.356863
0.454902
0.525490
0.639216
0.694118
0.694118
0.701961
0.733333
0.733333
0.737255
0.686275
0.670588
0.682353
0.639216
0.666667
0.690196
0.666667
0.627451
0.623529
0.607843
0.560784
0.572549
0.572549
0.035294
0.054902
0.050980
0.058824
0.074510
0.098039
0.125490
0.121569
0.121569
0.219608
0.486275
0.584314
0.658824
0.701961
0.682353
0.658824
0.705882
0.701961
0.690196
0.686275
0.733333
0.698039
0.592157
0.623529
0.631373
0.588235
0.596078
0.607843
0.545098
0.549020
0.552941
0.549020
0.011765
0.043137
0.047059
0.039216
0.039216
0.050980
0.058824
0.070588
0.105882
0.274510
0.501961
0.588235
0.607843
0.635294
0.568627
0.572549
0.529412
0.603922
0.776471
0.831373
0.862745
0.721569
0.576471
0.607843
0.611765
0.568627
0.596078
0.580392
0.505882
0.564706
0.545098
0.525490
0.003922
0.003922
0.003922
0.007843
0.003922
0.003922
0.007843
0.011765
0.023529
0.050980
0.078431
0.117647
0.152941
0.627451
0.945098
0.921569
0.933333
0.909804
0.811765
0.745098
0.858824
0.984314
0.937255
0.984314
0.980392
0.984314
0.878431
0.572549
0.333333
0.105882
0.019608
0.011765
0.007843
0.003922
0.007843
0.011765
0.015686
0.027451
0.035294
0.050980
0.047059
0.043137
0.070588
0.105882
0.145098
0.509804
0.756863
0.749020
0.741176
0.725490
0.686275
0.717647
0.823529
0.945098
0.921569
0.949020
0.933333
0.988235
0.717647
0.188235
0.078431
0.019608
0.003922
0.000000
0.007843
0.011765
0.019608
0.027451
0.031373
0.047059
0.050980
0.066667
0.062745
0.054902
0.090196
0.121569
0.223529
0.474510
0.690196
0.741176
0.756863
0.764706
0.756863
0.772549
0.803922
0.874510
0.901961
0.933333
0.847059
0.615686
0.435294
0.211765
0.101961
0.094118
0.101961
0.125490
0.007843
0.011765
0.019608
0.035294
0.043137
0.050980
0.058824
0.074510
0.070588
0.070588
0.125490
0.243137
0.537255
0.741176
0.858824
0.850980
0.847059
0.858824
0.843137
0.807843
0.831373
0.807843
0.796078
0.827451
0.705882
0.250980
0.180392
0.266667
0.286275
0.317647
0.349020
0.329412
0.011765
0.015686
0.027451
0.043137
0.050980
0.058824
0.066667
0.086275
0.094118
0.101961
0.247059
0.505882
0.717647
0.905882
0.909804
0.878431
0.894118
0.909804
0.921569
0.909804
0.921569
0.870588
0.815686
0.823529
0.780392
0.643137
0.501961
0.407843
0.290196
0.227451
0.345098
0.360784
0.011765
0.019608
0.035294
0.047059
0.062745
0.066667
0.082353
0.109804
0.168627
0.321569
0.568627
0.752941
0.850980
0.905882
0.905882
0.917647
0.913725
0.933333
0.956863
0.956863
0.949020
0.945098
0.929412
0.925490
0.886275
0.866667
0.800000
0.576471
0.227451
0.200000
0.372549
0.392157
0.015686
0.031373
0.039216
0.043137
0.062745
0.094118
0.152941
0.243137
0.431373
0.686275
0.827451
0.862745
0.909804
0.925490
0.933333
0.921569
0.909804
0.917647
0.949020
0.964706
0.952941
0.960784
0.976471
0.980392
0.956863
0.929412
0.909804
0.796078
0.388235
0.372549
0.360784
0.466667
0.011765
0.035294
0.047059
0.039216
0.054902
0.125490
0.258824
0.513725
0.745098
0.862745
0.874510
0.921569
0.921569
0.929412
0.945098
0.913725
0.882353
0.901961
0.933333
0.968627
0.968627
0.972549
0.980392
0.988235
0.984314
0.949020
0.925490
0.921569
0.768627
0.662745
0.305882
0.400000
0.019608
0.039216
0.043137
0.031373
0.058824
0.168627
0.450980
0.752941
0.882353
0.835294
0.870588
0.941176
0.874510
0.827451
0.733333
0.800000
0.878431
0.898039
0.937255
0.976471
0.984314
0.988235
0.992157
0.988235
0.976471
0.952941
0.956863
0.929412
0.894118
0.819608
0.560784
0.388235
0.015686
0.019608
0.015686
0.039216
0.172549
0.396078
0.682353
0.874510
0.901961
0.827451
0.870588
0.882353
0.749020
0.513725
0.321569
0.415686
0.749020
0.909804
0.964706
0.992157
0.992157
0.992157
0.992157
0.992157
0.988235
0.984314
0.988235
0.949020
0.921569
0.901961
0.639216
0.239216
0.003922
0.003922
0.015686
0.149020
0.333333
0.658824
0.870588
0.909804
0.913725
0.882353
0.905882
0.819608
0.588235
0.290196
0.274510
0.396078
0.643137
0.929412
0.988235
0.992157
0.992157
0.992157
0.988235
0.988235
0.992157
0.996078
0.980392
0.960784
0.933333
0.917647
0.807843
0.364706
0.003922
0.011765
0.054902
0.278431
0.572549
0.843137
0.901961
0.894118
0.898039
0.894118
0.925490
0.823529
0.611765
0.419608
0.364706
0.498039
0.737255
0.858824
0.925490
0.964706
0.972549
0.996078
0.996078
0.992157
0.992157
0.988235
0.968627
0.952941
0.941176
0.917647
0.847059
0.470588
0.003922
0.011765
0.117647
0.509804
0.749020
0.835294
0.890196
0.913725
0.886275
0.843137
0.901961
0.835294
0.698039
0.709804
0.745098
0.756863
0.780392
0.788235
0.827451
0.890196
0.968627
0.992157
0.968627
0.945098
0.941176
0.964706
0.976471
0.968627
0.937255
0.909804
0.858824
0.701961
0.007843
0.023529
0.254902
0.607843
0.674510
0.780392
0.862745
0.921569
0.831373
0.819608
0.905882
0.827451
0.749020
0.784314
0.811765
0.792157
0.780392
0.752941
0.780392
0.815686
0.905882
0.929412
0.835294
0.788235
0.772549
0.827451
0.949020
0.976471
0.933333
0.901961
0.858824
0.870588
0.007843
0.043137
0.345098
0.545098
0.623529
0.768627
0.792157
0.831373
0.831373
0.894118
0.858824
0.733333
0.678431
0.650980
0.564706
0.568627
0.674510
0.760784
0.831373
0.874510
0.901961
0.819608
0.615686
0.513725
0.384314
0.396078
0.768627
0.913725
0.921569
0.905882
0.827451
0.780392
0.000000
0.066667
0.372549
0.509804
0.647059
0.768627
0.733333
0.784314
0.815686
0.811765
0.749020
0.643137
0.607843
0.466667
0.415686
0.454902
0.439216
0.584314
0.768627
0.882353
0.929412
0.752941
0.541176
0.494118
0.309804
0.176471
0.537255
0.854902
0.894118
0.913725
0.811765
0.725490
0.000000
0.105882
0.419608
0.549020
0.674510
0.721569
0.713725
0.796078
0.776471
0.670588
0.631373
0.615686
0.564706
0.294118
0.376471
0.619608
0.533333
0.423529
0.592157
0.784314
0.898039
0.819608
0.768627
0.600000
0.294118
0.211765
0.486275
0.819608
0.870588
0.890196
0.815686
0.713725
0.011765
0.172549
0.478431
0.647059
0.709804
0.737255
0.768627
0.776471
0.788235
0.603922
0.545098
0.564706
0.447059
0.223529
0.301961
0.490196
0.470588
0.372549
0.501961
0.815686
0.866667
0.827451
0.894118
0.843137
0.603922
0.435294
0.596078
0.792157
0.835294
0.815686
0.784314
0.717647
0.035294
0.168627
0.411765
0.662745
0.701961
0.756863
0.788235
0.768627
0.737255
0.521569
0.568627
0.639216
0.509804
0.200000
0.203922
0.247059
0.239216
0.262745
0.537255
0.878431
0.878431
0.870588
0.913725
0.874510
0.764706
0.686275
0.713725
0.776471
0.815686
0.800000
0.749020
0.694118
0.043137
0.129412
0.333333
0.607843
0.639216
0.701961
0.686275
0.760784
0.670588
0.458824
0.521569
0.647059
0.654902
0.298039
0.141176
0.176471
0.239216
0.341176
0.647059
0.850980
0.890196
0.917647
0.933333
0.866667
0.815686
0.784314
0.776471
0.768627
0.807843
0.788235
0.733333
0.694118
0.039216
0.117647
0.313725
0.482353
0.560784
0.603922
0.623529
0.741176
0.658824
0.447059
0.407843
0.509804
0.627451
0.529412
0.298039
0.278431
0.396078
0.615686
0.760784
0.858824
0.882353
0.878431
0.898039
0.839216
0.827451
0.858824
0.811765
0.756863
0.796078
0.749020
0.682353
0.690196
0.035294
0.117647
0.298039
0.325490
0.466667
0.627451
0.643137
0.694118
0.674510
0.494118
0.396078
0.423529
0.482353
0.643137
0.666667
0.650980
0.713725
0.792157
0.858824
0.847059
0.827451
0.827451
0.819608
0.800000
0.843137
0.890196
0.843137
0.819608
0.792157
0.729412
0.619608
0.690196
0.031373
0.082353
0.282353
0.282353
0.454902
0.619608
0.658824
0.678431
0.658824
0.494118
0.427451
0.517647
0.447059
0.396078
0.482353
0.596078
0.686275
0.788235
0.835294
0.784314
0.768627
0.780392
0.749020
0.745098
0.760784
0.776471
0.839216
0.850980
0.780392
0.690196
0.631373
0.690196
0.019608
0.054902
0.211765
0.298039
0.439216
0.549020
0.627451
0.650980
0.611765
0.529412
0.415686
0.501961
0.549020
0.450980
0.415686
0.415686
0.501961
0.670588
0.721569
0.737255
0.745098
0.709804
0.670588
0.690196
0.698039
0.705882
0.807843
0.807843
0.705882
0.600000
0.615686
0.658824
0.031373
0.047059
0.113725
0.258824
0.392157
0.482353
0.564706
0.678431
0.588235
0.545098
0.411765
0.380392
0.470588
0.564706
0.552941
0.509804
0.415686
0.474510
0.568627
0.600000
0.611765
0.647059
0.705882
0.729412
0.674510
0.725490
0.745098
0.741176
0.666667
0.698039
0.611765
0.576471
0.019608
0.027451
0.058824
0.176471
0.262745
0.356863
0.458824
0.572549
0.568627
0.529412
0.486275
0.341176
0.360784
0.423529
0.427451
0.450980
0.431373
0.388235
0.411765
0.498039
0.607843
0.741176
0.800000
0.737255
0.654902
0.662745
0.705882
0.725490
0.619608
0.686275
0.643137
0.560784
0.011765
0.007843
0.035294
0.113725
0.203922
0.274510
0.364706
0.458824
0.572549
0.572549
0.580392
0.403922
0.364706
0.392157
0.388235
0.388235
0.427451
0.454902
0.482353
0.596078
0.784314
0.823529
0.709804
0.627451
0.600000
0.639216
0.682353
0.682353
0.631373
0.643137
0.596078
0.560784
0.015686
0.011765
0.027451
0.062745
0.145098
0.278431
0.392157
0.435294
0.509804
0.572549
0.588235
0.486275
0.490196
0.537255
0.525490
0.545098
0.588235
0.588235
0.643137
0.776471
0.784314
0.698039
0.631373
0.576471
0.580392
0.631373
0.588235
0.611765
0.654902
0.600000
0.533333
0.552941
0.007843
0.011765
0.019608
0.031373
0.050980
0.141176
0.250980
0.329412
0.400000
0.490196
0.478431
0.513725
0.654902
0.682353
0.690196
0.713725
0.733333
0.701961
0.725490
0.713725
0.666667
0.639216
0.607843
0.580392
0.643137
0.654902
0.576471
0.584314
0.580392
0.541176
0.533333
0.568627
0.007843
0.015686
0.019608
0.023529
0.039216
0.054902
0.090196
0.145098
0.207843
0.305882
0.431373
0.517647
0.639216
0.682353
0.670588
0.678431
0.701961
0.682353
0.674510
0.607843
0.596078
0.611765
0.568627
0.600000
0.615686
0.564706
0.525490
0.545098
0.537255
0.498039
0.529412
0.552941
0.007843
0.015686
0.011765
0.011765
0.019608
0.050980
0.086275
0.082353
0.074510
0.184314
0.478431
0.580392
0.658824
0.701961
0.654902
0.623529
0.650980
0.623529
0.592157
0.537255
0.521569
0.545098
0.509804
0.549020
0.537255
0.454902
0.498039
0.549020
0.470588
0.486275
0.509804
0.517647
0.007843
0.011765
0.007843
0.007843
0.003922
0.015686
0.019608
0.027451
0.054902
0.235294
0.494118
0.580392
0.592157
0.611765
0.533333
0.533333
0.474510
0.447059
0.482353
0.501961
0.486275
0.478431
0.474510
0.517647
0.521569
0.466667
0.513725
0.521569
0.435294
0.501961
0.498039
0.494118
0.011765
0.003922
0.007843
0.007843
0.003922
0.003922
0.007843
0.015686
0.043137
0.078431
0.094118
0.137255
0.180392
0.639216
0.945098
0.921569
0.933333
0.909804
0.815686
0.752941
0.854902
0.984314
0.937255
0.984314
0.972549
0.980392
0.898039
0.600000
0.372549
0.160784
0.074510
0.050980
0.011765
0.011765
0.011765
0.015686
0.023529
0.031373
0.039216
0.058824
0.066667
0.074510
0.090196
0.121569
0.176471
0.505882
0.745098
0.737255
0.729412
0.713725
0.674510
0.717647
0.827451
0.945098
0.921569
0.952941
0.929412
0.988235
0.741176
0.219608
0.117647
0.058824
0.039216
0.031373
0.015686
0.023529
0.035294
0.043137
0.050980
0.058824
0.058824
0.078431
0.086275
0.086275
0.113725
0.129412
0.243137
0.458824
0.666667
0.749020
0.776471
0.784314
0.768627
0.800000
0.831373
0.882353
0.901961
0.929412
0.847059
0.627451
0.462745
0.247059
0.117647
0.109804
0.101961
0.129412
0.015686
0.031373
0.039216
0.050980
0.058824
0.058824
0.062745
0.082353
0.086275
0.101961
0.149020
0.247059
0.549020
0.752941
0.874510
0.878431
0.878431
0.894118
0.862745
0.831373
0.866667
0.835294
0.815686
0.847059
0.725490
0.278431
0.203922
0.282353
0.254902
0.286275
0.329412
0.305882
0.015686
0.031373
0.039216
0.058824
0.066667
0.066667
0.062745
0.082353
0.094118
0.117647
0.262745
0.509804
0.733333
0.929412
0.937255
0.905882
0.913725
0.925490
0.933333
0.917647
0.941176
0.894118
0.843137
0.850980
0.807843
0.670588
0.517647
0.419608
0.305882
0.266667
0.384314
0.376471
0.015686
0.039216
0.054902
0.066667
0.078431
0.074510
0.078431
0.105882
0.164706
0.321569
0.572549
0.752941
0.870588
0.921569
0.917647
0.929412
0.917647
0.933333
0.964706
0.964706
0.956863
0.949020
0.949020
0.949020
0.913725
0.890196
0.823529
0.607843
0.270588
0.231373
0.403922
0.470588
0.019608
0.043137
0.054902
0.058824
0.070588
0.082353
0.129412
0.235294
0.423529
0.686275
0.831373
0.862745
0.937255
0.937255
0.925490
0.917647
0.898039
0.905882
0.937255
0.960784
0.956863
0.960784
0.976471
0.984314
0.968627
0.952941
0.941176
0.823529
0.431373
0.447059
0.419608
0.552941
0.019608
0.035294
0.043137
0.035294
0.039216
0.090196
0.200000
0.486275
0.737255
0.858824
0.862745
0.921569
0.945098
0.929412
0.921569
0.898039
0.854902
0.882353
0.913725
0.956863
0.972549
0.972549
0.980392
0.988235
0.984314
0.960784
0.952941
0.945098
0.800000
0.772549
0.411765
0.474510
0.023529
0.039216
0.035294
0.031373
0.058824
0.145098
0.411765
0.733333
0.874510
0.811765
0.839216
0.945098
0.878431
0.803922
0.713725
0.776471
0.854902
0.882353
0.921569
0.968627
0.984314
0.988235
0.992157
0.988235
0.976471
0.949020
0.964706
0.949020
0.921569
0.890196
0.698039
0.478431
0.019608
0.023529
0.031373
0.062745
0.172549
0.368627
0.666667
0.866667
0.886275
0.788235
0.843137
0.870588
0.701961
0.462745
0.294118
0.396078
0.721569
0.898039
0.956863
0.984314
0.988235
0.992157
0.992157
0.992157
0.992157
0.984314
0.988235
0.968627
0.956863
0.941176
0.698039
0.290196
0.011765
0.023529
0.039216
0.156863
0.321569
0.635294
0.862745
0.909804
0.890196
0.843137
0.890196
0.780392
0.486275
0.235294
0.258824
0.415686
0.623529
0.909804
0.980392
0.980392
0.984314
0.992157
0.988235
0.988235
0.992157
0.992157
0.984314
0.976471
0.964706
0.941176
0.827451
0.403922
0.015686
0.043137
0.078431
0.250980
0.552941
0.831373
0.898039
0.886275
0.870588
0.858824
0.905882
0.760784
0.490196
0.349020
0.329412
0.486275
0.713725
0.831373
0.890196
0.949020
0.956863
0.984314
0.996078
0.992157
0.992157
0.988235
0.968627
0.952941
0.956863
0.941176
0.878431
0.513725
0.019608
0.047059
0.141176
0.482353
0.725490
0.823529
0.890196
0.917647
0.854902
0.780392
0.874510
0.788235
0.596078
0.627451
0.698039
0.717647
0.729412
0.733333
0.764706
0.843137
0.952941
0.976471
0.952941
0.937255
0.937255
0.964706
0.972549
0.968627
0.952941
0.937255
0.886275
0.713725
0.027451
0.047059
0.266667
0.588235
0.619608
0.749020
0.847059
0.909804
0.792157
0.752941
0.874510
0.792157
0.694118
0.745098
0.760784
0.741176
0.713725
0.690196
0.717647
0.745098
0.878431
0.905882
0.784314
0.733333
0.725490
0.803922
0.937255
0.968627
0.929412
0.913725
0.878431
0.858824
0.027451
0.070588
0.341176
0.505882
0.552941
0.725490
0.745098
0.772549
0.764706
0.847059
0.835294
0.705882
0.607843
0.556863
0.470588
0.474510
0.580392
0.678431
0.772549
0.815686
0.866667
0.772549
0.552941
0.447059
0.333333
0.349020
0.709804
0.882353
0.917647
0.909804
0.815686
0.733333
0.031373
0.105882
0.341176
0.458824
0.596078
0.721569
0.666667
0.701961
0.725490
0.745098
0.705882
0.568627
0.490196
0.380392
0.364706
0.392157
0.380392
0.501961
0.670588
0.839216
0.921569
0.690196
0.478431
0.474510
0.337255
0.184314
0.494118
0.823529
0.898039
0.921569
0.780392
0.658824
0.027451
0.129412
0.368627
0.501961
0.635294
0.666667
0.635294
0.709804
0.678431
0.568627
0.560784
0.505882
0.478431
0.274510
0.360784
0.592157
0.501961
0.368627
0.486275
0.698039
0.878431
0.764706
0.717647
0.560784
0.274510
0.196078
0.450980
0.792157
0.862745
0.890196
0.776471
0.647059
0.031373
0.164706
0.415686
0.600000
0.670588
0.690196
0.713725
0.713725
0.725490
0.525490
0.478431
0.466667
0.392157
0.227451
0.286275
0.462745
0.462745
0.349020
0.443137
0.721569
0.815686
0.792157
0.874510
0.803922
0.533333
0.349020
0.501961
0.745098
0.811765
0.796078
0.733333
0.647059
0.047059
0.145098
0.345098
0.603922
0.643137
0.713725
0.733333
0.705882
0.686275
0.427451
0.513725
0.596078
0.478431
0.188235
0.176471
0.215686
0.239216
0.247059
0.486275
0.815686
0.850980
0.858824
0.901961
0.850980
0.713725
0.596078
0.607843
0.717647
0.792157
0.764706
0.701961
0.627451
0.054902
0.105882
0.266667
0.537255
0.564706
0.647059
0.611765
0.690196
0.592157
0.345098
0.454902
0.615686
0.654902
0.309804
0.137255
0.168627
0.239216
0.317647
0.580392
0.792157
0.882353
0.921569
0.929412
0.850980
0.788235
0.737255
0.713725
0.717647
0.764706
0.741176
0.674510
0.627451
0.050980
0.090196
0.243137
0.392157
0.470588
0.498039
0.521569
0.678431
0.568627
0.329412
0.317647
0.450980
0.623529
0.564706
0.321569
0.286275
0.396078
0.588235
0.698039
0.819608
0.874510
0.874510
0.890196
0.827451
0.807843
0.843137
0.768627
0.701961
0.752941
0.690196
0.607843
0.607843
0.050980
0.109804
0.223529
0.247059
0.372549
0.517647
0.560784
0.631373
0.603922
0.380392
0.313725
0.400000
0.474510
0.654902
0.682353
0.654902
0.709804
0.776471
0.847059
0.850980
0.831373
0.831373
0.811765
0.780392
0.827451
0.886275
0.815686
0.784314
0.752941
0.670588
0.545098
0.619608
0.058824
0.094118
0.215686
0.215686
0.360784
0.525490
0.588235
0.607843
0.592157
0.384314
0.333333
0.505882
0.458824
0.392157
0.478431
0.592157
0.678431
0.784314
0.839216
0.784314
0.764706
0.772549
0.733333
0.725490
0.745098
0.768627
0.823529
0.835294
0.737255
0.623529
0.549020
0.615686
0.058824
0.090196
0.180392
0.219608
0.341176
0.447059
0.537255
0.576471
0.533333
0.427451
0.305882
0.466667
0.552941
0.474510
0.423529
0.411765
0.486275
0.662745
0.717647
0.729412
0.729412
0.686275
0.643137
0.662745
0.682353
0.701961
0.792157
0.772549
0.639216
0.517647
0.513725
0.572549
0.078431
0.094118
0.125490
0.196078
0.298039
0.368627
0.470588
0.615686
0.498039
0.450980
0.309804
0.321569
0.447059
0.564706
0.556863
0.501961
0.388235
0.447059
0.545098
0.576471
0.568627
0.615686
0.686275
0.705882
0.650980
0.690196
0.698039
0.682353
0.580392
0.619608
0.525490
0.498039
0.070588
0.066667
0.086275
0.156863
0.196078
0.247059
0.360784
0.494118
0.478431
0.439216
0.392157
0.250980
0.286275
0.368627
0.384314
0.403922
0.376471
0.333333
0.356863
0.443137
0.552941
0.698039
0.776471
0.705882
0.596078
0.576471
0.619608
0.666667
0.529412
0.615686
0.572549
0.474510
0.058824
0.062745
0.074510
0.129412
0.156863
0.180392
0.270588
0.364706
0.478431
0.486275
0.513725
0.329412
0.286275
0.329412
0.333333
0.333333
0.368627
0.392157
0.427451
0.552941
0.752941
0.792157
0.662745
0.568627
0.537255
0.568627
0.600000
0.584314
0.541176
0.556863
0.505882
0.470588
0.054902
0.062745
0.078431
0.109804
0.145098
0.215686
0.294118
0.329412
0.407843
0.490196
0.552941
0.458824
0.443137
0.482353
0.486275
0.509804
0.552941
0.521569
0.592157
0.768627
0.760784
0.674510
0.572549
0.513725
0.517647
0.568627
0.501961
0.509804
0.568627
0.505882
0.458824
0.482353
0.047059
0.058824
0.066667
0.066667
0.086275
0.141176
0.211765
0.266667
0.329412
0.423529
0.439216
0.498039
0.643137
0.658824
0.666667
0.690196
0.701961
0.654902
0.666667
0.686275
0.635294
0.596078
0.549020
0.525490
0.580392
0.572549
0.474510
0.490196
0.498039
0.454902
0.462745
0.501961
0.043137
0.062745
0.062745
0.070588
0.082353
0.094118
0.129412
0.172549
0.219608
0.301961
0.411765
0.513725
0.631373
0.662745
0.639216
0.627451
0.639216
0.627451
0.615686
0.549020
0.549020
0.560784
0.509804
0.545098
0.545098
0.462745
0.419608
0.454902
0.447059
0.411765
0.458824
0.482353
0.035294
0.054902
0.054902
0.058824
0.070588
0.098039
0.129412
0.129412
0.125490
0.219608
0.478431
0.580392
0.658824
0.682353
0.623529
0.568627
0.576471
0.556863
0.545098
0.501961
0.509804
0.521569
0.439216
0.454902
0.443137
0.341176
0.396078
0.466667
0.376471
0.400000
0.439216
0.454902
0.023529
0.050980
0.054902
0.050980
0.047059
0.058824
0.062745
0.074510
0.105882
0.266667
0.478431
0.564706
0.572549
0.576471
0.501961
0.509804
0.443137
0.427451
0.498039
0.549020
0.545098
0.482353
0.403922
0.415686
0.419608
0.356863
0.419608
0.439216
0.341176
0.419608
0.427451
0.427451
