0.439216
0.435294
0.439216
0.454902
0.454902
0.466667
0.466667
0.466667
0.474510
0.486275
0.494118
0.498039
0.498039
0.505882
0.513725
0.517647
0.525490
0.537255
0.545098
0.549020
0.556863
0.556863
0.552941
0.552941
0.552941
0.552941
0.552941
0.552941
0.545098
0.533333
0.521569
0.513725
0.435294
0.435294
0.443137
0.454902
0.458824
0.462745
0.466667
0.470588
0.478431
0.486275
0.498039
0.501961
0.501961
0.509804
0.517647
0.517647
0.529412
0.533333
0.541176
0.545098
0.549020
0.549020
0.549020
0.549020
0.549020
0.549020
0.549020
0.549020
0.541176
0.529412
0.521569
0.509804
0.439216
0.439216
0.447059
0.458824
0.462745
0.462745
0.466667
0.478431
0.486275
0.490196
0.498039
0.501961
0.505882
0.517647
0.517647
0.525490
0.533333
0.537255
0.541176
0.545098
0.549020
0.549020
0.549020
0.549020
0.549020
0.549020
0.549020
0.549020
0.545098
0.533333
0.525490
0.513725
0.439216
0.439216
0.447059
0.454902
0.462745
0.462745
0.466667
0.478431
0.486275
0.490196
0.498039
0.501961
0.505882
0.517647
0.525490
0.533333
0.533333
0.533333
0.541176
0.545098
0.549020
0.549020
0.549020
0.549020
0.549020
0.549020
0.549020
0.549020
0.545098
0.533333
0.525490
0.513725
0.431373
0.439216
0.443137
0.454902
0.458824
0.462745
0.466667
0.478431
0.486275
0.490196
0.498039
0.505882
0.509804
0.517647
0.529412
0.533333
0.529412
0.537255
0.545098
0.545098
0.549020
0.552941
0.552941
0.552941
0.552941
0.552941
0.552941
0.549020
0.545098
0.533333
0.525490
0.513725
0.427451
0.431373
0.435294
0.450980
0.450980
0.458824
0.462745
0.474510
0.478431
0.482353
0.490196
0.498039
0.505882
0.509804
0.525490
0.521569
0.521569
0.525490
0.525490
0.529412
0.533333
0.537255
0.541176
0.537255
0.529412
0.529412
0.533333
0.529412
0.533333
0.529412
0.517647
0.509804
0.423529
0.423529
0.427451
0.439216
0.443137
0.450980
0.454902
0.462745
0.470588
0.474510
0.482353
0.490196
0.505882
0.505882
0.486275
0.447059
0.407843
0.388235
0.376471
0.368627
0.384314
0.423529
0.470588
0.498039
0.529412
0.564706
0.584314
0.592157
0.552941
0.517647
0.509804
0.505882
0.419608
0.419608
0.423529
0.431373
0.435294
0.439216
0.450980
0.454902
0.462745
0.470588
0.478431
0.490196
0.427451
0.313725
0.278431
0.294118
0.325490
0.352941
0.376471
0.364706
0.407843
0.564706
0.690196
0.745098
0.756863
0.788235
0.811765
0.815686
0.764706
0.545098
0.505882
0.498039
0.415686
0.411765
0.411765
0.423529
0.427451
0.431373
0.439216
0.447059
0.450980
0.462745
0.478431
0.403922
0.184314
0.086275
0.098039
0.121569
0.176471
0.239216
0.309804
0.447059
0.729412
0.756863
0.678431
0.623529
0.615686
0.627451
0.713725
0.690196
0.752941
0.647059
0.501961
0.498039
0.407843
0.407843
0.411765
0.415686
0.423529
0.423529
0.427451
0.435294
0.439216
0.435294
0.403922
0.203922
0.090196
0.094118
0.078431
0.066667
0.070588
0.066667
0.058824
0.368627
0.756863
0.521569
0.474510
0.458824
0.541176
0.549020
0.611765
0.635294
0.635294
0.729412
0.537255
0.494118
0.396078
0.396078
0.407843
0.407843
0.415686
0.415686
0.415686
0.419608
0.431373
0.392157
0.227451
0.094118
0.078431
0.078431
0.074510
0.070588
0.070588
0.066667
0.082353
0.560784
0.631373
0.474510
0.498039
0.439216
0.501961
0.533333
0.580392
0.768627
0.835294
0.878431
0.600000
0.474510
0.392157
0.392157
0.400000
0.403922
0.407843
0.407843
0.411765
0.415686
0.411765
0.301961
0.113725
0.058824
0.062745
0.066667
0.070588
0.070588
0.070588
0.062745
0.184314
0.717647
0.513725
0.450980
0.443137
0.396078
0.541176
0.721569
0.854902
0.898039
0.850980
0.729412
0.529412
0.478431
0.396078
0.396078
0.403922
0.407843
0.415686
0.411765
0.407843
0.396078
0.360784
0.235294
0.145098
0.101961
0.086275
0.070588
0.066667
0.066667
0.070588
0.070588
0.368627
0.678431
0.435294
0.521569
0.600000
0.729412
0.858824
0.882353
0.772549
0.647059
0.780392
0.650980
0.505882
0.552941
0.415686
0.407843
0.415686
0.427451
0.411765
0.372549
0.352941
0.345098
0.349020
0.345098
0.329412
0.301961
0.258824
0.211765
0.180392
0.149020
0.117647
0.160784
0.572549
0.549020
0.556863
0.843137
0.909804
0.811765
0.729412
0.611765
0.525490
0.576471
0.592157
0.509804
0.580392
0.674510
0.431373
0.431373
0.427451
0.376471
0.325490
0.313725
0.317647
0.321569
0.333333
0.345098
0.345098
0.356863
0.372549
0.396078
0.388235
0.380392
0.407843
0.556863
0.819608
0.796078
0.823529
0.811765
0.670588
0.533333
0.513725
0.521569
0.533333
0.486275
0.231373
0.278431
0.666667
0.784314
0.447059
0.447059
0.392157
0.274510
0.278431
0.286275
0.290196
0.301961
0.317647
0.329412
0.352941
0.396078
0.407843
0.392157
0.423529
0.568627
0.792157
0.929412
0.890196
0.764706
0.635294
0.541176
0.505882
0.521569
0.541176
0.572549
0.592157
0.407843
0.360784
0.356863
0.709804
0.850980
0.466667
0.462745
0.388235
0.329412
0.305882
0.274510
0.270588
0.282353
0.313725
0.400000
0.423529
0.396078
0.368627
0.494118
0.713725
0.870588
0.952941
0.784314
0.592157
0.525490
0.517647
0.533333
0.556863
0.576471
0.611765
0.647059
0.635294
0.403922
0.584314
0.517647
0.784314
0.890196
0.482353
0.470588
0.396078
0.329412
0.298039
0.352941
0.372549
0.341176
0.490196
0.494118
0.376471
0.392157
0.576471
0.862745
0.968627
0.847059
0.729412
0.654902
0.529412
0.541176
0.580392
0.603922
0.627451
0.654902
0.670588
0.690196
0.639216
0.372549
0.552941
0.580392
0.870588
0.905882
0.494118
0.450980
0.325490
0.274510
0.215686
0.298039
0.321569
0.313725
0.517647
0.376471
0.337255
0.494118
0.788235
0.839216
0.858824
0.392157
0.196078
0.466667
0.615686
0.619608
0.650980
0.674510
0.686275
0.690196
0.701961
0.721569
0.615686
0.356863
0.462745
0.596078
0.905882
0.913725
0.498039
0.447059
0.341176
0.290196
0.219608
0.262745
0.274510
0.309804
0.435294
0.356863
0.329412
0.431373
0.556863
0.643137
0.490196
0.219608
0.200000
0.290196
0.639216
0.670588
0.698039
0.701961
0.705882
0.713725
0.717647
0.690196
0.450980
0.305882
0.490196
0.678431
0.905882
0.929412
0.490196
0.458824
0.427451
0.352941
0.219608
0.274510
0.298039
0.368627
0.509804
0.435294
0.380392
0.407843
0.509804
0.517647
0.258824
0.423529
0.454902
0.262745
0.643137
0.709804
0.725490
0.725490
0.733333
0.709804
0.592157
0.356863
0.117647
0.156863
0.407843
0.772549
0.925490
0.941176
0.458824
0.419608
0.356863
0.372549
0.270588
0.266667
0.301961
0.431373
0.494118
0.388235
0.345098
0.431373
0.537255
0.427451
0.250980
0.580392
0.533333
0.313725
0.654902
0.729412
0.729412
0.690196
0.556863
0.360784
0.262745
0.329412
0.407843
0.462745
0.686275
0.909804
0.941176
0.933333
0.411765
0.360784
0.262745
0.349020
0.447059
0.431373
0.439216
0.552941
0.564706
0.517647
0.509804
0.552941
0.588235
0.388235
0.262745
0.615686
0.513725
0.333333
0.682353
0.690196
0.556863
0.349020
0.207843
0.298039
0.572549
0.807843
0.894118
0.925490
0.949020
0.933333
0.933333
0.921569
0.372549
0.321569
0.286275
0.325490
0.443137
0.541176
0.584314
0.588235
0.474510
0.517647
0.596078
0.666667
0.674510
0.333333
0.317647
0.560784
0.356863
0.345098
0.498039
0.305882
0.207843
0.321569
0.576471
0.800000
0.905882
0.937255
0.933333
0.933333
0.925490
0.925490
0.917647
0.913725
0.411765
0.352941
0.309804
0.286275
0.294118
0.384314
0.482353
0.525490
0.298039
0.341176
0.521569
0.713725
0.698039
0.286275
0.333333
0.431373
0.400000
0.207843
0.211765
0.329412
0.572549
0.807843
0.913725
0.937255
0.933333
0.929412
0.929412
0.917647
0.917647
0.909804
0.905882
0.901961
0.501961
0.458824
0.392157
0.317647
0.254902
0.223529
0.250980
0.290196
0.298039
0.329412
0.466667
0.662745
0.603922
0.207843
0.266667
0.458824
0.380392
0.400000
0.650980
0.839216
0.909804
0.933333
0.929412
0.929412
0.925490
0.917647
0.913725
0.909804
0.901961
0.894118
0.898039
0.890196
0.592157
0.572549
0.545098
0.486275
0.400000
0.313725
0.250980
0.207843
0.200000
0.188235
0.227451
0.266667
0.196078
0.086275
0.160784
0.309804
0.525490
0.827451
0.901961
0.917647
0.917647
0.925490
0.921569
0.913725
0.909804
0.901961
0.894118
0.894118
0.894118
0.882353
0.878431
0.874510
0.666667
0.654902
0.650980
0.639216
0.611765
0.564706
0.494118
0.419608
0.349020
0.301961
0.266667
0.270588
0.309804
0.313725
0.345098
0.564706
0.847059
0.909804
0.898039
0.905882
0.905882
0.905882
0.905882
0.901961
0.898039
0.894118
0.882353
0.882353
0.882353
0.874510
0.866667
0.854902
0.709804
0.709804
0.713725
0.709804
0.709804
0.709804
0.698039
0.682353
0.666667
0.643137
0.650980
0.694118
0.749020
0.792157
0.831373
0.894118
0.905882
0.894118
0.898039
0.894118
0.894118
0.894118
0.894118
0.898039
0.894118
0.886275
0.878431
0.870588
0.870588
0.858824
0.850980
0.839216
0.737255
0.741176
0.752941
0.752941
0.760784
0.772549
0.776471
0.788235
0.803922
0.823529
0.850980
0.862745
0.874510
0.878431
0.886275
0.890196
0.882353
0.882353
0.886275
0.886275
0.886275
0.886275
0.886275
0.886275
0.882353
0.878431
0.866667
0.862745
0.854902
0.843137
0.835294
0.823529
0.756863
0.760784
0.768627
0.776471
0.788235
0.796078
0.800000
0.811765
0.827451
0.839216
0.850980
0.850980
0.862745
0.866667
0.870588
0.878431
0.882353
0.882353
0.878431
0.878431
0.878431
0.878431
0.874510
0.870588
0.870588
0.862745
0.854902
0.847059
0.839216
0.827451
0.819608
0.811765
0.764706
0.768627
0.780392
0.788235
0.796078
0.803922
0.807843
0.819608
0.835294
0.843137
0.850980
0.850980
0.858824
0.858824
0.862745
0.870588
0.878431
0.874510
0.866667
0.866667
0.866667
0.870588
0.866667
0.862745
0.858824
0.850980
0.843137
0.831373
0.823529
0.811765
0.803922
0.796078
0.439216
0.435294
0.439216
0.454902
0.454902
0.466667
0.466667
0.466667
0.474510
0.486275
0.494118
0.498039
0.498039
0.505882
0.513725
0.517647
0.525490
0.537255
0.545098
0.549020
0.556863
0.556863
0.552941
0.552941
0.552941
0.552941
0.552941
0.552941
0.545098
0.533333
0.521569
0.513725
0.435294
0.435294
0.443137
0.454902
0.458824
0.462745
0.466667
0.470588
0.478431
0.486275
0.498039
0.501961
0.501961
0.509804
0.517647
0.517647
0.529412
0.533333
0.541176
0.545098
0.549020
0.549020
0.549020
0.549020
0.549020
0.549020
0.549020
0.549020
0.541176
0.529412
0.521569
0.509804
0.439216
0.439216
0.447059
0.458824
0.462745
0.462745
0.466667
0.478431
0.486275
0.490196
0.498039
0.501961
0.505882
0.517647
0.517647
0.525490
0.533333
0.537255
0.541176
0.545098
0.549020
0.549020
0.549020
0.549020
0.549020
0.549020
0.549020
0.549020
0.545098
0.533333
0.525490
0.513725
0.439216
0.439216
0.447059
0.454902
0.462745
0.462745
0.466667
0.478431
0.486275
0.490196
0.498039
0.501961
0.505882
0.517647
0.525490
0.533333
0.533333
0.533333
0.541176
0.545098
0.549020
0.549020
0.549020
0.549020
0.549020
0.549020
0.549020
0.549020
0.545098
0.533333
0.525490
0.513725
0.431373
0.439216
0.443137
0.454902
0.458824
0.462745
0.466667
0.478431
0.486275
0.490196
0.498039
0.505882
0.509804
0.517647
0.529412
0.533333
0.529412
0.537255
0.545098
0.545098
0.549020
0.552941
0.552941
0.552941
0.552941
0.552941
0.552941
0.549020
0.545098
0.533333
0.525490
0.513725
0.427451
0.431373
0.435294
0.450980
0.450980
0.458824
0.462745
0.474510
0.478431
0.482353
0.490196
0.498039
0.505882
0.509804
0.525490
0.521569
0.521569
0.525490
0.525490
0.529412
0.533333
0.537255
0.541176
0.537255
0.529412
0.529412
0.533333
0.529412
0.533333
0.529412
0.517647
0.509804
0.423529
0.423529
0.427451
0.439216
0.443137
0.450980
0.454902
0.462745
0.470588
0.474510
0.482353
0.490196
0.505882
0.505882
0.486275
0.447059
0.407843
0.388235
0.376471
0.368627
0.384314
0.423529
0.470588
0.498039
0.529412
0.564706
0.584314
0.592157
0.552941
0.517647
0.509804
0.505882
0.419608
0.419608
0.423529
0.431373
0.435294
0.439216
0.450980
0.454902
0.462745
0.470588
0.478431
0.490196
0.427451
0.313725
0.278431
0.294118
0.325490
0.352941
0.376471
0.364706
0.407843
0.564706
0.690196
0.745098
0.756863
0.788235
0.811765
0.815686
0.764706
0.545098
0.505882
0.498039
0.415686
0.411765
0.411765
0.423529
0.427451
0.431373
0.439216
0.447059
0.450980
0.462745
0.478431
0.403922
0.184314
0.086275
0.098039
0.121569
0.176471
0.239216
0.309804
0.447059
0.729412
0.756863
0.678431
0.623529
0.615686
0.627451
0.713725
0.690196
0.752941
0.647059
0.501961
0.498039
0.407843
0.407843
0.411765
0.415686
0.423529
0.423529
0.427451
0.435294
0.439216
0.435294
0.403922
0.203922
0.090196
0.094118
0.082353
0.066667
0.070588
0.066667
0.058824
0.368627
0.756863
0.521569
0.474510
0.458824
0.541176
0.549020
0.611765
0.635294
0.635294
0.729412
0.537255
0.494118
0.396078
0.396078
0.407843
0.407843
0.415686
0.415686
0.415686
0.419608
0.431373
0.392157
0.227451
0.094118
0.082353
0.082353
0.078431
0.074510
0.070588
0.066667
0.082353
0.560784
0.631373
0.474510
0.498039
0.439216
0.501961
0.533333
0.580392
0.768627
0.835294
0.878431
0.600000
0.474510
0.392157
0.392157
0.400000
0.403922
0.407843
0.407843
0.411765
0.415686
0.411765
0.301961
0.113725
0.058824
0.066667
0.070588
0.074510
0.074510
0.070588
0.062745
0.184314
0.717647
0.513725
0.450980
0.443137
0.396078
0.541176
0.721569
0.854902
0.898039
0.850980
0.729412
0.529412
0.478431
0.396078
0.396078
0.403922
0.407843
0.415686
0.411765
0.407843
0.396078
0.360784
0.235294
0.145098
0.101961
0.086275
0.074510
0.070588
0.070588
0.070588
0.070588
0.368627
0.678431
0.435294
0.521569
0.600000
0.729412
0.858824
0.882353
0.772549
0.647059
0.780392
0.650980
0.505882
0.552941
0.415686
0.407843
0.415686
0.427451
0.411765
0.372549
0.352941
0.345098
0.349020
0.345098
0.329412
0.301961
0.258824
0.215686
0.184314
0.152941
0.117647
0.160784
0.572549
0.549020
0.556863
0.843137
0.909804
0.811765
0.729412
0.611765
0.525490
0.576471
0.592157
0.509804
0.580392
0.674510
0.431373
0.431373
0.427451
0.376471
0.325490
0.317647
0.321569
0.329412
0.341176
0.349020
0.352941
0.364706
0.380392
0.400000
0.396078
0.384314
0.407843
0.556863
0.819608
0.796078
0.823529
0.811765
0.670588
0.533333
0.513725
0.521569
0.533333
0.486275
0.231373
0.278431
0.666667
0.784314
0.447059
0.447059
0.392157
0.274510
0.278431
0.290196
0.305882
0.317647
0.333333
0.345098
0.368627
0.411765
0.419608
0.403922
0.435294
0.580392
0.796078
0.929412
0.890196
0.764706
0.635294
0.541176
0.505882
0.521569
0.541176
0.572549
0.592157
0.407843
0.360784
0.356863
0.709804
0.850980
0.466667
0.462745
0.388235
0.329412
0.305882
0.278431
0.286275
0.298039
0.329412
0.415686
0.439216
0.411765
0.384314
0.505882
0.725490
0.882353
0.956863
0.784314
0.592157
0.525490
0.517647
0.533333
0.556863
0.576471
0.611765
0.647059
0.635294
0.403922
0.584314
0.517647
0.784314
0.890196
0.482353
0.470588
0.396078
0.329412
0.298039
0.352941
0.384314
0.356863
0.505882
0.509804
0.392157
0.407843
0.592157
0.878431
0.984314
0.862745
0.733333
0.654902
0.529412
0.541176
0.580392
0.603922
0.627451
0.654902
0.670588
0.690196
0.639216
0.372549
0.552941
0.580392
0.870588
0.905882
0.494118
0.450980
0.325490
0.274510
0.215686
0.298039
0.337255
0.333333
0.533333
0.396078
0.352941
0.509804
0.803922
0.858824
0.874510
0.407843
0.200000
0.466667
0.615686
0.619608
0.650980
0.674510
0.686275
0.690196
0.701961
0.721569
0.615686
0.356863
0.462745
0.596078
0.905882
0.913725
0.498039
0.447059
0.341176
0.290196
0.219608
0.262745
0.282353
0.317647
0.443137
0.364706
0.337255
0.443137
0.564706
0.654902
0.501961
0.231373
0.203922
0.290196
0.639216
0.670588
0.698039
0.701961
0.705882
0.713725
0.717647
0.690196
0.450980
0.305882
0.490196
0.678431
0.905882
0.929412
0.490196
0.458824
0.427451
0.352941
0.219608
0.274510
0.298039
0.368627
0.509804
0.435294
0.380392
0.407843
0.509804
0.517647
0.258824
0.423529
0.454902
0.262745
0.643137
0.709804
0.725490
0.725490
0.733333
0.709804
0.592157
0.356863
0.117647
0.156863
0.407843
0.772549
0.925490
0.941176
0.458824
0.419608
0.356863
0.372549
0.270588
0.266667
0.301961
0.431373
0.494118
0.388235
0.345098
0.427451
0.537255
0.427451
0.250980
0.580392
0.533333
0.313725
0.654902
0.729412
0.729412
0.690196
0.556863
0.360784
0.262745
0.329412
0.407843
0.462745
0.686275
0.909804
0.941176
0.933333
0.411765
0.360784
0.262745
0.349020
0.447059
0.431373
0.439216
0.552941
0.564706
0.517647
0.509804
0.552941
0.588235
0.388235
0.262745
0.615686
0.513725
0.333333
0.682353
0.690196
0.556863
0.349020
0.207843
0.298039
0.572549
0.807843
0.894118
0.925490
0.949020
0.933333
0.933333
0.921569
0.372549
0.321569
0.286275
0.325490
0.443137
0.541176
0.584314
0.588235
0.474510
0.517647
0.596078
0.666667
0.674510
0.333333
0.317647
0.560784
0.356863
0.345098
0.498039
0.305882
0.207843
0.321569
0.576471
0.800000
0.905882
0.937255
0.933333
0.933333
0.925490
0.925490
0.917647
0.913725
0.411765
0.352941
0.309804
0.286275
0.294118
0.384314
0.482353
0.525490
0.298039
0.341176
0.521569
0.713725
0.698039
0.286275
0.333333
0.431373
0.400000
0.207843
0.211765
0.329412
0.572549
0.807843
0.913725
0.937255
0.933333
0.929412
0.929412
0.917647
0.917647
0.909804
0.905882
0.901961
0.501961
0.458824
0.392157
0.317647
0.254902
0.223529
0.250980
0.290196
0.298039
0.329412
0.466667
0.662745
0.603922
0.207843
0.266667
0.458824
0.380392
0.400000
0.650980
0.839216
0.909804
0.933333
0.929412
0.929412
0.925490
0.917647
0.913725
0.909804
0.901961
0.894118
0.898039
0.890196
0.592157
0.572549
0.545098
0.486275
0.400000
0.313725
0.250980
0.207843
0.200000
0.188235
0.227451
0.266667
0.196078
0.086275
0.160784
0.309804
0.525490
0.827451
0.901961
0.917647
0.917647
0.925490
0.921569
0.913725
0.909804
0.901961
0.894118
0.894118
0.894118
0.882353
0.878431
0.874510
0.666667
0.654902
0.650980
0.639216
0.611765
0.564706
0.494118
0.419608
0.349020
0.301961
0.266667
0.270588
0.309804
0.313725
0.345098
0.564706
0.847059
0.909804
0.898039
0.905882
0.905882
0.905882
0.905882
0.901961
0.898039
0.894118
0.882353
0.882353
0.882353
0.874510
0.866667
0.854902
0.709804
0.709804
0.713725
0.709804
0.709804
0.709804
0.698039
0.682353
0.666667
0.643137
0.650980
0.694118
0.749020
0.792157
0.831373
0.894118
0.905882
0.894118
0.898039
0.894118
0.894118
0.894118
0.894118
0.898039
0.894118
0.886275
0.878431
0.870588
0.870588
0.858824
0.850980
0.839216
0.737255
0.741176
0.752941
0.752941
0.760784
0.772549
0.776471
0.788235
0.803922
0.823529
0.850980
0.862745
0.874510
0.878431
0.886275
0.890196
0.882353
0.882353
0.886275
0.886275
0.886275
0.886275
0.886275
0.886275
0.882353
0.878431
0.866667
0.862745
0.854902
0.843137
0.835294
0.823529
0.752941
0.756863
0.768627
0.776471
0.788235
0.796078
0.800000
0.811765
0.827451
0.839216
0.850980
0.850980
0.862745
0.866667
0.870588
0.878431
0.882353
0.882353
0.878431
0.878431
0.878431
0.878431
0.874510
0.870588
0.870588
0.862745
0.854902
0.847059
0.839216
0.827451
0.819608
0.811765
0.760784
0.764706
0.776471
0.788235
0.796078
0.803922
0.807843
0.819608
0.835294
0.843137
0.850980
0.850980
0.858824
0.858824
0.862745
0.870588
0.878431
0.874510
0.866667
0.866667
0.866667
0.870588
0.866667
0.862745
0.858824
0.850980
0.843137
0.831373
0.823529
0.811765
0.803922
0.796078
0.439216
0.435294
0.439216
0.454902
0.454902
0.466667
0.466667
0.466667
0.474510
0.486275
0.494118
0.498039
0.498039
0.505882
0.513725
0.517647
0.525490
0.537255
0.545098
0.549020
0.556863
0.556863
0.552941
0.552941
0.552941
0.552941
0.552941
0.552941
0.545098
0.533333
0.521569
0.513725
0.435294
0.435294
0.443137
0.454902
0.458824
0.462745
0.466667
0.470588
0.478431
0.486275
0.498039
0.501961
0.501961
0.509804
0.517647
0.517647
0.529412
0.533333
0.541176
0.545098
0.549020
0.549020
0.549020
0.549020
0.549020
0.549020
0.549020
0.549020
0.541176
0.529412
0.521569
0.509804
0.439216
0.439216
0.447059
0.458824
0.462745
0.462745
0.466667
0.478431
0.486275
0.490196
0.498039
0.501961
0.505882
0.517647
0.517647
0.525490
0.533333
0.537255
0.541176
0.545098
0.549020
0.549020
0.549020
0.549020
0.549020
0.549020
0.549020
0.549020
0.545098
0.533333
0.525490
0.513725
0.439216
0.439216
0.447059
0.454902
0.462745
0.462745
0.466667
0.478431
0.486275
0.490196
0.498039
0.501961
0.505882
0.517647
0.525490
0.533333
0.533333
0.533333
0.541176
0.545098
0.549020
0.549020
0.549020
0.549020
0.549020
0.549020
0.549020
0.549020
0.545098
0.533333
0.525490
0.513725
0.431373
0.439216
0.443137
0.454902
0.458824
0.462745
0.466667
0.478431
0.486275
0.490196
0.498039
0.505882
0.509804
0.517647
0.529412
0.533333
0.529412
0.537255
0.545098
0.545098
0.549020
0.552941
0.552941
0.552941
0.552941
0.552941
0.552941
0.549020
0.545098
0.533333
0.525490
0.513725
0.427451
0.431373
0.435294
0.450980
0.450980
0.458824
0.462745
0.474510
0.478431
0.482353
0.490196
0.498039
0.505882
0.509804
0.525490
0.521569
0.521569
0.525490
0.525490
0.529412
0.533333
0.537255
0.541176
0.537255
0.529412
0.529412
0.533333
0.529412
0.533333
0.529412
0.517647
0.509804
0.423529
0.423529
0.427451
0.439216
0.443137
0.450980
0.454902
0.462745
0.470588
0.474510
0.482353
0.490196
0.505882
0.505882
0.486275
0.447059
0.407843
0.388235
0.376471
0.368627
0.384314
0.423529
0.470588
0.498039
0.529412
0.564706
0.584314
0.592157
0.552941
0.517647
0.509804
0.505882
0.419608
0.419608
0.423529
0.431373
0.435294
0.439216
0.450980
0.454902
0.462745
0.470588
0.478431
0.490196
0.427451
0.313725
0.278431
0.294118
0.325490
0.352941
0.376471
0.364706
0.407843
0.564706
0.690196
0.745098
0.756863
0.788235
0.811765
0.815686
0.764706
0.545098
0.505882
0.498039
0.415686
0.411765
0.411765
0.423529
0.427451
0.431373
0.439216
0.447059
0.450980
0.462745
0.478431
0.403922
0.184314
0.086275
0.098039
0.121569
0.176471
0.239216
0.309804
0.447059
0.729412
0.756863
0.678431
0.623529
0.615686
0.627451
0.713725
0.690196
0.752941
0.647059
0.501961
0.498039
0.407843
0.407843
0.411765
0.415686
0.423529
0.423529
0.427451
0.435294
0.439216
0.435294
0.403922
0.203922
0.086275
0.086275
0.070588
0.058824
0.070588
0.066667
0.058824
0.368627
0.756863
0.521569
0.474510
0.458824
0.541176
0.549020
0.611765
0.635294
0.635294
0.729412
0.537255
0.494118
0.396078
0.396078
0.407843
0.407843
0.415686
0.415686
0.415686
0.419608
0.431373
0.392157
0.227451
0.094118
0.074510
0.062745
0.058824
0.054902
0.070588
0.066667
0.082353
0.560784
0.631373
0.474510
0.498039
0.439216
0.501961
0.533333
0.580392
0.768627
0.835294
0.878431
0.600000
0.474510
0.392157
0.392157
0.400000
0.403922
0.407843
0.407843
0.411765
0.415686
0.411765
0.301961
0.113725
0.058824
0.058824
0.054902
0.054902
0.058824
0.066667
0.062745
0.184314
0.717647
0.513725
0.450980
0.443137
0.396078
0.541176
0.721569
0.854902
0.898039
0.850980
0.729412
0.529412
0.478431
0.396078
0.396078
0.403922
0.407843
0.415686
0.411765
0.407843
0.396078
0.360784
0.235294
0.145098
0.101961
0.078431
0.058824
0.050980
0.050980
0.066667
0.070588
0.368627
0.678431
0.435294
0.521569
0.600000
0.729412
0.858824
0.882353
0.772549
0.647059
0.780392
0.650980
0.505882
0.552941
0.415686
0.407843
0.415686
0.427451
0.411765
0.372549
0.352941
0.345098
0.349020
0.345098
0.329412
0.301961
0.250980
0.196078
0.160784
0.133333
0.113725
0.160784
0.572549
0.549020
0.556863
0.843137
0.909804
0.811765
0.729412
0.611765
0.525490
0.576471
0.592157
0.509804
0.580392
0.674510
0.431373
0.431373
0.427451
0.376471
0.325490
0.317647
0.321569
0.325490
0.337255
0.352941
0.356863
0.372549
0.388235
0.407843
0.403922
0.392157
0.411765
0.556863
0.819608
0.796078
0.823529
0.811765
0.670588
0.533333
0.513725
0.521569
0.533333
0.486275
0.231373
0.278431
0.666667
0.784314
0.447059
0.447059
0.392157
0.274510
0.278431
0.290196
0.301961
0.313725
0.325490
0.349020
0.380392
0.419608
0.439216
0.439216
0.466667
0.611765
0.800000
0.929412
0.890196
0.764706
0.635294
0.541176
0.505882
0.521569
0.541176
0.572549
0.592157
0.407843
0.360784
0.356863
0.709804
0.850980
0.466667
0.462745
0.388235
0.329412
0.305882
0.278431
0.282353
0.294118
0.325490
0.423529
0.450980
0.423529
0.400000
0.529412
0.749020
0.901961
0.960784
0.784314
0.592157
0.525490
0.517647
0.533333
0.556863
0.576471
0.611765
0.647059
0.635294
0.403922
0.584314
0.517647
0.784314
0.890196
0.482353
0.470588
0.396078
0.329412
0.298039
0.352941
0.380392
0.352941
0.498039
0.517647
0.403922
0.419608
0.600000
0.886275
0.992157
0.870588
0.733333
0.654902
0.529412
0.541176
0.580392
0.603922
0.627451
0.654902
0.670588
0.690196
0.639216
0.372549
0.552941
0.580392
0.870588
0.905882
0.494118
0.450980
0.325490
0.274510
0.215686
0.298039
0.333333
0.329412
0.529412
0.400000
0.368627
0.521569
0.807843
0.847059
0.866667
0.400000
0.200000
0.466667
0.615686
0.619608
0.650980
0.674510
0.686275
0.690196
0.701961
0.721569
0.615686
0.356863
0.462745
0.596078
0.905882
0.913725
0.498039
0.447059
0.341176
0.290196
0.219608
0.262745
0.278431
0.313725
0.439216
0.368627
0.345098
0.450980
0.568627
0.643137
0.494118
0.223529
0.200000
0.290196
0.639216
0.670588
0.698039
0.701961
0.705882
0.713725
0.717647
0.690196
0.450980
0.305882
0.490196
0.678431
0.905882
0.929412
0.490196
0.458824
0.427451
0.352941
0.219608
0.274510
0.298039
0.368627
0.509804
0.435294
0.380392
0.407843
0.509804
0.517647
0.258824
0.423529
0.454902
0.262745
0.643137
0.709804
0.725490
0.725490
0.733333
0.709804
0.592157
0.356863
0.117647
0.156863
0.407843
0.772549
0.925490
0.941176
0.458824
0.419608
0.356863
0.372549
0.270588
0.266667
0.301961
0.431373
0.494118
0.388235
0.345098
0.427451
0.537255
0.427451
0.250980
0.580392
0.533333
0.313725
0.654902
0.729412
0.729412
0.690196
0.556863
0.360784
0.262745
0.329412
0.407843
0.462745
0.686275
0.909804
0.941176
0.933333
0.411765
0.360784
0.262745
0.349020
0.447059
0.431373
0.439216
0.552941
0.564706
0.517647
0.509804
0.552941
0.588235
0.388235
0.262745
0.615686
0.513725
0.333333
0.682353
0.690196
0.556863
0.349020
0.207843
0.298039
0.572549
0.807843
0.894118
0.925490
0.949020
0.933333
0.933333
0.921569
0.372549
0.321569
0.286275
0.325490
0.443137
0.541176
0.584314
0.588235
0.474510
0.517647
0.596078
0.666667
0.674510
0.333333
0.317647
0.560784
0.356863
0.345098
0.498039
0.305882
0.207843
0.321569
0.576471
0.800000
0.905882
0.937255
0.933333
0.933333
0.925490
0.925490
0.917647
0.913725
0.411765
0.352941
0.309804
0.286275
0.294118
0.384314
0.482353
0.525490
0.298039
0.341176
0.521569
0.713725
0.698039
0.286275
0.333333
0.431373
0.400000
0.207843
0.211765
0.329412
0.572549
0.807843
0.913725
0.937255
0.933333
0.929412
0.929412
0.917647
0.917647
0.909804
0.905882
0.901961
0.501961
0.458824
0.392157
0.317647
0.254902
0.223529
0.250980
0.290196
0.298039
0.329412
0.466667
0.662745
0.603922
0.207843
0.266667
0.458824
0.380392
0.400000
0.650980
0.839216
0.909804
0.933333
0.929412
0.929412
0.925490
0.917647
0.913725
0.909804
0.901961
0.894118
0.898039
0.890196
0.592157
0.572549
0.545098
0.486275
0.400000
0.313725
0.250980
0.207843
0.200000
0.188235
0.227451
0.266667
0.196078
0.086275
0.160784
0.309804
0.525490
0.827451
0.901961
0.917647
0.917647
0.925490
0.921569
0.913725
0.909804
0.901961
0.894118
0.894118
0.894118
0.882353
0.878431
0.874510
0.666667
0.654902
0.650980
0.639216
0.611765
0.564706
0.494118
0.419608
0.349020
0.301961
0.266667
0.270588
0.309804
0.313725
0.345098
0.564706
0.847059
0.909804
0.898039
0.905882
0.905882
0.905882
0.905882
0.901961
0.898039
0.894118
0.882353
0.882353
0.882353
0.874510
0.866667
0.854902
0.709804
0.709804
0.713725
0.709804
0.709804
0.709804
0.698039
0.682353
0.666667
0.643137
0.650980
0.694118
0.749020
0.792157
0.831373
0.894118
0.905882
0.894118
0.898039
0.894118
0.894118
0.894118
0.894118
0.898039
0.894118
0.886275
0.878431
0.870588
0.870588
0.858824
0.850980
0.839216
0.741176
0.745098
0.756863
0.752941
0.760784
0.772549
0.776471
0.788235
0.803922
0.823529
0.850980
0.862745
0.874510
0.878431
0.886275
0.890196
0.882353
0.882353
0.886275
0.886275
0.886275
0.886275
0.886275
0.886275
0.882353
0.878431
0.866667
0.862745
0.854902
0.843137
0.835294
0.823529
0.768627
0.772549
0.776471
0.776471
0.788235
0.796078
0.800000
0.811765
0.827451
0.839216
0.850980
0.850980
0.862745
0.866667
0.870588
0.878431
0.882353
0.882353
0.878431
0.878431
0.878431
0.878431
0.874510
0.870588
0.870588
0.862745
0.854902
0.847059
0.839216
0.827451
0.819608
0.811765
0.780392
0.784314
0.788235
0.788235
0.796078
0.803922
0.807843
0.819608
0.835294
0.843137
0.850980
0.850980
0.858824
0.858824
0.862745
0.870588
0.878431
0.874510
0.866667
0.866667
0.866667
0.870588
0.866667
0.862745
0.858824
0.850980
0.843137
0.831373
0.823529
0.811765
0.803922
0.796078
