0.905882
0.901961
0.917647
0.933333
0.941176
0.945098
0.945098
0.945098
0.941176
0.937255
0.933333
0.929412
0.925490
0.921569
0.925490
0.921569
0.913725
0.905882
0.894118
0.882353
0.866667
0.862745
0.858824
0.866667
0.870588
0.874510
0.882353
0.886275
0.894118
0.901961
0.909804
0.933333
0.886275
0.882353
0.898039
0.909804
0.917647
0.917647
0.921569
0.921569
0.921569
0.921569
0.921569
0.917647
0.917647
0.917647
0.917647
0.913725
0.909804
0.898039
0.882353
0.866667
0.854902
0.847059
0.843137
0.847059
0.847059
0.854902
0.862745
0.870588
0.878431
0.886275
0.894118
0.917647
0.890196
0.882353
0.890196
0.901961
0.909804
0.909804
0.913725
0.917647
0.921569
0.921569
0.925490
0.925490
0.929412
0.945098
0.945098
0.933333
0.921569
0.909804
0.894118
0.878431
0.862745
0.850980
0.843137
0.847059
0.847059
0.850980
0.858824
0.866667
0.878431
0.886275
0.894118
0.913725
0.870588
0.862745
0.874510
0.882353
0.886275
0.890196
0.894118
0.898039
0.905882
0.925490
0.945098
0.952941
0.913725
0.788235
0.741176
0.886275
0.945098
0.925490
0.913725
0.894118
0.874510
0.858824
0.847059
0.847059
0.847059
0.847059
0.854902
0.862745
0.866667
0.878431
0.890196
0.905882
0.847059
0.839216
0.850980
0.858824
0.866667
0.874510
0.882353
0.886275
0.886275
0.823529
0.741176
0.682353
0.603922
0.498039
0.443137
0.666667
0.945098
0.949020
0.933333
0.909804
0.886275
0.870588
0.858824
0.850980
0.850980
0.850980
0.858824
0.866667
0.870588
0.878431
0.890196
0.913725
0.870588
0.858824
0.866667
0.866667
0.870588
0.874510
0.870588
0.878431
0.870588
0.800000
0.752941
0.725490
0.725490
0.698039
0.525490
0.501961
0.819608
0.980392
0.949020
0.921569
0.901961
0.882353
0.870588
0.858824
0.854902
0.858824
0.858824
0.862745
0.870588
0.878431
0.890196
0.913725
0.894118
0.878431
0.878431
0.870588
0.862745
0.862745
0.858824
0.854902
0.862745
0.886275
0.913725
0.933333
0.945098
0.662745
0.423529
0.454902
0.627451
0.917647
0.972549
0.937255
0.913725
0.890196
0.878431
0.862745
0.854902
0.854902
0.854902
0.858824
0.866667
0.874510
0.882353
0.905882
0.882353
0.866667
0.862745
0.854902
0.847059
0.839216
0.835294
0.827451
0.831373
0.847059
0.870588
0.890196
0.878431
0.462745
0.435294
0.474510
0.470588
0.627451
0.917647
0.964706
0.929412
0.905882
0.886275
0.866667
0.854902
0.847059
0.847059
0.850980
0.858824
0.870588
0.878431
0.898039
0.866667
0.854902
0.847059
0.839216
0.831373
0.819608
0.807843
0.803922
0.807843
0.823529
0.850980
0.878431
0.870588
0.490196
0.533333
0.533333
0.450980
0.474510
0.701961
0.972549
0.952941
0.929412
0.901961
0.878431
0.866667
0.858824
0.850980
0.854902
0.866667
0.878431
0.886275
0.905882
0.878431
0.858824
0.850980
0.839216
0.831373
0.811765
0.796078
0.796078
0.800000
0.815686
0.835294
0.870588
0.898039
0.631373
0.501961
0.466667
0.411765
0.458824
0.490196
0.847059
0.976471
0.937255
0.913725
0.894118
0.878431
0.870588
0.858824
0.862745
0.870588
0.882353
0.890196
0.913725
0.882353
0.858824
0.847059
0.835294
0.819608
0.803922
0.788235
0.784314
0.788235
0.800000
0.819608
0.850980
0.898039
0.823529
0.525490
0.396078
0.400000
0.431373
0.419608
0.635294
0.960784
0.949020
0.917647
0.894118
0.878431
0.866667
0.858824
0.858824
0.866667
0.882353
0.890196
0.913725
0.870588
0.850980
0.843137
0.827451
0.811765
0.792157
0.780392
0.772549
0.772549
0.788235
0.803922
0.835294
0.878431
0.913725
0.592157
0.392157
0.392157
0.396078
0.419608
0.470588
0.886275
0.968627
0.925490
0.901961
0.882353
0.866667
0.858824
0.858824
0.866667
0.878431
0.890196
0.909804
0.882353
0.854902
0.843137
0.823529
0.807843
0.788235
0.768627
0.760784
0.764706
0.776471
0.796078
0.823529
0.862745
0.909804
0.631373
0.400000
0.352941
0.380392
0.423529
0.407843
0.780392
0.984314
0.937255
0.913725
0.890196
0.866667
0.854902
0.858824
0.866667
0.878431
0.886275
0.909804
0.882353
0.858824
0.843137
0.823529
0.807843
0.788235
0.768627
0.756863
0.756863
0.768627
0.784314
0.811765
0.847059
0.905882
0.705882
0.435294
0.321569
0.349020
0.403922
0.407843
0.654902
0.980392
0.949020
0.917647
0.894118
0.874510
0.858824
0.858824
0.862745
0.874510
0.886275
0.909804
0.890196
0.866667
0.847059
0.827451
0.811765
0.792157
0.772549
0.756863
0.749020
0.756863
0.772549
0.800000
0.831373
0.886275
0.839216
0.494118
0.333333
0.341176
0.341176
0.396078
0.537255
0.956863
0.956863
0.925490
0.898039
0.874510
0.862745
0.858824
0.862745
0.870588
0.882353
0.909804
0.894118
0.870588
0.850980
0.827451
0.811765
0.792157
0.772549
0.756863
0.745098
0.749020
0.756863
0.780392
0.815686
0.854902
0.901961
0.639216
0.360784
0.345098
0.321569
0.337255
0.435294
0.913725
0.960784
0.921569
0.898039
0.874510
0.858824
0.858824
0.862745
0.870588
0.882353
0.909804
0.890196
0.866667
0.854902
0.831373
0.811765
0.792157
0.772549
0.756863
0.745098
0.745098
0.752941
0.772549
0.800000
0.831373
0.878431
0.807843
0.450980
0.352941
0.317647
0.274510
0.352941
0.850980
0.964706
0.925490
0.901961
0.878431
0.862745
0.862745
0.866667
0.874510
0.882353
0.909804
0.894118
0.866667
0.854902
0.835294
0.811765
0.796078
0.776471
0.756863
0.745098
0.741176
0.749020
0.764706
0.788235
0.815686
0.847059
0.898039
0.674510
0.360784
0.274510
0.254902
0.349020
0.854902
0.964706
0.933333
0.909804
0.890196
0.874510
0.870588
0.874510
0.878431
0.886275
0.913725
0.894118
0.866667
0.854902
0.835294
0.815686
0.800000
0.776471
0.760784
0.745098
0.741176
0.745098
0.752941
0.772549
0.796078
0.827451
0.870588
0.839216
0.450980
0.286275
0.278431
0.396078
0.886275
0.964706
0.937255
0.921569
0.901961
0.890196
0.882353
0.882353
0.886275
0.894118
0.921569
0.890196
0.866667
0.850980
0.831373
0.819608
0.803922
0.780392
0.768627
0.756863
0.749020
0.749020
0.749020
0.760784
0.784314
0.807843
0.839216
0.866667
0.537255
0.356863
0.305882
0.309804
0.737255
0.968627
0.941176
0.929412
0.913725
0.905882
0.894118
0.894118
0.901961
0.909804
0.933333
0.886275
0.858824
0.847059
0.827451
0.811765
0.800000
0.788235
0.776471
0.764706
0.752941
0.752941
0.745098
0.749020
0.768627
0.792157
0.815686
0.847059
0.643137
0.572549
0.282353
0.266667
0.576471
0.952941
0.941176
0.933333
0.921569
0.909804
0.909804
0.913725
0.921569
0.925490
0.941176
0.882353
0.854902
0.839216
0.819608
0.807843
0.796078
0.788235
0.776471
0.768627
0.756863
0.749020
0.741176
0.745098
0.756863
0.776471
0.796078
0.827451
0.709804
0.803922
0.345098
0.180392
0.498039
0.937255
0.941176
0.937255
0.929412
0.921569
0.921569
0.925490
0.929412
0.933333
0.949020
0.878431
0.847059
0.831373
0.819608
0.807843
0.800000
0.796078
0.788235
0.776471
0.768627
0.756863
0.745098
0.745098
0.749020
0.764706
0.784314
0.815686
0.725490
0.854902
0.631373
0.321569
0.592157
0.941176
0.937255
0.937255
0.937255
0.933333
0.933333
0.937255
0.941176
0.941176
0.960784
0.878431
0.847059
0.831373
0.815686
0.807843
0.803922
0.803922
0.800000
0.788235
0.780392
0.764706
0.752941
0.752941
0.749020
0.764706
0.780392
0.807843
0.729412
0.839216
0.890196
0.835294
0.870588
0.937255
0.937255
0.933333
0.941176
0.941176
0.941176
0.945098
0.949020
0.949020
0.964706
0.882353
0.847059
0.831373
0.819608
0.815686
0.811765
0.815686
0.811765
0.807843
0.800000
0.784314
0.768627
0.764706
0.760784
0.772549
0.780392
0.803922
0.725490
0.835294
0.874510
0.898039
0.917647
0.933333
0.929412
0.929412
0.937255
0.941176
0.945098
0.952941
0.952941
0.952941
0.968627
0.886275
0.854902
0.839216
0.835294
0.831373
0.827451
0.827451
0.831373
0.823529
0.819608
0.807843
0.792157
0.784314
0.788235
0.796078
0.803922
0.831373
0.717647
0.847059
0.890196
0.858824
0.901961
0.937255
0.933333
0.925490
0.933333
0.941176
0.952941
0.956863
0.960784
0.960784
0.976471
0.890196
0.858824
0.843137
0.839216
0.839216
0.843137
0.850980
0.854902
0.854902
0.858824
0.835294
0.819608
0.800000
0.780392
0.760784
0.745098
0.737255
0.490196
0.592157
0.709804
0.674510
0.843137
0.937255
0.937255
0.925490
0.929412
0.941176
0.952941
0.956863
0.960784
0.964706
0.976471
0.925490
0.890196
0.882353
0.882353
0.874510
0.870588
0.874510
0.870588
0.870588
0.647059
0.400000
0.380392
0.337255
0.298039
0.254902
0.231373
0.207843
0.117647
0.113725
0.156863
0.168627
0.600000
0.898039
0.921569
0.921569
0.921569
0.933333
0.949020
0.956863
0.960784
0.964706
0.976471
0.733333
0.670588
0.666667
0.619608
0.576471
0.513725
0.466667
0.411765
0.388235
0.192157
0.043137
0.043137
0.043137
0.054902
0.074510
0.090196
0.121569
0.121569
0.145098
0.184314
0.223529
0.317647
0.749020
0.917647
0.909804
0.901961
0.937255
0.952941
0.960784
0.964706
0.964706
0.980392
0.223529
0.200000
0.180392
0.129412
0.121569
0.105882
0.117647
0.160784
0.172549
0.149020
0.172549
0.188235
0.258824
0.274510
0.301961
0.317647
0.356863
0.388235
0.447059
0.513725
0.576471
0.376471
0.482353
0.854902
0.921569
0.862745
0.913725
0.956863
0.964706
0.972549
0.976471
0.992157
0.250980
0.250980
0.274510
0.313725
0.325490
0.341176
0.376471
0.427451
0.450980
0.400000
0.403922
0.360784
0.329412
0.435294
0.482353
0.498039
0.435294
0.549020
0.639216
0.670588
0.686275
0.580392
0.388235
0.662745
0.917647
0.917647
0.921569
0.949020
0.968627
0.976471
0.980392
1.000000
0.427451
0.415686
0.458824
0.482353
0.541176
0.552941
0.498039
0.494118
0.486275
0.541176
0.560784
0.623529
0.454902
0.552941
0.662745
0.639216
0.521569
0.627451
0.737255
0.745098
0.752941
0.737255
0.572549
0.486275
0.823529
0.956863
0.941176
0.937255
0.964706
0.984314
0.984314
1.000000
0.905882
0.901961
0.917647
0.933333
0.941176
0.945098
0.945098
0.945098
0.941176
0.937255
0.933333
0.929412
0.925490
0.921569
0.925490
0.921569
0.913725
0.905882
0.894118
0.882353
0.866667
0.862745
0.858824
0.866667
0.870588
0.874510
0.882353
0.886275
0.894118
0.901961
0.909804
0.933333
0.886275
0.882353
0.898039
0.909804
0.917647
0.917647
0.921569
0.921569
0.921569
0.921569
0.921569
0.917647
0.917647
0.917647
0.917647
0.913725
0.909804
0.898039
0.882353
0.866667
0.854902
0.847059
0.843137
0.847059
0.847059
0.854902
0.862745
0.870588
0.878431
0.886275
0.894118
0.917647
0.890196
0.882353
0.890196
0.901961
0.909804
0.909804
0.913725
0.917647
0.921569
0.921569
0.925490
0.925490
0.929412
0.945098
0.945098
0.933333
0.921569
0.909804
0.894118
0.878431
0.862745
0.850980
0.843137
0.847059
0.847059
0.850980
0.858824
0.866667
0.878431
0.886275
0.894118
0.913725
0.870588
0.862745
0.874510
0.882353
0.886275
0.890196
0.894118
0.898039
0.905882
0.925490
0.941176
0.949020
0.913725
0.788235
0.741176
0.886275
0.945098
0.925490
0.913725
0.894118
0.874510
0.858824
0.847059
0.847059
0.847059
0.847059
0.854902
0.862745
0.866667
0.878431
0.890196
0.905882
0.847059
0.839216
0.850980
0.858824
0.866667
0.878431
0.882353
0.882353
0.874510
0.807843
0.721569
0.666667
0.596078
0.498039
0.450980
0.670588
0.941176
0.941176
0.925490
0.905882
0.886275
0.870588
0.858824
0.850980
0.850980
0.850980
0.858824
0.866667
0.870588
0.878431
0.890196
0.913725
0.870588
0.858824
0.866667
0.866667
0.870588
0.874510
0.870588
0.874510
0.862745
0.784314
0.733333
0.709804
0.717647
0.698039
0.529412
0.501961
0.815686
0.972549
0.941176
0.921569
0.901961
0.882353
0.870588
0.858824
0.854902
0.858824
0.858824
0.862745
0.870588
0.878431
0.890196
0.913725
0.894118
0.878431
0.878431
0.870588
0.862745
0.862745
0.858824
0.858824
0.862745
0.878431
0.898039
0.921569
0.941176
0.662745
0.415686
0.447059
0.623529
0.913725
0.964706
0.933333
0.913725
0.890196
0.878431
0.862745
0.854902
0.854902
0.854902
0.858824
0.866667
0.874510
0.882353
0.905882
0.882353
0.866667
0.862745
0.854902
0.847059
0.839216
0.835294
0.835294
0.835294
0.843137
0.858824
0.890196
0.878431
0.454902
0.423529
0.466667
0.466667
0.623529
0.913725
0.960784
0.929412
0.905882
0.886275
0.866667
0.854902
0.847059
0.847059
0.850980
0.858824
0.870588
0.878431
0.898039
0.866667
0.854902
0.847059
0.839216
0.831373
0.819608
0.807843
0.811765
0.815686
0.823529
0.843137
0.882353
0.874510
0.478431
0.517647
0.521569
0.450980
0.470588
0.698039
0.972549
0.952941
0.929412
0.901961
0.878431
0.866667
0.858824
0.850980
0.854902
0.866667
0.878431
0.886275
0.905882
0.878431
0.858824
0.850980
0.839216
0.831373
0.811765
0.796078
0.796078
0.800000
0.815686
0.835294
0.870588
0.898039
0.627451
0.490196
0.458824
0.407843
0.454902
0.486275
0.847059
0.976471
0.937255
0.913725
0.894118
0.878431
0.870588
0.858824
0.862745
0.870588
0.882353
0.890196
0.913725
0.882353
0.858824
0.847059
0.835294
0.819608
0.803922
0.788235
0.784314
0.788235
0.800000
0.819608
0.850980
0.898039
0.819608
0.513725
0.388235
0.396078
0.427451
0.415686
0.631373
0.960784
0.949020
0.917647
0.894118
0.878431
0.866667
0.858824
0.858824
0.866667
0.882353
0.890196
0.913725
0.870588
0.850980
0.843137
0.827451
0.811765
0.792157
0.780392
0.772549
0.772549
0.788235
0.803922
0.835294
0.874510
0.905882
0.576471
0.384314
0.388235
0.392157
0.415686
0.470588
0.886275
0.968627
0.925490
0.901961
0.882353
0.866667
0.858824
0.858824
0.866667
0.878431
0.890196
0.909804
0.882353
0.854902
0.843137
0.823529
0.807843
0.788235
0.768627
0.760784
0.764706
0.776471
0.796078
0.823529
0.862745
0.901961
0.615686
0.392157
0.349020
0.376471
0.419608
0.407843
0.780392
0.984314
0.937255
0.913725
0.890196
0.866667
0.854902
0.858824
0.866667
0.878431
0.886275
0.909804
0.882353
0.858824
0.843137
0.823529
0.807843
0.788235
0.768627
0.756863
0.756863
0.768627
0.784314
0.811765
0.847059
0.901961
0.698039
0.427451
0.317647
0.345098
0.396078
0.407843
0.654902
0.980392
0.949020
0.917647
0.894118
0.874510
0.858824
0.858824
0.862745
0.874510
0.886275
0.909804
0.890196
0.866667
0.847059
0.827451
0.811765
0.792157
0.772549
0.756863
0.749020
0.756863
0.772549
0.800000
0.831373
0.886275
0.839216
0.494118
0.333333
0.337255
0.337255
0.392157
0.537255
0.956863
0.956863
0.925490
0.898039
0.874510
0.862745
0.858824
0.862745
0.870588
0.882353
0.909804
0.894118
0.870588
0.850980
0.827451
0.811765
0.792157
0.772549
0.756863
0.745098
0.749020
0.756863
0.780392
0.815686
0.854902
0.901961
0.639216
0.356863
0.341176
0.317647
0.333333
0.439216
0.913725
0.960784
0.921569
0.898039
0.874510
0.858824
0.858824
0.862745
0.870588
0.882353
0.909804
0.890196
0.866667
0.854902
0.831373
0.811765
0.792157
0.772549
0.756863
0.745098
0.745098
0.752941
0.772549
0.800000
0.831373
0.882353
0.807843
0.447059
0.349020
0.313725
0.274510
0.352941
0.850980
0.964706
0.925490
0.901961
0.878431
0.862745
0.862745
0.866667
0.874510
0.882353
0.909804
0.894118
0.866667
0.854902
0.835294
0.811765
0.796078
0.776471
0.756863
0.745098
0.741176
0.749020
0.764706
0.788235
0.815686
0.847059
0.894118
0.670588
0.356863
0.274510
0.254902
0.349020
0.854902
0.964706
0.933333
0.909804
0.890196
0.874510
0.870588
0.874510
0.878431
0.886275
0.913725
0.894118
0.866667
0.854902
0.835294
0.815686
0.800000
0.776471
0.760784
0.745098
0.741176
0.745098
0.752941
0.772549
0.796078
0.827451
0.866667
0.835294
0.450980
0.290196
0.282353
0.396078
0.886275
0.964706
0.937255
0.921569
0.901961
0.890196
0.882353
0.882353
0.886275
0.894118
0.921569
0.890196
0.866667
0.850980
0.831373
0.819608
0.803922
0.780392
0.768627
0.756863
0.749020
0.749020
0.749020
0.760784
0.784314
0.807843
0.839216
0.866667
0.537255
0.360784
0.309804
0.309804
0.741176
0.968627
0.941176
0.929412
0.913725
0.905882
0.894118
0.894118
0.901961
0.909804
0.933333
0.886275
0.858824
0.847059
0.827451
0.811765
0.800000
0.788235
0.776471
0.764706
0.752941
0.752941
0.745098
0.749020
0.768627
0.792157
0.815686
0.843137
0.643137
0.576471
0.286275
0.266667
0.576471
0.952941
0.941176
0.933333
0.921569
0.909804
0.909804
0.913725
0.921569
0.925490
0.941176
0.882353
0.854902
0.839216
0.819608
0.807843
0.796078
0.788235
0.776471
0.768627
0.756863
0.749020
0.741176
0.745098
0.756863
0.776471
0.796078
0.827451
0.709804
0.807843
0.349020
0.180392
0.498039
0.937255
0.941176
0.937255
0.929412
0.921569
0.921569
0.925490
0.929412
0.933333
0.949020
0.878431
0.847059
0.831373
0.819608
0.807843
0.800000
0.796078
0.788235
0.776471
0.768627
0.756863
0.745098
0.745098
0.749020
0.764706
0.784314
0.815686
0.729412
0.858824
0.631373
0.321569
0.592157
0.941176
0.933333
0.937255
0.937255
0.933333
0.933333
0.937255
0.941176
0.941176
0.960784
0.878431
0.847059
0.831373
0.815686
0.807843
0.803922
0.803922
0.800000
0.788235
0.780392
0.764706
0.752941
0.752941
0.749020
0.764706
0.780392
0.807843
0.729412
0.843137
0.890196
0.835294
0.866667
0.925490
0.933333
0.933333
0.941176
0.941176
0.941176
0.945098
0.949020
0.949020
0.964706
0.882353
0.847059
0.831373
0.819608
0.815686
0.811765
0.815686
0.811765
0.807843
0.800000
0.784314
0.768627
0.764706
0.760784
0.772549
0.780392
0.803922
0.725490
0.831373
0.874510
0.898039
0.913725
0.913725
0.921569
0.933333
0.937255
0.941176
0.945098
0.952941
0.952941
0.952941
0.968627
0.886275
0.854902
0.839216
0.835294
0.831373
0.827451
0.827451
0.831373
0.823529
0.819608
0.807843
0.792157
0.784314
0.788235
0.796078
0.803922
0.831373
0.717647
0.847059
0.894118
0.862745
0.898039
0.921569
0.921569
0.925490
0.933333
0.941176
0.949020
0.956863
0.960784
0.960784
0.976471
0.890196
0.858824
0.843137
0.839216
0.839216
0.843137
0.850980
0.854902
0.854902
0.858824
0.835294
0.819608
0.803922
0.784314
0.760784
0.749020
0.737255
0.490196
0.596078
0.713725
0.674510
0.839216
0.925490
0.929412
0.925490
0.929412
0.941176
0.949020
0.956863
0.960784
0.964706
0.976471
0.925490
0.890196
0.882353
0.882353
0.874510
0.870588
0.874510
0.870588
0.870588
0.650980
0.400000
0.380392
0.341176
0.301961
0.258824
0.235294
0.211765
0.121569
0.117647
0.160784
0.172549
0.600000
0.886275
0.917647
0.921569
0.921569
0.933333
0.949020
0.956863
0.960784
0.964706
0.976471
0.733333
0.670588
0.666667
0.619608
0.576471
0.513725
0.466667
0.415686
0.392157
0.196078
0.047059
0.050980
0.050980
0.058824
0.078431
0.094118
0.129412
0.125490
0.149020
0.188235
0.219608
0.313725
0.741176
0.909804
0.901961
0.894118
0.925490
0.949020
0.960784
0.964706
0.964706
0.980392
0.227451
0.203922
0.184314
0.133333
0.125490
0.109804
0.121569
0.164706
0.176471
0.152941
0.176471
0.196078
0.266667
0.278431
0.305882
0.321569
0.360784
0.392157
0.450980
0.513725
0.572549
0.372549
0.482353
0.847059
0.909804
0.850980
0.901961
0.949020
0.964706
0.972549
0.976471
0.992157
0.258824
0.258824
0.282353
0.317647
0.329412
0.345098
0.380392
0.431373
0.454902
0.407843
0.407843
0.368627
0.337255
0.439216
0.486275
0.501961
0.435294
0.549020
0.635294
0.666667
0.682353
0.576471
0.384314
0.654902
0.905882
0.905882
0.909804
0.941176
0.968627
0.976471
0.980392
1.000000
0.431373
0.419608
0.466667
0.486275
0.545098
0.556863
0.501961
0.501961
0.494118
0.549020
0.568627
0.631373
0.462745
0.560784
0.666667
0.639216
0.513725
0.619608
0.725490
0.737255
0.749020
0.733333
0.568627
0.478431
0.811765
0.945098
0.929412
0.933333
0.964706
0.984314
0.984314
1.000000
0.905882
0.901961
0.917647
0.933333
0.941176
0.945098
0.945098
0.949020
0.949020
0.945098
0.941176
0.933333
0.925490
0.921569
0.921569
0.925490
0.921569
0.913725
0.901961
0.890196
0.874510
0.870588
0.866667
0.874510
0.878431
0.882353
0.890196
0.894118
0.901961
0.909804
0.917647
0.941176
0.886275
0.882353
0.898039
0.909804
0.917647
0.917647
0.921569
0.929412
0.929412
0.929412
0.929412
0.921569
0.917647
0.917647
0.917647
0.917647
0.917647
0.905882
0.890196
0.874510
0.862745
0.854902
0.850980
0.854902
0.854902
0.862745
0.870588
0.878431
0.886275
0.894118
0.901961
0.925490
0.890196
0.882353
0.890196
0.901961
0.909804
0.909804
0.913725
0.921569
0.929412
0.929412
0.933333
0.929412
0.933333
0.945098
0.945098
0.937255
0.929412
0.917647
0.901961
0.886275
0.870588
0.858824
0.850980
0.854902
0.854902
0.858824
0.866667
0.874510
0.886275
0.894118
0.901961
0.921569
0.870588
0.862745
0.874510
0.882353
0.886275
0.890196
0.894118
0.901961
0.913725
0.929412
0.941176
0.945098
0.905882
0.784314
0.737255
0.890196
0.952941
0.933333
0.921569
0.901961
0.882353
0.866667
0.854902
0.854902
0.854902
0.854902
0.862745
0.870588
0.874510
0.886275
0.898039
0.913725
0.847059
0.839216
0.850980
0.858824
0.866667
0.874510
0.882353
0.894118
0.878431
0.792157
0.690196
0.627451
0.556863
0.470588
0.431373
0.658824
0.937255
0.949020
0.941176
0.913725
0.890196
0.870588
0.858824
0.854902
0.850980
0.850980
0.858824
0.866667
0.870588
0.878431
0.890196
0.913725
0.870588
0.858824
0.866667
0.866667
0.870588
0.874510
0.870588
0.882353
0.862745
0.768627
0.701961
0.670588
0.678431
0.662745
0.505882
0.486275
0.803922
0.972549
0.952941
0.925490
0.898039
0.882353
0.870588
0.858824
0.854902
0.854902
0.858824
0.862745
0.870588
0.878431
0.890196
0.913725
0.894118
0.878431
0.878431
0.870588
0.862745
0.862745
0.858824
0.858824
0.862745
0.870588
0.886275
0.901961
0.917647
0.639216
0.392157
0.427451
0.607843
0.905882
0.964706
0.937255
0.913725
0.890196
0.878431
0.862745
0.854902
0.854902
0.854902
0.858824
0.866667
0.874510
0.882353
0.905882
0.882353
0.866667
0.862745
0.854902
0.847059
0.839216
0.835294
0.827451
0.831373
0.843137
0.862745
0.886275
0.866667
0.435294
0.400000
0.439216
0.447059
0.607843
0.905882
0.960784
0.929412
0.905882
0.886275
0.866667
0.854902
0.847059
0.847059
0.850980
0.858824
0.870588
0.878431
0.898039
0.866667
0.854902
0.847059
0.839216
0.831373
0.819608
0.807843
0.803922
0.811765
0.827451
0.854902
0.886275
0.870588
0.466667
0.494118
0.494118
0.427451
0.454902
0.686275
0.968627
0.952941
0.929412
0.901961
0.878431
0.866667
0.858824
0.850980
0.854902
0.866667
0.878431
0.886275
0.905882
0.878431
0.858824
0.850980
0.839216
0.831373
0.811765
0.796078
0.796078
0.800000
0.815686
0.839216
0.874510
0.894118
0.607843
0.458824
0.435294
0.392157
0.439216
0.470588
0.839216
0.976471
0.937255
0.913725
0.894118
0.878431
0.870588
0.858824
0.862745
0.870588
0.882353
0.890196
0.913725
0.882353
0.858824
0.847059
0.835294
0.819608
0.803922
0.788235
0.784314
0.788235
0.800000
0.819608
0.854902
0.894118
0.800000
0.482353
0.364706
0.380392
0.411765
0.400000
0.627451
0.960784
0.949020
0.917647
0.894118
0.878431
0.866667
0.858824
0.858824
0.866667
0.882353
0.890196
0.913725
0.870588
0.850980
0.843137
0.827451
0.811765
0.792157
0.780392
0.772549
0.772549
0.788235
0.803922
0.839216
0.874510
0.890196
0.545098
0.360784
0.376471
0.376471
0.400000
0.462745
0.886275
0.968627
0.925490
0.901961
0.882353
0.866667
0.858824
0.858824
0.866667
0.878431
0.890196
0.909804
0.882353
0.854902
0.843137
0.823529
0.807843
0.788235
0.768627
0.760784
0.764706
0.776471
0.796078
0.827451
0.858824
0.882353
0.584314
0.368627
0.333333
0.360784
0.403922
0.400000
0.780392
0.980392
0.937255
0.913725
0.890196
0.866667
0.854902
0.858824
0.866667
0.878431
0.886275
0.909804
0.882353
0.858824
0.843137
0.823529
0.807843
0.788235
0.768627
0.756863
0.756863
0.768627
0.784314
0.815686
0.843137
0.890196
0.674510
0.403922
0.298039
0.329412
0.384314
0.403922
0.654902
0.980392
0.949020
0.917647
0.894118
0.874510
0.858824
0.858824
0.862745
0.874510
0.886275
0.909804
0.890196
0.866667
0.847059
0.827451
0.811765
0.792157
0.772549
0.756863
0.749020
0.756863
0.772549
0.800000
0.831373
0.886275
0.839216
0.470588
0.301961
0.317647
0.333333
0.392157
0.537255
0.956863
0.956863
0.925490
0.898039
0.874510
0.862745
0.858824
0.862745
0.870588
0.882353
0.909804
0.894118
0.870588
0.850980
0.827451
0.811765
0.792157
0.772549
0.756863
0.745098
0.749020
0.756863
0.780392
0.815686
0.854902
0.901961
0.619608
0.333333
0.325490
0.305882
0.329412
0.439216
0.913725
0.960784
0.921569
0.898039
0.874510
0.858824
0.858824
0.862745
0.870588
0.882353
0.909804
0.890196
0.866667
0.854902
0.831373
0.811765
0.792157
0.772549
0.756863
0.745098
0.745098
0.752941
0.772549
0.800000
0.831373
0.882353
0.796078
0.431373
0.329412
0.290196
0.262745
0.352941
0.850980
0.964706
0.925490
0.901961
0.878431
0.862745
0.862745
0.866667
0.874510
0.882353
0.909804
0.894118
0.866667
0.854902
0.835294
0.811765
0.796078
0.776471
0.756863
0.745098
0.741176
0.749020
0.764706
0.788235
0.815686
0.847059
0.894118
0.662745
0.337255
0.243137
0.239216
0.349020
0.854902
0.964706
0.933333
0.909804
0.890196
0.874510
0.870588
0.874510
0.878431
0.886275
0.913725
0.894118
0.866667
0.854902
0.835294
0.815686
0.800000
0.776471
0.760784
0.745098
0.741176
0.745098
0.752941
0.772549
0.796078
0.827451
0.870588
0.831373
0.435294
0.262745
0.262745
0.392157
0.886275
0.968627
0.941176
0.921569
0.901961
0.890196
0.882353
0.882353
0.886275
0.894118
0.921569
0.890196
0.866667
0.850980
0.831373
0.819608
0.803922
0.780392
0.768627
0.756863
0.749020
0.749020
0.749020
0.760784
0.784314
0.807843
0.839216
0.866667
0.529412
0.341176
0.290196
0.301961
0.741176
0.976471
0.945098
0.929412
0.913725
0.905882
0.894118
0.894118
0.901961
0.909804
0.933333
0.886275
0.858824
0.847059
0.827451
0.811765
0.800000
0.788235
0.776471
0.764706
0.752941
0.752941
0.745098
0.749020
0.768627
0.792157
0.819608
0.843137
0.635294
0.552941
0.266667
0.262745
0.580392
0.960784
0.949020
0.933333
0.921569
0.909804
0.909804
0.913725
0.921569
0.925490
0.941176
0.882353
0.854902
0.839216
0.819608
0.807843
0.796078
0.788235
0.776471
0.768627
0.756863
0.749020
0.741176
0.745098
0.756863
0.776471
0.796078
0.827451
0.701961
0.788235
0.329412
0.172549
0.498039
0.949020
0.945098
0.937255
0.929412
0.921569
0.921569
0.925490
0.929412
0.933333
0.949020
0.878431
0.847059
0.831373
0.819608
0.807843
0.800000
0.796078
0.788235
0.776471
0.768627
0.756863
0.745098
0.745098
0.749020
0.764706
0.784314
0.815686
0.717647
0.839216
0.611765
0.317647
0.592157
0.949020
0.941176
0.937255
0.937255
0.933333
0.933333
0.937255
0.941176
0.941176
0.960784
0.878431
0.847059
0.831373
0.815686
0.807843
0.803922
0.803922
0.803922
0.796078
0.788235
0.772549
0.756863
0.749020
0.749020
0.764706
0.780392
0.807843
0.725490
0.831373
0.878431
0.827451
0.862745
0.929412
0.929412
0.929412
0.941176
0.945098
0.945098
0.945098
0.949020
0.949020
0.964706
0.882353
0.847059
0.831373
0.819608
0.815686
0.811765
0.815686
0.819608
0.815686
0.807843
0.792157
0.772549
0.760784
0.760784
0.772549
0.780392
0.800000
0.725490
0.835294
0.870588
0.890196
0.905882
0.909804
0.913725
0.921569
0.937255
0.949020
0.952941
0.952941
0.952941
0.952941
0.968627
0.886275
0.854902
0.839216
0.835294
0.831373
0.827451
0.827451
0.831373
0.827451
0.819608
0.807843
0.788235
0.780392
0.784314
0.792157
0.800000
0.823529
0.713725
0.839216
0.882353
0.843137
0.882353
0.909804
0.909804
0.917647
0.933333
0.949020
0.956863
0.956863
0.960784
0.960784
0.976471
0.890196
0.858824
0.843137
0.839216
0.839216
0.843137
0.850980
0.854902
0.850980
0.854902
0.831373
0.807843
0.788235
0.768627
0.749020
0.733333
0.725490
0.474510
0.580392
0.694118
0.650980
0.819608
0.905882
0.913725
0.917647
0.929412
0.949020
0.956863
0.956863
0.960784
0.964706
0.976471
0.925490
0.890196
0.882353
0.878431
0.874510
0.870588
0.874510
0.862745
0.858824
0.639216
0.388235
0.364706
0.321569
0.282353
0.239216
0.211765
0.192157
0.098039
0.098039
0.137255
0.145098
0.572549
0.862745
0.898039
0.909804
0.917647
0.941176
0.952941
0.956863
0.960784
0.964706
0.976471
0.725490
0.662745
0.658824
0.607843
0.564706
0.501961
0.454902
0.396078
0.368627
0.172549
0.023529
0.023529
0.019608
0.039216
0.058824
0.066667
0.098039
0.098039
0.129412
0.164706
0.196078
0.294118
0.721569
0.890196
0.886275
0.878431
0.917647
0.945098
0.960784
0.964706
0.964706
0.980392
0.200000
0.176471
0.156863
0.113725
0.105882
0.090196
0.101961
0.137255
0.149020
0.125490
0.149020
0.156863
0.227451
0.254902
0.286275
0.290196
0.325490
0.368627
0.431373
0.494118
0.552941
0.356863
0.462745
0.827451
0.890196
0.831373
0.882353
0.937255
0.964706
0.972549
0.976471
0.992157
0.219608
0.219608
0.243137
0.290196
0.305882
0.321569
0.356863
0.400000
0.419608
0.372549
0.372549
0.321569
0.290196
0.407843
0.458824
0.470588
0.400000
0.525490
0.619608
0.647059
0.662745
0.556863
0.364706
0.635294
0.886275
0.886275
0.890196
0.933333
0.968627
0.976471
0.980392
1.000000
0.396078
0.384314
0.431373
0.450980
0.509804
0.521569
0.466667
0.458824
0.447059
0.501961
0.521569
0.580392
0.407843
0.517647
0.635294
0.603922
0.482353
0.596078
0.709804
0.721569
0.729412
0.713725
0.549020
0.458824
0.792157
0.925490
0.909804
0.921569
0.964706
0.984314
0.984314
1.000000
