0.298039
0.298039
0.305882
0.321569
0.341176
0.345098
0.360784
0.388235
0.388235
0.384314
0.396078
0.392157
0.388235
0.388235
0.388235
0.407843
0.411765
0.396078
0.396078
0.403922
0.407843
0.431373
0.450980
0.450980
0.407843
0.388235
0.372549
0.325490
0.290196
0.235294
0.223529
0.254902
0.294118
0.290196
0.294118
0.313725
0.321569
0.329412
0.356863
0.368627
0.368627
0.384314
0.388235
0.380392
0.364706
0.380392
0.384314
0.388235
0.392157
0.392157
0.384314
0.396078
0.396078
0.423529
0.443137
0.415686
0.396078
0.384314
0.333333
0.282353
0.239216
0.227451
0.235294
0.250980
0.290196
0.282353
0.286275
0.301961
0.317647
0.341176
0.364706
0.368627
0.376471
0.364706
0.345098
0.333333
0.349020
0.364706
0.360784
0.364706
0.380392
0.384314
0.376471
0.376471
0.372549
0.380392
0.400000
0.411765
0.380392
0.333333
0.278431
0.250980
0.235294
0.235294
0.219608
0.219608
0.282353
0.274510
0.286275
0.301961
0.325490
0.337255
0.337255
0.360784
0.360784
0.333333
0.341176
0.345098
0.341176
0.337255
0.329412
0.349020
0.360784
0.360784
0.345098
0.352941
0.352941
0.364706
0.388235
0.364706
0.317647
0.278431
0.258824
0.254902
0.247059
0.223529
0.203922
0.207843
0.278431
0.274510
0.282353
0.294118
0.305882
0.313725
0.321569
0.317647
0.317647
0.341176
0.329412
0.317647
0.309804
0.325490
0.333333
0.349020
0.349020
0.329412
0.321569
0.325490
0.360784
0.356863
0.317647
0.305882
0.262745
0.247059
0.254902
0.235294
0.227451
0.207843
0.196078
0.200000
0.278431
0.262745
0.278431
0.286275
0.286275
0.282353
0.298039
0.325490
0.333333
0.317647
0.290196
0.294118
0.309804
0.325490
0.321569
0.325490
0.321569
0.313725
0.325490
0.341176
0.337255
0.317647
0.286275
0.250980
0.250980
0.247059
0.235294
0.223529
0.219608
0.203922
0.203922
0.219608
0.258824
0.266667
0.274510
0.266667
0.254902
0.286275
0.321569
0.337255
0.294118
0.274510
0.282353
0.301961
0.305882
0.301961
0.298039
0.301961
0.313725
0.325490
0.325490
0.305882
0.262745
0.274510
0.254902
0.247059
0.278431
0.254902
0.223529
0.203922
0.203922
0.200000
0.278431
0.356863
0.274510
0.258824
0.235294
0.243137
0.266667
0.298039
0.286275
0.266667
0.254902
0.278431
0.301961
0.290196
0.278431
0.282353
0.282353
0.298039
0.305882
0.294118
0.294118
0.290196
0.266667
0.239216
0.239216
0.235294
0.219608
0.203922
0.223529
0.290196
0.223529
0.243137
0.525490
0.627451
0.227451
0.211765
0.227451
0.243137
0.258824
0.243137
0.231373
0.247059
0.278431
0.286275
0.286275
0.270588
0.270588
0.274510
0.290196
0.305882
0.286275
0.258824
0.258824
0.258824
0.247059
0.298039
0.313725
0.250980
0.270588
0.309804
0.305882
0.662745
0.552941
0.525490
0.717647
0.756863
0.200000
0.223529
0.243137
0.219608
0.211765
0.223529
0.243137
0.270588
0.278431
0.254902
0.250980
0.254902
0.258824
0.258824
0.274510
0.290196
0.282353
0.243137
0.239216
0.250980
0.278431
0.415686
0.505882
0.458824
0.431373
0.705882
0.698039
0.862745
0.913725
0.756863
0.803922
0.815686
0.227451
0.223529
0.211765
0.207843
0.223529
0.250980
0.266667
0.254902
0.247059
0.243137
0.239216
0.250980
0.250980
0.247059
0.243137
0.270588
0.274510
0.247059
0.243137
0.305882
0.360784
0.403922
0.745098
0.694118
0.376471
0.886275
0.866667
0.878431
0.882353
0.701961
0.788235
0.847059
0.207843
0.196078
0.203922
0.223529
0.239216
0.258824
0.243137
0.227451
0.223529
0.235294
0.243137
0.247059
0.243137
0.258824
0.239216
0.266667
0.329412
0.380392
0.470588
0.647059
0.419608
0.458824
0.705882
0.600000
0.341176
0.858824
0.803922
0.854902
0.847059
0.780392
0.815686
0.815686
0.184314
0.192157
0.207843
0.223529
0.223529
0.219608
0.211765
0.211765
0.223529
0.247059
0.239216
0.231373
0.254902
0.290196
0.368627
0.474510
0.658824
0.780392
0.878431
0.917647
0.764706
0.823529
0.803922
0.517647
0.352941
0.811765
0.756863
0.843137
0.862745
0.815686
0.898039
0.831373
0.180392
0.192157
0.196078
0.200000
0.200000
0.203922
0.207843
0.219608
0.231373
0.223529
0.250980
0.345098
0.458824
0.615686
0.729412
0.870588
0.886275
0.933333
0.956863
0.972549
0.968627
0.850980
0.509804
0.364706
0.647059
0.749020
0.698039
0.866667
0.847059
0.823529
0.917647
0.882353
0.184314
0.188235
0.192157
0.180392
0.184314
0.192157
0.211765
0.235294
0.286275
0.419608
0.592157
0.709804
0.819608
0.890196
0.956863
0.984314
0.980392
0.988235
0.988235
1.000000
0.949020
0.549020
0.309804
0.474510
0.839216
0.713725
0.698039
0.886275
0.847059
0.882353
0.941176
0.945098
0.188235
0.184314
0.176471
0.168627
0.180392
0.180392
0.247059
0.450980
0.647059
0.811765
0.905882
0.941176
0.976471
0.992157
0.992157
0.980392
0.984314
0.992157
0.996078
0.980392
0.964706
0.654902
0.435294
0.490196
0.631373
0.635294
0.811765
0.913725
0.894118
0.909804
0.925490
0.984314
0.184314
0.172549
0.172549
0.168627
0.184314
0.356863
0.650980
0.878431
0.933333
0.976471
0.972549
0.976471
0.976471
0.980392
0.980392
0.976471
0.996078
0.988235
0.956863
0.952941
0.968627
0.894118
0.811765
0.772549
0.772549
0.764706
0.909804
0.898039
0.909804
0.933333
0.925490
0.952941
0.168627
0.172549
0.164706
0.207843
0.482353
0.800000
0.949020
0.984314
0.980392
0.968627
0.968627
0.976471
0.976471
0.984314
0.996078
1.000000
0.972549
0.929412
0.941176
0.941176
0.905882
0.898039
0.964706
0.941176
0.913725
0.890196
0.980392
0.984314
0.992157
0.968627
0.941176
0.854902
0.172549
0.156863
0.196078
0.556863
0.886275
0.945098
0.960784
0.941176
0.933333
0.960784
0.976471
0.988235
0.996078
1.000000
0.980392
0.960784
0.964706
0.945098
0.964706
0.956863
0.945098
0.949020
0.980392
0.968627
0.945098
0.945098
0.976471
0.984314
0.984314
0.956863
0.854902
0.721569
0.152941
0.152941
0.400000
0.866667
0.886275
0.890196
0.925490
0.929412
0.952941
0.980392
0.996078
1.000000
0.984314
0.890196
0.764706
0.760784
0.886275
0.901961
0.917647
0.929412
0.952941
0.976471
0.980392
0.984314
0.976471
0.960784
0.941176
0.933333
0.917647
0.780392
0.580392
0.596078
0.149020
0.160784
0.368627
0.803922
0.870588
0.866667
0.929412
0.968627
0.988235
0.956863
0.901961
0.827451
0.776471
0.749020
0.709804
0.811765
0.921569
0.964706
0.988235
0.988235
0.976471
0.972549
0.960784
0.964706
0.949020
0.941176
0.925490
0.854902
0.709804
0.545098
0.470588
0.549020
0.160784
0.149020
0.176471
0.478431
0.768627
0.835294
0.941176
0.945098
0.898039
0.803922
0.776471
0.800000
0.870588
0.925490
0.972549
0.992157
1.000000
1.000000
0.992157
0.976471
0.949020
0.937255
0.949020
0.952941
0.917647
0.874510
0.721569
0.603922
0.517647
0.513725
0.647059
0.686275
0.137255
0.141176
0.168627
0.176471
0.384314
0.756863
0.890196
0.854902
0.843137
0.905882
0.964706
1.000000
1.000000
1.000000
0.996078
0.992157
0.988235
0.968627
0.949020
0.956863
0.949020
0.949020
0.921569
0.811765
0.713725
0.596078
0.501961
0.592157
0.737255
0.803922
0.835294
0.839216
0.149020
0.152941
0.172549
0.333333
0.592157
0.843137
0.905882
0.929412
0.968627
0.976471
0.976471
0.992157
0.996078
0.988235
0.964706
0.941176
0.921569
0.917647
0.921569
0.945098
0.945098
0.870588
0.698039
0.533333
0.443137
0.572549
0.764706
0.886275
0.878431
0.874510
0.839216
0.800000
0.152941
0.215686
0.490196
0.764706
0.909804
0.949020
0.956863
0.956863
0.964706
0.980392
0.976471
0.968627
0.964706
0.945098
0.933333
0.905882
0.913725
0.929412
0.925490
0.862745
0.729412
0.603922
0.568627
0.643137
0.725490
0.886275
0.905882
0.901961
0.901961
0.866667
0.800000
0.764706
0.141176
0.474510
0.870588
0.901961
0.929412
0.952941
0.952941
0.941176
0.952941
0.956863
0.937255
0.917647
0.913725
0.909804
0.921569
0.929412
0.937255
0.878431
0.725490
0.623529
0.662745
0.768627
0.796078
0.788235
0.725490
0.756863
0.800000
0.800000
0.776471
0.737255
0.745098
0.737255
0.137255
0.364706
0.811765
0.882353
0.909804
0.905882
0.874510
0.882353
0.882353
0.886275
0.890196
0.890196
0.898039
0.905882
0.894118
0.835294
0.768627
0.725490
0.733333
0.792157
0.768627
0.607843
0.415686
0.372549
0.298039
0.294118
0.400000
0.458824
0.372549
0.364706
0.474510
0.541176
0.137255
0.156863
0.462745
0.780392
0.819608
0.800000
0.760784
0.815686
0.843137
0.866667
0.890196
0.886275
0.866667
0.815686
0.752941
0.698039
0.725490
0.780392
0.709804
0.537255
0.321569
0.219608
0.176471
0.203922
0.188235
0.176471
0.164706
0.219608
0.192157
0.188235
0.250980
0.254902
0.133333
0.133333
0.152941
0.423529
0.725490
0.815686
0.823529
0.819608
0.823529
0.831373
0.839216
0.807843
0.807843
0.819608
0.745098
0.631373
0.462745
0.282353
0.164706
0.125490
0.149020
0.184314
0.203922
0.235294
0.172549
0.196078
0.192157
0.200000
0.184314
0.172549
0.164706
0.149020
0.125490
0.129412
0.121569
0.152941
0.317647
0.541176
0.682353
0.737255
0.756863
0.749020
0.725490
0.686275
0.584314
0.458824
0.301961
0.156863
0.098039
0.074510
0.101961
0.133333
0.160784
0.164706
0.168627
0.172549
0.164706
0.180392
0.172549
0.152941
0.152941
0.149020
0.137255
0.145098
0.121569
0.121569
0.121569
0.121569
0.129412
0.156863
0.223529
0.309804
0.345098
0.325490
0.258824
0.188235
0.133333
0.086275
0.086275
0.082353
0.082353
0.101961
0.121569
0.133333
0.137255
0.133333
0.133333
0.133333
0.149020
0.152941
0.137255
0.125490
0.133333
0.129412
0.121569
0.129412
0.113725
0.117647
0.113725
0.105882
0.109804
0.101961
0.086275
0.078431
0.062745
0.062745
0.058824
0.070588
0.070588
0.082353
0.086275
0.086275
0.101961
0.098039
0.101961
0.105882
0.113725
0.121569
0.133333
0.133333
0.125490
0.129412
0.117647
0.121569
0.125490
0.125490
0.113725
0.121569
0.380392
0.384314
0.388235
0.400000
0.415686
0.407843
0.423529
0.443137
0.439216
0.439216
0.450980
0.447059
0.443137
0.443137
0.447059
0.462745
0.466667
0.454902
0.454902
0.462745
0.462745
0.486275
0.505882
0.505882
0.462745
0.443137
0.435294
0.396078
0.372549
0.341176
0.325490
0.345098
0.380392
0.376471
0.380392
0.392157
0.396078
0.396078
0.423529
0.431373
0.431373
0.443137
0.447059
0.443137
0.427451
0.443137
0.450980
0.454902
0.458824
0.458824
0.450980
0.462745
0.462745
0.486275
0.501961
0.474510
0.454902
0.447059
0.403922
0.360784
0.325490
0.325490
0.337255
0.349020
0.376471
0.368627
0.372549
0.384314
0.396078
0.411765
0.431373
0.435294
0.443137
0.435294
0.411765
0.400000
0.415686
0.431373
0.431373
0.439216
0.450980
0.454902
0.447059
0.450980
0.443137
0.447059
0.458824
0.466667
0.439216
0.407843
0.360784
0.337255
0.325490
0.329412
0.317647
0.321569
0.368627
0.360784
0.372549
0.388235
0.407843
0.415686
0.407843
0.427451
0.427451
0.400000
0.407843
0.411765
0.407843
0.403922
0.400000
0.419608
0.431373
0.431373
0.415686
0.423529
0.419608
0.431373
0.450980
0.427451
0.380392
0.356863
0.345098
0.345098
0.337255
0.313725
0.294118
0.305882
0.364706
0.360784
0.368627
0.380392
0.392157
0.392157
0.392157
0.388235
0.384314
0.407843
0.400000
0.388235
0.380392
0.396078
0.403922
0.419608
0.419608
0.400000
0.396078
0.400000
0.431373
0.427451
0.388235
0.376471
0.333333
0.333333
0.345098
0.325490
0.313725
0.294118
0.282353
0.286275
0.364706
0.352941
0.368627
0.380392
0.372549
0.364706
0.372549
0.400000
0.407843
0.392157
0.364706
0.368627
0.380392
0.400000
0.396078
0.403922
0.400000
0.392157
0.403922
0.419608
0.415686
0.392157
0.356863
0.321569
0.321569
0.333333
0.325490
0.305882
0.294118
0.286275
0.278431
0.286275
0.345098
0.356863
0.368627
0.360784
0.345098
0.372549
0.403922
0.411765
0.368627
0.349020
0.356863
0.376471
0.380392
0.376471
0.376471
0.380392
0.392157
0.403922
0.403922
0.384314
0.341176
0.349020
0.329412
0.317647
0.352941
0.337255
0.305882
0.278431
0.274510
0.278431
0.345098
0.403922
0.360784
0.349020
0.329412
0.337255
0.360784
0.384314
0.368627
0.341176
0.329412
0.352941
0.376471
0.364706
0.356863
0.360784
0.364706
0.376471
0.384314
0.372549
0.372549
0.364706
0.345098
0.317647
0.317647
0.313725
0.298039
0.286275
0.301961
0.356863
0.282353
0.321569
0.584314
0.662745
0.313725
0.301961
0.321569
0.352941
0.360784
0.337255
0.317647
0.329412
0.352941
0.356863
0.360784
0.345098
0.349020
0.352941
0.352941
0.364706
0.360784
0.345098
0.333333
0.329412
0.321569
0.372549
0.364706
0.294118
0.317647
0.368627
0.345098
0.694118
0.572549
0.552941
0.733333
0.776471
0.290196
0.313725
0.337255
0.333333
0.317647
0.313725
0.329412
0.360784
0.356863
0.325490
0.325490
0.329412
0.337255
0.341176
0.345098
0.352941
0.356863
0.341176
0.313725
0.305882
0.329412
0.458824
0.513725
0.447059
0.423529
0.729412
0.682353
0.854902
0.886275
0.729412
0.768627
0.807843
0.317647
0.313725
0.301961
0.298039
0.309804
0.325490
0.349020
0.349020
0.333333
0.321569
0.325490
0.337255
0.337255
0.341176
0.368627
0.364706
0.345098
0.321569
0.309804
0.341176
0.372549
0.400000
0.717647
0.647059
0.337255
0.862745
0.827451
0.858824
0.850980
0.674510
0.749020
0.807843
0.298039
0.286275
0.290196
0.294118
0.313725
0.325490
0.321569
0.321569
0.313725
0.317647
0.337255
0.341176
0.329412
0.337255
0.349020
0.333333
0.345098
0.376471
0.458824
0.647059
0.403922
0.431373
0.658824
0.541176
0.282353
0.784314
0.725490
0.815686
0.811765
0.741176
0.780392
0.768627
0.274510
0.278431
0.294118
0.298039
0.301961
0.294118
0.290196
0.298039
0.305882
0.321569
0.325490
0.313725
0.317647
0.337255
0.384314
0.458824
0.611765
0.701961
0.749020
0.819608
0.705882
0.788235
0.764706
0.466667
0.298039
0.701961
0.647059
0.792157
0.823529
0.776471
0.850980
0.792157
0.266667
0.278431
0.282353
0.294118
0.290196
0.294118
0.286275
0.290196
0.298039
0.286275
0.309804
0.392157
0.486275
0.623529
0.678431
0.800000
0.811765
0.866667
0.898039
0.921569
0.964706
0.866667
0.494118
0.337255
0.611765
0.615686
0.568627
0.807843
0.800000
0.796078
0.878431
0.847059
0.266667
0.270588
0.282353
0.286275
0.286275
0.282353
0.282353
0.278431
0.329412
0.454902
0.615686
0.721569
0.815686
0.870588
0.905882
0.941176
0.941176
0.968627
0.988235
0.964706
0.901961
0.521569
0.286275
0.443137
0.792157
0.568627
0.560784
0.827451
0.800000
0.862745
0.921569
0.898039
0.266667
0.262745
0.258824
0.266667
0.266667
0.250980
0.290196
0.466667
0.662745
0.815686
0.901961
0.933333
0.960784
0.972549
0.984314
0.976471
0.980392
0.984314
0.968627
0.882353
0.800000
0.541176
0.388235
0.435294
0.556863
0.498039
0.678431
0.858824
0.835294
0.898039
0.913725
0.921569
0.262745
0.250980
0.254902
0.247059
0.235294
0.380392
0.654902
0.870588
0.917647
0.956863
0.960784
0.964706
0.964706
0.972549
0.988235
0.980392
0.968627
0.921569
0.847059
0.815686
0.803922
0.760784
0.721569
0.682353
0.650980
0.635294
0.784314
0.847059
0.854902
0.921569
0.890196
0.870588
0.247059
0.247059
0.239216
0.258824
0.505882
0.796078
0.937255
0.972549
0.964706
0.941176
0.956863
0.972549
0.976471
0.984314
0.984314
0.984314
0.905882
0.803922
0.776471
0.784314
0.776471
0.776471
0.827451
0.811765
0.764706
0.780392
0.890196
0.941176
0.941176
0.937255
0.890196
0.784314
0.235294
0.219608
0.247059
0.576471
0.890196
0.933333
0.960784
0.956863
0.941176
0.960784
0.964706
0.976471
0.984314
0.992157
0.964706
0.905882
0.886275
0.850980
0.874510
0.878431
0.862745
0.862745
0.905882
0.913725
0.901961
0.913725
0.933333
0.933333
0.921569
0.917647
0.811765
0.678431
0.203922
0.211765
0.447059
0.874510
0.882353
0.874510
0.909804
0.925490
0.945098
0.968627
0.976471
0.980392
0.960784
0.862745
0.749020
0.709804
0.800000
0.823529
0.874510
0.886275
0.909804
0.952941
0.972549
0.960784
0.937255
0.913725
0.917647
0.909804
0.858824
0.756863
0.556863
0.572549
0.207843
0.227451
0.423529
0.815686
0.866667
0.839216
0.890196
0.929412
0.949020
0.921569
0.878431
0.807843
0.749020
0.717647
0.698039
0.772549
0.854902
0.901961
0.952941
0.960784
0.964706
0.960784
0.941176
0.933333
0.901961
0.894118
0.870588
0.807843
0.690196
0.541176
0.462745
0.529412
0.223529
0.215686
0.227451
0.498039
0.764706
0.800000
0.886275
0.890196
0.850980
0.772549
0.752941
0.776471
0.839216
0.894118
0.956863
0.968627
0.972549
0.960784
0.964706
0.952941
0.941176
0.925490
0.917647
0.909804
0.862745
0.823529
0.674510
0.568627
0.501961
0.513725
0.635294
0.666667
0.203922
0.203922
0.219608
0.200000
0.376471
0.713725
0.827451
0.796078
0.800000
0.882353
0.941176
0.976471
0.980392
0.976471
0.988235
0.984314
0.968627
0.945098
0.929412
0.925490
0.901961
0.909804
0.890196
0.772549
0.658824
0.537255
0.478431
0.584314
0.698039
0.788235
0.819608
0.815686
0.207843
0.207843
0.211765
0.349020
0.584314
0.803922
0.850980
0.882353
0.937255
0.956863
0.972549
0.984314
0.980392
0.968627
0.960784
0.949020
0.929412
0.917647
0.909804
0.901961
0.866667
0.768627
0.611765
0.505882
0.466667
0.576471
0.721569
0.835294
0.870588
0.866667
0.823529
0.784314
0.203922
0.254902
0.517647
0.772549
0.894118
0.909804
0.917647
0.933333
0.952941
0.972549
0.976471
0.968627
0.956863
0.933333
0.913725
0.901961
0.913725
0.913725
0.901961
0.811765
0.650980
0.525490
0.513725
0.607843
0.713725
0.850980
0.890196
0.898039
0.874510
0.866667
0.807843
0.780392
0.184314
0.501961
0.882353
0.898039
0.913725
0.921569
0.925490
0.941176
0.949020
0.949020
0.929412
0.905882
0.894118
0.882353
0.870588
0.886275
0.894118
0.823529
0.694118
0.580392
0.611765
0.713725
0.756863
0.772549
0.729412
0.756863
0.800000
0.803922
0.792157
0.760784
0.772549
0.780392
0.168627
0.376471
0.807843
0.870588
0.890196
0.878431
0.850980
0.870588
0.862745
0.854902
0.858824
0.858824
0.858824
0.854902
0.815686
0.764706
0.686275
0.623529
0.662745
0.752941
0.756863
0.611765
0.427451
0.392157
0.325490
0.341176
0.435294
0.490196
0.419608
0.407843
0.513725
0.596078
0.164706
0.172549
0.470588
0.776471
0.803922
0.772549
0.737255
0.792157
0.811765
0.819608
0.823529
0.815686
0.792157
0.741176
0.678431
0.635294
0.658824
0.701961
0.650980
0.509804
0.333333
0.262745
0.231373
0.247059
0.219608
0.223529
0.223529
0.278431
0.235294
0.231373
0.294118
0.305882
0.160784
0.164706
0.180392
0.431373
0.717647
0.792157
0.796078
0.796078
0.792157
0.792157
0.756863
0.709804
0.717647
0.737255
0.698039
0.592157
0.447059
0.274510
0.168627
0.137255
0.164706
0.215686
0.243137
0.270588
0.211765
0.235294
0.231373
0.239216
0.223529
0.211765
0.203922
0.188235
0.156863
0.160784
0.152941
0.168627
0.317647
0.525490
0.666667
0.725490
0.737255
0.725490
0.674510
0.631373
0.529412
0.407843
0.262745
0.129412
0.090196
0.074510
0.113725
0.149020
0.180392
0.196078
0.203922
0.207843
0.200000
0.219608
0.211765
0.192157
0.192157
0.188235
0.176471
0.184314
0.152941
0.152941
0.152941
0.149020
0.137255
0.156863
0.219608
0.305882
0.341176
0.313725
0.239216
0.172549
0.117647
0.070588
0.062745
0.066667
0.082353
0.105882
0.133333
0.145098
0.156863
0.164706
0.168627
0.168627
0.184314
0.188235
0.176471
0.164706
0.172549
0.168627
0.160784
0.164706
0.145098
0.149020
0.145098
0.137255
0.133333
0.113725
0.094118
0.086275
0.066667
0.058824
0.058824
0.070588
0.074510
0.082353
0.078431
0.078431
0.109804
0.113725
0.113725
0.121569
0.137255
0.156863
0.172549
0.172549
0.164706
0.164706
0.152941
0.156863
0.164706
0.156863
0.149020
0.152941
0.580392
0.580392
0.584314
0.596078
0.607843
0.596078
0.603922
0.627451
0.627451
0.623529
0.627451
0.623529
0.619608
0.619608
0.615686
0.635294
0.639216
0.623529
0.623529
0.631373
0.635294
0.647059
0.654902
0.654902
0.615686
0.611765
0.607843
0.564706
0.541176
0.525490
0.513725
0.541176
0.576471
0.568627
0.572549
0.588235
0.588235
0.580392
0.600000
0.607843
0.607843
0.619608
0.623529
0.611765
0.600000
0.611765
0.611765
0.615686
0.619608
0.619608
0.611765
0.623529
0.623529
0.647059
0.658824
0.631373
0.611765
0.619608
0.580392
0.533333
0.498039
0.505882
0.525490
0.545098
0.572549
0.560784
0.560784
0.576471
0.580392
0.588235
0.603922
0.607843
0.615686
0.607843
0.580392
0.568627
0.584314
0.600000
0.588235
0.592157
0.607843
0.611765
0.603922
0.603922
0.600000
0.607843
0.623529
0.635294
0.603922
0.580392
0.537255
0.513725
0.501961
0.505882
0.498039
0.517647
0.560784
0.549020
0.556863
0.576471
0.588235
0.588235
0.580392
0.600000
0.600000
0.572549
0.576471
0.576471
0.572549
0.568627
0.556863
0.576471
0.588235
0.588235
0.572549
0.580392
0.580392
0.592157
0.615686
0.592157
0.549020
0.529412
0.517647
0.513725
0.505882
0.482353
0.470588
0.494118
0.556863
0.545098
0.552941
0.564706
0.568627
0.560784
0.560784
0.552941
0.552941
0.576471
0.560784
0.545098
0.537255
0.552941
0.560784
0.572549
0.576471
0.556863
0.549020
0.552941
0.588235
0.580392
0.541176
0.533333
0.490196
0.494118
0.509804
0.486275
0.478431
0.454902
0.450980
0.462745
0.552941
0.533333
0.545098
0.556863
0.545098
0.533333
0.537255
0.564706
0.572549
0.556863
0.521569
0.525490
0.537255
0.556863
0.545098
0.549020
0.545098
0.537255
0.549020
0.564706
0.560784
0.537255
0.501961
0.470588
0.466667
0.486275
0.478431
0.462745
0.450980
0.443137
0.439216
0.447059
0.533333
0.533333
0.541176
0.533333
0.513725
0.537255
0.560784
0.572549
0.525490
0.505882
0.513725
0.533333
0.541176
0.533333
0.521569
0.525490
0.537255
0.549020
0.549020
0.529412
0.486275
0.490196
0.462745
0.454902
0.486275
0.474510
0.447059
0.423529
0.419608
0.431373
0.490196
0.545098
0.545098
0.525490
0.501961
0.509804
0.525490
0.545098
0.525490
0.498039
0.486275
0.509804
0.529412
0.513725
0.505882
0.509804
0.509804
0.521569
0.529412
0.517647
0.517647
0.509804
0.490196
0.450980
0.443137
0.439216
0.423529
0.415686
0.435294
0.494118
0.423529
0.466667
0.725490
0.788235
0.494118
0.478431
0.494118
0.517647
0.517647
0.486275
0.462745
0.470588
0.501961
0.509804
0.498039
0.478431
0.486275
0.490196
0.494118
0.501961
0.494118
0.474510
0.470588
0.458824
0.439216
0.474510
0.458824
0.364706
0.392157
0.466667
0.454902
0.788235
0.639216
0.631373
0.831373
0.854902
0.462745
0.486275
0.509804
0.494118
0.470588
0.454902
0.462745
0.490196
0.494118
0.470588
0.450980
0.458824
0.462745
0.470588
0.486275
0.490196
0.482353
0.458824
0.439216
0.427451
0.431373
0.541176
0.588235
0.474510
0.450980
0.792157
0.760784
0.909804
0.874510
0.674510
0.792157
0.870588
0.490196
0.486275
0.470588
0.462745
0.466667
0.478431
0.490196
0.482353
0.466667
0.454902
0.450980
0.462745
0.462745
0.462745
0.478431
0.490196
0.486275
0.454902
0.384314
0.360784
0.454902
0.509804
0.796078
0.678431
0.360784
0.929412
0.862745
0.909804
0.839216
0.525490
0.666667
0.882353
0.462745
0.450980
0.454902
0.458824
0.470588
0.482353
0.474510
0.458824
0.439216
0.439216
0.458824
0.458824
0.439216
0.435294
0.407843
0.407843
0.439216
0.454902
0.380392
0.415686
0.372549
0.533333
0.709804
0.549020
0.282353
0.843137
0.705882
0.870588
0.823529
0.627451
0.619608
0.745098
0.427451
0.435294
0.447059
0.450980
0.447059
0.443137
0.435294
0.435294
0.423529
0.423529
0.419608
0.403922
0.392157
0.407843
0.470588
0.498039
0.564706
0.560784
0.494118
0.556863
0.588235
0.796078
0.815686
0.486275
0.301961
0.737255
0.580392
0.843137
0.847059
0.737255
0.796078
0.694118
0.415686
0.427451
0.427451
0.423529
0.419608
0.419608
0.411765
0.407843
0.396078
0.364706
0.372549
0.443137
0.521569
0.647059
0.686275
0.784314
0.741176
0.737255
0.772549
0.862745
0.925490
0.843137
0.541176
0.372549
0.623529
0.623529
0.478431
0.847059
0.835294
0.835294
0.941176
0.768627
0.407843
0.411765
0.415686
0.400000
0.396078
0.384314
0.380392
0.368627
0.400000
0.513725
0.650980
0.745098
0.823529
0.866667
0.874510
0.925490
0.909804
0.913725
0.964706
0.960784
0.796078
0.435294
0.368627
0.521569
0.839216
0.537255
0.482353
0.858824
0.839216
0.952941
0.972549
0.890196
0.403922
0.396078
0.388235
0.376471
0.360784
0.329412
0.352941
0.521569
0.705882
0.850980
0.921569
0.941176
0.956863
0.960784
0.960784
0.988235
0.984314
0.956863
0.870588
0.654902
0.462745
0.301961
0.345098
0.403922
0.478431
0.376471
0.627451
0.882353
0.878431
0.952941
0.945098
0.964706
0.392157
0.380392
0.376471
0.356863
0.325490
0.450980
0.694118
0.894118
0.937255
0.976471
0.976471
0.976471
0.976471
0.976471
0.964706
0.984314
0.968627
0.862745
0.615686
0.368627
0.349020
0.388235
0.435294
0.407843
0.333333
0.396078
0.768627
0.858824
0.878431
0.929412
0.964706
0.854902
0.368627
0.368627
0.352941
0.360784
0.588235
0.854902
0.964706
0.976471
0.968627
0.952941
0.972549
0.992157
0.988235
0.996078
1.000000
0.972549
0.807843
0.603922
0.486275
0.458824
0.423529
0.454902
0.600000
0.596078
0.505882
0.564706
0.905882
0.956863
0.964706
0.964706
0.929412
0.619608
0.337255
0.317647
0.337255
0.643137
0.941176
0.988235
1.000000
0.984314
0.960784
0.964706
0.988235
0.992157
0.980392
0.964706
0.913725
0.796078
0.717647
0.674510
0.737255
0.768627
0.752941
0.780392
0.862745
0.862745
0.835294
0.882353
0.972549
0.968627
0.949020
0.901961
0.741176
0.458824
0.305882
0.298039
0.525490
0.929412
0.921569
0.925490
0.980392
0.996078
0.988235
0.992157
0.992157
0.980392
0.933333
0.803922
0.584314
0.498039
0.588235
0.639216
0.713725
0.788235
0.878431
0.949020
0.976471
0.980392
0.980392
0.996078
0.964706
0.886275
0.784314
0.607843
0.368627
0.313725
0.301961
0.309804
0.498039
0.874510
0.905882
0.882353
0.937255
0.956863
0.956863
0.905882
0.780392
0.674510
0.603922
0.556863
0.505882
0.576471
0.701961
0.796078
0.874510
0.917647
0.952941
0.976471
0.976471
0.972549
0.949020
0.937255
0.858824
0.686275
0.474510
0.286275
0.215686
0.278431
0.309804
0.290196
0.301961
0.564706
0.803922
0.835294
0.894118
0.843137
0.784314
0.682353
0.627451
0.635294
0.698039
0.756863
0.847059
0.878431
0.941176
0.984314
1.000000
0.996078
0.972549
0.972549
0.972549
0.917647
0.827451
0.725490
0.525490
0.364706
0.250980
0.274510
0.447059
0.509804
0.282353
0.278431
0.294118
0.262745
0.415686
0.745098
0.831373
0.756863
0.741176
0.803922
0.929412
0.992157
0.996078
0.996078
0.976471
0.972549
0.992157
0.992157
0.968627
0.960784
0.941176
0.917647
0.835294
0.639216
0.462745
0.290196
0.235294
0.380392
0.537255
0.678431
0.768627
0.800000
0.282353
0.274510
0.282353
0.415686
0.619608
0.835294
0.890196
0.913725
0.952941
0.960784
0.972549
0.992157
0.996078
0.996078
0.988235
0.960784
0.941176
0.945098
0.941176
0.901961
0.831373
0.662745
0.431373
0.278431
0.200000
0.349020
0.568627
0.756863
0.839216
0.878431
0.886275
0.847059
0.274510
0.321569
0.588235
0.831373
0.929412
0.941176
0.960784
0.976471
0.984314
0.996078
0.988235
0.980392
0.976471
0.960784
0.988235
0.952941
0.929412
0.933333
0.929412
0.768627
0.525490
0.345098
0.333333
0.474510
0.623529
0.831373
0.898039
0.941176
0.952941
0.933333
0.898039
0.843137
0.250980
0.568627
0.949020
0.949020
0.945098
0.952941
0.952941
0.952941
0.956863
0.956863
0.952941
0.941176
0.929412
0.925490
0.952941
0.941176
0.909804
0.796078
0.576471
0.454902
0.474510
0.607843
0.709804
0.796078
0.819608
0.866667
0.905882
0.901961
0.882353
0.831373
0.870588
0.843137
0.239216
0.447059
0.870588
0.913725
0.917647
0.913725
0.901961
0.921569
0.913725
0.909804
0.921569
0.921569
0.921569
0.905882
0.796078
0.717647
0.619608
0.545098
0.576471
0.686275
0.713725
0.611765
0.462745
0.447059
0.396078
0.396078
0.494118
0.552941
0.482353
0.482353
0.639216
0.694118
0.231373
0.235294
0.533333
0.827451
0.839216
0.811765
0.800000
0.870588
0.886275
0.898039
0.886275
0.858824
0.815686
0.745098
0.603922
0.552941
0.580392
0.650980
0.674510
0.541176
0.372549
0.305882
0.270588
0.278431
0.247059
0.235294
0.239216
0.305882
0.278431
0.301961
0.400000
0.403922
0.215686
0.215686
0.235294
0.490196
0.772549
0.835294
0.847059
0.847059
0.839216
0.839216
0.784314
0.713725
0.686275
0.686275
0.654902
0.584314
0.454902
0.294118
0.203922
0.180392
0.211765
0.258824
0.282353
0.309804
0.247059
0.270588
0.266667
0.274510
0.258824
0.258824
0.250980
0.239216
0.207843
0.211765
0.207843
0.227451
0.368627
0.568627
0.709804
0.772549
0.776471
0.760784
0.705882
0.650980
0.525490
0.388235
0.239216
0.133333
0.109804
0.094118
0.141176
0.180392
0.219608
0.231373
0.235294
0.239216
0.231373
0.254902
0.247059
0.227451
0.227451
0.235294
0.223529
0.231373
0.203922
0.203922
0.203922
0.203922
0.188235
0.196078
0.254902
0.345098
0.372549
0.341176
0.278431
0.207843
0.141176
0.086275
0.062745
0.086275
0.101961
0.117647
0.149020
0.168627
0.184314
0.192157
0.192157
0.192157
0.207843
0.219608
0.211765
0.200000
0.207843
0.215686
0.207843
0.215686
0.196078
0.200000
0.200000
0.192157
0.180392
0.149020
0.129412
0.117647
0.094118
0.082353
0.094118
0.109804
0.109804
0.121569
0.098039
0.109804
0.129412
0.121569
0.121569
0.137255
0.152941
0.168627
0.180392
0.180392
0.172549
0.192157
0.188235
0.192157
0.200000
0.200000
0.192157
0.200000
