0.756863
0.733333
0.729412
0.733333
0.745098
0.737255
0.745098
0.776471
0.788235
0.800000
0.815686
0.819608
0.792157
0.788235
0.800000
0.792157
0.796078
0.803922
0.807843
0.780392
0.764706
0.776471
0.796078
0.803922
0.796078
0.807843
0.807843
0.811765
0.819608
0.815686
0.815686
0.827451
0.768627
0.749020
0.725490
0.717647
0.745098
0.756863
0.772549
0.788235
0.796078
0.807843
0.819608
0.815686
0.792157
0.788235
0.792157
0.788235
0.792157
0.800000
0.803922
0.784314
0.780392
0.784314
0.800000
0.823529
0.815686
0.815686
0.815686
0.827451
0.827451
0.815686
0.827451
0.831373
0.784314
0.768627
0.776471
0.784314
0.792157
0.756863
0.776471
0.796078
0.788235
0.796078
0.815686
0.815686
0.807843
0.788235
0.780392
0.788235
0.792157
0.807843
0.803922
0.792157
0.784314
0.792157
0.803922
0.819608
0.835294
0.839216
0.839216
0.850980
0.827451
0.780392
0.764706
0.784314
0.741176
0.752941
0.815686
0.807843
0.749020
0.658824
0.713725
0.788235
0.800000
0.800000
0.811765
0.815686
0.807843
0.796078
0.792157
0.792157
0.800000
0.807843
0.803922
0.796078
0.792157
0.800000
0.800000
0.819608
0.831373
0.835294
0.831373
0.839216
0.776471
0.654902
0.662745
0.772549
0.560784
0.611765
0.752941
0.760784
0.647059
0.607843
0.643137
0.729412
0.796078
0.815686
0.815686
0.811765
0.807843
0.792157
0.800000
0.811765
0.819608
0.811765
0.815686
0.811765
0.811765
0.803922
0.796078
0.815686
0.823529
0.819608
0.815686
0.800000
0.682353
0.596078
0.670588
0.796078
0.541176
0.568627
0.662745
0.737255
0.654902
0.596078
0.619608
0.682353
0.737255
0.792157
0.815686
0.835294
0.839216
0.823529
0.807843
0.803922
0.811765
0.819608
0.827451
0.827451
0.803922
0.792157
0.792157
0.796078
0.815686
0.815686
0.823529
0.741176
0.627451
0.635294
0.705882
0.772549
0.556863
0.607843
0.635294
0.705882
0.694118
0.631373
0.627451
0.666667
0.705882
0.749020
0.792157
0.835294
0.843137
0.831373
0.803922
0.792157
0.800000
0.803922
0.811765
0.811765
0.788235
0.792157
0.776471
0.792157
0.811765
0.823529
0.807843
0.658824
0.631373
0.670588
0.760784
0.768627
0.541176
0.611765
0.639216
0.662745
0.701961
0.690196
0.654902
0.674510
0.690196
0.709804
0.756863
0.803922
0.831373
0.827451
0.807843
0.788235
0.792157
0.796078
0.803922
0.800000
0.792157
0.796078
0.772549
0.792157
0.800000
0.803922
0.756863
0.627451
0.647059
0.709804
0.788235
0.772549
0.584314
0.627451
0.643137
0.650980
0.686275
0.725490
0.701961
0.682353
0.698039
0.705882
0.725490
0.768627
0.800000
0.803922
0.796078
0.792157
0.796078
0.800000
0.788235
0.788235
0.800000
0.780392
0.768627
0.768627
0.772549
0.737255
0.647059
0.639216
0.670588
0.752941
0.784314
0.788235
0.619608
0.623529
0.647059
0.650980
0.682353
0.725490
0.745098
0.698039
0.682353
0.713725
0.721569
0.741176
0.764706
0.780392
0.776471
0.776471
0.780392
0.788235
0.784314
0.784314
0.784314
0.780392
0.784314
0.760784
0.713725
0.627451
0.592157
0.650980
0.741176
0.803922
0.803922
0.815686
0.611765
0.631373
0.643137
0.658824
0.682353
0.717647
0.752941
0.741176
0.701961
0.698039
0.725490
0.749020
0.756863
0.776471
0.776471
0.756863
0.760784
0.776471
0.780392
0.780392
0.768627
0.741176
0.721569
0.678431
0.600000
0.576471
0.603922
0.670588
0.807843
0.815686
0.788235
0.800000
0.447059
0.564706
0.627451
0.670588
0.701961
0.717647
0.721569
0.741176
0.737255
0.725490
0.733333
0.749020
0.760784
0.764706
0.764706
0.745098
0.749020
0.764706
0.764706
0.768627
0.678431
0.600000
0.600000
0.596078
0.572549
0.611765
0.635294
0.737255
0.803922
0.803922
0.788235
0.800000
0.380392
0.450980
0.525490
0.619608
0.682353
0.705882
0.713725
0.729412
0.741176
0.733333
0.733333
0.749020
0.749020
0.752941
0.756863
0.749020
0.756863
0.768627
0.776471
0.654902
0.549020
0.541176
0.568627
0.584314
0.611765
0.635294
0.698039
0.807843
0.803922
0.796078
0.796078
0.803922
0.364706
0.400000
0.443137
0.564706
0.654902
0.694118
0.713725
0.721569
0.752941
0.749020
0.764706
0.784314
0.792157
0.796078
0.796078
0.784314
0.768627
0.721569
0.623529
0.450980
0.517647
0.545098
0.564706
0.592157
0.635294
0.662745
0.807843
0.843137
0.831373
0.811765
0.784314
0.792157
0.392157
0.396078
0.415686
0.517647
0.639216
0.678431
0.686275
0.694118
0.721569
0.749020
0.780392
0.792157
0.796078
0.800000
0.807843
0.776471
0.705882
0.635294
0.517647
0.490196
0.541176
0.537255
0.568627
0.631373
0.639216
0.701961
0.819608
0.847059
0.839216
0.827451
0.792157
0.756863
0.435294
0.435294
0.419608
0.443137
0.545098
0.643137
0.674510
0.690196
0.701961
0.737255
0.756863
0.776471
0.788235
0.792157
0.788235
0.690196
0.592157
0.556863
0.537255
0.505882
0.501961
0.466667
0.584314
0.650980
0.682353
0.764706
0.760784
0.811765
0.839216
0.815686
0.780392
0.745098
0.450980
0.462745
0.435294
0.431373
0.509804
0.611765
0.662745
0.690196
0.713725
0.741176
0.768627
0.792157
0.807843
0.819608
0.674510
0.498039
0.486275
0.447059
0.454902
0.443137
0.321569
0.329412
0.615686
0.631373
0.733333
0.780392
0.745098
0.760784
0.815686
0.811765
0.796078
0.764706
0.498039
0.486275
0.454902
0.462745
0.517647
0.572549
0.611765
0.666667
0.729412
0.752941
0.768627
0.784314
0.768627
0.650980
0.466667
0.462745
0.411765
0.415686
0.513725
0.470588
0.341176
0.478431
0.596078
0.623529
0.745098
0.756863
0.764706
0.772549
0.784314
0.803922
0.811765
0.788235
0.490196
0.549020
0.498039
0.486275
0.525490
0.576471
0.588235
0.635294
0.745098
0.784314
0.772549
0.705882
0.607843
0.509804
0.498039
0.529412
0.447059
0.380392
0.564706
0.517647
0.447059
0.576471
0.580392
0.654902
0.701961
0.756863
0.772549
0.788235
0.784314
0.792157
0.792157
0.796078
0.388235
0.533333
0.588235
0.572549
0.596078
0.627451
0.647059
0.678431
0.745098
0.796078
0.752941
0.596078
0.513725
0.529412
0.501961
0.478431
0.439216
0.345098
0.400000
0.423529
0.427451
0.564706
0.658824
0.705882
0.705882
0.760784
0.780392
0.784314
0.796078
0.776471
0.760784
0.780392
0.337255
0.423529
0.537255
0.603922
0.623529
0.635294
0.666667
0.698039
0.721569
0.729412
0.635294
0.517647
0.505882
0.517647
0.443137
0.321569
0.317647
0.466667
0.301961
0.447059
0.552941
0.537255
0.670588
0.709804
0.733333
0.772549
0.784314
0.764706
0.760784
0.752941
0.756863
0.764706
0.349020
0.360784
0.392157
0.482353
0.592157
0.635294
0.678431
0.686275
0.682353
0.627451
0.529412
0.505882
0.533333
0.537255
0.501961
0.407843
0.494118
0.588235
0.435294
0.458824
0.517647
0.517647
0.631373
0.694118
0.733333
0.780392
0.800000
0.749020
0.717647
0.713725
0.733333
0.752941
0.364706
0.368627
0.384314
0.419608
0.486275
0.517647
0.564706
0.568627
0.580392
0.533333
0.482353
0.509804
0.549020
0.556863
0.541176
0.498039
0.482353
0.458824
0.423529
0.411765
0.466667
0.525490
0.596078
0.670588
0.705882
0.756863
0.815686
0.811765
0.760784
0.725490
0.701961
0.741176
0.360784
0.368627
0.392157
0.423529
0.466667
0.454902
0.450980
0.474510
0.490196
0.486275
0.482353
0.505882
0.505882
0.478431
0.439216
0.450980
0.462745
0.494118
0.509804
0.470588
0.482353
0.545098
0.576471
0.607843
0.666667
0.725490
0.788235
0.823529
0.811765
0.752941
0.737255
0.807843
0.364706
0.364706
0.423529
0.482353
0.486275
0.447059
0.447059
0.486275
0.490196
0.478431
0.458824
0.450980
0.458824
0.462745
0.466667
0.498039
0.529412
0.549020
0.521569
0.494118
0.521569
0.584314
0.600000
0.572549
0.635294
0.686275
0.749020
0.803922
0.827451
0.792157
0.800000
0.839216
0.360784
0.400000
0.447059
0.462745
0.443137
0.423529
0.411765
0.415686
0.435294
0.470588
0.490196
0.498039
0.513725
0.529412
0.517647
0.517647
0.525490
0.549020
0.525490
0.533333
0.584314
0.564706
0.517647
0.564706
0.627451
0.658824
0.666667
0.741176
0.807843
0.827451
0.819608
0.831373
0.384314
0.435294
0.411765
0.411765
0.403922
0.427451
0.447059
0.419608
0.486275
0.545098
0.541176
0.509804
0.498039
0.509804
0.513725
0.521569
0.525490
0.533333
0.537255
0.568627
0.564706
0.482353
0.486275
0.521569
0.556863
0.580392
0.545098
0.588235
0.690196
0.788235
0.819608
0.827451
0.396078
0.376471
0.356863
0.388235
0.411765
0.482353
0.513725
0.501961
0.533333
0.513725
0.490196
0.478431
0.494118
0.486275
0.486275
0.509804
0.525490
0.552941
0.615686
0.592157
0.490196
0.431373
0.462745
0.494118
0.505882
0.486275
0.474510
0.521569
0.545098
0.627451
0.756863
0.815686
0.384314
0.360784
0.376471
0.411765
0.435294
0.474510
0.470588
0.525490
0.541176
0.486275
0.466667
0.486275
0.501961
0.482353
0.462745
0.494118
0.525490
0.615686
0.662745
0.537255
0.435294
0.439216
0.466667
0.521569
0.498039
0.462745
0.478431
0.521569
0.501961
0.529412
0.619608
0.670588
0.423529
0.388235
0.400000
0.423529
0.447059
0.470588
0.454902
0.529412
0.537255
0.513725
0.525490
0.521569
0.494118
0.474510
0.474510
0.494118
0.556863
0.670588
0.623529
0.478431
0.419608
0.458824
0.509804
0.513725
0.462745
0.486275
0.505882
0.494118
0.494118
0.525490
0.505882
0.498039
0.494118
0.388235
0.396078
0.407843
0.447059
0.458824
0.466667
0.529412
0.498039
0.509804
0.552941
0.517647
0.482353
0.466667
0.458824
0.549020
0.650980
0.639216
0.505882
0.443137
0.454902
0.505882
0.533333
0.462745
0.474510
0.545098
0.545098
0.513725
0.494118
0.447059
0.435294
0.509804
0.588235
0.470588
0.411765
0.407843
0.443137
0.443137
0.462745
0.466667
0.474510
0.537255
0.537255
0.501961
0.474510
0.462745
0.470588
0.607843
0.658824
0.537255
0.403922
0.419608
0.505882
0.533333
0.478431
0.443137
0.525490
0.537255
0.549020
0.537255
0.470588
0.450980
0.470588
0.490196
0.635294
0.611765
0.603922
0.619608
0.635294
0.623529
0.627451
0.666667
0.678431
0.690196
0.705882
0.709804
0.682353
0.678431
0.690196
0.682353
0.686275
0.694118
0.701961
0.682353
0.670588
0.682353
0.701961
0.713725
0.701961
0.713725
0.717647
0.721569
0.725490
0.717647
0.717647
0.741176
0.635294
0.611765
0.592157
0.611765
0.643137
0.650980
0.666667
0.682353
0.686275
0.701961
0.709804
0.709804
0.682353
0.682353
0.682353
0.678431
0.682353
0.690196
0.694118
0.690196
0.686275
0.690196
0.705882
0.729412
0.721569
0.721569
0.721569
0.725490
0.737255
0.737255
0.741176
0.752941
0.658824
0.643137
0.654902
0.690196
0.698039
0.658824
0.682353
0.690196
0.678431
0.686275
0.705882
0.705882
0.698039
0.678431
0.670588
0.678431
0.682353
0.698039
0.694118
0.694118
0.690196
0.698039
0.709804
0.725490
0.741176
0.745098
0.741176
0.745098
0.768627
0.745098
0.705882
0.717647
0.639216
0.654902
0.721569
0.729412
0.662745
0.568627
0.627451
0.686275
0.690196
0.690196
0.701961
0.705882
0.698039
0.686275
0.682353
0.682353
0.690196
0.698039
0.694118
0.698039
0.698039
0.705882
0.705882
0.725490
0.737255
0.741176
0.733333
0.749020
0.764706
0.682353
0.647059
0.721569
0.486275
0.541176
0.682353
0.690196
0.564706
0.517647
0.564706
0.631373
0.686275
0.709804
0.705882
0.701961
0.698039
0.682353
0.690196
0.701961
0.709804
0.701961
0.709804
0.713725
0.717647
0.709804
0.701961
0.721569
0.729412
0.729412
0.721569
0.737255
0.705882
0.662745
0.690196
0.756863
0.478431
0.498039
0.584314
0.643137
0.564706
0.517647
0.552941
0.588235
0.635294
0.694118
0.721569
0.729412
0.729412
0.713725
0.698039
0.694118
0.701961
0.709804
0.717647
0.717647
0.701961
0.701961
0.705882
0.705882
0.721569
0.729412
0.745098
0.721569
0.662745
0.674510
0.694118
0.721569
0.490196
0.525490
0.545098
0.603922
0.603922
0.552941
0.552941
0.572549
0.603922
0.654902
0.701961
0.729412
0.733333
0.721569
0.694118
0.682353
0.690196
0.694118
0.701961
0.698039
0.682353
0.701961
0.694118
0.694118
0.709804
0.737255
0.741176
0.666667
0.662745
0.670588
0.705882
0.698039
0.462745
0.525490
0.541176
0.564706
0.607843
0.600000
0.564706
0.576471
0.592157
0.615686
0.662745
0.698039
0.721569
0.717647
0.698039
0.678431
0.682353
0.686275
0.694118
0.690196
0.686275
0.705882
0.690196
0.682353
0.698039
0.721569
0.701961
0.647059
0.670588
0.666667
0.686275
0.686275
0.498039
0.533333
0.541176
0.556863
0.592157
0.619608
0.592157
0.580392
0.600000
0.611765
0.631373
0.662745
0.690196
0.694118
0.686275
0.682353
0.686275
0.690196
0.678431
0.674510
0.694118
0.690196
0.686275
0.674510
0.690196
0.686275
0.627451
0.658824
0.654902
0.670588
0.662745
0.694118
0.529412
0.521569
0.537255
0.560784
0.588235
0.611765
0.619608
0.596078
0.588235
0.619608
0.623529
0.635294
0.654902
0.670588
0.666667
0.666667
0.670588
0.678431
0.674510
0.674510
0.674510
0.686275
0.705882
0.686275
0.666667
0.623529
0.619608
0.650980
0.674510
0.694118
0.690196
0.717647
0.521569
0.529412
0.533333
0.564706
0.580392
0.600000
0.623529
0.635294
0.603922
0.596078
0.623529
0.639216
0.647059
0.666667
0.662745
0.647059
0.650980
0.662745
0.666667
0.662745
0.670588
0.670588
0.654902
0.631373
0.584314
0.603922
0.647059
0.639216
0.709804
0.694118
0.690196
0.701961
0.400000
0.490196
0.529412
0.556863
0.588235
0.607843
0.615686
0.627451
0.619608
0.607843
0.615686
0.631373
0.639216
0.643137
0.647059
0.631373
0.635294
0.647059
0.639216
0.631373
0.623529
0.615686
0.603922
0.592157
0.592157
0.635294
0.619608
0.654902
0.694118
0.690196
0.682353
0.694118
0.356863
0.400000
0.450980
0.513725
0.572549
0.600000
0.607843
0.611765
0.619608
0.611765
0.611765
0.627451
0.627451
0.631373
0.635294
0.631373
0.635294
0.650980
0.654902
0.541176
0.529412
0.592157
0.603922
0.607843
0.635294
0.631373
0.635294
0.701961
0.694118
0.686275
0.686275
0.690196
0.356863
0.372549
0.392157
0.474510
0.556863
0.592157
0.600000
0.600000
0.627451
0.627451
0.643137
0.662745
0.670588
0.674510
0.678431
0.666667
0.654902
0.619608
0.529412
0.388235
0.529412
0.600000
0.611765
0.623529
0.643137
0.615686
0.705882
0.733333
0.725490
0.701961
0.678431
0.690196
0.372549
0.368627
0.380392
0.447059
0.556863
0.580392
0.572549
0.576471
0.600000
0.627451
0.658824
0.670588
0.678431
0.682353
0.694118
0.678431
0.623529
0.572549
0.470588
0.478431
0.568627
0.580392
0.603922
0.647059
0.611765
0.611765
0.698039
0.733333
0.733333
0.717647
0.690196
0.666667
0.392157
0.392157
0.380392
0.392157
0.478431
0.549020
0.552941
0.568627
0.580392
0.615686
0.635294
0.658824
0.670588
0.674510
0.674510
0.615686
0.552941
0.545098
0.545098
0.525490
0.521569
0.478431
0.588235
0.631373
0.611765
0.647059
0.647059
0.705882
0.737255
0.713725
0.682353
0.666667
0.384314
0.407843
0.388235
0.380392
0.443137
0.521569
0.549020
0.576471
0.592157
0.619608
0.650980
0.670588
0.690196
0.705882
0.572549
0.462745
0.486275
0.466667
0.494118
0.474510
0.341176
0.329412
0.600000
0.580392
0.631373
0.658824
0.639216
0.658824
0.709804
0.705882
0.694118
0.678431
0.427451
0.423529
0.400000
0.396078
0.435294
0.482353
0.513725
0.572549
0.615686
0.627451
0.650980
0.678431
0.674510
0.568627
0.403922
0.466667
0.435294
0.431373
0.525490
0.498039
0.376471
0.494118
0.568627
0.549020
0.643137
0.643137
0.650980
0.658824
0.666667
0.686275
0.698039
0.682353
0.435294
0.482353
0.419608
0.400000
0.431373
0.466667
0.474510
0.529412
0.615686
0.650980
0.662745
0.643137
0.564706
0.478431
0.482353
0.549020
0.474510
0.388235
0.560784
0.521569
0.458824
0.572549
0.529412
0.564706
0.600000
0.639216
0.647059
0.670588
0.666667
0.670588
0.674510
0.682353
0.352941
0.462745
0.498039
0.478431
0.490196
0.501961
0.513725
0.545098
0.603922
0.666667
0.670588
0.592157
0.533333
0.549020
0.525490
0.501961
0.458824
0.349020
0.388235
0.400000
0.403922
0.529412
0.572549
0.603922
0.596078
0.635294
0.650980
0.658824
0.678431
0.658824
0.643137
0.666667
0.305882
0.364706
0.454902
0.513725
0.521569
0.513725
0.537255
0.560784
0.588235
0.627451
0.600000
0.552941
0.552941
0.556863
0.470588
0.341176
0.325490
0.458824
0.278431
0.403922
0.513725
0.486275
0.572549
0.596078
0.615686
0.635294
0.643137
0.635294
0.639216
0.631373
0.639216
0.650980
0.309804
0.317647
0.341176
0.411765
0.505882
0.537255
0.568627
0.560784
0.564706
0.564706
0.541176
0.552941
0.572549
0.552941
0.505882
0.411765
0.494118
0.572549
0.403922
0.419608
0.490196
0.466667
0.533333
0.576471
0.607843
0.639216
0.654902
0.623529
0.596078
0.592157
0.611765
0.635294
0.317647
0.329412
0.341176
0.352941
0.411765
0.443137
0.490196
0.490196
0.513725
0.525490
0.533333
0.549020
0.564706
0.560784
0.529412
0.498039
0.478431
0.435294
0.388235
0.372549
0.431373
0.466667
0.498039
0.560784
0.584314
0.619608
0.666667
0.682353
0.643137
0.611765
0.596078
0.647059
0.317647
0.325490
0.345098
0.376471
0.427451
0.435294
0.443137
0.470588
0.498039
0.517647
0.533333
0.521569
0.505882
0.474510
0.435294
0.443137
0.439216
0.454902
0.454902
0.415686
0.419608
0.458824
0.474510
0.517647
0.568627
0.596078
0.639216
0.690196
0.694118
0.654902
0.654902
0.745098
0.329412
0.349020
0.423529
0.505882
0.517647
0.498039
0.505882
0.501961
0.486275
0.474510
0.447059
0.427451
0.435294
0.439216
0.443137
0.478431
0.501961
0.501961
0.462745
0.435294
0.454902
0.501961
0.509804
0.490196
0.549020
0.568627
0.611765
0.666667
0.701961
0.682353
0.701961
0.752941
0.329412
0.411765
0.486275
0.486275
0.462745
0.450980
0.435294
0.407843
0.400000
0.407843
0.411765
0.439216
0.458824
0.474510
0.466667
0.482353
0.490196
0.498039
0.458824
0.470588
0.521569
0.501961
0.450980
0.490196
0.545098
0.560784
0.556863
0.611765
0.678431
0.705882
0.701961
0.713725
0.352941
0.439216
0.431373
0.380392
0.352941
0.368627
0.384314
0.368627
0.423529
0.462745
0.447059
0.443137
0.439216
0.450980
0.454902
0.474510
0.478431
0.474510
0.466667
0.498039
0.505882
0.431373
0.435294
0.458824
0.482353
0.501961
0.458824
0.486275
0.576471
0.674510
0.698039
0.701961
0.360784
0.345098
0.329412
0.345098
0.345098
0.400000
0.415686
0.415686
0.450980
0.443137
0.423529
0.427451
0.450980
0.439216
0.439216
0.458824
0.470588
0.482353
0.541176
0.517647
0.427451
0.384314
0.427451
0.435294
0.439216
0.423529
0.415686
0.450980
0.462745
0.533333
0.647059
0.694118
0.329412
0.309804
0.309804
0.360784
0.384314
0.407843
0.392157
0.435294
0.454902
0.419608
0.415686
0.443137
0.454902
0.435294
0.415686
0.443137
0.462745
0.537255
0.564706
0.458824
0.376471
0.392157
0.427451
0.462745
0.431373
0.403922
0.423529
0.470588
0.443137
0.462745
0.537255
0.572549
0.345098
0.325490
0.309804
0.341176
0.368627
0.388235
0.376471
0.450980
0.454902
0.431373
0.454902
0.462745
0.431373
0.407843
0.407843
0.427451
0.490196
0.580392
0.509804
0.403922
0.364706
0.407843
0.462745
0.450980
0.396078
0.423529
0.447059
0.439216
0.443137
0.474510
0.450980
0.431373
0.403922
0.313725
0.305882
0.321569
0.364706
0.376471
0.388235
0.450980
0.415686
0.431373
0.478431
0.454902
0.415686
0.396078
0.388235
0.458824
0.568627
0.560784
0.423529
0.384314
0.403922
0.454902
0.482353
0.400000
0.407843
0.478431
0.482353
0.458824
0.447059
0.400000
0.388235
0.466667
0.486275
0.380392
0.317647
0.325490
0.360784
0.360784
0.380392
0.388235
0.396078
0.458824
0.458824
0.439216
0.407843
0.392157
0.400000
0.501961
0.564706
0.474510
0.360784
0.368627
0.454902
0.482353
0.427451
0.380392
0.454902
0.470588
0.486275
0.482353
0.419608
0.400000
0.427451
0.466667
0.627451
0.623529
0.623529
0.623529
0.635294
0.639216
0.654902
0.662745
0.662745
0.674510
0.690196
0.705882
0.678431
0.674510
0.686275
0.678431
0.682353
0.690196
0.698039
0.674510
0.662745
0.674510
0.694118
0.705882
0.694118
0.705882
0.709804
0.725490
0.737255
0.725490
0.725490
0.745098
0.611765
0.603922
0.580392
0.580392
0.627451
0.654902
0.666667
0.666667
0.670588
0.686275
0.694118
0.701961
0.678431
0.678431
0.678431
0.674510
0.678431
0.686275
0.690196
0.682353
0.678431
0.682353
0.698039
0.721569
0.713725
0.713725
0.709804
0.713725
0.725490
0.729412
0.741176
0.752941
0.639216
0.619608
0.623529
0.639216
0.690196
0.670588
0.670588
0.670588
0.662745
0.670588
0.690196
0.698039
0.694118
0.674510
0.666667
0.674510
0.678431
0.694118
0.690196
0.690196
0.682353
0.690196
0.701961
0.717647
0.733333
0.737255
0.733333
0.729412
0.745098
0.733333
0.713725
0.721569
0.639216
0.639216
0.690196
0.678431
0.678431
0.611765
0.619608
0.662745
0.674510
0.674510
0.686275
0.698039
0.694118
0.682353
0.678431
0.678431
0.686275
0.694118
0.690196
0.690196
0.690196
0.698039
0.698039
0.717647
0.729412
0.733333
0.725490
0.741176
0.745098
0.678431
0.678431
0.729412
0.505882
0.537255
0.658824
0.654902
0.596078
0.584314
0.572549
0.615686
0.674510
0.694118
0.690196
0.694118
0.690196
0.678431
0.686275
0.698039
0.705882
0.698039
0.701961
0.705882
0.709804
0.701961
0.694118
0.713725
0.721569
0.717647
0.709804
0.733333
0.701961
0.678431
0.729412
0.764706
0.521569
0.525490
0.596078
0.627451
0.576471
0.560784
0.596078
0.619608
0.650980
0.682353
0.690196
0.709804
0.713725
0.698039
0.686275
0.682353
0.690196
0.694118
0.705882
0.701961
0.690196
0.694118
0.705882
0.698039
0.709804
0.709804
0.721569
0.729412
0.694118
0.698039
0.694118
0.717647
0.533333
0.564706
0.568627
0.600000
0.600000
0.576471
0.600000
0.619608
0.631373
0.647059
0.670588
0.709804
0.717647
0.705882
0.678431
0.666667
0.674510
0.678431
0.686275
0.678431
0.666667
0.694118
0.698039
0.682353
0.694118
0.709804
0.713725
0.674510
0.698039
0.694118
0.694118
0.686275
0.505882
0.556863
0.556863
0.556863
0.603922
0.619608
0.600000
0.611765
0.611765
0.611765
0.643137
0.682353
0.705882
0.701961
0.682353
0.662745
0.666667
0.670588
0.678431
0.670588
0.670588
0.698039
0.690196
0.670588
0.678431
0.701961
0.682353
0.650980
0.682353
0.674510
0.682353
0.674510
0.533333
0.552941
0.552941
0.549020
0.584314
0.627451
0.607843
0.596078
0.611765
0.611765
0.623529
0.647059
0.674510
0.678431
0.670588
0.666667
0.670588
0.674510
0.658824
0.658824
0.678431
0.682353
0.686275
0.666667
0.686275
0.690196
0.639216
0.666667
0.650980
0.658824
0.654902
0.674510
0.552941
0.537255
0.545098
0.552941
0.580392
0.607843
0.619608
0.596078
0.592157
0.623529
0.627451
0.623529
0.639216
0.654902
0.650980
0.647059
0.654902
0.662745
0.658824
0.654902
0.658824
0.678431
0.705882
0.698039
0.686275
0.658824
0.666667
0.674510
0.662745
0.662745
0.670588
0.698039
0.552941
0.545098
0.537255
0.560784
0.568627
0.584314
0.611765
0.627451
0.600000
0.603922
0.631373
0.631373
0.631373
0.650980
0.647059
0.631373
0.635294
0.647059
0.650980
0.643137
0.658824
0.670588
0.662745
0.658824
0.635294
0.666667
0.717647
0.670588
0.694118
0.654902
0.658824
0.678431
0.482353
0.529412
0.545098
0.560784
0.564706
0.568627
0.592157
0.615686
0.611765
0.600000
0.607843
0.623529
0.631373
0.635294
0.635294
0.619608
0.623529
0.631373
0.619608
0.623529
0.643137
0.650980
0.635294
0.635294
0.658824
0.698039
0.647059
0.654902
0.678431
0.674510
0.666667
0.674510
0.454902
0.474510
0.509804
0.537255
0.549020
0.560784
0.588235
0.600000
0.607843
0.600000
0.600000
0.615686
0.615686
0.619608
0.623529
0.619608
0.627451
0.635294
0.639216
0.560784
0.572549
0.650980
0.658824
0.674510
0.709804
0.674510
0.635294
0.686275
0.678431
0.670588
0.670588
0.674510
0.447059
0.470588
0.498039
0.529412
0.552941
0.564706
0.588235
0.588235
0.615686
0.615686
0.631373
0.643137
0.654902
0.658824
0.658824
0.654902
0.650980
0.615686
0.533333
0.435294
0.588235
0.666667
0.686275
0.709804
0.709804
0.635294
0.686275
0.705882
0.701961
0.678431
0.654902
0.670588
0.458824
0.470588
0.494118
0.529412
0.576471
0.568627
0.560784
0.564706
0.588235
0.615686
0.643137
0.643137
0.647059
0.650980
0.662745
0.678431
0.643137
0.600000
0.517647
0.549020
0.631373
0.639216
0.682353
0.733333
0.654902
0.615686
0.674510
0.698039
0.694118
0.682353
0.650980
0.639216
0.474510
0.474510
0.466667
0.478431
0.517647
0.545098
0.549020
0.556863
0.564706
0.603922
0.623529
0.623529
0.627451
0.631373
0.639216
0.635294
0.603922
0.615686
0.635294
0.607843
0.568627
0.521569
0.662745
0.701961
0.631373
0.639216
0.635294
0.670588
0.690196
0.662745
0.635294
0.631373
0.454902
0.462745
0.439216
0.470588
0.501961
0.533333
0.552941
0.576471
0.580392
0.600000
0.627451
0.627451
0.647059
0.662745
0.545098
0.501961
0.560784
0.560784
0.603922
0.560784
0.388235
0.364706
0.654902
0.623529
0.639216
0.650980
0.635294
0.619608
0.658824
0.654902
0.647059
0.647059
0.478431
0.462745
0.435294
0.470588
0.501961
0.513725
0.529412
0.588235
0.600000
0.588235
0.607843
0.627451
0.635294
0.552941
0.411765
0.525490
0.513725
0.513725
0.615686
0.576471
0.447059
0.549020
0.600000
0.564706
0.647059
0.639216
0.639216
0.619608
0.623529
0.643137
0.654902
0.658824
0.501961
0.521569
0.439216
0.431373
0.466667
0.494118
0.498039
0.537255
0.592157
0.603922
0.627451
0.627451
0.568627
0.509804
0.529412
0.615686
0.549020
0.466667
0.639216
0.584314
0.521569
0.619608
0.541176
0.568627
0.603922
0.631373
0.631373
0.631373
0.627451
0.631373
0.635294
0.658824
0.443137
0.517647
0.513725
0.470588
0.486275
0.517647
0.537255
0.537255
0.564706
0.627451
0.654902
0.623529
0.588235
0.619608
0.607843
0.572549
0.521569
0.419608
0.458824
0.447059
0.450980
0.556863
0.568627
0.600000
0.592157
0.623529
0.623529
0.631373
0.647059
0.627451
0.615686
0.647059
0.411765
0.435294
0.490196
0.509804
0.513725
0.517647
0.549020
0.549020
0.556863
0.607843
0.611765
0.611765
0.627451
0.639216
0.560784
0.403922
0.380392
0.521569
0.341176
0.450980
0.560784
0.513725
0.564706
0.588235
0.603922
0.615686
0.615686
0.615686
0.623529
0.615686
0.619608
0.635294
0.423529
0.407843
0.407843
0.443137
0.517647
0.537255
0.552941
0.545098
0.552941
0.576471
0.596078
0.623529
0.639216
0.623529
0.572549
0.466667
0.545098
0.631373
0.462745
0.474510
0.545098
0.509804
0.537255
0.564706
0.588235
0.611765
0.623529
0.607843
0.588235
0.580392
0.600000
0.623529
0.423529
0.427451
0.435294
0.423529
0.462745
0.470588
0.498039
0.498039
0.529412
0.560784
0.600000
0.607843
0.615686
0.607843
0.576471
0.541176
0.529412
0.498039
0.458824
0.443137
0.501961
0.525490
0.521569
0.556863
0.568627
0.588235
0.631373
0.654902
0.623529
0.592157
0.572549
0.619608
0.407843
0.411765
0.435294
0.462745
0.505882
0.501961
0.501961
0.517647
0.545098
0.560784
0.576471
0.564706
0.549020
0.517647
0.474510
0.478431
0.490196
0.533333
0.552941
0.501961
0.494118
0.521569
0.521569
0.537255
0.568627
0.568627
0.596078
0.643137
0.647059
0.607843
0.607843
0.690196
0.411765
0.423529
0.494118
0.564706
0.572549
0.549020
0.549020
0.552941
0.541176
0.529412
0.501961
0.478431
0.482353
0.486275
0.490196
0.521569
0.552941
0.576471
0.552941
0.505882
0.509804
0.549020
0.549020
0.517647
0.560784
0.560784
0.584314
0.615686
0.643137
0.623529
0.639216
0.698039
0.411765
0.478431
0.545098
0.537255
0.509804
0.498039
0.482353
0.458824
0.458824
0.474510
0.486275
0.498039
0.517647
0.533333
0.525490
0.533333
0.545098
0.560784
0.525490
0.521569
0.564706
0.537255
0.486275
0.529412
0.576471
0.580392
0.560784
0.584314
0.635294
0.647059
0.635294
0.654902
0.435294
0.505882
0.494118
0.447059
0.419608
0.443137
0.454902
0.423529
0.482353
0.525490
0.513725
0.501961
0.498039
0.509804
0.513725
0.537255
0.533333
0.525490
0.517647
0.545098
0.552941
0.486275
0.494118
0.509804
0.529412
0.549020
0.498039
0.490196
0.556863
0.635294
0.643137
0.639216
0.443137
0.427451
0.407843
0.407843
0.407843
0.470588
0.490196
0.474510
0.501961
0.490196
0.474510
0.482353
0.505882
0.494118
0.498039
0.521569
0.529412
0.529412
0.576471
0.572549
0.498039
0.470588
0.521569
0.505882
0.501961
0.494118
0.482353
0.494118
0.474510
0.517647
0.611765
0.627451
0.403922
0.392157
0.396078
0.423529
0.439216
0.466667
0.450980
0.482353
0.509804
0.470588
0.447059
0.478431
0.513725
0.501961
0.478431
0.509804
0.501961
0.552941
0.600000
0.533333
0.462745
0.482353
0.517647
0.541176
0.505882
0.474510
0.494118
0.533333
0.490196
0.482353
0.533333
0.545098
0.396078
0.400000
0.400000
0.407843
0.427451
0.447059
0.431373
0.482353
0.509804
0.498039
0.478431
0.478431
0.494118
0.494118
0.486275
0.494118
0.490196
0.564706
0.560784
0.498039
0.450980
0.474510
0.521569
0.521569
0.470588
0.482353
0.498039
0.509804
0.513725
0.525490
0.490196
0.478431
0.439216
0.372549
0.388235
0.388235
0.423529
0.435294
0.439216
0.482353
0.466667
0.486275
0.505882
0.482353
0.482353
0.486275
0.458824
0.501961
0.560784
0.564706
0.501961
0.478431
0.482353
0.521569
0.541176
0.470588
0.482353
0.537255
0.529412
0.529412
0.513725
0.454902
0.431373
0.517647
0.498039
0.411765
0.392157
0.392157
0.419608
0.419608
0.439216
0.427451
0.435294
0.501961
0.498039
0.478431
0.478431
0.478431
0.454902
0.517647
0.564706
0.509804
0.454902
0.454902
0.525490
0.552941
0.498039
0.458824
0.529412
0.529412
0.537255
0.549020
0.490196
0.454902
0.466667
0.509804
