0.945098
0.917647
0.945098
0.921569
0.870588
0.847059
0.847059
0.850980
0.713725
0.482353
0.227451
0.058824
0.070588
0.243137
0.360784
0.352941
0.321569
0.360784
0.498039
0.674510
0.776471
0.796078
0.800000
0.843137
0.752941
0.631373
0.811765
0.901961
0.843137
0.921569
0.909804
0.792157
0.952941
0.937255
0.905882
0.847059
0.898039
0.909804
0.737255
0.509804
0.301961
0.164706
0.062745
0.094118
0.325490
0.584314
0.435294
0.368627
0.384314
0.564706
0.776471
0.874510
0.949020
0.960784
0.882353
0.862745
0.874510
0.835294
0.890196
0.831373
0.898039
0.933333
0.847059
0.792157
0.945098
0.890196
0.870588
0.905882
0.823529
0.588235
0.349020
0.211765
0.329412
0.388235
0.203922
0.470588
0.772549
0.823529
0.549020
0.545098
0.737255
0.862745
0.945098
0.925490
0.917647
0.854902
0.847059
0.937255
0.956863
0.929412
0.831373
0.890196
0.960784
0.913725
0.796078
0.866667
0.874510
0.917647
0.886275
0.705882
0.400000
0.219608
0.305882
0.403922
0.556863
0.631373
0.650980
0.807843
0.823529
0.819608
0.792157
0.831373
0.901961
0.941176
0.952941
0.929412
0.878431
0.827451
0.909804
0.945098
0.925490
0.839216
0.870588
0.937255
0.870588
0.792157
0.807843
0.878431
0.941176
0.847059
0.580392
0.282353
0.149020
0.345098
0.537255
0.556863
0.635294
0.749020
0.792157
0.749020
0.725490
0.796078
0.886275
0.909804
0.949020
0.964706
0.929412
0.890196
0.850980
0.929412
0.952941
0.945098
0.913725
0.901961
0.960784
0.937255
0.792157
0.733333
0.854902
0.866667
0.749020
0.407843
0.160784
0.117647
0.333333
0.635294
0.650980
0.600000
0.650980
0.772549
0.756863
0.796078
0.847059
0.815686
0.827451
0.890196
0.937255
0.921569
0.917647
0.835294
0.886275
0.937255
0.929412
0.909804
0.827451
0.886275
0.952941
0.949020
0.768627
0.784314
0.901961
0.866667
0.290196
0.105882
0.082353
0.262745
0.623529
0.752941
0.658824
0.603922
0.662745
0.749020
0.784314
0.847059
0.835294
0.737255
0.737255
0.850980
0.921569
0.921569
0.823529
0.819608
0.913725
0.925490
0.905882
0.788235
0.690196
0.647059
0.792157
0.866667
0.796078
0.905882
0.894118
0.870588
0.094118
0.078431
0.176471
0.572549
0.784314
0.674510
0.596078
0.611765
0.654902
0.686275
0.670588
0.666667
0.682353
0.690196
0.690196
0.729412
0.792157
0.788235
0.725490
0.725490
0.756863
0.800000
0.772549
0.647059
0.631373
0.670588
0.682353
0.788235
0.905882
0.901961
0.862745
0.898039
0.078431
0.109804
0.474510
0.831373
0.768627
0.635294
0.592157
0.623529
0.607843
0.584314
0.580392
0.623529
0.701961
0.717647
0.705882
0.654902
0.643137
0.635294
0.650980
0.658824
0.631373
0.619608
0.623529
0.603922
0.611765
0.654902
0.658824
0.721569
0.815686
0.803922
0.866667
0.909804
0.090196
0.364706
0.776471
0.803922
0.729412
0.745098
0.678431
0.654902
0.611765
0.584314
0.600000
0.654902
0.701961
0.698039
0.705882
0.698039
0.694118
0.678431
0.650980
0.639216
0.627451
0.615686
0.607843
0.619608
0.643137
0.654902
0.662745
0.690196
0.713725
0.741176
0.811765
0.905882
0.274510
0.682353
0.854902
0.847059
0.752941
0.760784
0.741176
0.694118
0.611765
0.572549
0.580392
0.635294
0.713725
0.682353
0.662745
0.674510
0.666667
0.666667
0.647059
0.639216
0.627451
0.619608
0.639216
0.631373
0.635294
0.654902
0.694118
0.745098
0.772549
0.741176
0.701961
0.874510
0.694118
0.709804
0.792157
0.901961
0.749020
0.705882
0.733333
0.686275
0.619608
0.600000
0.631373
0.658824
0.713725
0.670588
0.678431
0.682353
0.654902
0.654902
0.654902
0.643137
0.619608
0.647059
0.650980
0.596078
0.596078
0.662745
0.768627
0.760784
0.674510
0.631373
0.741176
0.905882
0.784314
0.654902
0.756863
0.835294
0.862745
0.749020
0.717647
0.705882
0.701961
0.690196
0.717647
0.764706
0.784314
0.807843
0.843137
0.823529
0.847059
0.847059
0.780392
0.749020
0.764706
0.811765
0.733333
0.635294
0.654902
0.592157
0.592157
0.627451
0.654902
0.764706
0.917647
0.894118
0.752941
0.701961
0.811765
0.803922
0.901961
0.803922
0.682353
0.639216
0.603922
0.552941
0.521569
0.560784
0.611765
0.678431
0.690196
0.658824
0.725490
0.749020
0.698039
0.690196
0.725490
0.733333
0.694118
0.549020
0.423529
0.403922
0.658824
0.803922
0.815686
0.929412
0.917647
0.831373
0.933333
0.792157
0.835294
0.780392
0.854902
0.803922
0.682353
0.709804
0.725490
0.631373
0.596078
0.568627
0.533333
0.541176
0.572549
0.580392
0.494118
0.443137
0.423529
0.423529
0.423529
0.447059
0.490196
0.419608
0.321569
0.588235
0.854902
0.737255
0.858824
0.972549
0.878431
0.870588
0.949020
0.807843
0.792157
0.725490
0.819608
0.886275
0.752941
0.752941
0.768627
0.666667
0.600000
0.686275
0.643137
0.619608
0.647059
0.639216
0.615686
0.568627
0.537255
0.545098
0.525490
0.600000
0.658824
0.690196
0.643137
0.654902
0.470588
0.321569
0.501961
0.721569
0.827451
0.925490
0.905882
0.792157
0.749020
0.650980
0.784314
0.917647
0.811765
0.741176
0.772549
0.658824
0.415686
0.560784
0.678431
0.725490
0.721569
0.682353
0.690196
0.682353
0.698039
0.776471
0.780392
0.784314
0.745098
0.678431
0.509804
0.325490
0.176471
0.164706
0.172549
0.352941
0.756863
0.952941
0.894118
0.776471
0.745098
0.619608
0.752941
0.878431
0.839216
0.745098
0.772549
0.698039
0.572549
0.780392
0.756863
0.674510
0.643137
0.572549
0.615686
0.800000
0.847059
0.776471
0.678431
0.482353
0.321569
0.250980
0.192157
0.152941
0.152941
0.149020
0.137255
0.196078
0.564706
0.901961
0.870588
0.800000
0.850980
0.764706
0.737255
0.835294
0.835294
0.749020
0.756863
0.772549
0.854902
0.949020
0.937255
0.854902
0.615686
0.603922
0.823529
0.882353
0.741176
0.533333
0.329412
0.176471
0.149020
0.184314
0.168627
0.152941
0.172549
0.152941
0.152941
0.184314
0.470588
0.854902
0.886275
0.847059
0.925490
0.823529
0.705882
0.784314
0.835294
0.772549
0.768627
0.784314
0.890196
0.952941
0.945098
0.988235
0.827451
0.803922
0.843137
0.658824
0.419608
0.254902
0.172549
0.164706
0.152941
0.172549
0.145098
0.164706
0.200000
0.219608
0.270588
0.396078
0.694118
0.858824
0.866667
0.733333
0.878431
0.854902
0.717647
0.698039
0.827451
0.811765
0.764706
0.764706
0.882353
0.972549
0.913725
0.890196
0.847059
0.776471
0.670588
0.431373
0.223529
0.200000
0.231373
0.203922
0.188235
0.180392
0.164706
0.250980
0.396078
0.505882
0.686275
0.843137
0.898039
0.894118
0.960784
0.784314
0.760784
0.850980
0.819608
0.705882
0.772549
0.792157
0.741176
0.776471
0.890196
0.831373
0.490196
0.372549
0.576471
0.647059
0.647059
0.560784
0.435294
0.517647
0.607843
0.600000
0.588235
0.541176
0.576471
0.733333
0.870588
0.847059
0.917647
0.964706
0.937255
0.964706
0.976471
0.933333
0.772549
0.811765
0.854902
0.749020
0.701961
0.745098
0.745098
0.823529
0.839216
0.447059
0.215686
0.274510
0.356863
0.537255
0.619608
0.654902
0.682353
0.780392
0.905882
0.929412
0.921569
0.925490
0.933333
0.976471
0.964706
0.898039
0.937255
0.956863
0.937255
0.941176
0.964706
0.956863
0.792157
0.752941
0.850980
0.800000
0.666667
0.686275
0.760784
0.862745
0.654902
0.337255
0.600000
0.819608
0.533333
0.427451
0.521569
0.572549
0.639216
0.768627
0.901961
0.882353
0.827451
0.862745
0.925490
0.964706
0.870588
0.886275
0.949020
0.945098
0.925490
0.905882
0.968627
0.882353
0.862745
0.752941
0.784314
0.788235
0.737255
0.717647
0.819608
0.780392
0.474510
0.729412
0.952941
0.984314
0.886275
0.690196
0.564706
0.580392
0.772549
0.886275
0.909804
0.905882
0.827451
0.827451
0.929412
0.945098
0.831373
0.882353
0.933333
0.941176
0.929412
0.886275
0.878431
0.882353
0.960784
0.894118
0.807843
0.749020
0.764706
0.729412
0.709804
0.564706
0.647059
0.941176
0.972549
0.968627
0.952941
0.843137
0.878431
0.921569
0.949020
0.972549
0.960784
0.976471
0.945098
0.913725
0.941176
0.929412
0.882353
0.929412
0.933333
0.941176
0.917647
0.882353
0.866667
0.952941
0.949020
0.960784
0.949020
0.823529
0.729412
0.682353
0.498039
0.450980
0.831373
0.968627
0.952941
0.980392
0.917647
0.886275
0.972549
0.956863
0.945098
0.952941
0.964706
0.949020
0.921569
0.921569
0.972549
0.933333
0.945098
0.956863
0.945098
0.952941
0.905882
0.886275
0.949020
0.937255
0.956863
0.941176
0.956863
0.929412
0.768627
0.701961
0.674510
0.721569
0.870588
0.968627
0.972549
0.933333
0.858824
0.945098
0.960784
0.933333
0.945098
0.949020
0.976471
0.937255
0.909804
0.913725
0.941176
0.898039
0.960784
0.949020
0.952941
0.941176
0.890196
0.917647
0.960784
0.956863
0.956863
0.952941
0.956863
0.925490
0.749020
0.698039
0.705882
0.776471
0.898039
0.980392
0.980392
0.886275
0.890196
0.945098
0.949020
0.956863
0.949020
0.956863
0.949020
0.937255
0.929412
0.905882
0.843137
0.890196
0.960784
0.945098
0.945098
0.925490
0.890196
0.929412
0.984314
0.972549
0.972549
0.968627
0.941176
0.843137
0.780392
0.827451
0.882353
0.776471
0.741176
0.854902
0.929412
0.913725
0.968627
0.952941
0.952941
0.976471
0.964706
0.976471
0.909804
0.933333
0.964706
0.905882
0.815686
0.933333
0.941176
0.937255
0.952941
0.905882
0.898039
0.933333
0.988235
0.964706
0.980392
0.941176
0.858824
0.811765
0.866667
0.839216
0.976471
0.945098
0.878431
0.717647
0.733333
0.952941
0.968627
0.949020
0.952941
0.945098
0.952941
0.960784
0.925490
0.937255
0.960784
0.890196
0.882353
0.952941
0.921569
0.925490
0.952941
0.929412
0.917647
0.929412
0.992157
0.980392
0.952941
0.862745
0.796078
0.882353
0.917647
0.913725
0.952941
0.968627
0.968627
0.811765
0.745098
0.941176
0.952941
0.952941
0.949020
0.929412
0.925490
0.945098
0.937255
0.949020
0.929412
0.854902
0.929412
0.949020
0.929412
0.933333
0.937255
0.929412
0.937255
0.929412
0.878431
0.866667
0.874510
0.823529
0.788235
0.768627
0.756863
0.749020
0.592157
0.352941
0.137255
0.015686
0.027451
0.172549
0.247059
0.231373
0.203922
0.243137
0.388235
0.537255
0.607843
0.611765
0.619608
0.690196
0.623529
0.505882
0.701961
0.792157
0.741176
0.866667
0.823529
0.674510
0.921569
0.894118
0.831373
0.741176
0.800000
0.819608
0.643137
0.392157
0.160784
0.047059
0.000000
0.043137
0.250980
0.466667
0.294118
0.227451
0.254902
0.447059
0.686275
0.819608
0.866667
0.847059
0.764706
0.768627
0.803922
0.760784
0.807843
0.733333
0.803922
0.874510
0.760784
0.674510
0.913725
0.827451
0.780392
0.796078
0.721569
0.466667
0.200000
0.050980
0.164706
0.258824
0.125490
0.407843
0.670588
0.674510
0.396078
0.403922
0.611765
0.756863
0.874510
0.913725
0.878431
0.784314
0.784314
0.890196
0.921569
0.882353
0.764706
0.803922
0.882353
0.858824
0.709804
0.749020
0.803922
0.815686
0.760784
0.584314
0.282353
0.086275
0.141176
0.219608
0.364706
0.443137
0.517647
0.725490
0.721569
0.678431
0.654902
0.709804
0.800000
0.862745
0.901961
0.890196
0.819608
0.752941
0.862745
0.921569
0.878431
0.780392
0.807843
0.874510
0.811765
0.741176
0.717647
0.760784
0.827451
0.701961
0.431373
0.156863
0.039216
0.223529
0.380392
0.356863
0.388235
0.466667
0.580392
0.631373
0.627451
0.674510
0.776471
0.819608
0.882353
0.917647
0.886275
0.811765
0.760784
0.850980
0.913725
0.921569
0.843137
0.827451
0.894118
0.882353
0.745098
0.678431
0.764706
0.752941
0.619608
0.305882
0.062745
0.000000
0.180392
0.454902
0.435294
0.352941
0.372549
0.462745
0.513725
0.643137
0.729412
0.686275
0.721569
0.831373
0.913725
0.882353
0.839216
0.752941
0.850980
0.933333
0.921569
0.874510
0.772549
0.823529
0.862745
0.850980
0.670588
0.701961
0.815686
0.780392
0.184314
0.035294
0.000000
0.129412
0.439216
0.533333
0.407843
0.341176
0.396078
0.474510
0.564706
0.705882
0.721569
0.607843
0.600000
0.764706
0.870588
0.835294
0.686275
0.701961
0.850980
0.901961
0.850980
0.709804
0.658824
0.603922
0.717647
0.768627
0.690196
0.819608
0.815686
0.796078
0.015686
0.003922
0.074510
0.435294
0.603922
0.450980
0.341176
0.364706
0.435294
0.478431
0.501961
0.552941
0.600000
0.600000
0.564706
0.631373
0.717647
0.690196
0.588235
0.584314
0.654902
0.729412
0.686275
0.560784
0.635294
0.670588
0.658824
0.741176
0.850980
0.843137
0.792157
0.815686
0.019608
0.027451
0.360784
0.690196
0.576471
0.403922
0.345098
0.403922
0.443137
0.450980
0.470588
0.545098
0.654902
0.686275
0.658824
0.623529
0.627451
0.607843
0.596078
0.584314
0.580392
0.592157
0.592157
0.588235
0.654902
0.701961
0.690196
0.737255
0.815686
0.780392
0.815686
0.823529
0.015686
0.262745
0.647059
0.650980
0.517647
0.498039
0.443137
0.470588
0.494118
0.505882
0.517647
0.580392
0.658824
0.686275
0.705882
0.705882
0.705882
0.686275
0.650980
0.619608
0.615686
0.627451
0.631373
0.654902
0.694118
0.709804
0.721569
0.741176
0.756863
0.760784
0.784314
0.819608
0.164706
0.552941
0.705882
0.678431
0.525490
0.509804
0.521569
0.529412
0.509804
0.501961
0.494118
0.541176
0.650980
0.658824
0.639216
0.643137
0.635294
0.639216
0.623529
0.611765
0.603922
0.603922
0.647059
0.654902
0.666667
0.690196
0.733333
0.788235
0.811765
0.772549
0.678431
0.780392
0.533333
0.533333
0.627451
0.752941
0.552941
0.478431
0.509804
0.490196
0.466667
0.494118
0.505882
0.517647
0.607843
0.607843
0.611765
0.611765
0.584314
0.584314
0.596078
0.619608
0.596078
0.619608
0.627451
0.584314
0.615686
0.647059
0.709804
0.698039
0.600000
0.517647
0.615686
0.772549
0.615686
0.462745
0.580392
0.686275
0.690196
0.541176
0.494118
0.486275
0.513725
0.545098
0.564706
0.600000
0.650980
0.709804
0.756863
0.737255
0.760784
0.756863
0.698039
0.690196
0.705882
0.745098
0.650980
0.564706
0.615686
0.501961
0.443137
0.470588
0.494118
0.576471
0.741176
0.745098
0.607843
0.517647
0.623529
0.631373
0.721569
0.600000
0.458824
0.419608
0.407843
0.380392
0.345098
0.388235
0.458824
0.556863
0.580392
0.549020
0.611765
0.631373
0.572549
0.556863
0.588235
0.588235
0.529412
0.380392
0.270588
0.235294
0.478431
0.631373
0.650980
0.768627
0.768627
0.698039
0.807843
0.611765
0.635294
0.580392
0.674510
0.611765
0.466667
0.498039
0.529412
0.431373
0.396078
0.384314
0.364706
0.384314
0.427451
0.439216
0.345098
0.290196
0.262745
0.235294
0.227451
0.243137
0.270588
0.184314
0.090196
0.376471
0.662745
0.560784
0.698039
0.835294
0.749020
0.752941
0.839216
0.623529
0.560784
0.494118
0.639216
0.705882
0.545098
0.556863
0.580392
0.443137
0.384314
0.498039
0.462745
0.435294
0.466667
0.462745
0.435294
0.388235
0.352941
0.360784
0.337255
0.400000
0.447059
0.462745
0.423529
0.470588
0.305882
0.149020
0.329412
0.580392
0.705882
0.815686
0.807843
0.603922
0.498039
0.396078
0.596078
0.737255
0.615686
0.556863
0.588235
0.423529
0.192157
0.372549
0.498039
0.529412
0.521569
0.482353
0.490196
0.482353
0.501961
0.607843
0.615686
0.615686
0.568627
0.474510
0.294118
0.152941
0.050980
0.031373
0.031373
0.215686
0.631373
0.835294
0.784314
0.584314
0.498039
0.364706
0.521569
0.674510
0.658824
0.564706
0.560784
0.447059
0.352941
0.619608
0.615686
0.513725
0.447059
0.368627
0.407843
0.584314
0.615686
0.529412
0.462745
0.301961
0.156863
0.090196
0.039216
0.023529
0.047059
0.050980
0.023529
0.054902
0.415686
0.768627
0.756863
0.611765
0.631373
0.537255
0.490196
0.615686
0.658824
0.568627
0.529412
0.521569
0.658824
0.819608
0.831373
0.725490
0.427451
0.396078
0.615686
0.666667
0.509804
0.294118
0.137255
0.035294
0.023529
0.062745
0.050980
0.035294
0.047059
0.023529
0.015686
0.035294
0.317647
0.717647
0.776471
0.678431
0.741176
0.635294
0.482353
0.560784
0.643137
0.588235
0.549020
0.549020
0.717647
0.850980
0.850980
0.862745
0.631373
0.584314
0.627451
0.450980
0.223529
0.090196
0.043137
0.062745
0.043137
0.050980
0.015686
0.019608
0.035294
0.039216
0.094118
0.250980
0.552941
0.733333
0.764706
0.584314
0.721569
0.701961
0.521569
0.474510
0.615686
0.615686
0.560784
0.545098
0.729412
0.878431
0.815686
0.764706
0.654902
0.549020
0.439216
0.219608
0.039216
0.027451
0.082353
0.070588
0.035294
0.015686
0.027451
0.105882
0.227451
0.313725
0.501961
0.698039
0.772549
0.780392
0.870588
0.650980
0.623529
0.725490
0.643137
0.482353
0.545098
0.592157
0.552941
0.568627
0.741176
0.717647
0.364706
0.235294
0.388235
0.407843
0.388235
0.333333
0.247059
0.313725
0.435294
0.454902
0.419608
0.360784
0.439216
0.596078
0.721569
0.690196
0.756863
0.811765
0.811765
0.862745
0.894118
0.815686
0.643137
0.694118
0.690196
0.525490
0.462745
0.537255
0.564706
0.627451
0.682353
0.305882
0.066667
0.129412
0.180392
0.301961
0.352941
0.415686
0.490196
0.607843
0.772549
0.831373
0.815686
0.800000
0.803922
0.847059
0.839216
0.776471
0.803922
0.807843
0.811765
0.839216
0.870588
0.835294
0.650980
0.611765
0.698039
0.615686
0.466667
0.490196
0.580392
0.674510
0.486275
0.196078
0.474510
0.694118
0.376471
0.223529
0.290196
0.341176
0.439216
0.619608
0.784314
0.784314
0.733333
0.760784
0.819608
0.862745
0.768627
0.792157
0.850980
0.843137
0.827451
0.800000
0.847059
0.760784
0.737255
0.619608
0.643137
0.635294
0.572549
0.537255
0.631373
0.596078
0.309804
0.611765
0.862745
0.882353
0.752941
0.529412
0.392157
0.403922
0.611765
0.764706
0.796078
0.792157
0.705882
0.709804
0.839216
0.854902
0.737255
0.792157
0.854902
0.870588
0.847059
0.776471
0.729412
0.768627
0.870588
0.807843
0.690196
0.603922
0.607843
0.556863
0.525490
0.384314
0.501961
0.850980
0.901961
0.874510
0.839216
0.717647
0.780392
0.835294
0.858824
0.901961
0.882353
0.878431
0.819608
0.788235
0.847059
0.839216
0.788235
0.835294
0.854902
0.870588
0.831373
0.772549
0.713725
0.843137
0.886275
0.917647
0.858824
0.701961
0.588235
0.525490
0.329412
0.278431
0.709804
0.905882
0.898039
0.905882
0.835294
0.803922
0.909804
0.913725
0.905882
0.909804
0.909804
0.858824
0.800000
0.800000
0.882353
0.843137
0.850980
0.866667
0.862745
0.874510
0.815686
0.776471
0.803922
0.839216
0.901961
0.909804
0.886275
0.831373
0.647059
0.564706
0.521569
0.572549
0.776471
0.925490
0.925490
0.874510
0.800000
0.886275
0.901961
0.882353
0.901961
0.905882
0.921569
0.866667
0.819608
0.815686
0.850980
0.807843
0.866667
0.858824
0.870588
0.862745
0.803922
0.811765
0.839216
0.866667
0.898039
0.909804
0.890196
0.839216
0.647059
0.580392
0.572549
0.650980
0.819608
0.941176
0.933333
0.839216
0.850980
0.898039
0.894118
0.890196
0.874510
0.894118
0.890196
0.878431
0.874510
0.839216
0.752941
0.796078
0.866667
0.854902
0.862745
0.847059
0.803922
0.823529
0.870588
0.882353
0.898039
0.905882
0.854902
0.749020
0.682353
0.741176
0.792157
0.690196
0.666667
0.772549
0.847059
0.858824
0.925490
0.898039
0.886275
0.894118
0.874510
0.905882
0.847059
0.882353
0.909804
0.831373
0.705882
0.831373
0.854902
0.858824
0.870588
0.800000
0.796078
0.827451
0.870588
0.866667
0.898039
0.866667
0.756863
0.709804
0.776471
0.768627
0.905882
0.890196
0.803922
0.607843
0.627451
0.890196
0.913725
0.886275
0.878431
0.858824
0.854902
0.874510
0.862745
0.890196
0.894118
0.792157
0.752941
0.843137
0.839216
0.862745
0.870588
0.803922
0.807843
0.823529
0.894118
0.894118
0.874510
0.784314
0.698039
0.788235
0.839216
0.839216
0.886275
0.917647
0.898039
0.709804
0.647059
0.870588
0.894118
0.886275
0.870588
0.839216
0.827451
0.854902
0.874510
0.898039
0.850980
0.745098
0.807843
0.847059
0.850980
0.874510
0.862745
0.819608
0.839216
0.823529
0.490196
0.470588
0.470588
0.419608
0.392157
0.364706
0.341176
0.329412
0.203922
0.098039
0.039216
0.011765
0.015686
0.074510
0.105882
0.090196
0.050980
0.050980
0.117647
0.207843
0.262745
0.258824
0.235294
0.286275
0.243137
0.141176
0.329412
0.423529
0.364706
0.458824
0.431373
0.309804
0.517647
0.474510
0.407843
0.341176
0.439216
0.376471
0.176471
0.094118
0.062745
0.027451
0.000000
0.019608
0.125490
0.223529
0.098039
0.050980
0.047059
0.184314
0.345098
0.462745
0.505882
0.466667
0.352941
0.356863
0.447059
0.411765
0.443137
0.356863
0.415686
0.466667
0.368627
0.309804
0.501961
0.403922
0.384314
0.419608
0.317647
0.172549
0.066667
0.003922
0.074510
0.125490
0.023529
0.231373
0.400000
0.356863
0.145098
0.156863
0.317647
0.415686
0.490196
0.525490
0.498039
0.396078
0.376471
0.490196
0.564706
0.525490
0.396078
0.423529
0.486275
0.447059
0.313725
0.380392
0.407843
0.427451
0.423529
0.329412
0.121569
0.011765
0.058824
0.047059
0.066667
0.105882
0.176471
0.349020
0.345098
0.309804
0.286275
0.360784
0.466667
0.517647
0.517647
0.478431
0.419608
0.380392
0.498039
0.552941
0.498039
0.396078
0.423529
0.486275
0.411765
0.329412
0.325490
0.392157
0.443137
0.356863
0.200000
0.070588
0.015686
0.078431
0.101961
0.043137
0.082353
0.105882
0.156863
0.164706
0.168627
0.243137
0.337255
0.415686
0.521569
0.568627
0.509804
0.384314
0.356863
0.494118
0.584314
0.576471
0.431373
0.415686
0.490196
0.482353
0.345098
0.266667
0.372549
0.380392
0.294118
0.113725
0.003922
0.000000
0.054902
0.156863
0.070588
0.023529
0.105882
0.101961
0.062745
0.145098
0.227451
0.215686
0.286275
0.423529
0.521569
0.482353
0.415686
0.333333
0.470588
0.592157
0.568627
0.486275
0.341176
0.415686
0.482353
0.447059
0.254902
0.294118
0.415686
0.396078
0.058824
0.015686
0.003922
0.054902
0.180392
0.188235
0.058824
0.027451
0.121569
0.137255
0.156863
0.254902
0.274510
0.192157
0.207843
0.384314
0.486275
0.427451
0.258824
0.301961
0.498039
0.568627
0.486275
0.301961
0.235294
0.215686
0.364706
0.400000
0.305882
0.431373
0.427451
0.415686
0.019608
0.035294
0.027451
0.196078
0.219608
0.109804
0.058824
0.074510
0.117647
0.145098
0.137255
0.152941
0.207843
0.235294
0.203922
0.262745
0.341176
0.301961
0.188235
0.192157
0.290196
0.368627
0.298039
0.133333
0.168627
0.235294
0.266667
0.368627
0.474510
0.462745
0.423529
0.454902
0.019608
0.011765
0.156863
0.266667
0.113725
0.050980
0.074510
0.101961
0.066667
0.050980
0.047059
0.109804
0.235294
0.298039
0.278431
0.223529
0.211765
0.184314
0.180392
0.172549
0.172549
0.172549
0.145098
0.094118
0.094118
0.152941
0.176471
0.262745
0.368627
0.356863
0.435294
0.470588
0.000000
0.109804
0.301961
0.184314
0.078431
0.125490
0.113725
0.117647
0.082353
0.058824
0.058824
0.125490
0.231373
0.290196
0.298039
0.258824
0.235294
0.223529
0.207843
0.188235
0.168627
0.149020
0.125490
0.121569
0.109804
0.109804
0.125490
0.180392
0.223529
0.243137
0.349020
0.454902
0.066667
0.270588
0.321569
0.282353
0.156863
0.133333
0.129412
0.121569
0.094118
0.078431
0.070588
0.133333
0.270588
0.301961
0.235294
0.188235
0.152941
0.164706
0.176471
0.180392
0.141176
0.109804
0.121569
0.133333
0.145098
0.133333
0.156863
0.243137
0.266667
0.196078
0.203922
0.407843
0.282353
0.235294
0.282353
0.388235
0.207843
0.117647
0.121569
0.105882
0.101961
0.125490
0.141176
0.160784
0.266667
0.274510
0.250980
0.231373
0.184314
0.184314
0.196078
0.188235
0.137255
0.137255
0.149020
0.113725
0.129412
0.176471
0.278431
0.313725
0.215686
0.101961
0.243137
0.439216
0.298039
0.164706
0.243137
0.309804
0.325490
0.184314
0.141176
0.160784
0.215686
0.239216
0.250980
0.286275
0.333333
0.384314
0.411765
0.388235
0.423529
0.423529
0.360784
0.313725
0.301961
0.333333
0.262745
0.184314
0.211765
0.145098
0.145098
0.203922
0.207843
0.227451
0.396078
0.403922
0.266667
0.203922
0.282353
0.254902
0.356863
0.250980
0.133333
0.141176
0.168627
0.129412
0.090196
0.125490
0.176471
0.243137
0.223529
0.200000
0.294118
0.345098
0.305882
0.274510
0.290196
0.282353
0.235294
0.141176
0.121569
0.066667
0.196078
0.266667
0.250980
0.364706
0.364706
0.301961
0.435294
0.290196
0.309804
0.227451
0.321569
0.270588
0.152941
0.243137
0.313725
0.192157
0.168627
0.160784
0.101961
0.074510
0.078431
0.101961
0.047059
0.035294
0.039216
0.023529
0.011765
0.023529
0.043137
0.011765
0.000000
0.200000
0.376471
0.192157
0.290196
0.443137
0.333333
0.321569
0.478431
0.325490
0.278431
0.192157
0.305882
0.368627
0.223529
0.274510
0.337255
0.203922
0.172549
0.282353
0.192157
0.109804
0.145098
0.160784
0.152941
0.121569
0.109804
0.129412
0.090196
0.141176
0.203922
0.227451
0.133333
0.207843
0.145098
0.062745
0.203922
0.309804
0.341176
0.400000
0.466667
0.333333
0.258824
0.156863
0.290196
0.407843
0.278431
0.235294
0.301961
0.180392
0.031373
0.149020
0.192157
0.176471
0.235294
0.215686
0.215686
0.203922
0.231373
0.345098
0.333333
0.325490
0.305882
0.262745
0.133333
0.047059
0.003922
0.027451
0.027451
0.078431
0.341176
0.462745
0.435294
0.305882
0.247059
0.117647
0.231373
0.372549
0.309804
0.211765
0.274510
0.176471
0.121569
0.258824
0.172549
0.098039
0.184314
0.129412
0.133333
0.270588
0.286275
0.262745
0.247059
0.152941
0.050980
0.007843
0.003922
0.000000
0.015686
0.027451
0.027451
0.023529
0.219608
0.435294
0.411765
0.305882
0.317647
0.203922
0.176471
0.325490
0.309804
0.207843
0.262745
0.215686
0.258824
0.294118
0.270588
0.250980
0.121569
0.125490
0.321569
0.368627
0.231373
0.117647
0.047059
0.003922
0.007843
0.043137
0.031373
0.023529
0.039216
0.027451
0.019608
0.003922
0.129412
0.380392
0.454902
0.352941
0.356863
0.211765
0.125490
0.262745
0.305882
0.235294
0.274510
0.219608
0.207843
0.227451
0.270588
0.376471
0.227451
0.227451
0.321569
0.223529
0.082353
0.027451
0.011765
0.039216
0.031373
0.050980
0.039216
0.027451
0.015686
0.003922
0.015686
0.074510
0.262745
0.376471
0.450980
0.243137
0.301961
0.227451
0.117647
0.164706
0.290196
0.270588
0.278431
0.192157
0.160784
0.262745
0.325490
0.349020
0.231373
0.160784
0.133333
0.043137
0.000000
0.000000
0.035294
0.027451
0.000000
0.000000
0.000000
0.023529
0.082353
0.121569
0.239216
0.356863
0.400000
0.400000
0.537255
0.317647
0.239216
0.282353
0.207843
0.152941
0.231373
0.250980
0.262745
0.207843
0.211765
0.282353
0.145098
0.074510
0.133333
0.113725
0.105882
0.109804
0.094118
0.176471
0.250980
0.254902
0.235294
0.207843
0.243137
0.345098
0.423529
0.352941
0.380392
0.400000
0.415686
0.486275
0.533333
0.494118
0.313725
0.321569
0.258824
0.184314
0.156863
0.203922
0.258824
0.258824
0.243137
0.105882
0.043137
0.062745
0.078431
0.121569
0.094118
0.137255
0.211765
0.298039
0.415686
0.447059
0.458824
0.478431
0.486275
0.521569
0.498039
0.423529
0.419608
0.380392
0.423529
0.474510
0.490196
0.501961
0.345098
0.301961
0.317647
0.258824
0.133333
0.156863
0.239216
0.305882
0.227451
0.070588
0.266667
0.427451
0.203922
0.070588
0.101961
0.105882
0.137255
0.239216
0.376471
0.372549
0.337255
0.384314
0.454902
0.513725
0.423529
0.439216
0.470588
0.431373
0.431373
0.419608
0.470588
0.415686
0.419608
0.317647
0.298039
0.282353
0.231373
0.211765
0.298039
0.282353
0.141176
0.364706
0.466667
0.501961
0.447059
0.298039
0.215686
0.203922
0.317647
0.407843
0.423529
0.419608
0.329412
0.329412
0.454902
0.498039
0.396078
0.427451
0.466667
0.482353
0.458824
0.392157
0.364706
0.415686
0.529412
0.470588
0.349020
0.270588
0.294118
0.262745
0.254902
0.164706
0.282353
0.509804
0.501961
0.513725
0.482353
0.407843
0.521569
0.568627
0.549020
0.560784
0.525490
0.505882
0.431373
0.392157
0.462745
0.482353
0.443137
0.470588
0.474510
0.513725
0.470588
0.407843
0.349020
0.478431
0.517647
0.549020
0.509804
0.372549
0.286275
0.250980
0.117647
0.133333
0.431373
0.521569
0.517647
0.560784
0.447059
0.435294
0.592157
0.603922
0.580392
0.580392
0.560784
0.490196
0.411765
0.396078
0.498039
0.486275
0.505882
0.498039
0.490196
0.541176
0.478431
0.415686
0.439216
0.462745
0.513725
0.513725
0.505882
0.478431
0.333333
0.286275
0.290196
0.368627
0.450980
0.560784
0.607843
0.537255
0.419608
0.513725
0.552941
0.545098
0.568627
0.564706
0.568627
0.498039
0.443137
0.427451
0.470588
0.450980
0.521569
0.490196
0.498039
0.529412
0.458824
0.435294
0.466667
0.482353
0.501961
0.498039
0.486275
0.462745
0.309804
0.286275
0.317647
0.384314
0.462745
0.635294
0.686275
0.501961
0.498039
0.545098
0.537255
0.545098
0.533333
0.537255
0.525490
0.513725
0.513725
0.470588
0.376471
0.435294
0.517647
0.486275
0.490196
0.501961
0.439216
0.427451
0.509804
0.513725
0.521569
0.525490
0.478431
0.372549
0.313725
0.396078
0.482353
0.396078
0.352941
0.498039
0.592157
0.537255
0.568627
0.533333
0.521569
0.537255
0.513725
0.521569
0.458824
0.501961
0.549020
0.482353
0.349020
0.454902
0.466667
0.486275
0.521569
0.470588
0.431373
0.423529
0.521569
0.517647
0.541176
0.509804
0.407843
0.341176
0.384314
0.388235
0.560784
0.584314
0.517647
0.317647
0.325490
0.568627
0.545098
0.509804
0.505882
0.490196
0.482353
0.474510
0.458824
0.498039
0.525490
0.447059
0.415686
0.454902
0.419608
0.486275
0.549020
0.486275
0.443137
0.423529
0.537255
0.541176
0.513725
0.427451
0.349020
0.419608
0.443137
0.458824
0.529412
0.584314
0.568627
0.380392
0.305882
0.509804
0.517647
0.509804
0.498039
0.470588
0.458824
0.458824
0.470588
0.498039
0.470588
0.388235
0.462745
0.458824
0.443137
0.513725
0.552941
0.494118
0.462745
0.415686
