1.000000
0.913725
0.850980
0.952941
0.913725
0.560784
0.784314
0.984314
0.984314
0.984314
0.972549
0.949020
0.996078
0.823529
0.400000
0.564706
0.505882
0.505882
0.662745
0.380392
0.600000
0.498039
0.576471
0.701961
0.768627
0.686275
0.611765
0.654902
0.647059
0.647059
0.666667
0.576471
1.000000
0.898039
0.760784
0.898039
0.905882
0.729412
0.909804
0.992157
0.992157
0.992157
0.976471
0.968627
1.000000
0.843137
0.427451
0.545098
0.509804
0.517647
0.639216
0.407843
0.568627
0.545098
0.592157
0.682353
0.760784
0.694118
0.611765
0.615686
0.678431
0.533333
0.658824
0.529412
1.000000
0.878431
0.674510
0.811765
0.917647
0.847059
0.937255
0.996078
0.996078
0.996078
0.956863
0.972549
1.000000
0.847059
0.509804
0.549020
0.509804
0.525490
0.600000
0.435294
0.513725
0.525490
0.545098
0.576471
0.670588
0.725490
0.694118
0.556863
0.682353
0.541176
0.670588
0.580392
1.000000
0.878431
0.737255
0.827451
0.819608
0.745098
0.941176
0.996078
0.992157
0.984314
0.937255
0.976471
1.000000
0.839216
0.505882
0.533333
0.505882
0.533333
0.600000
0.368627
0.521569
0.545098
0.666667
0.650980
0.686275
0.772549
0.749020
0.658824
0.705882
0.639216
0.729412
0.635294
1.000000
0.898039
0.737255
0.803922
0.772549
0.737255
0.937255
0.960784
0.964706
0.988235
0.960784
0.980392
1.000000
0.835294
0.490196
0.474510
0.509804
0.592157
0.780392
0.666667
0.780392
0.839216
0.909804
0.870588
0.866667
0.890196
0.874510
0.760784
0.666667
0.517647
0.647059
0.505882
1.000000
0.941176
0.800000
0.721569
0.792157
0.843137
0.945098
0.847059
0.800000
0.870588
0.870588
0.823529
0.752941
0.603922
0.419608
0.321569
0.250980
0.580392
0.984314
0.976471
0.992157
0.972549
0.980392
0.988235
0.976471
0.980392
0.980392
0.937255
0.827451
0.501961
0.588235
0.482353
1.000000
0.905882
0.776471
0.584314
0.701961
0.835294
0.768627
0.415686
0.298039
0.317647
0.380392
0.380392
0.321569
0.223529
0.235294
0.184314
0.152941
0.654902
0.960784
0.901961
0.890196
0.866667
0.847059
0.752941
0.701961
0.772549
0.780392
0.839216
0.878431
0.705882
0.662745
0.639216
1.000000
0.847059
0.568627
0.466667
0.713725
0.760784
0.454902
0.188235
0.082353
0.094118
0.129412
0.164706
0.278431
0.133333
0.133333
0.117647
0.231373
0.729412
0.835294
0.803922
0.721569
0.603922
0.678431
0.572549
0.313725
0.352941
0.364706
0.392157
0.419608
0.419608
0.627451
0.682353
1.000000
0.847059
0.443137
0.400000
0.568627
0.619608
0.341176
0.156863
0.054902
0.054902
0.070588
0.105882
0.250980
0.094118
0.086275
0.062745
0.219608
0.772549
0.470588
0.607843
0.349020
0.168627
0.482353
0.458824
0.137255
0.223529
0.231373
0.301961
0.372549
0.329412
0.435294
0.584314
1.000000
0.847059
0.400000
0.447059
0.462745
0.462745
0.274510
0.121569
0.035294
0.031373
0.050980
0.105882
0.219608
0.094118
0.149020
0.105882
0.203922
0.701961
0.200000
0.458824
0.172549
0.015686
0.392157
0.439216
0.149020
0.400000
0.352941
0.407843
0.525490
0.388235
0.325490
0.580392
1.000000
0.827451
0.474510
0.615686
0.611765
0.341176
0.203922
0.090196
0.047059
0.082353
0.211765
0.262745
0.282353
0.168627
0.301961
0.184314
0.227451
0.674510
0.235294
0.525490
0.200000
0.027451
0.415686
0.435294
0.078431
0.270588
0.274510
0.352941
0.505882
0.376471
0.298039
0.572549
1.000000
0.854902
0.596078
0.596078
0.580392
0.294118
0.188235
0.070588
0.047059
0.078431
0.133333
0.152941
0.250980
0.101961
0.117647
0.078431
0.254902
0.752941
0.282353
0.564706
0.203922
0.105882
0.435294
0.450980
0.039216
0.149020
0.231373
0.356863
0.490196
0.388235
0.286275
0.556863
1.000000
0.854902
0.611765
0.615686
0.568627
0.239216
0.145098
0.050980
0.054902
0.050980
0.035294
0.062745
0.215686
0.050980
0.074510
0.058824
0.243137
0.772549
0.352941
0.556863
0.243137
0.266667
0.560784
0.509804
0.184314
0.509804
0.329412
0.301961
0.439216
0.345098
0.329412
0.545098
1.000000
0.862745
0.615686
0.631373
0.576471
0.239216
0.141176
0.035294
0.027451
0.035294
0.035294
0.062745
0.203922
0.054902
0.062745
0.050980
0.262745
0.874510
0.803922
0.843137
0.764706
0.745098
0.843137
0.666667
0.411765
0.623529
0.517647
0.337255
0.352941
0.321569
0.431373
0.552941
1.000000
0.866667
0.611765
0.615686
0.576471
0.305882
0.211765
0.098039
0.129412
0.129412
0.219608
0.262745
0.235294
0.164706
0.298039
0.196078
0.286275
0.925490
0.949020
0.913725
0.972549
0.984314
0.960784
0.913725
0.839216
0.788235
0.839216
0.827451
0.768627
0.800000
0.800000
0.607843
1.000000
0.870588
0.611765
0.603922
0.549020
0.337255
0.341176
0.270588
0.313725
0.317647
0.372549
0.396078
0.360784
0.317647
0.439216
0.333333
0.329412
0.713725
0.749020
0.756863
0.807843
0.831373
0.839216
0.843137
0.862745
0.886275
0.862745
0.843137
0.831373
0.847059
0.772549
0.611765
1.000000
0.870588
0.611765
0.600000
0.549020
0.298039
0.262745
0.207843
0.254902
0.282353
0.262745
0.313725
0.494118
0.337255
0.349020
0.321569
0.301961
0.470588
0.541176
0.517647
0.498039
0.505882
0.501961
0.490196
0.541176
0.576471
0.564706
0.564706
0.560784
0.584314
0.552941
0.564706
1.000000
0.870588
0.600000
0.584314
0.517647
0.188235
0.113725
0.058824
0.137255
0.133333
0.074510
0.145098
0.403922
0.152941
0.141176
0.137255
0.200000
0.443137
0.486275
0.615686
0.796078
0.772549
0.784314
0.776471
0.780392
0.796078
0.803922
0.815686
0.811765
0.807843
0.768627
0.596078
1.000000
0.866667
0.596078
0.560784
0.517647
0.156863
0.058824
0.043137
0.094118
0.098039
0.007843
0.039216
0.129412
0.039216
0.027451
0.082353
0.062745
0.054902
0.043137
0.380392
0.945098
0.886275
0.984314
1.000000
0.800000
0.784314
0.698039
0.631373
0.643137
0.745098
0.658824
0.552941
1.000000
0.878431
0.619608
0.572549
0.545098
0.168627
0.031373
0.054902
0.058824
0.047059
0.007843
0.015686
0.000000
0.007843
0.015686
0.047059
0.015686
0.019608
0.003922
0.215686
0.878431
0.905882
0.909804
0.749020
0.584314
0.494118
0.396078
0.337255
0.317647
0.282353
0.341176
0.474510
1.000000
0.890196
0.662745
0.639216
0.639216
0.352941
0.050980
0.094118
0.133333
0.062745
0.007843
0.003922
0.011765
0.007843
0.007843
0.047059
0.019608
0.062745
0.090196
0.149020
0.847059
1.000000
0.811765
0.223529
0.109804
0.203922
0.125490
0.101961
0.113725
0.133333
0.211765
0.341176
1.000000
0.921569
0.764706
0.725490
0.713725
0.607843
0.388235
0.333333
0.180392
0.070588
0.019608
0.098039
0.058824
0.054902
0.007843
0.015686
0.019608
0.168627
0.286275
0.094118
0.454902
0.694118
0.564706
0.086275
0.039216
0.294118
0.172549
0.364706
0.435294
0.192157
0.168627
0.309804
1.000000
0.952941
0.874510
0.847059
0.807843
0.784314
0.776471
0.584314
0.258824
0.098039
0.043137
0.258824
0.254902
0.203922
0.019608
0.000000
0.027451
0.203922
0.329412
0.105882
0.019608
0.062745
0.066667
0.000000
0.023529
0.082353
0.074510
0.258824
0.258824
0.129412
0.196078
0.400000
1.000000
0.949020
0.858824
0.843137
0.823529
0.756863
0.627451
0.435294
0.227451
0.062745
0.015686
0.050980
0.086275
0.066667
0.007843
0.000000
0.031373
0.203922
0.266667
0.101961
0.101961
0.129412
0.129412
0.164706
0.027451
0.000000
0.058824
0.274510
0.298039
0.341176
0.400000
0.423529
1.000000
0.945098
0.803922
0.780392
0.772549
0.745098
0.705882
0.631373
0.478431
0.368627
0.341176
0.309804
0.258824
0.192157
0.129412
0.066667
0.035294
0.149020
0.192157
0.054902
0.125490
0.235294
0.309804
0.337255
0.066667
0.019608
0.294118
0.635294
0.596078
0.541176
0.505882
0.486275
1.000000
0.941176
0.803922
0.784314
0.800000
0.788235
0.760784
0.756863
0.760784
0.733333
0.717647
0.705882
0.654902
0.596078
0.513725
0.380392
0.215686
0.121569
0.090196
0.007843
0.003922
0.031373
0.062745
0.070588
0.031373
0.027451
0.231373
0.411765
0.498039
0.576471
0.639216
0.666667
1.000000
0.933333
0.792157
0.796078
0.807843
0.800000
0.788235
0.788235
0.784314
0.772549
0.764706
0.752941
0.745098
0.749020
0.733333
0.698039
0.603922
0.454902
0.286275
0.192157
0.125490
0.066667
0.047059
0.043137
0.062745
0.098039
0.141176
0.200000
0.294118
0.423529
0.552941
0.658824
1.000000
0.929412
0.772549
0.776471
0.792157
0.784314
0.784314
0.780392
0.784314
0.796078
0.796078
0.796078
0.780392
0.792157
0.776471
0.760784
0.756863
0.752941
0.733333
0.694118
0.619608
0.541176
0.482353
0.454902
0.462745
0.498039
0.545098
0.596078
0.643137
0.694118
0.701961
0.701961
1.000000
0.901961
0.725490
0.756863
0.780392
0.776471
0.780392
0.788235
0.796078
0.800000
0.803922
0.803922
0.811765
0.815686
0.807843
0.792157
0.803922
0.811765
0.811765
0.815686
0.823529
0.827451
0.819608
0.807843
0.803922
0.811765
0.819608
0.815686
0.835294
0.847059
0.839216
0.807843
1.000000
0.941176
0.862745
0.890196
0.905882
0.909804
0.917647
0.925490
0.929412
0.929412
0.937255
0.941176
0.921569
0.917647
0.929412
0.929412
0.941176
0.945098
0.937255
0.929412
0.949020
0.949020
0.941176
0.941176
0.945098
0.945098
0.941176
0.945098
0.949020
0.952941
0.960784
0.960784
1.000000
0.992157
1.000000
0.996078
0.996078
1.000000
1.000000
1.000000
1.000000
1.000000
1.000000
1.000000
0.996078
1.000000
0.996078
1.000000
1.000000
1.000000
1.000000
0.996078
1.000000
1.000000
1.000000
1.000000
1.000000
1.000000
1.000000
0.996078
0.996078
0.996078
0.996078
1.000000
1.000000
0.988235
0.988235
0.988235
0.988235
0.988235
0.988235
0.988235
0.992157
0.992157
0.992157
0.992157
0.988235
0.988235
0.988235
0.988235
0.988235
0.988235
0.988235
0.992157
0.988235
0.988235
0.988235
0.988235
0.988235
0.988235
0.988235
0.988235
0.992157
0.988235
0.988235
0.988235
1.000000
0.913725
0.850980
0.956863
0.913725
0.556863
0.784314
0.984314
0.984314
0.984314
0.972549
0.945098
0.988235
0.823529
0.388235
0.533333
0.513725
0.529412
0.674510
0.384314
0.588235
0.474510
0.564706
0.694118
0.760784
0.678431
0.603922
0.647059
0.639216
0.639216
0.662745
0.572549
1.000000
0.898039
0.760784
0.890196
0.894118
0.717647
0.898039
0.988235
0.992157
0.992157
0.976471
0.964706
1.000000
0.843137
0.419608
0.513725
0.513725
0.525490
0.639216
0.400000
0.541176
0.509804
0.576471
0.678431
0.756863
0.682353
0.603922
0.603922
0.666667
0.521569
0.647059
0.521569
1.000000
0.878431
0.674510
0.803922
0.901961
0.827451
0.921569
0.988235
0.996078
0.996078
0.956863
0.972549
1.000000
0.847059
0.501961
0.513725
0.498039
0.521569
0.588235
0.415686
0.470588
0.478431
0.521569
0.576471
0.670588
0.713725
0.686275
0.549020
0.670588
0.533333
0.662745
0.572549
1.000000
0.878431
0.737255
0.823529
0.815686
0.745098
0.937255
0.992157
0.992157
0.984314
0.937255
0.976471
1.000000
0.839216
0.498039
0.498039
0.482353
0.517647
0.572549
0.333333
0.462745
0.482353
0.635294
0.650980
0.686275
0.764706
0.745098
0.650980
0.701961
0.631373
0.725490
0.623529
1.000000
0.894118
0.737255
0.807843
0.780392
0.752941
0.945098
0.964706
0.964706
0.988235
0.960784
0.980392
0.996078
0.835294
0.482353
0.443137
0.486275
0.564706
0.741176
0.623529
0.709804
0.768627
0.874510
0.862745
0.874510
0.890196
0.870588
0.760784
0.662745
0.513725
0.643137
0.501961
1.000000
0.929412
0.796078
0.725490
0.788235
0.874510
0.968627
0.847059
0.819608
0.890196
0.890196
0.843137
0.756863
0.615686
0.435294
0.337255
0.266667
0.545098
0.890196
0.874510
0.870588
0.850980
0.890196
0.945098
0.968627
0.992157
0.980392
0.921569
0.807843
0.482353
0.580392
0.486275
1.000000
0.886275
0.768627
0.584314
0.694118
0.858824
0.772549
0.400000
0.333333
0.356863
0.423529
0.411765
0.337255
0.247059
0.270588
0.227451
0.168627
0.588235
0.823529
0.752941
0.752941
0.733333
0.733333
0.694118
0.650980
0.705882
0.701961
0.741176
0.784314
0.647059
0.619608
0.623529
1.000000
0.839216
0.572549
0.482353
0.721569
0.752941
0.396078
0.152941
0.121569
0.141176
0.176471
0.203922
0.290196
0.156863
0.168627
0.156863
0.219608
0.654902
0.725490
0.709804
0.635294
0.517647
0.607843
0.541176
0.290196
0.298039
0.298039
0.305882
0.329412
0.360784
0.580392
0.650980
1.000000
0.843137
0.462745
0.415686
0.596078
0.584314
0.231373
0.113725
0.094118
0.098039
0.117647
0.145098
0.266667
0.113725
0.117647
0.105882
0.223529
0.745098
0.435294
0.592157
0.333333
0.133333
0.454902
0.462745
0.180392
0.290196
0.290196
0.352941
0.403922
0.333333
0.443137
0.600000
1.000000
0.854902
0.435294
0.466667
0.501961
0.415686
0.156863
0.090196
0.058824
0.054902
0.082353
0.129412
0.231373
0.113725
0.176471
0.145098
0.227451
0.713725
0.215686
0.486275
0.188235
0.011765
0.392157
0.458824
0.192157
0.443137
0.396078
0.443137
0.564706
0.443137
0.380392
0.643137
1.000000
0.839216
0.521569
0.631373
0.662745
0.298039
0.098039
0.086275
0.054902
0.090196
0.219608
0.274510
0.290196
0.188235
0.333333
0.219608
0.227451
0.666667
0.231373
0.513725
0.211765
0.039216
0.419608
0.458824
0.105882
0.286275
0.294118
0.372549
0.533333
0.423529
0.341176
0.619608
1.000000
0.866667
0.627451
0.623529
0.639216
0.239216
0.078431
0.062745
0.043137
0.074510
0.137255
0.164706
0.258824
0.121569
0.152941
0.101961
0.243137
0.721569
0.239216
0.525490
0.207843
0.129412
0.450980
0.478431
0.074510
0.180392
0.274510
0.415686
0.564706
0.454902
0.337255
0.611765
1.000000
0.866667
0.619608
0.635294
0.615686
0.176471
0.066667
0.054902
0.039216
0.047059
0.043137
0.078431
0.239216
0.090196
0.117647
0.098039
0.262745
0.768627
0.337255
0.564706
0.247059
0.254902
0.560784
0.517647
0.203922
0.541176
0.376471
0.368627
0.509804
0.360784
0.333333
0.600000
1.000000
0.874510
0.623529
0.627451
0.592157
0.168627
0.066667
0.054902
0.047059
0.054902
0.066667
0.094118
0.207843
0.050980
0.058824
0.050980
0.266667
0.862745
0.796078
0.854902
0.760784
0.721569
0.827451
0.662745
0.415686
0.639216
0.529412
0.352941
0.372549
0.333333
0.435294
0.596078
1.000000
0.878431
0.619608
0.619608
0.596078
0.200000
0.047059
0.035294
0.098039
0.094118
0.184314
0.235294
0.223529
0.125490
0.250980
0.164706
0.282353
0.921569
0.937255
0.917647
0.972549
0.972549
0.956863
0.917647
0.854902
0.811765
0.854902
0.827451
0.784314
0.843137
0.827451
0.662745
1.000000
0.878431
0.619608
0.623529
0.592157
0.223529
0.101961
0.070588
0.109804
0.098039
0.141176
0.188235
0.223529
0.141176
0.254902
0.176471
0.219608
0.592157
0.596078
0.615686
0.690196
0.741176
0.760784
0.772549
0.788235
0.796078
0.749020
0.713725
0.686275
0.635294
0.619608
0.619608
1.000000
0.878431
0.619608
0.603922
0.592157
0.227451
0.105882
0.066667
0.058824
0.070588
0.035294
0.090196
0.309804
0.086275
0.074510
0.090196
0.141176
0.274510
0.274510
0.231373
0.192157
0.196078
0.196078
0.196078
0.243137
0.274510
0.274510
0.290196
0.286275
0.282353
0.341176
0.541176
1.000000
0.878431
0.607843
0.584314
0.556863
0.176471
0.066667
0.050980
0.117647
0.101961
0.019608
0.090196
0.388235
0.094118
0.058824
0.086275
0.192157
0.411765
0.407843
0.505882
0.662745
0.619608
0.635294
0.631373
0.639216
0.662745
0.686275
0.713725
0.725490
0.741176
0.725490
0.607843
1.000000
0.874510
0.603922
0.584314
0.552941
0.168627
0.047059
0.039216
0.105882
0.121569
0.007843
0.023529
0.133333
0.039216
0.023529
0.082353
0.058824
0.066667
0.054902
0.376471
0.933333
0.878431
0.976471
0.992157
0.800000
0.788235
0.701961
0.631373
0.643137
0.749020
0.666667
0.576471
1.000000
0.886275
0.627451
0.596078
0.572549
0.180392
0.027451
0.027451
0.023529
0.039216
0.011765
0.007843
0.000000
0.003922
0.011765
0.043137
0.011765
0.015686
0.000000
0.211765
0.874510
0.898039
0.901961
0.741176
0.580392
0.494118
0.396078
0.337255
0.321569
0.282353
0.352941
0.501961
1.000000
0.901961
0.674510
0.654902
0.658824
0.356863
0.050980
0.043137
0.039216
0.023529
0.007843
0.007843
0.011765
0.007843
0.007843
0.050980
0.027451
0.031373
0.039216
0.141176
0.854902
1.000000
0.807843
0.219608
0.109804
0.203922
0.129412
0.105882
0.121569
0.137255
0.227451
0.372549
1.000000
0.933333
0.776471
0.737255
0.717647
0.607843
0.388235
0.270588
0.058824
0.019608
0.019608
0.105882
0.058824
0.054902
0.007843
0.019608
0.019608
0.090196
0.172549
0.066667
0.462745
0.690196
0.560784
0.082353
0.039216
0.294118
0.176471
0.368627
0.443137
0.200000
0.188235
0.349020
1.000000
0.964706
0.894118
0.847059
0.800000
0.776471
0.772549
0.517647
0.137255
0.047059
0.043137
0.262745
0.254902
0.200000
0.015686
0.003922
0.015686
0.070588
0.137255
0.047059
0.027451
0.062745
0.066667
0.000000
0.023529
0.086275
0.078431
0.258824
0.262745
0.141176
0.223529
0.447059
1.000000
0.960784
0.870588
0.839216
0.811765
0.749020
0.623529
0.388235
0.145098
0.027451
0.011765
0.050980
0.082353
0.066667
0.003922
0.000000
0.011765
0.062745
0.066667
0.031373
0.105882
0.125490
0.125490
0.160784
0.027451
0.003922
0.058824
0.270588
0.298039
0.356863
0.431373
0.466667
1.000000
0.945098
0.803922
0.776471
0.768627
0.745098
0.705882
0.623529
0.462745
0.364706
0.341176
0.309804
0.258824
0.188235
0.125490
0.066667
0.027451
0.074510
0.086275
0.015686
0.125490
0.231373
0.301961
0.333333
0.062745
0.015686
0.286275
0.623529
0.588235
0.549020
0.521569
0.501961
1.000000
0.941176
0.796078
0.780392
0.800000
0.788235
0.760784
0.756863
0.760784
0.733333
0.717647
0.705882
0.654902
0.596078
0.513725
0.380392
0.215686
0.082353
0.031373
0.000000
0.011765
0.035294
0.066667
0.074510
0.031373
0.027451
0.231373
0.407843
0.498039
0.584314
0.650980
0.674510
1.000000
0.933333
0.784314
0.792157
0.803922
0.800000
0.784314
0.784314
0.784314
0.772549
0.764706
0.752941
0.745098
0.749020
0.733333
0.701961
0.611765
0.439216
0.258824
0.188235
0.137255
0.082353
0.066667
0.062745
0.082353
0.113725
0.156863
0.215686
0.309804
0.431373
0.560784
0.666667
1.000000
0.929412
0.768627
0.772549
0.792157
0.784314
0.780392
0.776471
0.784314
0.796078
0.796078
0.796078
0.780392
0.792157
0.776471
0.764706
0.764706
0.752941
0.725490
0.698039
0.635294
0.560784
0.501961
0.474510
0.482353
0.517647
0.564706
0.615686
0.658824
0.698039
0.701961
0.701961
1.000000
0.905882
0.717647
0.756863
0.780392
0.776471
0.780392
0.788235
0.796078
0.800000
0.803922
0.803922
0.811765
0.815686
0.807843
0.792157
0.800000
0.807843
0.807843
0.811765
0.823529
0.835294
0.827451
0.815686
0.807843
0.811765
0.823529
0.823529
0.839216
0.843137
0.835294
0.803922
1.000000
0.941176
0.858824
0.890196
0.909804
0.909804
0.917647
0.925490
0.929412
0.929412
0.937255
0.941176
0.925490
0.921569
0.933333
0.929412
0.933333
0.937255
0.933333
0.921569
0.941176
0.945098
0.937255
0.937255
0.937255
0.937255
0.933333
0.941176
0.945098
0.949020
0.952941
0.956863
1.000000
0.992157
0.996078
0.996078
1.000000
1.000000
1.000000
1.000000
1.000000
0.996078
0.996078
0.996078
0.996078
1.000000
1.000000
1.000000
0.996078
0.996078
1.000000
0.996078
0.996078
1.000000
1.000000
1.000000
1.000000
1.000000
0.996078
0.996078
0.996078
0.992157
0.996078
0.996078
1.000000
0.988235
0.988235
0.988235
0.988235
0.988235
0.988235
0.988235
0.988235
0.988235
0.988235
0.988235
0.988235
0.988235
0.988235
0.988235
0.988235
0.988235
0.988235
0.992157
0.988235
0.988235
0.988235
0.988235
0.988235
0.988235
0.988235
0.988235
0.992157
0.988235
0.988235
0.988235
1.000000
0.913725
0.850980
0.956863
0.929412
0.600000
0.803922
0.984314
0.984314
0.984314
0.972549
0.945098
0.996078
0.847059
0.435294
0.580392
0.572549
0.592157
0.729412
0.431373
0.619608
0.501961
0.600000
0.737255
0.811765
0.729412
0.654902
0.698039
0.690196
0.694118
0.705882
0.603922
1.000000
0.898039
0.760784
0.898039
0.909804
0.741176
0.913725
0.992157
0.992157
0.992157
0.976471
0.964706
1.000000
0.866667
0.466667
0.560784
0.568627
0.584314
0.690196
0.447059
0.572549
0.537255
0.607843
0.713725
0.803922
0.741176
0.662745
0.666667
0.729412
0.584314
0.705882
0.572549
1.000000
0.878431
0.674510
0.811765
0.913725
0.839216
0.933333
0.996078
0.996078
0.996078
0.956863
0.972549
1.000000
0.874510
0.549020
0.560784
0.552941
0.576471
0.635294
0.458824
0.498039
0.501961
0.549020
0.603922
0.713725
0.772549
0.745098
0.607843
0.729412
0.588235
0.717647
0.631373
1.000000
0.878431
0.737255
0.835294
0.815686
0.729412
0.937255
1.000000
0.992157
0.984314
0.937255
0.976471
1.000000
0.866667
0.545098
0.545098
0.537255
0.572549
0.619608
0.372549
0.490196
0.505882
0.658824
0.670588
0.713725
0.803922
0.780392
0.690196
0.737255
0.666667
0.768627
0.678431
1.000000
0.894118
0.741176
0.819608
0.776471
0.725490
0.937255
0.972549
0.968627
0.988235
0.964706
0.980392
1.000000
0.870588
0.533333
0.490196
0.537255
0.615686
0.784314
0.658824
0.737255
0.788235
0.890196
0.878431
0.886275
0.901961
0.886275
0.772549
0.674510
0.525490
0.666667
0.541176
1.000000
0.933333
0.807843
0.733333
0.796078
0.847059
0.956863
0.878431
0.843137
0.909804
0.909804
0.862745
0.800000
0.670588
0.494118
0.392157
0.321569
0.584314
0.925490
0.909804
0.909804
0.878431
0.909804
0.968627
0.980392
0.984314
0.968627
0.909804
0.796078
0.494118
0.603922
0.525490
1.000000
0.890196
0.792157
0.596078
0.709804
0.843137
0.760784
0.454902
0.384314
0.403922
0.466667
0.466667
0.407843
0.317647
0.337255
0.290196
0.223529
0.631373
0.854902
0.792157
0.796078
0.760784
0.752941
0.717647
0.686275
0.737255
0.729412
0.764706
0.803922
0.678431
0.666667
0.686275
1.000000
0.839216
0.600000
0.501961
0.741176
0.749020
0.407843
0.219608
0.184314
0.200000
0.239216
0.270588
0.364706
0.227451
0.235294
0.219608
0.270588
0.698039
0.756863
0.737255
0.670588
0.541176
0.619608
0.564706
0.337255
0.356863
0.352941
0.360784
0.380392
0.411765
0.643137
0.725490
1.000000
0.847059
0.494118
0.450980
0.635294
0.600000
0.258824
0.184314
0.164706
0.164706
0.184314
0.215686
0.341176
0.188235
0.188235
0.164706
0.254902
0.768627
0.454902
0.596078
0.349020
0.152941
0.470588
0.486275
0.223529
0.333333
0.337255
0.403922
0.458824
0.388235
0.501961
0.670588
1.000000
0.854902
0.470588
0.517647
0.549020
0.439216
0.184314
0.152941
0.129412
0.125490
0.149020
0.200000
0.305882
0.184314
0.243137
0.200000
0.235294
0.721569
0.231373
0.482353
0.200000
0.039216
0.407843
0.486275
0.247059
0.505882
0.466667
0.525490
0.647059
0.505882
0.443137
0.705882
1.000000
0.839216
0.556863
0.694118
0.717647
0.321569
0.121569
0.129412
0.113725
0.149020
0.278431
0.337255
0.364706
0.262745
0.400000
0.278431
0.239216
0.682353
0.258824
0.525490
0.231373
0.070588
0.439216
0.494118
0.168627
0.356863
0.372549
0.466667
0.631373
0.509804
0.419608
0.694118
1.000000
0.874510
0.682353
0.690196
0.686275
0.258824
0.105882
0.117647
0.101961
0.137255
0.203922
0.227451
0.321569
0.176471
0.203922
0.149020
0.254902
0.733333
0.262745
0.533333
0.219608
0.152941
0.470588
0.513725
0.117647
0.219608
0.329412
0.486275
0.647059
0.529412
0.392157
0.678431
1.000000
0.886275
0.698039
0.721569
0.678431
0.200000
0.101961
0.105882
0.070588
0.082353
0.082353
0.125490
0.294118
0.141176
0.168627
0.145098
0.282353
0.776471
0.345098
0.556863
0.250980
0.282353
0.588235
0.552941
0.243137
0.572549
0.427451
0.439216
0.603922
0.450980
0.388235
0.690196
1.000000
0.894118
0.701961
0.729412
0.682353
0.219608
0.105882
0.101961
0.070588
0.086275
0.101961
0.141176
0.286275
0.133333
0.141176
0.129412
0.309804
0.890196
0.811765
0.862745
0.772549
0.749020
0.854902
0.694118
0.458824
0.682353
0.596078
0.435294
0.474510
0.419608
0.498039
0.709804
1.000000
0.898039
0.698039
0.698039
0.662745
0.243137
0.078431
0.086275
0.160784
0.164706
0.266667
0.313725
0.270588
0.176471
0.305882
0.211765
0.294118
0.917647
0.925490
0.894118
0.960784
0.976471
0.964706
0.933333
0.862745
0.803922
0.858824
0.847059
0.815686
0.850980
0.831373
0.745098
1.000000
0.898039
0.698039
0.682353
0.631373
0.254902
0.129412
0.098039
0.125490
0.133333
0.188235
0.235294
0.254902
0.188235
0.294118
0.211765
0.219608
0.584314
0.588235
0.596078
0.678431
0.745098
0.772549
0.788235
0.788235
0.768627
0.729412
0.698039
0.682353
0.643137
0.615686
0.674510
1.000000
0.898039
0.694118
0.686275
0.674510
0.290196
0.137255
0.078431
0.054902
0.074510
0.054902
0.121569
0.352941
0.156863
0.149020
0.149020
0.160784
0.294118
0.305882
0.262745
0.219608
0.227451
0.235294
0.243137
0.286275
0.305882
0.294118
0.301961
0.301961
0.294118
0.345098
0.619608
1.000000
0.898039
0.686275
0.694118
0.670588
0.258824
0.105882
0.074510
0.141176
0.137255
0.066667
0.137255
0.407843
0.129412
0.101961
0.117647
0.192157
0.411765
0.419608
0.517647
0.666667
0.623529
0.643137
0.643137
0.654902
0.674510
0.694118
0.717647
0.725490
0.713725
0.717647
0.694118
1.000000
0.894118
0.678431
0.678431
0.631373
0.231373
0.090196
0.066667
0.129412
0.137255
0.035294
0.054902
0.152941
0.062745
0.047059
0.101961
0.070588
0.074510
0.066667
0.384314
0.945098
0.894118
0.992157
1.000000
0.807843
0.788235
0.713725
0.650980
0.666667
0.749020
0.682353
0.650980
1.000000
0.901961
0.694118
0.670588
0.627451
0.219608
0.054902
0.047059
0.035294
0.047059
0.015686
0.015686
0.000000
0.011765
0.015686
0.050980
0.031373
0.039216
0.023529
0.235294
0.894118
0.921569
0.925490
0.760784
0.600000
0.517647
0.415686
0.352941
0.333333
0.298039
0.380392
0.576471
1.000000
0.909804
0.725490
0.709804
0.694118
0.384314
0.066667
0.058824
0.062745
0.031373
0.003922
0.000000
0.007843
0.003922
0.003922
0.050980
0.050980
0.066667
0.070588
0.172549
0.874510
1.000000
0.827451
0.243137
0.141176
0.243137
0.152941
0.109804
0.121569
0.164706
0.262745
0.447059
1.000000
0.933333
0.811765
0.772549
0.737255
0.627451
0.407843
0.298039
0.094118
0.031373
0.019608
0.098039
0.054902
0.054902
0.003922
0.019608
0.043137
0.121569
0.200000
0.094118
0.490196
0.709804
0.580392
0.105882
0.066667
0.329412
0.196078
0.376471
0.450980
0.239216
0.231373
0.419608
1.000000
0.956863
0.913725
0.878431
0.831373
0.807843
0.807843
0.564706
0.188235
0.070588
0.054902
0.270588
0.262745
0.211765
0.027451
0.015686
0.035294
0.094118
0.160784
0.066667
0.050980
0.082353
0.086275
0.019608
0.043137
0.098039
0.094118
0.278431
0.290196
0.196078
0.274510
0.525490
1.000000
0.949020
0.886275
0.870588
0.847059
0.788235
0.662745
0.439216
0.200000
0.066667
0.039216
0.078431
0.113725
0.098039
0.039216
0.031373
0.035294
0.082353
0.090196
0.050980
0.121569
0.145098
0.145098
0.180392
0.039216
0.007843
0.078431
0.305882
0.349020
0.423529
0.490196
0.545098
1.000000
0.941176
0.835294
0.815686
0.796078
0.776471
0.737255
0.662745
0.505882
0.403922
0.380392
0.349020
0.305882
0.239216
0.176471
0.113725
0.050980
0.105882
0.125490
0.039216
0.145098
0.250980
0.321569
0.352941
0.078431
0.031373
0.321569
0.674510
0.650980
0.619608
0.588235
0.576471
1.000000
0.941176
0.831373
0.827451
0.839216
0.827451
0.800000
0.796078
0.800000
0.772549
0.756863
0.745098
0.705882
0.647059
0.560784
0.431373
0.250980
0.125490
0.082353
0.027451
0.039216
0.062745
0.094118
0.101961
0.062745
0.062745
0.278431
0.466667
0.564706
0.647059
0.709804
0.737255
1.000000
0.933333
0.819608
0.843137
0.858824
0.850980
0.839216
0.835294
0.823529
0.811765
0.803922
0.792157
0.788235
0.792157
0.772549
0.741176
0.654902
0.490196
0.313725
0.235294
0.176471
0.121569
0.105882
0.101961
0.121569
0.160784
0.211765
0.270588
0.364706
0.482353
0.611765
0.717647
1.000000
0.925490
0.803922
0.827451
0.843137
0.835294
0.835294
0.823529
0.823529
0.835294
0.835294
0.831373
0.819608
0.827451
0.815686
0.800000
0.803922
0.800000
0.772549
0.741176
0.674510
0.600000
0.541176
0.513725
0.525490
0.564706
0.611765
0.654902
0.694118
0.737255
0.745098
0.745098
1.000000
0.901961
0.756863
0.800000
0.819608
0.815686
0.819608
0.831373
0.835294
0.839216
0.843137
0.843137
0.839216
0.843137
0.835294
0.819608
0.831373
0.843137
0.839216
0.847059
0.854902
0.862745
0.854902
0.843137
0.843137
0.854902
0.854902
0.843137
0.854902
0.870588
0.862745
0.835294
1.000000
0.941176
0.886275
0.917647
0.929412
0.929412
0.937255
0.945098
0.952941
0.952941
0.964706
0.960784
0.937255
0.937255
0.949020
0.945098
0.949020
0.952941
0.945098
0.937255
0.956863
0.956863
0.949020
0.952941
0.956863
0.960784
0.949020
0.941176
0.941176
0.964706
0.968627
0.972549
1.000000
0.988235
1.000000
0.996078
0.996078
0.996078
0.996078
0.996078
0.996078
0.996078
0.996078
0.996078
1.000000
1.000000
1.000000
1.000000
1.000000
1.000000
1.000000
0.996078
1.000000
1.000000
1.000000
1.000000
1.000000
1.000000
1.000000
0.996078
0.992157
0.992157
0.992157
0.996078
1.000000
0.988235
0.988235
0.984314
0.980392
0.980392
0.980392
0.980392
0.980392
0.980392
0.980392
0.980392
0.988235
0.988235
0.988235
0.988235
0.988235
0.988235
0.988235
0.992157
0.988235
0.988235
0.988235
0.988235
0.988235
0.988235
0.988235
0.992157
0.988235
0.980392
0.980392
0.980392
