0.443137
0.439216
0.439216
0.439216
0.439216
0.431373
0.431373
0.431373
0.431373
0.431373
0.431373
0.431373
0.431373
0.431373
0.431373
0.439216
0.439216
0.439216
0.439216
0.435294
0.435294
0.439216
0.435294
0.509804
0.592157
0.568627
0.568627
0.603922
0.627451
0.635294
0.623529
0.580392
0.450980
0.450980
0.450980
0.450980
0.447059
0.443137
0.443137
0.443137
0.443137
0.443137
0.443137
0.443137
0.443137
0.443137
0.443137
0.454902
0.458824
0.450980
0.447059
0.447059
0.447059
0.447059
0.462745
0.521569
0.572549
0.545098
0.556863
0.588235
0.607843
0.619608
0.607843
0.584314
0.450980
0.450980
0.450980
0.450980
0.454902
0.447059
0.443137
0.443137
0.443137
0.439216
0.439216
0.443137
0.443137
0.447059
0.447059
0.458824
0.466667
0.462745
0.454902
0.447059
0.466667
0.486275
0.490196
0.525490
0.541176
0.517647
0.529412
0.552941
0.564706
0.568627
0.556863
0.545098
0.458824
0.454902
0.454902
0.454902
0.462745
0.454902
0.454902
0.454902
0.458824
0.474510
0.450980
0.443137
0.450980
0.458824
0.458824
0.462745
0.470588
0.466667
0.466667
0.458824
0.509804
0.572549
0.552941
0.564706
0.549020
0.505882
0.501961
0.529412
0.556863
0.556863
0.533333
0.513725
0.458824
0.458824
0.458824
0.458824
0.458824
0.462745
0.505882
0.478431
0.494118
0.525490
0.466667
0.450980
0.454902
0.462745
0.462745
0.462745
0.466667
0.466667
0.466667
0.462745
0.517647
0.572549
0.588235
0.580392
0.560784
0.533333
0.498039
0.513725
0.572549
0.572549
0.537255
0.521569
0.462745
0.462745
0.462745
0.462745
0.462745
0.498039
0.541176
0.490196
0.482353
0.498039
0.470588
0.462745
0.462745
0.466667
0.466667
0.466667
0.466667
0.466667
0.466667
0.466667
0.501961
0.556863
0.600000
0.588235
0.580392
0.584314
0.545098
0.525490
0.564706
0.568627
0.545098
0.541176
0.470588
0.466667
0.470588
0.470588
0.474510
0.517647
0.525490
0.482353
0.470588
0.474510
0.466667
0.462745
0.462745
0.470588
0.470588
0.474510
0.470588
0.466667
0.470588
0.474510
0.498039
0.556863
0.584314
0.580392
0.572549
0.568627
0.552941
0.541176
0.545098
0.556863
0.537255
0.517647
0.474510
0.478431
0.482353
0.482353
0.486275
0.494118
0.498039
0.478431
0.482353
0.474510
0.470588
0.462745
0.462745
0.474510
0.474510
0.474510
0.474510
0.478431
0.478431
0.482353
0.513725
0.525490
0.541176
0.552941
0.549020
0.533333
0.521569
0.513725
0.505882
0.505882
0.486275
0.474510
0.482353
0.486275
0.498039
0.498039
0.505882
0.498039
0.486275
0.478431
0.478431
0.478431
0.470588
0.486275
0.486275
0.478431
0.478431
0.478431
0.498039
0.525490
0.525490
0.498039
0.505882
0.494118
0.537255
0.552941
0.533333
0.517647
0.490196
0.474510
0.470588
0.470588
0.470588
0.482353
0.490196
0.486275
0.501961
0.513725
0.521569
0.509804
0.490196
0.482353
0.486275
0.494118
0.482353
0.525490
0.505882
0.478431
0.478431
0.498039
0.537255
0.556863
0.541176
0.505882
0.513725
0.498039
0.525490
0.533333
0.517647
0.498039
0.478431
0.470588
0.462745
0.470588
0.490196
0.498039
0.486275
0.482353
0.490196
0.505882
0.517647
0.509804
0.501961
0.513725
0.521569
0.545098
0.568627
0.584314
0.529412
0.478431
0.478431
0.529412
0.584314
0.545098
0.509804
0.513725
0.545098
0.517647
0.501961
0.498039
0.498039
0.486275
0.474510
0.470588
0.470588
0.474510
0.478431
0.474510
0.486275
0.478431
0.482353
0.498039
0.517647
0.525490
0.529412
0.615686
0.615686
0.576471
0.631373
0.619608
0.596078
0.556863
0.568627
0.623529
0.611765
0.525490
0.509804
0.537255
0.560784
0.513725
0.494118
0.494118
0.490196
0.482353
0.474510
0.470588
0.470588
0.466667
0.458824
0.458824
0.482353
0.482353
0.486275
0.498039
0.509804
0.509804
0.521569
0.588235
0.505882
0.411765
0.423529
0.376471
0.380392
0.400000
0.431373
0.541176
0.541176
0.498039
0.501961
0.521569
0.541176
0.494118
0.486275
0.486275
0.478431
0.470588
0.466667
0.470588
0.470588
0.462745
0.458824
0.458824
0.482353
0.482353
0.482353
0.490196
0.494118
0.490196
0.498039
0.517647
0.360784
0.325490
0.317647
0.239216
0.196078
0.192157
0.250980
0.403922
0.494118
0.505882
0.498039
0.498039
0.509804
0.498039
0.513725
0.494118
0.478431
0.470588
0.470588
0.482353
0.486275
0.462745
0.450980
0.447059
0.486275
0.482353
0.490196
0.494118
0.490196
0.490196
0.494118
0.556863
0.549020
0.584314
0.537255
0.447059
0.372549
0.396078
0.419608
0.439216
0.466667
0.494118
0.494118
0.494118
0.525490
0.478431
0.435294
0.450980
0.474510
0.482353
0.482353
0.513725
0.498039
0.478431
0.501961
0.513725
0.486275
0.490196
0.498039
0.501961
0.486275
0.486275
0.490196
0.607843
0.737255
0.698039
0.596078
0.474510
0.415686
0.458824
0.490196
0.431373
0.400000
0.407843
0.392157
0.333333
0.411765
0.309804
0.211765
0.215686
0.219608
0.243137
0.329412
0.454902
0.458824
0.517647
0.737255
0.729412
0.482353
0.478431
0.486275
0.482353
0.482353
0.494118
0.478431
0.690196
0.760784
0.517647
0.470588
0.470588
0.486275
0.478431
0.482353
0.470588
0.407843
0.325490
0.200000
0.184314
0.403922
0.490196
0.592157
0.368627
0.188235
0.207843
0.443137
0.388235
0.333333
0.454902
0.756863
0.639216
0.447059
0.490196
0.505882
0.494118
0.458824
0.454902
0.588235
0.800000
0.850980
0.752941
0.725490
0.764706
0.788235
0.749020
0.623529
0.611765
0.576471
0.486275
0.317647
0.325490
0.545098
0.560784
0.490196
0.529412
0.509804
0.564706
0.643137
0.592157
0.537255
0.423529
0.635294
0.474510
0.247059
0.376471
0.419608
0.407843
0.305882
0.286275
0.686275
0.803922
0.780392
0.780392
0.772549
0.752941
0.741176
0.713725
0.596078
0.525490
0.537255
0.592157
0.529412
0.600000
0.694118
0.713725
0.600000
0.752941
0.650980
0.576471
0.800000
0.800000
0.694118
0.537255
0.603922
0.490196
0.352941
0.392157
0.443137
0.435294
0.388235
0.388235
0.560784
0.552941
0.549020
0.541176
0.498039
0.486275
0.470588
0.482353
0.396078
0.462745
0.521569
0.584314
0.537255
0.556863
0.635294
0.752941
0.662745
0.819608
0.745098
0.678431
0.839216
0.796078
0.713725
0.705882
0.682353
0.678431
0.482353
0.509804
0.509804
0.474510
0.470588
0.474510
0.501961
0.509804
0.552941
0.576471
0.529412
0.556863
0.537255
0.603922
0.533333
0.623529
0.662745
0.643137
0.631373
0.482353
0.474510
0.729412
0.737255
0.835294
0.784314
0.721569
0.745098
0.721569
0.709804
0.741176
0.725490
0.698039
0.266667
0.313725
0.352941
0.231373
0.454902
0.678431
0.705882
0.768627
0.780392
0.698039
0.627451
0.698039
0.784314
0.827451
0.835294
0.839216
0.843137
0.819608
0.756863
0.556863
0.505882
0.686275
0.831373
0.854902
0.788235
0.733333
0.733333
0.760784
0.729412
0.678431
0.600000
0.564706
0.149020
0.321569
0.494118
0.266667
0.470588
0.721569
0.721569
0.713725
0.698039
0.588235
0.501961
0.552941
0.678431
0.682353
0.658824
0.650980
0.635294
0.607843
0.572549
0.529412
0.513725
0.541176
0.600000
0.576471
0.549020
0.517647
0.521569
0.533333
0.509804
0.486275
0.494118
0.611765
0.149020
0.372549
0.650980
0.360784
0.317647
0.443137
0.458824
0.498039
0.505882
0.454902
0.490196
0.474510
0.478431
0.478431
0.533333
0.529412
0.458824
0.568627
0.600000
0.478431
0.545098
0.560784
0.407843
0.572549
0.560784
0.337255
0.282353
0.490196
0.443137
0.576471
0.713725
0.796078
0.243137
0.431373
0.698039
0.435294
0.458824
0.509804
0.466667
0.654902
0.666667
0.615686
0.729412
0.552941
0.603922
0.623529
0.796078
0.752941
0.584314
0.811765
0.839216
0.592157
0.694118
0.749020
0.482353
0.776471
0.768627
0.407843
0.309804
0.666667
0.556863
0.725490
0.823529
0.784314
0.262745
0.423529
0.623529
0.431373
0.501961
0.572549
0.564706
0.831373
0.788235
0.788235
0.768627
0.713725
0.768627
0.796078
0.784314
0.768627
0.768627
0.760784
0.768627
0.784314
0.811765
0.792157
0.784314
0.800000
0.807843
0.509804
0.423529
0.772549
0.756863
0.733333
0.639216
0.521569
0.235294
0.305882
0.368627
0.376471
0.411765
0.396078
0.380392
0.494118
0.513725
0.494118
0.466667
0.513725
0.474510
0.462745
0.447059
0.458824
0.478431
0.486275
0.490196
0.529412
0.635294
0.584314
0.580392
0.592157
0.603922
0.513725
0.505882
0.666667
0.615686
0.447059
0.262745
0.231373
0.254902
0.243137
0.231373
0.219608
0.243137
0.262745
0.254902
0.258824
0.270588
0.270588
0.250980
0.258824
0.243137
0.235294
0.250980
0.250980
0.239216
0.243137
0.231373
0.247059
0.305882
0.270588
0.250980
0.254902
0.262745
0.262745
0.278431
0.345098
0.313725
0.188235
0.168627
0.160784
0.258824
0.266667
0.274510
0.254902
0.278431
0.301961
0.313725
0.337255
0.352941
0.352941
0.349020
0.325490
0.321569
0.317647
0.317647
0.309804
0.301961
0.309804
0.294118
0.262745
0.247059
0.254902
0.266667
0.266667
0.258824
0.219608
0.207843
0.254902
0.250980
0.239216
0.235294
0.243137
0.258824
0.254902
0.266667
0.266667
0.266667
0.266667
0.278431
0.290196
0.309804
0.305882
0.298039
0.294118
0.282353
0.294118
0.309804
0.313725
0.313725
0.329412
0.333333
0.329412
0.313725
0.329412
0.333333
0.356863
0.360784
0.317647
0.301961
0.349020
0.329412
0.317647
0.321569
0.333333
0.278431
0.282353
0.286275
0.286275
0.278431
0.278431
0.290196
0.294118
0.298039
0.290196
0.294118
0.286275
0.286275
0.290196
0.294118
0.290196
0.286275
0.286275
0.286275
0.282353
0.286275
0.286275
0.278431
0.294118
0.278431
0.262745
0.274510
0.294118
0.305882
0.298039
0.321569
0.325490
0.274510
0.282353
0.270588
0.270588
0.274510
0.278431
0.313725
0.294118
0.294118
0.317647
0.352941
0.352941
0.356863
0.345098
0.349020
0.349020
0.352941
0.356863
0.329412
0.309804
0.329412
0.356863
0.372549
0.345098
0.333333
0.317647
0.325490
0.329412
0.317647
0.294118
0.294118
0.309804
0.525490
0.521569
0.521569
0.521569
0.525490
0.529412
0.529412
0.529412
0.529412
0.529412
0.529412
0.529412
0.529412
0.525490
0.525490
0.529412
0.525490
0.525490
0.533333
0.533333
0.533333
0.529412
0.529412
0.564706
0.600000
0.588235
0.584314
0.611765
0.623529
0.631373
0.615686
0.588235
0.537255
0.533333
0.533333
0.533333
0.537255
0.541176
0.541176
0.541176
0.541176
0.541176
0.541176
0.541176
0.541176
0.541176
0.541176
0.545098
0.541176
0.533333
0.541176
0.545098
0.545098
0.541176
0.541176
0.572549
0.596078
0.580392
0.588235
0.603922
0.611765
0.623529
0.611765
0.592157
0.533333
0.529412
0.529412
0.529412
0.533333
0.537255
0.541176
0.537255
0.537255
0.537255
0.537255
0.541176
0.537255
0.537255
0.537255
0.541176
0.541176
0.537255
0.541176
0.541176
0.549020
0.556863
0.556863
0.568627
0.576471
0.568627
0.576471
0.580392
0.584314
0.584314
0.572549
0.572549
0.533333
0.529412
0.529412
0.529412
0.533333
0.537255
0.541176
0.537255
0.545098
0.552941
0.541176
0.541176
0.537255
0.533333
0.533333
0.537255
0.545098
0.541176
0.541176
0.541176
0.564706
0.596078
0.588235
0.592157
0.580392
0.564706
0.564706
0.576471
0.588235
0.580392
0.560784
0.552941
0.533333
0.533333
0.533333
0.533333
0.537255
0.541176
0.556863
0.545098
0.560784
0.572549
0.545098
0.541176
0.541176
0.537255
0.537255
0.537255
0.541176
0.541176
0.541176
0.545098
0.568627
0.592157
0.603922
0.603922
0.588235
0.572549
0.564706
0.564706
0.588235
0.584314
0.564706
0.552941
0.537255
0.533333
0.537255
0.537255
0.537255
0.552941
0.572549
0.549020
0.549020
0.552941
0.541176
0.541176
0.541176
0.541176
0.541176
0.537255
0.541176
0.541176
0.541176
0.549020
0.560784
0.580392
0.603922
0.607843
0.600000
0.603922
0.584314
0.564706
0.580392
0.580392
0.564706
0.560784
0.541176
0.537255
0.537255
0.537255
0.537255
0.568627
0.560784
0.533333
0.541176
0.541176
0.537255
0.541176
0.545098
0.541176
0.541176
0.541176
0.541176
0.545098
0.545098
0.552941
0.552941
0.580392
0.596078
0.600000
0.592157
0.592157
0.580392
0.568627
0.568627
0.572549
0.560784
0.549020
0.541176
0.541176
0.541176
0.537255
0.545098
0.564706
0.552941
0.537255
0.549020
0.541176
0.537255
0.541176
0.545098
0.545098
0.541176
0.541176
0.541176
0.545098
0.541176
0.552941
0.560784
0.556863
0.576471
0.584314
0.576471
0.572549
0.568627
0.564706
0.556863
0.545098
0.533333
0.529412
0.541176
0.545098
0.549020
0.549020
0.556863
0.556863
0.549020
0.541176
0.545098
0.549020
0.541176
0.556863
0.552941
0.545098
0.545098
0.541176
0.552941
0.560784
0.560784
0.556863
0.560784
0.529412
0.572549
0.584314
0.572549
0.564706
0.560784
0.552941
0.545098
0.537255
0.529412
0.537255
0.545098
0.541176
0.552941
0.560784
0.564706
0.556863
0.549020
0.549020
0.552941
0.556863
0.549020
0.584314
0.564706
0.549020
0.552941
0.560784
0.576471
0.572549
0.568627
0.556863
0.564706
0.533333
0.560784
0.576471
0.564706
0.552941
0.545098
0.537255
0.529412
0.533333
0.541176
0.541176
0.549020
0.545098
0.549020
0.556863
0.564706
0.560784
0.556863
0.564706
0.564706
0.576471
0.600000
0.619608
0.580392
0.549020
0.549020
0.576471
0.607843
0.572549
0.556863
0.556863
0.572549
0.549020
0.552941
0.560784
0.556863
0.549020
0.537255
0.533333
0.533333
0.533333
0.537255
0.529412
0.549020
0.545098
0.545098
0.552941
0.560784
0.564706
0.568627
0.635294
0.623529
0.572549
0.639216
0.635294
0.615686
0.588235
0.603922
0.650980
0.627451
0.560784
0.564706
0.564706
0.576471
0.552941
0.552941
0.556863
0.552941
0.541176
0.537255
0.533333
0.533333
0.529412
0.521569
0.521569
0.545098
0.545098
0.549020
0.549020
0.552941
0.556863
0.564706
0.619608
0.521569
0.419608
0.439216
0.392157
0.384314
0.407843
0.443137
0.552941
0.549020
0.541176
0.564706
0.556863
0.568627
0.545098
0.545098
0.549020
0.541176
0.533333
0.529412
0.533333
0.533333
0.525490
0.521569
0.521569
0.541176
0.541176
0.541176
0.545098
0.549020
0.549020
0.556863
0.552941
0.400000
0.364706
0.356863
0.266667
0.211765
0.211765
0.266667
0.419608
0.517647
0.552941
0.560784
0.556863
0.564706
0.564706
0.564706
0.556863
0.545098
0.533333
0.545098
0.541176
0.533333
0.525490
0.521569
0.517647
0.545098
0.541176
0.545098
0.552941
0.552941
0.552941
0.549020
0.521569
0.529412
0.619608
0.568627
0.478431
0.407843
0.423529
0.435294
0.458824
0.509804
0.552941
0.556863
0.549020
0.572549
0.545098
0.490196
0.513725
0.533333
0.545098
0.541176
0.552941
0.549020
0.529412
0.552941
0.564706
0.545098
0.549020
0.556863
0.560784
0.549020
0.549020
0.549020
0.611765
0.713725
0.686275
0.611765
0.505882
0.454902
0.486275
0.505882
0.439216
0.427451
0.474510
0.458824
0.388235
0.431373
0.337255
0.235294
0.239216
0.262745
0.286275
0.352941
0.466667
0.505882
0.552941
0.760784
0.749020
0.541176
0.537255
0.545098
0.537255
0.545098
0.556863
0.541176
0.721569
0.752941
0.521569
0.494118
0.486275
0.509804
0.505882
0.501961
0.478431
0.415686
0.352941
0.231373
0.227451
0.427451
0.521569
0.635294
0.392157
0.207843
0.231373
0.462745
0.407843
0.372549
0.490196
0.764706
0.650980
0.501961
0.549020
0.552941
0.541176
0.521569
0.517647
0.627451
0.796078
0.831373
0.749020
0.721569
0.752941
0.780392
0.752941
0.631373
0.615686
0.576471
0.490196
0.337255
0.349020
0.552941
0.580392
0.549020
0.584314
0.537255
0.576471
0.666667
0.635294
0.592157
0.454902
0.639216
0.490196
0.290196
0.423529
0.458824
0.458824
0.360784
0.317647
0.690196
0.788235
0.764706
0.764706
0.756863
0.737255
0.725490
0.709804
0.600000
0.529412
0.537255
0.596078
0.549020
0.619608
0.698039
0.721569
0.623529
0.768627
0.662745
0.572549
0.792157
0.796078
0.701961
0.556863
0.603922
0.482353
0.423529
0.462745
0.509804
0.509804
0.466667
0.450980
0.588235
0.556863
0.549020
0.545098
0.501961
0.490196
0.474510
0.494118
0.419608
0.486275
0.537255
0.607843
0.560784
0.572549
0.639216
0.756863
0.670588
0.815686
0.741176
0.674510
0.835294
0.796078
0.725490
0.713725
0.658824
0.654902
0.541176
0.572549
0.564706
0.537255
0.545098
0.552941
0.556863
0.537255
0.576471
0.603922
0.556863
0.572549
0.556863
0.623529
0.560784
0.650980
0.686275
0.666667
0.647059
0.494118
0.482353
0.733333
0.752941
0.839216
0.780392
0.725490
0.741176
0.721569
0.721569
0.749020
0.729412
0.701961
0.250980
0.290196
0.349020
0.247059
0.462745
0.682353
0.701961
0.760784
0.780392
0.705882
0.635294
0.698039
0.772549
0.811765
0.819608
0.827451
0.831373
0.807843
0.749020
0.556863
0.513725
0.682353
0.831373
0.847059
0.788235
0.729412
0.717647
0.752941
0.725490
0.678431
0.607843
0.588235
0.129412
0.274510
0.462745
0.250980
0.450980
0.705882
0.701961
0.705882
0.705882
0.607843
0.521569
0.576471
0.678431
0.678431
0.658824
0.658824
0.647059
0.615686
0.596078
0.560784
0.541176
0.560784
0.619608
0.596078
0.584314
0.552941
0.541176
0.552941
0.525490
0.521569
0.529412
0.631373
0.121569
0.333333
0.623529
0.352941
0.313725
0.458824
0.470588
0.513725
0.533333
0.501961
0.517647
0.454902
0.498039
0.513725
0.568627
0.564706
0.490196
0.603922
0.639216
0.509804
0.564706
0.596078
0.447059
0.607843
0.603922
0.380392
0.309804
0.521569
0.427451
0.517647
0.737255
0.796078
0.172549
0.368627
0.678431
0.431373
0.454902
0.521569
0.474510
0.654902
0.670588
0.623529
0.705882
0.501961
0.600000
0.623529
0.792157
0.752941
0.588235
0.815686
0.843137
0.588235
0.694118
0.749020
0.490196
0.784314
0.780392
0.419608
0.309804
0.670588
0.541176
0.670588
0.819608
0.788235
0.188235
0.352941
0.580392
0.392157
0.470588
0.580392
0.592157
0.850980
0.807843
0.807843
0.780392
0.729412
0.796078
0.807843
0.796078
0.784314
0.792157
0.784314
0.788235
0.803922
0.827451
0.803922
0.807843
0.827451
0.831373
0.501961
0.400000
0.760784
0.745098
0.729412
0.682353
0.603922
0.184314
0.266667
0.337255
0.341176
0.380392
0.396078
0.400000
0.513725
0.529412
0.513725
0.498039
0.533333
0.509804
0.513725
0.494118
0.513725
0.537255
0.545098
0.560784
0.588235
0.678431
0.631373
0.643137
0.654902
0.666667
0.537255
0.517647
0.694118
0.639216
0.462745
0.278431
0.247059
0.250980
0.247059
0.235294
0.223529
0.243137
0.270588
0.266667
0.262745
0.270588
0.274510
0.262745
0.254902
0.239216
0.239216
0.250980
0.262745
0.258824
0.262745
0.258824
0.262745
0.309804
0.278431
0.266667
0.274510
0.282353
0.274510
0.282353
0.352941
0.325490
0.200000
0.168627
0.156863
0.278431
0.290196
0.290196
0.274510
0.294118
0.313725
0.325490
0.341176
0.356863
0.360784
0.349020
0.321569
0.317647
0.325490
0.325490
0.317647
0.305882
0.313725
0.298039
0.262745
0.247059
0.258824
0.270588
0.266667
0.258824
0.219608
0.207843
0.254902
0.250980
0.243137
0.243137
0.250980
0.286275
0.282353
0.290196
0.290196
0.286275
0.282353
0.294118
0.301961
0.317647
0.317647
0.301961
0.294118
0.286275
0.305882
0.321569
0.325490
0.325490
0.341176
0.337255
0.333333
0.317647
0.341176
0.349020
0.364706
0.364706
0.321569
0.305882
0.352941
0.333333
0.321569
0.325490
0.337255
0.317647
0.317647
0.317647
0.317647
0.305882
0.301961
0.317647
0.313725
0.317647
0.309804
0.305882
0.294118
0.298039
0.309804
0.313725
0.309804
0.305882
0.305882
0.294118
0.282353
0.294118
0.305882
0.298039
0.313725
0.290196
0.274510
0.286275
0.305882
0.317647
0.309804
0.333333
0.333333
0.305882
0.313725
0.298039
0.298039
0.305882
0.309804
0.341176
0.317647
0.317647
0.337255
0.364706
0.364706
0.368627
0.364706
0.376471
0.372549
0.376471
0.384314
0.349020
0.333333
0.352941
0.384314
0.392157
0.372549
0.356863
0.337255
0.341176
0.341176
0.333333
0.309804
0.309804
0.325490
0.643137
0.639216
0.643137
0.643137
0.647059
0.650980
0.650980
0.650980
0.650980
0.650980
0.650980
0.650980
0.650980
0.658824
0.658824
0.662745
0.658824
0.658824
0.654902
0.654902
0.654902
0.654902
0.654902
0.658824
0.654902
0.654902
0.647059
0.662745
0.666667
0.662745
0.654902
0.643137
0.658824
0.654902
0.654902
0.654902
0.658824
0.662745
0.662745
0.662745
0.662745
0.662745
0.662745
0.662745
0.662745
0.662745
0.662745
0.670588
0.666667
0.662745
0.666667
0.666667
0.670588
0.670588
0.658824
0.662745
0.666667
0.662745
0.658824
0.662745
0.658824
0.662745
0.658824
0.650980
0.650980
0.647059
0.650980
0.650980
0.654902
0.662745
0.662745
0.658824
0.658824
0.662745
0.658824
0.658824
0.658824
0.654902
0.654902
0.662745
0.666667
0.658824
0.662745
0.662745
0.658824
0.666667
0.662745
0.654902
0.650980
0.658824
0.662745
0.658824
0.654902
0.639216
0.631373
0.639216
0.650980
0.647059
0.647059
0.647059
0.650980
0.662745
0.666667
0.658824
0.662745
0.666667
0.658824
0.658824
0.658824
0.654902
0.650980
0.654902
0.662745
0.658824
0.662745
0.658824
0.650980
0.670588
0.666667
0.658824
0.654902
0.658824
0.662745
0.662745
0.658824
0.643137
0.627451
0.623529
0.650980
0.647059
0.650980
0.650980
0.654902
0.654902
0.666667
0.662745
0.662745
0.662745
0.658824
0.662745
0.658824
0.654902
0.654902
0.654902
0.658824
0.658824
0.662745
0.658824
0.658824
0.670588
0.662745
0.650980
0.650980
0.647059
0.658824
0.647059
0.643137
0.639216
0.627451
0.619608
0.654902
0.650980
0.654902
0.654902
0.658824
0.654902
0.658824
0.654902
0.654902
0.654902
0.658824
0.666667
0.662745
0.658824
0.658824
0.654902
0.658824
0.658824
0.662745
0.662745
0.650980
0.658824
0.658824
0.658824
0.658824
0.658824
0.658824
0.639216
0.639216
0.631373
0.619608
0.623529
0.662745
0.654902
0.662745
0.662745
0.662745
0.658824
0.647059
0.650980
0.654902
0.654902
0.643137
0.662745
0.662745
0.658824
0.658824
0.662745
0.666667
0.658824
0.666667
0.666667
0.635294
0.650980
0.650980
0.654902
0.658824
0.658824
0.650980
0.643137
0.639216
0.631373
0.627451
0.619608
0.658824
0.658824
0.662745
0.654902
0.666667
0.658824
0.658824
0.662745
0.662745
0.654902
0.635294
0.654902
0.654902
0.658824
0.658824
0.662745
0.658824
0.650980
0.650980
0.662745
0.643137
0.631373
0.643137
0.647059
0.650980
0.654902
0.650980
0.639216
0.631373
0.627451
0.623529
0.619608
0.650980
0.650980
0.650980
0.647059
0.666667
0.666667
0.658824
0.654902
0.654902
0.654902
0.643137
0.647059
0.650980
0.662745
0.662745
0.654902
0.654902
0.658824
0.658824
0.658824
0.639216
0.596078
0.639216
0.658824
0.650980
0.654902
0.650980
0.639216
0.631373
0.635294
0.631373
0.631373
0.650980
0.643137
0.643137
0.650980
0.658824
0.658824
0.647059
0.643137
0.647059
0.658824
0.647059
0.658824
0.658824
0.662745
0.662745
0.662745
0.662745
0.658824
0.658824
0.654902
0.643137
0.592157
0.635294
0.658824
0.650980
0.650980
0.647059
0.639216
0.635294
0.635294
0.635294
0.623529
0.650980
0.647059
0.647059
0.650980
0.654902
0.654902
0.650980
0.650980
0.639216
0.662745
0.666667
0.674510
0.666667
0.654902
0.654902
0.666667
0.662745
0.647059
0.654902
0.654902
0.643137
0.615686
0.639216
0.658824
0.650980
0.643137
0.639216
0.639216
0.635294
0.635294
0.631373
0.623529
0.650980
0.647059
0.647059
0.647059
0.647059
0.650980
0.654902
0.705882
0.662745
0.611765
0.666667
0.650980
0.662745
0.654902
0.666667
0.690196
0.650980
0.627451
0.654902
0.654902
0.643137
0.639216
0.658824
0.662745
0.647059
0.639216
0.635294
0.635294
0.635294
0.627451
0.619608
0.615686
0.650980
0.647059
0.650980
0.643137
0.643137
0.643137
0.654902
0.678431
0.537255
0.423529
0.462745
0.400000
0.403922
0.423529
0.450980
0.556863
0.580392
0.611765
0.650980
0.647059
0.639216
0.643137
0.650980
0.647059
0.639216
0.631373
0.631373
0.635294
0.635294
0.627451
0.619608
0.619608
0.639216
0.639216
0.643137
0.643137
0.643137
0.647059
0.654902
0.635294
0.447059
0.403922
0.400000
0.290196
0.239216
0.231373
0.274510
0.443137
0.580392
0.635294
0.647059
0.654902
0.647059
0.654902
0.666667
0.654902
0.643137
0.631373
0.643137
0.631373
0.627451
0.619608
0.611765
0.619608
0.635294
0.631373
0.639216
0.647059
0.647059
0.650980
0.647059
0.584314
0.549020
0.627451
0.611765
0.537255
0.458824
0.462745
0.466667
0.490196
0.580392
0.650980
0.658824
0.654902
0.650980
0.619608
0.572549
0.592157
0.615686
0.623529
0.631373
0.635294
0.635294
0.619608
0.615686
0.631373
0.635294
0.635294
0.639216
0.643137
0.635294
0.647059
0.647059
0.647059
0.713725
0.690196
0.623529
0.533333
0.494118
0.533333
0.545098
0.462745
0.474510
0.545098
0.513725
0.411765
0.450980
0.372549
0.258824
0.262745
0.294118
0.321569
0.396078
0.521569
0.592157
0.631373
0.780392
0.752941
0.635294
0.623529
0.623529
0.615686
0.631373
0.654902
0.635294
0.760784
0.768627
0.537255
0.513725
0.505882
0.529412
0.533333
0.521569
0.490196
0.435294
0.364706
0.235294
0.207843
0.431373
0.537255
0.627451
0.380392
0.215686
0.235294
0.454902
0.407843
0.419608
0.537255
0.768627
0.678431
0.584314
0.631373
0.623529
0.627451
0.611765
0.592157
0.690196
0.819608
0.835294
0.749020
0.733333
0.768627
0.784314
0.752941
0.650980
0.639216
0.592157
0.494118
0.341176
0.345098
0.568627
0.635294
0.635294
0.635294
0.572549
0.584314
0.674510
0.658824
0.607843
0.466667
0.647059
0.501961
0.317647
0.458824
0.505882
0.501961
0.400000
0.349020
0.705882
0.792157
0.764706
0.764706
0.756863
0.737255
0.721569
0.709804
0.615686
0.552941
0.552941
0.600000
0.560784
0.619608
0.701961
0.737255
0.674510
0.796078
0.694118
0.576471
0.780392
0.815686
0.741176
0.568627
0.584314
0.458824
0.439216
0.490196
0.541176
0.541176
0.501961
0.478431
0.603922
0.572549
0.564706
0.560784
0.517647
0.505882
0.494118
0.517647
0.443137
0.517647
0.568627
0.627451
0.592157
0.584314
0.643137
0.760784
0.686275
0.815686
0.764706
0.682353
0.823529
0.807843
0.721569
0.694118
0.623529
0.623529
0.568627
0.600000
0.584314
0.568627
0.584314
0.584314
0.584314
0.572549
0.615686
0.639216
0.584314
0.596078
0.584314
0.658824
0.592157
0.682353
0.717647
0.694118
0.682353
0.509804
0.490196
0.737255
0.752941
0.831373
0.807843
0.741176
0.741176
0.733333
0.721569
0.737255
0.713725
0.705882
0.247059
0.290196
0.341176
0.243137
0.466667
0.686275
0.717647
0.776471
0.792157
0.717647
0.650980
0.709804
0.780392
0.815686
0.823529
0.827451
0.831373
0.807843
0.752941
0.560784
0.505882
0.666667
0.811765
0.831373
0.788235
0.729412
0.705882
0.741176
0.717647
0.666667
0.600000
0.584314
0.121569
0.274510
0.439216
0.231373
0.435294
0.690196
0.701961
0.709804
0.701961
0.600000
0.529412
0.572549
0.678431
0.682353
0.662745
0.662745
0.654902
0.627451
0.607843
0.572549
0.552941
0.568627
0.623529
0.600000
0.588235
0.560784
0.541176
0.560784
0.529412
0.521569
0.552941
0.643137
0.113725
0.325490
0.603922
0.333333
0.305882
0.450980
0.478431
0.537255
0.556863
0.521569
0.549020
0.490196
0.513725
0.529412
0.584314
0.576471
0.501961
0.611765
0.650980
0.525490
0.584314
0.615686
0.466667
0.623529
0.615686
0.392157
0.313725
0.533333
0.447059
0.529412
0.749020
0.792157
0.145098
0.341176
0.662745
0.419608
0.443137
0.517647
0.470588
0.639216
0.658824
0.623529
0.721569
0.517647
0.600000
0.619608
0.792157
0.737255
0.568627
0.796078
0.827451
0.592157
0.690196
0.741176
0.486275
0.776471
0.776471
0.403922
0.294118
0.658824
0.529412
0.654902
0.792157
0.756863
0.164706
0.325490
0.549020
0.360784
0.439216
0.556863
0.580392
0.807843
0.760784
0.776471
0.749020
0.686275
0.764706
0.803922
0.792157
0.768627
0.776471
0.768627
0.780392
0.815686
0.823529
0.784314
0.792157
0.819608
0.827451
0.494118
0.384314
0.733333
0.721569
0.713725
0.674510
0.600000
0.180392
0.247059
0.313725
0.317647
0.360784
0.407843
0.431373
0.517647
0.529412
0.525490
0.509804
0.537255
0.517647
0.529412
0.517647
0.513725
0.529412
0.541176
0.560784
0.600000
0.666667
0.619608
0.643137
0.658824
0.670588
0.545098
0.505882
0.666667
0.615686
0.458824
0.301961
0.278431
0.278431
0.266667
0.250980
0.235294
0.254902
0.286275
0.270588
0.262745
0.278431
0.286275
0.274510
0.262745
0.250980
0.247059
0.266667
0.274510
0.278431
0.286275
0.290196
0.294118
0.321569
0.298039
0.294118
0.305882
0.309804
0.298039
0.301961
0.368627
0.341176
0.211765
0.184314
0.172549
0.337255
0.345098
0.341176
0.321569
0.337255
0.341176
0.341176
0.356863
0.368627
0.360784
0.352941
0.325490
0.321569
0.325490
0.325490
0.317647
0.305882
0.313725
0.301961
0.270588
0.247059
0.262745
0.274510
0.270588
0.254902
0.215686
0.207843
0.258824
0.254902
0.243137
0.243137
0.243137
0.356863
0.349020
0.352941
0.352941
0.341176
0.325490
0.341176
0.349020
0.356863
0.349020
0.333333
0.329412
0.321569
0.333333
0.349020
0.352941
0.356863
0.368627
0.368627
0.364706
0.345098
0.360784
0.368627
0.384314
0.376471
0.333333
0.317647
0.368627
0.349020
0.337255
0.337255
0.345098
0.392157
0.388235
0.388235
0.384314
0.376471
0.368627
0.372549
0.368627
0.364706
0.349020
0.345098
0.333333
0.337255
0.352941
0.356863
0.356863
0.349020
0.349020
0.337255
0.325490
0.333333
0.341176
0.337255
0.345098
0.321569
0.301961
0.317647
0.337255
0.349020
0.341176
0.360784
0.364706
0.384314
0.396078
0.372549
0.368627
0.380392
0.384314
0.400000
0.372549
0.364706
0.384314
0.411765
0.407843
0.411765
0.400000
0.415686
0.423529
0.419608
0.423529
0.396078
0.388235
0.400000
0.427451
0.439216
0.419608
0.403922
0.380392
0.380392
0.384314
0.372549
0.349020
0.349020
0.364706
