0.094118
0.168627
0.231373
0.239216
0.282353
0.274510
0.196078
0.129412
0.117647
0.098039
0.109804
0.109804
0.094118
0.101961
0.117647
0.129412
0.180392
0.176471
0.188235
0.176471
0.149020
0.172549
0.192157
0.180392
0.176471
0.149020
0.109804
0.101961
0.121569
0.133333
0.133333
0.125490
0.082353
0.160784
0.215686
0.250980
0.309804
0.313725
0.266667
0.243137
0.247059
0.172549
0.129412
0.129412
0.113725
0.125490
0.137255
0.152941
0.180392
0.168627
0.192157
0.172549
0.152941
0.172549
0.188235
0.160784
0.156863
0.117647
0.070588
0.074510
0.078431
0.101961
0.145098
0.152941
0.105882
0.121569
0.156863
0.239216
0.294118
0.309804
0.239216
0.211765
0.231373
0.227451
0.125490
0.101961
0.090196
0.090196
0.101961
0.105882
0.121569
0.160784
0.258824
0.247059
0.176471
0.168627
0.133333
0.101961
0.192157
0.196078
0.101961
0.082353
0.098039
0.098039
0.176471
0.211765
0.168627
0.113725
0.133333
0.200000
0.235294
0.262745
0.298039
0.207843
0.105882
0.109804
0.101961
0.090196
0.086275
0.086275
0.105882
0.101961
0.109804
0.121569
0.203922
0.282353
0.184314
0.145098
0.109804
0.094118
0.192157
0.215686
0.113725
0.101961
0.086275
0.086275
0.156863
0.211765
0.105882
0.090196
0.105882
0.137255
0.203922
0.235294
0.262745
0.192157
0.101961
0.117647
0.098039
0.090196
0.137255
0.125490
0.113725
0.113725
0.125490
0.137255
0.129412
0.278431
0.286275
0.156863
0.160784
0.160784
0.203922
0.172549
0.113725
0.117647
0.117647
0.090196
0.149020
0.196078
0.086275
0.090196
0.090196
0.125490
0.203922
0.200000
0.207843
0.207843
0.156863
0.145098
0.098039
0.074510
0.125490
0.141176
0.137255
0.149020
0.152941
0.164706
0.152941
0.203922
0.266667
0.188235
0.203922
0.192157
0.313725
0.329412
0.172549
0.176471
0.192157
0.203922
0.149020
0.172549
0.086275
0.094118
0.078431
0.117647
0.184314
0.188235
0.176471
0.200000
0.203922
0.156863
0.125490
0.101961
0.145098
0.164706
0.180392
0.180392
0.188235
0.203922
0.200000
0.180392
0.200000
0.227451
0.247059
0.274510
0.439216
0.478431
0.262745
0.215686
0.219608
0.360784
0.254902
0.207843
0.090196
0.094118
0.078431
0.054902
0.109804
0.227451
0.211765
0.207843
0.211765
0.188235
0.168627
0.149020
0.168627
0.200000
0.203922
0.223529
0.243137
0.247059
0.219608
0.219608
0.235294
0.247059
0.356863
0.372549
0.384314
0.439216
0.337255
0.207843
0.192157
0.282353
0.305882
0.192157
0.094118
0.090196
0.078431
0.043137
0.121569
0.231373
0.141176
0.133333
0.160784
0.184314
0.180392
0.164706
0.192157
0.239216
0.266667
0.274510
0.286275
0.258824
0.254902
0.250980
0.290196
0.396078
0.596078
0.545098
0.333333
0.352941
0.309804
0.172549
0.160784
0.184314
0.286275
0.188235
0.105882
0.098039
0.101961
0.086275
0.125490
0.168627
0.094118
0.086275
0.125490
0.180392
0.172549
0.196078
0.243137
0.250980
0.317647
0.345098
0.321569
0.286275
0.270588
0.290196
0.360784
0.521569
0.470588
0.486275
0.478431
0.376471
0.309804
0.137255
0.125490
0.141176
0.219608
0.196078
0.129412
0.109804
0.113725
0.121569
0.101961
0.113725
0.105882
0.109804
0.149020
0.184314
0.200000
0.262745
0.294118
0.298039
0.388235
0.450980
0.376471
0.317647
0.341176
0.345098
0.423529
0.596078
0.478431
0.505882
0.631373
0.494118
0.400000
0.219608
0.074510
0.078431
0.145098
0.176471
0.160784
0.105882
0.086275
0.090196
0.086275
0.090196
0.149020
0.168627
0.184314
0.192157
0.278431
0.321569
0.360784
0.372549
0.376471
0.364706
0.337255
0.372549
0.474510
0.392157
0.498039
0.627451
0.635294
0.627451
0.694118
0.631373
0.537255
0.368627
0.078431
0.062745
0.086275
0.109804
0.164706
0.109804
0.105882
0.090196
0.074510
0.090196
0.168627
0.207843
0.227451
0.239216
0.298039
0.305882
0.380392
0.423529
0.376471
0.392157
0.372549
0.415686
0.521569
0.478431
0.486275
0.556863
0.600000
0.564706
0.596078
0.588235
0.576471
0.525490
0.172549
0.074510
0.090196
0.086275
0.149020
0.109804
0.141176
0.113725
0.086275
0.090196
0.176471
0.235294
0.231373
0.301961
0.333333
0.305882
0.423529
0.505882
0.462745
0.501961
0.482353
0.498039
0.541176
0.517647
0.462745
0.541176
0.674510
0.623529
0.596078
0.525490
0.627451
0.607843
0.207843
0.094118
0.105882
0.101961
0.109804
0.086275
0.113725
0.125490
0.105882
0.121569
0.192157
0.231373
0.223529
0.317647
0.400000
0.368627
0.474510
0.427451
0.498039
0.576471
0.545098
0.564706
0.552941
0.509804
0.541176
0.549020
0.658824
0.686275
0.639216
0.666667
0.760784
0.552941
0.152941
0.105882
0.098039
0.101961
0.094118
0.066667
0.090196
0.121569
0.133333
0.172549
0.203922
0.239216
0.286275
0.329412
0.419608
0.450980
0.537255
0.435294
0.525490
0.580392
0.549020
0.686275
0.635294
0.611765
0.584314
0.619608
0.705882
0.780392
0.792157
0.835294
0.650980
0.278431
0.113725
0.098039
0.078431
0.145098
0.113725
0.094118
0.125490
0.145098
0.164706
0.203922
0.282353
0.301961
0.337255
0.380392
0.466667
0.431373
0.494118
0.580392
0.584314
0.541176
0.545098
0.658824
0.635294
0.717647
0.678431
0.721569
0.796078
0.725490
0.600000
0.470588
0.498039
0.419608
0.203922
0.133333
0.125490
0.215686
0.149020
0.129412
0.125490
0.156863
0.188235
0.278431
0.474510
0.364706
0.345098
0.439216
0.541176
0.474510
0.482353
0.521569
0.600000
0.588235
0.647059
0.674510
0.760784
0.788235
0.686275
0.635294
0.603922
0.517647
0.419608
0.337255
0.498039
0.690196
0.498039
0.203922
0.203922
0.125490
0.200000
0.137255
0.105882
0.172549
0.219608
0.376471
0.627451
0.439216
0.431373
0.556863
0.596078
0.552941
0.600000
0.529412
0.576471
0.690196
0.674510
0.698039
0.756863
0.717647
0.749020
0.717647
0.690196
0.647059
0.376471
0.231373
0.380392
0.545098
0.658824
0.356863
0.219608
0.113725
0.223529
0.152941
0.098039
0.215686
0.286275
0.447059
0.627451
0.560784
0.580392
0.639216
0.654902
0.607843
0.721569
0.682353
0.607843
0.615686
0.596078
0.552941
0.560784
0.592157
0.643137
0.639216
0.623529
0.427451
0.160784
0.098039
0.184314
0.450980
0.749020
0.529412
0.298039
0.180392
0.207843
0.149020
0.121569
0.313725
0.364706
0.541176
0.674510
0.576471
0.596078
0.639216
0.666667
0.733333
0.784314
0.780392
0.678431
0.560784
0.533333
0.541176
0.541176
0.568627
0.486275
0.466667
0.317647
0.101961
0.090196
0.105882
0.145098
0.478431
0.670588
0.592157
0.423529
0.262745
0.200000
0.137255
0.137255
0.274510
0.286275
0.380392
0.431373
0.298039
0.384314
0.552941
0.666667
0.752941
0.800000
0.811765
0.701961
0.564706
0.513725
0.505882
0.564706
0.529412
0.356863
0.243137
0.145098
0.078431
0.113725
0.145098
0.215686
0.407843
0.501961
0.466667
0.384314
0.274510
0.188235
0.129412
0.160784
0.184314
0.164706
0.176471
0.203922
0.164706
0.188235
0.341176
0.462745
0.584314
0.686275
0.694118
0.611765
0.603922
0.552941
0.517647
0.423529
0.219608
0.133333
0.188235
0.196078
0.168627
0.192157
0.227451
0.219608
0.250980
0.364706
0.305882
0.254902
0.250980
0.196078
0.196078
0.176471
0.196078
0.125490
0.101961
0.121569
0.160784
0.164706
0.200000
0.274510
0.337255
0.352941
0.321569
0.498039
0.631373
0.560784
0.349020
0.160784
0.125490
0.207843
0.258824
0.235294
0.219608
0.223529
0.243137
0.219608
0.192157
0.290196
0.266667
0.231373
0.305882
0.200000
0.211765
0.133333
0.109804
0.074510
0.078431
0.082353
0.105882
0.145098
0.160784
0.172549
0.180392
0.141176
0.094118
0.392157
0.592157
0.549020
0.313725
0.098039
0.168627
0.266667
0.278431
0.294118
0.219608
0.192157
0.176471
0.184314
0.180392
0.227451
0.258824
0.250980
0.368627
0.113725
0.168627
0.149020
0.101961
0.105882
0.109804
0.101961
0.137255
0.149020
0.129412
0.203922
0.227451
0.227451
0.172549
0.305882
0.576471
0.560784
0.525490
0.345098
0.431373
0.333333
0.301961
0.329412
0.278431
0.266667
0.219608
0.145098
0.152941
0.172549
0.254902
0.321569
0.400000
0.078431
0.105882
0.141176
0.145098
0.192157
0.176471
0.145098
0.207843
0.160784
0.164706
0.239216
0.309804
0.384314
0.298039
0.235294
0.462745
0.529412
0.619608
0.650980
0.572549
0.345098
0.274510
0.258824
0.254902
0.258824
0.227451
0.192157
0.184314
0.192157
0.231373
0.352941
0.407843
0.113725
0.129412
0.109804
0.117647
0.168627
0.203922
0.188235
0.172549
0.141176
0.184314
0.227451
0.247059
0.325490
0.349020
0.219608
0.231373
0.333333
0.411765
0.537255
0.321569
0.305882
0.247059
0.192157
0.160784
0.172549
0.254902
0.403922
0.388235
0.360784
0.301961
0.356863
0.392157
0.239216
0.231373
0.192157
0.152941
0.156863
0.180392
0.145098
0.137255
0.125490
0.109804
0.149020
0.192157
0.266667
0.345098
0.231373
0.325490
0.380392
0.227451
0.403922
0.337255
0.282353
0.254902
0.247059
0.223529
0.188235
0.384314
0.517647
0.576471
0.517647
0.411765
0.356863
0.372549
0.301961
0.247059
0.200000
0.168627
0.184314
0.188235
0.254902
0.203922
0.125490
0.086275
0.101961
0.223529
0.313725
0.364706
0.337255
0.450980
0.450980
0.396078
0.407843
0.372549
0.262745
0.305882
0.349020
0.313725
0.219608
0.301961
0.376471
0.431373
0.415686
0.435294
0.388235
0.356863
0.282353
0.239216
0.188235
0.156863
0.145098
0.203922
0.262745
0.192157
0.168627
0.152941
0.176471
0.298039
0.345098
0.364706
0.439216
0.545098
0.505882
0.537255
0.529412
0.364706
0.380392
0.341176
0.372549
0.309804
0.254902
0.219608
0.168627
0.172549
0.200000
0.364706
0.415686
0.376471
0.282353
0.247059
0.200000
0.168627
0.156863
0.196078
0.200000
0.192157
0.227451
0.160784
0.192157
0.364706
0.384314
0.396078
0.427451
0.545098
0.529412
0.580392
0.572549
0.317647
0.466667
0.498039
0.360784
0.282353
0.254902
0.211765
0.168627
0.164706
0.145098
0.270588
0.345098
0.341176
0.066667
0.125490
0.168627
0.168627
0.200000
0.196078
0.141176
0.101961
0.090196
0.062745
0.062745
0.066667
0.058824
0.070588
0.086275
0.098039
0.133333
0.125490
0.133333
0.113725
0.086275
0.098039
0.113725
0.113725
0.109804
0.098039
0.086275
0.082353
0.090196
0.090196
0.090196
0.078431
0.058824
0.117647
0.160784
0.176471
0.215686
0.215686
0.192157
0.192157
0.203922
0.125490
0.078431
0.082353
0.082353
0.094118
0.105882
0.117647
0.133333
0.113725
0.117647
0.094118
0.094118
0.109804
0.121569
0.109804
0.105882
0.086275
0.070588
0.086275
0.070588
0.066667
0.094118
0.090196
0.082353
0.082353
0.113725
0.172549
0.196078
0.207843
0.145098
0.145098
0.180392
0.172549
0.070588
0.054902
0.058824
0.062745
0.070588
0.070588
0.082353
0.105882
0.184314
0.160784
0.117647
0.109804
0.074510
0.066667
0.141176
0.149020
0.086275
0.078431
0.086275
0.074510
0.129412
0.141176
0.145098
0.086275
0.098039
0.141176
0.149020
0.156863
0.196078
0.137255
0.054902
0.062745
0.058824
0.050980
0.054902
0.050980
0.074510
0.070588
0.070588
0.070588
0.141176
0.211765
0.125490
0.082353
0.054902
0.062745
0.133333
0.152941
0.070588
0.058824
0.058824
0.062745
0.109804
0.145098
0.086275
0.066667
0.074510
0.094118
0.133333
0.137255
0.164706
0.125490
0.058824
0.082353
0.070588
0.066667
0.105882
0.090196
0.078431
0.082353
0.086275
0.098039
0.090196
0.231373
0.223529
0.086275
0.101961
0.129412
0.160784
0.129412
0.078431
0.066667
0.082353
0.062745
0.105882
0.133333
0.066667
0.070588
0.070588
0.078431
0.129412
0.117647
0.125490
0.133333
0.098039
0.101961
0.078431
0.062745
0.090196
0.105882
0.094118
0.101961
0.109804
0.121569
0.109804
0.160784
0.207843
0.117647
0.149020
0.160784
0.282353
0.294118
0.133333
0.121569
0.133333
0.145098
0.086275
0.109804
0.070588
0.074510
0.066667
0.078431
0.117647
0.113725
0.098039
0.113725
0.113725
0.094118
0.109804
0.098039
0.109804
0.121569
0.121569
0.117647
0.133333
0.152941
0.145098
0.125490
0.149020
0.172549
0.200000
0.250980
0.403922
0.435294
0.207843
0.145098
0.137255
0.266667
0.164706
0.137255
0.066667
0.066667
0.066667
0.066667
0.082353
0.137255
0.121569
0.121569
0.125490
0.121569
0.145098
0.145098
0.141176
0.156863
0.145098
0.156863
0.176471
0.188235
0.168627
0.176471
0.200000
0.200000
0.305882
0.337255
0.360784
0.411765
0.290196
0.137255
0.105882
0.184314
0.211765
0.117647
0.066667
0.054902
0.066667
0.070588
0.098039
0.141176
0.074510
0.078431
0.090196
0.121569
0.152941
0.156863
0.160784
0.196078
0.211765
0.207843
0.207843
0.196078
0.207843
0.219608
0.262745
0.345098
0.537255
0.490196
0.317647
0.341176
0.274510
0.113725
0.090196
0.101961
0.196078
0.113725
0.074510
0.062745
0.082353
0.078431
0.078431
0.098039
0.066667
0.062745
0.066667
0.125490
0.141176
0.180392
0.215686
0.211765
0.266667
0.282353
0.243137
0.219608
0.223529
0.254902
0.321569
0.462745
0.396078
0.419608
0.450980
0.364706
0.282353
0.090196
0.078431
0.086275
0.149020
0.129412
0.098039
0.070588
0.090196
0.090196
0.062745
0.074510
0.078431
0.078431
0.105882
0.133333
0.164706
0.239216
0.270588
0.258824
0.337255
0.392157
0.309804
0.254902
0.282353
0.290196
0.368627
0.525490
0.403922
0.439216
0.592157
0.462745
0.368627
0.180392
0.054902
0.058824
0.101961
0.129412
0.125490
0.066667
0.058824
0.070588
0.078431
0.074510
0.082353
0.109804
0.149020
0.141176
0.239216
0.294118
0.333333
0.337255
0.329412
0.309804
0.282353
0.313725
0.411765
0.325490
0.431373
0.552941
0.564706
0.572549
0.647059
0.588235
0.505882
0.337255
0.078431
0.062745
0.062745
0.078431
0.113725
0.074510
0.066667
0.054902
0.062745
0.062745
0.098039
0.149020
0.188235
0.184314
0.250980
0.274510
0.341176
0.384314
0.352941
0.349020
0.337255
0.376471
0.470588
0.411765
0.427451
0.501961
0.552941
0.517647
0.545098
0.556863
0.533333
0.470588
0.137255
0.043137
0.058824
0.050980
0.101961
0.082353
0.101961
0.070588
0.062745
0.066667
0.133333
0.200000
0.200000
0.250980
0.282353
0.266667
0.376471
0.458824
0.435294
0.458824
0.450980
0.466667
0.490196
0.458824
0.427451
0.501961
0.607843
0.537255
0.517647
0.474510
0.556863
0.525490
0.152941
0.054902
0.074510
0.074510
0.070588
0.066667
0.086275
0.082353
0.082353
0.105882
0.164706
0.215686
0.207843
0.270588
0.341176
0.321569
0.419608
0.364706
0.454902
0.517647
0.498039
0.517647
0.494118
0.450980
0.498039
0.494118
0.568627
0.568627
0.545098
0.603922
0.678431
0.470588
0.105882
0.070588
0.070588
0.082353
0.062745
0.054902
0.070588
0.074510
0.105882
0.156863
0.180392
0.223529
0.262745
0.270588
0.352941
0.392157
0.470588
0.360784
0.470588
0.501961
0.478431
0.619608
0.564706
0.533333
0.490196
0.521569
0.611765
0.682353
0.709804
0.768627
0.560784
0.203922
0.062745
0.050980
0.043137
0.129412
0.078431
0.078431
0.098039
0.094118
0.133333
0.176471
0.247059
0.262745
0.290196
0.305882
0.392157
0.364706
0.419608
0.490196
0.513725
0.443137
0.447059
0.568627
0.545098
0.615686
0.541176
0.592157
0.698039
0.643137
0.529412
0.400000
0.388235
0.325490
0.145098
0.074510
0.078431
0.188235
0.101961
0.098039
0.090196
0.101961
0.152941
0.239216
0.419608
0.298039
0.270588
0.352941
0.458824
0.411765
0.403922
0.427451
0.517647
0.478431
0.529412
0.564706
0.650980
0.674510
0.572549
0.521569
0.490196
0.403922
0.325490
0.243137
0.345098
0.552941
0.415686
0.137255
0.149020
0.090196
0.121569
0.086275
0.074510
0.129412
0.176471
0.329412
0.560784
0.356863
0.341176
0.458824
0.509804
0.478431
0.505882
0.427451
0.470588
0.560784
0.545098
0.556863
0.619608
0.596078
0.643137
0.607843
0.568627
0.517647
0.282353
0.141176
0.231373
0.356863
0.537255
0.270588
0.145098
0.062745
0.121569
0.082353
0.078431
0.176471
0.239216
0.396078
0.556863
0.474510
0.486275
0.533333
0.556863
0.505882
0.600000
0.564706
0.478431
0.482353
0.462745
0.364706
0.360784
0.423529
0.498039
0.517647
0.521569
0.341176
0.113725
0.062745
0.094118
0.274510
0.607843
0.431373
0.196078
0.113725
0.109804
0.094118
0.078431
0.254902
0.309804
0.490196
0.600000
0.486275
0.501961
0.521569
0.549020
0.611765
0.643137
0.631373
0.549020
0.458824
0.415686
0.313725
0.278431
0.352941
0.329412
0.352941
0.250980
0.070588
0.066667
0.078431
0.086275
0.352941
0.552941
0.505882
0.333333
0.192157
0.109804
0.098039
0.078431
0.192157
0.219608
0.317647
0.337255
0.203922
0.294118
0.431373
0.537255
0.619608
0.647059
0.647059
0.576471
0.498039
0.411765
0.301961
0.341176
0.380392
0.258824
0.156863
0.090196
0.054902
0.066667
0.082353
0.141176
0.301961
0.407843
0.388235
0.305882
0.200000
0.105882
0.090196
0.105882
0.105882
0.105882
0.125490
0.125490
0.086275
0.109804
0.227451
0.337255
0.458824
0.545098
0.560784
0.513725
0.541176
0.458824
0.360784
0.294118
0.172549
0.101961
0.129412
0.125490
0.109804
0.101961
0.121569
0.117647
0.141176
0.274510
0.231373
0.172549
0.160784
0.117647
0.145098
0.141176
0.156863
0.101961
0.086275
0.086275
0.121569
0.113725
0.113725
0.176471
0.231373
0.247059
0.243137
0.435294
0.564706
0.490196
0.258824
0.090196
0.098039
0.164706
0.176471
0.133333
0.137255
0.129412
0.133333
0.113725
0.086275
0.200000
0.188235
0.145098
0.188235
0.129412
0.149020
0.113725
0.098039
0.066667
0.074510
0.070588
0.086275
0.117647
0.101961
0.098039
0.101961
0.062745
0.062745
0.349020
0.509804
0.505882
0.274510
0.043137
0.101961
0.172549
0.152941
0.176471
0.133333
0.113725
0.090196
0.105882
0.105882
0.149020
0.172549
0.152941
0.235294
0.074510
0.117647
0.117647
0.082353
0.074510
0.070588
0.066667
0.098039
0.129412
0.066667
0.105882
0.145098
0.129412
0.113725
0.243137
0.458824
0.474510
0.454902
0.278431
0.360784
0.254902
0.215686
0.223529
0.156863
0.149020
0.133333
0.086275
0.113725
0.105882
0.152941
0.196078
0.254902
0.062745
0.074510
0.121569
0.121569
0.145098
0.117647
0.094118
0.149020
0.117647
0.090196
0.133333
0.223529
0.270588
0.207843
0.172549
0.364706
0.435294
0.545098
0.584314
0.494118
0.235294
0.180392
0.176471
0.160784
0.149020
0.137255
0.129412
0.121569
0.117647
0.129412
0.219608
0.262745
0.090196
0.094118
0.090196
0.090196
0.121569
0.141176
0.125490
0.105882
0.082353
0.121569
0.149020
0.168627
0.207843
0.231373
0.160784
0.180392
0.262745
0.341176
0.458824
0.223529
0.164706
0.129412
0.113725
0.101961
0.094118
0.172549
0.325490
0.282353
0.270588
0.203922
0.219608
0.243137
0.164706
0.156863
0.129412
0.113725
0.105882
0.105882
0.070588
0.074510
0.082353
0.078431
0.113725
0.129412
0.141176
0.200000
0.152941
0.282353
0.309804
0.129412
0.294118
0.227451
0.160784
0.137255
0.145098
0.133333
0.105882
0.309804
0.431373
0.458824
0.427451
0.317647
0.219608
0.223529
0.192157
0.137255
0.101961
0.113725
0.133333
0.105882
0.168627
0.145098
0.086275
0.070588
0.082353
0.141176
0.176471
0.203922
0.223529
0.352941
0.349020
0.250980
0.250980
0.247059
0.149020
0.176471
0.207843
0.176471
0.113725
0.227451
0.305882
0.349020
0.349020
0.341176
0.239216
0.207843
0.172549
0.137255
0.101961
0.101961
0.086275
0.117647
0.168627
0.129412
0.105882
0.113725
0.129412
0.180392
0.196078
0.196078
0.282353
0.380392
0.352941
0.352941
0.341176
0.207843
0.231373
0.180392
0.215686
0.176471
0.137255
0.137255
0.121569
0.141176
0.156863
0.266667
0.258824
0.223529
0.180392
0.149020
0.121569
0.109804
0.094118
0.113725
0.113725
0.109804
0.141176
0.121569
0.133333
0.215686
0.231373
0.235294
0.266667
0.368627
0.349020
0.376471
0.360784
0.145098
0.294118
0.321569
0.203922
0.160784
0.133333
0.121569
0.109804
0.109804
0.090196
0.168627
0.211765
0.223529
0.070588
0.113725
0.145098
0.133333
0.172549
0.184314
0.137255
0.086275
0.074510
0.054902
0.062745
0.066667
0.050980
0.058824
0.074510
0.082353
0.105882
0.101961
0.121569
0.109804
0.078431
0.090196
0.109804
0.105882
0.105882
0.101961
0.082353
0.062745
0.066667
0.074510
0.082353
0.086275
0.058824
0.105882
0.137255
0.149020
0.196078
0.207843
0.184314
0.180392
0.192157
0.121569
0.078431
0.082353
0.070588
0.082353
0.098039
0.105882
0.113725
0.098039
0.113725
0.098039
0.090196
0.109804
0.121569
0.105882
0.082353
0.066667
0.062745
0.066667
0.050980
0.058824
0.090196
0.086275
0.078431
0.074510
0.094118
0.152941
0.188235
0.200000
0.133333
0.133333
0.168627
0.172549
0.074510
0.054902
0.047059
0.047059
0.058824
0.058824
0.070588
0.098039
0.184314
0.164706
0.113725
0.109804
0.074510
0.054902
0.105882
0.125490
0.078431
0.070588
0.078431
0.066667
0.121569
0.125490
0.137255
0.074510
0.082353
0.133333
0.145098
0.149020
0.180392
0.117647
0.043137
0.058824
0.054902
0.047059
0.043137
0.043137
0.062745
0.058824
0.062745
0.066667
0.137255
0.203922
0.113725
0.074510
0.043137
0.039216
0.098039
0.129412
0.066667
0.058824
0.050980
0.050980
0.094118
0.125490
0.074510
0.054902
0.062745
0.086275
0.133333
0.125490
0.141176
0.101961
0.047059
0.074510
0.062745
0.058824
0.094118
0.082353
0.066667
0.074510
0.090196
0.094118
0.082353
0.215686
0.200000
0.062745
0.078431
0.094118
0.121569
0.101961
0.066667
0.054902
0.062745
0.039216
0.082353
0.113725
0.058824
0.062745
0.062745
0.078431
0.121569
0.094118
0.094118
0.113725
0.090196
0.090196
0.062745
0.047059
0.082353
0.094118
0.090196
0.101961
0.113725
0.121569
0.105882
0.149020
0.196078
0.101961
0.117647
0.117647
0.235294
0.247059
0.105882
0.101961
0.109804
0.113725
0.062745
0.101961
0.074510
0.078431
0.066667
0.074510
0.101961
0.082353
0.074510
0.105882
0.113725
0.082353
0.086275
0.070588
0.098039
0.113725
0.121569
0.117647
0.133333
0.149020
0.145098
0.125490
0.149020
0.149020
0.156863
0.192157
0.341176
0.372549
0.160784
0.129412
0.117647
0.231373
0.145098
0.141176
0.074510
0.074510
0.070588
0.054902
0.066667
0.125490
0.113725
0.117647
0.125490
0.113725
0.121569
0.113725
0.121569
0.141176
0.133333
0.149020
0.168627
0.180392
0.156863
0.160784
0.164706
0.141176
0.235294
0.262745
0.290196
0.349020
0.247059
0.133333
0.101961
0.168627
0.192157
0.113725
0.070588
0.058824
0.062745
0.054902
0.090196
0.152941
0.074510
0.070588
0.082353
0.109804
0.133333
0.125490
0.133333
0.168627
0.184314
0.184314
0.192157
0.176471
0.184314
0.188235
0.211765
0.282353
0.470588
0.431373
0.258824
0.278431
0.231373
0.109804
0.101961
0.098039
0.180392
0.098039
0.070588
0.062745
0.074510
0.070588
0.086275
0.109804
0.054902
0.043137
0.054902
0.113725
0.117647
0.152941
0.180392
0.172549
0.219608
0.239216
0.211765
0.188235
0.184314
0.211765
0.274510
0.411765
0.356863
0.392157
0.400000
0.294118
0.231373
0.074510
0.090196
0.086275
0.129412
0.101961
0.090196
0.066667
0.082353
0.082353
0.062745
0.078431
0.058824
0.054902
0.090196
0.121569
0.145098
0.211765
0.227451
0.207843
0.278431
0.333333
0.262745
0.207843
0.235294
0.243137
0.309804
0.462745
0.356863
0.415686
0.537255
0.384314
0.305882
0.152941
0.054902
0.050980
0.078431
0.101961
0.117647
0.062745
0.050980
0.050980
0.058824
0.066667
0.066667
0.086275
0.129412
0.125490
0.223529
0.262745
0.286275
0.274510
0.262745
0.239216
0.223529
0.254902
0.356863
0.270588
0.345098
0.462745
0.490196
0.513725
0.572549
0.498039
0.419608
0.282353
0.058824
0.047059
0.035294
0.054902
0.105882
0.066667
0.066667
0.047059
0.050980
0.058824
0.082353
0.121569
0.164706
0.164706
0.219608
0.235294
0.278431
0.301961
0.290196
0.290196
0.278431
0.305882
0.400000
0.352941
0.341176
0.396078
0.439216
0.411765
0.454902
0.462745
0.419608
0.400000
0.125490
0.035294
0.035294
0.043137
0.101961
0.078431
0.101961
0.066667
0.054902
0.062745
0.117647
0.160784
0.152941
0.203922
0.223529
0.207843
0.301961
0.372549
0.376471
0.403922
0.403922
0.396078
0.415686
0.392157
0.329412
0.372549
0.474510
0.411765
0.415686
0.376471
0.447059
0.458824
0.149020
0.043137
0.047059
0.054902
0.082353
0.062745
0.074510
0.070588
0.070588
0.098039
0.149020
0.168627
0.141176
0.200000
0.254902
0.243137
0.345098
0.278431
0.380392
0.443137
0.450980
0.447059
0.407843
0.364706
0.372549
0.345098
0.411765
0.423529
0.396078
0.458824
0.533333
0.368627
0.086275
0.066667
0.054902
0.066667
0.074510
0.047059
0.054902
0.054902
0.086275
0.141176
0.152941
0.180392
0.211765
0.203922
0.262745
0.301961
0.384314
0.262745
0.372549
0.388235
0.400000
0.513725
0.443137
0.411765
0.349020
0.364706
0.443137
0.529412
0.584314
0.666667
0.458824
0.129412
0.058824
0.074510
0.062745
0.145098
0.074510
0.062745
0.082353
0.074510
0.109804
0.145098
0.192157
0.211765
0.239216
0.227451
0.278431
0.247059
0.301961
0.368627
0.380392
0.278431
0.294118
0.400000
0.364706
0.447059
0.388235
0.435294
0.541176
0.509804
0.431373
0.333333
0.305882
0.231373
0.109804
0.086275
0.109804
0.223529
0.078431
0.078431
0.074510
0.082353
0.121569
0.192157
0.337255
0.215686
0.188235
0.227451
0.290196
0.247059
0.266667
0.282353
0.352941
0.262745
0.298039
0.321569
0.415686
0.462745
0.392157
0.360784
0.364706
0.317647
0.243137
0.160784
0.227451
0.388235
0.301961
0.090196
0.141176
0.098039
0.098039
0.062745
0.062745
0.109804
0.160784
0.270588
0.431373
0.219608
0.203922
0.290196
0.317647
0.282353
0.313725
0.243137
0.286275
0.341176
0.301961
0.325490
0.376471
0.349020
0.427451
0.423529
0.427451
0.427451
0.235294
0.113725
0.172549
0.239216
0.392157
0.160784
0.101961
0.054902
0.101961
0.066667
0.070588
0.133333
0.180392
0.274510
0.345098
0.282353
0.309804
0.333333
0.352941
0.286275
0.352941
0.325490
0.274510
0.301961
0.294118
0.223529
0.200000
0.219608
0.290196
0.329412
0.376471
0.254902
0.086275
0.058824
0.074510
0.211765
0.466667
0.301961
0.145098
0.101961
0.094118
0.070588
0.074510
0.196078
0.200000
0.305882
0.376471
0.313725
0.341176
0.317647
0.313725
0.356863
0.364706
0.356863
0.329412
0.309804
0.301961
0.207843
0.164706
0.223529
0.184314
0.227451
0.184314
0.070588
0.058824
0.062745
0.062745
0.290196
0.443137
0.407843
0.290196
0.176471
0.094118
0.066667
0.078431
0.184314
0.176471
0.207843
0.239216
0.137255
0.192157
0.274510
0.321569
0.376471
0.380392
0.372549
0.360784
0.352941
0.274510
0.149020
0.184314
0.239216
0.168627
0.098039
0.062745
0.070588
0.066667
0.070588
0.121569
0.250980
0.341176
0.333333
0.278431
0.172549
0.090196
0.058824
0.098039
0.109804
0.094118
0.070588
0.094118
0.082353
0.074510
0.152941
0.203922
0.282353
0.349020
0.345098
0.329412
0.407843
0.341176
0.243137
0.180392
0.086275
0.058824
0.090196
0.090196
0.086275
0.094118
0.113725
0.101961
0.113725
0.243137
0.207843
0.149020
0.121569
0.105882
0.117647
0.121569
0.125490
0.086275
0.054902
0.054902
0.105882
0.098039
0.094118
0.121569
0.149020
0.160784
0.133333
0.298039
0.431373
0.403922
0.211765
0.074510
0.094118
0.137255
0.137255
0.094118
0.101961
0.109804
0.117647
0.098039
0.074510
0.188235
0.172549
0.121569
0.145098
0.117647
0.129412
0.086275
0.074510
0.090196
0.101961
0.074510
0.066667
0.090196
0.098039
0.082353
0.074510
0.054902
0.035294
0.258824
0.356863
0.356863
0.211765
0.039216
0.094118
0.137255
0.113725
0.149020
0.121569
0.090196
0.062745
0.086275
0.101961
0.145098
0.160784
0.129412
0.184314
0.070588
0.109804
0.098039
0.074510
0.090196
0.086275
0.082353
0.098039
0.109804
0.066667
0.101961
0.105882
0.078431
0.082353
0.196078
0.333333
0.305882
0.364706
0.227451
0.298039
0.200000
0.164706
0.180392
0.121569
0.109804
0.094118
0.070588
0.125490
0.117647
0.149020
0.168627
0.192157
0.054902
0.062745
0.098039
0.117647
0.145098
0.109804
0.101961
0.149020
0.094118
0.078431
0.109804
0.172549
0.211765
0.164706
0.141176
0.294118
0.325490
0.427451
0.494118
0.450980
0.207843
0.137255
0.121569
0.105882
0.101961
0.094118
0.094118
0.098039
0.101961
0.109804
0.180392
0.196078
0.070588
0.070588
0.066667
0.086275
0.117647
0.129412
0.125490
0.098039
0.062745
0.101961
0.109804
0.125490
0.172549
0.192157
0.137255
0.149020
0.200000
0.231373
0.372549
0.215686
0.160784
0.105882
0.074510
0.054902
0.054902
0.125490
0.258824
0.203922
0.207843
0.152941
0.164706
0.184314
0.149020
0.137255
0.121569
0.113725
0.098039
0.090196
0.058824
0.070588
0.082353
0.074510
0.086275
0.101961
0.113725
0.160784
0.137255
0.250980
0.250980
0.086275
0.258824
0.196078
0.137255
0.113725
0.117647
0.105882
0.082353
0.270588
0.356863
0.360784
0.341176
0.247059
0.149020
0.168627
0.172549
0.113725
0.105882
0.117647
0.121569
0.082353
0.149020
0.141176
0.101961
0.078431
0.070588
0.125490
0.145098
0.172549
0.200000
0.294118
0.266667
0.231373
0.239216
0.200000
0.105882
0.149020
0.188235
0.160784
0.098039
0.200000
0.254902
0.274510
0.282353
0.274510
0.172549
0.164706
0.141176
0.101961
0.098039
0.109804
0.074510
0.090196
0.145098
0.113725
0.113725
0.113725
0.109804
0.152941
0.149020
0.168627
0.250980
0.298039
0.286275
0.282353
0.290196
0.184314
0.196078
0.145098
0.188235
0.152941
0.125490
0.117647
0.101961
0.121569
0.129412
0.219608
0.203922
0.188235
0.141176
0.113725
0.109804
0.101961
0.082353
0.090196
0.090196
0.090196
0.129412
0.109804
0.101961
0.164706
0.180392
0.203922
0.235294
0.313725
0.298039
0.274510
0.266667
0.125490
0.258824
0.262745
0.164706
0.121569
0.121569
0.101961
0.101961
0.109804
0.082353
0.164706
0.188235
0.200000
