0.270588
0.223529
0.258824
0.235294
0.211765
0.188235
0.141176
0.141176
0.141176
0.137255
0.164706
0.129412
0.121569
0.098039
0.074510
0.105882
0.168627
0.172549
0.141176
0.086275
0.133333
0.211765
0.200000
0.203922
0.172549
0.172549
0.200000
0.227451
0.266667
0.258824
0.639216
0.886275
0.262745
0.184314
0.235294
0.223529
0.203922
0.184314
0.160784
0.133333
0.086275
0.070588
0.121569
0.149020
0.098039
0.039216
0.047059
0.062745
0.086275
0.129412
0.168627
0.121569
0.133333
0.200000
0.211765
0.184314
0.152941
0.184314
0.196078
0.239216
0.278431
0.376471
0.819608
0.850980
0.235294
0.203922
0.200000
0.192157
0.215686
0.219608
0.215686
0.180392
0.133333
0.094118
0.070588
0.113725
0.160784
0.129412
0.109804
0.105882
0.125490
0.137255
0.168627
0.188235
0.180392
0.203922
0.207843
0.176471
0.172549
0.192157
0.188235
0.203922
0.266667
0.623529
0.854902
0.878431
0.184314
0.192157
0.211765
0.180392
0.215686
0.254902
0.235294
0.164706
0.117647
0.086275
0.078431
0.094118
0.094118
0.098039
0.168627
0.129412
0.082353
0.070588
0.133333
0.164706
0.156863
0.196078
0.203922
0.215686
0.200000
0.164706
0.176471
0.180392
0.478431
0.886275
0.854902
0.866667
0.149020
0.227451
0.254902
0.247059
0.321569
0.321569
0.250980
0.184314
0.137255
0.129412
0.129412
0.113725
0.070588
0.090196
0.141176
0.129412
0.109804
0.062745
0.094118
0.152941
0.152941
0.188235
0.270588
0.278431
0.231373
0.149020
0.156863
0.207843
0.725490
0.952941
0.796078
0.721569
0.192157
0.250980
0.262745
0.313725
0.345098
0.325490
0.298039
0.266667
0.188235
0.152941
0.141176
0.105882
0.149020
0.117647
0.090196
0.121569
0.149020
0.129412
0.164706
0.227451
0.200000
0.188235
0.235294
0.250980
0.262745
0.184314
0.176471
0.270588
0.803922
0.913725
0.776471
0.682353
0.258824
0.270588
0.305882
0.325490
0.356863
0.376471
0.376471
0.317647
0.215686
0.152941
0.113725
0.074510
0.082353
0.066667
0.105882
0.133333
0.172549
0.215686
0.239216
0.298039
0.356863
0.352941
0.298039
0.298039
0.286275
0.254902
0.231373
0.290196
0.815686
0.850980
0.800000
0.654902
0.309804
0.317647
0.341176
0.345098
0.376471
0.431373
0.360784
0.231373
0.184314
0.152941
0.133333
0.156863
0.180392
0.211765
0.172549
0.098039
0.129412
0.152941
0.223529
0.309804
0.364706
0.400000
0.435294
0.431373
0.415686
0.411765
0.396078
0.458824
0.705882
0.792157
0.776471
0.611765
0.337255
0.372549
0.396078
0.407843
0.388235
0.400000
0.349020
0.247059
0.192157
0.121569
0.086275
0.266667
0.407843
0.439216
0.352941
0.231373
0.219608
0.098039
0.180392
0.294118
0.360784
0.419608
0.435294
0.443137
0.470588
0.482353
0.474510
0.537255
0.537255
0.490196
0.407843
0.305882
0.360784
0.403922
0.392157
0.411765
0.423529
0.329412
0.305882
0.352941
0.309804
0.227451
0.192157
0.352941
0.407843
0.345098
0.290196
0.243137
0.207843
0.109804
0.137255
0.172549
0.266667
0.356863
0.415686
0.458824
0.470588
0.474510
0.454902
0.443137
0.450980
0.368627
0.282353
0.145098
0.458824
0.466667
0.411765
0.403922
0.443137
0.396078
0.341176
0.396078
0.423529
0.431373
0.392157
0.400000
0.329412
0.200000
0.176471
0.231373
0.207843
0.196078
0.200000
0.223529
0.258824
0.337255
0.419608
0.470588
0.490196
0.494118
0.490196
0.458824
0.419608
0.313725
0.250980
0.152941
0.494118
0.458824
0.458824
0.400000
0.407843
0.427451
0.450980
0.447059
0.466667
0.541176
0.486275
0.447059
0.447059
0.419608
0.392157
0.411765
0.400000
0.400000
0.380392
0.360784
0.415686
0.450980
0.466667
0.443137
0.447059
0.482353
0.486275
0.482353
0.478431
0.349020
0.278431
0.184314
0.462745
0.450980
0.447059
0.427451
0.388235
0.419608
0.474510
0.443137
0.509804
0.533333
0.505882
0.517647
0.576471
0.592157
0.549020
0.517647
0.525490
0.533333
0.513725
0.466667
0.509804
0.505882
0.505882
0.474510
0.454902
0.498039
0.470588
0.494118
0.486275
0.337255
0.309804
0.286275
0.439216
0.403922
0.415686
0.392157
0.329412
0.384314
0.509804
0.611765
0.619608
0.584314
0.600000
0.541176
0.564706
0.611765
0.600000
0.611765
0.568627
0.490196
0.572549
0.592157
0.560784
0.513725
0.564706
0.474510
0.431373
0.482353
0.490196
0.513725
0.482353
0.180392
0.152941
0.176471
0.443137
0.458824
0.435294
0.423529
0.478431
0.521569
0.576471
0.666667
0.639216
0.607843
0.611765
0.600000
0.596078
0.607843
0.658824
0.690196
0.549020
0.454902
0.611765
0.690196
0.654902
0.654902
0.666667
0.564706
0.486275
0.474510
0.486275
0.501961
0.447059
0.168627
0.090196
0.086275
0.470588
0.486275
0.513725
0.580392
0.584314
0.560784
0.568627
0.584314
0.611765
0.568627
0.607843
0.658824
0.568627
0.568627
0.592157
0.678431
0.615686
0.454902
0.596078
0.721569
0.686275
0.678431
0.650980
0.635294
0.568627
0.525490
0.537255
0.564706
0.333333
0.078431
0.058824
0.070588
0.482353
0.443137
0.498039
0.560784
0.556863
0.501961
0.572549
0.592157
0.580392
0.552941
0.549020
0.615686
0.615686
0.639216
0.580392
0.611765
0.588235
0.400000
0.521569
0.623529
0.600000
0.596078
0.639216
0.647059
0.592157
0.654902
0.650980
0.541176
0.203922
0.031373
0.035294
0.035294
0.458824
0.450980
0.521569
0.517647
0.529412
0.505882
0.603922
0.647059
0.643137
0.556863
0.529412
0.576471
0.588235
0.596078
0.607843
0.580392
0.560784
0.458824
0.482353
0.560784
0.537255
0.572549
0.584314
0.588235
0.580392
0.600000
0.635294
0.525490
0.129412
0.054902
0.050980
0.043137
0.454902
0.466667
0.521569
0.537255
0.447059
0.447059
0.560784
0.580392
0.603922
0.560784
0.552941
0.568627
0.556863
0.592157
0.572549
0.556863
0.549020
0.478431
0.458824
0.552941
0.541176
0.615686
0.619608
0.568627
0.592157
0.623529
0.650980
0.490196
0.098039
0.058824
0.050980
0.074510
0.458824
0.509804
0.501961
0.521569
0.498039
0.458824
0.505882
0.560784
0.537255
0.525490
0.545098
0.615686
0.529412
0.545098
0.533333
0.521569
0.545098
0.501961
0.498039
0.564706
0.588235
0.619608
0.647059
0.682353
0.658824
0.619608
0.603922
0.407843
0.066667
0.054902
0.050980
0.062745
0.454902
0.560784
0.517647
0.517647
0.580392
0.545098
0.466667
0.498039
0.490196
0.549020
0.529412
0.588235
0.580392
0.501961
0.513725
0.431373
0.494118
0.498039
0.521569
0.600000
0.607843
0.619608
0.600000
0.627451
0.635294
0.607843
0.568627
0.392157
0.043137
0.043137
0.050980
0.047059
0.517647
0.529412
0.498039
0.521569
0.545098
0.513725
0.494118
0.525490
0.517647
0.576471
0.466667
0.490196
0.603922
0.537255
0.576471
0.545098
0.541176
0.556863
0.556863
0.611765
0.588235
0.603922
0.615686
0.611765
0.600000
0.568627
0.549020
0.458824
0.113725
0.015686
0.039216
0.035294
0.517647
0.462745
0.482353
0.498039
0.517647
0.505882
0.533333
0.647059
0.556863
0.537255
0.521569
0.549020
0.564706
0.549020
0.521569
0.568627
0.588235
0.607843
0.603922
0.639216
0.568627
0.588235
0.588235
0.568627
0.552941
0.556863
0.545098
0.509804
0.352941
0.239216
0.203922
0.133333
0.482353
0.474510
0.478431
0.513725
0.556863
0.509804
0.486275
0.552941
0.560784
0.588235
0.596078
0.533333
0.521569
0.552941
0.517647
0.588235
0.643137
0.639216
0.623529
0.607843
0.588235
0.607843
0.588235
0.580392
0.584314
0.549020
0.533333
0.513725
0.501961
0.552941
0.611765
0.482353
0.466667
0.443137
0.474510
0.498039
0.501961
0.466667
0.447059
0.482353
0.537255
0.568627
0.592157
0.560784
0.552941
0.603922
0.603922
0.635294
0.647059
0.623529
0.603922
0.592157
0.615686
0.615686
0.603922
0.600000
0.596078
0.556863
0.533333
0.541176
0.517647
0.580392
0.686275
0.701961
0.454902
0.454902
0.427451
0.521569
0.552941
0.537255
0.541176
0.556863
0.533333
0.556863
0.603922
0.627451
0.623529
0.623529
0.627451
0.627451
0.623529
0.615686
0.607843
0.607843
0.615686
0.592157
0.584314
0.572549
0.588235
0.568627
0.545098
0.603922
0.650980
0.678431
0.709804
0.725490
0.498039
0.545098
0.435294
0.486275
0.525490
0.525490
0.564706
0.596078
0.576471
0.588235
0.603922
0.615686
0.615686
0.643137
0.658824
0.619608
0.639216
0.603922
0.600000
0.623529
0.615686
0.596078
0.600000
0.588235
0.580392
0.549020
0.556863
0.588235
0.635294
0.666667
0.725490
0.772549
0.529412
0.529412
0.549020
0.537255
0.501961
0.549020
0.603922
0.611765
0.564706
0.568627
0.588235
0.588235
0.592157
0.607843
0.643137
0.615686
0.643137
0.607843
0.611765
0.607843
0.643137
0.619608
0.631373
0.600000
0.580392
0.552941
0.568627
0.560784
0.549020
0.580392
0.592157
0.596078
0.490196
0.541176
0.549020
0.584314
0.541176
0.552941
0.568627
0.592157
0.600000
0.580392
0.588235
0.607843
0.603922
0.576471
0.635294
0.647059
0.619608
0.592157
0.603922
0.623529
0.623529
0.639216
0.666667
0.607843
0.607843
0.603922
0.588235
0.564706
0.545098
0.541176
0.568627
0.529412
0.513725
0.529412
0.505882
0.564706
0.596078
0.576471
0.564706
0.600000
0.600000
0.600000
0.615686
0.643137
0.592157
0.592157
0.631373
0.607843
0.584314
0.560784
0.556863
0.615686
0.623529
0.619608
0.607843
0.572549
0.572549
0.588235
0.584314
0.584314
0.580392
0.572549
0.564706
0.564706
0.549020
0.556863
0.541176
0.576471
0.580392
0.568627
0.603922
0.611765
0.572549
0.588235
0.603922
0.623529
0.615686
0.564706
0.619608
0.592157
0.596078
0.611765
0.627451
0.627451
0.611765
0.600000
0.592157
0.568627
0.564706
0.564706
0.572549
0.592157
0.611765
0.623529
0.603922
0.607843
0.572549
0.545098
0.560784
0.549020
0.517647
0.533333
0.568627
0.607843
0.615686
0.592157
0.564706
0.639216
0.678431
0.635294
0.639216
0.619608
0.619608
0.623529
0.635294
0.623529
0.627451
0.631373
0.607843
0.580392
0.580392
0.576471
0.576471
0.564706
0.572549
0.607843
0.600000
0.607843
0.278431
0.235294
0.282353
0.270588
0.254902
0.239216
0.192157
0.184314
0.180392
0.176471
0.203922
0.164706
0.145098
0.117647
0.098039
0.125490
0.200000
0.203922
0.176471
0.117647
0.184314
0.274510
0.258824
0.247059
0.215686
0.223529
0.254902
0.282353
0.325490
0.317647
0.686275
0.925490
0.274510
0.215686
0.294118
0.274510
0.243137
0.235294
0.215686
0.184314
0.129412
0.109804
0.160784
0.184314
0.125490
0.062745
0.074510
0.094118
0.125490
0.172549
0.207843
0.160784
0.188235
0.262745
0.270588
0.231373
0.196078
0.235294
0.250980
0.298039
0.337255
0.419608
0.847059
0.882353
0.258824
0.250980
0.270588
0.243137
0.254902
0.270588
0.274510
0.231373
0.176471
0.137255
0.109804
0.152941
0.203922
0.172549
0.149020
0.145098
0.168627
0.184314
0.215686
0.235294
0.239216
0.266667
0.266667
0.227451
0.219608
0.243137
0.239216
0.258824
0.317647
0.643137
0.866667
0.901961
0.231373
0.247059
0.274510
0.231373
0.262745
0.309804
0.294118
0.219608
0.160784
0.129412
0.117647
0.137255
0.137255
0.145098
0.215686
0.176471
0.137255
0.129412
0.188235
0.219608
0.223529
0.262745
0.266667
0.266667
0.243137
0.215686
0.223529
0.231373
0.517647
0.878431
0.858824
0.890196
0.196078
0.278431
0.301961
0.290196
0.368627
0.372549
0.305882
0.235294
0.180392
0.172549
0.172549
0.152941
0.125490
0.145098
0.192157
0.184314
0.172549
0.129412
0.152941
0.215686
0.219608
0.254902
0.333333
0.333333
0.286275
0.203922
0.203922
0.247059
0.741176
0.929412
0.803922
0.752941
0.211765
0.274510
0.294118
0.345098
0.384314
0.372549
0.352941
0.321569
0.239216
0.200000
0.180392
0.152941
0.211765
0.180392
0.149020
0.184314
0.215686
0.192157
0.219608
0.286275
0.262745
0.250980
0.286275
0.298039
0.317647
0.243137
0.219608
0.298039
0.803922
0.901961
0.788235
0.721569
0.262745
0.278431
0.317647
0.349020
0.388235
0.419608
0.427451
0.376471
0.278431
0.203922
0.164706
0.125490
0.133333
0.117647
0.152941
0.180392
0.219608
0.254902
0.270588
0.333333
0.392157
0.376471
0.309804
0.301961
0.294118
0.258824
0.239216
0.305882
0.815686
0.843137
0.815686
0.698039
0.298039
0.309804
0.333333
0.349020
0.396078
0.466667
0.407843
0.286275
0.239216
0.200000
0.176471
0.207843
0.239216
0.270588
0.227451
0.149020
0.156863
0.160784
0.227451
0.317647
0.360784
0.372549
0.392157
0.380392
0.360784
0.352941
0.360784
0.454902
0.705882
0.788235
0.792157
0.658824
0.305882
0.345098
0.372549
0.396078
0.396078
0.419608
0.384314
0.286275
0.219608
0.141176
0.109804
0.309804
0.482353
0.513725
0.423529
0.294118
0.243137
0.098039
0.172549
0.282353
0.329412
0.368627
0.368627
0.368627
0.392157
0.400000
0.415686
0.517647
0.529412
0.494118
0.431373
0.352941
0.321569
0.368627
0.360784
0.392157
0.423529
0.337255
0.329412
0.368627
0.298039
0.211765
0.184314
0.376471
0.466667
0.403922
0.341176
0.290196
0.235294
0.117647
0.129412
0.156863
0.239216
0.317647
0.368627
0.407843
0.407843
0.403922
0.396078
0.411765
0.431373
0.376471
0.309804
0.196078
0.415686
0.431373
0.384314
0.392157
0.435294
0.384314
0.333333
0.372549
0.384314
0.400000
0.372549
0.396078
0.341176
0.215686
0.196078
0.258824
0.219608
0.188235
0.188235
0.207843
0.235294
0.305882
0.376471
0.423529
0.427451
0.427451
0.431373
0.403922
0.376471
0.313725
0.274510
0.200000
0.443137
0.423529
0.435294
0.388235
0.392157
0.396078
0.411765
0.400000
0.411765
0.505882
0.462745
0.423529
0.411765
0.392157
0.380392
0.415686
0.376471
0.364706
0.345098
0.325490
0.380392
0.411765
0.415686
0.376471
0.376471
0.419608
0.431373
0.427451
0.427451
0.349020
0.298039
0.227451
0.411765
0.403922
0.403922
0.400000
0.360784
0.380392
0.423529
0.384314
0.447059
0.490196
0.474510
0.482353
0.517647
0.537255
0.505882
0.478431
0.474510
0.474510
0.454902
0.403922
0.458824
0.454902
0.450980
0.407843
0.396078
0.454902
0.435294
0.454902
0.454902
0.345098
0.329412
0.321569
0.380392
0.349020
0.360784
0.345098
0.286275
0.329412
0.443137
0.537255
0.545098
0.529412
0.552941
0.494118
0.494118
0.541176
0.529412
0.545098
0.490196
0.407843
0.498039
0.517647
0.490196
0.454902
0.505882
0.407843
0.384314
0.454902
0.458824
0.482353
0.462745
0.196078
0.176471
0.207843
0.388235
0.392157
0.364706
0.360784
0.419608
0.454902
0.498039
0.576471
0.549020
0.537255
0.549020
0.545098
0.541176
0.549020
0.592157
0.611765
0.470588
0.376471
0.537255
0.619608
0.580392
0.584314
0.607843
0.509804
0.439216
0.431373
0.439216
0.450980
0.415686
0.192157
0.125490
0.121569
0.415686
0.419608
0.435294
0.505882
0.517647
0.486275
0.478431
0.486275
0.513725
0.486275
0.533333
0.592157
0.525490
0.525490
0.533333
0.607843
0.545098
0.392157
0.541176
0.674510
0.623529
0.611765
0.592157
0.584314
0.513725
0.462745
0.466667
0.494118
0.294118
0.105882
0.094118
0.098039
0.431373
0.384314
0.435294
0.498039
0.490196
0.431373
0.486275
0.505882
0.494118
0.462745
0.447059
0.521569
0.564706
0.584314
0.525490
0.572549
0.537255
0.345098
0.498039
0.639216
0.607843
0.576471
0.592157
0.564706
0.498039
0.560784
0.541176
0.478431
0.203922
0.062745
0.043137
0.039216
0.403922
0.396078
0.466667
0.466667
0.470588
0.435294
0.525490
0.564706
0.568627
0.470588
0.427451
0.482353
0.541176
0.549020
0.576471
0.572549
0.529412
0.407843
0.450980
0.576471
0.549020
0.556863
0.549020
0.521569
0.509804
0.537255
0.552941
0.478431
0.145098
0.086275
0.050980
0.035294
0.400000
0.411765
0.466667
0.482353
0.384314
0.384314
0.494118
0.509804
0.533333
0.486275
0.470588
0.494118
0.525490
0.564706
0.556863
0.568627
0.529412
0.423529
0.403922
0.525490
0.521569
0.596078
0.603922
0.549020
0.588235
0.627451
0.619608
0.470588
0.109804
0.094118
0.054902
0.066667
0.400000
0.454902
0.447059
0.458824
0.435294
0.403922
0.450980
0.498039
0.466667
0.458824
0.486275
0.564706
0.509804
0.521569
0.525490
0.537255
0.521569
0.447059
0.439216
0.525490
0.572549
0.615686
0.654902
0.690196
0.686275
0.658824
0.619608
0.419608
0.090196
0.086275
0.050980
0.058824
0.396078
0.498039
0.458824
0.454902
0.517647
0.494118
0.427451
0.447059
0.423529
0.494118
0.486275
0.556863
0.552941
0.466667
0.486275
0.423529
0.454902
0.435294
0.474510
0.584314
0.623529
0.647059
0.623529
0.654902
0.666667
0.643137
0.603922
0.427451
0.082353
0.078431
0.050980
0.039216
0.466667
0.482353
0.450980
0.462745
0.482353
0.462745
0.454902
0.482353
0.462745
0.529412
0.427451
0.458824
0.564706
0.494118
0.545098
0.533333
0.501961
0.513725
0.537255
0.631373
0.643137
0.658824
0.658824
0.647059
0.627451
0.600000
0.588235
0.501961
0.160784
0.050980
0.047059
0.039216
0.498039
0.439216
0.450980
0.450980
0.462745
0.450980
0.482353
0.600000
0.513725
0.494118
0.482353
0.509804
0.517647
0.513725
0.513725
0.576471
0.580392
0.607843
0.627451
0.686275
0.635294
0.654902
0.647059
0.611765
0.600000
0.603922
0.588235
0.541176
0.380392
0.270588
0.219608
0.152941
0.458824
0.450980
0.458824
0.478431
0.513725
0.466667
0.443137
0.501961
0.505882
0.545098
0.572549
0.513725
0.505882
0.549020
0.537255
0.619608
0.666667
0.670588
0.670588
0.670588
0.650980
0.662745
0.631373
0.611765
0.619608
0.600000
0.572549
0.549020
0.521569
0.556863
0.596078
0.470588
0.435294
0.423529
0.462745
0.474510
0.474510
0.435294
0.419608
0.439216
0.486275
0.537255
0.592157
0.580392
0.580392
0.635294
0.650980
0.690196
0.698039
0.674510
0.670588
0.662745
0.674510
0.654902
0.631373
0.615686
0.623529
0.607843
0.576471
0.572549
0.537255
0.564706
0.643137
0.650980
0.419608
0.439216
0.423529
0.513725
0.537255
0.521569
0.525490
0.545098
0.525490
0.568627
0.635294
0.674510
0.674510
0.678431
0.690196
0.690196
0.682353
0.674510
0.670588
0.670588
0.670588
0.639216
0.619608
0.596078
0.619608
0.619608
0.584314
0.639216
0.670588
0.666667
0.666667
0.662745
0.450980
0.525490
0.435294
0.486275
0.521569
0.521569
0.560784
0.619608
0.631373
0.647059
0.658824
0.670588
0.674510
0.705882
0.717647
0.678431
0.694118
0.658824
0.650980
0.666667
0.674510
0.658824
0.654902
0.631373
0.623529
0.600000
0.600000
0.619608
0.662745
0.682353
0.709804
0.733333
0.509804
0.517647
0.545098
0.537255
0.509804
0.556863
0.619608
0.654902
0.643137
0.643137
0.650980
0.643137
0.650980
0.666667
0.690196
0.658824
0.678431
0.639216
0.647059
0.647059
0.682353
0.658824
0.670588
0.635294
0.619608
0.600000
0.607843
0.596078
0.588235
0.631373
0.611765
0.584314
0.494118
0.545098
0.556863
0.592157
0.560784
0.580392
0.607843
0.647059
0.674510
0.643137
0.639216
0.654902
0.658824
0.627451
0.674510
0.686275
0.643137
0.619608
0.635294
0.662745
0.647059
0.650980
0.686275
0.639216
0.643137
0.639216
0.627451
0.603922
0.592157
0.600000
0.611765
0.549020
0.517647
0.549020
0.545098
0.603922
0.639216
0.631373
0.627451
0.670588
0.662745
0.658824
0.662745
0.686275
0.631373
0.635294
0.670588
0.647059
0.631373
0.607843
0.603922
0.662745
0.654902
0.647059
0.647059
0.619608
0.619608
0.627451
0.623529
0.623529
0.619608
0.600000
0.592157
0.600000
0.552941
0.596078
0.607843
0.635294
0.635294
0.635294
0.678431
0.682353
0.627451
0.635294
0.643137
0.654902
0.635294
0.596078
0.658824
0.643137
0.658824
0.674510
0.682353
0.670588
0.643137
0.635294
0.635294
0.623529
0.615686
0.603922
0.611765
0.635294
0.647059
0.627451
0.619608
0.650980
0.603922
0.592157
0.623529
0.596078
0.564706
0.592157
0.639216
0.674510
0.666667
0.631373
0.600000
0.658824
0.686275
0.654902
0.678431
0.678431
0.686275
0.682353
0.670588
0.643137
0.647059
0.658824
0.643137
0.623529
0.623529
0.615686
0.619608
0.607843
0.607843
0.619608
0.619608
0.647059
0.113725
0.109804
0.133333
0.105882
0.098039
0.109804
0.121569
0.145098
0.141176
0.141176
0.176471
0.149020
0.129412
0.101961
0.082353
0.109804
0.172549
0.176471
0.145098
0.090196
0.141176
0.196078
0.145098
0.137255
0.117647
0.125490
0.133333
0.141176
0.164706
0.160784
0.592157
0.886275
0.094118
0.074510
0.145098
0.133333
0.105882
0.098039
0.109804
0.113725
0.078431
0.070588
0.129412
0.160784
0.101961
0.039216
0.047059
0.066667
0.094118
0.141176
0.176471
0.129412
0.141176
0.176471
0.152941
0.109804
0.098039
0.137255
0.125490
0.141176
0.156863
0.266667
0.807843
0.882353
0.094118
0.105882
0.121569
0.109804
0.117647
0.125490
0.149020
0.145098
0.117647
0.086275
0.070588
0.121569
0.164706
0.133333
0.109804
0.105882
0.137255
0.152941
0.180392
0.203922
0.184314
0.172549
0.141176
0.094118
0.105882
0.141176
0.121569
0.117647
0.164706
0.533333
0.835294
0.901961
0.101961
0.109804
0.133333
0.086275
0.105882
0.152941
0.172549
0.133333
0.094118
0.070588
0.074510
0.098039
0.094118
0.098039
0.172549
0.129412
0.098039
0.090196
0.152941
0.188235
0.160784
0.156863
0.129412
0.129412
0.125490
0.109804
0.125490
0.133333
0.435294
0.839216
0.807843
0.862745
0.109804
0.156863
0.168627
0.137255
0.200000
0.219608
0.192157
0.152941
0.113725
0.117647
0.125490
0.109804
0.066667
0.090196
0.137255
0.129412
0.125490
0.090196
0.109804
0.152941
0.145098
0.156863
0.207843
0.196078
0.152941
0.098039
0.117647
0.176471
0.713725
0.921569
0.725490
0.698039
0.156863
0.184314
0.168627
0.196078
0.227451
0.235294
0.231373
0.219608
0.164706
0.149020
0.149020
0.113725
0.160784
0.133333
0.109804
0.145098
0.164706
0.152941
0.160784
0.164706
0.137255
0.149020
0.176471
0.156863
0.160784
0.133333
0.141176
0.219608
0.780392
0.862745
0.705882
0.670588
0.231373
0.215686
0.223529
0.227451
0.250980
0.274510
0.274510
0.235294
0.184314
0.152941
0.133333
0.090196
0.105882
0.098039
0.149020
0.176471
0.180392
0.215686
0.203922
0.188235
0.215686
0.231373
0.172549
0.149020
0.133333
0.160784
0.160784
0.207843
0.776471
0.796078
0.749020
0.662745
0.278431
0.262745
0.270588
0.266667
0.286275
0.325490
0.239216
0.125490
0.141176
0.156863
0.145098
0.133333
0.109804
0.149020
0.129412
0.066667
0.098039
0.125490
0.168627
0.184314
0.203922
0.250980
0.298039
0.282353
0.247059
0.274510
0.286275
0.345098
0.647059
0.749020
0.752941
0.647059
0.278431
0.301961
0.317647
0.337255
0.317647
0.305882
0.239216
0.149020
0.145098
0.121569
0.066667
0.172549
0.223529
0.262745
0.207843
0.109804
0.149020
0.066667
0.137255
0.196078
0.243137
0.321569
0.345098
0.333333
0.321569
0.345098
0.356863
0.411765
0.462745
0.458824
0.411765
0.364706
0.274510
0.313725
0.298039
0.337255
0.364706
0.258824
0.231373
0.278431
0.266667
0.215686
0.125490
0.203922
0.231373
0.200000
0.168627
0.145098
0.137255
0.078431
0.125490
0.129412
0.196078
0.286275
0.341176
0.345098
0.333333
0.372549
0.360784
0.321569
0.376471
0.345098
0.305882
0.227451
0.360784
0.372549
0.325490
0.333333
0.392157
0.349020
0.278431
0.329412
0.376471
0.384314
0.313725
0.282353
0.219608
0.125490
0.109804
0.164706
0.145098
0.156863
0.184314
0.200000
0.211765
0.274510
0.341176
0.352941
0.368627
0.403922
0.384314
0.329412
0.329412
0.286275
0.274510
0.223529
0.407843
0.384314
0.388235
0.329412
0.352941
0.380392
0.380392
0.372549
0.392157
0.450980
0.400000
0.368627
0.356863
0.352941
0.325490
0.325490
0.325490
0.337255
0.317647
0.301961
0.364706
0.396078
0.388235
0.341176
0.352941
0.396078
0.364706
0.356863
0.384314
0.325490
0.286275
0.235294
0.388235
0.376471
0.376471
0.356863
0.317647
0.352941
0.392157
0.349020
0.400000
0.407843
0.388235
0.411765
0.474510
0.501961
0.454902
0.407843
0.423529
0.435294
0.415686
0.360784
0.427451
0.431373
0.419608
0.372549
0.360784
0.411765
0.368627
0.388235
0.407843
0.325490
0.325490
0.329412
0.352941
0.321569
0.333333
0.309804
0.239216
0.286275
0.407843
0.498039
0.478431
0.427451
0.447059
0.407843
0.447059
0.482353
0.462745
0.470588
0.435294
0.352941
0.427451
0.435294
0.423529
0.396078
0.447059
0.356863
0.329412
0.392157
0.400000
0.427451
0.411765
0.184314
0.176471
0.215686
0.341176
0.349020
0.325490
0.325490
0.368627
0.396078
0.454902
0.541176
0.486275
0.439216
0.447059
0.454902
0.462745
0.443137
0.478431
0.513725
0.396078
0.294118
0.431373
0.498039
0.466667
0.478431
0.509804
0.419608
0.352941
0.364706
0.400000
0.411765
0.372549
0.188235
0.125490
0.117647
0.349020
0.356863
0.380392
0.466667
0.466667
0.419608
0.431373
0.454902
0.458824
0.400000
0.439216
0.513725
0.419608
0.380392
0.380392
0.482353
0.450980
0.290196
0.407843
0.517647
0.466667
0.458824
0.450980
0.458824
0.407843
0.388235
0.435294
0.466667
0.258824
0.105882
0.094118
0.094118
0.368627
0.325490
0.380392
0.454902
0.443137
0.368627
0.423529
0.443137
0.427451
0.388235
0.376471
0.450980
0.462745
0.447059
0.380392
0.439216
0.423529
0.227451
0.337255
0.435294
0.411765
0.384314
0.403922
0.435294
0.415686
0.486275
0.482353
0.431373
0.172549
0.054902
0.043137
0.039216
0.352941
0.345098
0.415686
0.419608
0.423529
0.380392
0.458824
0.498039
0.501961
0.407843
0.372549
0.423529
0.462745
0.431373
0.435294
0.427451
0.400000
0.274510
0.290196
0.372549
0.368627
0.384314
0.368627
0.407843
0.447059
0.474510
0.494118
0.439216
0.125490
0.074510
0.050980
0.039216
0.352941
0.364706
0.419608
0.431373
0.337255
0.333333
0.443137
0.454902
0.482353
0.435294
0.423529
0.450980
0.474510
0.466667
0.423529
0.423529
0.400000
0.290196
0.250980
0.364706
0.400000
0.482353
0.478431
0.458824
0.533333
0.584314
0.592157
0.458824
0.105882
0.082353
0.054902
0.070588
0.368627
0.419608
0.415686
0.415686
0.384314
0.360784
0.411765
0.458824
0.427451
0.419608
0.443137
0.525490
0.466667
0.439216
0.419608
0.427451
0.411765
0.321569
0.313725
0.427451
0.513725
0.560784
0.592157
0.643137
0.647059
0.635294
0.615686
0.419608
0.082353
0.074510
0.050980
0.062745
0.368627
0.474510
0.431373
0.411765
0.466667
0.454902
0.396078
0.419608
0.392157
0.462745
0.450980
0.517647
0.501961
0.400000
0.419608
0.372549
0.392157
0.337255
0.380392
0.545098
0.615686
0.639216
0.615686
0.639216
0.643137
0.627451
0.611765
0.423529
0.054902
0.062745
0.050980
0.043137
0.431373
0.443137
0.415686
0.419608
0.435294
0.423529
0.423529
0.458824
0.443137
0.505882
0.396078
0.419608
0.509804
0.435294
0.505882
0.513725
0.462745
0.450980
0.482353
0.627451
0.650980
0.670588
0.674510
0.654902
0.623529
0.592157
0.592157
0.490196
0.125490
0.039216
0.043137
0.039216
0.435294
0.368627
0.403922
0.415686
0.423529
0.415686
0.447059
0.572549
0.494118
0.474510
0.454902
0.478431
0.474510
0.474510
0.486275
0.552941
0.552941
0.584314
0.623529
0.698039
0.650980
0.666667
0.658824
0.627451
0.607843
0.607843
0.588235
0.533333
0.368627
0.262745
0.200000
0.125490
0.400000
0.388235
0.411765
0.447059
0.478431
0.431373
0.407843
0.478431
0.494118
0.537255
0.552941
0.494118
0.486275
0.533333
0.521569
0.607843
0.658824
0.670588
0.686275
0.698039
0.670588
0.674510
0.647059
0.631373
0.635294
0.603922
0.572549
0.541176
0.509804
0.529412
0.545098
0.411765
0.396078
0.372549
0.427451
0.447059
0.439216
0.403922
0.388235
0.419608
0.482353
0.533333
0.584314
0.576471
0.580392
0.635294
0.647059
0.690196
0.705882
0.694118
0.694118
0.698039
0.698039
0.670588
0.654902
0.643137
0.643137
0.611765
0.576471
0.564706
0.517647
0.517647
0.568627
0.560784
0.396078
0.403922
0.403922
0.494118
0.505882
0.494118
0.498039
0.521569
0.513725
0.560784
0.643137
0.686275
0.694118
0.686275
0.690196
0.690196
0.701961
0.701961
0.698039
0.698039
0.694118
0.654902
0.635294
0.619608
0.639216
0.623529
0.588235
0.631373
0.654902
0.627451
0.592157
0.564706
0.447059
0.501961
0.427451
0.474510
0.498039
0.501961
0.537255
0.588235
0.600000
0.635294
0.674510
0.701961
0.690196
0.709804
0.709804
0.666667
0.705882
0.678431
0.666667
0.682353
0.682353
0.666667
0.666667
0.647059
0.635294
0.603922
0.600000
0.611765
0.650980
0.662745
0.650980
0.647059
0.498039
0.505882
0.545098
0.533333
0.494118
0.541176
0.603922
0.639216
0.631373
0.639216
0.658824
0.658824
0.662745
0.678431
0.701961
0.670588
0.690196
0.647059
0.650980
0.639216
0.670588
0.650980
0.666667
0.643137
0.627451
0.603922
0.615686
0.596078
0.588235
0.619608
0.584314
0.549020
0.478431
0.541176
0.560784
0.600000
0.560784
0.580392
0.600000
0.650980
0.690196
0.654902
0.643137
0.658824
0.666667
0.647059
0.709804
0.721569
0.666667
0.631373
0.635294
0.650980
0.631373
0.639216
0.682353
0.643137
0.650980
0.647059
0.635294
0.611765
0.596078
0.592157
0.603922
0.552941
0.513725
0.552941
0.549020
0.611765
0.643137
0.631373
0.627451
0.674510
0.682353
0.670588
0.666667
0.690196
0.639216
0.650980
0.698039
0.682353
0.662745
0.627451
0.611765
0.662745
0.654902
0.647059
0.654902
0.635294
0.631373
0.631373
0.631373
0.627451
0.623529
0.600000
0.592157
0.596078
0.568627
0.607843
0.619608
0.650980
0.650980
0.647059
0.690196
0.698039
0.650980
0.647059
0.650980
0.658824
0.643137
0.607843
0.678431
0.670588
0.690196
0.698039
0.694118
0.678431
0.650980
0.643137
0.647059
0.643137
0.627451
0.600000
0.607843
0.631373
0.643137
0.635294
0.623529
0.643137
0.623529
0.615686
0.650980
0.631373
0.600000
0.623529
0.666667
0.701961
0.690196
0.647059
0.607843
0.670588
0.694118
0.666667
0.690196
0.690196
0.698039
0.694118
0.678431
0.650980
0.647059
0.654902
0.647059
0.635294
0.627451
0.603922
0.607843
0.596078
0.600000
0.623529
0.619608
0.639216
