0.470588
0.392157
0.415686
0.494118
0.549020
0.611765
0.545098
0.462745
0.294118
0.207843
0.333333
0.454902
0.513725
0.556863
0.513725
0.447059
0.388235
0.286275
0.180392
0.356863
0.560784
0.525490
0.505882
0.619608
0.709804
0.627451
0.654902
0.745098
0.615686
0.407843
0.501961
0.462745
0.443137
0.368627
0.403922
0.494118
0.556863
0.580392
0.529412
0.372549
0.243137
0.345098
0.584314
0.639216
0.513725
0.537255
0.580392
0.466667
0.419608
0.431373
0.337255
0.356863
0.509804
0.533333
0.564706
0.650980
0.701961
0.623529
0.705882
0.768627
0.627451
0.396078
0.466667
0.486275
0.423529
0.388235
0.431373
0.513725
0.549020
0.560784
0.505882
0.360784
0.305882
0.517647
0.682353
0.635294
0.623529
0.572549
0.537255
0.454902
0.490196
0.470588
0.462745
0.372549
0.517647
0.549020
0.588235
0.686275
0.698039
0.643137
0.772549
0.764706
0.666667
0.384314
0.368627
0.521569
0.384314
0.380392
0.419608
0.470588
0.505882
0.521569
0.415686
0.325490
0.407843
0.596078
0.623529
0.662745
0.682353
0.631373
0.584314
0.505882
0.529412
0.525490
0.517647
0.396078
0.458824
0.498039
0.607843
0.745098
0.643137
0.678431
0.847059
0.780392
0.694118
0.435294
0.301961
0.419608
0.376471
0.274510
0.325490
0.419608
0.356863
0.403922
0.301961
0.250980
0.435294
0.576471
0.541176
0.600000
0.600000
0.611765
0.686275
0.619608
0.505882
0.419608
0.580392
0.572549
0.462745
0.478431
0.662745
0.737255
0.584314
0.717647
0.850980
0.780392
0.674510
0.450980
0.317647
0.345098
0.333333
0.211765
0.266667
0.352941
0.239216
0.243137
0.211765
0.317647
0.521569
0.525490
0.494118
0.596078
0.607843
0.552941
0.650980
0.596078
0.521569
0.450980
0.407843
0.615686
0.647059
0.568627
0.670588
0.733333
0.639216
0.737255
0.784314
0.780392
0.662745
0.411765
0.356863
0.349020
0.305882
0.247059
0.239216
0.223529
0.176471
0.258824
0.349020
0.427451
0.478431
0.454902
0.470588
0.658824
0.580392
0.537255
0.619608
0.572549
0.521569
0.501961
0.521569
0.564706
0.721569
0.635294
0.513725
0.650980
0.658824
0.768627
0.764706
0.756863
0.745098
0.482353
0.396078
0.290196
0.372549
0.368627
0.247059
0.152941
0.250980
0.466667
0.427451
0.400000
0.435294
0.466667
0.525490
0.600000
0.466667
0.498039
0.611765
0.635294
0.576471
0.490196
0.560784
0.501961
0.509804
0.615686
0.474510
0.517647
0.654902
0.803922
0.784314
0.713725
0.756863
0.501961
0.478431
0.356863
0.396078
0.443137
0.282353
0.270588
0.450980
0.603922
0.509804
0.403922
0.439216
0.541176
0.533333
0.537255
0.474510
0.474510
0.529412
0.596078
0.611765
0.572549
0.537255
0.537255
0.509804
0.560784
0.603922
0.517647
0.619608
0.741176
0.776471
0.749020
0.654902
0.388235
0.403922
0.411765
0.372549
0.368627
0.325490
0.349020
0.450980
0.580392
0.572549
0.439216
0.482353
0.596078
0.639216
0.619608
0.541176
0.498039
0.529412
0.490196
0.525490
0.619608
0.647059
0.556863
0.545098
0.529412
0.556863
0.639216
0.721569
0.615686
0.607843
0.698039
0.490196
0.270588
0.250980
0.305882
0.247059
0.239216
0.329412
0.294118
0.352941
0.525490
0.584314
0.533333
0.454902
0.478431
0.600000
0.596078
0.525490
0.560784
0.576471
0.498039
0.447059
0.592157
0.607843
0.537255
0.549020
0.619608
0.615686
0.635294
0.764706
0.729412
0.494118
0.431373
0.337255
0.301961
0.313725
0.301961
0.211765
0.250980
0.345098
0.313725
0.400000
0.462745
0.501961
0.505882
0.392157
0.427451
0.572549
0.474510
0.501961
0.560784
0.549020
0.549020
0.619608
0.733333
0.588235
0.490196
0.478431
0.564706
0.592157
0.513725
0.541176
0.603922
0.474510
0.372549
0.329412
0.380392
0.509804
0.431373
0.125490
0.184314
0.556863
0.498039
0.533333
0.443137
0.352941
0.450980
0.552941
0.592157
0.662745
0.466667
0.517647
0.513725
0.505882
0.490196
0.525490
0.678431
0.658824
0.490196
0.474510
0.505882
0.568627
0.533333
0.505882
0.450980
0.474510
0.443137
0.372549
0.439216
0.470588
0.470588
0.054902
0.105882
0.607843
0.686275
0.454902
0.458824
0.411765
0.431373
0.611765
0.713725
0.690196
0.556863
0.619608
0.529412
0.572549
0.572549
0.560784
0.607843
0.603922
0.454902
0.454902
0.470588
0.619608
0.525490
0.513725
0.482353
0.509804
0.454902
0.462745
0.490196
0.474510
0.482353
0.039216
0.074510
0.517647
0.709804
0.501961
0.517647
0.568627
0.533333
0.568627
0.749020
0.588235
0.619608
0.690196
0.576471
0.619608
0.568627
0.568627
0.603922
0.549020
0.454902
0.478431
0.509804
0.596078
0.694118
0.584314
0.486275
0.470588
0.533333
0.580392
0.439216
0.435294
0.549020
0.047059
0.058824
0.396078
0.725490
0.466667
0.529412
0.584314
0.462745
0.552941
0.603922
0.529412
0.717647
0.764706
0.596078
0.498039
0.478431
0.478431
0.505882
0.627451
0.568627
0.564706
0.592157
0.513725
0.658824
0.752941
0.600000
0.490196
0.533333
0.529412
0.501961
0.470588
0.498039
0.050980
0.074510
0.286275
0.694118
0.541176
0.568627
0.517647
0.243137
0.407843
0.541176
0.517647
0.705882
0.745098
0.619608
0.517647
0.470588
0.482353
0.423529
0.647059
0.592157
0.529412
0.650980
0.611765
0.517647
0.647059
0.701961
0.592157
0.521569
0.505882
0.525490
0.470588
0.490196
0.062745
0.125490
0.184314
0.552941
0.619608
0.533333
0.501961
0.294118
0.062745
0.349020
0.556863
0.619608
0.670588
0.776471
0.670588
0.678431
0.607843
0.580392
0.772549
0.588235
0.419608
0.501961
0.635294
0.537255
0.545098
0.643137
0.701961
0.662745
0.521569
0.521569
0.537255
0.478431
0.086275
0.113725
0.129412
0.325490
0.631373
0.639216
0.525490
0.400000
0.223529
0.207843
0.333333
0.607843
0.564706
0.627451
0.843137
0.800000
0.768627
0.780392
0.792157
0.678431
0.498039
0.545098
0.509804
0.505882
0.545098
0.541176
0.619608
0.623529
0.549020
0.658824
0.654902
0.541176
0.109804
0.098039
0.156863
0.258824
0.545098
0.690196
0.580392
0.478431
0.439216
0.388235
0.294118
0.560784
0.505882
0.549020
0.831373
0.823529
0.815686
0.870588
0.792157
0.737255
0.658824
0.717647
0.615686
0.537255
0.529412
0.564706
0.509804
0.466667
0.521569
0.619608
0.639216
0.513725
0.117647
0.105882
0.133333
0.168627
0.321569
0.607843
0.576471
0.549020
0.454902
0.345098
0.364706
0.549020
0.458824
0.505882
0.737255
0.780392
0.807843
0.886275
0.760784
0.768627
0.831373
0.741176
0.752941
0.690196
0.611765
0.564706
0.525490
0.513725
0.537255
0.541176
0.478431
0.478431
0.098039
0.184314
0.211765
0.168627
0.215686
0.403922
0.411765
0.592157
0.643137
0.482353
0.474510
0.588235
0.541176
0.415686
0.623529
0.725490
0.764706
0.725490
0.733333
0.807843
0.819608
0.772549
0.788235
0.741176
0.729412
0.607843
0.564706
0.556863
0.505882
0.486275
0.462745
0.509804
0.101961
0.360784
0.521569
0.415686
0.403922
0.415686
0.384314
0.662745
0.823529
0.694118
0.505882
0.615686
0.662745
0.572549
0.443137
0.627451
0.772549
0.725490
0.741176
0.788235
0.654902
0.658824
0.792157
0.752941
0.674510
0.525490
0.505882
0.529412
0.556863
0.517647
0.513725
0.498039
0.105882
0.270588
0.470588
0.490196
0.474510
0.443137
0.486275
0.713725
0.850980
0.803922
0.509804
0.600000
0.721569
0.729412
0.533333
0.360784
0.501961
0.462745
0.572549
0.721569
0.690196
0.701961
0.643137
0.686275
0.615686
0.494118
0.541176
0.611765
0.666667
0.592157
0.521569
0.505882
0.250980
0.400000
0.419608
0.470588
0.513725
0.568627
0.639216
0.678431
0.807843
0.835294
0.537255
0.443137
0.698039
0.713725
0.647059
0.364706
0.282353
0.258824
0.309804
0.580392
0.682353
0.650980
0.670588
0.682353
0.545098
0.509804
0.521569
0.572549
0.611765
0.596078
0.600000
0.627451
0.501961
0.474510
0.329412
0.427451
0.619608
0.627451
0.647059
0.603922
0.709804
0.843137
0.682353
0.301961
0.498039
0.662745
0.654902
0.490196
0.427451
0.400000
0.301961
0.486275
0.564706
0.556863
0.631373
0.627451
0.458824
0.407843
0.478431
0.501961
0.541176
0.592157
0.576471
0.729412
0.360784
0.180392
0.129412
0.105882
0.341176
0.580392
0.454902
0.352941
0.596078
0.721569
0.858824
0.533333
0.247059
0.454902
0.670588
0.529412
0.501961
0.482353
0.431373
0.443137
0.419608
0.478431
0.560784
0.650980
0.490196
0.341176
0.474510
0.529412
0.623529
0.662745
0.549020
0.670588
0.223529
0.243137
0.247059
0.125490
0.047059
0.345098
0.400000
0.184314
0.403922
0.584314
0.698039
0.862745
0.678431
0.694118
0.584314
0.505882
0.580392
0.623529
0.611765
0.505882
0.529412
0.450980
0.603922
0.631373
0.623529
0.462745
0.509804
0.556863
0.654902
0.713725
0.572549
0.596078
0.286275
0.286275
0.243137
0.215686
0.078431
0.239216
0.325490
0.121569
0.149020
0.317647
0.400000
0.494118
0.756863
0.909804
0.588235
0.458824
0.474510
0.600000
0.690196
0.576471
0.505882
0.529412
0.611765
0.447059
0.584314
0.537255
0.435294
0.466667
0.596078
0.603922
0.658824
0.658824
0.250980
0.250980
0.270588
0.341176
0.152941
0.313725
0.337255
0.078431
0.050980
0.066667
0.203922
0.239216
0.388235
0.600000
0.815686
0.749020
0.619608
0.615686
0.654902
0.678431
0.600000
0.682353
0.635294
0.419608
0.411765
0.670588
0.650980
0.525490
0.662745
0.545098
0.588235
0.631373
0.188235
0.211765
0.313725
0.407843
0.239216
0.305882
0.403922
0.094118
0.058824
0.101961
0.207843
0.278431
0.282353
0.474510
0.721569
0.737255
0.592157
0.639216
0.596078
0.643137
0.701961
0.658824
0.568627
0.435294
0.427451
0.741176
0.819608
0.603922
0.654902
0.537255
0.580392
0.607843
0.211765
0.223529
0.266667
0.376471
0.329412
0.203922
0.203922
0.101961
0.101961
0.200000
0.317647
0.254902
0.145098
0.415686
0.647059
0.623529
0.490196
0.580392
0.619608
0.584314
0.592157
0.592157
0.615686
0.470588
0.466667
0.627451
0.741176
0.584314
0.494118
0.525490
0.623529
0.541176
0.278431
0.215686
0.247059
0.321569
0.411765
0.498039
0.400000
0.321569
0.211765
0.180392
0.258824
0.380392
0.462745
0.470588
0.490196
0.454902
0.298039
0.266667
0.156863
0.286275
0.466667
0.458824
0.443137
0.556863
0.643137
0.556863
0.588235
0.694118
0.584314
0.349020
0.376471
0.345098
0.262745
0.192157
0.227451
0.337255
0.439216
0.490196
0.411765
0.266667
0.176471
0.274510
0.486275
0.584314
0.490196
0.505882
0.552941
0.482353
0.384314
0.439216
0.329412
0.274510
0.400000
0.478431
0.529412
0.600000
0.635294
0.552941
0.635294
0.705882
0.588235
0.352941
0.356863
0.360784
0.239216
0.215686
0.258824
0.368627
0.447059
0.482353
0.407843
0.262745
0.203922
0.415686
0.607843
0.592157
0.607843
0.564706
0.505882
0.450980
0.458824
0.466667
0.447059
0.282353
0.400000
0.498039
0.556863
0.627451
0.627451
0.584314
0.705882
0.713725
0.627451
0.352941
0.301961
0.396078
0.211765
0.207843
0.262745
0.364706
0.427451
0.411765
0.301961
0.207843
0.294118
0.509804
0.576471
0.631373
0.678431
0.643137
0.552941
0.478431
0.486275
0.498039
0.482353
0.301961
0.349020
0.439216
0.549020
0.666667
0.576471
0.623529
0.776471
0.729412
0.654902
0.403922
0.254902
0.337255
0.223529
0.156863
0.211765
0.305882
0.270588
0.282353
0.203922
0.160784
0.368627
0.545098
0.529412
0.568627
0.592157
0.615686
0.643137
0.568627
0.474510
0.407843
0.560784
0.513725
0.388235
0.423529
0.584314
0.647059
0.517647
0.662745
0.780392
0.717647
0.623529
0.415686
0.270588
0.278431
0.196078
0.141176
0.200000
0.247059
0.160784
0.149020
0.145098
0.254902
0.474510
0.521569
0.494118
0.564706
0.592157
0.541176
0.603922
0.552941
0.513725
0.450980
0.384314
0.576471
0.584314
0.498039
0.588235
0.639216
0.568627
0.674510
0.717647
0.713725
0.600000
0.376471
0.321569
0.282353
0.223529
0.196078
0.180392
0.172549
0.145098
0.188235
0.298039
0.376471
0.427451
0.427451
0.450980
0.631373
0.568627
0.525490
0.580392
0.541176
0.505882
0.490196
0.498039
0.533333
0.678431
0.584314
0.462745
0.572549
0.588235
0.694118
0.694118
0.694118
0.678431
0.439216
0.372549
0.258824
0.329412
0.325490
0.196078
0.125490
0.223529
0.396078
0.384314
0.356863
0.380392
0.411765
0.478431
0.572549
0.450980
0.486275
0.572549
0.596078
0.545098
0.466667
0.545098
0.486275
0.498039
0.603922
0.458824
0.462745
0.584314
0.721569
0.701961
0.647059
0.694118
0.450980
0.458824
0.337255
0.360784
0.407843
0.239216
0.231373
0.380392
0.521569
0.478431
0.364706
0.388235
0.494118
0.494118
0.505882
0.447059
0.447059
0.490196
0.556863
0.568627
0.537255
0.505882
0.513725
0.498039
0.564706
0.615686
0.494118
0.560784
0.658824
0.686275
0.666667
0.584314
0.349020
0.392157
0.407843
0.349020
0.345098
0.294118
0.317647
0.396078
0.517647
0.525490
0.388235
0.435294
0.556863
0.607843
0.584314
0.501961
0.454902
0.498039
0.462745
0.494118
0.584314
0.607843
0.533333
0.521569
0.505882
0.545098
0.615686
0.670588
0.552941
0.537255
0.627451
0.435294
0.247059
0.250980
0.321569
0.211765
0.211765
0.301961
0.274510
0.333333
0.498039
0.533333
0.482353
0.411765
0.439216
0.572549
0.556863
0.482353
0.525490
0.549020
0.470588
0.427451
0.549020
0.568627
0.517647
0.529412
0.588235
0.576471
0.596078
0.717647
0.682353
0.447059
0.392157
0.313725
0.301961
0.317647
0.325490
0.172549
0.227451
0.329412
0.298039
0.392157
0.474510
0.486275
0.450980
0.349020
0.403922
0.541176
0.443137
0.466667
0.533333
0.513725
0.509804
0.572549
0.674510
0.556863
0.478431
0.466667
0.549020
0.572549
0.498039
0.521569
0.572549
0.431373
0.341176
0.298039
0.360784
0.498039
0.435294
0.105882
0.172549
0.556863
0.490196
0.525490
0.450980
0.345098
0.384314
0.474510
0.533333
0.611765
0.435294
0.490196
0.486275
0.462745
0.447059
0.478431
0.631373
0.631373
0.470588
0.462745
0.490196
0.556863
0.521569
0.494118
0.435294
0.439216
0.407843
0.325490
0.384314
0.419608
0.447059
0.047059
0.105882
0.615686
0.682353
0.439216
0.435294
0.384314
0.384314
0.552941
0.658824
0.650980
0.537255
0.580392
0.490196
0.533333
0.537255
0.529412
0.580392
0.584314
0.435294
0.443137
0.454902
0.603922
0.509804
0.501961
0.474510
0.486275
0.423529
0.423529
0.427451
0.415686
0.443137
0.047059
0.078431
0.521569
0.713725
0.482353
0.494118
0.549020
0.525490
0.556863
0.713725
0.556863
0.615686
0.654902
0.529412
0.572549
0.537255
0.549020
0.584314
0.529412
0.435294
0.458824
0.494118
0.584314
0.666667
0.549020
0.466667
0.454902
0.501961
0.552941
0.400000
0.396078
0.521569
0.054902
0.050980
0.380392
0.725490
0.458824
0.521569
0.576471
0.454902
0.537255
0.572549
0.513725
0.701961
0.725490
0.560784
0.466667
0.450980
0.466667
0.490196
0.603922
0.545098
0.541176
0.576471
0.498039
0.627451
0.709804
0.576471
0.474510
0.509804
0.509804
0.474510
0.447059
0.478431
0.058824
0.062745
0.254902
0.686275
0.545098
0.576471
0.525490
0.243137
0.400000
0.533333
0.498039
0.658824
0.705882
0.603922
0.505882
0.450980
0.470588
0.407843
0.611765
0.552941
0.501961
0.635294
0.592157
0.490196
0.607843
0.678431
0.576471
0.509804
0.494118
0.513725
0.454902
0.470588
0.062745
0.101961
0.145098
0.541176
0.627451
0.549020
0.509804
0.301961
0.070588
0.356863
0.541176
0.580392
0.643137
0.768627
0.654902
0.639216
0.572549
0.545098
0.721569
0.545098
0.396078
0.486275
0.623529
0.513725
0.521569
0.615686
0.670588
0.647059
0.505882
0.494118
0.513725
0.458824
0.074510
0.098039
0.094118
0.309804
0.635294
0.639216
0.501961
0.403922
0.231373
0.215686
0.337255
0.600000
0.549020
0.615686
0.811765
0.749020
0.717647
0.725490
0.737255
0.654902
0.490196
0.525490
0.494118
0.494118
0.533333
0.525490
0.592157
0.603922
0.529412
0.623529
0.623529
0.521569
0.082353
0.094118
0.133333
0.227451
0.541176
0.674510
0.564706
0.490196
0.443137
0.403922
0.313725
0.560784
0.501961
0.529412
0.780392
0.768627
0.788235
0.843137
0.752941
0.717647
0.650980
0.674510
0.580392
0.513725
0.509804
0.560784
0.501961
0.447059
0.498039
0.584314
0.607843
0.498039
0.098039
0.105882
0.113725
0.121569
0.301961
0.600000
0.568627
0.533333
0.458824
0.388235
0.392157
0.541176
0.447059
0.482353
0.686275
0.721569
0.772549
0.862745
0.729412
0.741176
0.815686
0.698039
0.705882
0.643137
0.572549
0.552941
0.521569
0.498039
0.521569
0.517647
0.454902
0.454902
0.090196
0.184314
0.207843
0.149020
0.200000
0.403922
0.407843
0.556863
0.627451
0.490196
0.474510
0.572549
0.509804
0.388235
0.584314
0.678431
0.701961
0.674510
0.694118
0.764706
0.780392
0.733333
0.733333
0.690196
0.682353
0.568627
0.541176
0.545098
0.498039
0.478431
0.447059
0.490196
0.090196
0.356863
0.533333
0.431373
0.403922
0.411765
0.372549
0.635294
0.800000
0.658824
0.474510
0.584314
0.619608
0.533333
0.396078
0.580392
0.717647
0.678431
0.694118
0.721569
0.588235
0.611765
0.741176
0.701961
0.627451
0.494118
0.490196
0.517647
0.549020
0.505882
0.501961
0.486275
0.094118
0.250980
0.490196
0.525490
0.486275
0.439216
0.486275
0.698039
0.831373
0.764706
0.474510
0.564706
0.686275
0.694118
0.498039
0.329412
0.470588
0.439216
0.533333
0.674510
0.631373
0.650980
0.592157
0.627451
0.572549
0.482353
0.533333
0.596078
0.643137
0.576471
0.505882
0.498039
0.239216
0.388235
0.431373
0.501961
0.533333
0.576471
0.662745
0.694118
0.796078
0.807843
0.509804
0.419608
0.686275
0.690196
0.619608
0.345098
0.270588
0.250980
0.278431
0.549020
0.643137
0.607843
0.631373
0.623529
0.509804
0.501961
0.513725
0.556863
0.584314
0.580392
0.584314
0.611765
0.501961
0.478431
0.333333
0.443137
0.650980
0.666667
0.662745
0.615686
0.717647
0.827451
0.662745
0.282353
0.490196
0.643137
0.627451
0.478431
0.411765
0.372549
0.274510
0.450980
0.529412
0.529412
0.600000
0.568627
0.419608
0.400000
0.470588
0.494118
0.517647
0.576471
0.560784
0.698039
0.341176
0.156863
0.098039
0.105882
0.364706
0.627451
0.454902
0.341176
0.623529
0.741176
0.847059
0.517647
0.231373
0.427451
0.643137
0.513725
0.490196
0.462745
0.419608
0.435294
0.407843
0.458824
0.525490
0.600000
0.443137
0.329412
0.486275
0.529412
0.619608
0.643137
0.533333
0.650980
0.145098
0.156863
0.168627
0.094118
0.054902
0.368627
0.384314
0.168627
0.423529
0.615686
0.698039
0.847059
0.662745
0.670588
0.560784
0.486275
0.568627
0.607843
0.592157
0.501961
0.529412
0.423529
0.568627
0.596078
0.584314
0.450980
0.521569
0.549020
0.611765
0.666667
0.552941
0.576471
0.180392
0.184314
0.160784
0.152941
0.062745
0.247059
0.298039
0.101961
0.156863
0.341176
0.407843
0.482353
0.752941
0.886275
0.572549
0.447059
0.450980
0.564706
0.654902
0.556863
0.494118
0.501961
0.576471
0.415686
0.556863
0.513725
0.415686
0.454902
0.564706
0.584314
0.619608
0.615686
0.164706
0.164706
0.176471
0.227451
0.094118
0.317647
0.321569
0.058824
0.050980
0.078431
0.188235
0.207843
0.372549
0.568627
0.788235
0.725490
0.588235
0.580392
0.615686
0.639216
0.564706
0.650980
0.600000
0.396078
0.403922
0.654902
0.627451
0.525490
0.662745
0.552941
0.549020
0.592157
0.113725
0.129412
0.203922
0.270588
0.141176
0.294118
0.403922
0.090196
0.062745
0.090196
0.152941
0.223529
0.262745
0.470588
0.701961
0.701961
0.556863
0.611765
0.572549
0.603922
0.658824
0.623529
0.537255
0.415686
0.415686
0.686275
0.776471
0.607843
0.623529
0.509804
0.556863
0.576471
0.137255
0.145098
0.156863
0.239216
0.207843
0.149020
0.184314
0.094118
0.086275
0.149020
0.215686
0.184314
0.121569
0.403922
0.635294
0.596078
0.466667
0.564706
0.603922
0.560784
0.568627
0.572549
0.592157
0.450980
0.454902
0.549020
0.674510
0.560784
0.474510
0.517647
0.607843
0.498039
0.113725
0.094118
0.129412
0.180392
0.298039
0.400000
0.266667
0.200000
0.152941
0.152941
0.172549
0.203922
0.270588
0.270588
0.235294
0.176471
0.160784
0.227451
0.141176
0.172549
0.352941
0.392157
0.349020
0.501961
0.588235
0.474510
0.517647
0.682353
0.549020
0.301961
0.270588
0.231373
0.105882
0.094118
0.129412
0.188235
0.349020
0.431373
0.317647
0.184314
0.129412
0.145098
0.274510
0.325490
0.274510
0.305882
0.329412
0.243137
0.286275
0.396078
0.305882
0.180392
0.286275
0.403922
0.431373
0.545098
0.580392
0.482353
0.572549
0.694118
0.560784
0.317647
0.258824
0.254902
0.090196
0.098039
0.141176
0.270588
0.384314
0.407843
0.321569
0.168627
0.094118
0.192157
0.364706
0.349020
0.470588
0.415686
0.298039
0.254902
0.352941
0.372549
0.376471
0.188235
0.321569
0.443137
0.474510
0.556863
0.572549
0.549020
0.643137
0.674510
0.600000
0.313725
0.211765
0.301961
0.078431
0.086275
0.149020
0.298039
0.364706
0.290196
0.196078
0.125490
0.137255
0.305882
0.427451
0.431373
0.584314
0.541176
0.356863
0.266667
0.313725
0.345098
0.341176
0.164706
0.274510
0.388235
0.466667
0.584314
0.517647
0.596078
0.713725
0.666667
0.611765
0.356863
0.203922
0.243137
0.109804
0.078431
0.137255
0.227451
0.211765
0.188235
0.117647
0.090196
0.207843
0.372549
0.384314
0.380392
0.466667
0.513725
0.486275
0.372549
0.262745
0.227451
0.388235
0.337255
0.266667
0.329412
0.470588
0.552941
0.462745
0.635294
0.717647
0.635294
0.576471
0.384314
0.239216
0.215686
0.109804
0.086275
0.141176
0.156863
0.109804
0.101961
0.078431
0.141176
0.329412
0.356863
0.305882
0.380392
0.439216
0.415686
0.454902
0.341176
0.278431
0.266667
0.207843
0.396078
0.411765
0.325490
0.423529
0.529412
0.521569
0.643137
0.647059
0.623529
0.560784
0.360784
0.262745
0.235294
0.184314
0.156863
0.129412
0.109804
0.090196
0.098039
0.164706
0.207843
0.247059
0.243137
0.266667
0.450980
0.427451
0.388235
0.392157
0.301961
0.278431
0.301961
0.305882
0.349020
0.490196
0.392157
0.254902
0.431373
0.517647
0.619608
0.607843
0.600000
0.631373
0.411765
0.223529
0.192157
0.321569
0.305882
0.164706
0.090196
0.137255
0.243137
0.203922
0.180392
0.180392
0.215686
0.305882
0.400000
0.317647
0.333333
0.380392
0.388235
0.341176
0.274510
0.349020
0.298039
0.313725
0.450980
0.254902
0.286275
0.462745
0.631373
0.623529
0.545098
0.623529
0.403922
0.254902
0.243137
0.384314
0.419608
0.219608
0.196078
0.247059
0.313725
0.290196
0.184314
0.184314
0.286275
0.321569
0.341176
0.305882
0.290196
0.325490
0.392157
0.388235
0.352941
0.313725
0.325490
0.313725
0.407843
0.439216
0.298039
0.376471
0.541176
0.603922
0.545098
0.498039
0.294118
0.203922
0.305882
0.388235
0.360784
0.219608
0.235294
0.274510
0.298039
0.301961
0.188235
0.231373
0.352941
0.431373
0.435294
0.368627
0.321569
0.309804
0.266667
0.294118
0.368627
0.388235
0.337255
0.337255
0.309804
0.360784
0.439216
0.490196
0.372549
0.400000
0.486275
0.341176
0.172549
0.101961
0.254902
0.207843
0.188235
0.211765
0.192157
0.278431
0.364706
0.341176
0.278431
0.215686
0.247059
0.388235
0.427451
0.364706
0.360784
0.333333
0.254902
0.227451
0.329412
0.325490
0.309804
0.368627
0.396078
0.376471
0.411765
0.556863
0.478431
0.274510
0.235294
0.200000
0.172549
0.180392
0.262745
0.137255
0.184314
0.250980
0.219608
0.352941
0.384314
0.341176
0.254902
0.164706
0.219608
0.360784
0.317647
0.325490
0.325490
0.317647
0.317647
0.392157
0.478431
0.349020
0.270588
0.270588
0.364706
0.376471
0.278431
0.329412
0.368627
0.247059
0.168627
0.172549
0.196078
0.345098
0.321569
0.082353
0.141176
0.478431
0.400000
0.435294
0.294118
0.192157
0.192157
0.274510
0.341176
0.415686
0.219608
0.274510
0.270588
0.290196
0.262745
0.266667
0.403922
0.447059
0.305882
0.254902
0.301961
0.388235
0.345098
0.321569
0.235294
0.250980
0.247059
0.192157
0.207843
0.247059
0.294118
0.031373
0.086275
0.549020
0.603922
0.298039
0.247059
0.247059
0.184314
0.349020
0.462745
0.419608
0.282353
0.345098
0.262745
0.333333
0.325490
0.294118
0.337255
0.388235
0.278431
0.243137
0.262745
0.443137
0.352941
0.352941
0.294118
0.294118
0.250980
0.247059
0.250980
0.239216
0.270588
0.039216
0.070588
0.454902
0.650980
0.364706
0.305882
0.345098
0.317647
0.431373
0.580392
0.329412
0.407843
0.443137
0.266667
0.337255
0.337255
0.345098
0.380392
0.329412
0.235294
0.274510
0.305882
0.407843
0.509804
0.407843
0.298039
0.266667
0.309804
0.349020
0.239216
0.227451
0.321569
0.050980
0.043137
0.317647
0.658824
0.356863
0.407843
0.454902
0.329412
0.388235
0.423529
0.294118
0.545098
0.541176
0.298039
0.235294
0.262745
0.254902
0.309804
0.396078
0.301961
0.360784
0.400000
0.313725
0.466667
0.560784
0.407843
0.305882
0.329412
0.313725
0.313725
0.278431
0.274510
0.054902
0.043137
0.203922
0.627451
0.474510
0.537255
0.462745
0.203922
0.321569
0.376471
0.274510
0.447059
0.513725
0.407843
0.333333
0.239216
0.243137
0.219608
0.403922
0.317647
0.325490
0.478431
0.435294
0.313725
0.427451
0.505882
0.423529
0.337255
0.309804
0.349020
0.286275
0.278431
0.047059
0.074510
0.113725
0.470588
0.600000
0.498039
0.384314
0.239216
0.082353
0.262745
0.337255
0.345098
0.458824
0.658824
0.568627
0.458824
0.376471
0.360784
0.521569
0.356863
0.188235
0.313725
0.462745
0.337255
0.325490
0.407843
0.505882
0.486275
0.333333
0.341176
0.345098
0.278431
0.050980
0.074510
0.078431
0.243137
0.600000
0.556863
0.341176
0.270588
0.160784
0.141176
0.239216
0.478431
0.372549
0.498039
0.698039
0.556863
0.545098
0.576471
0.560784
0.466667
0.227451
0.321569
0.317647
0.325490
0.360784
0.313725
0.392157
0.439216
0.364706
0.454902
0.439216
0.337255
0.066667
0.078431
0.125490
0.192157
0.486275
0.600000
0.419608
0.368627
0.313725
0.243137
0.188235
0.435294
0.309804
0.360784
0.627451
0.619608
0.670588
0.764706
0.603922
0.568627
0.443137
0.486275
0.380392
0.325490
0.349020
0.364706
0.262745
0.270588
0.349020
0.427451
0.427451
0.301961
0.078431
0.090196
0.109804
0.109804
0.247059
0.521569
0.427451
0.411765
0.368627
0.274510
0.290196
0.400000
0.247059
0.266667
0.490196
0.596078
0.686275
0.800000
0.572549
0.647059
0.721569
0.560784
0.505882
0.439216
0.403922
0.364706
0.301961
0.321569
0.345098
0.341176
0.278431
0.258824
0.066667
0.160784
0.192157
0.125490
0.141176
0.278431
0.215686
0.376471
0.490196
0.388235
0.392157
0.415686
0.313725
0.160784
0.360784
0.478431
0.529412
0.505882
0.501961
0.639216
0.666667
0.584314
0.588235
0.517647
0.498039
0.372549
0.368627
0.372549
0.294118
0.250980
0.254902
0.282353
0.070588
0.337255
0.517647
0.392157
0.325490
0.290196
0.196078
0.470588
0.647059
0.454902
0.270588
0.380392
0.423529
0.313725
0.215686
0.388235
0.486275
0.450980
0.498039
0.521569
0.392157
0.423529
0.611765
0.529412
0.454902
0.294118
0.313725
0.345098
0.352941
0.298039
0.298039
0.290196
0.066667
0.223529
0.458824
0.486275
0.407843
0.341176
0.376471
0.584314
0.698039
0.556863
0.254902
0.384314
0.478431
0.458824
0.309804
0.172549
0.294118
0.274510
0.352941
0.419608
0.380392
0.419608
0.396078
0.427451
0.396078
0.270588
0.349020
0.431373
0.458824
0.392157
0.313725
0.301961
0.211765
0.356863
0.372549
0.454902
0.490196
0.537255
0.627451
0.647059
0.709804
0.650980
0.333333
0.258824
0.474510
0.454902
0.423529
0.192157
0.125490
0.121569
0.141176
0.309804
0.368627
0.345098
0.376471
0.384314
0.305882
0.270588
0.305882
0.376471
0.396078
0.392157
0.392157
0.407843
0.470588
0.447059
0.301961
0.411765
0.647059
0.682353
0.658824
0.603922
0.690196
0.741176
0.521569
0.152941
0.321569
0.447059
0.435294
0.290196
0.192157
0.180392
0.121569
0.231373
0.298039
0.278431
0.325490
0.321569
0.231373
0.188235
0.239216
0.286275
0.333333
0.392157
0.368627
0.498039
0.290196
0.090196
0.047059
0.082353
0.368627
0.639216
0.415686
0.309804
0.619608
0.721569
0.764706
0.411765
0.109804
0.262745
0.431373
0.274510
0.219608
0.219608
0.200000
0.200000
0.184314
0.223529
0.266667
0.364706
0.274510
0.137255
0.243137
0.298039
0.419608
0.454902
0.345098
0.450980
0.082353
0.074510
0.094118
0.054902
0.035294
0.364706
0.341176
0.129412
0.435294
0.650980
0.662745
0.745098
0.533333
0.513725
0.360784
0.258824
0.317647
0.384314
0.372549
0.270588
0.309804
0.219608
0.349020
0.376471
0.400000
0.250980
0.294118
0.321569
0.407843
0.470588
0.345098
0.356863
0.094118
0.086275
0.086275
0.094118
0.027451
0.227451
0.266667
0.070588
0.152941
0.364706
0.384314
0.415686
0.647059
0.772549
0.411765
0.254902
0.223529
0.356863
0.454902
0.345098
0.290196
0.305882
0.388235
0.231373
0.352941
0.317647
0.227451
0.239216
0.337255
0.388235
0.415686
0.364706
0.078431
0.074510
0.086275
0.133333
0.043137
0.294118
0.301961
0.047059
0.043137
0.054902
0.149020
0.160784
0.305882
0.482353
0.678431
0.568627
0.384314
0.384314
0.439216
0.439216
0.360784
0.431373
0.407843
0.200000
0.184314
0.466667
0.435294
0.298039
0.443137
0.352941
0.352941
0.364706
0.050980
0.070588
0.101961
0.113725
0.058824
0.258824
0.356863
0.058824
0.054902
0.062745
0.058824
0.137255
0.211765
0.411765
0.627451
0.611765
0.423529
0.443137
0.392157
0.415686
0.482353
0.435294
0.360784
0.200000
0.200000
0.498039
0.580392
0.396078
0.403922
0.282353
0.333333
0.372549
0.062745
0.070588
0.078431
0.086275
0.105882
0.109804
0.133333
0.050980
0.050980
0.070588
0.094118
0.090196
0.082353
0.352941
0.572549
0.533333
0.345098
0.423529
0.447059
0.384314
0.384314
0.392157
0.427451
0.239216
0.235294
0.329412
0.474510
0.368627
0.243137
0.290196
0.388235
0.298039
