0.235294
0.247059
0.270588
0.329412
0.443137
0.658824
0.831373
0.898039
0.945098
0.976471
0.964706
0.952941
0.988235
1.000000
0.996078
0.996078
0.964706
0.913725
0.909804
0.925490
0.921569
0.921569
0.925490
0.929412
0.933333
0.933333
0.941176
0.968627
0.980392
0.898039
0.596078
0.254902
0.027451
0.043137
0.117647
0.309804
0.552941
0.729412
0.800000
0.835294
0.862745
0.886275
0.890196
0.886275
0.933333
0.976471
0.992157
0.996078
0.960784
0.909804
0.909804
0.917647
0.901961
0.878431
0.862745
0.847059
0.835294
0.827451
0.831373
0.858824
0.921569
0.984314
0.964706
0.682353
0.047059
0.062745
0.149020
0.411765
0.666667
0.772549
0.788235
0.788235
0.803922
0.819608
0.827451
0.839216
0.882353
0.925490
0.945098
0.956863
0.941176
0.901961
0.890196
0.878431
0.858824
0.839216
0.819608
0.811765
0.811765
0.807843
0.803922
0.815686
0.847059
0.909804
0.980392
0.964706
0.066667
0.121569
0.313725
0.572549
0.709804
0.745098
0.737255
0.741176
0.749020
0.764706
0.784314
0.807843
0.847059
0.878431
0.894118
0.894118
0.886275
0.866667
0.850980
0.839216
0.827451
0.807843
0.796078
0.796078
0.784314
0.784314
0.803922
0.850980
0.886275
0.905882
0.952941
0.956863
0.086275
0.180392
0.403922
0.631373
0.709804
0.709804
0.705882
0.709804
0.721569
0.733333
0.749020
0.764706
0.788235
0.811765
0.839216
0.835294
0.823529
0.819608
0.815686
0.803922
0.792157
0.780392
0.768627
0.745098
0.721569
0.725490
0.741176
0.807843
0.901961
0.941176
0.964706
0.972549
0.141176
0.364706
0.611765
0.686275
0.682353
0.682353
0.682353
0.698039
0.698039
0.705882
0.717647
0.733333
0.741176
0.745098
0.760784
0.780392
0.776471
0.772549
0.764706
0.760784
0.749020
0.737255
0.721569
0.701961
0.694118
0.690196
0.686275
0.709804
0.803922
0.901961
0.945098
0.949020
0.352941
0.662745
0.749020
0.694118
0.666667
0.666667
0.658824
0.650980
0.654902
0.666667
0.678431
0.686275
0.694118
0.701961
0.709804
0.721569
0.729412
0.721569
0.713725
0.698039
0.678431
0.662745
0.658824
0.654902
0.658824
0.674510
0.686275
0.705882
0.752941
0.835294
0.894118
0.905882
0.592157
0.729412
0.717647
0.670588
0.627451
0.627451
0.623529
0.623529
0.643137
0.650980
0.639216
0.635294
0.639216
0.662745
0.662745
0.658824
0.674510
0.674510
0.662745
0.627451
0.603922
0.592157
0.592157
0.607843
0.615686
0.635294
0.639216
0.674510
0.733333
0.796078
0.858824
0.878431
0.713725
0.733333
0.701961
0.643137
0.580392
0.560784
0.580392
0.607843
0.623529
0.619608
0.572549
0.545098
0.560784
0.607843
0.627451
0.619608
0.627451
0.635294
0.627451
0.564706
0.513725
0.486275
0.505882
0.545098
0.580392
0.631373
0.643137
0.647059
0.694118
0.760784
0.835294
0.874510
0.713725
0.717647
0.694118
0.647059
0.533333
0.474510
0.529412
0.576471
0.568627
0.458824
0.309804
0.282353
0.360784
0.509804
0.600000
0.619608
0.619608
0.643137
0.619608
0.517647
0.376471
0.290196
0.305882
0.380392
0.447059
0.509804
0.584314
0.627451
0.670588
0.733333
0.807843
0.847059
0.705882
0.705882
0.694118
0.650980
0.513725
0.458824
0.494118
0.498039
0.521569
0.423529
0.250980
0.215686
0.321569
0.517647
0.650980
0.654902
0.596078
0.647059
0.650980
0.572549
0.403922
0.223529
0.160784
0.192157
0.278431
0.384314
0.486275
0.564706
0.643137
0.713725
0.780392
0.811765
0.694118
0.698039
0.670588
0.650980
0.572549
0.478431
0.474510
0.498039
0.576471
0.611765
0.568627
0.498039
0.509804
0.639216
0.713725
0.650980
0.549020
0.650980
0.694118
0.650980
0.529412
0.431373
0.415686
0.384314
0.435294
0.482353
0.466667
0.517647
0.623529
0.701961
0.756863
0.776471
0.666667
0.662745
0.635294
0.611765
0.576471
0.498039
0.509804
0.592157
0.662745
0.670588
0.674510
0.678431
0.670588
0.701961
0.694118
0.584314
0.588235
0.670588
0.698039
0.698039
0.686275
0.682353
0.639216
0.568627
0.537255
0.505882
0.470588
0.498039
0.623529
0.698039
0.737255
0.729412
0.623529
0.623529
0.600000
0.576471
0.552941
0.505882
0.552941
0.631373
0.682353
0.709804
0.717647
0.733333
0.737255
0.709804
0.592157
0.494118
0.596078
0.690196
0.721569
0.741176
0.749020
0.717647
0.666667
0.639216
0.588235
0.525490
0.482353
0.509804
0.627451
0.690196
0.709804
0.690196
0.568627
0.588235
0.564706
0.545098
0.549020
0.545098
0.588235
0.662745
0.698039
0.698039
0.690196
0.698039
0.698039
0.611765
0.427451
0.364706
0.501961
0.615686
0.678431
0.701961
0.709804
0.713725
0.721569
0.721569
0.705882
0.650980
0.580392
0.556863
0.623529
0.670588
0.686275
0.690196
0.545098
0.545098
0.525490
0.521569
0.552941
0.592157
0.619608
0.654902
0.682353
0.670588
0.654902
0.647059
0.509804
0.337255
0.254902
0.231373
0.278431
0.313725
0.431373
0.549020
0.603922
0.650980
0.674510
0.686275
0.698039
0.701961
0.674510
0.607843
0.611765
0.639216
0.670588
0.690196
0.592157
0.611765
0.607843
0.619608
0.658824
0.647059
0.627451
0.654902
0.670588
0.662745
0.662745
0.596078
0.309804
0.141176
0.149020
0.129412
0.141176
0.145098
0.235294
0.454902
0.572549
0.592157
0.615686
0.650980
0.650980
0.647059
0.666667
0.647059
0.607843
0.596078
0.650980
0.666667
0.588235
0.647059
0.713725
0.737255
0.705882
0.658824
0.631373
0.623529
0.611765
0.600000
0.611765
0.552941
0.254902
0.062745
0.066667
0.047059
0.050980
0.098039
0.266667
0.458824
0.505882
0.490196
0.505882
0.541176
0.576471
0.576471
0.580392
0.607843
0.580392
0.576471
0.623529
0.619608
0.615686
0.705882
0.737255
0.717647
0.686275
0.650980
0.623529
0.603922
0.576471
0.564706
0.560784
0.545098
0.372549
0.160784
0.078431
0.058824
0.054902
0.168627
0.360784
0.419608
0.384314
0.368627
0.407843
0.423529
0.439216
0.486275
0.509804
0.509804
0.521569
0.525490
0.537255
0.537255
0.764706
0.768627
0.733333
0.705882
0.682353
0.654902
0.627451
0.607843
0.600000
0.588235
0.576471
0.545098
0.505882
0.415686
0.301961
0.286275
0.337255
0.392157
0.407843
0.368627
0.349020
0.384314
0.400000
0.388235
0.388235
0.454902
0.501961
0.533333
0.501961
0.396078
0.380392
0.349020
0.768627
0.745098
0.701961
0.690196
0.678431
0.666667
0.639216
0.615686
0.607843
0.607843
0.596078
0.564706
0.541176
0.521569
0.349020
0.227451
0.250980
0.200000
0.160784
0.239216
0.380392
0.439216
0.450980
0.478431
0.509804
0.572549
0.643137
0.619608
0.384314
0.141176
0.090196
0.058824
0.729412
0.701961
0.670588
0.662745
0.662745
0.650980
0.639216
0.623529
0.603922
0.603922
0.600000
0.592157
0.568627
0.545098
0.478431
0.368627
0.286275
0.282353
0.341176
0.439216
0.474510
0.482353
0.513725
0.572549
0.623529
0.654902
0.705882
0.631373
0.317647
0.082353
0.031373
0.011765
0.686275
0.666667
0.635294
0.623529
0.635294
0.627451
0.603922
0.600000
0.600000
0.596078
0.615686
0.631373
0.588235
0.564706
0.552941
0.576471
0.564706
0.529412
0.521569
0.505882
0.494118
0.513725
0.537255
0.592157
0.623529
0.643137
0.721569
0.713725
0.509804
0.188235
0.035294
0.011765
0.647059
0.654902
0.627451
0.615686
0.600000
0.576471
0.505882
0.466667
0.509804
0.564706
0.588235
0.588235
0.560784
0.549020
0.549020
0.549020
0.525490
0.494118
0.498039
0.501961
0.509804
0.529412
0.564706
0.600000
0.623529
0.674510
0.729412
0.717647
0.513725
0.164706
0.015686
0.007843
0.607843
0.607843
0.592157
0.600000
0.596078
0.564706
0.474510
0.403922
0.443137
0.505882
0.513725
0.556863
0.560784
0.533333
0.552941
0.533333
0.486275
0.470588
0.490196
0.505882
0.509804
0.525490
0.572549
0.596078
0.619608
0.674510
0.701961
0.662745
0.447059
0.129412
0.011765
0.003922
0.541176
0.541176
0.572549
0.588235
0.564706
0.533333
0.490196
0.478431
0.490196
0.486275
0.490196
0.545098
0.568627
0.545098
0.541176
0.505882
0.494118
0.525490
0.501961
0.505882
0.517647
0.529412
0.556863
0.584314
0.623529
0.666667
0.678431
0.623529
0.462745
0.196078
0.035294
0.011765
0.498039
0.552941
0.580392
0.588235
0.588235
0.568627
0.545098
0.498039
0.419608
0.368627
0.329412
0.364706
0.400000
0.443137
0.466667
0.478431
0.474510
0.513725
0.509804
0.505882
0.517647
0.525490
0.556863
0.588235
0.654902
0.658824
0.654902
0.654902
0.513725
0.243137
0.062745
0.003922
0.501961
0.552941
0.564706
0.584314
0.596078
0.580392
0.556863
0.517647
0.435294
0.309804
0.133333
0.074510
0.113725
0.239216
0.384314
0.450980
0.439216
0.415686
0.427451
0.466667
0.470588
0.490196
0.521569
0.568627
0.650980
0.682353
0.650980
0.596078
0.525490
0.400000
0.266667
0.145098
0.541176
0.560784
0.568627
0.576471
0.580392
0.584314
0.560784
0.533333
0.517647
0.462745
0.250980
0.031373
0.011765
0.050980
0.172549
0.294118
0.317647
0.313725
0.329412
0.380392
0.396078
0.443137
0.494118
0.525490
0.560784
0.600000
0.568627
0.529412
0.549020
0.541176
0.533333
0.368627
0.501961
0.529412
0.576471
0.580392
0.580392
0.572549
0.564706
0.556863
0.521569
0.498039
0.380392
0.125490
0.011765
0.003922
0.007843
0.050980
0.098039
0.121569
0.129412
0.137255
0.200000
0.321569
0.411765
0.474510
0.505882
0.513725
0.525490
0.564706
0.580392
0.545098
0.443137
0.301961
0.431373
0.509804
0.568627
0.572549
0.576471
0.552941
0.568627
0.568627
0.537255
0.505882
0.454902
0.266667
0.058824
0.003922
0.003922
0.003922
0.003922
0.011765
0.007843
0.007843
0.066667
0.258824
0.407843
0.466667
0.478431
0.513725
0.560784
0.584314
0.568627
0.588235
0.478431
0.270588
0.423529
0.505882
0.529412
0.537255
0.556863
0.541176
0.556863
0.552941
0.552941
0.537255
0.498039
0.372549
0.129412
0.011765
0.003922
0.003922
0.011765
0.015686
0.011765
0.011765
0.050980
0.231373
0.396078
0.494118
0.494118
0.486275
0.533333
0.556863
0.552941
0.560784
0.549020
0.419608
0.270588
0.278431
0.298039
0.368627
0.498039
0.729412
0.901961
0.956863
0.976471
0.988235
0.984314
0.984314
0.996078
1.000000
0.996078
0.992157
0.984314
0.964706
0.960784
0.964706
0.960784
0.964706
0.960784
0.960784
0.964706
0.964706
0.964706
0.984314
0.988235
0.913725
0.631373
0.286275
0.027451
0.047059
0.129412
0.341176
0.603922
0.792157
0.862745
0.890196
0.917647
0.937255
0.941176
0.937255
0.960784
0.988235
0.992157
0.992157
0.976471
0.952941
0.952941
0.952941
0.941176
0.917647
0.898039
0.890196
0.878431
0.866667
0.870588
0.898039
0.949020
0.988235
0.972549
0.709804
0.050980
0.066667
0.160784
0.443137
0.709804
0.815686
0.827451
0.831373
0.850980
0.874510
0.878431
0.886275
0.921569
0.956863
0.972549
0.976471
0.964706
0.937255
0.925490
0.917647
0.898039
0.870588
0.847059
0.835294
0.839216
0.831373
0.827451
0.847059
0.882353
0.937255
0.988235
0.972549
0.062745
0.125490
0.333333
0.603922
0.733333
0.756863
0.752941
0.764706
0.780392
0.800000
0.819608
0.843137
0.886275
0.921569
0.937255
0.929412
0.909804
0.890196
0.878431
0.866667
0.850980
0.831373
0.815686
0.811765
0.807843
0.811765
0.831373
0.882353
0.917647
0.937255
0.968627
0.960784
0.078431
0.184314
0.427451
0.647059
0.709804
0.713725
0.709804
0.717647
0.733333
0.749020
0.768627
0.788235
0.811765
0.843137
0.870588
0.854902
0.831373
0.827451
0.823529
0.815686
0.803922
0.792157
0.780392
0.752941
0.729412
0.729412
0.752941
0.827451
0.921569
0.956863
0.976471
0.972549
0.141176
0.372549
0.623529
0.686275
0.674510
0.682353
0.690196
0.701961
0.701961
0.709804
0.725490
0.741176
0.749020
0.752941
0.768627
0.780392
0.772549
0.768627
0.764706
0.756863
0.749020
0.737255
0.721569
0.705882
0.690196
0.686275
0.686275
0.709804
0.815686
0.929412
0.964706
0.956863
0.368627
0.678431
0.752941
0.674510
0.647059
0.658824
0.654902
0.647059
0.647059
0.662745
0.674510
0.682353
0.686275
0.698039
0.701961
0.709804
0.717647
0.713725
0.701961
0.690196
0.670588
0.654902
0.650980
0.647059
0.647059
0.662745
0.682353
0.701961
0.760784
0.854902
0.921569
0.933333
0.607843
0.733333
0.705882
0.635294
0.592157
0.603922
0.596078
0.600000
0.623529
0.639216
0.631373
0.615686
0.623529
0.643137
0.639216
0.635294
0.650980
0.654902
0.643137
0.607843
0.588235
0.572549
0.564706
0.584314
0.600000
0.623529
0.631373
0.666667
0.737255
0.800000
0.874510
0.905882
0.721569
0.729412
0.686275
0.588235
0.505882
0.505882
0.517647
0.560784
0.588235
0.580392
0.529412
0.494118
0.501961
0.556863
0.580392
0.580392
0.588235
0.603922
0.600000
0.525490
0.458824
0.419608
0.439216
0.498039
0.552941
0.611765
0.623529
0.631373
0.682353
0.756863
0.839216
0.894118
0.709804
0.701961
0.670588
0.576471
0.419608
0.364706
0.423529
0.454902
0.454902
0.388235
0.266667
0.231373
0.282353
0.427451
0.545098
0.592157
0.592157
0.611765
0.596078
0.466667
0.298039
0.207843
0.239216
0.321569
0.396078
0.462745
0.541176
0.592157
0.647059
0.713725
0.800000
0.866667
0.701961
0.686275
0.658824
0.592157
0.407843
0.325490
0.352941
0.345098
0.368627
0.329412
0.203922
0.164706
0.219608
0.396078
0.580392
0.615686
0.545098
0.607843
0.627451
0.521569
0.317647
0.152941
0.133333
0.164706
0.227451
0.313725
0.403922
0.494118
0.596078
0.682353
0.768627
0.819608
0.690196
0.678431
0.635294
0.603922
0.486275
0.345098
0.333333
0.384314
0.466667
0.509804
0.482353
0.407843
0.396078
0.533333
0.658824
0.603922
0.494118
0.619608
0.670588
0.596078
0.450980
0.352941
0.349020
0.317647
0.352941
0.388235
0.364706
0.423529
0.560784
0.666667
0.741176
0.776471
0.662745
0.643137
0.588235
0.549020
0.494118
0.384314
0.400000
0.509804
0.584314
0.607843
0.623529
0.631373
0.627451
0.670588
0.674510
0.552941
0.552941
0.650980
0.682353
0.666667
0.643137
0.627451
0.576471
0.494118
0.447059
0.407843
0.356863
0.396078
0.556863
0.658824
0.717647
0.721569
0.607843
0.600000
0.549020
0.501961
0.458824
0.403922
0.454902
0.552941
0.627451
0.662745
0.670588
0.698039
0.717647
0.701961
0.568627
0.450980
0.556863
0.662745
0.698039
0.713725
0.721569
0.682353
0.619608
0.568627
0.505882
0.439216
0.368627
0.411765
0.560784
0.647059
0.686275
0.678431
0.552941
0.560784
0.513725
0.474510
0.470588
0.466667
0.521569
0.607843
0.647059
0.635294
0.615686
0.639216
0.662745
0.596078
0.407843
0.325490
0.474510
0.588235
0.639216
0.647059
0.647059
0.654902
0.658824
0.666667
0.647059
0.588235
0.494118
0.462745
0.552941
0.615686
0.654902
0.670588
0.549020
0.533333
0.494118
0.470588
0.498039
0.541176
0.572549
0.607843
0.623529
0.596078
0.580392
0.596078
0.486275
0.325490
0.243137
0.211765
0.262745
0.305882
0.403922
0.490196
0.525490
0.560784
0.576471
0.603922
0.635294
0.647059
0.607843
0.529412
0.537255
0.572549
0.623529
0.670588
0.615686
0.611765
0.600000
0.607843
0.647059
0.631373
0.596078
0.611765
0.615686
0.592157
0.596078
0.552941
0.298039
0.145098
0.149020
0.121569
0.125490
0.137255
0.215686
0.411765
0.505882
0.505882
0.517647
0.549020
0.568627
0.576471
0.603922
0.584314
0.529412
0.529412
0.600000
0.639216
0.619608
0.658824
0.733333
0.756863
0.709804
0.650980
0.607843
0.592157
0.552941
0.513725
0.517647
0.494118
0.239216
0.066667
0.074510
0.047059
0.047059
0.094118
0.243137
0.403922
0.431373
0.407843
0.407843
0.439216
0.486275
0.501961
0.513725
0.549020
0.517647
0.517647
0.588235
0.584314
0.662745
0.737255
0.756863
0.729412
0.682353
0.631373
0.600000
0.584314
0.533333
0.498039
0.474510
0.462745
0.333333
0.145098
0.066667
0.043137
0.039216
0.133333
0.290196
0.313725
0.286275
0.278431
0.298039
0.298039
0.329412
0.411765
0.447059
0.458824
0.474510
0.482353
0.498039
0.505882
0.819608
0.807843
0.752941
0.713725
0.686275
0.650980
0.611765
0.588235
0.580392
0.568627
0.541176
0.486275
0.439216
0.337255
0.188235
0.137255
0.172549
0.227451
0.243137
0.223529
0.247059
0.298039
0.298039
0.266667
0.286275
0.403922
0.482353
0.537255
0.509804
0.384314
0.364706
0.345098
0.819608
0.776471
0.713725
0.694118
0.678431
0.662745
0.635294
0.600000
0.592157
0.600000
0.588235
0.552941
0.505882
0.450980
0.266667
0.141176
0.137255
0.098039
0.098039
0.192157
0.317647
0.372549
0.403922
0.447059
0.486275
0.584314
0.674510
0.674510
0.439216
0.164706
0.105882
0.070588
0.772549
0.721569
0.674510
0.662745
0.658824
0.650980
0.639216
0.619608
0.596078
0.592157
0.584314
0.584314
0.560784
0.509804
0.447059
0.364706
0.278431
0.266667
0.329412
0.411765
0.427451
0.439216
0.498039
0.572549
0.631373
0.686275
0.756863
0.698039
0.380392
0.105882
0.039216
0.019608
0.717647
0.674510
0.635294
0.623529
0.635294
0.623529
0.603922
0.596078
0.592157
0.584314
0.603922
0.627451
0.592157
0.552941
0.541176
0.572549
0.556863
0.521569
0.513725
0.494118
0.486275
0.509804
0.537255
0.600000
0.639216
0.682353
0.780392
0.788235
0.596078
0.235294
0.043137
0.015686
0.670588
0.666667
0.635294
0.615686
0.600000
0.576471
0.501961
0.458824
0.501961
0.552941
0.584314
0.588235
0.556863
0.541176
0.549020
0.549020
0.525490
0.490196
0.490196
0.501961
0.513725
0.533333
0.572549
0.619608
0.650980
0.713725
0.788235
0.792157
0.592157
0.203922
0.019608
0.007843
0.631373
0.619608
0.600000
0.600000
0.596078
0.564706
0.466667
0.392157
0.435294
0.501961
0.513725
0.560784
0.556863
0.529412
0.552941
0.533333
0.486275
0.466667
0.486275
0.509804
0.513725
0.533333
0.584314
0.623529
0.650980
0.713725
0.760784
0.737255
0.521569
0.156863
0.011765
0.007843
0.556863
0.552941
0.580392
0.596078
0.564706
0.525490
0.486275
0.478431
0.494118
0.490196
0.490196
0.552941
0.576471
0.545098
0.545098
0.509804
0.498039
0.525490
0.505882
0.509804
0.521569
0.541176
0.576471
0.615686
0.658824
0.705882
0.737255
0.690196
0.533333
0.239216
0.043137
0.011765
0.513725
0.560784
0.588235
0.600000
0.588235
0.564706
0.541176
0.498039
0.423529
0.376471
0.341176
0.380392
0.415686
0.458824
0.474510
0.486275
0.486275
0.525490
0.521569
0.517647
0.525490
0.533333
0.576471
0.623529
0.701961
0.713725
0.717647
0.721569
0.592157
0.309804
0.086275
0.000000
0.525490
0.568627
0.572549
0.596078
0.607843
0.588235
0.556863
0.517647
0.443137
0.317647
0.145098
0.086275
0.129412
0.254902
0.400000
0.466667
0.454902
0.435294
0.443137
0.482353
0.490196
0.505882
0.541176
0.603922
0.701961
0.737255
0.709804
0.658824
0.596078
0.482353
0.329412
0.180392
0.572549
0.580392
0.584314
0.592157
0.592157
0.592157
0.564706
0.533333
0.521569
0.474510
0.266667
0.039216
0.015686
0.058824
0.188235
0.321569
0.349020
0.345098
0.360784
0.411765
0.427451
0.470588
0.521569
0.560784
0.596078
0.639216
0.611765
0.584314
0.619608
0.627451
0.631373
0.466667
0.541176
0.560784
0.596078
0.603922
0.596078
0.580392
0.568627
0.560784
0.529412
0.505882
0.396078
0.141176
0.019608
0.007843
0.015686
0.062745
0.117647
0.149020
0.156863
0.164706
0.227451
0.352941
0.439216
0.494118
0.525490
0.545098
0.568627
0.623529
0.654902
0.627451
0.533333
0.400000
0.470588
0.545098
0.600000
0.600000
0.596078
0.564706
0.580392
0.584314
0.552941
0.521569
0.474510
0.286275
0.066667
0.007843
0.011765
0.011765
0.019608
0.023529
0.023529
0.023529
0.082353
0.278431
0.435294
0.482353
0.494118
0.533333
0.600000
0.643137
0.639216
0.666667
0.568627
0.360784
0.466667
0.545098
0.564706
0.568627
0.584314
0.556863
0.576471
0.576471
0.580392
0.560784
0.521569
0.396078
0.145098
0.015686
0.015686
0.019608
0.023529
0.027451
0.027451
0.027451
0.062745
0.254902
0.427451
0.521569
0.517647
0.509804
0.564706
0.607843
0.607843
0.631373
0.643137
0.517647
0.231373
0.235294
0.262745
0.345098
0.501961
0.768627
0.945098
0.988235
0.996078
1.000000
1.000000
0.996078
1.000000
1.000000
1.000000
1.000000
1.000000
1.000000
0.996078
1.000000
0.996078
0.996078
1.000000
1.000000
0.996078
0.988235
0.984314
0.988235
0.988235
0.945098
0.705882
0.341176
0.019608
0.039216
0.125490
0.356863
0.631373
0.823529
0.894118
0.929412
0.960784
0.972549
0.972549
0.972549
0.980392
0.996078
0.996078
0.996078
0.992157
0.992157
0.992157
0.988235
0.976471
0.952941
0.937255
0.929412
0.913725
0.901961
0.901961
0.925490
0.952941
0.976471
0.992157
0.796078
0.035294
0.054902
0.164706
0.454902
0.721569
0.823529
0.831373
0.839216
0.870588
0.894118
0.901961
0.917647
0.956863
0.988235
0.996078
0.996078
0.992157
0.972549
0.960784
0.949020
0.921569
0.890196
0.866667
0.854902
0.858824
0.854902
0.854902
0.882353
0.917647
0.960784
0.996078
0.976471
0.043137
0.113725
0.341176
0.603922
0.717647
0.737255
0.733333
0.749020
0.776471
0.803922
0.823529
0.858824
0.913725
0.956863
0.980392
0.972549
0.949020
0.913725
0.898039
0.882353
0.858824
0.831373
0.823529
0.819608
0.815686
0.819608
0.850980
0.921569
0.960784
0.972549
0.992157
0.972549
0.062745
0.172549
0.423529
0.623529
0.670588
0.682353
0.686275
0.698039
0.721569
0.745098
0.768627
0.796078
0.823529
0.858824
0.890196
0.870588
0.839216
0.831373
0.827451
0.815686
0.803922
0.788235
0.772549
0.741176
0.717647
0.717647
0.745098
0.827451
0.941176
0.976471
0.996078
0.984314
0.137255
0.392157
0.631373
0.639216
0.619608
0.654902
0.666667
0.678431
0.682353
0.694118
0.709804
0.729412
0.737255
0.741176
0.756863
0.764706
0.756863
0.752941
0.749020
0.741176
0.737255
0.725490
0.705882
0.686275
0.670588
0.670588
0.666667
0.694118
0.819608
0.949020
0.996078
0.988235
0.376471
0.678431
0.721569
0.615686
0.592157
0.623529
0.627451
0.623529
0.627451
0.643137
0.658824
0.662745
0.666667
0.674510
0.678431
0.686275
0.690196
0.690196
0.682353
0.670588
0.647059
0.631373
0.631373
0.631373
0.631373
0.643137
0.662745
0.678431
0.749020
0.874510
0.960784
0.976471
0.607843
0.701961
0.654902
0.572549
0.537255
0.564706
0.560784
0.572549
0.603922
0.619608
0.615686
0.600000
0.596078
0.611765
0.611765
0.600000
0.615686
0.627451
0.623529
0.584314
0.560784
0.541176
0.537255
0.572549
0.588235
0.603922
0.607843
0.643137
0.717647
0.792157
0.894118
0.949020
0.698039
0.682353
0.623529
0.513725
0.439216
0.450980
0.470588
0.509804
0.549020
0.552941
0.498039
0.458824
0.466667
0.513725
0.545098
0.552941
0.560784
0.576471
0.572549
0.494118
0.423529
0.384314
0.400000
0.462745
0.521569
0.580392
0.600000
0.603922
0.654902
0.733333
0.839216
0.925490
0.674510
0.650980
0.611765
0.501961
0.345098
0.290196
0.349020
0.384314
0.396078
0.345098
0.239216
0.203922
0.250980
0.384314
0.509804
0.568627
0.564706
0.596078
0.576471
0.443137
0.270588
0.180392
0.207843
0.286275
0.360784
0.423529
0.498039
0.545098
0.600000
0.674510
0.780392
0.878431
0.666667
0.639216
0.603922
0.521569
0.325490
0.239216
0.258824
0.258824
0.298039
0.286275
0.188235
0.152941
0.192157
0.352941
0.545098
0.584314
0.513725
0.588235
0.600000
0.494118
0.294118
0.141176
0.117647
0.149020
0.207843
0.274510
0.349020
0.435294
0.537255
0.635294
0.737255
0.815686
0.654902
0.627451
0.580392
0.541176
0.415686
0.262745
0.250980
0.309804
0.400000
0.458824
0.443137
0.372549
0.352941
0.486275
0.623529
0.560784
0.450980
0.592157
0.643137
0.564706
0.419608
0.329412
0.325490
0.286275
0.309804
0.329412
0.298039
0.356863
0.498039
0.611765
0.705882
0.756863
0.627451
0.600000
0.529412
0.478431
0.423529
0.298039
0.313725
0.443137
0.521569
0.549020
0.568627
0.580392
0.576471
0.631373
0.647059
0.513725
0.509804
0.619608
0.650980
0.627451
0.596078
0.576471
0.517647
0.435294
0.388235
0.341176
0.286275
0.325490
0.494118
0.603922
0.674510
0.698039
0.580392
0.556863
0.486275
0.435294
0.388235
0.321569
0.380392
0.486275
0.564706
0.588235
0.596078
0.635294
0.666667
0.662745
0.533333
0.411765
0.517647
0.623529
0.654902
0.662745
0.662745
0.627451
0.556863
0.513725
0.458824
0.376471
0.298039
0.337255
0.501961
0.588235
0.639216
0.650980
0.529412
0.521569
0.466667
0.423529
0.415686
0.403922
0.454902
0.545098
0.568627
0.545098
0.525490
0.568627
0.615686
0.556863
0.368627
0.290196
0.443137
0.552941
0.584314
0.580392
0.572549
0.572549
0.580392
0.596078
0.584314
0.529412
0.431373
0.396078
0.494118
0.556863
0.596078
0.639216
0.529412
0.501961
0.458824
0.427451
0.454902
0.498039
0.517647
0.545098
0.552941
0.517647
0.513725
0.549020
0.454902
0.301961
0.215686
0.184314
0.239216
0.278431
0.364706
0.435294
0.454902
0.474510
0.486275
0.509804
0.556863
0.576471
0.545098
0.458824
0.470588
0.509804
0.556863
0.627451
0.600000
0.588235
0.576471
0.588235
0.615686
0.592157
0.549020
0.556863
0.545098
0.521569
0.537255
0.513725
0.274510
0.125490
0.133333
0.105882
0.113725
0.121569
0.192157
0.372549
0.447059
0.427451
0.427451
0.462745
0.482353
0.501961
0.537255
0.513725
0.462745
0.454902
0.529412
0.584314
0.607843
0.647059
0.733333
0.749020
0.690196
0.615686
0.560784
0.537255
0.486275
0.435294
0.447059
0.439216
0.211765
0.058824
0.066667
0.043137
0.047059
0.082353
0.207843
0.356863
0.380392
0.345098
0.337255
0.364706
0.400000
0.427451
0.447059
0.486275
0.454902
0.447059
0.533333
0.537255
0.662745
0.737255
0.756863
0.713725
0.654902
0.596078
0.556863
0.533333
0.474510
0.435294
0.415686
0.400000
0.298039
0.129412
0.054902
0.035294
0.035294
0.121569
0.258824
0.286275
0.262745
0.243137
0.250980
0.239216
0.258824
0.341176
0.388235
0.411765
0.427451
0.431373
0.458824
0.470588
0.850980
0.815686
0.749020
0.694118
0.658824
0.619608
0.580392
0.556863
0.545098
0.537255
0.505882
0.443137
0.396078
0.301961
0.180392
0.145098
0.176471
0.227451
0.243137
0.227451
0.227451
0.258824
0.247059
0.203922
0.219608
0.345098
0.454902
0.537255
0.521569
0.376471
0.349020
0.337255
0.850980
0.776471
0.694118
0.666667
0.658824
0.647059
0.611765
0.580392
0.576471
0.584314
0.568627
0.521569
0.470588
0.407843
0.243137
0.141176
0.141176
0.098039
0.090196
0.172549
0.266667
0.313725
0.352941
0.403922
0.458824
0.572549
0.698039
0.733333
0.501961
0.200000
0.129412
0.090196
0.784314
0.705882
0.650980
0.631373
0.631373
0.627451
0.615686
0.600000
0.576471
0.572549
0.572549
0.564706
0.537255
0.478431
0.411765
0.337255
0.262745
0.247059
0.301961
0.372549
0.372549
0.392157
0.466667
0.552941
0.627451
0.694118
0.796078
0.768627
0.450980
0.141176
0.062745
0.031373
0.713725
0.650980
0.603922
0.588235
0.600000
0.596078
0.580392
0.576471
0.572549
0.564706
0.596078
0.615686
0.572549
0.541176
0.529412
0.560784
0.545098
0.505882
0.490196
0.470588
0.462745
0.486275
0.517647
0.588235
0.643137
0.694118
0.823529
0.870588
0.686275
0.290196
0.054902
0.019608
0.662745
0.643137
0.603922
0.580392
0.564706
0.541176
0.470588
0.435294
0.482353
0.537255
0.568627
0.568627
0.537255
0.525490
0.541176
0.537255
0.513725
0.474510
0.474510
0.486275
0.494118
0.513725
0.560784
0.619608
0.666667
0.749020
0.850980
0.874510
0.690196
0.258824
0.023529
0.011765
0.615686
0.592157
0.576471
0.580392
0.568627
0.533333
0.435294
0.364706
0.415686
0.486275
0.498039
0.541176
0.545098
0.513725
0.541176
0.521569
0.462745
0.443137
0.466667
0.490196
0.494118
0.517647
0.584314
0.635294
0.666667
0.752941
0.819608
0.803922
0.600000
0.196078
0.011765
0.003922
0.537255
0.525490
0.556863
0.568627
0.537255
0.498039
0.458824
0.458824
0.474510
0.470588
0.474510
0.537255
0.568627
0.545098
0.537255
0.490196
0.482353
0.517647
0.490196
0.490196
0.509804
0.537255
0.580392
0.623529
0.682353
0.749020
0.792157
0.749020
0.611765
0.305882
0.062745
0.011765
0.490196
0.537255
0.564706
0.572549
0.560784
0.537255
0.521569
0.478431
0.403922
0.356863
0.333333
0.380392
0.423529
0.458824
0.462745
0.466667
0.474510
0.517647
0.509804
0.505882
0.521569
0.537255
0.580392
0.627451
0.729412
0.745098
0.760784
0.788235
0.670588
0.384314
0.125490
0.007843
0.498039
0.541176
0.552941
0.568627
0.580392
0.564706
0.533333
0.494118
0.419608
0.298039
0.141176
0.086275
0.133333
0.258824
0.396078
0.458824
0.450980
0.427451
0.431373
0.474510
0.482353
0.501961
0.545098
0.611765
0.729412
0.784314
0.768627
0.721569
0.662745
0.549020
0.392157
0.215686
0.552941
0.556863
0.564706
0.568627
0.564706
0.564706
0.533333
0.505882
0.494118
0.450980
0.250980
0.031373
0.011765
0.062745
0.200000
0.333333
0.356863
0.349020
0.356863
0.415686
0.431373
0.466667
0.521569
0.564706
0.615686
0.666667
0.635294
0.615686
0.674510
0.701961
0.737255
0.568627
0.533333
0.549020
0.580392
0.576471
0.568627
0.549020
0.545098
0.533333
0.498039
0.482353
0.376471
0.129412
0.015686
0.003922
0.015686
0.070588
0.125490
0.160784
0.164706
0.176471
0.235294
0.352941
0.431373
0.486275
0.525490
0.541176
0.568627
0.654902
0.717647
0.705882
0.631373
0.486275
0.466667
0.533333
0.584314
0.576471
0.568627
0.541176
0.556863
0.556863
0.525490
0.498039
0.450980
0.270588
0.066667
0.007843
0.011765
0.019608
0.023529
0.031373
0.027451
0.031373
0.086275
0.274510
0.423529
0.466667
0.482353
0.533333
0.611765
0.674510
0.682353
0.725490
0.639216
0.419608
0.462745
0.533333
0.545098
0.545098
0.556863
0.529412
0.552941
0.552941
0.556863
0.541176
0.498039
0.384314
0.145098
0.015686
0.011765
0.019608
0.035294
0.039216
0.039216
0.035294
0.070588
0.250980
0.419608
0.517647
0.509804
0.501961
0.568627
0.623529
0.635294
0.678431
0.717647
0.600000
