0.239216
0.235294
0.223529
0.219608
0.215686
0.211765
0.207843
0.207843
0.211765
0.211765
0.203922
0.203922
0.200000
0.200000
0.203922
0.203922
0.203922
0.207843
0.207843
0.203922
0.200000
0.203922
0.211765
0.207843
0.207843
0.207843
0.219608
0.247059
0.282353
0.313725
0.325490
0.309804
0.254902
0.239216
0.215686
0.203922
0.196078
0.192157
0.188235
0.184314
0.180392
0.176471
0.176471
0.172549
0.168627
0.168627
0.176471
0.180392
0.180392
0.172549
0.172549
0.176471
0.180392
0.184314
0.188235
0.192157
0.211765
0.231373
0.247059
0.250980
0.278431
0.329412
0.345098
0.360784
0.278431
0.250980
0.219608
0.200000
0.207843
0.215686
0.188235
0.160784
0.152941
0.152941
0.152941
0.152941
0.149020
0.145098
0.149020
0.156863
0.152941
0.149020
0.152941
0.156863
0.164706
0.180392
0.192157
0.239216
0.254902
0.239216
0.227451
0.235294
0.290196
0.376471
0.368627
0.360784
0.301961
0.278431
0.239216
0.211765
0.211765
0.243137
0.266667
0.203922
0.152941
0.149020
0.141176
0.141176
0.137255
0.133333
0.133333
0.137255
0.133333
0.133333
0.141176
0.145098
0.149020
0.192157
0.321569
0.337255
0.254902
0.239216
0.278431
0.333333
0.372549
0.380392
0.345098
0.317647
0.333333
0.360784
0.364706
0.317647
0.254902
0.247059
0.329412
0.360784
0.254902
0.176471
0.149020
0.137255
0.133333
0.133333
0.129412
0.137255
0.141176
0.141176
0.141176
0.152941
0.160784
0.301961
0.447059
0.333333
0.278431
0.325490
0.419608
0.486275
0.450980
0.368627
0.341176
0.298039
0.333333
0.423529
0.478431
0.423529
0.337255
0.282353
0.313725
0.423529
0.384314
0.219608
0.168627
0.160784
0.164706
0.176471
0.184314
0.188235
0.200000
0.211765
0.211765
0.203922
0.215686
0.411765
0.470588
0.372549
0.341176
0.400000
0.513725
0.541176
0.431373
0.349020
0.321569
0.270588
0.305882
0.415686
0.501961
0.431373
0.337255
0.282353
0.321569
0.431373
0.482353
0.360784
0.290196
0.290196
0.286275
0.286275
0.282353
0.301961
0.352941
0.392157
0.411765
0.419608
0.439216
0.580392
0.635294
0.541176
0.435294
0.427451
0.466667
0.443137
0.352941
0.298039
0.294118
0.309804
0.270588
0.341176
0.435294
0.388235
0.294118
0.266667
0.341176
0.462745
0.494118
0.454902
0.443137
0.431373
0.396078
0.349020
0.313725
0.325490
0.388235
0.474510
0.572549
0.658824
0.690196
0.733333
0.764706
0.686275
0.501961
0.400000
0.403922
0.392157
0.364706
0.380392
0.396078
0.372549
0.254902
0.270588
0.301961
0.298039
0.250980
0.254902
0.337255
0.415686
0.439216
0.498039
0.552941
0.549020
0.509804
0.450980
0.384314
0.352941
0.400000
0.494118
0.572549
0.690196
0.792157
0.811765
0.756863
0.741176
0.650980
0.486275
0.360784
0.317647
0.384314
0.490196
0.501961
0.466667
0.372549
0.301961
0.239216
0.227451
0.254902
0.325490
0.392157
0.411765
0.423529
0.478431
0.525490
0.556863
0.549020
0.517647
0.470588
0.407843
0.411765
0.466667
0.541176
0.627451
0.654902
0.690196
0.694118
0.717647
0.737255
0.607843
0.388235
0.278431
0.309804
0.427451
0.529412
0.556863
0.564706
0.407843
0.278431
0.266667
0.356863
0.439216
0.415686
0.380392
0.364706
0.356863
0.349020
0.415686
0.560784
0.580392
0.501961
0.396078
0.349020
0.392157
0.498039
0.450980
0.356863
0.403922
0.501961
0.611765
0.690196
0.615686
0.423529
0.301961
0.313725
0.403922
0.509804
0.600000
0.568627
0.403922
0.305882
0.305882
0.392157
0.439216
0.388235
0.329412
0.282353
0.231373
0.203922
0.227451
0.360784
0.474510
0.419608
0.294118
0.258824
0.329412
0.360784
0.258824
0.207843
0.219608
0.262745
0.447059
0.635294
0.623529
0.454902
0.360784
0.380392
0.490196
0.549020
0.576471
0.498039
0.392157
0.301961
0.266667
0.321569
0.384314
0.360784
0.282353
0.211765
0.160784
0.176471
0.215686
0.211765
0.274510
0.317647
0.305882
0.301961
0.309804
0.286275
0.243137
0.207843
0.203922
0.207843
0.372549
0.607843
0.647059
0.498039
0.360784
0.376471
0.498039
0.627451
0.619608
0.474510
0.396078
0.290196
0.254902
0.309804
0.356863
0.345098
0.282353
0.207843
0.168627
0.168627
0.219608
0.247059
0.243137
0.290196
0.349020
0.384314
0.443137
0.392157
0.345098
0.372549
0.309804
0.325490
0.501961
0.662745
0.643137
0.529412
0.400000
0.333333
0.450980
0.639216
0.709804
0.490196
0.458824
0.380392
0.321569
0.337255
0.329412
0.333333
0.325490
0.274510
0.231373
0.235294
0.278431
0.274510
0.301961
0.337255
0.282353
0.262745
0.333333
0.470588
0.549020
0.517647
0.482353
0.498039
0.619608
0.686275
0.643137
0.545098
0.474510
0.415686
0.443137
0.615686
0.725490
0.564706
0.615686
0.568627
0.439216
0.368627
0.341176
0.352941
0.349020
0.313725
0.243137
0.231373
0.243137
0.274510
0.376471
0.317647
0.188235
0.188235
0.215686
0.341176
0.635294
0.615686
0.458824
0.509804
0.647059
0.709804
0.705882
0.650980
0.556863
0.509804
0.505882
0.611765
0.745098
0.709804
0.764706
0.678431
0.576471
0.454902
0.419608
0.407843
0.376471
0.337255
0.243137
0.176471
0.203922
0.341176
0.423529
0.301961
0.188235
0.172549
0.196078
0.298039
0.607843
0.662745
0.435294
0.486275
0.607843
0.666667
0.737255
0.741176
0.627451
0.549020
0.600000
0.643137
0.729412
0.827451
0.784314
0.666667
0.580392
0.521569
0.482353
0.431373
0.372549
0.313725
0.250980
0.196078
0.223529
0.309804
0.364706
0.321569
0.258824
0.227451
0.231373
0.329412
0.549020
0.615686
0.486275
0.494118
0.584314
0.662745
0.737255
0.756863
0.666667
0.552941
0.615686
0.694118
0.705882
0.850980
0.784314
0.701961
0.721569
0.729412
0.666667
0.584314
0.501961
0.400000
0.325490
0.262745
0.243137
0.298039
0.313725
0.309804
0.290196
0.270588
0.282353
0.376471
0.513725
0.552941
0.564706
0.666667
0.729412
0.788235
0.815686
0.807843
0.745098
0.635294
0.600000
0.662745
0.690196
0.831373
0.772549
0.760784
0.792157
0.800000
0.780392
0.737255
0.666667
0.584314
0.513725
0.447059
0.364706
0.345098
0.356863
0.400000
0.435294
0.462745
0.525490
0.596078
0.662745
0.713725
0.756863
0.811765
0.819608
0.819608
0.827451
0.819608
0.784314
0.709804
0.619608
0.607843
0.650980
0.811765
0.788235
0.760784
0.756863
0.776471
0.792157
0.807843
0.800000
0.760784
0.725490
0.674510
0.596078
0.552941
0.525490
0.529412
0.564706
0.635294
0.705882
0.752941
0.803922
0.839216
0.839216
0.835294
0.831373
0.835294
0.835294
0.823529
0.811765
0.764706
0.674510
0.607843
0.615686
0.800000
0.788235
0.741176
0.741176
0.756863
0.760784
0.772549
0.784314
0.792157
0.796078
0.807843
0.796078
0.784314
0.749020
0.725490
0.729412
0.764706
0.815686
0.839216
0.831373
0.815686
0.831373
0.850980
0.858824
0.847059
0.831373
0.819608
0.831373
0.815686
0.745098
0.658824
0.600000
0.745098
0.776471
0.780392
0.796078
0.772549
0.756863
0.756863
0.745098
0.701961
0.694118
0.807843
0.847059
0.858824
0.839216
0.803922
0.756863
0.713725
0.741176
0.788235
0.823529
0.823529
0.831373
0.835294
0.823529
0.827451
0.831373
0.827451
0.831373
0.823529
0.784314
0.721569
0.631373
0.654902
0.776471
0.831373
0.819608
0.764706
0.749020
0.792157
0.823529
0.760784
0.741176
0.815686
0.850980
0.854902
0.847059
0.839216
0.831373
0.807843
0.800000
0.815686
0.823529
0.819608
0.807843
0.788235
0.760784
0.800000
0.839216
0.835294
0.823529
0.819608
0.803922
0.760784
0.647059
0.568627
0.764706
0.819608
0.768627
0.741176
0.776471
0.800000
0.768627
0.756863
0.768627
0.807843
0.839216
0.850980
0.847059
0.854902
0.854902
0.847059
0.850980
0.866667
0.866667
0.827451
0.768627
0.729412
0.772549
0.835294
0.823529
0.772549
0.756863
0.780392
0.796078
0.764706
0.647059
0.521569
0.733333
0.764706
0.725490
0.749020
0.780392
0.745098
0.725490
0.764706
0.784314
0.819608
0.866667
0.870588
0.862745
0.866667
0.862745
0.866667
0.870588
0.870588
0.870588
0.839216
0.784314
0.741176
0.803922
0.839216
0.811765
0.752941
0.694118
0.694118
0.741176
0.745098
0.631373
0.458824
0.627451
0.674510
0.713725
0.752941
0.760784
0.760784
0.792157
0.819608
0.827451
0.839216
0.866667
0.878431
0.870588
0.866667
0.858824
0.862745
0.866667
0.866667
0.854902
0.827451
0.780392
0.788235
0.831373
0.811765
0.772549
0.729412
0.698039
0.654902
0.674510
0.717647
0.607843
0.454902
0.552941
0.647059
0.752941
0.803922
0.839216
0.854902
0.850980
0.858824
0.866667
0.870588
0.858824
0.858824
0.870588
0.862745
0.854902
0.858824
0.862745
0.866667
0.847059
0.811765
0.772549
0.807843
0.843137
0.792157
0.709804
0.643137
0.623529
0.615686
0.635294
0.674510
0.596078
0.549020
0.607843
0.639216
0.701961
0.760784
0.811765
0.839216
0.854902
0.862745
0.858824
0.870588
0.862745
0.858824
0.866667
0.862745
0.854902
0.858824
0.862745
0.870588
0.862745
0.827451
0.807843
0.835294
0.803922
0.701961
0.603922
0.549020
0.525490
0.482353
0.513725
0.592157
0.517647
0.662745
0.662745
0.623529
0.635294
0.690196
0.745098
0.800000
0.843137
0.854902
0.850980
0.850980
0.858824
0.870588
0.878431
0.866667
0.862745
0.862745
0.858824
0.854902
0.847059
0.835294
0.847059
0.843137
0.760784
0.639216
0.537255
0.466667
0.443137
0.396078
0.384314
0.462745
0.392157
0.701961
0.733333
0.709804
0.698039
0.725490
0.772549
0.827451
0.858824
0.862745
0.850980
0.854902
0.866667
0.882353
0.886275
0.874510
0.870588
0.870588
0.870588
0.866667
0.862745
0.847059
0.839216
0.835294
0.752941
0.631373
0.541176
0.482353
0.427451
0.349020
0.325490
0.360784
0.321569
0.682353
0.737255
0.768627
0.780392
0.780392
0.784314
0.823529
0.862745
0.866667
0.854902
0.854902
0.866667
0.878431
0.878431
0.866667
0.866667
0.866667
0.866667
0.866667
0.862745
0.850980
0.823529
0.792157
0.682353
0.576471
0.529412
0.494118
0.423529
0.313725
0.278431
0.301961
0.298039
0.239216
0.235294
0.219608
0.219608
0.215686
0.211765
0.207843
0.203922
0.207843
0.207843
0.200000
0.200000
0.196078
0.196078
0.200000
0.200000
0.200000
0.203922
0.203922
0.200000
0.196078
0.203922
0.211765
0.207843
0.207843
0.207843
0.219608
0.243137
0.258824
0.262745
0.270588
0.258824
0.254902
0.239216
0.215686
0.203922
0.196078
0.192157
0.192157
0.192157
0.188235
0.184314
0.184314
0.180392
0.176471
0.172549
0.184314
0.188235
0.184314
0.180392
0.180392
0.180392
0.184314
0.184314
0.180392
0.184314
0.203922
0.223529
0.239216
0.243137
0.254902
0.286275
0.298039
0.309804
0.278431
0.250980
0.219608
0.203922
0.211765
0.219608
0.200000
0.180392
0.176471
0.176471
0.176471
0.172549
0.168627
0.168627
0.172549
0.176471
0.176471
0.172549
0.172549
0.176471
0.180392
0.172549
0.172549
0.219608
0.235294
0.215686
0.207843
0.211765
0.262745
0.341176
0.325490
0.301961
0.301961
0.278431
0.239216
0.211765
0.211765
0.243137
0.274510
0.223529
0.176471
0.176471
0.172549
0.172549
0.168627
0.164706
0.164706
0.168627
0.168627
0.168627
0.172549
0.176471
0.176471
0.176471
0.286275
0.305882
0.227451
0.211765
0.250980
0.305882
0.341176
0.341176
0.298039
0.254902
0.309804
0.337255
0.345098
0.298039
0.231373
0.219608
0.282353
0.301961
0.219608
0.172549
0.168627
0.164706
0.160784
0.156863
0.164706
0.172549
0.172549
0.168627
0.168627
0.180392
0.176471
0.250980
0.372549
0.274510
0.243137
0.298039
0.388235
0.447059
0.411765
0.333333
0.298039
0.239216
0.298039
0.392157
0.447059
0.392157
0.305882
0.243137
0.243137
0.333333
0.317647
0.188235
0.156863
0.164706
0.172549
0.176471
0.188235
0.188235
0.200000
0.203922
0.196078
0.184314
0.184314
0.317647
0.360784
0.294118
0.290196
0.364706
0.478431
0.498039
0.392157
0.313725
0.282353
0.227451
0.270588
0.388235
0.474510
0.403922
0.305882
0.243137
0.254902
0.345098
0.400000
0.290196
0.235294
0.247059
0.250980
0.254902
0.247059
0.258824
0.301961
0.329412
0.337255
0.333333
0.341176
0.447059
0.498039
0.435294
0.360784
0.372549
0.415686
0.392157
0.305882
0.254902
0.250980
0.266667
0.235294
0.309804
0.403922
0.360784
0.262745
0.231373
0.282353
0.372549
0.392157
0.345098
0.337255
0.341176
0.321569
0.290196
0.258824
0.262745
0.317647
0.384314
0.462745
0.533333
0.552941
0.564706
0.600000
0.552941
0.403922
0.329412
0.345098
0.329412
0.294118
0.301961
0.317647
0.301961
0.219608
0.243137
0.282353
0.270588
0.219608
0.215686
0.266667
0.313725
0.321569
0.368627
0.415686
0.427451
0.415686
0.376471
0.325490
0.294118
0.325490
0.396078
0.454902
0.556863
0.643137
0.619608
0.560784
0.584314
0.533333
0.400000
0.290196
0.250980
0.298039
0.380392
0.388235
0.360784
0.317647
0.274510
0.231373
0.215686
0.219608
0.254902
0.278431
0.274510
0.298039
0.368627
0.423529
0.458824
0.450980
0.423529
0.396078
0.337255
0.329412
0.372549
0.435294
0.513725
0.529412
0.521569
0.498039
0.533333
0.584314
0.490196
0.309804
0.231373
0.258824
0.345098
0.423529
0.431373
0.474510
0.352941
0.250980
0.231373
0.294118
0.341176
0.298039
0.266667
0.274510
0.290196
0.298039
0.360784
0.494118
0.505882
0.431373
0.325490
0.278431
0.329412
0.439216
0.396078
0.298039
0.313725
0.380392
0.470588
0.545098
0.494118
0.341176
0.254902
0.270588
0.341176
0.419608
0.478431
0.466667
0.337255
0.258824
0.254902
0.309804
0.329412
0.286275
0.258824
0.239216
0.207843
0.192157
0.215686
0.337255
0.439216
0.368627
0.239216
0.211765
0.298039
0.341176
0.250980
0.207843
0.211765
0.227451
0.360784
0.509804
0.494118
0.352941
0.301961
0.337255
0.431373
0.466667
0.466667
0.411765
0.337255
0.274510
0.235294
0.258824
0.286275
0.274510
0.235294
0.184314
0.152941
0.180392
0.215686
0.203922
0.254902
0.286275
0.274510
0.274510
0.286275
0.266667
0.227451
0.196078
0.215686
0.188235
0.282353
0.462745
0.490196
0.380392
0.298039
0.337255
0.447059
0.549020
0.517647
0.407843
0.364706
0.278431
0.239216
0.270588
0.286275
0.270588
0.231373
0.180392
0.156863
0.168627
0.215686
0.231373
0.223529
0.274510
0.333333
0.364706
0.411765
0.352941
0.294118
0.317647
0.282353
0.278431
0.384314
0.494118
0.474510
0.407843
0.341176
0.301961
0.407843
0.576471
0.619608
0.423529
0.396078
0.321569
0.262745
0.274510
0.262745
0.262745
0.254902
0.231373
0.203922
0.219608
0.258824
0.247059
0.266667
0.317647
0.266667
0.250980
0.313725
0.435294
0.486275
0.435294
0.400000
0.407843
0.505882
0.552941
0.517647
0.447059
0.403922
0.368627
0.400000
0.564706
0.658824
0.498039
0.549020
0.501961
0.372549
0.301961
0.278431
0.282353
0.278431
0.266667
0.211765
0.211765
0.219608
0.243137
0.341176
0.294118
0.176471
0.184314
0.203922
0.305882
0.576471
0.529412
0.352941
0.396078
0.529412
0.592157
0.592157
0.552941
0.470588
0.431373
0.431373
0.537255
0.666667
0.650980
0.701961
0.619608
0.513725
0.392157
0.356863
0.341176
0.309804
0.290196
0.211765
0.160784
0.180392
0.309804
0.388235
0.274510
0.176471
0.168627
0.184314
0.266667
0.545098
0.576471
0.321569
0.368627
0.498039
0.564706
0.643137
0.650980
0.537255
0.450980
0.490196
0.541176
0.643137
0.764706
0.721569
0.603922
0.517647
0.458824
0.419608
0.360784
0.301961
0.262745
0.219608
0.180392
0.200000
0.282353
0.329412
0.298039
0.247059
0.223529
0.219608
0.298039
0.486275
0.529412
0.380392
0.396078
0.509804
0.607843
0.686275
0.698039
0.596078
0.462745
0.509804
0.592157
0.615686
0.792157
0.725490
0.643137
0.666667
0.674510
0.615686
0.525490
0.443137
0.356863
0.294118
0.239216
0.215686
0.262745
0.270588
0.274510
0.266667
0.250980
0.258824
0.333333
0.450980
0.474510
0.498039
0.615686
0.705882
0.784314
0.819608
0.800000
0.717647
0.584314
0.525490
0.580392
0.607843
0.788235
0.733333
0.733333
0.772549
0.788235
0.776471
0.721569
0.643137
0.552941
0.478431
0.396078
0.305882
0.278431
0.286275
0.337255
0.368627
0.392157
0.450980
0.533333
0.615686
0.682353
0.760784
0.835294
0.843137
0.847059
0.858824
0.850980
0.815686
0.709804
0.576471
0.545098
0.576471
0.776471
0.752941
0.733333
0.737255
0.760784
0.780392
0.784314
0.768627
0.721569
0.682353
0.623529
0.541176
0.494118
0.462745
0.470588
0.501961
0.568627
0.647059
0.717647
0.800000
0.858824
0.862745
0.854902
0.850980
0.850980
0.854902
0.847059
0.835294
0.768627
0.643137
0.556863
0.541176
0.768627
0.756863
0.705882
0.705882
0.721569
0.721569
0.725490
0.733333
0.741176
0.749020
0.760784
0.749020
0.741176
0.709804
0.686275
0.682353
0.721569
0.784314
0.831373
0.854902
0.858824
0.847059
0.847059
0.854902
0.847059
0.827451
0.819608
0.827451
0.807843
0.725490
0.611765
0.525490
0.717647
0.745098
0.737255
0.745098
0.717647
0.694118
0.694118
0.686275
0.647059
0.647059
0.760784
0.811765
0.823529
0.815686
0.792157
0.737255
0.682353
0.701961
0.756863
0.803922
0.823529
0.823529
0.819608
0.807843
0.815686
0.815686
0.807843
0.807843
0.807843
0.776471
0.686275
0.556863
0.627451
0.745098
0.784314
0.764706
0.698039
0.674510
0.717647
0.756863
0.698039
0.682353
0.768627
0.819608
0.835294
0.835294
0.843137
0.823529
0.776471
0.749020
0.756863
0.768627
0.768627
0.764706
0.749020
0.725490
0.768627
0.811765
0.803922
0.792157
0.800000
0.796078
0.733333
0.580392
0.541176
0.729412
0.772549
0.713725
0.674510
0.698039
0.713725
0.674510
0.662745
0.682353
0.741176
0.803922
0.847059
0.854902
0.847059
0.835294
0.815686
0.811765
0.815686
0.811765
0.768627
0.701961
0.658824
0.705882
0.780392
0.776471
0.733333
0.721569
0.760784
0.788235
0.741176
0.603922
0.470588
0.682353
0.709804
0.666667
0.686275
0.705882
0.658824
0.623529
0.658824
0.674510
0.733333
0.807843
0.839216
0.850980
0.850980
0.839216
0.839216
0.831373
0.823529
0.823529
0.784314
0.717647
0.678431
0.741176
0.780392
0.756863
0.705882
0.650980
0.674510
0.749020
0.745098
0.611765
0.380392
0.552941
0.607843
0.647059
0.686275
0.690196
0.682353
0.701961
0.717647
0.725490
0.745098
0.800000
0.831373
0.847059
0.847059
0.839216
0.835294
0.831373
0.827451
0.807843
0.776471
0.729412
0.737255
0.780392
0.756863
0.713725
0.670588
0.639216
0.627451
0.678431
0.721569
0.596078
0.349020
0.454902
0.564706
0.682353
0.733333
0.776471
0.803922
0.803922
0.800000
0.800000
0.803922
0.807843
0.831373
0.858824
0.850980
0.839216
0.831373
0.831373
0.823529
0.800000
0.760784
0.733333
0.772549
0.800000
0.741176
0.650980
0.576471
0.549020
0.560784
0.603922
0.643137
0.556863
0.423529
0.494118
0.541176
0.619608
0.686275
0.745098
0.796078
0.827451
0.835294
0.831373
0.835294
0.835294
0.843137
0.854902
0.850980
0.835294
0.835294
0.835294
0.835294
0.827451
0.788235
0.776471
0.803922
0.764706
0.654902
0.541176
0.478431
0.447059
0.415686
0.458824
0.537255
0.458824
0.521569
0.529412
0.505882
0.533333
0.603922
0.666667
0.745098
0.807843
0.839216
0.850980
0.850980
0.847059
0.843137
0.839216
0.839216
0.843137
0.843137
0.839216
0.835294
0.831373
0.819608
0.819608
0.811765
0.721569
0.592157
0.478431
0.403922
0.376471
0.341176
0.345098
0.423529
0.352941
0.576471
0.615686
0.611765
0.611765
0.650980
0.709804
0.776471
0.823529
0.843137
0.850980
0.858824
0.854902
0.850980
0.843137
0.843137
0.843137
0.843137
0.843137
0.843137
0.839216
0.823529
0.815686
0.807843
0.721569
0.592157
0.498039
0.431373
0.372549
0.301961
0.294118
0.329412
0.290196
0.584314
0.647059
0.690196
0.717647
0.729412
0.745098
0.784314
0.827451
0.843137
0.854902
0.854902
0.854902
0.847059
0.835294
0.827451
0.827451
0.827451
0.827451
0.827451
0.823529
0.811765
0.803922
0.776471
0.666667
0.552941
0.498039
0.458824
0.380392
0.282353
0.254902
0.282353
0.274510
0.250980
0.247059
0.231373
0.231373
0.227451
0.223529
0.223529
0.223529
0.227451
0.227451
0.219608
0.219608
0.215686
0.215686
0.219608
0.219608
0.219608
0.223529
0.223529
0.219608
0.211765
0.211765
0.207843
0.207843
0.207843
0.207843
0.219608
0.243137
0.254902
0.254902
0.254902
0.235294
0.254902
0.239216
0.215686
0.203922
0.196078
0.192157
0.200000
0.203922
0.200000
0.200000
0.200000
0.196078
0.188235
0.188235
0.196078
0.200000
0.200000
0.196078
0.196078
0.196078
0.200000
0.184314
0.172549
0.176471
0.196078
0.215686
0.227451
0.231373
0.231373
0.247059
0.250980
0.258824
0.270588
0.243137
0.211765
0.196078
0.200000
0.211765
0.200000
0.192157
0.188235
0.184314
0.184314
0.184314
0.180392
0.176471
0.180392
0.188235
0.184314
0.180392
0.184314
0.188235
0.192157
0.164706
0.152941
0.200000
0.219608
0.200000
0.188235
0.196078
0.235294
0.298039
0.278431
0.254902
0.290196
0.258824
0.219608
0.196078
0.192157
0.231373
0.266667
0.219608
0.180392
0.184314
0.184314
0.180392
0.176471
0.172549
0.172549
0.176471
0.176471
0.176471
0.180392
0.188235
0.188235
0.164706
0.262745
0.282353
0.203922
0.188235
0.227451
0.278431
0.313725
0.317647
0.270588
0.227451
0.309804
0.325490
0.317647
0.274510
0.223529
0.219608
0.262745
0.266667
0.196078
0.180392
0.196078
0.200000
0.188235
0.176471
0.180392
0.188235
0.192157
0.192157
0.188235
0.203922
0.196078
0.231373
0.333333
0.247059
0.215686
0.266667
0.345098
0.400000
0.368627
0.305882
0.278431
0.223529
0.305882
0.380392
0.419608
0.368627
0.298039
0.250980
0.223529
0.282353
0.282353
0.180392
0.172549
0.188235
0.192157
0.192157
0.192157
0.192157
0.196078
0.196078
0.184314
0.168627
0.164706
0.266667
0.294118
0.243137
0.254902
0.325490
0.435294
0.443137
0.349020
0.294118
0.270588
0.215686
0.278431
0.372549
0.447059
0.380392
0.298039
0.250980
0.239216
0.294118
0.352941
0.250980
0.207843
0.227451
0.243137
0.247059
0.239216
0.239216
0.270588
0.278431
0.270588
0.250980
0.247059
0.337255
0.392157
0.356863
0.301961
0.329412
0.376471
0.352941
0.274510
0.235294
0.235294
0.250980
0.247059
0.298039
0.376471
0.333333
0.254902
0.239216
0.266667
0.317647
0.325490
0.274510
0.270588
0.286275
0.286275
0.270588
0.254902
0.250980
0.278431
0.313725
0.360784
0.403922
0.403922
0.403922
0.447059
0.439216
0.325490
0.278431
0.309804
0.298039
0.262745
0.266667
0.278431
0.262745
0.219608
0.227451
0.250980
0.247059
0.207843
0.219608
0.247059
0.258824
0.247059
0.278431
0.325490
0.349020
0.349020
0.337255
0.321569
0.286275
0.286275
0.325490
0.345098
0.415686
0.482353
0.439216
0.388235
0.439216
0.423529
0.329412
0.250980
0.231373
0.266667
0.317647
0.317647
0.290196
0.270588
0.231373
0.196078
0.188235
0.196078
0.239216
0.247059
0.227451
0.247059
0.313725
0.356863
0.376471
0.352941
0.333333
0.341176
0.290196
0.270588
0.298039
0.345098
0.411765
0.423529
0.411765
0.368627
0.372549
0.407843
0.349020
0.243137
0.227451
0.243137
0.270588
0.329412
0.329412
0.423529
0.313725
0.227451
0.215686
0.274510
0.321569
0.270588
0.239216
0.250980
0.270588
0.266667
0.313725
0.423529
0.427451
0.368627
0.266667
0.223529
0.278431
0.392157
0.349020
0.254902
0.278431
0.313725
0.345098
0.384314
0.349020
0.258824
0.243137
0.250980
0.270588
0.325490
0.372549
0.423529
0.301961
0.239216
0.243137
0.301961
0.317647
0.270588
0.247059
0.235294
0.215686
0.200000
0.211765
0.317647
0.403922
0.325490
0.196078
0.180392
0.274510
0.329412
0.243137
0.207843
0.227451
0.207843
0.282353
0.384314
0.364706
0.266667
0.266667
0.309804
0.372549
0.380392
0.360784
0.360784
0.298039
0.247059
0.219608
0.243137
0.270588
0.250980
0.215686
0.180392
0.168627
0.203922
0.235294
0.215686
0.250980
0.266667
0.250980
0.250980
0.270588
0.250980
0.215686
0.188235
0.227451
0.176471
0.211765
0.341176
0.364706
0.290196
0.254902
0.309804
0.396078
0.474510
0.415686
0.360784
0.321569
0.250980
0.219608
0.247059
0.262745
0.239216
0.196078
0.160784
0.160784
0.184314
0.235294
0.247059
0.223529
0.270588
0.321569
0.349020
0.388235
0.317647
0.250980
0.274510
0.254902
0.235294
0.290196
0.360784
0.337255
0.309804
0.286275
0.266667
0.368627
0.509804
0.521569
0.403922
0.380392
0.309804
0.247059
0.258824
0.247059
0.235294
0.223529
0.207843
0.200000
0.227451
0.262745
0.239216
0.254902
0.305882
0.258824
0.243137
0.298039
0.403922
0.435294
0.372549
0.333333
0.317647
0.376471
0.400000
0.368627
0.333333
0.333333
0.321569
0.352941
0.505882
0.580392
0.454902
0.505882
0.458824
0.329412
0.262745
0.235294
0.243137
0.243137
0.243137
0.203922
0.215686
0.219608
0.231373
0.325490
0.278431
0.164706
0.172549
0.188235
0.274510
0.525490
0.462745
0.270588
0.290196
0.396078
0.439216
0.447059
0.439216
0.388235
0.360784
0.352941
0.458824
0.588235
0.584314
0.635294
0.552941
0.447059
0.325490
0.290196
0.282353
0.270588
0.266667
0.203922
0.160784
0.180392
0.298039
0.372549
0.262745
0.164706
0.156863
0.168627
0.235294
0.494118
0.509804
0.239216
0.270588
0.384314
0.443137
0.529412
0.556863
0.462745
0.368627
0.392157
0.439216
0.549020
0.701961
0.658824
0.541176
0.454902
0.396078
0.356863
0.305882
0.266667
0.239216
0.211765
0.180392
0.200000
0.270588
0.313725
0.282353
0.239216
0.215686
0.207843
0.270588
0.435294
0.466667
0.317647
0.329412
0.439216
0.537255
0.623529
0.647059
0.556863
0.400000
0.415686
0.498039
0.529412
0.745098
0.678431
0.600000
0.619608
0.631373
0.572549
0.482353
0.400000
0.325490
0.278431
0.235294
0.211765
0.250980
0.258824
0.254902
0.243137
0.227451
0.231373
0.294118
0.396078
0.415686
0.450980
0.584314
0.682353
0.768627
0.800000
0.784314
0.698039
0.533333
0.447059
0.494118
0.517647
0.741176
0.694118
0.694118
0.745098
0.768627
0.756863
0.686275
0.592157
0.505882
0.439216
0.368627
0.282353
0.258824
0.262745
0.286275
0.301961
0.317647
0.380392
0.466667
0.560784
0.643137
0.737255
0.831373
0.858824
0.874510
0.870588
0.835294
0.768627
0.639216
0.490196
0.447059
0.466667
0.729412
0.709804
0.694118
0.701961
0.733333
0.756863
0.756863
0.733333
0.686275
0.643137
0.580392
0.494118
0.447059
0.411765
0.407843
0.431373
0.498039
0.584314
0.674510
0.784314
0.862745
0.874510
0.870588
0.874510
0.882353
0.874510
0.847059
0.815686
0.721569
0.572549
0.466667
0.443137
0.725490
0.713725
0.662745
0.658824
0.674510
0.678431
0.686275
0.694118
0.698039
0.701961
0.701961
0.686275
0.674510
0.643137
0.635294
0.635294
0.670588
0.741176
0.807843
0.854902
0.878431
0.858824
0.854902
0.858824
0.850980
0.835294
0.827451
0.835294
0.792157
0.678431
0.549020
0.447059
0.678431
0.701961
0.694118
0.690196
0.658824
0.631373
0.615686
0.600000
0.564706
0.572549
0.698039
0.760784
0.784314
0.780392
0.768627
0.705882
0.639216
0.654902
0.713725
0.776471
0.807843
0.800000
0.784314
0.760784
0.760784
0.772549
0.788235
0.811765
0.807843
0.749020
0.639216
0.494118
0.584314
0.690196
0.725490
0.694118
0.627451
0.596078
0.615686
0.635294
0.580392
0.588235
0.701961
0.780392
0.815686
0.831373
0.835294
0.803922
0.741176
0.698039
0.698039
0.709804
0.713725
0.701961
0.674510
0.635294
0.674510
0.729412
0.752941
0.772549
0.792157
0.780392
0.701961
0.533333
0.482353
0.654902
0.678431
0.611765
0.584314
0.623529
0.623529
0.564706
0.549020
0.576471
0.650980
0.741176
0.811765
0.835294
0.831373
0.815686
0.796078
0.784314
0.784314
0.776471
0.725490
0.611765
0.552941
0.607843
0.690196
0.705882
0.678431
0.682353
0.733333
0.760784
0.713725
0.568627
0.419608
0.603922
0.611765
0.564706
0.592157
0.627451
0.568627
0.513725
0.541176
0.560784
0.627451
0.725490
0.784314
0.811765
0.823529
0.815686
0.811765
0.803922
0.788235
0.780392
0.737255
0.631373
0.572549
0.647059
0.698039
0.690196
0.647059
0.600000
0.631373
0.701961
0.698039
0.568627
0.337255
0.486275
0.517647
0.549020
0.596078
0.615686
0.596078
0.600000
0.611765
0.611765
0.639216
0.709804
0.764706
0.796078
0.811765
0.803922
0.796078
0.788235
0.776471
0.752941
0.713725
0.647059
0.643137
0.690196
0.678431
0.639216
0.603922
0.580392
0.564706
0.615686
0.662745
0.549020
0.317647
0.396078
0.478431
0.584314
0.647059
0.698039
0.733333
0.733333
0.721569
0.709804
0.717647
0.733333
0.776471
0.811765
0.803922
0.792157
0.780392
0.776471
0.764706
0.737255
0.694118
0.654902
0.694118
0.721569
0.662745
0.572549
0.501961
0.474510
0.494118
0.537255
0.584314
0.509804
0.376471
0.427451
0.454902
0.521569
0.596078
0.662745
0.733333
0.776471
0.784314
0.772549
0.784314
0.792157
0.807843
0.823529
0.815686
0.796078
0.788235
0.780392
0.772549
0.760784
0.717647
0.705882
0.741176
0.698039
0.584314
0.470588
0.403922
0.372549
0.345098
0.396078
0.478431
0.411765
0.415686
0.423529
0.403922
0.431373
0.501961
0.572549
0.658824
0.741176
0.788235
0.815686
0.831373
0.831373
0.823529
0.823529
0.831373
0.831373
0.819608
0.807843
0.792157
0.776471
0.760784
0.772549
0.768627
0.678431
0.545098
0.427451
0.341176
0.313725
0.274510
0.278431
0.360784
0.298039
0.450980
0.490196
0.490196
0.494118
0.537255
0.596078
0.682353
0.760784
0.800000
0.823529
0.839216
0.835294
0.823529
0.815686
0.819608
0.819608
0.811765
0.807843
0.800000
0.792157
0.776471
0.772549
0.764706
0.678431
0.545098
0.439216
0.368627
0.305882
0.243137
0.239216
0.278431
0.247059
0.462745
0.525490
0.576471
0.607843
0.619608
0.639216
0.705882
0.780392
0.815686
0.835294
0.835294
0.831373
0.807843
0.784314
0.780392
0.780392
0.784314
0.784314
0.788235
0.784314
0.772549
0.760784
0.729412
0.615686
0.498039
0.435294
0.392157
0.313725
0.223529
0.219608
0.250980
0.254902
