0.250980
0.184314
0.062745
0.074510
0.149020
0.156863
0.113725
0.086275
0.078431
0.184314
0.109804
0.039216
0.039216
0.129412
0.207843
0.137255
0.101961
0.082353
0.098039
0.098039
0.192157
0.290196
0.082353
0.058824
0.086275
0.086275
0.105882
0.074510
0.078431
0.082353
0.070588
0.105882
0.235294
0.160784
0.070588
0.074510
0.137255
0.113725
0.090196
0.066667
0.062745
0.168627
0.109804
0.066667
0.070588
0.160784
0.231373
0.301961
0.207843
0.098039
0.074510
0.074510
0.207843
0.247059
0.098039
0.082353
0.082353
0.078431
0.078431
0.062745
0.066667
0.062745
0.050980
0.105882
0.200000
0.145098
0.086275
0.094118
0.149020
0.098039
0.070588
0.066667
0.074510
0.137255
0.090196
0.086275
0.098039
0.184314
0.274510
0.454902
0.364706
0.098039
0.141176
0.188235
0.184314
0.137255
0.086275
0.078431
0.070588
0.070588
0.078431
0.066667
0.050980
0.047059
0.039216
0.094118
0.235294
0.200000
0.152941
0.156863
0.141176
0.105882
0.098039
0.109804
0.203922
0.286275
0.125490
0.086275
0.105882
0.168627
0.231373
0.427451
0.435294
0.207843
0.235294
0.200000
0.121569
0.086275
0.058824
0.062745
0.031373
0.047059
0.062745
0.047059
0.035294
0.035294
0.027451
0.078431
0.462745
0.439216
0.431373
0.423529
0.364706
0.329412
0.360784
0.352941
0.396078
0.443137
0.333333
0.290196
0.298039
0.301961
0.329412
0.513725
0.592157
0.396078
0.345098
0.321569
0.274510
0.235294
0.200000
0.188235
0.164706
0.188235
0.188235
0.152941
0.125490
0.094118
0.086275
0.133333
0.584314
0.568627
0.568627
0.552941
0.556863
0.545098
0.541176
0.505882
0.482353
0.486275
0.501961
0.486275
0.505882
0.505882
0.580392
0.737255
0.674510
0.450980
0.529412
0.556863
0.549020
0.537255
0.517647
0.490196
0.482353
0.478431
0.474510
0.454902
0.439216
0.396078
0.392157
0.407843
0.592157
0.592157
0.596078
0.607843
0.596078
0.607843
0.600000
0.592157
0.607843
0.603922
0.596078
0.584314
0.592157
0.596078
0.647059
0.662745
0.670588
0.572549
0.611765
0.631373
0.611765
0.600000
0.576471
0.572549
0.568627
0.529412
0.517647
0.525490
0.525490
0.529412
0.541176
0.556863
0.580392
0.576471
0.584314
0.584314
0.588235
0.623529
0.631373
0.631373
0.631373
0.627451
0.600000
0.603922
0.631373
0.690196
0.596078
0.384314
0.619608
0.654902
0.607843
0.603922
0.486275
0.474510
0.462745
0.509804
0.635294
0.619608
0.592157
0.596078
0.607843
0.600000
0.600000
0.584314
0.592157
0.588235
0.588235
0.568627
0.588235
0.615686
0.619608
0.619608
0.623529
0.611765
0.592157
0.592157
0.631373
0.639216
0.513725
0.407843
0.607843
0.647059
0.545098
0.537255
0.478431
0.505882
0.513725
0.505882
0.611765
0.686275
0.658824
0.654902
0.662745
0.666667
0.639216
0.643137
0.560784
0.549020
0.549020
0.552941
0.564706
0.576471
0.556863
0.584314
0.611765
0.572549
0.529412
0.576471
0.541176
0.447059
0.541176
0.478431
0.517647
0.537255
0.482353
0.501961
0.576471
0.596078
0.592157
0.556863
0.501961
0.603922
0.654902
0.623529
0.611765
0.584314
0.596078
0.603922
0.517647
0.505882
0.541176
0.564706
0.568627
0.552941
0.529412
0.529412
0.552941
0.509804
0.482353
0.545098
0.525490
0.447059
0.549020
0.549020
0.494118
0.490196
0.501961
0.486275
0.568627
0.639216
0.596078
0.564706
0.521569
0.572549
0.627451
0.603922
0.576471
0.549020
0.603922
0.611765
0.537255
0.517647
0.564706
0.600000
0.611765
0.572549
0.505882
0.501961
0.525490
0.513725
0.525490
0.552941
0.556863
0.545098
0.556863
0.611765
0.576471
0.498039
0.568627
0.596078
0.603922
0.654902
0.600000
0.603922
0.588235
0.568627
0.580392
0.592157
0.576471
0.552941
0.627451
0.635294
0.592157
0.568627
0.584314
0.615686
0.631373
0.607843
0.533333
0.498039
0.545098
0.552941
0.549020
0.517647
0.545098
0.568627
0.572549
0.603922
0.564706
0.443137
0.584314
0.690196
0.654902
0.666667
0.615686
0.627451
0.627451
0.639216
0.600000
0.619608
0.619608
0.611765
0.615686
0.623529
0.596078
0.568627
0.584314
0.607843
0.619608
0.592157
0.505882
0.501961
0.537255
0.568627
0.549020
0.458824
0.474510
0.478431
0.466667
0.474510
0.505882
0.443137
0.470588
0.576471
0.619608
0.607843
0.576471
0.643137
0.756863
0.698039
0.588235
0.623529
0.603922
0.572549
0.568627
0.576471
0.600000
0.588235
0.596078
0.611765
0.611765
0.619608
0.568627
0.572549
0.580392
0.564706
0.529412
0.521569
0.486275
0.450980
0.462745
0.450980
0.478431
0.470588
0.337255
0.380392
0.494118
0.603922
0.572549
0.686275
0.862745
0.713725
0.498039
0.549020
0.556863
0.572549
0.596078
0.572549
0.611765
0.564706
0.549020
0.603922
0.607843
0.647059
0.611765
0.580392
0.635294
0.572549
0.552941
0.639216
0.611765
0.580392
0.619608
0.592157
0.552941
0.525490
0.356863
0.419608
0.329412
0.552941
0.607843
0.682353
0.835294
0.756863
0.529412
0.505882
0.541176
0.580392
0.580392
0.584314
0.611765
0.600000
0.603922
0.631373
0.619608
0.643137
0.631373
0.568627
0.576471
0.635294
0.600000
0.568627
0.631373
0.627451
0.603922
0.615686
0.627451
0.600000
0.403922
0.474510
0.313725
0.454902
0.564706
0.654902
0.819608
0.792157
0.603922
0.525490
0.607843
0.603922
0.592157
0.611765
0.580392
0.588235
0.615686
0.643137
0.592157
0.600000
0.611765
0.592157
0.584314
0.623529
0.537255
0.505882
0.525490
0.478431
0.568627
0.603922
0.584314
0.619608
0.435294
0.494118
0.364706
0.415686
0.541176
0.650980
0.815686
0.729412
0.588235
0.588235
0.619608
0.568627
0.588235
0.607843
0.568627
0.592157
0.576471
0.658824
0.600000
0.603922
0.592157
0.623529
0.592157
0.521569
0.568627
0.592157
0.615686
0.454902
0.419608
0.388235
0.305882
0.376471
0.403922
0.431373
0.301961
0.415686
0.584314
0.615686
0.752941
0.647059
0.545098
0.592157
0.615686
0.596078
0.580392
0.568627
0.576471
0.607843
0.615686
0.678431
0.576471
0.572549
0.592157
0.643137
0.576471
0.552941
0.600000
0.619608
0.686275
0.639216
0.423529
0.313725
0.352941
0.360784
0.325490
0.423529
0.258824
0.356863
0.521569
0.552941
0.705882
0.627451
0.572549
0.600000
0.635294
0.623529
0.564706
0.568627
0.545098
0.596078
0.647059
0.658824
0.611765
0.596078
0.607843
0.635294
0.545098
0.541176
0.600000
0.658824
0.666667
0.635294
0.486275
0.360784
0.337255
0.317647
0.250980
0.466667
0.341176
0.243137
0.478431
0.517647
0.662745
0.635294
0.643137
0.596078
0.674510
0.639216
0.592157
0.607843
0.556863
0.592157
0.584314
0.639216
0.627451
0.619608
0.643137
0.619608
0.533333
0.533333
0.607843
0.721569
0.682353
0.662745
0.556863
0.427451
0.282353
0.207843
0.262745
0.494118
0.529412
0.376471
0.470588
0.466667
0.654902
0.635294
0.603922
0.572549
0.643137
0.611765
0.584314
0.584314
0.615686
0.596078
0.576471
0.576471
0.564706
0.564706
0.588235
0.521569
0.447059
0.490196
0.549020
0.600000
0.760784
0.752941
0.600000
0.549020
0.478431
0.400000
0.439216
0.447059
0.580392
0.521569
0.423529
0.486275
0.647059
0.564706
0.600000
0.568627
0.611765
0.568627
0.584314
0.611765
0.576471
0.541176
0.545098
0.533333
0.545098
0.568627
0.580392
0.403922
0.329412
0.462745
0.545098
0.537255
0.717647
0.717647
0.627451
0.650980
0.631373
0.525490
0.529412
0.407843
0.556863
0.600000
0.541176
0.615686
0.631373
0.564706
0.662745
0.658824
0.588235
0.462745
0.352941
0.360784
0.588235
0.529412
0.631373
0.564706
0.509804
0.572549
0.537255
0.345098
0.380392
0.486275
0.541176
0.596078
0.603922
0.580392
0.603922
0.603922
0.596078
0.619608
0.596078
0.372549
0.549020
0.564706
0.603922
0.611765
0.572549
0.568627
0.654902
0.572549
0.376471
0.266667
0.298039
0.388235
0.549020
0.486275
0.584314
0.533333
0.521569
0.619608
0.505882
0.356863
0.470588
0.474510
0.501961
0.639216
0.556863
0.521569
0.533333
0.533333
0.537255
0.690196
0.615686
0.384314
0.505882
0.576471
0.572549
0.588235
0.498039
0.525490
0.466667
0.384314
0.392157
0.513725
0.611765
0.619608
0.321569
0.278431
0.266667
0.313725
0.454902
0.568627
0.419608
0.380392
0.486275
0.419608
0.423529
0.588235
0.619608
0.545098
0.486275
0.466667
0.580392
0.698039
0.611765
0.356863
0.388235
0.498039
0.529412
0.564706
0.466667
0.443137
0.352941
0.419608
0.525490
0.533333
0.576471
0.611765
0.486275
0.470588
0.470588
0.478431
0.462745
0.419608
0.321569
0.329412
0.400000
0.325490
0.360784
0.560784
0.600000
0.423529
0.298039
0.239216
0.266667
0.400000
0.427451
0.254902
0.313725
0.376471
0.419608
0.560784
0.439216
0.392157
0.450980
0.494118
0.498039
0.486275
0.541176
0.607843
0.611765
0.631373
0.639216
0.607843
0.560784
0.466667
0.403922
0.384314
0.372549
0.325490
0.341176
0.568627
0.556863
0.243137
0.184314
0.145098
0.094118
0.164706
0.270588
0.294118
0.270588
0.290196
0.380392
0.545098
0.435294
0.380392
0.482353
0.486275
0.458824
0.513725
0.545098
0.537255
0.600000
0.643137
0.654902
0.568627
0.529412
0.521569
0.501961
0.466667
0.419608
0.360784
0.396078
0.454902
0.529412
0.376471
0.360784
0.337255
0.286275
0.282353
0.321569
0.345098
0.282353
0.345098
0.384314
0.352941
0.400000
0.427451
0.454902
0.427451
0.439216
0.494118
0.529412
0.505882
0.611765
0.584314
0.592157
0.545098
0.501961
0.501961
0.513725
0.498039
0.466667
0.498039
0.470588
0.450980
0.454902
0.443137
0.423529
0.411765
0.360784
0.333333
0.439216
0.368627
0.321569
0.407843
0.411765
0.443137
0.478431
0.545098
0.537255
0.482353
0.486275
0.513725
0.552941
0.568627
0.600000
0.576471
0.545098
0.521569
0.501961
0.505882
0.537255
0.521569
0.505882
0.592157
0.580392
0.545098
0.498039
0.474510
0.490196
0.509804
0.505882
0.478431
0.494118
0.431373
0.450980
0.462745
0.517647
0.623529
0.627451
0.631373
0.552941
0.576471
0.615686
0.545098
0.556863
0.556863
0.192157
0.133333
0.011765
0.003922
0.074510
0.098039
0.062745
0.047059
0.035294
0.121569
0.050980
0.007843
0.000000
0.050980
0.105882
0.047059
0.031373
0.043137
0.070588
0.039216
0.109804
0.207843
0.019608
0.015686
0.058824
0.047059
0.039216
0.015686
0.039216
0.043137
0.027451
0.047059
0.172549
0.109804
0.023529
0.015686
0.078431
0.070588
0.054902
0.047059
0.039216
0.109804
0.043137
0.019608
0.023529
0.078431
0.121569
0.180392
0.117647
0.047059
0.043137
0.023529
0.125490
0.160784
0.031373
0.039216
0.054902
0.035294
0.011765
0.007843
0.023529
0.023529
0.011765
0.047059
0.105882
0.066667
0.019608
0.015686
0.070588
0.035294
0.023529
0.019608
0.015686
0.047059
0.007843
0.027451
0.039216
0.105882
0.152941
0.290196
0.223529
0.015686
0.082353
0.117647
0.094118
0.050980
0.019608
0.035294
0.043137
0.027451
0.007843
0.003922
0.003922
0.003922
0.000000
0.035294
0.105882
0.090196
0.054902
0.054902
0.031373
0.015686
0.027451
0.023529
0.078431
0.149020
0.039216
0.039216
0.043137
0.094118
0.094118
0.223529
0.239216
0.066667
0.133333
0.094118
0.015686
0.000000
0.000000
0.019608
0.003922
0.003922
0.000000
0.000000
0.000000
0.000000
0.000000
0.019608
0.337255
0.317647
0.325490
0.325490
0.266667
0.239216
0.286275
0.243137
0.231373
0.301961
0.243137
0.239216
0.235294
0.231373
0.200000
0.294118
0.352941
0.215686
0.215686
0.196078
0.160784
0.145098
0.129412
0.137255
0.125490
0.133333
0.113725
0.078431
0.070588
0.050980
0.043137
0.066667
0.486275
0.478431
0.478431
0.482353
0.494118
0.482353
0.482353
0.415686
0.349020
0.368627
0.403922
0.403922
0.447059
0.447059
0.450980
0.509804
0.396078
0.239216
0.396078
0.439216
0.439216
0.443137
0.435294
0.419608
0.419608
0.407843
0.396078
0.368627
0.360784
0.345098
0.333333
0.333333
0.513725
0.513725
0.517647
0.533333
0.521569
0.537255
0.525490
0.501961
0.498039
0.505882
0.509804
0.505882
0.517647
0.505882
0.486275
0.415686
0.380392
0.341176
0.466667
0.521569
0.501961
0.494118
0.486275
0.498039
0.498039
0.458824
0.447059
0.450980
0.450980
0.462745
0.478431
0.498039
0.513725
0.509804
0.521569
0.501961
0.494118
0.533333
0.541176
0.537255
0.533333
0.541176
0.525490
0.533333
0.537255
0.556863
0.403922
0.145098
0.345098
0.411765
0.431373
0.478431
0.341176
0.317647
0.325490
0.388235
0.533333
0.541176
0.529412
0.549020
0.552941
0.521569
0.537255
0.549020
0.529412
0.529412
0.525490
0.494118
0.501961
0.529412
0.533333
0.529412
0.533333
0.533333
0.525490
0.529412
0.533333
0.486275
0.321569
0.203922
0.384314
0.407843
0.329412
0.360784
0.274510
0.274510
0.301961
0.305882
0.454902
0.588235
0.596078
0.615686
0.627451
0.600000
0.584314
0.603922
0.498039
0.490196
0.490196
0.490196
0.498039
0.509804
0.490196
0.509804
0.529412
0.498039
0.470588
0.521569
0.450980
0.294118
0.368627
0.333333
0.352941
0.317647
0.223529
0.258824
0.309804
0.309804
0.321569
0.294118
0.298039
0.490196
0.588235
0.588235
0.588235
0.552941
0.552941
0.549020
0.470588
0.462745
0.498039
0.498039
0.486275
0.474510
0.486275
0.482353
0.494118
0.490196
0.443137
0.466667
0.454902
0.345098
0.439216
0.450980
0.349020
0.290196
0.262745
0.239216
0.290196
0.341176
0.309804
0.286275
0.274510
0.392157
0.513725
0.552941
0.568627
0.549020
0.576471
0.552941
0.490196
0.474510
0.517647
0.521569
0.505882
0.478431
0.466667
0.470588
0.474510
0.494118
0.478431
0.466667
0.482353
0.470588
0.478431
0.521569
0.403922
0.286275
0.329412
0.329412
0.317647
0.360784
0.313725
0.325490
0.309804
0.313725
0.403922
0.513725
0.549020
0.513725
0.560784
0.533333
0.521569
0.498039
0.513725
0.533333
0.525490
0.509804
0.478431
0.458824
0.462745
0.439216
0.466667
0.482353
0.474510
0.494118
0.505882
0.533333
0.427451
0.247059
0.337255
0.396078
0.356863
0.376471
0.325490
0.337255
0.329412
0.352941
0.388235
0.505882
0.549020
0.501961
0.482353
0.462745
0.517647
0.490196
0.501961
0.525490
0.521569
0.482353
0.427451
0.443137
0.419608
0.392157
0.427451
0.439216
0.450980
0.454902
0.466667
0.478431
0.470588
0.352941
0.305882
0.356863
0.372549
0.341176
0.298039
0.356863
0.447059
0.396078
0.352941
0.482353
0.517647
0.478431
0.462745
0.458824
0.537255
0.525490
0.533333
0.541176
0.513725
0.498039
0.470588
0.478431
0.443137
0.407843
0.384314
0.411765
0.415686
0.400000
0.439216
0.454902
0.482353
0.435294
0.239216
0.243137
0.309804
0.384314
0.333333
0.419608
0.572549
0.415686
0.266667
0.407843
0.478431
0.501961
0.521569
0.501961
0.564706
0.517647
0.501961
0.541176
0.509804
0.529412
0.505882
0.462745
0.501961
0.466667
0.403922
0.431373
0.435294
0.435294
0.501961
0.505882
0.498039
0.454902
0.243137
0.278431
0.172549
0.376471
0.400000
0.447059
0.568627
0.478431
0.309804
0.388235
0.470588
0.478431
0.482353
0.494118
0.552941
0.541176
0.545098
0.533333
0.509804
0.552941
0.537255
0.486275
0.513725
0.541176
0.458824
0.396078
0.450980
0.494118
0.501961
0.509804
0.533333
0.513725
0.286275
0.305882
0.152941
0.294118
0.368627
0.439216
0.588235
0.513725
0.364706
0.435294
0.560784
0.509804
0.509804
0.521569
0.552941
0.537255
0.541176
0.521569
0.478431
0.521569
0.521569
0.525490
0.533333
0.486275
0.349020
0.301961
0.309804
0.321569
0.450980
0.486275
0.466667
0.509804
0.305882
0.301961
0.196078
0.258824
0.345098
0.447059
0.596078
0.439216
0.333333
0.498039
0.564706
0.494118
0.533333
0.537255
0.537255
0.505882
0.443137
0.513725
0.486275
0.525490
0.505882
0.541176
0.494118
0.325490
0.298039
0.294118
0.313725
0.207843
0.227451
0.231373
0.152941
0.231373
0.235294
0.215686
0.125490
0.258824
0.388235
0.419608
0.537255
0.364706
0.309804
0.498039
0.537255
0.537255
0.545098
0.517647
0.470588
0.450980
0.411765
0.501961
0.466667
0.494118
0.505882
0.541176
0.427451
0.301961
0.290196
0.294118
0.356863
0.337255
0.176471
0.121569
0.188235
0.207843
0.152941
0.211765
0.094118
0.211765
0.337255
0.368627
0.505882
0.376471
0.388235
0.533333
0.556863
0.580392
0.552941
0.537255
0.439216
0.466667
0.490196
0.505882
0.494118
0.513725
0.525490
0.513725
0.352941
0.266667
0.290196
0.360784
0.364706
0.325490
0.211765
0.141176
0.180392
0.188235
0.105882
0.282353
0.200000
0.105882
0.294118
0.337255
0.486275
0.435294
0.521569
0.576471
0.611765
0.615686
0.596078
0.596078
0.490196
0.525490
0.525490
0.545098
0.537255
0.556863
0.560784
0.474510
0.305882
0.258824
0.329412
0.462745
0.419608
0.380392
0.278431
0.184314
0.098039
0.043137
0.105882
0.329412
0.411765
0.258824
0.305882
0.294118
0.490196
0.474510
0.533333
0.568627
0.588235
0.596078
0.580392
0.556863
0.552941
0.517647
0.541176
0.533333
0.537255
0.545098
0.513725
0.352941
0.203922
0.227451
0.282353
0.345098
0.498039
0.478431
0.317647
0.266667
0.203922
0.129412
0.211765
0.290196
0.490196
0.435294
0.301961
0.341176
0.474510
0.415686
0.529412
0.513725
0.537255
0.525490
0.529412
0.529412
0.517647
0.470588
0.505882
0.513725
0.541176
0.556863
0.513725
0.258824
0.125490
0.239216
0.286275
0.270588
0.462745
0.447059
0.337255
0.345098
0.345098
0.258824
0.301961
0.258824
0.462745
0.498039
0.411765
0.454902
0.435294
0.372549
0.525490
0.537255
0.466667
0.372549
0.258824
0.266667
0.474510
0.407843
0.517647
0.517647
0.498039
0.529412
0.454902
0.227451
0.247059
0.337255
0.333333
0.352941
0.427451
0.400000
0.396078
0.380392
0.352941
0.380392
0.396078
0.243137
0.450980
0.450980
0.462745
0.439216
0.364706
0.352941
0.462745
0.403922
0.235294
0.164706
0.207843
0.301961
0.400000
0.337255
0.419608
0.443137
0.470588
0.521569
0.384314
0.235294
0.372549
0.392157
0.356863
0.443137
0.435294
0.415686
0.423529
0.411765
0.337255
0.470588
0.439216
0.274510
0.411765
0.466667
0.443137
0.419608
0.313725
0.345098
0.282353
0.239216
0.294118
0.454902
0.545098
0.533333
0.254902
0.223529
0.176471
0.223529
0.349020
0.411765
0.250980
0.227451
0.380392
0.364706
0.329412
0.415686
0.435294
0.384314
0.364706
0.352941
0.392157
0.490196
0.454902
0.258824
0.313725
0.407843
0.419608
0.419608
0.325490
0.325490
0.219608
0.333333
0.505882
0.533333
0.541176
0.517647
0.478431
0.466667
0.439216
0.427451
0.380392
0.313725
0.223529
0.231373
0.313725
0.286275
0.262745
0.356863
0.368627
0.243137
0.172549
0.145098
0.149020
0.247059
0.274510
0.168627
0.247059
0.309804
0.349020
0.447059
0.345098
0.333333
0.356863
0.435294
0.498039
0.462745
0.486275
0.505882
0.545098
0.560784
0.560784
0.556863
0.533333
0.439216
0.400000
0.364706
0.341176
0.309804
0.247059
0.364706
0.364706
0.105882
0.086275
0.070588
0.058824
0.086275
0.156863
0.247059
0.290196
0.282353
0.286275
0.360784
0.309804
0.368627
0.435294
0.458824
0.466667
0.474510
0.498039
0.482353
0.482353
0.529412
0.545098
0.501961
0.501961
0.501961
0.486275
0.450980
0.411765
0.360784
0.349020
0.341176
0.400000
0.266667
0.243137
0.211765
0.223529
0.207843
0.227451
0.305882
0.262745
0.239216
0.192157
0.176471
0.301961
0.372549
0.411765
0.411765
0.439216
0.470588
0.505882
0.490196
0.525490
0.517647
0.537255
0.490196
0.470588
0.498039
0.486275
0.462745
0.450980
0.466667
0.431373
0.407843
0.388235
0.376471
0.317647
0.254902
0.219608
0.196078
0.305882
0.274510
0.203922
0.200000
0.196078
0.349020
0.380392
0.345098
0.411765
0.388235
0.384314
0.419608
0.470588
0.505882
0.517647
0.525490
0.517647
0.474510
0.474510
0.509804
0.490196
0.439216
0.419608
0.470588
0.490196
0.513725
0.474510
0.454902
0.427451
0.384314
0.352941
0.337255
0.376471
0.341176
0.407843
0.403922
0.392157
0.435294
0.337255
0.309804
0.368627
0.431373
0.443137
0.407843
0.450980
0.478431
0.070588
0.043137
0.011765
0.015686
0.043137
0.039216
0.019608
0.019608
0.007843
0.066667
0.019608
0.003922
0.007843
0.031373
0.062745
0.019608
0.019608
0.015686
0.019608
0.000000
0.043137
0.137255
0.011765
0.011765
0.031373
0.023529
0.023529
0.011765
0.023529
0.015686
0.035294
0.043137
0.078431
0.047059
0.023529
0.011765
0.043137
0.023529
0.007843
0.011765
0.015686
0.070588
0.019608
0.019608
0.007843
0.043137
0.070588
0.125490
0.098039
0.031373
0.015686
0.011765
0.070588
0.105882
0.023529
0.031373
0.031373
0.015686
0.007843
0.007843
0.019608
0.011765
0.015686
0.031373
0.074510
0.047059
0.031373
0.023529
0.062745
0.031373
0.011765
0.015686
0.023529
0.043137
0.015686
0.031373
0.007843
0.050980
0.078431
0.207843
0.192157
0.003922
0.054902
0.101961
0.050980
0.019608
0.015686
0.023529
0.015686
0.011765
0.003922
0.007843
0.011765
0.007843
0.000000
0.019608
0.050980
0.043137
0.019608
0.019608
0.019608
0.015686
0.011765
0.007843
0.054902
0.101961
0.007843
0.003922
0.000000
0.035294
0.031373
0.121569
0.184314
0.043137
0.101961
0.078431
0.000000
0.000000
0.007843
0.019608
0.000000
0.000000
0.003922
0.007843
0.023529
0.019608
0.000000
0.019608
0.145098
0.137255
0.133333
0.133333
0.113725
0.101961
0.125490
0.090196
0.098039
0.137255
0.070588
0.082353
0.098039
0.094118
0.070588
0.160784
0.266667
0.137255
0.117647
0.090196
0.062745
0.058824
0.058824
0.058824
0.050980
0.062745
0.062745
0.047059
0.039216
0.023529
0.007843
0.019608
0.180392
0.176471
0.172549
0.172549
0.188235
0.180392
0.172549
0.129412
0.101961
0.121569
0.137255
0.141176
0.172549
0.160784
0.207843
0.349020
0.294118
0.094118
0.164706
0.152941
0.137255
0.149020
0.152941
0.145098
0.152941
0.160784
0.168627
0.149020
0.137255
0.129412
0.121569
0.121569
0.172549
0.176471
0.180392
0.196078
0.184314
0.200000
0.188235
0.180392
0.196078
0.200000
0.200000
0.188235
0.188235
0.200000
0.274510
0.309804
0.274510
0.168627
0.207843
0.203922
0.184314
0.180392
0.160784
0.160784
0.164706
0.133333
0.117647
0.125490
0.133333
0.141176
0.156863
0.176471
0.164706
0.164706
0.176471
0.164706
0.160784
0.200000
0.203922
0.203922
0.203922
0.207843
0.188235
0.192157
0.196078
0.286275
0.250980
0.086275
0.223529
0.223529
0.196078
0.200000
0.117647
0.125490
0.105882
0.141176
0.243137
0.192157
0.141176
0.152941
0.176471
0.156863
0.164706
0.168627
0.196078
0.200000
0.196078
0.168627
0.180392
0.211765
0.211765
0.203922
0.200000
0.196078
0.184314
0.188235
0.235294
0.274510
0.184314
0.090196
0.227451
0.231373
0.141176
0.152941
0.137255
0.180392
0.188235
0.176471
0.250980
0.254902
0.188235
0.196078
0.235294
0.215686
0.192157
0.207843
0.200000
0.192157
0.192157
0.196078
0.203922
0.215686
0.196078
0.203922
0.207843
0.172549
0.141176
0.203922
0.235294
0.149020
0.215686
0.137255
0.168627
0.164706
0.094118
0.133333
0.180392
0.180392
0.196078
0.176471
0.137255
0.211765
0.203922
0.184314
0.219608
0.180392
0.180392
0.180392
0.160784
0.156863
0.188235
0.207843
0.203922
0.192157
0.188235
0.184314
0.192157
0.164706
0.113725
0.156863
0.200000
0.121569
0.192157
0.180392
0.149020
0.133333
0.125490
0.125490
0.152941
0.188235
0.160784
0.137255
0.117647
0.172549
0.196078
0.188235
0.203922
0.176471
0.211765
0.200000
0.156863
0.145098
0.188235
0.215686
0.215686
0.184314
0.152941
0.164706
0.180392
0.176471
0.152941
0.145098
0.160784
0.149020
0.156863
0.215686
0.211765
0.125490
0.172549
0.188235
0.184314
0.223529
0.160784
0.156863
0.145098
0.137255
0.152941
0.184314
0.184314
0.149020
0.207843
0.192157
0.196078
0.176471
0.192157
0.223529
0.227451
0.211765
0.164706
0.149020
0.168627
0.152941
0.160784
0.152941
0.152941
0.172549
0.180392
0.219608
0.215686
0.090196
0.188235
0.247059
0.203922
0.215686
0.149020
0.149020
0.149020
0.180392
0.164706
0.207843
0.207843
0.172549
0.160784
0.149020
0.196078
0.172549
0.184314
0.211765
0.211765
0.176471
0.109804
0.125490
0.129412
0.121569
0.141176
0.113725
0.113725
0.117647
0.121569
0.137255
0.192157
0.141176
0.133333
0.184314
0.188235
0.160784
0.109804
0.156863
0.254902
0.219608
0.160784
0.219608
0.192157
0.152941
0.141176
0.141176
0.207843
0.203922
0.207843
0.215686
0.192157
0.184314
0.149020
0.156863
0.149020
0.129412
0.113725
0.129412
0.094118
0.074510
0.101961
0.105882
0.133333
0.180392
0.086275
0.074510
0.133333
0.203922
0.149020
0.231373
0.372549
0.231373
0.094118
0.172549
0.160784
0.180392
0.203922
0.184314
0.227451
0.188235
0.164706
0.203922
0.180392
0.207843
0.180392
0.137255
0.188235
0.160784
0.137255
0.192157
0.156863
0.145098
0.200000
0.176471
0.117647
0.180392
0.121569
0.137255
0.027451
0.203922
0.223529
0.278431
0.376471
0.286275
0.156863
0.164706
0.156863
0.168627
0.176471
0.184314
0.215686
0.196078
0.184314
0.200000
0.200000
0.231373
0.223529
0.145098
0.145098
0.211765
0.200000
0.176471
0.219608
0.254902
0.223529
0.180392
0.192157
0.227451
0.129412
0.172549
0.050980
0.133333
0.176471
0.286275
0.439216
0.352941
0.215686
0.184314
0.219608
0.168627
0.168627
0.192157
0.215686
0.207843
0.219608
0.215686
0.172549
0.203922
0.207843
0.188235
0.180392
0.200000
0.141176
0.113725
0.121569
0.141176
0.243137
0.235294
0.203922
0.278431
0.152941
0.184314
0.113725
0.125490
0.160784
0.286275
0.450980
0.290196
0.164706
0.219608
0.215686
0.133333
0.172549
0.196078
0.215686
0.231373
0.200000
0.239216
0.176471
0.207843
0.188235
0.231373
0.215686
0.121569
0.137255
0.137255
0.156863
0.074510
0.113725
0.113725
0.023529
0.101961
0.125490
0.121569
0.062745
0.168627
0.227451
0.243137
0.364706
0.200000
0.113725
0.203922
0.192157
0.168627
0.176471
0.168627
0.184314
0.203922
0.200000
0.243137
0.156863
0.176471
0.188235
0.250980
0.207843
0.156863
0.149020
0.121569
0.192157
0.196078
0.078431
0.054902
0.121569
0.145098
0.086275
0.098039
0.015686
0.137255
0.200000
0.196078
0.325490
0.184314
0.137255
0.196078
0.203922
0.207843
0.176471
0.184314
0.156863
0.192157
0.223529
0.219608
0.188235
0.200000
0.207843
0.231373
0.164706
0.149020
0.137255
0.137255
0.168627
0.145098
0.074510
0.062745
0.117647
0.149020
0.054902
0.125490
0.066667
0.043137
0.188235
0.200000
0.313725
0.211765
0.207843
0.200000
0.250980
0.239216
0.215686
0.235294
0.192157
0.215686
0.192157
0.231373
0.223529
0.223529
0.243137
0.219608
0.141176
0.133333
0.156863
0.219608
0.184314
0.160784
0.105882
0.070588
0.031373
0.007843
0.035294
0.145098
0.211765
0.121569
0.184314
0.168627
0.325490
0.231373
0.188235
0.176471
0.223529
0.207843
0.207843
0.203922
0.247059
0.219608
0.196078
0.207843
0.192157
0.172549
0.196078
0.156863
0.098039
0.109804
0.137255
0.156863
0.266667
0.270588
0.149020
0.137255
0.105882
0.039216
0.090196
0.121569
0.243137
0.192157
0.105882
0.164706
0.298039
0.180392
0.200000
0.168627
0.211765
0.188235
0.235294
0.247059
0.203922
0.176471
0.172549
0.168627
0.168627
0.176471
0.219608
0.098039
0.035294
0.129412
0.164706
0.121569
0.270588
0.262745
0.164706
0.184314
0.192157
0.105882
0.141176
0.101961
0.215686
0.223529
0.172549
0.254902
0.258824
0.176471
0.286275
0.290196
0.250980
0.196078
0.129412
0.125490
0.188235
0.156863
0.243137
0.196078
0.133333
0.184314
0.211765
0.066667
0.078431
0.152941
0.145098
0.164706
0.247059
0.207843
0.192157
0.168627
0.149020
0.172549
0.203922
0.086275
0.219608
0.164706
0.196078
0.223529
0.200000
0.196078
0.301961
0.247059
0.090196
0.047059
0.082353
0.129412
0.184314
0.160784
0.243137
0.203922
0.172549
0.239216
0.200000
0.074510
0.141176
0.137255
0.094118
0.200000
0.247059
0.215686
0.196078
0.176471
0.137255
0.254902
0.227451
0.117647
0.207843
0.184314
0.164706
0.207843
0.152941
0.184314
0.149020
0.086275
0.109804
0.211765
0.250980
0.215686
0.105882
0.101961
0.082353
0.082353
0.152941
0.211765
0.121569
0.109804
0.203922
0.156863
0.101961
0.203922
0.262745
0.200000
0.160784
0.145098
0.235294
0.301961
0.243137
0.113725
0.133333
0.141176
0.141176
0.223529
0.164706
0.137255
0.058824
0.113725
0.203922
0.184314
0.164706
0.160784
0.207843
0.215686
0.200000
0.188235
0.141176
0.101961
0.070588
0.090196
0.156863
0.133333
0.098039
0.188235
0.227451
0.141176
0.082353
0.050980
0.074510
0.141176
0.137255
0.047059
0.058824
0.066667
0.105882
0.254902
0.149020
0.090196
0.113725
0.152941
0.152941
0.094118
0.113725
0.156863
0.207843
0.231373
0.231373
0.215686
0.203922
0.152941
0.149020
0.129412
0.117647
0.117647
0.070588
0.176471
0.211765
0.047059
0.054902
0.031373
0.011765
0.035294
0.062745
0.098039
0.078431
0.082353
0.137255
0.223529
0.105882
0.074510
0.133333
0.141176
0.121569
0.113725
0.141176
0.137255
0.164706
0.215686
0.227451
0.184314
0.188235
0.192157
0.188235
0.152941
0.129412
0.094118
0.094118
0.086275
0.156863
0.101961
0.129412
0.098039
0.109804
0.101961
0.098039
0.137255
0.105882
0.125490
0.109804
0.058824
0.078431
0.090196
0.113725
0.090196
0.105882
0.137255
0.172549
0.149020
0.200000
0.188235
0.203922
0.184314
0.168627
0.168627
0.149020
0.133333
0.129412
0.145098
0.113725
0.090196
0.078431
0.117647
0.105882
0.078431
0.078431
0.062745
0.145098
0.101961
0.047059
0.070588
0.062745
0.113725
0.113725
0.125490
0.141176
0.098039
0.094118
0.137255
0.176471
0.188235
0.184314
0.188235
0.176471
0.149020
0.141176
0.152941
0.145098
0.117647
0.101961
0.141176
0.160784
0.180392
0.129412
0.129412
0.145098
0.145098
0.125490
0.105882
0.137255
0.094118
0.129412
0.137255
0.149020
0.168627
0.113725
0.125490
0.117647
0.152941
0.172549
0.141176
0.152941
0.145098
