0.007843
0.007843
0.007843
0.007843
0.011765
0.015686
0.015686
0.015686
0.015686
0.015686
0.015686
0.015686
0.015686
0.011765
0.011765
0.015686
0.015686
0.015686
0.015686
0.015686
0.015686
0.015686
0.015686
0.015686
0.015686
0.015686
0.015686
0.015686
0.015686
0.015686
0.015686
0.015686
0.011765
0.011765
0.011765
0.011765
0.015686
0.015686
0.015686
0.015686
0.019608
0.019608
0.015686
0.015686
0.015686
0.011765
0.011765
0.015686
0.015686
0.015686
0.015686
0.015686
0.015686
0.015686
0.015686
0.015686
0.015686
0.015686
0.015686
0.015686
0.015686
0.015686
0.015686
0.015686
0.011765
0.011765
0.011765
0.011765
0.015686
0.019608
0.019608
0.015686
0.027451
0.027451
0.019608
0.019608
0.019608
0.015686
0.011765
0.019608
0.019608
0.019608
0.019608
0.019608
0.019608
0.019608
0.019608
0.019608
0.019608
0.019608
0.023529
0.019608
0.015686
0.015686
0.015686
0.015686
0.011765
0.011765
0.015686
0.015686
0.015686
0.019608
0.019608
0.019608
0.027451
0.019608
0.019608
0.019608
0.019608
0.019608
0.019608
0.019608
0.019608
0.019608
0.019608
0.019608
0.019608
0.019608
0.019608
0.019608
0.023529
0.019608
0.015686
0.007843
0.011765
0.023529
0.015686
0.015686
0.011765
0.011765
0.015686
0.015686
0.015686
0.019608
0.015686
0.019608
0.027451
0.019608
0.019608
0.019608
0.019608
0.019608
0.019608
0.019608
0.019608
0.019608
0.019608
0.019608
0.019608
0.019608
0.019608
0.011765
0.007843
0.043137
0.090196
0.152941
0.098039
0.098039
0.019608
0.015686
0.011765
0.011765
0.015686
0.015686
0.015686
0.019608
0.015686
0.023529
0.023529
0.019608
0.019608
0.019608
0.019608
0.019608
0.019608
0.019608
0.019608
0.019608
0.019608
0.019608
0.019608
0.023529
0.003922
0.086275
0.345098
0.552941
0.627451
0.615686
0.352941
0.121569
0.015686
0.023529
0.011765
0.011765
0.015686
0.019608
0.015686
0.019608
0.015686
0.023529
0.023529
0.019608
0.019608
0.019608
0.019608
0.019608
0.019608
0.019608
0.019608
0.019608
0.019608
0.019608
0.019608
0.007843
0.223529
0.584314
0.772549
0.800000
0.768627
0.627451
0.360784
0.235294
0.019608
0.019608
0.011765
0.035294
0.043137
0.019608
0.019608
0.019608
0.019608
0.027451
0.019608
0.019608
0.023529
0.019608
0.019608
0.019608
0.019608
0.015686
0.015686
0.015686
0.015686
0.023529
0.007843
0.278431
0.745098
0.768627
0.796078
0.756863
0.717647
0.670588
0.392157
0.290196
0.078431
0.011765
0.023529
0.098039
0.341176
0.101961
0.019608
0.015686
0.019608
0.031373
0.019608
0.019608
0.019608
0.019608
0.019608
0.019608
0.019608
0.019608
0.015686
0.019608
0.023529
0.007843
0.200000
0.760784
0.741176
0.709804
0.694118
0.811765
0.815686
0.678431
0.513725
0.364706
0.164706
0.011765
0.019608
0.235294
0.396078
0.160784
0.007843
0.015686
0.027451
0.035294
0.019608
0.019608
0.023529
0.023529
0.023529
0.019608
0.019608
0.019608
0.019608
0.003922
0.003922
0.082353
0.670588
0.823529
0.741176
0.749020
0.745098
0.835294
0.819608
0.615686
0.454902
0.384314
0.203922
0.011765
0.054902
0.325490
0.396078
0.137255
0.011765
0.019608
0.031373
0.007843
0.031373
0.035294
0.007843
0.003922
0.023529
0.019608
0.019608
0.019608
0.019608
0.137255
0.117647
0.541176
0.858824
0.807843
0.756863
0.721569
0.764706
0.803922
0.764706
0.549020
0.427451
0.321569
0.188235
0.011765
0.196078
0.364706
0.349020
0.054902
0.019608
0.015686
0.090196
0.431373
0.741176
0.756863
0.533333
0.211765
0.039216
0.011765
0.007843
0.011765
0.133333
0.717647
0.803922
0.890196
0.815686
0.745098
0.737255
0.760784
0.713725
0.584314
0.521569
0.509804
0.368627
0.337255
0.141176
0.015686
0.215686
0.223529
0.356863
0.105882
0.027451
0.137255
0.717647
0.964706
0.956863
0.952941
0.917647
0.866667
0.517647
0.278431
0.149020
0.054902
0.486275
0.815686
0.866667
0.776471
0.666667
0.674510
0.815686
0.752941
0.592157
0.474510
0.435294
0.439216
0.317647
0.388235
0.152941
0.019608
0.247059
0.262745
0.262745
0.160784
0.039216
0.619608
0.972549
0.933333
0.929412
0.937255
0.921569
0.886275
0.470588
0.450980
0.478431
0.501961
0.698039
0.807843
0.764706
0.682353
0.545098
0.631373
0.615686
0.556863
0.584314
0.509804
0.356863
0.384314
0.160784
0.258824
0.141176
0.019608
0.270588
0.349020
0.325490
0.360784
0.450980
0.921569
0.956863
0.937255
0.933333
0.945098
0.945098
0.788235
0.411765
0.396078
0.415686
0.529412
0.694118
0.741176
0.682353
0.619608
0.729412
0.635294
0.490196
0.439216
0.407843
0.368627
0.207843
0.258824
0.176471
0.258824
0.168627
0.015686
0.133333
0.223529
0.258824
0.368627
0.823529
0.925490
0.933333
0.921569
0.929412
0.933333
0.956863
0.713725
0.427451
0.423529
0.435294
0.552941
0.615686
0.513725
0.415686
0.407843
0.768627
0.772549
0.698039
0.482353
0.286275
0.200000
0.129412
0.121569
0.231373
0.156863
0.156863
0.019608
0.129412
0.113725
0.094118
0.286275
0.737255
0.819608
0.909804
0.937255
0.925490
0.921569
0.937255
0.627451
0.431373
0.431373
0.494118
0.513725
0.525490
0.403922
0.380392
0.372549
0.733333
0.784314
0.772549
0.619608
0.517647
0.200000
0.086275
0.031373
0.294118
0.254902
0.078431
0.015686
0.262745
0.203922
0.121569
0.647059
0.678431
0.745098
0.898039
0.901961
0.882353
0.894118
0.909804
0.623529
0.419608
0.462745
0.490196
0.474510
0.396078
0.427451
0.415686
0.400000
0.854902
0.823529
0.749020
0.670588
0.505882
0.247059
0.050980
0.027451
0.141176
0.270588
0.031373
0.015686
0.168627
0.196078
0.282353
0.792157
0.596078
0.705882
0.823529
0.827451
0.847059
0.854902
0.882353
0.807843
0.431373
0.403922
0.400000
0.396078
0.372549
0.337255
0.337255
0.501961
0.941176
0.901961
0.796078
0.709804
0.552941
0.137255
0.011765
0.019608
0.015686
0.043137
0.019608
0.019608
0.035294
0.031373
0.341176
0.733333
0.501961
0.654902
0.729412
0.823529
0.823529
0.811765
0.866667
0.949020
0.874510
0.682353
0.509804
0.384314
0.333333
0.325490
0.376471
0.835294
0.937255
0.905882
0.811765
0.686275
0.513725
0.082353
0.023529
0.023529
0.023529
0.019608
0.019608
0.019608
0.047059
0.019608
0.341176
0.658824
0.431373
0.603922
0.694118
0.792157
0.823529
0.745098
0.827451
0.870588
0.933333
0.956863
0.929412
0.850980
0.733333
0.396078
0.803922
0.949020
0.890196
0.839216
0.784314
0.619608
0.392157
0.035294
0.023529
0.023529
0.023529
0.019608
0.019608
0.019608
0.035294
0.019608
0.458824
0.584314
0.411765
0.603922
0.678431
0.752941
0.819608
0.525490
0.635294
0.776471
0.847059
0.901961
0.898039
0.913725
0.886275
0.474510
0.843137
0.870588
0.815686
0.772549
0.780392
0.607843
0.301961
0.023529
0.023529
0.023529
0.023529
0.023529
0.019608
0.019608
0.015686
0.125490
0.650980
0.505882
0.443137
0.494118
0.686275
0.737255
0.768627
0.333333
0.470588
0.717647
0.796078
0.854902
0.882353
0.874510
0.843137
0.458824
0.690196
0.741176
0.713725
0.705882
0.760784
0.552941
0.231373
0.019608
0.027451
0.023529
0.023529
0.023529
0.023529
0.019608
0.070588
0.568627
0.694118
0.509804
0.411765
0.262745
0.658824
0.729412
0.576471
0.192157
0.352941
0.658824
0.749020
0.756863
0.792157
0.823529
0.796078
0.509804
0.592157
0.670588
0.603922
0.596078
0.654902
0.427451
0.156863
0.019608
0.023529
0.023529
0.019608
0.019608
0.019608
0.019608
0.607843
0.847059
0.643137
0.509804
0.333333
0.211765
0.678431
0.666667
0.427451
0.239216
0.239216
0.470588
0.690196
0.690196
0.709804
0.690196
0.725490
0.525490
0.635294
0.678431
0.615686
0.647059
0.501961
0.337255
0.070588
0.019608
0.019608
0.019608
0.015686
0.015686
0.015686
0.015686
0.788235
0.752941
0.552941
0.486275
0.223529
0.317647
0.776471
0.600000
0.372549
0.301961
0.243137
0.094118
0.388235
0.560784
0.607843
0.592157
0.529412
0.376471
0.647059
0.901961
0.819608
0.458824
0.360784
0.207843
0.023529
0.019608
0.019608
0.019608
0.019608
0.019608
0.019608
0.019608
0.701961
0.607843
0.486275
0.454902
0.141176
0.513725
0.666667
0.439216
0.360784
0.301961
0.121569
0.023529
0.047059
0.207843
0.376471
0.466667
0.450980
0.360784
0.650980
0.921569
0.705882
0.388235
0.384314
0.145098
0.019608
0.023529
0.019608
0.019608
0.019608
0.019608
0.019608
0.015686
0.615686
0.513725
0.486275
0.400000
0.360784
0.572549
0.498039
0.345098
0.368627
0.231373
0.039216
0.035294
0.035294
0.023529
0.039216
0.090196
0.125490
0.141176
0.686275
0.807843
0.470588
0.317647
0.341176
0.125490
0.023529
0.027451
0.031373
0.031373
0.023529
0.023529
0.023529
0.023529
0.517647
0.513725
0.454902
0.321569
0.584314
0.564706
0.419608
0.427451
0.333333
0.180392
0.141176
0.098039
0.098039
0.133333
0.168627
0.196078
0.223529
0.262745
0.752941
0.682353
0.321569
0.298039
0.352941
0.227451
0.141176
0.101961
0.062745
0.039216
0.027451
0.031373
0.027451
0.027451
0.513725
0.513725
0.250980
0.313725
0.517647
0.580392
0.356863
0.356863
0.294118
0.298039
0.372549
0.392157
0.376471
0.384314
0.380392
0.384314
0.384314
0.439216
0.768627
0.584314
0.388235
0.360784
0.560784
0.407843
0.356863
0.333333
0.282353
0.215686
0.145098
0.090196
0.062745
0.054902
0.411765
0.364706
0.098039
0.396078
0.525490
0.494118
0.400000
0.364706
0.290196
0.356863
0.482353
0.545098
0.482353
0.486275
0.478431
0.466667
0.458824
0.529412
0.745098
0.545098
0.450980
0.435294
0.623529
0.450980
0.400000
0.392157
0.380392
0.360784
0.321569
0.250980
0.168627
0.117647
0.172549
0.290196
0.070588
0.435294
0.478431
0.486275
0.474510
0.325490
0.172549
0.450980
0.490196
0.580392
0.549020
0.529412
0.537255
0.533333
0.521569
0.658824
0.792157
0.521569
0.490196
0.490196
0.686275
0.494118
0.447059
0.431373
0.415686
0.388235
0.356863
0.329412
0.274510
0.188235
0.011765
0.011765
0.011765
0.011765
0.015686
0.015686
0.015686
0.015686
0.015686
0.015686
0.015686
0.015686
0.015686
0.015686
0.015686
0.015686
0.015686
0.015686
0.015686
0.015686
0.015686
0.015686
0.015686
0.015686
0.015686
0.015686
0.015686
0.015686
0.015686
0.015686
0.015686
0.015686
0.015686
0.015686
0.015686
0.015686
0.015686
0.015686
0.015686
0.015686
0.019608
0.019608
0.015686
0.015686
0.015686
0.015686
0.015686
0.015686
0.015686
0.015686
0.015686
0.015686
0.015686
0.015686
0.015686
0.015686
0.015686
0.015686
0.015686
0.015686
0.015686
0.015686
0.015686
0.015686
0.015686
0.015686
0.015686
0.015686
0.015686
0.019608
0.019608
0.015686
0.027451
0.027451
0.019608
0.019608
0.019608
0.019608
0.015686
0.019608
0.019608
0.019608
0.019608
0.019608
0.019608
0.019608
0.019608
0.019608
0.019608
0.019608
0.023529
0.019608
0.015686
0.015686
0.015686
0.015686
0.015686
0.015686
0.015686
0.015686
0.015686
0.019608
0.019608
0.019608
0.027451
0.019608
0.019608
0.019608
0.019608
0.019608
0.019608
0.019608
0.019608
0.019608
0.019608
0.019608
0.019608
0.015686
0.023529
0.023529
0.023529
0.015686
0.015686
0.007843
0.011765
0.023529
0.019608
0.015686
0.015686
0.015686
0.015686
0.015686
0.015686
0.019608
0.015686
0.019608
0.027451
0.019608
0.019608
0.019608
0.019608
0.019608
0.019608
0.019608
0.019608
0.019608
0.019608
0.019608
0.019608
0.019608
0.019608
0.011765
0.007843
0.043137
0.098039
0.156863
0.101961
0.098039
0.019608
0.015686
0.015686
0.015686
0.015686
0.015686
0.015686
0.019608
0.015686
0.023529
0.023529
0.019608
0.019608
0.019608
0.019608
0.019608
0.019608
0.019608
0.019608
0.019608
0.019608
0.019608
0.019608
0.023529
0.000000
0.082353
0.345098
0.552941
0.631373
0.619608
0.360784
0.125490
0.015686
0.019608
0.015686
0.015686
0.015686
0.019608
0.015686
0.019608
0.015686
0.023529
0.023529
0.019608
0.019608
0.019608
0.019608
0.019608
0.019608
0.019608
0.019608
0.019608
0.019608
0.019608
0.019608
0.011765
0.223529
0.576471
0.760784
0.788235
0.756863
0.623529
0.364706
0.243137
0.015686
0.015686
0.019608
0.043137
0.043137
0.019608
0.019608
0.015686
0.015686
0.027451
0.019608
0.019608
0.023529
0.019608
0.019608
0.019608
0.019608
0.019608
0.019608
0.019608
0.019608
0.019608
0.011765
0.278431
0.725490
0.752941
0.768627
0.733333
0.709804
0.670588
0.396078
0.298039
0.082353
0.015686
0.027451
0.098039
0.262745
0.082353
0.011765
0.011765
0.019608
0.031373
0.019608
0.019608
0.019608
0.019608
0.019608
0.019608
0.019608
0.019608
0.019608
0.023529
0.023529
0.007843
0.196078
0.737255
0.709804
0.686275
0.662745
0.788235
0.796078
0.670588
0.513725
0.372549
0.168627
0.015686
0.023529
0.180392
0.298039
0.121569
0.011765
0.011765
0.023529
0.031373
0.019608
0.019608
0.023529
0.023529
0.023529
0.019608
0.019608
0.019608
0.019608
0.007843
0.003922
0.082353
0.654902
0.788235
0.713725
0.717647
0.713725
0.807843
0.792157
0.600000
0.450980
0.388235
0.207843
0.015686
0.039216
0.243137
0.282353
0.098039
0.015686
0.015686
0.027451
0.007843
0.031373
0.035294
0.007843
0.003922
0.023529
0.019608
0.023529
0.023529
0.023529
0.137255
0.125490
0.545098
0.823529
0.772549
0.725490
0.686275
0.733333
0.772549
0.737255
0.537255
0.427451
0.325490
0.196078
0.015686
0.090196
0.317647
0.298039
0.043137
0.015686
0.015686
0.094118
0.431373
0.741176
0.760784
0.533333
0.215686
0.039216
0.015686
0.019608
0.015686
0.129412
0.705882
0.784314
0.866667
0.776471
0.717647
0.709804
0.725490
0.690196
0.556863
0.494118
0.498039
0.372549
0.356863
0.149020
0.015686
0.074510
0.117647
0.317647
0.078431
0.050980
0.141176
0.717647
0.968627
0.960784
0.956863
0.917647
0.882353
0.431373
0.168627
0.109804
0.050980
0.478431
0.784314
0.823529
0.737255
0.631373
0.647059
0.788235
0.721569
0.576471
0.470588
0.423529
0.439216
0.337255
0.411765
0.164706
0.019608
0.156863
0.145098
0.152941
0.070588
0.050980
0.627451
0.972549
0.933333
0.929412
0.937255
0.925490
0.878431
0.278431
0.207843
0.270588
0.380392
0.647059
0.776471
0.733333
0.654902
0.537255
0.603922
0.588235
0.529412
0.572549
0.513725
0.360784
0.396078
0.184314
0.282353
0.149020
0.019608
0.196078
0.250980
0.203922
0.286275
0.447059
0.925490
0.956863
0.937255
0.933333
0.945098
0.956863
0.713725
0.180392
0.168627
0.215686
0.400000
0.635294
0.709804
0.643137
0.568627
0.709804
0.619608
0.474510
0.423529
0.400000
0.364706
0.203922
0.266667
0.192157
0.278431
0.172549
0.015686
0.074510
0.172549
0.168627
0.298039
0.807843
0.925490
0.937255
0.925490
0.929412
0.937255
0.968627
0.603922
0.200000
0.192157
0.239216
0.462745
0.576471
0.423529
0.317647
0.309804
0.749020
0.764706
0.694118
0.474510
0.290196
0.200000
0.125490
0.125490
0.247059
0.184314
0.164706
0.023529
0.043137
0.058824
0.058824
0.266667
0.729412
0.819608
0.909804
0.937255
0.925490
0.917647
0.945098
0.494118
0.203922
0.207843
0.364706
0.403922
0.427451
0.266667
0.247059
0.235294
0.713725
0.780392
0.772549
0.619608
0.529412
0.207843
0.086275
0.035294
0.305882
0.282353
0.090196
0.015686
0.176471
0.137255
0.105882
0.643137
0.670588
0.752941
0.894118
0.901961
0.882353
0.894118
0.921569
0.470588
0.164706
0.286275
0.349020
0.341176
0.223529
0.262745
0.254902
0.250980
0.847059
0.823529
0.749020
0.686275
0.525490
0.258824
0.050980
0.027451
0.145098
0.282353
0.039216
0.015686
0.160784
0.168627
0.262745
0.768627
0.580392
0.709804
0.827451
0.831373
0.847059
0.862745
0.886275
0.756863
0.270588
0.231373
0.203922
0.184314
0.168627
0.152941
0.145098
0.400000
0.949020
0.901961
0.800000
0.725490
0.572549
0.141176
0.011765
0.019608
0.015686
0.047059
0.019608
0.019608
0.070588
0.047059
0.341176
0.713725
0.494118
0.666667
0.733333
0.827451
0.831373
0.827451
0.874510
0.960784
0.862745
0.631373
0.407843
0.219608
0.145098
0.121569
0.215686
0.811765
0.949020
0.909804
0.811765
0.705882
0.537255
0.086275
0.019608
0.019608
0.019608
0.019608
0.019608
0.019608
0.086275
0.050980
0.345098
0.631373
0.411765
0.615686
0.701961
0.796078
0.827451
0.760784
0.839216
0.874510
0.941176
0.968627
0.937255
0.850980
0.709804
0.352941
0.788235
0.956863
0.894118
0.843137
0.788235
0.643137
0.411765
0.039216
0.019608
0.019608
0.019608
0.019608
0.019608
0.019608
0.066667
0.039216
0.458824
0.552941
0.388235
0.615686
0.690196
0.756863
0.823529
0.533333
0.650980
0.784314
0.850980
0.901961
0.901961
0.917647
0.890196
0.478431
0.854902
0.874510
0.831373
0.784314
0.788235
0.627451
0.313725
0.027451
0.019608
0.019608
0.019608
0.023529
0.019608
0.019608
0.047059
0.137255
0.631373
0.478431
0.431373
0.509804
0.690196
0.737255
0.768627
0.341176
0.486275
0.725490
0.800000
0.854902
0.882353
0.878431
0.858824
0.478431
0.694118
0.756863
0.733333
0.717647
0.772549
0.568627
0.235294
0.019608
0.023529
0.019608
0.019608
0.023529
0.023529
0.019608
0.090196
0.564706
0.662745
0.486275
0.407843
0.270588
0.662745
0.729412
0.572549
0.203922
0.364706
0.666667
0.749020
0.756863
0.803922
0.835294
0.807843
0.513725
0.607843
0.690196
0.619608
0.607843
0.670588
0.435294
0.156863
0.019608
0.023529
0.019608
0.019608
0.019608
0.019608
0.019608
0.611765
0.827451
0.611765
0.482353
0.337255
0.219608
0.678431
0.666667
0.427451
0.243137
0.243137
0.474510
0.698039
0.701961
0.729412
0.698039
0.729412
0.529412
0.639216
0.678431
0.631373
0.662745
0.513725
0.341176
0.070588
0.019608
0.019608
0.019608
0.015686
0.015686
0.015686
0.015686
0.780392
0.721569
0.521569
0.470588
0.231373
0.325490
0.772549
0.600000
0.372549
0.301961
0.250980
0.101961
0.396078
0.568627
0.619608
0.600000
0.533333
0.380392
0.647059
0.898039
0.831373
0.474510
0.368627
0.207843
0.023529
0.019608
0.019608
0.019608
0.019608
0.019608
0.019608
0.019608
0.678431
0.576471
0.458824
0.439216
0.145098
0.521569
0.670588
0.443137
0.364706
0.301961
0.137255
0.039216
0.058824
0.211765
0.376471
0.470588
0.447059
0.360784
0.658824
0.925490
0.721569
0.396078
0.388235
0.149020
0.019608
0.023529
0.019608
0.019608
0.019608
0.019608
0.019608
0.015686
0.576471
0.474510
0.458824
0.403922
0.364706
0.572549
0.498039
0.349020
0.372549
0.235294
0.062745
0.054902
0.054902
0.039216
0.054902
0.101961
0.125490
0.145098
0.690196
0.823529
0.482353
0.325490
0.352941
0.137255
0.031373
0.035294
0.035294
0.039216
0.035294
0.031373
0.031373
0.027451
0.478431
0.482353
0.447059
0.333333
0.592157
0.564706
0.419608
0.427451
0.333333
0.188235
0.160784
0.113725
0.109804
0.141176
0.176471
0.207843
0.227451
0.266667
0.752941
0.698039
0.333333
0.305882
0.364706
0.239216
0.152941
0.113725
0.078431
0.058824
0.047059
0.047059
0.047059
0.039216
0.498039
0.505882
0.262745
0.329412
0.521569
0.580392
0.356863
0.349020
0.298039
0.309804
0.380392
0.400000
0.384314
0.384314
0.380392
0.388235
0.384314
0.439216
0.772549
0.596078
0.392157
0.368627
0.568627
0.415686
0.356863
0.333333
0.290196
0.231373
0.160784
0.105882
0.078431
0.066667
0.427451
0.368627
0.113725
0.411765
0.525490
0.494118
0.400000
0.360784
0.298039
0.360784
0.478431
0.545098
0.486275
0.486275
0.478431
0.466667
0.458824
0.529412
0.749020
0.549020
0.450980
0.443137
0.631373
0.458824
0.400000
0.392157
0.380392
0.360784
0.329412
0.266667
0.184314
0.129412
0.192157
0.290196
0.082353
0.439216
0.478431
0.494118
0.470588
0.325490
0.180392
0.447059
0.486275
0.580392
0.549020
0.529412
0.533333
0.533333
0.517647
0.658824
0.792157
0.521569
0.486275
0.490196
0.686275
0.498039
0.443137
0.427451
0.407843
0.384314
0.356863
0.333333
0.290196
0.203922
0.019608
0.019608
0.019608
0.019608
0.023529
0.023529
0.023529
0.023529
0.023529
0.023529
0.023529
0.023529
0.023529
0.023529
0.023529
0.023529
0.023529
0.023529
0.023529
0.023529
0.023529
0.023529
0.023529
0.023529
0.023529
0.023529
0.023529
0.023529
0.023529
0.023529
0.023529
0.023529
0.023529
0.023529
0.023529
0.023529
0.023529
0.023529
0.023529
0.023529
0.027451
0.027451
0.023529
0.023529
0.023529
0.023529
0.023529
0.023529
0.023529
0.023529
0.023529
0.023529
0.023529
0.023529
0.023529
0.023529
0.023529
0.023529
0.023529
0.023529
0.023529
0.023529
0.023529
0.023529
0.023529
0.023529
0.023529
0.023529
0.023529
0.027451
0.027451
0.023529
0.035294
0.035294
0.027451
0.027451
0.027451
0.027451
0.023529
0.027451
0.027451
0.027451
0.027451
0.027451
0.027451
0.027451
0.027451
0.027451
0.027451
0.027451
0.031373
0.027451
0.023529
0.023529
0.023529
0.023529
0.023529
0.023529
0.023529
0.023529
0.023529
0.027451
0.027451
0.027451
0.035294
0.027451
0.027451
0.027451
0.027451
0.027451
0.027451
0.027451
0.027451
0.027451
0.027451
0.027451
0.031373
0.023529
0.023529
0.031373
0.031373
0.027451
0.023529
0.015686
0.023529
0.039216
0.027451
0.023529
0.023529
0.023529
0.023529
0.023529
0.023529
0.027451
0.023529
0.027451
0.035294
0.027451
0.027451
0.027451
0.027451
0.027451
0.027451
0.027451
0.027451
0.027451
0.027451
0.027451
0.027451
0.027451
0.031373
0.027451
0.015686
0.043137
0.090196
0.156863
0.109804
0.113725
0.027451
0.019608
0.023529
0.023529
0.023529
0.023529
0.023529
0.027451
0.023529
0.031373
0.031373
0.027451
0.027451
0.027451
0.027451
0.027451
0.027451
0.027451
0.027451
0.027451
0.027451
0.027451
0.027451
0.031373
0.015686
0.082353
0.333333
0.529412
0.607843
0.603922
0.356863
0.141176
0.023529
0.027451
0.023529
0.023529
0.023529
0.027451
0.023529
0.027451
0.023529
0.031373
0.031373
0.027451
0.027451
0.027451
0.027451
0.027451
0.027451
0.027451
0.027451
0.027451
0.027451
0.027451
0.027451
0.019608
0.215686
0.545098
0.725490
0.752941
0.725490
0.603922
0.356863
0.254902
0.027451
0.023529
0.027451
0.054902
0.043137
0.023529
0.027451
0.035294
0.035294
0.039216
0.027451
0.027451
0.031373
0.027451
0.027451
0.027451
0.027451
0.027451
0.027451
0.027451
0.027451
0.031373
0.023529
0.266667
0.682353
0.705882
0.729412
0.698039
0.670588
0.639216
0.396078
0.309804
0.086275
0.015686
0.031373
0.094118
0.243137
0.070588
0.031373
0.031373
0.035294
0.043137
0.027451
0.027451
0.027451
0.027451
0.027451
0.027451
0.027451
0.027451
0.027451
0.031373
0.039216
0.023529
0.192157
0.694118
0.650980
0.639216
0.623529
0.749020
0.760784
0.643137
0.513725
0.376471
0.172549
0.023529
0.031373
0.168627
0.250980
0.105882
0.027451
0.031373
0.043137
0.043137
0.027451
0.027451
0.031373
0.031373
0.031373
0.027451
0.027451
0.027451
0.027451
0.015686
0.019608
0.086275
0.627451
0.729412
0.658824
0.674510
0.674510
0.772549
0.764706
0.576471
0.450980
0.392157
0.211765
0.023529
0.047059
0.219608
0.247059
0.101961
0.023529
0.035294
0.047059
0.019608
0.043137
0.043137
0.019608
0.011765
0.031373
0.031373
0.027451
0.031373
0.031373
0.145098
0.129412
0.533333
0.780392
0.725490
0.690196
0.647059
0.694118
0.737255
0.713725
0.513725
0.423529
0.337255
0.200000
0.015686
0.113725
0.321569
0.290196
0.047059
0.031373
0.027451
0.094118
0.439216
0.741176
0.760784
0.533333
0.215686
0.043137
0.027451
0.015686
0.023529
0.137255
0.678431
0.756863
0.827451
0.725490
0.674510
0.670588
0.690196
0.647059
0.521569
0.458824
0.474510
0.384314
0.376471
0.145098
0.023529
0.101961
0.141176
0.325490
0.098039
0.066667
0.149020
0.709804
0.952941
0.937255
0.937255
0.905882
0.870588
0.447059
0.207843
0.152941
0.078431
0.486275
0.760784
0.780392
0.690196
0.592157
0.615686
0.752941
0.690196
0.541176
0.439216
0.392157
0.419608
0.349020
0.431373
0.164706
0.027451
0.164706
0.160784
0.180392
0.109804
0.070588
0.635294
0.964706
0.929412
0.921569
0.937255
0.921569
0.862745
0.321569
0.282353
0.329412
0.407843
0.631373
0.733333
0.682353
0.611765
0.498039
0.584314
0.556863
0.501961
0.552941
0.498039
0.345098
0.384314
0.196078
0.309804
0.156863
0.019608
0.211765
0.266667
0.223529
0.294118
0.462745
0.929412
0.964706
0.937255
0.925490
0.956863
0.964706
0.733333
0.239216
0.231373
0.258824
0.415686
0.607843
0.666667
0.615686
0.549020
0.678431
0.584314
0.439216
0.392157
0.376471
0.356863
0.211765
0.270588
0.211765
0.313725
0.188235
0.015686
0.078431
0.184314
0.180392
0.301961
0.796078
0.917647
0.937255
0.913725
0.917647
0.937255
0.980392
0.623529
0.258824
0.254902
0.290196
0.466667
0.552941
0.431373
0.325490
0.317647
0.721569
0.733333
0.674510
0.454902
0.266667
0.184314
0.117647
0.125490
0.258824
0.211765
0.188235
0.031373
0.054902
0.066667
0.070588
0.254902
0.701961
0.815686
0.901961
0.929412
0.917647
0.917647
0.949020
0.509804
0.262745
0.266667
0.388235
0.415686
0.431373
0.298039
0.274510
0.266667
0.705882
0.760784
0.760784
0.627451
0.549020
0.215686
0.082353
0.035294
0.313725
0.298039
0.109804
0.023529
0.196078
0.149020
0.117647
0.623529
0.639216
0.752941
0.882353
0.898039
0.882353
0.894118
0.917647
0.498039
0.231373
0.329412
0.380392
0.364706
0.258824
0.298039
0.301961
0.301961
0.850980
0.815686
0.749020
0.694118
0.549020
0.266667
0.054902
0.035294
0.152941
0.294118
0.050980
0.023529
0.176471
0.180392
0.254902
0.729412
0.552941
0.713725
0.819608
0.835294
0.858824
0.866667
0.890196
0.760784
0.301961
0.258824
0.247059
0.235294
0.227451
0.196078
0.196078
0.435294
0.952941
0.909804
0.807843
0.729412
0.580392
0.152941
0.023529
0.031373
0.023529
0.050980
0.027451
0.023529
0.090196
0.058824
0.325490
0.670588
0.458824
0.666667
0.741176
0.835294
0.835294
0.827451
0.882353
0.960784
0.866667
0.639216
0.419608
0.254902
0.192157
0.180392
0.266667
0.827451
0.949020
0.917647
0.819608
0.713725
0.549020
0.098039
0.035294
0.039216
0.035294
0.023529
0.027451
0.027451
0.105882
0.066667
0.333333
0.588235
0.376471
0.619608
0.709804
0.800000
0.835294
0.764706
0.847059
0.878431
0.941176
0.960784
0.925490
0.843137
0.709804
0.368627
0.800000
0.964706
0.898039
0.854902
0.796078
0.650980
0.423529
0.047059
0.035294
0.039216
0.039216
0.031373
0.027451
0.027451
0.082353
0.050980
0.439216
0.505882
0.352941
0.619608
0.698039
0.756863
0.827451
0.533333
0.658824
0.776471
0.839216
0.894118
0.901961
0.917647
0.890196
0.486275
0.862745
0.882353
0.839216
0.796078
0.800000
0.639216
0.329412
0.035294
0.039216
0.039216
0.039216
0.031373
0.027451
0.027451
0.058824
0.141176
0.596078
0.431373
0.396078
0.513725
0.698039
0.733333
0.780392
0.333333
0.482353
0.721569
0.800000
0.858824
0.882353
0.874510
0.847059
0.478431
0.709804
0.760784
0.745098
0.733333
0.788235
0.584314
0.250980
0.031373
0.043137
0.039216
0.039216
0.031373
0.031373
0.027451
0.094118
0.556863
0.619608
0.439216
0.376471
0.274510
0.674510
0.729412
0.576471
0.192157
0.345098
0.658824
0.741176
0.752941
0.796078
0.823529
0.803922
0.513725
0.611765
0.686275
0.635294
0.623529
0.682353
0.447059
0.168627
0.027451
0.035294
0.035294
0.031373
0.027451
0.027451
0.027451
0.600000
0.796078
0.564706
0.439216
0.313725
0.219608
0.682353
0.666667
0.431373
0.247059
0.223529
0.462745
0.686275
0.698039
0.721569
0.698039
0.745098
0.537255
0.643137
0.682353
0.643137
0.674510
0.517647
0.349020
0.078431
0.027451
0.027451
0.027451
0.023529
0.023529
0.023529
0.023529
0.737255
0.666667
0.466667
0.431373
0.223529
0.325490
0.764706
0.596078
0.384314
0.309804
0.235294
0.094118
0.384314
0.552941
0.600000
0.584314
0.525490
0.372549
0.650980
0.901961
0.843137
0.482353
0.368627
0.215686
0.031373
0.027451
0.027451
0.027451
0.027451
0.027451
0.027451
0.027451
0.611765
0.505882
0.388235
0.403922
0.145098
0.513725
0.666667
0.443137
0.376471
0.294118
0.137255
0.050980
0.062745
0.207843
0.356863
0.454902
0.427451
0.345098
0.662745
0.925490
0.729412
0.392157
0.392157
0.160784
0.027451
0.031373
0.027451
0.027451
0.027451
0.027451
0.027451
0.023529
0.501961
0.403922
0.396078
0.380392
0.368627
0.564706
0.501961
0.364706
0.372549
0.223529
0.070588
0.070588
0.070588
0.054902
0.062745
0.101961
0.117647
0.141176
0.690196
0.823529
0.486275
0.317647
0.360784
0.149020
0.047059
0.047059
0.047059
0.047059
0.047059
0.043137
0.043137
0.039216
0.407843
0.427451
0.411765
0.333333
0.588235
0.556863
0.419608
0.439216
0.329412
0.196078
0.172549
0.121569
0.113725
0.145098
0.180392
0.203922
0.227451
0.262745
0.741176
0.698039
0.329412
0.298039
0.376471
0.243137
0.160784
0.121569
0.082353
0.066667
0.058824
0.054902
0.050980
0.050980
0.447059
0.470588
0.262745
0.341176
0.509804
0.572549
0.356863
0.345098
0.290196
0.321569
0.388235
0.396078
0.372549
0.372549
0.368627
0.380392
0.384314
0.439216
0.756863
0.588235
0.388235
0.360784
0.584314
0.411765
0.349020
0.329412
0.290196
0.239216
0.172549
0.109804
0.078431
0.074510
0.415686
0.364706
0.125490
0.419608
0.521569
0.486275
0.400000
0.349020
0.290196
0.368627
0.466667
0.537255
0.482353
0.482353
0.474510
0.458824
0.450980
0.521569
0.737255
0.549020
0.450980
0.435294
0.647059
0.458824
0.396078
0.388235
0.380392
0.368627
0.337255
0.274510
0.192157
0.129412
0.200000
0.298039
0.090196
0.439216
0.478431
0.498039
0.470588
0.317647
0.184314
0.439216
0.466667
0.564706
0.541176
0.521569
0.529412
0.525490
0.505882
0.650980
0.784314
0.517647
0.482353
0.478431
0.690196
0.490196
0.439216
0.423529
0.407843
0.388235
0.360784
0.341176
0.301961
0.211765
