0.549020
0.670588
0.847059
0.549020
0.670588
0.847059
0.552941
0.674510
0.850980
0.560784
0.682353
0.858824
0.564706
0.686275
0.862745
0.564706
0.686275
0.862745
0.568627
0.694118
0.870588
0.576471
0.698039
0.874510
0.580392
0.705882
0.882353
0.580392
0.705882
0.882353
0.588235
0.709804
0.870588
0.611765
0.729412
0.898039
0.611765
0.721569
0.909804
0.619608
0.737255
0.898039
0.623529
0.741176
0.909804
0.607843
0.729412
0.905882
0.611765
0.733333
0.905882
0.611765
0.733333
0.905882
0.619608
0.733333
0.901961
0.619608
0.733333
0.901961
0.619608
0.729412
0.898039
0.619608
0.733333
0.901961
0.623529
0.737255
0.905882
0.623529
0.737255
0.905882
0.619608
0.737255
0.905882
0.635294
0.749020
0.913725
0.654902
0.768627
0.925490
0.631373
0.745098
0.898039
0.643137
0.756863
0.909804
0.658824
0.772549
0.917647
0.627451
0.745098
0.886275
0.611765
0.741176
0.898039
0.560784
0.682353
0.854902
0.560784
0.682353
0.850980
0.568627
0.690196
0.858824
0.572549
0.694118
0.862745
0.576471
0.698039
0.870588
0.576471
0.698039
0.870588
0.588235
0.705882
0.874510
0.596078
0.713725
0.874510
0.592157
0.717647
0.890196
0.588235
0.725490
0.901961
0.603922
0.717647
0.886275
0.607843
0.701961
0.874510
0.611765
0.713725
0.898039
0.619608
0.729412
0.905882
0.611765
0.733333
0.898039
0.607843
0.733333
0.898039
0.615686
0.741176
0.905882
0.619608
0.741176
0.905882
0.623529
0.737255
0.894118
0.627451
0.737255
0.894118
0.635294
0.745098
0.901961
0.635294
0.741176
0.905882
0.639216
0.737255
0.905882
0.643137
0.741176
0.909804
0.647059
0.745098
0.913725
0.639216
0.756863
0.925490
0.635294
0.772549
0.937255
0.650980
0.772549
0.929412
0.666667
0.776471
0.925490
0.643137
0.764706
0.917647
0.619608
0.752941
0.909804
0.615686
0.752941
0.913725
0.572549
0.698039
0.862745
0.572549
0.698039
0.858824
0.580392
0.705882
0.866667
0.584314
0.709804
0.870588
0.592157
0.713725
0.874510
0.592157
0.717647
0.878431
0.603922
0.721569
0.878431
0.619608
0.733333
0.882353
0.619608
0.733333
0.882353
0.623529
0.737255
0.886275
0.678431
0.760784
0.894118
0.749020
0.807843
0.925490
0.705882
0.784314
0.917647
0.650980
0.741176
0.894118
0.670588
0.752941
0.882353
0.713725
0.792157
0.905882
0.741176
0.815686
0.933333
0.741176
0.819608
0.933333
0.705882
0.796078
0.925490
0.698039
0.788235
0.917647
0.678431
0.764706
0.898039
0.698039
0.788235
0.917647
0.713725
0.800000
0.941176
0.690196
0.776471
0.921569
0.674510
0.756863
0.905882
0.662745
0.764706
0.905882
0.643137
0.760784
0.901961
0.647059
0.764706
0.905882
0.654902
0.772549
0.913725
0.639216
0.768627
0.917647
0.631373
0.760784
0.917647
0.635294
0.760784
0.913725
0.588235
0.713725
0.866667
0.588235
0.713725
0.862745
0.596078
0.721569
0.870588
0.600000
0.725490
0.878431
0.603922
0.729412
0.882353
0.603922
0.733333
0.882353
0.615686
0.741176
0.890196
0.647059
0.756863
0.894118
0.694118
0.780392
0.894118
0.760784
0.819608
0.913725
0.839216
0.858824
0.933333
0.898039
0.909804
0.952941
0.854902
0.894118
0.949020
0.741176
0.800000
0.901961
0.721569
0.792157
0.901961
0.737255
0.811765
0.913725
0.745098
0.819608
0.921569
0.752941
0.819608
0.925490
0.796078
0.850980
0.941176
0.854902
0.905882
0.980392
0.819608
0.866667
0.952941
0.803922
0.858824
0.952941
0.792157
0.866667
0.960784
0.752941
0.827451
0.933333
0.760784
0.839216
0.941176
0.764706
0.835294
0.929412
0.745098
0.819608
0.913725
0.698039
0.796078
0.909804
0.670588
0.792157
0.925490
0.670588
0.796078
0.941176
0.666667
0.780392
0.921569
0.678431
0.776471
0.909804
0.607843
0.729412
0.882353
0.603922
0.725490
0.878431
0.611765
0.733333
0.882353
0.619608
0.737255
0.890196
0.623529
0.745098
0.894118
0.623529
0.745098
0.898039
0.631373
0.752941
0.901961
0.654902
0.764706
0.901961
0.713725
0.792157
0.901961
0.792157
0.839216
0.925490
0.843137
0.858824
0.921569
0.843137
0.854902
0.894118
0.823529
0.862745
0.901961
0.788235
0.839216
0.917647
0.717647
0.803922
0.917647
0.682353
0.780392
0.901961
0.694118
0.792157
0.913725
0.717647
0.811765
0.925490
0.784314
0.835294
0.917647
0.807843
0.847059
0.921569
0.815686
0.854902
0.925490
0.776471
0.823529
0.898039
0.741176
0.819608
0.901961
0.737255
0.823529
0.917647
0.760784
0.843137
0.933333
0.815686
0.870588
0.945098
0.835294
0.886275
0.949020
0.745098
0.831373
0.929412
0.670588
0.796078
0.925490
0.674510
0.800000
0.937255
0.698039
0.803922
0.929412
0.721569
0.807843
0.929412
0.627451
0.741176
0.898039
0.623529
0.737255
0.890196
0.631373
0.741176
0.894118
0.635294
0.749020
0.894118
0.639216
0.756863
0.901961
0.643137
0.760784
0.905882
0.650980
0.768627
0.909804
0.662745
0.772549
0.901961
0.670588
0.776471
0.901961
0.682353
0.784314
0.905882
0.709804
0.796078
0.905882
0.717647
0.792157
0.898039
0.717647
0.800000
0.901961
0.729412
0.811765
0.921569
0.709804
0.800000
0.917647
0.701961
0.796078
0.913725
0.713725
0.803922
0.925490
0.737255
0.827451
0.941176
0.737255
0.823529
0.921569
0.733333
0.803922
0.894118
0.776471
0.835294
0.913725
0.815686
0.862745
0.921569
0.792157
0.858824
0.913725
0.756863
0.847059
0.937255
0.741176
0.815686
0.917647
0.835294
0.882353
0.949020
0.847059
0.894118
0.941176
0.764706
0.843137
0.913725
0.733333
0.839216
0.933333
0.705882
0.823529
0.937255
0.705882
0.819608
0.933333
0.721569
0.819608
0.941176
0.650980
0.756863
0.901961
0.647059
0.749020
0.894118
0.650980
0.756863
0.898039
0.643137
0.768627
0.894118
0.647059
0.776471
0.901961
0.654902
0.780392
0.905882
0.666667
0.788235
0.909804
0.682353
0.788235
0.909804
0.686275
0.792157
0.913725
0.686275
0.796078
0.917647
0.690196
0.796078
0.917647
0.694118
0.796078
0.917647
0.701961
0.803922
0.925490
0.705882
0.807843
0.929412
0.709804
0.811765
0.929412
0.713725
0.815686
0.933333
0.717647
0.819608
0.937255
0.713725
0.815686
0.933333
0.717647
0.823529
0.929412
0.764706
0.847059
0.941176
0.839216
0.898039
0.956863
0.898039
0.925490
0.952941
0.894118
0.901961
0.917647
0.850980
0.882353
0.933333
0.827451
0.862745
0.933333
0.874510
0.898039
0.941176
0.882353
0.898039
0.925490
0.843137
0.886275
0.929412
0.800000
0.862745
0.921569
0.768627
0.847059
0.929412
0.745098
0.831373
0.925490
0.741176
0.835294
0.929412
0.666667
0.768627
0.898039
0.666667
0.764706
0.894118
0.670588
0.772549
0.898039
0.662745
0.784314
0.890196
0.662745
0.792157
0.894118
0.670588
0.796078
0.898039
0.686275
0.803922
0.909804
0.701961
0.803922
0.913725
0.701961
0.807843
0.913725
0.705882
0.811765
0.917647
0.705882
0.811765
0.921569
0.705882
0.815686
0.929412
0.709804
0.819608
0.933333
0.717647
0.827451
0.937255
0.721569
0.831373
0.945098
0.721569
0.831373
0.945098
0.725490
0.839216
0.949020
0.729412
0.839216
0.952941
0.729412
0.843137
0.941176
0.764706
0.850980
0.937255
0.823529
0.874510
0.933333
0.850980
0.878431
0.917647
0.862745
0.878431
0.917647
0.843137
0.878431
0.933333
0.823529
0.874510
0.949020
0.823529
0.874510
0.937255
0.827451
0.874510
0.921569
0.807843
0.866667
0.925490
0.784314
0.854902
0.925490
0.815686
0.870588
0.941176
0.815686
0.870588
0.933333
0.792157
0.870588
0.929412
0.682353
0.780392
0.894118
0.686275
0.776471
0.894118
0.694118
0.788235
0.898039
0.698039
0.800000
0.886275
0.701961
0.803922
0.890196
0.709804
0.811765
0.898039
0.713725
0.815686
0.901961
0.717647
0.815686
0.909804
0.717647
0.815686
0.909804
0.721569
0.819608
0.913725
0.725490
0.823529
0.917647
0.733333
0.831373
0.925490
0.737255
0.835294
0.925490
0.745098
0.839216
0.933333
0.745098
0.843137
0.933333
0.745098
0.843137
0.937255
0.749020
0.847059
0.941176
0.752941
0.847059
0.937255
0.756863
0.850980
0.929412
0.764706
0.847059
0.917647
0.788235
0.850980
0.909804
0.784314
0.850980
0.913725
0.760784
0.843137
0.941176
0.776471
0.850980
0.941176
0.760784
0.850980
0.941176
0.752941
0.847059
0.941176
0.764706
0.854902
0.941176
0.760784
0.854902
0.945098
0.768627
0.866667
0.952941
0.815686
0.870588
0.937255
0.843137
0.874510
0.925490
0.831373
0.882353
0.929412
0.709804
0.796078
0.898039
0.705882
0.792157
0.898039
0.721569
0.803922
0.901961
0.741176
0.811765
0.894118
0.756863
0.827451
0.905882
0.764706
0.831373
0.909804
0.749020
0.823529
0.901961
0.737255
0.823529
0.909804
0.741176
0.827451
0.909804
0.745098
0.831373
0.917647
0.752941
0.835294
0.909804
0.764706
0.839216
0.909804
0.768627
0.847059
0.913725
0.772549
0.847059
0.917647
0.768627
0.847059
0.913725
0.768627
0.847059
0.917647
0.776471
0.850980
0.921569
0.780392
0.850980
0.913725
0.788235
0.850980
0.901961
0.784314
0.854902
0.905882
0.792157
0.870588
0.933333
0.666667
0.768627
0.862745
0.490196
0.603922
0.733333
0.752941
0.823529
0.909804
0.796078
0.858824
0.921569
0.776471
0.850980
0.917647
0.784314
0.854902
0.925490
0.788235
0.858824
0.925490
0.796078
0.862745
0.925490
0.823529
0.870588
0.925490
0.831373
0.862745
0.913725
0.843137
0.866667
0.921569
0.717647
0.800000
0.890196
0.729412
0.796078
0.898039
0.733333
0.807843
0.905882
0.756863
0.811765
0.901961
0.764706
0.815686
0.894118
0.772549
0.823529
0.878431
0.768627
0.819608
0.878431
0.764706
0.819608
0.886275
0.780392
0.831373
0.890196
0.796078
0.839216
0.917647
0.792157
0.847059
0.929412
0.784314
0.862745
0.925490
0.811765
0.890196
0.941176
0.839216
0.894118
0.945098
0.815686
0.898039
0.952941
0.807843
0.890196
0.949020
0.835294
0.886275
0.925490
0.850980
0.882353
0.890196
0.843137
0.870588
0.909804
0.843137
0.858824
0.933333
0.835294
0.890196
0.956863
0.521569
0.635294
0.756863
0.364706
0.466667
0.607843
0.807843
0.850980
0.913725
0.847059
0.898039
0.945098
0.835294
0.882353
0.929412
0.839216
0.886275
0.929412
0.831373
0.874510
0.917647
0.835294
0.874510
0.913725
0.831373
0.874510
0.905882
0.835294
0.874510
0.905882
0.843137
0.870588
0.905882
0.756863
0.831373
0.894118
0.780392
0.811765
0.890196
0.776471
0.835294
0.878431
0.752941
0.827451
0.866667
0.752941
0.819608
0.866667
0.800000
0.847059
0.901961
0.811765
0.843137
0.913725
0.819608
0.843137
0.909804
0.831373
0.862745
0.886275
0.803922
0.835294
0.870588
0.776471
0.803922
0.850980
0.749020
0.796078
0.831373
0.678431
0.745098
0.760784
0.682353
0.717647
0.733333
0.643137
0.670588
0.666667
0.635294
0.674510
0.682353
0.678431
0.717647
0.733333
0.658824
0.709804
0.686275
0.611765
0.678431
0.658824
0.556863
0.600000
0.600000
0.529412
0.627451
0.619608
0.278431
0.443137
0.552941
0.294118
0.392157
0.501961
0.603922
0.635294
0.643137
0.690196
0.745098
0.756863
0.658824
0.698039
0.705882
0.639216
0.674510
0.674510
0.588235
0.623529
0.627451
0.568627
0.607843
0.607843
0.560784
0.592157
0.588235
0.564706
0.596078
0.592157
0.647059
0.678431
0.674510
0.584314
0.650980
0.658824
0.611765
0.623529
0.619608
0.533333
0.556863
0.501961
0.431373
0.501961
0.431373
0.411765
0.462745
0.427451
0.556863
0.584314
0.592157
0.682353
0.690196
0.717647
0.611765
0.619608
0.631373
0.552941
0.588235
0.572549
0.521569
0.580392
0.568627
0.466667
0.517647
0.545098
0.439216
0.505882
0.556863
0.443137
0.556863
0.600000
0.380392
0.501961
0.552941
0.270588
0.349020
0.380392
0.231373
0.278431
0.294118
0.333333
0.364706
0.349020
0.349020
0.376471
0.317647
0.317647
0.345098
0.290196
0.298039
0.329412
0.250980
0.258824
0.352941
0.317647
0.180392
0.321569
0.462745
0.254902
0.325490
0.400000
0.388235
0.392157
0.352941
0.462745
0.482353
0.439216
0.466667
0.470588
0.423529
0.454902
0.462745
0.415686
0.376471
0.384314
0.337255
0.388235
0.396078
0.349020
0.411765
0.411765
0.372549
0.423529
0.419608
0.388235
0.462745
0.458824
0.427451
0.450980
0.490196
0.458824
0.376471
0.368627
0.301961
0.388235
0.360784
0.247059
0.254902
0.247059
0.149020
0.266667
0.254902
0.156863
0.341176
0.325490
0.223529
0.411765
0.396078
0.274510
0.392157
0.392157
0.270588
0.360784
0.380392
0.329412
0.298039
0.341176
0.364706
0.278431
0.345098
0.403922
0.262745
0.356863
0.427451
0.305882
0.435294
0.513725
0.270588
0.443137
0.533333
0.278431
0.458824
0.584314
0.356863
0.501961
0.596078
0.498039
0.580392
0.596078
0.576471
0.600000
0.580392
0.588235
0.564706
0.596078
0.631373
0.627451
0.631373
0.498039
0.549020
0.611765
0.196078
0.282353
0.513725
0.317647
0.360784
0.450980
0.537255
0.505882
0.474510
0.521569
0.498039
0.454902
0.509804
0.474510
0.427451
0.533333
0.501961
0.462745
0.443137
0.411765
0.372549
0.450980
0.423529
0.380392
0.447059
0.415686
0.352941
0.490196
0.458824
0.384314
0.450980
0.415686
0.341176
0.725490
0.721569
0.686275
0.419608
0.396078
0.321569
0.552941
0.501961
0.392157
0.600000
0.541176
0.462745
0.619608
0.580392
0.501961
0.615686
0.611765
0.525490
0.588235
0.619608
0.521569
0.556863
0.623529
0.556863
0.486275
0.560784
0.592157
0.349020
0.431373
0.533333
0.400000
0.474510
0.549020
0.345098
0.392157
0.435294
0.305882
0.341176
0.392157
0.211765
0.266667
0.317647
0.196078
0.278431
0.345098
0.215686
0.329412
0.411765
0.301961
0.466667
0.584314
0.372549
0.552941
0.721569
0.419608
0.560784
0.701961
0.364706
0.513725
0.650980
0.250980
0.435294
0.584314
0.125490
0.298039
0.525490
0.305882
0.356863
0.431373
0.478431
0.439216
0.384314
0.501961
0.462745
0.392157
0.478431
0.431373
0.356863
0.498039
0.462745
0.400000
0.486275
0.454902
0.388235
0.505882
0.470588
0.407843
0.517647
0.482353
0.380392
0.556863
0.521569
0.400000
0.560784
0.525490
0.403922
0.482353
0.454902
0.458824
0.427451
0.400000
0.360784
0.615686
0.572549
0.490196
0.643137
0.635294
0.568627
0.639216
0.678431
0.678431
0.564706
0.658824
0.729412
0.521569
0.670588
0.776471
0.517647
0.713725
0.839216
0.494118
0.678431
0.831373
0.521569
0.701961
0.835294
0.443137
0.627451
0.737255
0.329412
0.470588
0.588235
0.349020
0.427451
0.556863
0.309804
0.396078
0.521569
0.349020
0.443137
0.541176
0.294118
0.407843
0.501961
0.258824
0.411765
0.568627
0.262745
0.439216
0.662745
0.254902
0.439216
0.650980
0.247059
0.431373
0.686275
0.227451
0.419608
0.623529
0.211765
0.376471
0.552941
0.392157
0.462745
0.466667
0.552941
0.541176
0.423529
0.576471
0.556863
0.423529
0.607843
0.572549
0.439216
0.596078
0.568627
0.447059
0.592157
0.564706
0.439216
0.592157
0.564706
0.443137
0.568627
0.541176
0.392157
0.541176
0.509804
0.349020
0.525490
0.494118
0.337255
0.376471
0.447059
0.541176
0.458824
0.462745
0.494118
0.427451
0.447059
0.435294
0.407843
0.580392
0.694118
0.392157
0.635294
0.819608
0.388235
0.670588
0.874510
0.400000
0.694118
0.890196
0.349020
0.643137
0.843137
0.270588
0.525490
0.725490
0.305882
0.498039
0.658824
0.400000
0.564706
0.666667
0.615686
0.717647
0.800000
0.439216
0.513725
0.627451
0.211765
0.400000
0.560784
0.352941
0.576471
0.768627
0.364706
0.572549
0.776471
0.341176
0.549020
0.768627
0.313725
0.513725
0.745098
0.278431
0.454902
0.650980
0.250980
0.384314
0.607843
0.215686
0.301961
0.482353
0.207843
0.262745
0.349020
0.329412
0.352941
0.301961
0.435294
0.431373
0.337255
0.454902
0.450980
0.352941
0.494118
0.466667
0.360784
0.529412
0.478431
0.364706
0.584314
0.529412
0.407843
0.623529
0.560784
0.435294
0.580392
0.545098
0.423529
0.529412
0.517647
0.407843
0.501961
0.501961
0.403922
0.407843
0.450980
0.447059
0.356863
0.392157
0.376471
0.215686
0.309804
0.352941
0.207843
0.454902
0.686275
0.231373
0.498039
0.749020
0.219608
0.450980
0.662745
0.176471
0.376471
0.556863
0.094118
0.294118
0.482353
0.050980
0.219608
0.407843
0.101961
0.203922
0.372549
0.337255
0.380392
0.462745
0.509804
0.501961
0.498039
0.396078
0.392157
0.380392
0.262745
0.341176
0.372549
0.125490
0.266667
0.345098
0.094118
0.258824
0.400000
0.149020
0.341176
0.560784
0.145098
0.352941
0.627451
0.235294
0.419608
0.674510
0.301961
0.439216
0.654902
0.207843
0.298039
0.415686
0.254902
0.305882
0.337255
0.325490
0.356863
0.364706
0.423529
0.454902
0.466667
0.470588
0.501961
0.509804
0.443137
0.501961
0.525490
0.403922
0.494118
0.533333
0.403922
0.482353
0.517647
0.427451
0.494118
0.517647
0.415686
0.486275
0.513725
0.380392
0.458824
0.490196
0.349020
0.427451
0.462745
0.580392
0.545098
0.372549
0.494118
0.509804
0.380392
0.254902
0.333333
0.337255
0.062745
0.231373
0.372549
0.054902
0.200000
0.349020
0.066667
0.160784
0.298039
0.082353
0.145098
0.262745
0.058824
0.129412
0.247059
0.031373
0.109804
0.243137
0.043137
0.086275
0.215686
0.094118
0.101961
0.196078
0.200000
0.219608
0.231373
0.211765
0.239216
0.184314
0.415686
0.388235
0.329412
0.439216
0.431373
0.376471
0.152941
0.196078
0.200000
0.058824
0.152941
0.270588
0.082353
0.223529
0.431373
0.200000
0.388235
0.639216
0.231373
0.392157
0.603922
0.223529
0.349020
0.462745
0.243137
0.341176
0.396078
0.196078
0.282353
0.352941
0.184314
0.274510
0.345098
0.184314
0.282353
0.352941
0.172549
0.254902
0.321569
0.188235
0.250980
0.305882
0.203922
0.258824
0.305882
0.215686
0.254902
0.290196
0.227451
0.258824
0.270588
0.258824
0.278431
0.270588
0.290196
0.298039
0.274510
0.513725
0.498039
0.325490
0.494118
0.474510
0.301961
0.474510
0.447059
0.333333
0.286275
0.305882
0.235294
0.160784
0.200000
0.172549
0.070588
0.133333
0.164706
0.058824
0.121569
0.168627
0.058824
0.113725
0.145098
0.035294
0.105882
0.160784
0.023529
0.082353
0.137255
0.011765
0.062745
0.137255
0.074510
0.152941
0.203922
0.054902
0.125490
0.113725
0.058824
0.062745
0.039216
0.227451
0.184314
0.164706
0.145098
0.121569
0.109804
0.039216
0.070588
0.070588
0.043137
0.113725
0.125490
0.086275
0.149020
0.176471
0.172549
0.211765
0.219608
0.247059
0.243137
0.247059
0.274510
0.250980
0.231373
0.313725
0.313725
0.227451
0.349020
0.352941
0.262745
0.360784
0.368627
0.282353
0.372549
0.376471
0.262745
0.439216
0.427451
0.278431
0.466667
0.447059
0.286275
0.470588
0.443137
0.274510
0.458824
0.431373
0.290196
0.505882
0.474510
0.345098
0.529412
0.486275
0.337255
0.380392
0.403922
0.329412
0.223529
0.215686
0.137255
0.486275
0.443137
0.301961
0.584314
0.541176
0.388235
0.490196
0.466667
0.345098
0.211765
0.239216
0.192157
0.070588
0.121569
0.117647
0.074510
0.117647
0.117647
0.035294
0.094118
0.105882
0.023529
0.070588
0.070588
0.074510
0.113725
0.098039
0.082353
0.113725
0.098039
0.109804
0.117647
0.105882
0.105882
0.109804
0.098039
0.121569
0.117647
0.109804
0.156863
0.149020
0.133333
0.250980
0.254902
0.207843
0.215686
0.235294
0.172549
0.078431
0.121569
0.082353
0.184314
0.219608
0.145098
0.301961
0.298039
0.223529
0.325490
0.313725
0.239216
0.317647
0.329412
0.200000
0.345098
0.360784
0.223529
0.352941
0.364706
0.231373
0.372549
0.380392
0.258824
0.447059
0.443137
0.329412
0.490196
0.474510
0.352941
0.498039
0.474510
0.345098
0.478431
0.470588
0.321569
0.490196
0.494118
0.341176
0.494118
0.501961
0.349020
0.298039
0.313725
0.258824
0.180392
0.200000
0.160784
0.247059
0.258824
0.160784
0.301961
0.294118
0.196078
0.301961
0.278431
0.192157
0.211765
0.211765
0.156863
0.133333
0.156863
0.133333
0.121569
0.145098
0.129412
0.078431
0.105882
0.090196
0.090196
0.098039
0.070588
0.231373
0.235294
0.145098
0.317647
0.286275
0.200000
0.384314
0.325490
0.286275
0.321569
0.294118
0.254902
0.254902
0.282353
0.235294
0.278431
0.305882
0.258824
0.203922
0.203922
0.160784
0.129412
0.121569
0.090196
0.090196
0.105882
0.078431
0.356863
0.368627
0.258824
0.494118
0.482353
0.309804
0.498039
0.470588
0.298039
0.439216
0.415686
0.270588
0.431373
0.411765
0.270588
0.431373
0.407843
0.266667
0.411765
0.392157
0.250980
0.447059
0.431373
0.286275
0.486275
0.458824
0.313725
0.490196
0.454902
0.305882
0.498039
0.454902
0.282353
0.498039
0.454902
0.282353
0.494118
0.462745
0.309804
0.478431
0.454902
0.317647
0.380392
0.384314
0.266667
0.278431
0.294118
0.192157
0.172549
0.176471
0.105882
0.129412
0.137255
0.086275
0.113725
0.137255
0.109804
0.141176
0.176471
0.168627
0.121569
0.149020
0.149020
0.098039
0.113725
0.105882
0.078431
0.074510
0.058824
0.129412
0.129412
0.082353
0.117647
0.117647
0.066667
0.117647
0.113725
0.074510
0.121569
0.129412
0.086275
0.109804
0.121569
0.082353
0.117647
0.125490
0.094118
0.105882
0.105882
0.078431
0.090196
0.090196
0.070588
0.137255
0.145098
0.105882
0.384314
0.376471
0.286275
0.517647
0.486275
0.333333
0.545098
0.501961
0.321569
0.517647
0.474510
0.313725
0.529412
0.490196
0.325490
0.545098
0.505882
0.337255
0.533333
0.501961
0.321569
0.521569
0.498039
0.313725
0.513725
0.490196
0.301961
0.498039
0.474510
0.282353
0.517647
0.482353
0.290196
0.509804
0.466667
0.282353
0.501961
0.462745
0.290196
0.313725
0.278431
0.149020
0.286275
0.274510
0.168627
0.286275
0.286275
0.196078
0.392157
0.392157
0.305882
0.392157
0.396078
0.329412
0.145098
0.160784
0.121569
0.109804
0.125490
0.109804
0.078431
0.086275
0.090196
0.074510
0.074510
0.070588
0.109804
0.098039
0.086275
0.137255
0.129412
0.090196
0.113725
0.121569
0.066667
0.074510
0.101961
0.054902
0.054902
0.094118
0.058824
0.070588
0.082353
0.070588
0.074510
0.074510
0.070588
0.066667
0.066667
0.062745
0.070588
0.074510
0.070588
0.094118
0.098039
0.101961
0.105882
0.109804
0.090196
0.141176
0.145098
0.094118
0.211765
0.211765
0.133333
0.258824
0.258824
0.145098
0.352941
0.352941
0.219608
0.435294
0.439216
0.286275
0.458824
0.443137
0.290196
0.494118
0.450980
0.305882
0.525490
0.486275
0.321569
0.513725
0.482353
0.298039
0.494118
0.470588
0.278431
0.478431
0.462745
0.258824
0.466667
0.454902
0.243137
0.427451
0.388235
0.266667
0.517647
0.494118
0.380392
0.454902
0.435294
0.329412
0.372549
0.356863
0.250980
0.250980
0.239216
0.145098
0.180392
0.164706
0.094118
0.254902
0.247059
0.152941
0.329412
0.321569
0.196078
0.388235
0.380392
0.247059
0.427451
0.419608
0.286275
0.372549
0.364706
0.262745
0.231373
0.235294
0.164706
0.129412
0.152941
0.098039
0.058824
0.098039
0.054902
0.074510
0.090196
0.035294
0.141176
0.137255
0.078431
0.207843
0.211765
0.149020
0.180392
0.180392
0.125490
0.129412
0.121569
0.078431
0.098039
0.101961
0.058824
0.058824
0.086275
0.039216
0.047059
0.078431
0.039216
0.066667
0.086275
0.050980
0.082353
0.105882
0.050980
0.121569
0.149020
0.066667
0.152941
0.164706
0.086275
0.200000
0.200000
0.125490
0.282353
0.286275
0.184314
0.321569
0.329412
0.207843
0.341176
0.341176
0.215686
0.388235
0.384314
0.247059
0.427451
0.427451
0.266667
0.580392
0.541176
0.403922
0.482353
0.443137
0.317647
0.376471
0.341176
0.215686
0.356863
0.333333
0.196078
0.403922
0.376471
0.243137
0.505882
0.466667
0.337255
0.568627
0.525490
0.403922
0.603922
0.556863
0.454902
0.462745
0.423529
0.325490
0.266667
0.235294
0.145098
0.176471
0.164706
0.078431
0.125490
0.125490
0.043137
0.152941
0.152941
0.070588
0.200000
0.200000
0.117647
0.352941
0.341176
0.211765
0.470588
0.450980
0.298039
0.533333
0.513725
0.360784
0.517647
0.494118
0.345098
0.450980
0.427451
0.286275
0.396078
0.384314
0.258824
0.333333
0.345098
0.223529
0.231373
0.254902
0.164706
0.152941
0.172549
0.137255
0.113725
0.133333
0.098039
0.074510
0.090196
0.050980
0.047059
0.078431
0.035294
0.027451
0.074510
0.031373
0.035294
0.082353
0.031373
0.054902
0.101961
0.047059
0.094118
0.117647
0.070588
0.141176
0.149020
0.101961
0.203922
0.215686
0.152941
0.541176
0.501961
0.345098
0.525490
0.482353
0.321569
0.564706
0.521569
0.360784
0.619608
0.588235
0.427451
0.619608
0.576471
0.415686
0.635294
0.576471
0.415686
0.639216
0.568627
0.431373
0.564706
0.490196
0.396078
0.423529
0.360784
0.278431
0.349020
0.298039
0.231373
0.278431
0.262745
0.180392
0.349020
0.345098
0.247059
0.490196
0.454902
0.337255
0.564706
0.513725
0.380392
0.611765
0.556863
0.396078
0.584314
0.529412
0.356863
0.556863
0.501961
0.329412
0.560784
0.505882
0.329412
0.584314
0.529412
0.356863
0.576471
0.525490
0.360784
0.568627
0.517647
0.364706
0.486275
0.458824
0.305882
0.423529
0.423529
0.262745
0.368627
0.368627
0.231373
0.345098
0.337255
0.227451
0.317647
0.321569
0.215686
0.235294
0.254902
0.149020
0.180392
0.196078
0.117647
0.133333
0.145098
0.086275
0.098039
0.117647
0.070588
0.070588
0.094118
0.054902
0.070588
0.094118
0.062745
0.572549
0.525490
0.356863
0.545098
0.505882
0.333333
0.549020
0.517647
0.341176
0.600000
0.556863
0.380392
0.588235
0.537255
0.364706
0.588235
0.529412
0.356863
0.607843
0.541176
0.372549
0.607843
0.541176
0.376471
0.603922
0.549020
0.388235
0.627451
0.576471
0.423529
0.584314
0.545098
0.411765
0.607843
0.568627
0.439216
0.607843
0.545098
0.403922
0.611765
0.537255
0.376471
0.619608
0.533333
0.376471
0.596078
0.517647
0.360784
0.584314
0.517647
0.356863
0.560784
0.501961
0.337255
0.568627
0.517647
0.341176
0.529412
0.478431
0.305882
0.517647
0.462745
0.294118
0.474510
0.427451
0.250980
0.474510
0.450980
0.250980
0.466667
0.443137
0.254902
0.478431
0.454902
0.290196
0.529412
0.509804
0.345098
0.482353
0.470588
0.301961
0.462745
0.447059
0.301961
0.431373
0.407843
0.286275
0.360784
0.360784
0.235294
0.290196
0.301961
0.184314
0.196078
0.203922
0.121569
0.639216
0.580392
0.415686
0.607843
0.568627
0.403922
0.611765
0.576471
0.403922
0.647059
0.592157
0.415686
0.603922
0.549020
0.368627
0.596078
0.541176
0.364706
0.596078
0.541176
0.368627
0.631373
0.572549
0.411765
0.623529
0.564706
0.403922
0.600000
0.541176
0.380392
0.615686
0.556863
0.396078
0.643137
0.580392
0.419608
0.639216
0.576471
0.415686
0.607843
0.545098
0.384314
0.635294
0.549020
0.400000
0.623529
0.541176
0.388235
0.568627
0.505882
0.345098
0.533333
0.486275
0.317647
0.513725
0.482353
0.298039
0.513725
0.482353
0.298039
0.470588
0.439216
0.254902
0.490196
0.454902
0.278431
0.513725
0.478431
0.313725
0.494118
0.458824
0.298039
0.462745
0.427451
0.266667
0.482353
0.450980
0.282353
0.486275
0.462745
0.286275
0.517647
0.494118
0.317647
0.525490
0.498039
0.325490
0.474510
0.458824
0.274510
0.431373
0.419608
0.250980
0.345098
0.325490
0.192157
0.662745
0.584314
0.427451
0.654902
0.592157
0.431373
0.670588
0.611765
0.447059
0.674510
0.615686
0.443137
0.639216
0.584314
0.407843
0.615686
0.556863
0.384314
0.619608
0.564706
0.396078
0.627451
0.568627
0.407843
0.631373
0.572549
0.411765
0.607843
0.549020
0.388235
0.611765
0.556863
0.392157
0.607843
0.549020
0.388235
0.623529
0.568627
0.407843
0.619608
0.560784
0.400000
0.654902
0.580392
0.423529
0.639216
0.560784
0.407843
0.572549
0.505882
0.349020
0.556863
0.498039
0.337255
0.525490
0.486275
0.305882
0.533333
0.498039
0.317647
0.521569
0.486275
0.305882
0.533333
0.498039
0.321569
0.556863
0.517647
0.356863
0.549020
0.505882
0.349020
0.541176
0.498039
0.341176
0.537255
0.498039
0.333333
0.505882
0.474510
0.301961
0.494118
0.462745
0.290196
0.521569
0.490196
0.317647
0.525490
0.505882
0.329412
0.462745
0.447059
0.278431
0.447059
0.423529
0.282353
0.713725
0.635294
0.478431
0.694118
0.611765
0.458824
0.666667
0.588235
0.435294
0.650980
0.588235
0.427451
0.619608
0.560784
0.400000
0.576471
0.517647
0.356863
0.623529
0.564706
0.400000
0.623529
0.564706
0.403922
0.596078
0.537255
0.376471
0.588235
0.529412
0.368627
0.596078
0.545098
0.384314
0.560784
0.513725
0.349020
0.584314
0.537255
0.372549
0.545098
0.498039
0.333333
0.556863
0.490196
0.333333
0.588235
0.513725
0.360784
0.611765
0.537255
0.384314
0.623529
0.556863
0.396078
0.596078
0.545098
0.380392
0.596078
0.549020
0.380392
0.603922
0.552941
0.388235
0.600000
0.549020
0.384314
0.580392
0.525490
0.372549
0.580392
0.529412
0.376471
0.568627
0.513725
0.360784
0.529412
0.482353
0.321569
0.513725
0.470588
0.305882
0.501961
0.458824
0.294118
0.505882
0.462745
0.298039
0.541176
0.509804
0.341176
0.490196
0.466667
0.301961
0.501961
0.474510
0.321569
0.666667
0.607843
0.443137
0.686275
0.615686
0.458824
0.666667
0.592157
0.435294
0.658824
0.596078
0.443137
0.654902
0.596078
0.439216
0.643137
0.584314
0.427451
0.627451
0.568627
0.415686
0.603922
0.545098
0.384314
0.611765
0.552941
0.392157
0.611765
0.552941
0.392157
0.572549
0.525490
0.360784
0.533333
0.494118
0.325490
0.525490
0.486275
0.321569
0.521569
0.486275
0.317647
0.509804
0.458824
0.298039
0.549020
0.482353
0.325490
0.576471
0.501961
0.345098
0.619608
0.537255
0.384314
0.615686
0.552941
0.396078
0.627451
0.568627
0.415686
0.643137
0.588235
0.431373
0.639216
0.584314
0.427451
0.627451
0.568627
0.415686
0.635294
0.576471
0.423529
0.619608
0.560784
0.407843
0.533333
0.478431
0.321569
0.505882
0.458824
0.294118
0.513725
0.466667
0.301961
0.525490
0.474510
0.309804
0.541176
0.498039
0.337255
0.486275
0.447059
0.290196
0.498039
0.458824
0.298039
