0.945098
0.933333
0.933333
0.941176
0.945098
0.945098
0.945098
0.949020
0.949020
0.949020
0.956863
0.952941
0.949020
0.952941
0.952941
0.949020
0.952941
0.960784
0.956863
0.949020
0.945098
0.945098
0.941176
0.945098
0.952941
0.956863
0.960784
0.960784
0.960784
0.956863
0.952941
0.956863
0.945098
0.937255
0.941176
0.949020
0.949020
0.949020
0.949020
0.952941
0.952941
0.952941
0.960784
0.960784
0.956863
0.956863
0.960784
0.956863
0.960784
0.960784
0.956863
0.952941
0.949020
0.952941
0.949020
0.952941
0.960784
0.964706
0.964706
0.964706
0.964706
0.956863
0.960784
0.968627
0.921569
0.913725
0.921569
0.929412
0.933333
0.933333
0.933333
0.937255
0.937255
0.933333
0.941176
0.941176
0.941176
0.945098
0.945098
0.941176
0.941176
0.937255
0.937255
0.933333
0.929412
0.929412
0.933333
0.937255
0.945098
0.949020
0.949020
0.949020
0.945098
0.945098
0.949020
0.956863
0.905882
0.898039
0.905882
0.913725
0.921569
0.925490
0.921569
0.925490
0.925490
0.921569
0.921569
0.929412
0.933333
0.941176
0.937255
0.929412
0.929412
0.925490
0.925490
0.921569
0.917647
0.925490
0.929412
0.933333
0.933333
0.941176
0.941176
0.941176
0.941176
0.945098
0.949020
0.952941
0.882353
0.874510
0.886275
0.894118
0.901961
0.901961
0.901961
0.905882
0.909804
0.913725
0.917647
0.917647
0.917647
0.925490
0.921569
0.917647
0.913725
0.909804
0.909804
0.901961
0.901961
0.909804
0.913725
0.917647
0.925490
0.929412
0.929412
0.925490
0.925490
0.929412
0.937255
0.945098
0.862745
0.850980
0.862745
0.874510
0.878431
0.882353
0.878431
0.870588
0.886275
0.839216
0.768627
0.839216
0.913725
0.913725
0.905882
0.901961
0.905882
0.901961
0.894118
0.890196
0.886275
0.894118
0.898039
0.905882
0.913725
0.913725
0.913725
0.913725
0.913725
0.917647
0.925490
0.933333
0.835294
0.819608
0.839216
0.850980
0.854902
0.858824
0.870588
0.886275
0.784314
0.505882
0.443137
0.596078
0.768627
0.878431
0.894118
0.878431
0.890196
0.890196
0.882353
0.874510
0.874510
0.882353
0.890196
0.894118
0.894118
0.894118
0.890196
0.890196
0.898039
0.901961
0.909804
0.921569
0.815686
0.796078
0.819608
0.831373
0.819608
0.737255
0.792157
0.803922
0.556863
0.364706
0.392157
0.474510
0.564706
0.717647
0.843137
0.870588
0.858824
0.854902
0.862745
0.866667
0.866667
0.874510
0.886275
0.886275
0.882353
0.874510
0.866667
0.862745
0.874510
0.886275
0.894118
0.905882
0.792157
0.776471
0.796078
0.807843
0.807843
0.737255
0.596078
0.466667
0.356863
0.305882
0.431373
0.443137
0.490196
0.627451
0.713725
0.780392
0.839216
0.843137
0.847059
0.854902
0.854902
0.858824
0.878431
0.878431
0.866667
0.854902
0.847059
0.843137
0.854902
0.866667
0.874510
0.886275
0.776471
0.756863
0.776471
0.784314
0.792157
0.803922
0.792157
0.682353
0.533333
0.392157
0.396078
0.403922
0.462745
0.564706
0.607843
0.654902
0.752941
0.784314
0.796078
0.839216
0.843137
0.850980
0.870588
0.870588
0.854902
0.839216
0.835294
0.835294
0.843137
0.850980
0.854902
0.866667
0.764706
0.745098
0.756863
0.764706
0.768627
0.772549
0.788235
0.784314
0.713725
0.615686
0.482353
0.458824
0.494118
0.498039
0.533333
0.607843
0.670588
0.694118
0.725490
0.807843
0.827451
0.847059
0.870588
0.866667
0.847059
0.819608
0.823529
0.831373
0.831373
0.831373
0.835294
0.843137
0.752941
0.733333
0.745098
0.756863
0.760784
0.760784
0.768627
0.764706
0.607843
0.533333
0.494118
0.458824
0.450980
0.454902
0.501961
0.580392
0.643137
0.674510
0.705882
0.760784
0.768627
0.823529
0.882353
0.862745
0.843137
0.811765
0.811765
0.815686
0.815686
0.815686
0.819608
0.827451
0.733333
0.721569
0.737255
0.745098
0.749020
0.752941
0.760784
0.772549
0.537255
0.329412
0.337255
0.317647
0.388235
0.494118
0.529412
0.576471
0.643137
0.654902
0.682353
0.741176
0.768627
0.760784
0.835294
0.866667
0.843137
0.807843
0.800000
0.800000
0.800000
0.803922
0.807843
0.811765
0.729412
0.709804
0.729412
0.737255
0.737255
0.745098
0.752941
0.768627
0.549020
0.333333
0.305882
0.262745
0.317647
0.454902
0.564706
0.627451
0.713725
0.745098
0.737255
0.733333
0.784314
0.764706
0.768627
0.850980
0.835294
0.796078
0.784314
0.784314
0.780392
0.788235
0.796078
0.803922
0.819608
0.725490
0.721569
0.725490
0.749020
0.749020
0.741176
0.764706
0.560784
0.333333
0.301961
0.250980
0.286275
0.392157
0.474510
0.631373
0.741176
0.752941
0.741176
0.772549
0.815686
0.792157
0.788235
0.792157
0.792157
0.784314
0.772549
0.772549
0.768627
0.772549
0.780392
0.796078
0.760784
0.780392
0.729412
0.737255
0.745098
0.725490
0.725490
0.756863
0.596078
0.329412
0.301961
0.258824
0.254902
0.305882
0.290196
0.439216
0.619608
0.615686
0.619608
0.701961
0.780392
0.811765
0.800000
0.776471
0.776471
0.772549
0.760784
0.764706
0.760784
0.756863
0.764706
0.788235
0.690196
0.737255
0.843137
0.819608
0.737255
0.721569
0.733333
0.737255
0.658824
0.341176
0.290196
0.274510
0.262745
0.317647
0.243137
0.247059
0.325490
0.478431
0.596078
0.607843
0.670588
0.756863
0.760784
0.737255
0.768627
0.784314
0.760784
0.756863
0.756863
0.756863
0.760784
0.776471
0.698039
0.686275
0.772549
0.725490
0.760784
0.815686
0.764706
0.745098
0.709804
0.407843
0.274510
0.286275
0.270588
0.329412
0.341176
0.298039
0.294118
0.443137
0.639216
0.635294
0.615686
0.615686
0.647059
0.729412
0.737255
0.749020
0.749020
0.756863
0.741176
0.752941
0.756863
0.756863
0.682353
0.666667
0.666667
0.592157
0.749020
0.811765
0.792157
0.792157
0.760784
0.541176
0.294118
0.298039
0.274510
0.294118
0.349020
0.364706
0.403922
0.490196
0.517647
0.501961
0.478431
0.537255
0.588235
0.647059
0.725490
0.721569
0.686275
0.709804
0.725490
0.745098
0.756863
0.745098
0.666667
0.650980
0.666667
0.654902
0.701961
0.756863
0.815686
0.823529
0.800000
0.690196
0.403922
0.301961
0.305882
0.341176
0.368627
0.345098
0.403922
0.454902
0.490196
0.505882
0.458824
0.317647
0.329412
0.427451
0.482353
0.568627
0.537255
0.635294
0.749020
0.741176
0.749020
0.733333
0.658824
0.643137
0.670588
0.709804
0.733333
0.772549
0.803922
0.803922
0.831373
0.768627
0.627451
0.400000
0.321569
0.360784
0.400000
0.345098
0.349020
0.384314
0.411765
0.478431
0.521569
0.368627
0.396078
0.549020
0.517647
0.462745
0.400000
0.513725
0.729412
0.764706
0.745098
0.725490
0.662745
0.650980
0.678431
0.721569
0.741176
0.784314
0.847059
0.839216
0.835294
0.811765
0.850980
0.670588
0.411765
0.341176
0.345098
0.337255
0.372549
0.435294
0.407843
0.431373
0.501961
0.525490
0.678431
0.788235
0.760784
0.670588
0.607843
0.568627
0.580392
0.721569
0.756863
0.709804
0.682353
0.674510
0.694118
0.725490
0.745098
0.788235
0.858824
0.894118
0.827451
0.796078
0.764706
0.737255
0.647059
0.349020
0.274510
0.305882
0.376471
0.501961
0.458824
0.490196
0.556863
0.690196
0.788235
0.796078
0.784314
0.745098
0.721569
0.713725
0.666667
0.705882
0.725490
0.698039
0.701961
0.694118
0.701961
0.721569
0.737255
0.776471
0.858824
0.898039
0.847059
0.737255
0.623529
0.647059
0.560784
0.231373
0.400000
0.474510
0.513725
0.592157
0.541176
0.639216
0.705882
0.745098
0.780392
0.788235
0.788235
0.756863
0.717647
0.733333
0.741176
0.717647
0.694118
0.670588
0.713725
0.701961
0.705882
0.709804
0.709804
0.752941
0.854902
0.898039
0.835294
0.721569
0.737255
0.733333
0.592157
0.309804
0.400000
0.454902
0.733333
0.721569
0.670588
0.768627
0.776471
0.760784
0.780392
0.760784
0.839216
0.792157
0.721569
0.729412
0.721569
0.705882
0.686275
0.650980
0.729412
0.705882
0.701961
0.701961
0.698039
0.745098
0.850980
0.890196
0.831373
0.768627
0.764706
0.749020
0.772549
0.552941
0.396078
0.470588
0.552941
0.670588
0.682353
0.784314
0.749020
0.760784
0.768627
0.717647
0.772549
0.784314
0.752941
0.749020
0.749020
0.729412
0.776471
0.800000
0.745098
0.709804
0.690196
0.686275
0.686275
0.737255
0.843137
0.878431
0.827451
0.780392
0.760784
0.749020
0.752941
0.741176
0.717647
0.615686
0.545098
0.705882
0.721569
0.745098
0.752941
0.721569
0.733333
0.650980
0.596078
0.709804
0.698039
0.713725
0.678431
0.752941
0.729412
0.737255
0.749020
0.709804
0.686275
0.674510
0.674510
0.733333
0.835294
0.866667
0.819608
0.784314
0.768627
0.752941
0.745098
0.741176
0.737255
0.666667
0.568627
0.709804
0.760784
0.752941
0.768627
0.768627
0.772549
0.701961
0.709804
0.733333
0.686275
0.670588
0.647059
0.670588
0.615686
0.600000
0.749020
0.717647
0.694118
0.662745
0.662745
0.725490
0.827451
0.858824
0.807843
0.784314
0.780392
0.760784
0.741176
0.725490
0.705882
0.686275
0.639216
0.670588
0.733333
0.741176
0.752941
0.768627
0.776471
0.780392
0.800000
0.745098
0.690196
0.650980
0.627451
0.631373
0.658824
0.658824
0.741176
0.717647
0.694118
0.654902
0.647059
0.713725
0.815686
0.850980
0.792157
0.772549
0.776471
0.760784
0.737255
0.709804
0.686275
0.666667
0.678431
0.694118
0.709804
0.725490
0.733333
0.745098
0.772549
0.811765
0.815686
0.756863
0.705882
0.662745
0.615686
0.607843
0.643137
0.639216
0.749020
0.729412
0.701961
0.670588
0.650980
0.705882
0.807843
0.854902
0.788235
0.768627
0.776471
0.760784
0.737255
0.709804
0.678431
0.666667
0.686275
0.709804
0.713725
0.717647
0.721569
0.725490
0.772549
0.823529
0.835294
0.772549
0.721569
0.694118
0.643137
0.611765
0.623529
0.627451
0.725490
0.717647
0.694118
0.670588
0.643137
0.694118
0.800000
0.839216
0.772549
0.752941
0.752941
0.733333
0.713725
0.682353
0.658824
0.662745
0.686275
0.701961
0.698039
0.690196
0.698039
0.713725
0.760784
0.819608
0.819608
0.749020
0.709804
0.694118
0.658824
0.623529
0.623529
0.635294
0.866667
0.862745
0.878431
0.886275
0.890196
0.890196
0.890196
0.890196
0.894118
0.894118
0.894118
0.901961
0.909804
0.909804
0.913725
0.909804
0.909804
0.901961
0.898039
0.894118
0.890196
0.890196
0.886275
0.886275
0.890196
0.894118
0.894118
0.898039
0.898039
0.894118
0.898039
0.898039
0.878431
0.874510
0.886275
0.898039
0.894118
0.894118
0.894118
0.898039
0.898039
0.898039
0.905882
0.913725
0.917647
0.921569
0.921569
0.921569
0.917647
0.905882
0.901961
0.901961
0.898039
0.901961
0.898039
0.898039
0.901961
0.901961
0.901961
0.901961
0.901961
0.898039
0.901961
0.909804
0.870588
0.866667
0.874510
0.882353
0.882353
0.882353
0.878431
0.878431
0.882353
0.890196
0.894118
0.901961
0.909804
0.909804
0.909804
0.909804
0.905882
0.894118
0.890196
0.890196
0.882353
0.882353
0.886275
0.886275
0.886275
0.894118
0.890196
0.886275
0.886275
0.886275
0.894118
0.898039
0.866667
0.858824
0.870588
0.878431
0.878431
0.874510
0.870588
0.870588
0.870588
0.886275
0.898039
0.901961
0.905882
0.909804
0.905882
0.901961
0.898039
0.894118
0.890196
0.886275
0.882353
0.878431
0.882353
0.882353
0.886275
0.890196
0.886275
0.882353
0.882353
0.886275
0.890196
0.894118
0.854902
0.847059
0.858824
0.866667
0.870588
0.862745
0.866667
0.870588
0.870588
0.882353
0.901961
0.905882
0.901961
0.905882
0.901961
0.894118
0.890196
0.886275
0.882353
0.878431
0.874510
0.874510
0.878431
0.878431
0.878431
0.878431
0.874510
0.874510
0.874510
0.874510
0.882353
0.886275
0.847059
0.839216
0.850980
0.858824
0.858824
0.858824
0.854902
0.858824
0.866667
0.803922
0.725490
0.800000
0.890196
0.909804
0.901961
0.890196
0.882353
0.878431
0.874510
0.874510
0.870588
0.870588
0.874510
0.874510
0.874510
0.870588
0.862745
0.862745
0.862745
0.862745
0.874510
0.882353
0.835294
0.827451
0.843137
0.850980
0.850980
0.850980
0.862745
0.886275
0.752941
0.443137
0.380392
0.517647
0.698039
0.847059
0.894118
0.882353
0.874510
0.870588
0.874510
0.870588
0.870588
0.870588
0.874510
0.866667
0.866667
0.862745
0.862745
0.854902
0.854902
0.854902
0.862745
0.870588
0.827451
0.819608
0.835294
0.843137
0.827451
0.729412
0.772549
0.752941
0.470588
0.286275
0.333333
0.400000
0.470588
0.619608
0.800000
0.890196
0.878431
0.866667
0.866667
0.870588
0.870588
0.870588
0.874510
0.862745
0.858824
0.858824
0.858824
0.847059
0.847059
0.847059
0.854902
0.858824
0.819608
0.811765
0.823529
0.831373
0.827451
0.741176
0.588235
0.423529
0.294118
0.266667
0.384314
0.392157
0.419608
0.509804
0.603922
0.733333
0.835294
0.862745
0.870588
0.870588
0.866667
0.870588
0.874510
0.866667
0.858824
0.854902
0.850980
0.839216
0.839216
0.839216
0.847059
0.854902
0.807843
0.803922
0.815686
0.823529
0.831373
0.831373
0.823529
0.686275
0.478431
0.329412
0.345098
0.356863
0.411765
0.478431
0.486275
0.541176
0.670588
0.733333
0.788235
0.850980
0.866667
0.870588
0.878431
0.870588
0.858824
0.850980
0.847059
0.839216
0.839216
0.835294
0.843137
0.847059
0.800000
0.796078
0.811765
0.819608
0.819608
0.823529
0.843137
0.811765
0.650980
0.521569
0.411765
0.400000
0.431373
0.427451
0.443137
0.501961
0.560784
0.580392
0.635294
0.764706
0.831373
0.862745
0.878431
0.870588
0.854902
0.847059
0.843137
0.839216
0.839216
0.831373
0.831373
0.835294
0.792157
0.788235
0.800000
0.811765
0.815686
0.815686
0.823529
0.803922
0.564706
0.450980
0.427451
0.396078
0.384314
0.380392
0.415686
0.482353
0.533333
0.552941
0.584314
0.670588
0.713725
0.800000
0.878431
0.866667
0.854902
0.843137
0.835294
0.835294
0.835294
0.827451
0.827451
0.831373
0.788235
0.784314
0.792157
0.803922
0.803922
0.807843
0.819608
0.819608
0.513725
0.274510
0.294118
0.278431
0.337255
0.423529
0.439216
0.478431
0.533333
0.537255
0.568627
0.639216
0.682353
0.690196
0.807843
0.870588
0.854902
0.839216
0.831373
0.827451
0.827451
0.827451
0.831373
0.831373
0.784314
0.776471
0.792157
0.800000
0.796078
0.803922
0.811765
0.823529
0.541176
0.294118
0.278431
0.235294
0.290196
0.400000
0.486275
0.533333
0.600000
0.627451
0.631373
0.623529
0.698039
0.682353
0.705882
0.835294
0.854902
0.839216
0.827451
0.827451
0.827451
0.823529
0.827451
0.835294
0.850980
0.780392
0.784314
0.796078
0.807843
0.803922
0.803922
0.827451
0.564706
0.301961
0.270588
0.219608
0.262745
0.356863
0.411765
0.552941
0.623529
0.635294
0.647059
0.666667
0.713725
0.690196
0.701961
0.749020
0.796078
0.839216
0.827451
0.823529
0.819608
0.811765
0.819608
0.839216
0.772549
0.811765
0.796078
0.792157
0.792157
0.792157
0.796078
0.831373
0.623529
0.305882
0.266667
0.231373
0.231373
0.274510
0.250980
0.380392
0.525490
0.517647
0.533333
0.603922
0.658824
0.690196
0.705882
0.694118
0.749020
0.827451
0.815686
0.819608
0.815686
0.807843
0.815686
0.839216
0.741176
0.788235
0.866667
0.843137
0.792157
0.796078
0.807843
0.819608
0.701961
0.333333
0.258824
0.243137
0.239216
0.298039
0.223529
0.219608
0.282353
0.415686
0.494118
0.517647
0.568627
0.658824
0.701961
0.654902
0.717647
0.831373
0.819608
0.807843
0.807843
0.811765
0.819608
0.835294
0.756863
0.752941
0.807843
0.741176
0.792157
0.862745
0.811765
0.800000
0.768627
0.411765
0.250980
0.270588
0.254902
0.305882
0.309804
0.266667
0.270588
0.392157
0.533333
0.537255
0.525490
0.533333
0.592157
0.678431
0.666667
0.725490
0.796078
0.815686
0.807843
0.811765
0.815686
0.819608
0.749020
0.741176
0.729412
0.627451
0.772549
0.835294
0.827451
0.831373
0.807843
0.564706
0.282353
0.286275
0.262745
0.270588
0.313725
0.325490
0.360784
0.423529
0.435294
0.427451
0.407843
0.462745
0.509804
0.588235
0.654902
0.654902
0.670588
0.741176
0.800000
0.811765
0.819608
0.811765
0.745098
0.733333
0.741176
0.725490
0.760784
0.788235
0.831373
0.839216
0.835294
0.741176
0.415686
0.294118
0.294118
0.321569
0.337255
0.317647
0.356863
0.388235
0.435294
0.443137
0.396078
0.278431
0.298039
0.400000
0.439216
0.517647
0.478431
0.611765
0.780392
0.811765
0.823529
0.811765
0.733333
0.729412
0.749020
0.788235
0.811765
0.831373
0.831373
0.811765
0.854902
0.831373
0.658824
0.400000
0.317647
0.345098
0.368627
0.325490
0.321569
0.345098
0.372549
0.423529
0.462745
0.341176
0.400000
0.576471
0.533333
0.458824
0.396078
0.505882
0.737255
0.823529
0.819608
0.800000
0.729412
0.729412
0.752941
0.796078
0.819608
0.847059
0.890196
0.874510
0.862745
0.847059
0.870588
0.686275
0.427451
0.337255
0.321569
0.321569
0.356863
0.388235
0.368627
0.388235
0.454902
0.517647
0.705882
0.843137
0.823529
0.729412
0.670588
0.615686
0.596078
0.749020
0.819608
0.792157
0.737255
0.737255
0.756863
0.788235
0.819608
0.854902
0.901961
0.929412
0.874510
0.823529
0.772549
0.760784
0.662745
0.349020
0.274510
0.313725
0.364706
0.443137
0.415686
0.450980
0.533333
0.721569
0.843137
0.850980
0.843137
0.831373
0.815686
0.796078
0.725490
0.745098
0.796078
0.796078
0.745098
0.745098
0.752941
0.776471
0.803922
0.843137
0.901961
0.921569
0.894118
0.772549
0.650980
0.690196
0.560784
0.219608
0.419608
0.474510
0.454902
0.525490
0.517647
0.650980
0.756863
0.823529
0.850980
0.823529
0.803922
0.827451
0.800000
0.803922
0.815686
0.788235
0.776471
0.760784
0.756863
0.752941
0.756863
0.764706
0.784314
0.827451
0.894118
0.925490
0.886275
0.764706
0.792157
0.796078
0.623529
0.305882
0.407843
0.431373
0.682353
0.690196
0.674510
0.823529
0.862745
0.854902
0.843137
0.784314
0.847059
0.850980
0.811765
0.815686
0.807843
0.792157
0.768627
0.741176
0.768627
0.756863
0.752941
0.756863
0.764706
0.807843
0.878431
0.909804
0.882353
0.827451
0.819608
0.803922
0.827451
0.576471
0.419608
0.474510
0.549020
0.678431
0.713725
0.823529
0.772549
0.788235
0.807843
0.733333
0.776471
0.827451
0.811765
0.800000
0.800000
0.792157
0.823529
0.843137
0.772549
0.749020
0.741176
0.741176
0.745098
0.784314
0.858824
0.894118
0.878431
0.839216
0.815686
0.800000
0.803922
0.788235
0.784314
0.670588
0.568627
0.729412
0.803922
0.831373
0.811765
0.772549
0.776471
0.674510
0.607843
0.745098
0.741176
0.741176
0.705882
0.776471
0.733333
0.749020
0.768627
0.741176
0.729412
0.721569
0.729412
0.772549
0.847059
0.882353
0.870588
0.843137
0.819608
0.807843
0.796078
0.803922
0.815686
0.741176
0.611765
0.741176
0.835294
0.854902
0.870588
0.854902
0.831373
0.733333
0.741176
0.803922
0.772549
0.756863
0.737255
0.725490
0.627451
0.627451
0.760784
0.741176
0.725490
0.705882
0.713725
0.764706
0.839216
0.874510
0.858824
0.835294
0.823529
0.815686
0.803922
0.792157
0.776471
0.772549
0.721569
0.745098
0.819608
0.835294
0.847059
0.850980
0.831373
0.803922
0.835294
0.811765
0.784314
0.756863
0.741176
0.713725
0.690196
0.717647
0.752941
0.729412
0.713725
0.690196
0.694118
0.752941
0.823529
0.862745
0.843137
0.823529
0.819608
0.815686
0.800000
0.780392
0.760784
0.749020
0.772549
0.788235
0.803922
0.815686
0.823529
0.831373
0.835294
0.843137
0.843137
0.819608
0.792157
0.760784
0.725490
0.701961
0.698039
0.717647
0.760784
0.729412
0.709804
0.694118
0.690196
0.745098
0.819608
0.862745
0.839216
0.815686
0.815686
0.811765
0.803922
0.780392
0.752941
0.752941
0.780392
0.800000
0.807843
0.807843
0.815686
0.823529
0.843137
0.862745
0.862745
0.835294
0.800000
0.780392
0.745098
0.717647
0.701961
0.717647
0.752941
0.721569
0.698039
0.678431
0.670588
0.729412
0.803922
0.850980
0.823529
0.800000
0.796078
0.784314
0.772549
0.752941
0.737255
0.745098
0.772549
0.788235
0.788235
0.780392
0.788235
0.803922
0.823529
0.854902
0.847059
0.811765
0.780392
0.760784
0.741176
0.713725
0.709804
0.721569
0.713725
0.709804
0.733333
0.752941
0.756863
0.752941
0.752941
0.760784
0.764706
0.764706
0.776471
0.784314
0.784314
0.780392
0.780392
0.776471
0.776471
0.772549
0.756863
0.749020
0.745098
0.745098
0.741176
0.745098
0.756863
0.772549
0.776471
0.776471
0.776471
0.776471
0.780392
0.784314
0.709804
0.705882
0.721569
0.741176
0.741176
0.737255
0.737255
0.745098
0.745098
0.749020
0.764706
0.772549
0.768627
0.764706
0.764706
0.764706
0.760784
0.756863
0.741176
0.733333
0.729412
0.733333
0.729412
0.733333
0.745098
0.760784
0.768627
0.768627
0.768627
0.772549
0.776471
0.784314
0.690196
0.682353
0.690196
0.705882
0.709804
0.705882
0.705882
0.709804
0.717647
0.713725
0.725490
0.737255
0.745098
0.741176
0.741176
0.733333
0.729412
0.721569
0.705882
0.698039
0.694118
0.694118
0.698039
0.705882
0.717647
0.737255
0.741176
0.741176
0.741176
0.745098
0.756863
0.764706
0.666667
0.654902
0.670588
0.678431
0.686275
0.682353
0.678431
0.682353
0.690196
0.682353
0.698039
0.725490
0.733333
0.729412
0.725490
0.709804
0.698039
0.694118
0.678431
0.670588
0.670588
0.674510
0.678431
0.686275
0.701961
0.721569
0.717647
0.713725
0.713725
0.721569
0.737255
0.749020
0.635294
0.623529
0.639216
0.647059
0.650980
0.650980
0.650980
0.654902
0.654902
0.662745
0.678431
0.686275
0.690196
0.698039
0.694118
0.678431
0.670588
0.666667
0.654902
0.650980
0.647059
0.654902
0.662745
0.666667
0.678431
0.694118
0.690196
0.682353
0.682353
0.690196
0.709804
0.729412
0.607843
0.588235
0.607843
0.615686
0.619608
0.619608
0.615686
0.615686
0.619608
0.592157
0.556863
0.600000
0.658824
0.662745
0.658824
0.650980
0.643137
0.639216
0.635294
0.631373
0.627451
0.639216
0.643137
0.647059
0.650980
0.662745
0.658824
0.650980
0.650980
0.662745
0.682353
0.701961
0.572549
0.552941
0.572549
0.592157
0.592157
0.600000
0.611765
0.611765
0.529412
0.345098
0.309804
0.427451
0.564706
0.643137
0.639216
0.631373
0.623529
0.619608
0.619608
0.615686
0.619608
0.631373
0.635294
0.635294
0.639216
0.631373
0.631373
0.627451
0.631373
0.643137
0.658824
0.670588
0.545098
0.525490
0.541176
0.564706
0.556863
0.513725
0.635294
0.600000
0.337255
0.239216
0.290196
0.337255
0.396078
0.533333
0.607843
0.592157
0.588235
0.611765
0.600000
0.584314
0.592157
0.619608
0.627451
0.627451
0.623529
0.607843
0.603922
0.603922
0.607843
0.623529
0.631373
0.647059
0.513725
0.494118
0.509804
0.529412
0.529412
0.490196
0.439216
0.345098
0.254902
0.227451
0.341176
0.329412
0.333333
0.439216
0.533333
0.568627
0.592157
0.560784
0.556863
0.568627
0.576471
0.603922
0.619608
0.615686
0.600000
0.576471
0.572549
0.572549
0.576471
0.592157
0.603922
0.615686
0.486275
0.470588
0.486275
0.501961
0.498039
0.517647
0.521569
0.466667
0.396078
0.258824
0.290196
0.309804
0.360784
0.400000
0.419608
0.490196
0.576471
0.576471
0.556863
0.572549
0.572549
0.596078
0.611765
0.603922
0.576471
0.552941
0.552941
0.552941
0.552941
0.572549
0.580392
0.592157
0.478431
0.462745
0.474510
0.482353
0.490196
0.490196
0.498039
0.525490
0.525490
0.415686
0.341176
0.337255
0.384314
0.368627
0.380392
0.447059
0.505882
0.529412
0.560784
0.603922
0.580392
0.580392
0.603922
0.607843
0.572549
0.545098
0.545098
0.545098
0.545098
0.556863
0.564706
0.572549
0.462745
0.447059
0.462745
0.466667
0.470588
0.474510
0.478431
0.490196
0.423529
0.368627
0.352941
0.325490
0.333333
0.345098
0.384314
0.439216
0.474510
0.494118
0.533333
0.600000
0.600000
0.600000
0.603922
0.603922
0.564706
0.533333
0.533333
0.529412
0.533333
0.537255
0.541176
0.552941
0.443137
0.435294
0.443137
0.454902
0.458824
0.458824
0.462745
0.470588
0.349020
0.231373
0.247059
0.243137
0.309804
0.388235
0.411765
0.443137
0.482353
0.466667
0.494118
0.568627
0.611765
0.603922
0.615686
0.596078
0.552941
0.521569
0.513725
0.509804
0.509804
0.513725
0.513725
0.525490
0.431373
0.415686
0.439216
0.443137
0.443137
0.450980
0.450980
0.454902
0.360784
0.254902
0.231373
0.203922
0.254902
0.356863
0.447059
0.501961
0.541176
0.556863
0.572549
0.552941
0.615686
0.600000
0.607843
0.639216
0.545098
0.513725
0.505882
0.498039
0.498039
0.501961
0.501961
0.509804
0.643137
0.435294
0.427451
0.400000
0.474510
0.470588
0.439216
0.466667
0.352941
0.247059
0.223529
0.188235
0.227451
0.309804
0.372549
0.505882
0.552941
0.560784
0.584314
0.584314
0.631373
0.607843
0.607843
0.611765
0.549020
0.513725
0.498039
0.490196
0.490196
0.486275
0.486275
0.498039
0.698039
0.627451
0.415686
0.505882
0.564706
0.439216
0.431373
0.478431
0.349020
0.231373
0.227451
0.200000
0.200000
0.235294
0.215686
0.325490
0.450980
0.435294
0.447059
0.525490
0.568627
0.588235
0.588235
0.592157
0.600000
0.501961
0.486275
0.490196
0.482353
0.470588
0.470588
0.486275
0.411765
0.627451
0.764706
0.729412
0.509804
0.450980
0.466667
0.447059
0.372549
0.227451
0.219608
0.207843
0.211765
0.262745
0.188235
0.164706
0.231373
0.345098
0.407843
0.431373
0.454902
0.513725
0.572549
0.572549
0.611765
0.509804
0.482353
0.478431
0.474510
0.470588
0.466667
0.466667
0.372549
0.427451
0.674510
0.733333
0.674510
0.635294
0.517647
0.458824
0.427451
0.243137
0.211765
0.219608
0.219608
0.278431
0.274510
0.231373
0.235294
0.325490
0.423529
0.427451
0.419608
0.419608
0.482353
0.576471
0.600000
0.545098
0.466667
0.466667
0.462745
0.466667
0.462745
0.447059
0.384314
0.364706
0.450980
0.517647
0.725490
0.701961
0.568627
0.533333
0.490196
0.325490
0.203922
0.227451
0.211765
0.239216
0.270588
0.294118
0.325490
0.364706
0.349020
0.341176
0.321569
0.368627
0.415686
0.478431
0.572549
0.576471
0.509804
0.454902
0.447059
0.462745
0.458824
0.435294
0.372549
0.356863
0.388235
0.403922
0.486275
0.623529
0.694118
0.662745
0.529412
0.411765
0.247059
0.211765
0.227451
0.278431
0.286275
0.274510
0.313725
0.337255
0.380392
0.380392
0.325490
0.215686
0.235294
0.294118
0.345098
0.423529
0.392157
0.454902
0.478431
0.443137
0.447059
0.419608
0.368627
0.360784
0.384314
0.403922
0.411765
0.494118
0.643137
0.717647
0.658824
0.505882
0.431373
0.278431
0.235294
0.282353
0.298039
0.270588
0.266667
0.294118
0.325490
0.372549
0.388235
0.262745
0.294118
0.368627
0.321569
0.274510
0.239216
0.392157
0.549020
0.490196
0.427451
0.403922
0.376471
0.380392
0.407843
0.427451
0.431373
0.490196
0.596078
0.627451
0.698039
0.717647
0.756863
0.513725
0.254902
0.227451
0.239216
0.247059
0.282353
0.317647
0.294118
0.325490
0.376471
0.396078
0.486275
0.525490
0.482353
0.400000
0.372549
0.368627
0.403922
0.505882
0.450980
0.380392
0.396078
0.403922
0.423529
0.435294
0.439216
0.490196
0.611765
0.635294
0.584314
0.690196
0.760784
0.658824
0.458824
0.235294
0.188235
0.211765
0.298039
0.388235
0.349020
0.392157
0.439216
0.509804
0.509804
0.529412
0.552941
0.470588
0.431373
0.435294
0.407843
0.450980
0.431373
0.392157
0.419608
0.423529
0.435294
0.435294
0.431373
0.478431
0.607843
0.650980
0.545098
0.521569
0.529412
0.580392
0.443137
0.188235
0.329412
0.337255
0.411765
0.474510
0.431373
0.486275
0.466667
0.447059
0.474510
0.549020
0.631373
0.517647
0.427451
0.454902
0.466667
0.423529
0.392157
0.364706
0.447059
0.443137
0.447059
0.431373
0.403922
0.458824
0.600000
0.635294
0.525490
0.478431
0.474510
0.474510
0.368627
0.235294
0.349020
0.372549
0.682353
0.643137
0.537255
0.505882
0.474510
0.450980
0.474510
0.592157
0.717647
0.545098
0.415686
0.427451
0.427451
0.411765
0.380392
0.337255
0.462745
0.447059
0.431373
0.411765
0.400000
0.478431
0.611765
0.635294
0.505882
0.462745
0.474510
0.466667
0.466667
0.341176
0.282353
0.349020
0.490196
0.600000
0.580392
0.658824
0.658824
0.627451
0.592157
0.678431
0.729412
0.627451
0.556863
0.541176
0.541176
0.505882
0.627451
0.662745
0.470588
0.443137
0.415686
0.407843
0.415686
0.494118
0.607843
0.623529
0.513725
0.458824
0.474510
0.474510
0.478431
0.470588
0.431373
0.360784
0.443137
0.545098
0.396078
0.447059
0.501961
0.498039
0.568627
0.592157
0.521569
0.580392
0.600000
0.607843
0.572549
0.650980
0.721569
0.705882
0.470588
0.443137
0.423529
0.419608
0.419608
0.486275
0.592157
0.603922
0.525490
0.486275
0.486275
0.478431
0.482353
0.470588
0.435294
0.376471
0.431373
0.556863
0.439216
0.392157
0.439216
0.454902
0.474510
0.490196
0.482353
0.419608
0.407843
0.400000
0.380392
0.466667
0.560784
0.486275
0.470588
0.454902
0.431373
0.411765
0.411765
0.482353
0.580392
0.584314
0.517647
0.498039
0.498039
0.486275
0.474510
0.458824
0.427451
0.380392
0.349020
0.392157
0.400000
0.411765
0.439216
0.454902
0.482353
0.505882
0.482353
0.419608
0.376471
0.356863
0.337255
0.384314
0.529412
0.407843
0.462745
0.454902
0.431373
0.403922
0.396078
0.474510
0.568627
0.580392
0.509804
0.490196
0.501961
0.494118
0.478431
0.443137
0.403922
0.360784
0.337255
0.356863
0.368627
0.392157
0.423529
0.439216
0.466667
0.517647
0.505882
0.443137
0.396078
0.372549
0.341176
0.352941
0.454902
0.376471
0.470588
0.458824
0.439216
0.415686
0.400000
0.462745
0.560784
0.584314
0.513725
0.490196
0.509804
0.501961
0.482353
0.443137
0.392157
0.352941
0.352941
0.364706
0.380392
0.392157
0.411765
0.427451
0.478431
0.529412
0.529412
0.462745
0.411765
0.400000
0.376471
0.341176
0.364706
0.360784
0.454902
0.454902
0.431373
0.411765
0.388235
0.454902
0.552941
0.576471
0.498039
0.490196
0.498039
0.478431
0.458824
0.419608
0.380392
0.356863
0.376471
0.368627
0.368627
0.384314
0.396078
0.419608
0.482353
0.533333
0.525490
0.454902
0.407843
0.403922
0.384314
0.345098
0.333333
0.349020
