0.615686
0.560784
0.494118
0.474510
0.525490
0.525490
0.498039
0.513725
0.501961
0.521569
0.509804
0.517647
0.521569
0.513725
0.490196
0.541176
0.556863
0.517647
0.631373
0.627451
0.435294
0.309804
0.270588
0.239216
0.219608
0.247059
0.262745
0.305882
0.294118
0.317647
0.337255
0.301961
0.635294
0.545098
0.482353
0.454902
0.525490
0.529412
0.501961
0.490196
0.486275
0.498039
0.490196
0.521569
0.521569
0.521569
0.505882
0.533333
0.541176
0.478431
0.572549
0.568627
0.427451
0.345098
0.329412
0.294118
0.254902
0.274510
0.329412
0.360784
0.341176
0.372549
0.392157
0.282353
0.615686
0.525490
0.474510
0.454902
0.545098
0.498039
0.509804
0.505882
0.482353
0.509804
0.505882
0.537255
0.552941
0.537255
0.509804
0.529412
0.423529
0.329412
0.498039
0.533333
0.403922
0.407843
0.380392
0.317647
0.274510
0.250980
0.313725
0.349020
0.313725
0.333333
0.352941
0.278431
0.549020
0.517647
0.470588
0.435294
0.498039
0.474510
0.537255
0.537255
0.486275
0.498039
0.494118
0.525490
0.541176
0.529412
0.501961
0.533333
0.470588
0.388235
0.470588
0.501961
0.400000
0.427451
0.392157
0.356863
0.380392
0.376471
0.384314
0.364706
0.349020
0.290196
0.250980
0.270588
0.466667
0.447059
0.439216
0.392157
0.427451
0.474510
0.533333
0.560784
0.486275
0.431373
0.439216
0.494118
0.517647
0.517647
0.490196
0.525490
0.482353
0.509804
0.521569
0.470588
0.423529
0.447059
0.364706
0.384314
0.541176
0.600000
0.501961
0.427451
0.439216
0.309804
0.247059
0.247059
0.564706
0.545098
0.537255
0.509804
0.556863
0.603922
0.635294
0.654902
0.592157
0.513725
0.517647
0.552941
0.588235
0.564706
0.501961
0.498039
0.321569
0.294118
0.454902
0.466667
0.466667
0.541176
0.450980
0.478431
0.576471
0.623529
0.568627
0.517647
0.501961
0.403922
0.333333
0.258824
0.698039
0.690196
0.678431
0.662745
0.670588
0.674510
0.690196
0.701961
0.694118
0.654902
0.658824
0.654902
0.643137
0.600000
0.521569
0.415686
0.254902
0.176471
0.321569
0.454902
0.501961
0.615686
0.592157
0.631373
0.690196
0.705882
0.698039
0.654902
0.635294
0.603922
0.509804
0.356863
0.694118
0.686275
0.694118
0.674510
0.666667
0.666667
0.662745
0.658824
0.666667
0.666667
0.662745
0.670588
0.670588
0.603922
0.498039
0.301961
0.192157
0.160784
0.266667
0.427451
0.482353
0.600000
0.627451
0.627451
0.650980
0.674510
0.678431
0.662745
0.674510
0.698039
0.662745
0.549020
0.745098
0.733333
0.752941
0.749020
0.733333
0.745098
0.756863
0.760784
0.745098
0.717647
0.717647
0.725490
0.725490
0.639216
0.462745
0.227451
0.184314
0.145098
0.215686
0.403922
0.450980
0.556863
0.607843
0.600000
0.607843
0.611765
0.635294
0.662745
0.662745
0.678431
0.705882
0.678431
0.737255
0.729412
0.756863
0.705882
0.643137
0.615686
0.584314
0.694118
0.709804
0.745098
0.756863
0.756863
0.756863
0.682353
0.447059
0.227451
0.196078
0.117647
0.247059
0.411765
0.474510
0.552941
0.564706
0.627451
0.654902
0.607843
0.611765
0.666667
0.678431
0.698039
0.717647
0.650980
0.674510
0.662745
0.678431
0.627451
0.580392
0.458824
0.294118
0.329412
0.392157
0.494118
0.580392
0.650980
0.713725
0.678431
0.525490
0.250980
0.117647
0.109804
0.321569
0.486275
0.549020
0.596078
0.572549
0.611765
0.647059
0.611765
0.588235
0.607843
0.619608
0.658824
0.643137
0.603922
0.600000
0.596078
0.592157
0.580392
0.541176
0.384314
0.254902
0.203922
0.180392
0.200000
0.254902
0.349020
0.458824
0.478431
0.517647
0.286275
0.094118
0.129412
0.360784
0.698039
0.647059
0.592157
0.580392
0.564706
0.560784
0.564706
0.521569
0.517647
0.545098
0.556863
0.556863
0.556863
0.549020
0.564706
0.556863
0.533333
0.486275
0.329412
0.243137
0.239216
0.152941
0.121569
0.141176
0.168627
0.215686
0.219608
0.392157
0.356863
0.137255
0.168627
0.423529
0.901961
0.819608
0.533333
0.490196
0.439216
0.486275
0.556863
0.486275
0.537255
0.592157
0.584314
0.584314
0.517647
0.631373
0.623529
0.615686
0.533333
0.474510
0.368627
0.231373
0.192157
0.141176
0.137255
0.160784
0.160784
0.184314
0.180392
0.337255
0.423529
0.168627
0.239216
0.705882
0.972549
0.905882
0.490196
0.356863
0.352941
0.372549
0.490196
0.505882
0.568627
0.596078
0.580392
0.533333
0.403922
0.666667
0.635294
0.631373
0.552941
0.498039
0.380392
0.219608
0.219608
0.282353
0.160784
0.156863
0.168627
0.203922
0.250980
0.317647
0.431373
0.172549
0.168627
0.611765
0.713725
0.450980
0.301961
0.298039
0.305882
0.294118
0.458824
0.537255
0.564706
0.572549
0.564706
0.486275
0.423529
0.619608
0.611765
0.611765
0.568627
0.470588
0.333333
0.266667
0.419608
0.525490
0.329412
0.164706
0.172549
0.243137
0.313725
0.321569
0.329412
0.149020
0.090196
0.239216
0.286275
0.203922
0.239216
0.286275
0.290196
0.243137
0.443137
0.545098
0.552941
0.560784
0.560784
0.529412
0.505882
0.596078
0.588235
0.580392
0.568627
0.396078
0.290196
0.443137
0.560784
0.584314
0.545098
0.301961
0.184314
0.254902
0.321569
0.305882
0.243137
0.145098
0.086275
0.133333
0.235294
0.258824
0.243137
0.290196
0.329412
0.278431
0.380392
0.454902
0.470588
0.482353
0.474510
0.470588
0.466667
0.580392
0.588235
0.560784
0.490196
0.478431
0.439216
0.509804
0.529412
0.525490
0.564706
0.439216
0.207843
0.231373
0.290196
0.266667
0.258824
0.200000
0.133333
0.145098
0.239216
0.243137
0.227451
0.270588
0.376471
0.352941
0.388235
0.443137
0.474510
0.509804
0.517647
0.525490
0.549020
0.623529
0.654902
0.623529
0.552941
0.607843
0.627451
0.607843
0.623529
0.600000
0.615686
0.533333
0.223529
0.203922
0.247059
0.247059
0.254902
0.180392
0.211765
0.266667
0.207843
0.149020
0.192157
0.250980
0.423529
0.400000
0.450980
0.490196
0.525490
0.576471
0.596078
0.580392
0.600000
0.729412
0.725490
0.721569
0.709804
0.701961
0.698039
0.705882
0.698039
0.690196
0.678431
0.600000
0.298039
0.215686
0.231373
0.219608
0.211765
0.160784
0.286275
0.388235
0.207843
0.117647
0.156863
0.223529
0.407843
0.388235
0.482353
0.509804
0.521569
0.549020
0.545098
0.549020
0.564706
0.639216
0.627451
0.631373
0.615686
0.619608
0.619608
0.600000
0.580392
0.572549
0.556863
0.533333
0.360784
0.219608
0.172549
0.207843
0.333333
0.360784
0.435294
0.505882
0.415686
0.196078
0.141176
0.231373
0.411765
0.411765
0.525490
0.486275
0.560784
0.611765
0.615686
0.631373
0.643137
0.592157
0.584314
0.596078
0.584314
0.611765
0.623529
0.603922
0.603922
0.611765
0.611765
0.592157
0.337255
0.243137
0.203922
0.196078
0.380392
0.537255
0.650980
0.666667
0.662745
0.505882
0.215686
0.176471
0.435294
0.478431
0.623529
0.533333
0.682353
0.749020
0.737255
0.741176
0.752941
0.717647
0.717647
0.733333
0.737255
0.756863
0.776471
0.760784
0.768627
0.768627
0.760784
0.705882
0.294118
0.368627
0.419608
0.164706
0.305882
0.525490
0.709804
0.729412
0.709804
0.725490
0.415686
0.113725
0.396078
0.517647
0.615686
0.564706
0.698039
0.760784
0.717647
0.701961
0.690196
0.772549
0.745098
0.772549
0.768627
0.764706
0.772549
0.776471
0.768627
0.749020
0.749020
0.607843
0.223529
0.447059
0.592157
0.227451
0.423529
0.592157
0.643137
0.674510
0.654902
0.709804
0.454902
0.109804
0.411765
0.556863
0.600000
0.580392
0.572549
0.572549
0.545098
0.560784
0.537255
0.733333
0.698039
0.701961
0.701961
0.690196
0.690196
0.694118
0.686275
0.666667
0.682353
0.466667
0.243137
0.505882
0.580392
0.278431
0.419608
0.647059
0.588235
0.572549
0.556863
0.545098
0.305882
0.152941
0.415686
0.560784
0.584314
0.580392
0.545098
0.541176
0.549020
0.545098
0.568627
0.666667
0.658824
0.607843
0.596078
0.592157
0.596078
0.592157
0.584314
0.568627
0.576471
0.356863
0.341176
0.525490
0.533333
0.376471
0.313725
0.529412
0.552941
0.556863
0.552941
0.494118
0.258824
0.211765
0.447059
0.564706
0.564706
0.568627
0.584314
0.588235
0.588235
0.584314
0.607843
0.564706
0.545098
0.513725
0.513725
0.545098
0.560784
0.560784
0.560784
0.552941
0.529412
0.356863
0.450980
0.552941
0.545098
0.501961
0.305882
0.447059
0.533333
0.541176
0.556863
0.486275
0.250980
0.235294
0.486275
0.552941
0.552941
0.568627
0.580392
0.596078
0.576471
0.576471
0.600000
0.568627
0.556863
0.564706
0.568627
0.596078
0.592157
0.564706
0.572549
0.549020
0.470588
0.352941
0.501961
0.560784
0.541176
0.525490
0.301961
0.364706
0.517647
0.541176
0.545098
0.490196
0.262745
0.243137
0.498039
0.517647
0.572549
0.611765
0.600000
0.631373
0.650980
0.650980
0.639216
0.556863
0.556863
0.560784
0.560784
0.576471
0.545098
0.521569
0.572549
0.584314
0.439216
0.368627
0.580392
0.619608
0.588235
0.584314
0.360784
0.509804
0.686275
0.623529
0.623529
0.568627
0.380392
0.388235
0.552941
0.564706
0.596078
0.611765
0.631373
0.639216
0.654902
0.658824
0.647059
0.611765
0.603922
0.607843
0.619608
0.639216
0.607843
0.611765
0.650980
0.631373
0.439216
0.482353
0.635294
0.647059
0.635294
0.623529
0.486275
0.607843
0.831373
0.658824
0.588235
0.556863
0.505882
0.498039
0.541176
0.576471
0.568627
0.576471
0.588235
0.576471
0.596078
0.611765
0.627451
0.643137
0.654902
0.647059
0.643137
0.658824
0.670588
0.658824
0.662745
0.643137
0.576471
0.588235
0.631373
0.643137
0.639216
0.619608
0.580392
0.709804
0.874510
0.658824
0.552941
0.568627
0.549020
0.529412
0.541176
0.560784
0.556863
0.568627
0.556863
0.572549
0.572549
0.568627
0.600000
0.631373
0.650980
0.658824
0.658824
0.647059
0.662745
0.658824
0.654902
0.647059
0.619608
0.635294
0.670588
0.666667
0.650980
0.635294
0.615686
0.745098
0.874510
0.690196
0.568627
0.572549
0.552941
0.545098
0.560784
0.580392
0.588235
0.596078
0.592157
0.627451
0.603922
0.584314
0.600000
0.572549
0.517647
0.454902
0.435294
0.486275
0.486275
0.458824
0.474510
0.462745
0.486275
0.478431
0.466667
0.462745
0.454902
0.447059
0.505882
0.521569
0.482353
0.592157
0.592157
0.403922
0.301961
0.270588
0.247059
0.235294
0.274510
0.282353
0.321569
0.301961
0.313725
0.325490
0.282353
0.596078
0.505882
0.439216
0.415686
0.486275
0.490196
0.462745
0.450980
0.447059
0.462745
0.454902
0.470588
0.458824
0.462745
0.462745
0.498039
0.498039
0.439216
0.533333
0.529412
0.392157
0.325490
0.317647
0.290196
0.258824
0.290196
0.341176
0.364706
0.341176
0.368627
0.380392
0.270588
0.576471
0.486275
0.435294
0.415686
0.505882
0.458824
0.470588
0.466667
0.447059
0.474510
0.470588
0.490196
0.494118
0.478431
0.466667
0.486275
0.372549
0.282353
0.450980
0.486275
0.364706
0.376471
0.352941
0.298039
0.270588
0.250980
0.309804
0.333333
0.305882
0.325490
0.345098
0.270588
0.509804
0.478431
0.431373
0.396078
0.462745
0.439216
0.501961
0.501961
0.450980
0.466667
0.462745
0.478431
0.478431
0.474510
0.454902
0.486275
0.411765
0.333333
0.415686
0.447059
0.345098
0.380392
0.352941
0.325490
0.356863
0.364706
0.360784
0.333333
0.325490
0.274510
0.243137
0.262745
0.427451
0.411765
0.403922
0.356863
0.392157
0.439216
0.494118
0.521569
0.450980
0.400000
0.407843
0.443137
0.454902
0.458824
0.447059
0.470588
0.411765
0.439216
0.454902
0.407843
0.360784
0.392157
0.313725
0.341176
0.509804
0.572549
0.462745
0.380392
0.403922
0.290196
0.243137
0.239216
0.525490
0.505882
0.498039
0.470588
0.521569
0.572549
0.603922
0.623529
0.560784
0.486275
0.490196
0.505882
0.529412
0.505882
0.454902
0.450980
0.270588
0.247059
0.407843
0.407843
0.403922
0.470588
0.388235
0.423529
0.525490
0.576471
0.513725
0.462745
0.454902
0.368627
0.309804
0.243137
0.647059
0.643137
0.631373
0.611765
0.627451
0.639216
0.658824
0.670588
0.658824
0.627451
0.631373
0.607843
0.580392
0.537255
0.462745
0.380392
0.247059
0.172549
0.305882
0.415686
0.439216
0.537255
0.509804
0.552941
0.611765
0.627451
0.627451
0.592157
0.572549
0.545098
0.450980
0.313725
0.619608
0.615686
0.623529
0.603922
0.603922
0.611765
0.607843
0.603922
0.611765
0.611765
0.611765
0.600000
0.592157
0.541176
0.447059
0.274510
0.196078
0.164706
0.258824
0.392157
0.415686
0.521569
0.545098
0.545098
0.568627
0.592157
0.600000
0.588235
0.600000
0.623529
0.584314
0.490196
0.658824
0.650980
0.666667
0.662745
0.650980
0.666667
0.678431
0.682353
0.666667
0.639216
0.631373
0.627451
0.631373
0.572549
0.415686
0.207843
0.188235
0.149020
0.207843
0.364706
0.388235
0.486275
0.537255
0.529412
0.537255
0.541176
0.556863
0.576471
0.580392
0.596078
0.619608
0.603922
0.662745
0.654902
0.682353
0.627451
0.568627
0.545098
0.509804
0.619608
0.635294
0.670588
0.674510
0.658824
0.662745
0.619608
0.407843
0.211765
0.203922
0.125490
0.239216
0.372549
0.407843
0.482353
0.494118
0.556863
0.584314
0.537255
0.537255
0.588235
0.600000
0.619608
0.639216
0.576471
0.619608
0.603922
0.619608
0.568627
0.529412
0.419608
0.250980
0.286275
0.349020
0.450980
0.525490
0.576471
0.635294
0.627451
0.486275
0.235294
0.125490
0.121569
0.317647
0.447059
0.482353
0.525490
0.501961
0.545098
0.580392
0.545098
0.525490
0.541176
0.556863
0.592157
0.580392
0.541176
0.552941
0.552941
0.549020
0.533333
0.509804
0.380392
0.250980
0.200000
0.172549
0.192157
0.235294
0.301961
0.403922
0.435294
0.478431
0.270588
0.101961
0.137255
0.356863
0.662745
0.584314
0.525490
0.509804
0.498039
0.494118
0.501961
0.466667
0.474510
0.501961
0.513725
0.513725
0.513725
0.517647
0.529412
0.525490
0.501961
0.462745
0.317647
0.231373
0.227451
0.141176
0.109804
0.125490
0.149020
0.192157
0.200000
0.372549
0.352941
0.156863
0.192157
0.439216
0.894118
0.776471
0.450980
0.407843
0.368627
0.419608
0.490196
0.431373
0.490196
0.541176
0.533333
0.533333
0.470588
0.580392
0.572549
0.564706
0.482353
0.431373
0.337255
0.200000
0.160784
0.109804
0.105882
0.137255
0.145098
0.168627
0.164706
0.313725
0.415686
0.188235
0.266667
0.729412
0.976471
0.874510
0.400000
0.262745
0.278431
0.301961
0.419608
0.439216
0.505882
0.533333
0.517647
0.466667
0.345098
0.584314
0.552941
0.549020
0.474510
0.439216
0.352941
0.188235
0.188235
0.254902
0.133333
0.137255
0.145098
0.168627
0.203922
0.254902
0.392157
0.164706
0.172549
0.611765
0.690196
0.400000
0.215686
0.207843
0.223529
0.219608
0.392157
0.474510
0.498039
0.509804
0.498039
0.423529
0.360784
0.560784
0.549020
0.552941
0.509804
0.419608
0.298039
0.231373
0.380392
0.486275
0.294118
0.141176
0.141176
0.192157
0.239216
0.231373
0.262745
0.117647
0.074510
0.219608
0.243137
0.141176
0.164706
0.196078
0.196078
0.164706
0.380392
0.490196
0.490196
0.498039
0.498039
0.466667
0.450980
0.576471
0.568627
0.560784
0.552941
0.364706
0.239216
0.396078
0.513725
0.537255
0.501961
0.274510
0.149020
0.200000
0.247059
0.219608
0.172549
0.105882
0.058824
0.101961
0.184314
0.192157
0.172549
0.200000
0.223529
0.192157
0.329412
0.411765
0.419608
0.431373
0.423529
0.419608
0.415686
0.568627
0.576471
0.549020
0.478431
0.450980
0.392157
0.458824
0.482353
0.478431
0.517647
0.407843
0.172549
0.184314
0.235294
0.207843
0.203922
0.164706
0.113725
0.121569
0.188235
0.176471
0.164706
0.172549
0.258824
0.262745
0.349020
0.411765
0.435294
0.470588
0.474510
0.482353
0.509804
0.588235
0.615686
0.588235
0.517647
0.568627
0.588235
0.564706
0.584314
0.560784
0.576471
0.498039
0.184314
0.164706
0.211765
0.215686
0.219608
0.152941
0.196078
0.247059
0.168627
0.090196
0.129412
0.156863
0.301961
0.305882
0.419608
0.470588
0.498039
0.549020
0.564706
0.552941
0.572549
0.698039
0.698039
0.690196
0.678431
0.670588
0.670588
0.678431
0.670588
0.662745
0.650980
0.568627
0.254902
0.172549
0.192157
0.184314
0.176471
0.133333
0.258824
0.356863
0.164706
0.066667
0.101961
0.168627
0.317647
0.290196
0.439216
0.482353
0.482353
0.513725
0.505882
0.509804
0.525490
0.607843
0.596078
0.600000
0.584314
0.588235
0.588235
0.564706
0.549020
0.541176
0.525490
0.501961
0.317647
0.176471
0.137255
0.168627
0.286275
0.317647
0.396078
0.474510
0.388235
0.164706
0.098039
0.200000
0.341176
0.309804
0.470588
0.454902
0.521569
0.568627
0.576471
0.588235
0.603922
0.552941
0.545098
0.556863
0.545098
0.572549
0.584314
0.564706
0.564706
0.572549
0.572549
0.560784
0.301961
0.211765
0.172549
0.160784
0.321569
0.470588
0.600000
0.643137
0.658824
0.501961
0.188235
0.156863
0.368627
0.376471
0.568627
0.505882
0.647059
0.713725
0.701961
0.705882
0.717647
0.682353
0.686275
0.701961
0.701961
0.725490
0.745098
0.733333
0.737255
0.737255
0.733333
0.678431
0.266667
0.341176
0.400000
0.133333
0.243137
0.447059
0.650980
0.705882
0.713725
0.737255
0.403922
0.098039
0.333333
0.411765
0.556863
0.529412
0.650980
0.717647
0.670588
0.654902
0.643137
0.749020
0.721569
0.749020
0.745098
0.745098
0.752941
0.756863
0.749020
0.729412
0.729412
0.592157
0.207843
0.439216
0.584314
0.211765
0.368627
0.517647
0.584314
0.643137
0.643137
0.705882
0.447059
0.101961
0.352941
0.447059
0.529412
0.533333
0.513725
0.513725
0.486275
0.501961
0.482353
0.713725
0.674510
0.682353
0.682353
0.670588
0.670588
0.678431
0.670588
0.650980
0.670588
0.458824
0.235294
0.505882
0.584314
0.270588
0.384314
0.588235
0.533333
0.521569
0.513725
0.505882
0.294118
0.149020
0.352941
0.443137
0.501961
0.525490
0.482353
0.482353
0.486275
0.486275
0.505882
0.631373
0.619608
0.572549
0.556863
0.556863
0.564706
0.560784
0.552941
0.533333
0.545098
0.341176
0.329412
0.505882
0.513725
0.352941
0.270588
0.486275
0.521569
0.505882
0.482353
0.435294
0.235294
0.200000
0.396078
0.474510
0.494118
0.509804
0.521569
0.525490
0.525490
0.521569
0.545098
0.501961
0.482353
0.454902
0.450980
0.482353
0.498039
0.498039
0.498039
0.494118
0.474510
0.325490
0.415686
0.501961
0.486275
0.447059
0.247059
0.411765
0.525490
0.494118
0.478431
0.423529
0.219608
0.203922
0.447059
0.498039
0.501961
0.505882
0.513725
0.529412
0.513725
0.509804
0.533333
0.501961
0.494118
0.498039
0.505882
0.533333
0.533333
0.501961
0.509804
0.482353
0.411765
0.317647
0.458824
0.498039
0.470588
0.462745
0.258824
0.345098
0.490196
0.486275
0.466667
0.419608
0.223529
0.207843
0.458824
0.474510
0.517647
0.549020
0.533333
0.568627
0.584314
0.584314
0.572549
0.494118
0.494118
0.498039
0.498039
0.517647
0.490196
0.462745
0.505882
0.513725
0.376471
0.329412
0.529412
0.552941
0.513725
0.521569
0.337255
0.482353
0.611765
0.545098
0.545098
0.486275
0.333333
0.349020
0.505882
0.513725
0.537255
0.545098
0.564706
0.572549
0.588235
0.592157
0.580392
0.549020
0.541176
0.545098
0.556863
0.580392
0.549020
0.552941
0.588235
0.564706
0.376471
0.443137
0.580392
0.572549
0.552941
0.556863
0.466667
0.545098
0.682353
0.537255
0.513725
0.474510
0.454902
0.454902
0.490196
0.517647
0.505882
0.509804
0.521569
0.509804
0.529412
0.545098
0.560784
0.580392
0.592157
0.584314
0.584314
0.600000
0.611765
0.600000
0.600000
0.576471
0.517647
0.545098
0.572549
0.556863
0.549020
0.549020
0.545098
0.580392
0.631373
0.498039
0.486275
0.494118
0.498039
0.482353
0.486275
0.498039
0.486275
0.498039
0.490196
0.505882
0.505882
0.501961
0.533333
0.572549
0.592157
0.600000
0.600000
0.588235
0.603922
0.596078
0.596078
0.588235
0.560784
0.592157
0.607843
0.580392
0.560784
0.560784
0.560784
0.552941
0.541176
0.490196
0.509804
0.501961
0.494118
0.490196
0.501961
0.513725
0.517647
0.525490
0.525490
0.560784
0.537255
0.517647
0.533333
0.549020
0.494118
0.427451
0.407843
0.454902
0.447059
0.423529
0.439216
0.427451
0.450980
0.439216
0.419608
0.407843
0.411765
0.427451
0.486275
0.486275
0.450980
0.564706
0.564706
0.376471
0.274510
0.243137
0.215686
0.200000
0.235294
0.239216
0.270588
0.247059
0.254902
0.258824
0.223529
0.560784
0.470588
0.407843
0.380392
0.450980
0.447059
0.419608
0.407843
0.403922
0.419608
0.415686
0.423529
0.403922
0.419608
0.443137
0.482353
0.474510
0.411765
0.498039
0.494118
0.356863
0.294118
0.286275
0.258824
0.223529
0.250980
0.286275
0.301961
0.270588
0.290196
0.298039
0.196078
0.541176
0.447059
0.400000
0.380392
0.462745
0.407843
0.419608
0.415686
0.392157
0.423529
0.427451
0.439216
0.439216
0.439216
0.447059
0.478431
0.360784
0.262745
0.419608
0.447059
0.321569
0.341176
0.317647
0.262745
0.227451
0.203922
0.250980
0.266667
0.227451
0.243137
0.250980
0.188235
0.462745
0.435294
0.384314
0.352941
0.407843
0.380392
0.443137
0.443137
0.388235
0.407843
0.415686
0.427451
0.423529
0.431373
0.439216
0.486275
0.411765
0.321569
0.388235
0.403922
0.298039
0.341176
0.317647
0.282353
0.313725
0.313725
0.313725
0.278431
0.262745
0.196078
0.156863
0.184314
0.376471
0.356863
0.349020
0.301961
0.333333
0.372549
0.431373
0.458824
0.384314
0.337255
0.360784
0.396078
0.400000
0.419608
0.427451
0.474510
0.419608
0.431373
0.427451
0.360784
0.309804
0.352941
0.278431
0.301961
0.466667
0.525490
0.427451
0.352941
0.360784
0.231373
0.172549
0.172549
0.439216
0.419608
0.411765
0.384314
0.435294
0.486275
0.517647
0.537255
0.474510
0.400000
0.419608
0.443137
0.458824
0.447059
0.439216
0.482353
0.317647
0.266667
0.392157
0.356863
0.337255
0.415686
0.333333
0.368627
0.470588
0.517647
0.474510
0.435294
0.419608
0.321569
0.254902
0.184314
0.521569
0.517647
0.505882
0.486275
0.505882
0.513725
0.529412
0.541176
0.533333
0.494118
0.509804
0.509804
0.482353
0.443137
0.454902
0.462745
0.349020
0.243137
0.321569
0.368627
0.352941
0.454902
0.431373
0.470588
0.529412
0.549020
0.564706
0.537255
0.517647
0.486275
0.388235
0.250980
0.525490
0.521569
0.525490
0.509804
0.494118
0.486275
0.478431
0.478431
0.486275
0.482353
0.470588
0.490196
0.482353
0.439216
0.447059
0.372549
0.305882
0.243137
0.282353
0.352941
0.333333
0.427451
0.450980
0.450980
0.474510
0.501961
0.517647
0.517647
0.529412
0.549020
0.513725
0.419608
0.572549
0.564706
0.580392
0.580392
0.556863
0.564706
0.576471
0.580392
0.564706
0.533333
0.498039
0.521569
0.529412
0.482353
0.427451
0.301961
0.290196
0.223529
0.231373
0.333333
0.309804
0.388235
0.435294
0.431373
0.435294
0.443137
0.470588
0.498039
0.498039
0.513725
0.537255
0.533333
0.552941
0.545098
0.572549
0.521569
0.478431
0.474510
0.439216
0.549020
0.568627
0.592157
0.572549
0.576471
0.584314
0.545098
0.427451
0.305882
0.294118
0.196078
0.266667
0.345098
0.345098
0.400000
0.407843
0.470588
0.498039
0.454902
0.454902
0.513725
0.525490
0.545098
0.560784
0.517647
0.525490
0.509804
0.525490
0.470588
0.462745
0.388235
0.223529
0.258824
0.321569
0.415686
0.474510
0.541176
0.588235
0.568627
0.513725
0.325490
0.203922
0.184314
0.345098
0.431373
0.431373
0.466667
0.443137
0.482353
0.521569
0.482353
0.462745
0.482353
0.494118
0.533333
0.517647
0.490196
0.517647
0.517647
0.513725
0.498039
0.490196
0.380392
0.250980
0.196078
0.172549
0.188235
0.223529
0.309804
0.388235
0.400000
0.513725
0.356863
0.176471
0.200000
0.388235
0.650980
0.545098
0.486275
0.474510
0.458824
0.454902
0.462745
0.423529
0.427451
0.454902
0.466667
0.466667
0.470588
0.482353
0.494118
0.490196
0.462745
0.450980
0.337255
0.250980
0.247059
0.160784
0.129412
0.133333
0.149020
0.172549
0.180392
0.407843
0.423529
0.223529
0.258824
0.490196
0.913725
0.772549
0.443137
0.388235
0.341176
0.376471
0.443137
0.368627
0.415686
0.470588
0.462745
0.462745
0.403922
0.501961
0.498039
0.486275
0.403922
0.392157
0.341176
0.207843
0.164706
0.117647
0.113725
0.141176
0.129412
0.145098
0.156863
0.341176
0.462745
0.243137
0.333333
0.784314
1.000000
0.894118
0.392157
0.239216
0.243137
0.254902
0.368627
0.368627
0.415686
0.443137
0.427451
0.380392
0.266667
0.521569
0.490196
0.486275
0.407843
0.392157
0.321569
0.160784
0.160784
0.223529
0.109804
0.141176
0.141176
0.152941
0.192157
0.258824
0.411765
0.196078
0.215686
0.647059
0.713725
0.396078
0.176471
0.164706
0.184314
0.180392
0.356863
0.427451
0.443137
0.454902
0.443137
0.368627
0.313725
0.529412
0.521569
0.525490
0.478431
0.396078
0.278431
0.211765
0.364706
0.470588
0.278431
0.141176
0.141176
0.180392
0.223529
0.215686
0.254902
0.121569
0.086275
0.231373
0.239216
0.109804
0.101961
0.137255
0.152941
0.129412
0.349020
0.454902
0.450980
0.458824
0.462745
0.427451
0.415686
0.560784
0.552941
0.545098
0.537255
0.356863
0.235294
0.392157
0.505882
0.533333
0.494118
0.254902
0.133333
0.188235
0.227451
0.184314
0.145098
0.094118
0.054902
0.098039
0.164706
0.145098
0.101961
0.137255
0.180392
0.149020
0.286275
0.360784
0.364706
0.376471
0.368627
0.364706
0.364706
0.513725
0.521569
0.494118
0.423529
0.400000
0.345098
0.415686
0.435294
0.431373
0.470588
0.345098
0.129412
0.164706
0.211765
0.168627
0.168627
0.149020
0.105882
0.109804
0.164706
0.129412
0.101961
0.117647
0.211765
0.207843
0.274510
0.317647
0.337255
0.372549
0.376471
0.384314
0.411765
0.470588
0.498039
0.470588
0.396078
0.454902
0.474510
0.450980
0.466667
0.443137
0.458824
0.403922
0.133333
0.141176
0.184314
0.172549
0.188235
0.137255
0.192157
0.239216
0.145098
0.054902
0.086275
0.117647
0.258824
0.239216
0.321569
0.352941
0.376471
0.427451
0.443137
0.427451
0.450980
0.560784
0.560784
0.552941
0.541176
0.537255
0.541176
0.545098
0.537255
0.529412
0.521569
0.486275
0.235294
0.168627
0.160784
0.160784
0.164706
0.117647
0.250980
0.352941
0.164706
0.054902
0.078431
0.160784
0.294118
0.223529
0.368627
0.427451
0.431373
0.462745
0.458824
0.462745
0.478431
0.525490
0.513725
0.517647
0.501961
0.509804
0.513725
0.490196
0.470588
0.466667
0.447059
0.439216
0.309804
0.168627
0.090196
0.149020
0.282353
0.290196
0.360784
0.431373
0.341176
0.117647
0.062745
0.188235
0.305882
0.227451
0.396078
0.384314
0.443137
0.490196
0.498039
0.513725
0.521569
0.513725
0.505882
0.517647
0.505882
0.529412
0.541176
0.525490
0.525490
0.529412
0.525490
0.501961
0.278431
0.176471
0.109804
0.133333
0.305882
0.419608
0.529412
0.541176
0.537255
0.380392
0.121569
0.125490
0.309804
0.266667
0.462745
0.380392
0.501961
0.568627
0.556863
0.560784
0.568627
0.607843
0.611765
0.627451
0.627451
0.647059
0.654902
0.643137
0.647059
0.650980
0.643137
0.607843
0.227451
0.278431
0.305882
0.094118
0.215686
0.372549
0.552941
0.568627
0.541176
0.568627
0.321569
0.058824
0.258824
0.282353
0.427451
0.400000
0.513725
0.576471
0.533333
0.517647
0.498039
0.611765
0.584314
0.611765
0.603922
0.596078
0.596078
0.596078
0.588235
0.568627
0.576471
0.498039
0.145098
0.341176
0.458824
0.156863
0.329412
0.427451
0.474510
0.505882
0.482353
0.549020
0.372549
0.070588
0.278431
0.317647
0.400000
0.427451
0.415686
0.411765
0.388235
0.403922
0.380392
0.556863
0.517647
0.521569
0.525490
0.501961
0.490196
0.498039
0.486275
0.466667
0.494118
0.352941
0.160784
0.388235
0.443137
0.207843
0.333333
0.490196
0.435294
0.415686
0.400000
0.403922
0.243137
0.129412
0.294118
0.325490
0.380392
0.419608
0.380392
0.380392
0.384314
0.384314
0.407843
0.501961
0.494118
0.443137
0.431373
0.423529
0.423529
0.415686
0.407843
0.384314
0.403922
0.254902
0.250980
0.388235
0.388235
0.298039
0.231373
0.403922
0.423529
0.407843
0.392157
0.360784
0.207843
0.184314
0.341176
0.372549
0.376471
0.396078
0.407843
0.411765
0.411765
0.407843
0.439216
0.415686
0.396078
0.364706
0.364706
0.396078
0.407843
0.407843
0.407843
0.400000
0.388235
0.274510
0.345098
0.400000
0.392157
0.403922
0.227451
0.356863
0.427451
0.384314
0.376471
0.341176
0.192157
0.180392
0.388235
0.407843
0.388235
0.400000
0.407843
0.423529
0.407843
0.407843
0.431373
0.415686
0.407843
0.411765
0.419608
0.439216
0.427451
0.403922
0.427451
0.407843
0.349020
0.266667
0.384314
0.400000
0.384314
0.415686
0.227451
0.294118
0.403922
0.384314
0.368627
0.349020
0.188235
0.168627
0.388235
0.376471
0.407843
0.439216
0.431373
0.466667
0.482353
0.482353
0.470588
0.400000
0.396078
0.400000
0.400000
0.403922
0.356863
0.349020
0.415686
0.447059
0.321569
0.262745
0.447059
0.454902
0.427451
0.454902
0.282353
0.427451
0.537255
0.454902
0.458824
0.423529
0.282353
0.290196
0.427451
0.411765
0.423529
0.439216
0.462745
0.470588
0.482353
0.490196
0.478431
0.447059
0.443137
0.443137
0.454902
0.458824
0.411765
0.435294
0.490196
0.494118
0.313725
0.356863
0.482353
0.474510
0.458824
0.466667
0.384314
0.478431
0.619608
0.450980
0.423529
0.403922
0.380392
0.372549
0.392157
0.411765
0.388235
0.400000
0.419608
0.407843
0.427451
0.443137
0.458824
0.474510
0.486275
0.478431
0.474510
0.482353
0.482353
0.482353
0.494118
0.486275
0.427451
0.439216
0.462745
0.454902
0.450980
0.447059
0.435294
0.498039
0.568627
0.400000
0.372549
0.403922
0.403922
0.376471
0.376471
0.384314
0.368627
0.388235
0.388235
0.403922
0.403922
0.400000
0.431373
0.458824
0.482353
0.486275
0.486275
0.478431
0.494118
0.486275
0.482353
0.474510
0.447059
0.466667
0.494118
0.474510
0.454902
0.447059
0.435294
0.458824
0.474510
0.380392
0.372549
0.392157
0.388235
0.380392
0.384314
0.396078
0.396078
0.415686
0.423529
0.454902
0.435294
0.415686
0.431373
