0.011765
0.011765
0.011765
0.015686
0.019608
0.023529
0.027451
0.023529
0.023529
0.054902
0.294118
0.450980
0.274510
0.031373
0.027451
0.031373
0.031373
0.031373
0.023529
0.011765
0.054902
0.407843
0.376471
0.164706
0.105882
0.121569
0.235294
0.223529
0.227451
0.301961
0.411765
0.439216
0.054902
0.058824
0.054902
0.058824
0.058824
0.066667
0.086275
0.086275
0.066667
0.172549
0.321569
0.419608
0.376471
0.145098
0.070588
0.074510
0.066667
0.054902
0.050980
0.043137
0.101961
0.450980
0.349020
0.160784
0.125490
0.168627
0.352941
0.396078
0.380392
0.352941
0.349020
0.298039
0.078431
0.090196
0.109804
0.082353
0.090196
0.117647
0.156863
0.141176
0.113725
0.247059
0.274510
0.349020
0.400000
0.294118
0.180392
0.168627
0.164706
0.145098
0.117647
0.105882
0.121569
0.298039
0.243137
0.188235
0.301961
0.176471
0.207843
0.211765
0.239216
0.231373
0.211765
0.215686
0.129412
0.086275
0.090196
0.066667
0.074510
0.121569
0.156863
0.117647
0.117647
0.235294
0.286275
0.415686
0.439216
0.305882
0.172549
0.184314
0.207843
0.176471
0.160784
0.156863
0.160784
0.141176
0.156863
0.364706
0.415686
0.192157
0.098039
0.058824
0.113725
0.121569
0.070588
0.125490
0.203922
0.168627
0.137255
0.117647
0.125490
0.141176
0.160784
0.117647
0.125490
0.235294
0.215686
0.384314
0.443137
0.309804
0.211765
0.203922
0.219608
0.172549
0.164706
0.168627
0.141176
0.192157
0.364706
0.439216
0.301961
0.109804
0.058824
0.058824
0.117647
0.109804
0.054902
0.086275
0.274510
0.305882
0.298039
0.294118
0.301961
0.286275
0.278431
0.188235
0.203922
0.250980
0.149020
0.227451
0.388235
0.321569
0.274510
0.231373
0.211765
0.172549
0.129412
0.125490
0.184314
0.380392
0.454902
0.360784
0.176471
0.047059
0.054902
0.058824
0.074510
0.109804
0.098039
0.066667
0.270588
0.278431
0.274510
0.270588
0.239216
0.215686
0.200000
0.160784
0.215686
0.250980
0.211765
0.352941
0.423529
0.290196
0.317647
0.270588
0.227451
0.215686
0.231373
0.239216
0.352941
0.419608
0.380392
0.270588
0.121569
0.039216
0.043137
0.058824
0.066667
0.086275
0.121569
0.090196
0.090196
0.090196
0.082353
0.074510
0.058824
0.047059
0.050980
0.050980
0.117647
0.262745
0.321569
0.411765
0.376471
0.274510
0.341176
0.298039
0.356863
0.380392
0.345098
0.309804
0.392157
0.333333
0.317647
0.211765
0.109804
0.039216
0.031373
0.050980
0.062745
0.058824
0.062745
0.137255
0.015686
0.023529
0.035294
0.047059
0.047059
0.050980
0.050980
0.043137
0.101961
0.317647
0.239216
0.298039
0.372549
0.333333
0.352941
0.349020
0.384314
0.356863
0.360784
0.341176
0.317647
0.274510
0.262745
0.172549
0.188235
0.262745
0.286275
0.258824
0.219608
0.215686
0.184314
0.400000
0.011765
0.015686
0.031373
0.047059
0.035294
0.047059
0.054902
0.031373
0.117647
0.333333
0.219608
0.388235
0.454902
0.454902
0.458824
0.490196
0.419608
0.341176
0.356863
0.447059
0.435294
0.349020
0.286275
0.341176
0.556863
0.666667
0.701961
0.670588
0.682353
0.635294
0.494118
0.650980
0.007843
0.019608
0.023529
0.027451
0.023529
0.031373
0.043137
0.023529
0.172549
0.274510
0.290196
0.447059
0.419608
0.427451
0.439216
0.482353
0.450980
0.415686
0.423529
0.600000
0.588235
0.439216
0.360784
0.580392
0.729412
0.760784
0.784314
0.760784
0.796078
0.729412
0.619608
0.713725
0.015686
0.027451
0.035294
0.035294
0.039216
0.039216
0.050980
0.066667
0.219608
0.192157
0.301961
0.419608
0.407843
0.352941
0.341176
0.458824
0.470588
0.443137
0.486275
0.796078
0.674510
0.494118
0.360784
0.647059
0.749020
0.729412
0.776471
0.776471
0.800000
0.674510
0.623529
0.733333
0.015686
0.015686
0.023529
0.023529
0.027451
0.043137
0.109804
0.141176
0.266667
0.254902
0.407843
0.419608
0.396078
0.380392
0.400000
0.450980
0.478431
0.486275
0.380392
0.717647
0.850980
0.588235
0.447059
0.647059
0.800000
0.670588
0.654902
0.768627
0.811765
0.694118
0.729412
0.780392
0.015686
0.019608
0.035294
0.117647
0.172549
0.113725
0.219608
0.247059
0.364706
0.415686
0.490196
0.407843
0.427451
0.439216
0.396078
0.450980
0.501961
0.482353
0.368627
0.541176
0.803922
0.780392
0.584314
0.584314
0.662745
0.572549
0.674510
0.847059
0.807843
0.694118
0.741176
0.780392
0.043137
0.039216
0.258824
0.647059
0.733333
0.588235
0.462745
0.517647
0.525490
0.466667
0.439216
0.313725
0.368627
0.372549
0.215686
0.294118
0.521569
0.462745
0.403922
0.384314
0.498039
0.545098
0.552941
0.509804
0.431373
0.411765
0.725490
0.905882
0.858824
0.752941
0.678431
0.709804
0.031373
0.121569
0.701961
0.972549
0.972549
0.925490
0.823529
0.749020
0.576471
0.443137
0.317647
0.329412
0.372549
0.411765
0.325490
0.254902
0.501961
0.560784
0.439216
0.329412
0.172549
0.133333
0.282353
0.392157
0.321569
0.356863
0.690196
0.878431
0.870588
0.803922
0.670588
0.600000
0.000000
0.333333
0.925490
0.988235
0.984314
0.972549
0.933333
0.807843
0.556863
0.345098
0.392157
0.521569
0.494118
0.380392
0.400000
0.282353
0.439216
0.650980
0.447059
0.333333
0.145098
0.200000
0.427451
0.423529
0.470588
0.482353
0.623529
0.835294
0.901961
0.850980
0.729412
0.533333
0.007843
0.541176
0.956863
0.933333
0.945098
0.992157
0.972549
0.890196
0.662745
0.513725
0.576471
0.509804
0.450980
0.396078
0.368627
0.270588
0.384314
0.643137
0.474510
0.345098
0.294118
0.435294
0.729412
0.682353
0.678431
0.556863
0.584314
0.796078
0.917647
0.866667
0.768627
0.541176
0.145098
0.541176
0.854902
0.815686
0.784314
0.862745
0.909804
0.921569
0.807843
0.686275
0.654902
0.533333
0.407843
0.376471
0.482353
0.474510
0.301961
0.545098
0.615686
0.415686
0.529412
0.827451
0.776471
0.843137
0.815686
0.576471
0.541176
0.729412
0.850980
0.815686
0.752941
0.521569
0.470588
0.690196
0.858824
0.870588
0.788235
0.690196
0.717647
0.913725
0.882353
0.752941
0.690196
0.576471
0.509804
0.447059
0.411765
0.407843
0.349020
0.439216
0.631373
0.486275
0.533333
0.823529
0.639216
0.866667
0.874510
0.592157
0.372549
0.592157
0.764706
0.745098
0.639216
0.494118
0.615686
0.835294
0.929412
0.952941
0.890196
0.713725
0.701961
0.937255
0.913725
0.796078
0.647059
0.549020
0.568627
0.517647
0.431373
0.478431
0.509804
0.372549
0.470588
0.403922
0.435294
0.623529
0.490196
0.803922
0.874510
0.600000
0.392157
0.501961
0.576471
0.529412
0.474510
0.505882
0.764706
0.800000
0.921569
0.984314
0.917647
0.749020
0.760784
0.964706
0.913725
0.847059
0.733333
0.654902
0.694118
0.729412
0.603922
0.517647
0.537255
0.376471
0.266667
0.262745
0.533333
0.576471
0.372549
0.686275
0.815686
0.521569
0.427451
0.501961
0.360784
0.380392
0.376471
0.435294
0.890196
0.752941
0.713725
0.831373
0.803922
0.690196
0.792157
0.980392
0.941176
0.850980
0.796078
0.713725
0.709804
0.796078
0.717647
0.509804
0.490196
0.541176
0.231373
0.258824
0.596078
0.549020
0.337255
0.505882
0.647059
0.329412
0.360784
0.501961
0.274510
0.372549
0.356863
0.368627
0.894118
0.745098
0.576471
0.541176
0.584314
0.549020
0.792157
0.984314
0.960784
0.866667
0.796078
0.741176
0.729412
0.760784
0.662745
0.513725
0.533333
0.525490
0.262745
0.321569
0.454902
0.474510
0.341176
0.372549
0.372549
0.133333
0.239216
0.435294
0.313725
0.168627
0.231373
0.305882
0.792157
0.654902
0.529412
0.309804
0.345098
0.376471
0.737255
0.972549
0.972549
0.905882
0.792157
0.729412
0.713725
0.686275
0.686275
0.592157
0.486275
0.352941
0.211765
0.266667
0.360784
0.478431
0.360784
0.254902
0.168627
0.164706
0.168627
0.258824
0.345098
0.160784
0.141176
0.164706
0.635294
0.533333
0.447059
0.156863
0.109804
0.180392
0.647059
0.964706
0.956863
0.921569
0.815686
0.709804
0.619608
0.552941
0.564706
0.592157
0.537255
0.431373
0.325490
0.317647
0.415686
0.435294
0.270588
0.258824
0.207843
0.321569
0.301961
0.282353
0.321569
0.333333
0.290196
0.215686
0.537255
0.458824
0.305882
0.047059
0.000000
0.058824
0.529412
0.905882
0.913725
0.913725
0.835294
0.733333
0.639216
0.556863
0.486275
0.494118
0.545098
0.478431
0.384314
0.376471
0.423529
0.380392
0.172549
0.282353
0.301961
0.360784
0.411765
0.415686
0.403922
0.403922
0.388235
0.372549
0.341176
0.270588
0.133333
0.027451
0.023529
0.090196
0.384314
0.768627
0.874510
0.894118
0.850980
0.768627
0.709804
0.607843
0.556863
0.462745
0.419608
0.392157
0.372549
0.388235
0.423529
0.329412
0.192157
0.356863
0.384314
0.360784
0.380392
0.400000
0.411765
0.435294
0.403922
0.400000
0.086275
0.070588
0.023529
0.043137
0.121569
0.196078
0.317647
0.627451
0.858824
0.886275
0.862745
0.807843
0.741176
0.639216
0.588235
0.490196
0.427451
0.384314
0.380392
0.403922
0.419608
0.254902
0.247059
0.411765
0.419608
0.415686
0.403922
0.364706
0.372549
0.423529
0.427451
0.392157
0.015686
0.027451
0.082353
0.164706
0.254902
0.301961
0.376471
0.556863
0.839216
0.886275
0.874510
0.831373
0.756863
0.670588
0.600000
0.494118
0.431373
0.396078
0.392157
0.415686
0.400000
0.243137
0.333333
0.427451
0.423529
0.423529
0.419608
0.392157
0.388235
0.388235
0.392157
0.403922
0.070588
0.196078
0.290196
0.329412
0.341176
0.345098
0.345098
0.470588
0.764706
0.854902
0.862745
0.847059
0.788235
0.682353
0.600000
0.501961
0.427451
0.411765
0.423529
0.431373
0.400000
0.329412
0.407843
0.415686
0.419608
0.423529
0.388235
0.356863
0.380392
0.384314
0.364706
0.400000
0.164706
0.286275
0.400000
0.411765
0.419608
0.388235
0.372549
0.419608
0.650980
0.803922
0.854902
0.858824
0.823529
0.725490
0.619608
0.545098
0.470588
0.458824
0.466667
0.435294
0.360784
0.372549
0.427451
0.411765
0.415686
0.427451
0.407843
0.380392
0.356863
0.376471
0.380392
0.403922
0.039216
0.047059
0.043137
0.050980
0.047059
0.043137
0.039216
0.039216
0.039216
0.074510
0.286275
0.431373
0.266667
0.047059
0.039216
0.039216
0.039216
0.039216
0.035294
0.031373
0.058824
0.403922
0.356863
0.129412
0.070588
0.109804
0.243137
0.247059
0.266667
0.376471
0.482353
0.498039
0.101961
0.105882
0.101961
0.105882
0.101961
0.101961
0.109804
0.109804
0.090196
0.168627
0.278431
0.364706
0.345098
0.149020
0.078431
0.078431
0.070588
0.062745
0.058824
0.047059
0.098039
0.443137
0.329412
0.129412
0.105882
0.188235
0.403922
0.458824
0.439216
0.423529
0.419608
0.368627
0.141176
0.152941
0.172549
0.141176
0.141176
0.164706
0.192157
0.176471
0.141176
0.223529
0.219608
0.286275
0.356863
0.282353
0.180392
0.168627
0.164706
0.145098
0.109804
0.082353
0.098039
0.282353
0.219608
0.160784
0.294118
0.184314
0.250980
0.270588
0.282353
0.290196
0.278431
0.294118
0.196078
0.152941
0.156863
0.137255
0.141176
0.176471
0.196078
0.160784
0.149020
0.200000
0.231373
0.368627
0.396078
0.278431
0.164706
0.184314
0.207843
0.168627
0.129412
0.101961
0.109804
0.117647
0.133333
0.345098
0.411765
0.172549
0.101961
0.082353
0.121569
0.168627
0.133333
0.200000
0.250980
0.211765
0.176471
0.180392
0.184314
0.200000
0.203922
0.164706
0.160784
0.188235
0.141176
0.333333
0.403922
0.286275
0.196078
0.200000
0.211765
0.149020
0.117647
0.098039
0.094118
0.168627
0.345098
0.423529
0.294118
0.074510
0.035294
0.054902
0.125490
0.145098
0.074510
0.125490
0.313725
0.337255
0.325490
0.321569
0.325490
0.313725
0.301961
0.227451
0.227451
0.192157
0.078431
0.180392
0.345098
0.286275
0.254902
0.227451
0.203922
0.152941
0.101961
0.070588
0.149020
0.364706
0.435294
0.345098
0.156863
0.019608
0.027451
0.039216
0.066667
0.109804
0.098039
0.082353
0.317647
0.317647
0.305882
0.290196
0.258824
0.235294
0.219608
0.184314
0.211765
0.176471
0.156863
0.325490
0.380392
0.243137
0.290196
0.262745
0.223529
0.207843
0.223529
0.215686
0.333333
0.403922
0.356863
0.239216
0.086275
0.035294
0.050980
0.058824
0.058824
0.086275
0.137255
0.105882
0.141176
0.129412
0.117647
0.117647
0.101961
0.090196
0.082353
0.062745
0.098039
0.184314
0.274510
0.392157
0.341176
0.227451
0.309804
0.290196
0.356863
0.380392
0.345098
0.301961
0.376471
0.313725
0.286275
0.164706
0.058824
0.015686
0.023529
0.039216
0.050980
0.062745
0.074510
0.101961
0.058824
0.062745
0.070588
0.074510
0.078431
0.078431
0.078431
0.062745
0.090196
0.254902
0.192157
0.270588
0.345098
0.305882
0.325490
0.349020
0.396078
0.364706
0.360784
0.333333
0.294118
0.243137
0.231373
0.121569
0.113725
0.168627
0.192157
0.172549
0.149020
0.176471
0.121569
0.239216
0.050980
0.054902
0.062745
0.058824
0.062745
0.066667
0.066667
0.054902
0.125490
0.301961
0.184314
0.360784
0.427451
0.431373
0.447059
0.498039
0.431373
0.341176
0.352941
0.439216
0.419608
0.325490
0.286275
0.254902
0.364706
0.458824
0.490196
0.482353
0.494118
0.482353
0.325490
0.376471
0.054902
0.066667
0.066667
0.066667
0.074510
0.074510
0.070588
0.058824
0.192157
0.258824
0.262745
0.427451
0.400000
0.407843
0.427451
0.482353
0.447059
0.411765
0.427451
0.603922
0.592157
0.439216
0.349020
0.427451
0.498039
0.509804
0.529412
0.537255
0.545098
0.517647
0.400000
0.415686
0.066667
0.078431
0.086275
0.082353
0.094118
0.090196
0.090196
0.098039
0.243137
0.176471
0.282353
0.407843
0.396078
0.341176
0.329412
0.450980
0.454902
0.435294
0.490196
0.803922
0.690196
0.509804
0.321569
0.454902
0.549020
0.509804
0.541176
0.564706
0.537255
0.411765
0.392157
0.509804
0.054902
0.058824
0.066667
0.054902
0.054902
0.070588
0.125490
0.145098
0.270588
0.243137
0.396078
0.411765
0.384314
0.368627
0.392157
0.427451
0.447059
0.462745
0.376471
0.725490
0.866667
0.607843
0.419608
0.458824
0.615686
0.498039
0.435294
0.545098
0.537255
0.372549
0.474510
0.607843
0.039216
0.050980
0.054902
0.117647
0.156863
0.105882
0.196078
0.200000
0.349020
0.415686
0.486275
0.400000
0.419608
0.435294
0.392157
0.415686
0.454902
0.447059
0.349020
0.537255
0.807843
0.803922
0.580392
0.423529
0.486275
0.419608
0.415686
0.545098
0.513725
0.384314
0.443137
0.529412
0.070588
0.078431
0.223529
0.533333
0.596078
0.462745
0.356863
0.403922
0.474510
0.474510
0.427451
0.301961
0.356863
0.360784
0.207843
0.250980
0.470588
0.443137
0.396078
0.376471
0.490196
0.541176
0.552941
0.388235
0.258824
0.243137
0.474510
0.572549
0.545098
0.474510
0.372549
0.407843
0.043137
0.109804
0.584314
0.784314
0.749020
0.701961
0.623529
0.588235
0.521569
0.443137
0.294118
0.309804
0.341176
0.376471
0.286275
0.219608
0.458824
0.533333
0.431373
0.313725
0.149020
0.105882
0.290196
0.305882
0.149020
0.203922
0.501961
0.596078
0.588235
0.521569
0.388235
0.298039
0.000000
0.262745
0.749020
0.800000
0.768627
0.737255
0.690196
0.643137
0.537255
0.329412
0.356863
0.490196
0.454902
0.321569
0.329412
0.250980
0.400000
0.603922
0.427451
0.305882
0.109804
0.172549
0.443137
0.341176
0.286275
0.329412
0.454902
0.580392
0.619608
0.556863
0.458824
0.231373
0.019608
0.450980
0.752941
0.741176
0.741176
0.776471
0.745098
0.764706
0.670588
0.490196
0.541176
0.478431
0.415686
0.352941
0.309804
0.235294
0.341176
0.600000
0.454902
0.321569
0.266667
0.419608
0.721569
0.545098
0.450980
0.356863
0.388235
0.525490
0.607843
0.572549
0.486275
0.262745
0.094118
0.400000
0.615686
0.572549
0.545098
0.639216
0.721569
0.858824
0.823529
0.662745
0.623529
0.501961
0.396078
0.368627
0.462745
0.427451
0.250980
0.517647
0.592157
0.403922
0.529412
0.843137
0.741176
0.623529
0.529412
0.329412
0.329412
0.474510
0.556863
0.529412
0.443137
0.274510
0.270588
0.466667
0.600000
0.600000
0.505882
0.447059
0.568627
0.894118
0.898039
0.745098
0.674510
0.549020
0.494118
0.435294
0.388235
0.376471
0.305882
0.407843
0.603922
0.462745
0.537255
0.847059
0.596078
0.607843
0.576471
0.329412
0.188235
0.380392
0.454902
0.423529
0.384314
0.333333
0.368627
0.584314
0.670588
0.682353
0.600000
0.458824
0.560784
0.929412
0.929412
0.796078
0.635294
0.529412
0.549020
0.494118
0.396078
0.450980
0.470588
0.321569
0.423529
0.356863
0.427451
0.643137
0.454902
0.552941
0.572549
0.337255
0.231373
0.337255
0.325490
0.282353
0.329412
0.439216
0.537255
0.564706
0.674510
0.729412
0.643137
0.486275
0.603922
0.956863
0.929412
0.847059
0.729412
0.643137
0.682353
0.713725
0.568627
0.474510
0.490196
0.321569
0.200000
0.200000
0.521569
0.596078
0.352941
0.474510
0.513725
0.274510
0.298039
0.400000
0.219608
0.250980
0.301961
0.403922
0.678431
0.533333
0.490196
0.596078
0.556863
0.435294
0.635294
0.972549
0.952941
0.850980
0.796078
0.713725
0.705882
0.792157
0.690196
0.466667
0.447059
0.501961
0.180392
0.200000
0.580392
0.564706
0.337255
0.376471
0.403922
0.164706
0.294118
0.431373
0.180392
0.298039
0.298039
0.321569
0.678431
0.529412
0.356863
0.301961
0.341176
0.317647
0.654902
0.980392
0.976471
0.866667
0.800000
0.745098
0.733333
0.760784
0.658824
0.486275
0.498039
0.505882
0.239216
0.278431
0.435294
0.478431
0.360784
0.325490
0.207843
0.074510
0.231373
0.364706
0.211765
0.121569
0.188235
0.258824
0.592157
0.454902
0.325490
0.098039
0.141176
0.180392
0.631373
0.976471
0.984314
0.917647
0.807843
0.733333
0.713725
0.686275
0.686275
0.576471
0.454902
0.317647
0.172549
0.215686
0.337255
0.482353
0.372549
0.243137
0.105882
0.160784
0.168627
0.196078
0.258824
0.137255
0.121569
0.141176
0.439216
0.341176
0.266667
0.047059
0.027451
0.066667
0.545098
0.956863
0.988235
0.937255
0.827451
0.717647
0.619608
0.549020
0.556863
0.576471
0.509804
0.388235
0.266667
0.266667
0.392157
0.439216
0.274510
0.250980
0.188235
0.313725
0.286275
0.243137
0.274510
0.313725
0.278431
0.203922
0.349020
0.278431
0.160784
0.011765
0.007843
0.019608
0.423529
0.878431
0.964706
0.925490
0.843137
0.741176
0.639216
0.552941
0.462745
0.474510
0.525490
0.450980
0.329412
0.329412
0.403922
0.380392
0.172549
0.274510
0.286275
0.349020
0.396078
0.403922
0.388235
0.392157
0.376471
0.360784
0.207843
0.152941
0.054902
0.015686
0.043137
0.062745
0.301961
0.745098
0.921569
0.905882
0.862745
0.784314
0.717647
0.607843
0.537255
0.443137
0.403922
0.364706
0.325490
0.349020
0.411765
0.329412
0.188235
0.352941
0.376471
0.352941
0.372549
0.407843
0.419608
0.427451
0.396078
0.392157
0.039216
0.023529
0.011765
0.054902
0.117647
0.184314
0.294118
0.627451
0.886275
0.905882
0.886275
0.827451
0.752941
0.643137
0.584314
0.478431
0.403922
0.349020
0.337255
0.364706
0.411765
0.254902
0.239216
0.407843
0.423529
0.403922
0.392157
0.360784
0.376471
0.419608
0.423529
0.388235
0.019608
0.027451
0.086275
0.172549
0.243137
0.290196
0.368627
0.568627
0.878431
0.917647
0.898039
0.850980
0.768627
0.674510
0.600000
0.478431
0.403922
0.356863
0.349020
0.384314
0.392157
0.247059
0.337255
0.427451
0.423529
0.415686
0.411765
0.384314
0.384314
0.384314
0.392157
0.407843
0.101961
0.223529
0.294118
0.333333
0.345098
0.337255
0.333333
0.486275
0.815686
0.894118
0.886275
0.866667
0.800000
0.690196
0.596078
0.486275
0.403922
0.380392
0.388235
0.407843
0.392157
0.333333
0.419608
0.419608
0.415686
0.419608
0.384314
0.352941
0.380392
0.380392
0.364706
0.407843
0.219608
0.337255
0.427451
0.427451
0.427451
0.392157
0.372549
0.435294
0.694118
0.843137
0.882353
0.878431
0.835294
0.729412
0.619608
0.537255
0.454902
0.435294
0.443137
0.419608
0.352941
0.372549
0.431373
0.411765
0.407843
0.423529
0.403922
0.376471
0.352941
0.376471
0.380392
0.407843
0.011765
0.015686
0.015686
0.023529
0.023529
0.023529
0.019608
0.015686
0.015686
0.047059
0.266667
0.403922
0.239216
0.031373
0.019608
0.019608
0.019608
0.019608
0.019608
0.019608
0.039216
0.364706
0.305882
0.082353
0.043137
0.066667
0.172549
0.172549
0.196078
0.290196
0.400000
0.427451
0.054902
0.058824
0.054902
0.062745
0.062745
0.066667
0.074510
0.070588
0.050980
0.137255
0.262745
0.341176
0.317647
0.129412
0.058824
0.054902
0.050980
0.039216
0.039216
0.023529
0.066667
0.400000
0.274510
0.078431
0.070588
0.121569
0.325490
0.396078
0.384314
0.341176
0.337255
0.286275
0.074510
0.086275
0.105882
0.082353
0.086275
0.109804
0.141176
0.117647
0.086275
0.184314
0.196078
0.254902
0.321569
0.258824
0.156863
0.145098
0.141176
0.121569
0.086275
0.047059
0.062745
0.247059
0.176471
0.117647
0.262745
0.129412
0.192157
0.227451
0.243137
0.211765
0.192157
0.196078
0.121569
0.078431
0.082353
0.066667
0.070588
0.113725
0.133333
0.094118
0.090196
0.164706
0.200000
0.325490
0.352941
0.250980
0.137255
0.156863
0.176471
0.145098
0.105882
0.062745
0.074510
0.094118
0.109804
0.313725
0.392157
0.137255
0.066667
0.054902
0.082353
0.098039
0.050980
0.101961
0.172549
0.133333
0.101961
0.098039
0.101961
0.117647
0.129412
0.098039
0.109804
0.164706
0.117647
0.301961
0.372549
0.254902
0.164706
0.176471
0.184314
0.113725
0.078431
0.050980
0.050980
0.149020
0.325490
0.388235
0.270588
0.062745
0.019608
0.035294
0.090196
0.094118
0.039216
0.066667
0.215686
0.243137
0.227451
0.211765
0.215686
0.203922
0.196078
0.133333
0.156863
0.141176
0.047059
0.156863
0.321569
0.254902
0.207843
0.192157
0.164706
0.109804
0.062745
0.031373
0.113725
0.345098
0.419608
0.317647
0.145098
0.035294
0.043137
0.050980
0.066667
0.074510
0.058824
0.031373
0.215686
0.219608
0.207843
0.188235
0.156863
0.133333
0.125490
0.105882
0.152941
0.133333
0.129412
0.298039
0.352941
0.211765
0.262745
0.250980
0.211765
0.192157
0.207843
0.188235
0.309804
0.388235
0.341176
0.231373
0.086275
0.015686
0.019608
0.035294
0.043137
0.066667
0.086275
0.050980
0.062745
0.058824
0.050980
0.066667
0.050980
0.039216
0.039216
0.035294
0.090196
0.176471
0.258824
0.364706
0.305882
0.192157
0.294118
0.305882
0.376471
0.392157
0.341176
0.278431
0.352941
0.298039
0.278431
0.160784
0.043137
0.000000
0.011765
0.039216
0.058824
0.050980
0.043137
0.031373
0.019608
0.027451
0.035294
0.047059
0.050980
0.050980
0.047059
0.039216
0.074510
0.235294
0.176471
0.247059
0.301961
0.254902
0.282353
0.325490
0.384314
0.349020
0.352941
0.301961
0.258824
0.223529
0.227451
0.094118
0.050980
0.082353
0.101961
0.101961
0.082353
0.105882
0.066667
0.078431
0.023529
0.027451
0.035294
0.039216
0.043137
0.047059
0.050980
0.027451
0.082353
0.270588
0.160784
0.325490
0.380392
0.372549
0.396078
0.470588
0.407843
0.313725
0.337255
0.419608
0.388235
0.305882
0.282353
0.149020
0.160784
0.203922
0.223529
0.250980
0.262745
0.270588
0.149020
0.125490
0.019608
0.031373
0.035294
0.031373
0.035294
0.039216
0.050980
0.031373
0.152941
0.239216
0.231373
0.384314
0.352941
0.352941
0.396078
0.462745
0.427451
0.380392
0.411765
0.600000
0.576471
0.400000
0.333333
0.309804
0.223529
0.168627
0.192157
0.243137
0.219608
0.219608
0.141176
0.125490
0.031373
0.043137
0.054902
0.058824
0.054902
0.058824
0.070588
0.070588
0.211765
0.160784
0.250980
0.364706
0.349020
0.294118
0.298039
0.419608
0.419608
0.400000
0.478431
0.803922
0.698039
0.505882
0.278431
0.270588
0.305882
0.219608
0.239216
0.290196
0.200000
0.109804
0.145098
0.286275
0.023529
0.027451
0.043137
0.047059
0.023529
0.050980
0.101961
0.101961
0.243137
0.215686
0.356863
0.364706
0.345098
0.337255
0.364706
0.384314
0.396078
0.423529
0.356863
0.717647
0.886275
0.662745
0.360784
0.184314
0.403922
0.305882
0.176471
0.266667
0.207843
0.082353
0.250980
0.466667
0.011765
0.023529
0.023529
0.043137
0.054902
0.023529
0.133333
0.137255
0.305882
0.364706
0.431373
0.356863
0.384314
0.411765
0.364706
0.364706
0.396078
0.400000
0.317647
0.517647
0.827451
0.847059
0.549020
0.215686
0.262745
0.211765
0.098039
0.156863
0.121569
0.070588
0.180392
0.305882
0.027451
0.047059
0.109804
0.239216
0.262745
0.168627
0.137255
0.203922
0.392157
0.411765
0.380392
0.262745
0.325490
0.349020
0.192157
0.180392
0.411765
0.392157
0.352941
0.352941
0.505882
0.576471
0.564706
0.286275
0.082353
0.062745
0.137255
0.145098
0.125490
0.117647
0.090196
0.133333
0.039216
0.066667
0.333333
0.396078
0.313725
0.270588
0.239216
0.282353
0.431373
0.392157
0.250980
0.266667
0.301961
0.345098
0.235294
0.141176
0.419608
0.490196
0.396078
0.290196
0.137255
0.078431
0.282353
0.250980
0.043137
0.098039
0.254902
0.227451
0.160784
0.141176
0.094118
0.058824
0.011765
0.160784
0.439216
0.462745
0.372549
0.294118
0.247059
0.341176
0.466667
0.298039
0.309804
0.447059
0.400000
0.258824
0.235294
0.184314
0.384314
0.568627
0.407843
0.282353
0.070588
0.098039
0.439216
0.274510
0.098039
0.156863
0.254902
0.258824
0.211765
0.164706
0.125490
0.035294
0.000000
0.254902
0.435294
0.411765
0.384314
0.380392
0.345098
0.556863
0.631373
0.462745
0.482353
0.427451
0.360784
0.290196
0.231373
0.180392
0.333333
0.560784
0.431373
0.298039
0.231373
0.392157
0.741176
0.360784
0.113725
0.086275
0.152941
0.203922
0.243137
0.180392
0.125490
0.070588
0.019608
0.168627
0.211765
0.172549
0.180392
0.278431
0.419608
0.780392
0.807843
0.631373
0.556863
0.450980
0.341176
0.329412
0.427451
0.388235
0.227451
0.470588
0.556863
0.384314
0.521569
0.854902
0.725490
0.294118
0.129412
0.086275
0.105882
0.117647
0.188235
0.149020
0.082353
0.078431
0.070588
0.133333
0.109804
0.125490
0.098039
0.086275
0.368627
0.886275
0.894118
0.709804
0.615686
0.498039
0.447059
0.396078
0.360784
0.345098
0.270588
0.356863
0.564706
0.439216
0.537255
0.870588
0.568627
0.215686
0.168627
0.098039
0.035294
0.058824
0.094118
0.078431
0.121569
0.200000
0.074510
0.196078
0.223529
0.270588
0.184314
0.078431
0.380392
0.921569
0.925490
0.772549
0.596078
0.482353
0.509804
0.458824
0.352941
0.411765
0.423529
0.270588
0.388235
0.337255
0.431373
0.662745
0.443137
0.203922
0.145098
0.074510
0.125490
0.129412
0.094118
0.062745
0.203922
0.388235
0.129412
0.145098
0.282353
0.360784
0.215686
0.105882
0.419608
0.941176
0.925490
0.827451
0.701961
0.607843
0.658824
0.686275
0.529412
0.427451
0.435294
0.270588
0.172549
0.192157
0.541176
0.611765
0.349020
0.223529
0.109804
0.043137
0.215686
0.282353
0.137255
0.168627
0.258824
0.380392
0.184314
0.074510
0.121569
0.235294
0.164706
0.121569
0.462745
0.949020
0.949020
0.835294
0.776471
0.690196
0.694118
0.780392
0.658824
0.419608
0.392157
0.458824
0.164706
0.196078
0.596078
0.580392
0.341176
0.243137
0.125490
0.019608
0.211765
0.329412
0.137255
0.262745
0.270588
0.290196
0.219608
0.105882
0.066667
0.074510
0.090196
0.082353
0.470588
0.952941
0.972549
0.858824
0.792157
0.733333
0.729412
0.764706
0.639216
0.450980
0.458824
0.482353
0.239216
0.274510
0.439216
0.498039
0.364706
0.286275
0.094118
0.019608
0.121569
0.207843
0.109804
0.086275
0.156863
0.223529
0.223529
0.105882
0.066667
0.019608
0.039216
0.047059
0.454902
0.964706
0.976471
0.901961
0.803922
0.721569
0.701961
0.674510
0.674510
0.560784
0.443137
0.313725
0.168627
0.211765
0.341176
0.498039
0.384314
0.247059
0.086275
0.121569
0.066667
0.054902
0.141176
0.098039
0.090196
0.109804
0.109804
0.050980
0.050980
0.023529
0.015686
0.023529
0.396078
0.929412
0.984314
0.925490
0.831373
0.701961
0.600000
0.533333
0.549020
0.576471
0.509804
0.392157
0.258824
0.254902
0.400000
0.454902
0.286275
0.250980
0.180392
0.286275
0.247059
0.196078
0.223529
0.282353
0.247059
0.172549
0.066667
0.058824
0.043137
0.023529
0.011765
0.007843
0.294118
0.823529
0.976471
0.921569
0.847059
0.733333
0.627451
0.537255
0.458824
0.470588
0.521569
0.447059
0.325490
0.321569
0.407843
0.396078
0.180392
0.270588
0.270588
0.333333
0.388235
0.396078
0.380392
0.368627
0.352941
0.333333
0.047059
0.035294
0.011765
0.007843
0.019608
0.043137
0.192157
0.698039
0.929412
0.898039
0.866667
0.784314
0.709804
0.596078
0.529412
0.431373
0.392157
0.356863
0.317647
0.337255
0.415686
0.341176
0.188235
0.337255
0.352941
0.317647
0.341176
0.376471
0.392157
0.407843
0.376471
0.372549
0.007843
0.000000
0.011765
0.019608
0.090196
0.160784
0.227451
0.611765
0.882353
0.886275
0.898039
0.827451
0.749020
0.631373
0.568627
0.462745
0.388235
0.341176
0.325490
0.352941
0.411765
0.266667
0.239216
0.392157
0.392157
0.376471
0.368627
0.333333
0.345098
0.400000
0.403922
0.372549
0.019608
0.019608
0.078431
0.137255
0.203922
0.254902
0.341176
0.572549
0.874510
0.905882
0.901961
0.850980
0.764706
0.662745
0.576471
0.458824
0.392157
0.345098
0.337255
0.380392
0.403922
0.247059
0.317647
0.407843
0.400000
0.400000
0.396078
0.368627
0.360784
0.364706
0.372549
0.388235
0.078431
0.196078
0.270588
0.309804
0.298039
0.294118
0.313725
0.486275
0.819608
0.890196
0.882353
0.866667
0.792157
0.674510
0.576471
0.466667
0.388235
0.368627
0.376471
0.407843
0.403922
0.325490
0.392157
0.396078
0.396078
0.400000
0.364706
0.333333
0.356863
0.352941
0.345098
0.388235
0.188235
0.301961
0.400000
0.403922
0.400000
0.360784
0.345098
0.423529
0.694118
0.843137
0.882353
0.878431
0.831373
0.717647
0.600000
0.517647
0.439216
0.423529
0.431373
0.415686
0.356863
0.364706
0.407843
0.388235
0.388235
0.403922
0.384314
0.356863
0.333333
0.345098
0.356863
0.388235
