0.517647
0.537255
0.545098
0.549020
0.556863
0.556863
0.556863
0.560784
0.564706
0.560784
0.564706
0.572549
0.576471
0.580392
0.584314
0.580392
0.580392
0.584314
0.584314
0.588235
0.592157
0.592157
0.592157
0.592157
0.592157
0.592157
0.592157
0.592157
0.592157
0.588235
0.588235
0.592157
0.556863
0.556863
0.556863
0.556863
0.564706
0.564706
0.568627
0.576471
0.576471
0.572549
0.576471
0.580392
0.584314
0.588235
0.592157
0.592157
0.592157
0.596078
0.596078
0.600000
0.600000
0.603922
0.603922
0.603922
0.603922
0.603922
0.603922
0.600000
0.600000
0.600000
0.600000
0.603922
0.580392
0.572549
0.568627
0.568627
0.572549
0.576471
0.584314
0.588235
0.592157
0.592157
0.592157
0.596078
0.600000
0.600000
0.603922
0.607843
0.607843
0.611765
0.615686
0.611765
0.611765
0.615686
0.615686
0.615686
0.615686
0.615686
0.615686
0.615686
0.611765
0.607843
0.611765
0.615686
0.596078
0.584314
0.580392
0.580392
0.588235
0.596078
0.600000
0.603922
0.607843
0.607843
0.607843
0.611765
0.611765
0.611765
0.619608
0.619608
0.619608
0.623529
0.627451
0.627451
0.627451
0.627451
0.627451
0.627451
0.627451
0.627451
0.627451
0.627451
0.623529
0.623529
0.623529
0.627451
0.607843
0.588235
0.592157
0.603922
0.600000
0.600000
0.607843
0.611765
0.615686
0.619608
0.623529
0.627451
0.631373
0.631373
0.639216
0.643137
0.643137
0.647059
0.647059
0.647059
0.647059
0.647059
0.647059
0.643137
0.643137
0.639216
0.643137
0.643137
0.639216
0.639216
0.639216
0.643137
0.627451
0.603922
0.635294
0.737255
0.741176
0.741176
0.725490
0.686275
0.694118
0.682353
0.678431
0.686275
0.670588
0.654902
0.658824
0.654902
0.654902
0.647059
0.647059
0.650980
0.650980
0.654902
0.662745
0.662745
0.658824
0.647059
0.658824
0.666667
0.662745
0.662745
0.662745
0.658824
0.650980
0.611765
0.670588
0.870588
0.839216
0.772549
0.776471
0.788235
0.819608
0.823529
0.827451
0.839216
0.843137
0.831373
0.823529
0.807843
0.800000
0.784314
0.772549
0.764706
0.756863
0.741176
0.737255
0.725490
0.721569
0.713725
0.686275
0.674510
0.674510
0.674510
0.674510
0.674510
0.666667
0.627451
0.709804
0.917647
0.596078
0.329412
0.360784
0.396078
0.427451
0.447059
0.470588
0.521569
0.850980
1.000000
0.992157
0.992157
0.988235
0.984314
0.980392
0.941176
0.811765
0.792157
0.784314
0.792157
0.870588
0.823529
0.690196
0.686275
0.690196
0.686275
0.690196
0.698039
0.682353
0.635294
0.623529
0.878431
0.501961
0.188235
0.231373
0.227451
0.207843
0.196078
0.207843
0.258824
0.756863
1.000000
0.984314
0.988235
0.988235
0.988235
1.000000
0.901961
0.423529
0.301961
0.329412
0.384314
0.760784
0.917647
0.674510
0.701961
0.709804
0.713725
0.717647
0.733333
0.705882
0.643137
0.572549
0.882353
0.501961
0.188235
0.243137
0.250980
0.239216
0.227451
0.231373
0.278431
0.776471
1.000000
0.980392
0.984314
0.984314
0.972549
0.992157
0.882353
0.376471
0.200000
0.223529
0.290196
0.721569
0.956863
0.725490
0.741176
0.745098
0.749020
0.752941
0.760784
0.713725
0.670588
0.733333
0.921569
0.541176
0.235294
0.282353
0.298039
0.282353
0.274510
0.266667
0.305882
0.800000
1.000000
0.992157
0.996078
0.996078
0.984314
1.000000
0.890196
0.407843
0.294118
0.317647
0.384314
0.792157
0.949020
0.713725
0.745098
0.749020
0.756863
0.760784
0.752941
0.694118
0.705882
0.745098
0.894118
0.603922
0.333333
0.356863
0.356863
0.333333
0.313725
0.305882
0.341176
0.807843
1.000000
0.992157
0.996078
0.996078
0.992157
1.000000
0.898039
0.411765
0.329412
0.317647
0.494118
0.882353
0.921569
0.580392
0.658824
0.694118
0.733333
0.768627
0.721569
0.631373
0.701961
0.760784
0.874510
0.647059
0.431373
0.439216
0.411765
0.376471
0.356863
0.333333
0.364706
0.819608
1.000000
0.988235
0.992157
0.992157
0.992157
1.000000
0.894118
0.541176
0.580392
0.556863
0.701961
0.945098
0.909804
0.611765
0.733333
0.694118
0.631373
0.623529
0.619608
0.552941
0.592157
0.701961
0.847059
0.788235
0.674510
0.623529
0.596078
0.537255
0.525490
0.482353
0.490196
0.843137
1.000000
0.988235
0.992157
0.992157
0.992157
1.000000
0.862745
0.513725
0.623529
0.580392
0.827451
0.964706
0.909804
0.729412
0.784314
0.545098
0.415686
0.454902
0.588235
0.494118
0.419608
0.490196
0.807843
0.839216
0.784314
0.760784
0.756863
0.690196
0.698039
0.678431
0.678431
0.894118
1.000000
0.992157
0.992157
0.992157
0.992157
1.000000
0.866667
0.388235
0.427451
0.541176
0.854902
0.980392
0.909804
0.788235
0.800000
0.462745
0.333333
0.411765
0.435294
0.419608
0.364706
0.482353
0.839216
0.658824
0.486275
0.509804
0.505882
0.474510
0.478431
0.525490
0.576471
0.878431
1.000000
0.988235
0.992157
0.992157
0.992157
1.000000
0.870588
0.454902
0.443137
0.482353
0.823529
0.980392
0.909804
0.807843
0.827451
0.517647
0.400000
0.431373
0.368627
0.356863
0.329412
0.494118
0.870588
0.584314
0.349020
0.384314
0.376471
0.372549
0.396078
0.447059
0.513725
0.870588
1.000000
0.988235
0.992157
0.992157
0.988235
1.000000
0.866667
0.678431
0.784314
0.686275
0.803922
0.960784
0.901961
0.737255
0.850980
0.670588
0.537255
0.415686
0.309804
0.282353
0.239216
0.431373
0.890196
0.568627
0.313725
0.372549
0.380392
0.380392
0.419608
0.478431
0.517647
0.874510
1.000000
0.988235
0.992157
0.992157
0.988235
1.000000
0.862745
0.835294
1.000000
0.976471
0.819608
0.941176
0.878431
0.588235
0.847059
0.913725
0.831373
0.513725
0.262745
0.231373
0.200000
0.403922
0.878431
0.549020
0.317647
0.392157
0.423529
0.423529
0.470588
0.529412
0.615686
0.913725
1.000000
0.988235
0.992157
0.992157
0.992157
1.000000
0.870588
0.776471
0.956863
0.847059
0.768627
0.960784
0.858824
0.490196
0.796078
0.811765
0.898039
0.796078
0.631373
0.219608
0.168627
0.352941
0.839216
0.501961
0.247059
0.317647
0.372549
0.419608
0.490196
0.588235
0.635294
0.901961
1.000000
0.992157
0.996078
0.996078
0.996078
1.000000
0.878431
0.698039
0.764706
0.670588
0.670588
0.945098
0.870588
0.423529
0.764706
0.768627
0.843137
0.901961
0.870588
0.235294
0.219608
0.270588
0.737255
0.600000
0.356863
0.450980
0.509804
0.560784
0.615686
0.639216
0.643137
0.890196
1.000000
0.992157
0.976471
0.976471
0.976471
0.988235
0.827451
0.521569
0.501961
0.494118
0.525490
0.800000
0.831373
0.349020
0.498039
0.517647
0.529412
0.772549
0.886275
0.207843
0.188235
0.172549
0.474510
0.643137
0.509804
0.498039
0.466667
0.478431
0.505882
0.501961
0.498039
0.580392
0.603922
0.556863
0.529412
0.513725
0.509804
0.494118
0.466667
0.403922
0.380392
0.372549
0.364706
0.388235
0.411765
0.400000
0.486275
0.454902
0.364706
0.521569
0.890196
0.160784
0.137255
0.180392
0.200000
0.239216
0.196078
0.152941
0.137255
0.156863
0.188235
0.180392
0.294118
0.356863
0.341176
0.235294
0.196078
0.172549
0.149020
0.172549
0.278431
0.352941
0.290196
0.345098
0.325490
0.254902
0.274510
0.329412
0.423529
0.639216
0.666667
0.427451
0.764706
0.145098
0.172549
0.247059
0.137255
0.117647
0.133333
0.149020
0.149020
0.168627
0.207843
0.203922
0.439216
0.556863
0.666667
0.431373
0.341176
0.313725
0.400000
0.486275
0.450980
0.372549
0.309804
0.337255
0.345098
0.309804
0.278431
0.247059
0.400000
0.768627
0.819608
0.462745
0.509804
0.149020
0.176471
0.211765
0.121569
0.145098
0.160784
0.164706
0.172549
0.149020
0.184314
0.239216
0.470588
0.611765
0.807843
0.607843
0.258824
0.219608
0.376471
0.415686
0.349020
0.219608
0.196078
0.203922
0.278431
0.239216
0.164706
0.247059
0.458824
0.776471
0.800000
0.494118
0.352941
0.160784
0.164706
0.152941
0.149020
0.164706
0.117647
0.101961
0.168627
0.164706
0.258824
0.294118
0.501961
0.717647
0.827451
0.647059
0.207843
0.219608
0.419608
0.439216
0.439216
0.341176
0.317647
0.364706
0.392157
0.458824
0.525490
0.454902
0.454902
0.627451
0.647059
0.584314
0.639216
0.160784
0.180392
0.176471
0.180392
0.211765
0.149020
0.113725
0.188235
0.203922
0.329412
0.349020
0.415686
0.756863
0.847059
0.474510
0.239216
0.490196
0.717647
0.725490
0.725490
0.694118
0.698039
0.721569
0.741176
0.788235
0.819608
0.764706
0.690196
0.658824
0.666667
0.737255
0.745098
0.188235
0.215686
0.235294
0.298039
0.349020
0.282353
0.266667
0.321569
0.396078
0.447059
0.435294
0.415686
0.494118
0.525490
0.454902
0.552941
0.698039
0.725490
0.729412
0.749020
0.780392
0.768627
0.725490
0.741176
0.768627
0.788235
0.819608
0.823529
0.807843
0.803922
0.792157
0.756863
0.231373
0.286275
0.364706
0.407843
0.392157
0.396078
0.439216
0.498039
0.560784
0.588235
0.592157
0.603922
0.607843
0.623529
0.686275
0.717647
0.737255
0.749020
0.745098
0.768627
0.780392
0.756863
0.713725
0.705882
0.745098
0.756863
0.796078
0.811765
0.807843
0.796078
0.796078
0.780392
0.341176
0.380392
0.419608
0.435294
0.458824
0.474510
0.509804
0.564706
0.603922
0.635294
0.639216
0.654902
0.686275
0.709804
0.721569
0.725490
0.756863
0.776471
0.772549
0.784314
0.788235
0.772549
0.749020
0.737255
0.784314
0.768627
0.776471
0.796078
0.811765
0.807843
0.796078
0.788235
0.454902
0.450980
0.462745
0.498039
0.517647
0.537255
0.556863
0.576471
0.600000
0.623529
0.647059
0.666667
0.690196
0.698039
0.705882
0.713725
0.741176
0.756863
0.756863
0.756863
0.760784
0.741176
0.733333
0.733333
0.776471
0.796078
0.784314
0.792157
0.807843
0.811765
0.803922
0.784314
0.470588
0.494118
0.525490
0.541176
0.545098
0.564706
0.568627
0.580392
0.603922
0.611765
0.635294
0.662745
0.670588
0.674510
0.686275
0.690196
0.701961
0.705882
0.721569
0.721569
0.737255
0.721569
0.713725
0.721569
0.741176
0.784314
0.792157
0.784314
0.800000
0.803922
0.796078
0.780392
0.611765
0.643137
0.662745
0.670588
0.674510
0.674510
0.674510
0.678431
0.682353
0.678431
0.682353
0.690196
0.694118
0.698039
0.701961
0.698039
0.698039
0.701961
0.701961
0.705882
0.709804
0.709804
0.709804
0.709804
0.709804
0.709804
0.709804
0.709804
0.709804
0.705882
0.701961
0.694118
0.654902
0.666667
0.674510
0.682353
0.682353
0.682353
0.690196
0.694118
0.694118
0.694118
0.694118
0.698039
0.701961
0.709804
0.713725
0.713725
0.709804
0.713725
0.713725
0.717647
0.717647
0.721569
0.721569
0.721569
0.721569
0.721569
0.721569
0.717647
0.717647
0.717647
0.713725
0.705882
0.678431
0.682353
0.690196
0.698039
0.694118
0.698039
0.705882
0.709804
0.713725
0.713725
0.713725
0.717647
0.721569
0.721569
0.729412
0.729412
0.729412
0.733333
0.733333
0.733333
0.733333
0.733333
0.733333
0.733333
0.733333
0.733333
0.733333
0.733333
0.729412
0.729412
0.725490
0.717647
0.694118
0.694118
0.701961
0.705882
0.713725
0.717647
0.721569
0.729412
0.729412
0.729412
0.729412
0.733333
0.737255
0.737255
0.741176
0.741176
0.741176
0.745098
0.749020
0.749020
0.749020
0.749020
0.749020
0.749020
0.749020
0.749020
0.749020
0.749020
0.745098
0.745098
0.741176
0.733333
0.705882
0.701961
0.709804
0.717647
0.705882
0.709804
0.721569
0.725490
0.733333
0.733333
0.737255
0.741176
0.749020
0.752941
0.760784
0.764706
0.764706
0.768627
0.768627
0.768627
0.768627
0.768627
0.764706
0.764706
0.764706
0.764706
0.760784
0.764706
0.760784
0.756863
0.756863
0.749020
0.717647
0.717647
0.729412
0.764706
0.741176
0.764706
0.772549
0.752941
0.749020
0.729412
0.729412
0.737255
0.733333
0.749020
0.749020
0.749020
0.745098
0.749020
0.756863
0.760784
0.764706
0.768627
0.764706
0.768627
0.772549
0.768627
0.764706
0.760784
0.760784
0.760784
0.760784
0.756863
0.729412
0.725490
0.749020
0.858824
0.811765
0.760784
0.780392
0.807843
0.831373
0.827451
0.831373
0.847059
0.854902
0.858824
0.850980
0.835294
0.823529
0.819608
0.815686
0.807843
0.800000
0.792157
0.784314
0.776471
0.772549
0.768627
0.764706
0.768627
0.768627
0.768627
0.768627
0.764706
0.737255
0.737255
0.780392
0.917647
0.600000
0.329412
0.360784
0.384314
0.415686
0.435294
0.462745
0.509804
0.843137
1.000000
0.984314
0.984314
0.980392
0.976471
0.972549
0.925490
0.788235
0.776471
0.788235
0.796078
0.866667
0.811765
0.741176
0.784314
0.780392
0.780392
0.780392
0.772549
0.749020
0.737255
0.690196
0.886275
0.521569
0.196078
0.219608
0.200000
0.180392
0.168627
0.180392
0.231373
0.745098
1.000000
0.988235
0.988235
0.988235
0.992157
1.000000
0.886275
0.396078
0.274510
0.321569
0.380392
0.756863
0.901961
0.717647
0.784314
0.788235
0.792157
0.788235
0.784314
0.768627
0.741176
0.635294
0.882353
0.513725
0.192157
0.231373
0.227451
0.215686
0.203922
0.203922
0.250980
0.768627
1.000000
0.992157
0.992157
0.992157
0.992157
1.000000
0.882353
0.360784
0.164706
0.180392
0.266667
0.713725
0.952941
0.752941
0.784314
0.788235
0.792157
0.792157
0.792157
0.772549
0.764706
0.788235
0.913725
0.537255
0.235294
0.274510
0.290196
0.278431
0.270588
0.262745
0.301961
0.796078
1.000000
0.988235
0.988235
0.988235
0.992157
1.000000
0.882353
0.372549
0.227451
0.207843
0.301961
0.756863
0.937255
0.717647
0.756863
0.776471
0.776471
0.772549
0.776471
0.737255
0.756863
0.784314
0.909804
0.603922
0.337255
0.364706
0.360784
0.333333
0.317647
0.309804
0.341176
0.807843
1.000000
0.988235
0.988235
0.988235
0.992157
1.000000
0.882353
0.360784
0.250980
0.207843
0.364706
0.827451
0.917647
0.560784
0.568627
0.690196
0.721569
0.752941
0.760784
0.647059
0.717647
0.784314
0.894118
0.654902
0.439216
0.447059
0.415686
0.376471
0.356863
0.337255
0.364706
0.815686
1.000000
0.988235
0.992157
0.992157
0.988235
1.000000
0.890196
0.509804
0.541176
0.498039
0.592157
0.894118
0.894118
0.368627
0.219608
0.317647
0.360784
0.474510
0.576471
0.545098
0.588235
0.701961
0.850980
0.792157
0.678431
0.627451
0.596078
0.537255
0.525490
0.482353
0.486275
0.839216
1.000000
0.988235
0.992157
0.992157
0.984314
1.000000
0.870588
0.501961
0.607843
0.541176
0.752941
0.933333
0.870588
0.247059
0.101961
0.235294
0.247059
0.298039
0.454902
0.470588
0.400000
0.474510
0.796078
0.839216
0.784314
0.760784
0.756863
0.686275
0.694118
0.678431
0.678431
0.890196
1.000000
0.992157
0.992157
0.992157
0.988235
1.000000
0.870588
0.360784
0.388235
0.494118
0.788235
0.960784
0.862745
0.243137
0.160784
0.372549
0.403922
0.396078
0.321569
0.415686
0.364706
0.474510
0.835294
0.662745
0.490196
0.517647
0.509804
0.474510
0.482353
0.529412
0.580392
0.878431
1.000000
0.988235
0.992157
0.992157
0.992157
1.000000
0.858824
0.411765
0.388235
0.407843
0.737255
0.952941
0.854902
0.211765
0.113725
0.352941
0.388235
0.376471
0.313725
0.396078
0.364706
0.517647
0.882353
0.592157
0.356863
0.392157
0.384314
0.372549
0.396078
0.454902
0.517647
0.870588
1.000000
0.988235
0.992157
0.992157
0.996078
1.000000
0.847059
0.635294
0.741176
0.611765
0.705882
0.921569
0.847059
0.223529
0.078431
0.215686
0.278431
0.333333
0.290196
0.352941
0.309804
0.470588
0.905882
0.576471
0.313725
0.364706
0.368627
0.364706
0.396078
0.450980
0.498039
0.870588
1.000000
0.992157
0.992157
0.992157
0.996078
1.000000
0.847059
0.792157
1.000000
0.913725
0.717647
0.886275
0.854902
0.239216
0.047059
0.047059
0.062745
0.141176
0.184314
0.309804
0.278431
0.443137
0.886275
0.545098
0.301961
0.364706
0.392157
0.392157
0.423529
0.470588
0.564706
0.894118
1.000000
0.992157
0.992157
0.992157
0.992157
1.000000
0.862745
0.737255
0.898039
0.772549
0.678431
0.913725
0.858824
0.231373
0.043137
0.066667
0.035294
0.054902
0.098039
0.294118
0.243137
0.392157
0.839216
0.478431
0.211765
0.274510
0.333333
0.380392
0.431373
0.513725
0.572549
0.874510
1.000000
0.992157
0.992157
0.992157
0.988235
1.000000
0.882353
0.674510
0.713725
0.615686
0.619608
0.909804
0.862745
0.239216
0.039216
0.086275
0.062745
0.047059
0.047059
0.305882
0.290196
0.305882
0.725490
0.560784
0.309804
0.403922
0.474510
0.521569
0.552941
0.564706
0.576471
0.858824
1.000000
0.984314
0.968627
0.964706
0.960784
0.980392
0.831373
0.505882
0.466667
0.458824
0.498039
0.776471
0.803922
0.270588
0.137255
0.203922
0.168627
0.074510
0.043137
0.270588
0.250980
0.200000
0.458824
0.600000
0.470588
0.466667
0.447059
0.454902
0.458824
0.443137
0.454902
0.560784
0.588235
0.541176
0.513725
0.498039
0.490196
0.478431
0.450980
0.376471
0.341176
0.337255
0.337255
0.360784
0.376471
0.392157
0.400000
0.329412
0.290196
0.117647
0.027451
0.215686
0.192157
0.200000
0.184314
0.211765
0.172549
0.141176
0.137255
0.149020
0.160784
0.137255
0.274510
0.352941
0.329412
0.219608
0.176471
0.152941
0.133333
0.149020
0.243137
0.309804
0.247059
0.301961
0.290196
0.219608
0.239216
0.313725
0.384314
0.580392
0.635294
0.298039
0.149020
0.180392
0.203922
0.258824
0.137255
0.125490
0.145098
0.160784
0.156863
0.160784
0.188235
0.168627
0.407843
0.529412
0.635294
0.403922
0.321569
0.301961
0.372549
0.443137
0.407843
0.337255
0.278431
0.313725
0.321569
0.286275
0.258824
0.215686
0.372549
0.776471
0.807843
0.443137
0.325490
0.180392
0.207843
0.235294
0.152941
0.184314
0.188235
0.184314
0.180392
0.141176
0.168627
0.207843
0.435294
0.572549
0.776471
0.580392
0.239216
0.207843
0.329412
0.352941
0.301961
0.180392
0.160784
0.172549
0.247059
0.207843
0.133333
0.207843
0.411765
0.733333
0.760784
0.454902
0.317647
0.219608
0.215686
0.196078
0.192157
0.215686
0.141176
0.105882
0.172549
0.156863
0.247059
0.274510
0.478431
0.694118
0.811765
0.627451
0.192157
0.207843
0.368627
0.368627
0.376471
0.282353
0.258824
0.305882
0.333333
0.396078
0.462745
0.396078
0.396078
0.568627
0.592157
0.529412
0.588235
0.227451
0.235294
0.219608
0.223529
0.250980
0.156863
0.105882
0.176471
0.184314
0.301961
0.325490
0.392157
0.741176
0.831373
0.450980
0.211765
0.462745
0.666667
0.658824
0.658824
0.623529
0.619608
0.635294
0.654902
0.701961
0.733333
0.686275
0.619608
0.588235
0.596078
0.670588
0.682353
0.247059
0.250980
0.250980
0.301961
0.349020
0.258824
0.227451
0.282353
0.345098
0.392157
0.388235
0.380392
0.466667
0.494118
0.407843
0.498039
0.639216
0.666667
0.662745
0.674510
0.694118
0.678431
0.627451
0.643137
0.670588
0.690196
0.733333
0.741176
0.721569
0.717647
0.705882
0.678431
0.274510
0.298039
0.349020
0.372549
0.349020
0.349020
0.380392
0.427451
0.474510
0.501961
0.525490
0.549020
0.560784
0.568627
0.619608
0.635294
0.647059
0.670588
0.666667
0.678431
0.678431
0.650980
0.615686
0.611765
0.650980
0.662745
0.705882
0.721569
0.713725
0.698039
0.694118
0.678431
0.337255
0.364706
0.384314
0.380392
0.388235
0.407843
0.439216
0.490196
0.521569
0.549020
0.560784
0.584314
0.619608
0.639216
0.647059
0.643137
0.670588
0.690196
0.686275
0.690196
0.686275
0.670588
0.654902
0.643137
0.690196
0.674510
0.678431
0.701961
0.713725
0.709804
0.698039
0.686275
0.415686
0.403922
0.403922
0.435294
0.447059
0.466667
0.486275
0.505882
0.525490
0.549020
0.572549
0.588235
0.615686
0.623529
0.631373
0.639216
0.666667
0.670588
0.666667
0.666667
0.670588
0.650980
0.639216
0.639216
0.682353
0.701961
0.690196
0.694118
0.709804
0.713725
0.705882
0.686275
0.403922
0.423529
0.443137
0.458824
0.474510
0.494118
0.498039
0.509804
0.529412
0.537255
0.560784
0.588235
0.596078
0.600000
0.611765
0.615686
0.627451
0.619608
0.627451
0.631373
0.647059
0.631373
0.619608
0.627451
0.647059
0.690196
0.694118
0.686275
0.701961
0.705882
0.698039
0.682353
0.752941
0.780392
0.796078
0.800000
0.807843
0.807843
0.807843
0.811765
0.815686
0.811765
0.815686
0.823529
0.827451
0.831373
0.835294
0.831373
0.831373
0.843137
0.847059
0.850980
0.854902
0.854902
0.854902
0.854902
0.854902
0.854902
0.854902
0.854902
0.854902
0.850980
0.850980
0.843137
0.792157
0.796078
0.800000
0.807843
0.807843
0.811765
0.815686
0.819608
0.819608
0.819608
0.819608
0.823529
0.831373
0.835294
0.839216
0.839216
0.839216
0.847059
0.850980
0.854902
0.854902
0.854902
0.858824
0.858824
0.858824
0.858824
0.858824
0.854902
0.854902
0.854902
0.850980
0.847059
0.803922
0.803922
0.807843
0.811765
0.811765
0.815686
0.819608
0.823529
0.827451
0.827451
0.827451
0.831373
0.835294
0.839216
0.843137
0.847059
0.847059
0.858824
0.866667
0.862745
0.862745
0.862745
0.866667
0.866667
0.866667
0.866667
0.862745
0.862745
0.862745
0.858824
0.858824
0.854902
0.815686
0.807843
0.811765
0.815686
0.823529
0.831373
0.835294
0.839216
0.843137
0.839216
0.843137
0.847059
0.847059
0.847059
0.850980
0.854902
0.854902
0.862745
0.866667
0.866667
0.866667
0.866667
0.870588
0.870588
0.866667
0.870588
0.870588
0.870588
0.866667
0.862745
0.862745
0.858824
0.823529
0.815686
0.815686
0.819608
0.807843
0.811765
0.819608
0.827451
0.835294
0.839216
0.843137
0.847059
0.854902
0.858824
0.866667
0.870588
0.870588
0.878431
0.882353
0.882353
0.882353
0.882353
0.878431
0.878431
0.878431
0.878431
0.874510
0.874510
0.874510
0.870588
0.870588
0.866667
0.815686
0.827451
0.811765
0.796078
0.768627
0.788235
0.788235
0.760784
0.792157
0.788235
0.788235
0.796078
0.796078
0.811765
0.823529
0.827451
0.831373
0.835294
0.839216
0.847059
0.854902
0.858824
0.854902
0.870588
0.882353
0.874510
0.870588
0.870588
0.870588
0.870588
0.866667
0.858824
0.819608
0.831373
0.815686
0.847059
0.780392
0.725490
0.741176
0.764706
0.807843
0.811765
0.815686
0.827451
0.847059
0.866667
0.866667
0.858824
0.858824
0.843137
0.831373
0.831373
0.827451
0.815686
0.815686
0.811765
0.807843
0.803922
0.835294
0.862745
0.862745
0.862745
0.858824
0.850980
0.815686
0.827451
0.835294
0.890196
0.541176
0.274510
0.301961
0.333333
0.360784
0.380392
0.403922
0.450980
0.792157
0.976471
0.964706
0.976471
0.976471
0.956863
0.945098
0.898039
0.756863
0.749020
0.768627
0.760784
0.823529
0.776471
0.776471
0.858824
0.854902
0.854902
0.850980
0.843137
0.811765
0.815686
0.725490
0.843137
0.450980
0.133333
0.160784
0.149020
0.137255
0.133333
0.141176
0.192157
0.713725
1.000000
0.980392
0.988235
0.996078
0.984314
0.988235
0.862745
0.360784
0.243137
0.298039
0.325490
0.690196
0.866667
0.741176
0.839216
0.839216
0.843137
0.843137
0.835294
0.815686
0.803922
0.658824
0.835294
0.462745
0.141176
0.188235
0.188235
0.188235
0.184314
0.184314
0.231373
0.749020
1.000000
0.992157
1.000000
1.000000
0.996078
1.000000
0.870588
0.333333
0.137255
0.152941
0.200000
0.654902
0.945098
0.788235
0.827451
0.831373
0.835294
0.835294
0.827451
0.811765
0.819608
0.803922
0.874510
0.501961
0.203922
0.247059
0.258824
0.231373
0.219608
0.207843
0.247059
0.752941
0.992157
0.972549
0.984314
0.988235
0.988235
1.000000
0.866667
0.337255
0.180392
0.152941
0.207843
0.686275
0.937255
0.749020
0.792157
0.807843
0.815686
0.807843
0.796078
0.772549
0.807843
0.807843
0.882353
0.560784
0.294118
0.317647
0.317647
0.290196
0.258824
0.239216
0.282353
0.772549
0.996078
0.976471
0.984314
0.980392
0.964706
0.996078
0.882353
0.325490
0.168627
0.137255
0.254902
0.752941
0.905882
0.513725
0.576471
0.698039
0.745098
0.772549
0.752941
0.658824
0.737255
0.772549
0.854902
0.615686
0.400000
0.403922
0.376471
0.349020
0.321569
0.282353
0.325490
0.803922
1.000000
0.988235
0.992157
0.992157
0.980392
1.000000
0.878431
0.454902
0.431373
0.396078
0.431373
0.796078
0.898039
0.341176
0.290196
0.392157
0.415686
0.486275
0.568627
0.552941
0.580392
0.666667
0.807843
0.772549
0.658824
0.607843
0.580392
0.525490
0.498039
0.439216
0.462745
0.835294
1.000000
0.988235
0.992157
0.992157
0.996078
1.000000
0.843137
0.450980
0.541176
0.474510
0.580392
0.815686
0.890196
0.290196
0.188235
0.250980
0.231373
0.282353
0.450980
0.478431
0.388235
0.450980
0.776471
0.827451
0.772549
0.752941
0.745098
0.678431
0.670588
0.639216
0.650980
0.882353
1.000000
0.992157
0.992157
0.992157
0.988235
1.000000
0.870588
0.356863
0.380392
0.501961
0.674510
0.854902
0.862745
0.294118
0.250980
0.329412
0.321569
0.341176
0.298039
0.337255
0.278431
0.411765
0.796078
0.635294
0.462745
0.490196
0.482353
0.443137
0.431373
0.466667
0.529412
0.858824
1.000000
0.988235
0.992157
0.988235
0.976471
1.000000
0.847059
0.282353
0.188235
0.298039
0.596078
0.866667
0.839216
0.254902
0.223529
0.325490
0.329412
0.337255
0.270588
0.176471
0.160784
0.364706
0.792157
0.545098
0.309804
0.345098
0.337255
0.321569
0.321569
0.360784
0.443137
0.831373
1.000000
0.988235
0.992157
0.992157
0.984314
1.000000
0.772549
0.235294
0.117647
0.180392
0.439216
0.831373
0.831373
0.207843
0.156863
0.235294
0.247059
0.262745
0.243137
0.086275
0.066667
0.286275
0.800000
0.529412
0.278431
0.317647
0.301961
0.301961
0.305882
0.329412
0.403922
0.827451
1.000000
0.996078
1.000000
1.000000
0.988235
1.000000
0.764706
0.270588
0.145098
0.223529
0.400000
0.827451
0.815686
0.192157
0.125490
0.152941
0.149020
0.129412
0.129412
0.058824
0.050980
0.274510
0.784314
0.494118
0.270588
0.321569
0.317647
0.313725
0.317647
0.341176
0.478431
0.858824
0.996078
0.988235
1.000000
1.000000
0.988235
1.000000
0.800000
0.329412
0.207843
0.215686
0.431373
0.866667
0.800000
0.184314
0.109804
0.101961
0.105882
0.117647
0.137255
0.050980
0.023529
0.231373
0.737255
0.411765
0.172549
0.227451
0.254902
0.282353
0.317647
0.396078
0.498039
0.839216
0.988235
0.976471
0.988235
0.996078
1.000000
1.000000
0.827451
0.443137
0.356863
0.337255
0.462745
0.843137
0.811765
0.196078
0.121569
0.105882
0.094118
0.113725
0.121569
0.090196
0.094118
0.172549
0.639216
0.494118
0.270588
0.360784
0.403922
0.427451
0.450980
0.470588
0.509804
0.811765
0.964706
0.956863
0.952941
0.960784
0.968627
0.968627
0.776471
0.423529
0.392157
0.403922
0.411765
0.701961
0.764706
0.254902
0.172549
0.168627
0.125490
0.125490
0.098039
0.105882
0.101961
0.113725
0.403922
0.545098
0.443137
0.443137
0.403922
0.396078
0.400000
0.384314
0.396078
0.501961
0.541176
0.501961
0.482353
0.478431
0.478431
0.447059
0.400000
0.345098
0.345098
0.325490
0.286275
0.294118
0.333333
0.368627
0.384314
0.282353
0.215686
0.133333
0.121569
0.090196
0.090196
0.160784
0.160784
0.164706
0.152941
0.133333
0.117647
0.133333
0.149020
0.109804
0.219608
0.278431
0.262745
0.168627
0.137255
0.121569
0.094118
0.101961
0.192157
0.266667
0.207843
0.247059
0.227451
0.160784
0.184314
0.262745
0.321569
0.498039
0.545098
0.235294
0.211765
0.078431
0.149020
0.262745
0.145098
0.086275
0.074510
0.086275
0.098039
0.145098
0.180392
0.137255
0.345098
0.435294
0.533333
0.333333
0.266667
0.243137
0.286275
0.349020
0.329412
0.266667
0.215686
0.250980
0.266667
0.239216
0.207843
0.156863
0.294118
0.666667
0.698039
0.345098
0.313725
0.074510
0.145098
0.215686
0.121569
0.098039
0.101961
0.094118
0.101961
0.113725
0.149020
0.164706
0.372549
0.478431
0.658824
0.501961
0.184314
0.145098
0.239216
0.266667
0.231373
0.133333
0.121569
0.117647
0.192157
0.152941
0.078431
0.149020
0.341176
0.647059
0.658824
0.360784
0.262745
0.082353
0.098039
0.101961
0.066667
0.070588
0.094118
0.086275
0.117647
0.113725
0.211765
0.219608
0.411765
0.603922
0.701961
0.560784
0.141176
0.145098
0.290196
0.294118
0.317647
0.239216
0.211765
0.219608
0.243137
0.305882
0.372549
0.309804
0.309804
0.470588
0.486275
0.427451
0.478431
0.062745
0.078431
0.070588
0.039216
0.074510
0.117647
0.105882
0.125490
0.117647
0.239216
0.250980
0.309804
0.643137
0.725490
0.380392
0.149020
0.384314
0.549020
0.529412
0.541176
0.517647
0.513725
0.513725
0.533333
0.580392
0.607843
0.572549
0.513725
0.482353
0.490196
0.552941
0.533333
0.062745
0.082353
0.090196
0.137255
0.196078
0.184314
0.176471
0.200000
0.243137
0.286275
0.282353
0.266667
0.345098
0.376471
0.321569
0.415686
0.537255
0.517647
0.498039
0.513725
0.537255
0.525490
0.490196
0.505882
0.533333
0.552941
0.596078
0.611765
0.603922
0.611765
0.588235
0.533333
0.078431
0.129412
0.207843
0.254902
0.243137
0.223529
0.247059
0.301961
0.345098
0.364706
0.384314
0.407843
0.419608
0.439216
0.509804
0.529412
0.517647
0.529412
0.529412
0.537255
0.541176
0.513725
0.474510
0.470588
0.509804
0.521569
0.560784
0.576471
0.588235
0.588235
0.584314
0.564706
0.192157
0.231373
0.258824
0.266667
0.274510
0.262745
0.286275
0.349020
0.384314
0.411765
0.423529
0.447059
0.482353
0.505882
0.521569
0.521569
0.541176
0.564706
0.564706
0.568627
0.560784
0.545098
0.517647
0.505882
0.552941
0.537255
0.545098
0.568627
0.592157
0.596078
0.584314
0.576471
0.309804
0.294118
0.286275
0.305882
0.305882
0.325490
0.345098
0.364706
0.396078
0.423529
0.447059
0.466667
0.490196
0.498039
0.505882
0.513725
0.541176
0.541176
0.533333
0.533333
0.537255
0.517647
0.505882
0.505882
0.549020
0.568627
0.564706
0.576471
0.592157
0.596078
0.588235
0.568627
0.301961
0.313725
0.325490
0.333333
0.333333
0.352941
0.356863
0.368627
0.400000
0.411765
0.435294
0.462745
0.470588
0.474510
0.486275
0.490196
0.501961
0.490196
0.494118
0.498039
0.513725
0.498039
0.486275
0.494118
0.513725
0.556863
0.572549
0.568627
0.584314
0.588235
0.580392
0.564706
