0.670588
0.662745
0.666667
0.666667
0.662745
0.654902
0.654902
0.654902
0.647059
0.639216
0.635294
0.635294
0.615686
0.600000
0.596078
0.603922
0.631373
0.666667
0.682353
0.690196
0.690196
0.686275
0.686275
0.682353
0.682353
0.674510
0.658824
0.650980
0.639216
0.627451
0.627451
0.631373
0.674510
0.670588
0.674510
0.670588
0.666667
0.662745
0.658824
0.654902
0.639216
0.631373
0.631373
0.631373
0.619608
0.615686
0.615686
0.603922
0.627451
0.678431
0.686275
0.694118
0.713725
0.717647
0.717647
0.705882
0.698039
0.682353
0.662745
0.654902
0.650980
0.647059
0.643137
0.647059
0.678431
0.678431
0.682353
0.678431
0.678431
0.674510
0.666667
0.650980
0.631373
0.639216
0.647059
0.647059
0.635294
0.631373
0.639216
0.615686
0.615686
0.662745
0.686275
0.698039
0.698039
0.701961
0.717647
0.709804
0.698039
0.682353
0.662745
0.658824
0.666667
0.658824
0.650980
0.654902
0.686275
0.678431
0.682353
0.678431
0.678431
0.678431
0.662745
0.639216
0.635294
0.647059
0.666667
0.670588
0.658824
0.654902
0.658824
0.631373
0.611765
0.623529
0.666667
0.694118
0.662745
0.647059
0.682353
0.709804
0.694118
0.674510
0.666667
0.662745
0.666667
0.662745
0.650980
0.650980
0.686275
0.678431
0.682353
0.678431
0.678431
0.670588
0.654902
0.647059
0.658824
0.662745
0.670588
0.674510
0.674510
0.674510
0.662745
0.654902
0.631373
0.600000
0.635294
0.678431
0.647059
0.619608
0.631373
0.674510
0.682353
0.670588
0.670588
0.662745
0.666667
0.666667
0.643137
0.643137
0.678431
0.674510
0.678431
0.682353
0.674510
0.666667
0.662745
0.666667
0.674510
0.674510
0.670588
0.666667
0.666667
0.666667
0.658824
0.674510
0.631373
0.600000
0.619608
0.666667
0.643137
0.588235
0.584314
0.623529
0.643137
0.650980
0.674510
0.670588
0.670588
0.666667
0.631373
0.607843
0.654902
0.658824
0.666667
0.666667
0.658824
0.666667
0.674510
0.686275
0.690196
0.686275
0.678431
0.674510
0.674510
0.670588
0.658824
0.674510
0.619608
0.603922
0.639216
0.666667
0.639216
0.576471
0.564706
0.529412
0.564706
0.674510
0.686275
0.682353
0.674510
0.670588
0.647059
0.611765
0.635294
0.635294
0.647059
0.647059
0.654902
0.670588
0.686275
0.701961
0.709804
0.698039
0.698039
0.701961
0.701961
0.678431
0.600000
0.654902
0.615686
0.619608
0.650980
0.658824
0.643137
0.627451
0.600000
0.537255
0.545098
0.694118
0.690196
0.674510
0.658824
0.647059
0.639216
0.631373
0.670588
0.650980
0.650980
0.658824
0.678431
0.690196
0.701961
0.713725
0.729412
0.619608
0.662745
0.729412
0.709804
0.682353
0.552941
0.545098
0.611765
0.647059
0.670588
0.662745
0.627451
0.666667
0.674510
0.639216
0.588235
0.678431
0.678431
0.666667
0.650980
0.639216
0.627451
0.631373
0.698039
0.678431
0.674510
0.682353
0.698039
0.705882
0.705882
0.721569
0.741176
0.549020
0.619608
0.737255
0.666667
0.658824
0.431373
0.337255
0.631373
0.682353
0.682353
0.678431
0.623529
0.678431
0.709804
0.643137
0.560784
0.658824
0.670588
0.654902
0.643137
0.635294
0.627451
0.627451
0.713725
0.698039
0.698039
0.682353
0.682353
0.701961
0.713725
0.717647
0.737255
0.537255
0.639216
0.741176
0.639216
0.584314
0.396078
0.356863
0.639216
0.686275
0.635294
0.552941
0.596078
0.678431
0.698039
0.647059
0.564706
0.650980
0.658824
0.643137
0.635294
0.623529
0.611765
0.607843
0.705882
0.686275
0.694118
0.670588
0.647059
0.666667
0.694118
0.709804
0.717647
0.505882
0.643137
0.725490
0.631373
0.545098
0.400000
0.349020
0.623529
0.713725
0.647059
0.537255
0.611765
0.643137
0.650980
0.611765
0.533333
0.627451
0.647059
0.639216
0.639216
0.623529
0.596078
0.588235
0.694118
0.682353
0.694118
0.670588
0.639216
0.647059
0.662745
0.698039
0.701961
0.470588
0.647059
0.654902
0.545098
0.611765
0.545098
0.474510
0.627451
0.615686
0.596078
0.592157
0.607843
0.580392
0.556863
0.568627
0.505882
0.600000
0.639216
0.623529
0.619608
0.603922
0.580392
0.560784
0.690196
0.690196
0.698039
0.678431
0.658824
0.666667
0.670588
0.698039
0.678431
0.443137
0.627451
0.474510
0.368627
0.439216
0.454902
0.439216
0.396078
0.341176
0.333333
0.356863
0.400000
0.423529
0.478431
0.600000
0.568627
0.576471
0.619608
0.611765
0.596078
0.584314
0.564706
0.552941
0.670588
0.678431
0.694118
0.686275
0.686275
0.694118
0.690196
0.701961
0.627451
0.439216
0.541176
0.282353
0.192157
0.180392
0.215686
0.247059
0.180392
0.164706
0.152941
0.133333
0.168627
0.243137
0.341176
0.454902
0.517647
0.513725
0.607843
0.596078
0.568627
0.560784
0.552941
0.545098
0.643137
0.658824
0.682353
0.690196
0.694118
0.698039
0.698039
0.705882
0.611765
0.454902
0.635294
0.396078
0.215686
0.164706
0.250980
0.294118
0.270588
0.298039
0.301961
0.274510
0.258824
0.262745
0.247059
0.298039
0.396078
0.439216
0.592157
0.580392
0.549020
0.541176
0.533333
0.525490
0.611765
0.615686
0.643137
0.666667
0.686275
0.701961
0.701961
0.713725
0.615686
0.478431
0.745098
0.552941
0.407843
0.435294
0.521569
0.580392
0.596078
0.611765
0.603922
0.580392
0.552941
0.501961
0.447059
0.494118
0.443137
0.435294
0.576471
0.560784
0.541176
0.521569
0.505882
0.494118
0.560784
0.568627
0.596078
0.623529
0.650980
0.674510
0.690196
0.717647
0.607843
0.505882
0.717647
0.509804
0.419608
0.498039
0.556863
0.627451
0.639216
0.647059
0.647059
0.635294
0.631373
0.631373
0.631373
0.627451
0.501961
0.490196
0.549020
0.541176
0.521569
0.482353
0.466667
0.450980
0.505882
0.529412
0.560784
0.596078
0.619608
0.635294
0.658824
0.694118
0.560784
0.411765
0.447059
0.427451
0.478431
0.478431
0.494118
0.552941
0.572549
0.580392
0.596078
0.603922
0.600000
0.600000
0.596078
0.572549
0.427451
0.458824
0.509804
0.501961
0.474510
0.443137
0.427451
0.407843
0.462745
0.490196
0.521569
0.556863
0.592157
0.607843
0.607843
0.611765
0.435294
0.313725
0.270588
0.407843
0.498039
0.458824
0.415686
0.470588
0.568627
0.564706
0.541176
0.521569
0.482353
0.431373
0.392157
0.368627
0.290196
0.313725
0.313725
0.294118
0.364706
0.423529
0.392157
0.380392
0.423529
0.439216
0.458824
0.482353
0.505882
0.521569
0.529412
0.521569
0.376471
0.270588
0.325490
0.443137
0.470588
0.443137
0.423529
0.384314
0.380392
0.341176
0.286275
0.254902
0.239216
0.235294
0.211765
0.215686
0.258824
0.278431
0.247059
0.231373
0.349020
0.415686
0.392157
0.388235
0.396078
0.400000
0.415686
0.439216
0.454902
0.466667
0.482353
0.486275
0.313725
0.290196
0.439216
0.458824
0.470588
0.443137
0.345098
0.254902
0.231373
0.250980
0.227451
0.231373
0.227451
0.219608
0.200000
0.200000
0.235294
0.278431
0.258824
0.247059
0.364706
0.384314
0.392157
0.388235
0.396078
0.396078
0.407843
0.423529
0.454902
0.486275
0.521569
0.498039
0.286275
0.376471
0.458824
0.431373
0.423529
0.309804
0.250980
0.262745
0.270588
0.278431
0.243137
0.231373
0.211765
0.200000
0.188235
0.188235
0.200000
0.243137
0.266667
0.239216
0.372549
0.384314
0.392157
0.388235
0.356863
0.360784
0.368627
0.392157
0.360784
0.380392
0.384314
0.329412
0.313725
0.380392
0.384314
0.352941
0.290196
0.247059
0.243137
0.215686
0.196078
0.192157
0.188235
0.188235
0.188235
0.184314
0.184314
0.188235
0.192157
0.227451
0.247059
0.262745
0.388235
0.384314
0.368627
0.360784
0.309804
0.329412
0.360784
0.372549
0.305882
0.317647
0.274510
0.188235
0.196078
0.254902
0.309804
0.333333
0.305882
0.270588
0.243137
0.223529
0.207843
0.200000
0.196078
0.196078
0.188235
0.168627
0.168627
0.176471
0.184314
0.211765
0.219608
0.239216
0.317647
0.305882
0.305882
0.290196
0.352941
0.372549
0.321569
0.286275
0.243137
0.266667
0.223529
0.152941
0.172549
0.211765
0.286275
0.298039
0.290196
0.266667
0.243137
0.223529
0.200000
0.184314
0.184314
0.184314
0.172549
0.152941
0.152941
0.152941
0.156863
0.192157
0.207843
0.258824
0.305882
0.290196
0.290196
0.294118
0.337255
0.337255
0.219608
0.172549
0.176471
0.168627
0.152941
0.172549
0.188235
0.243137
0.305882
0.286275
0.254902
0.239216
0.211765
0.184314
0.164706
0.152941
0.149020
0.152941
0.145098
0.133333
0.133333
0.125490
0.117647
0.164706
0.200000
0.301961
0.325490
0.321569
0.309804
0.278431
0.352941
0.349020
0.305882
0.270588
0.274510
0.227451
0.180392
0.149020
0.152941
0.223529
0.239216
0.207843
0.231373
0.239216
0.207843
0.188235
0.180392
0.168627
0.164706
0.168627
0.168627
0.168627
0.149020
0.160784
0.200000
0.200000
0.219608
0.286275
0.274510
0.262745
0.247059
0.145098
0.372549
0.368627
0.380392
0.392157
0.388235
0.364706
0.349020
0.329412
0.270588
0.247059
0.278431
0.266667
0.258824
0.254902
0.239216
0.227451
0.227451
0.223529
0.227451
0.231373
0.227451
0.231373
0.223529
0.227451
0.254902
0.262745
0.262745
0.258824
0.258824
0.254902
0.247059
0.200000
0.364706
0.364706
0.368627
0.384314
0.400000
0.400000
0.407843
0.411765
0.356863
0.301961
0.333333
0.337255
0.309804
0.290196
0.270588
0.254902
0.258824
0.258824
0.262745
0.262745
0.247059
0.243137
0.243137
0.247059
0.239216
0.243137
0.262745
0.282353
0.317647
0.329412
0.321569
0.317647
0.333333
0.345098
0.364706
0.376471
0.384314
0.384314
0.392157
0.400000
0.352941
0.309804
0.333333
0.337255
0.317647
0.301961
0.282353
0.266667
0.270588
0.274510
0.274510
0.274510
0.270588
0.262745
0.254902
0.247059
0.239216
0.243137
0.254902
0.258824
0.278431
0.266667
0.247059
0.243137
0.325490
0.349020
0.364706
0.372549
0.376471
0.384314
0.380392
0.364706
0.333333
0.309804
0.325490
0.329412
0.305882
0.286275
0.274510
0.266667
0.262745
0.262745
0.262745
0.274510
0.278431
0.270588
0.262745
0.266667
0.254902
0.243137
0.239216
0.239216
0.243137
0.231373
0.215686
0.223529
0.749020
0.741176
0.745098
0.745098
0.741176
0.733333
0.733333
0.729412
0.721569
0.713725
0.709804
0.709804
0.694118
0.678431
0.674510
0.682353
0.709804
0.745098
0.760784
0.768627
0.768627
0.764706
0.764706
0.760784
0.760784
0.749020
0.733333
0.725490
0.713725
0.701961
0.701961
0.705882
0.752941
0.749020
0.752941
0.749020
0.745098
0.737255
0.737255
0.733333
0.713725
0.705882
0.705882
0.705882
0.698039
0.694118
0.694118
0.682353
0.701961
0.756863
0.764706
0.772549
0.792157
0.796078
0.796078
0.784314
0.776471
0.756863
0.737255
0.729412
0.725490
0.721569
0.717647
0.721569
0.760784
0.756863
0.760784
0.756863
0.756863
0.752941
0.745098
0.729412
0.705882
0.713725
0.721569
0.721569
0.713725
0.709804
0.717647
0.694118
0.694118
0.741176
0.764706
0.776471
0.776471
0.780392
0.796078
0.788235
0.772549
0.756863
0.737255
0.733333
0.741176
0.733333
0.725490
0.729412
0.764706
0.756863
0.760784
0.760784
0.756863
0.756863
0.741176
0.717647
0.709804
0.721569
0.741176
0.745098
0.737255
0.733333
0.737255
0.709804
0.690196
0.701961
0.745098
0.772549
0.741176
0.725490
0.760784
0.788235
0.772549
0.749020
0.741176
0.737255
0.741176
0.737255
0.725490
0.725490
0.768627
0.756863
0.760784
0.756863
0.756863
0.749020
0.733333
0.725490
0.733333
0.741176
0.745098
0.749020
0.756863
0.756863
0.745098
0.733333
0.705882
0.678431
0.713725
0.756863
0.729412
0.698039
0.709804
0.752941
0.760784
0.745098
0.745098
0.737255
0.741176
0.741176
0.721569
0.717647
0.756863
0.749020
0.756863
0.760784
0.752941
0.749020
0.741176
0.745098
0.756863
0.756863
0.752941
0.752941
0.764706
0.760784
0.741176
0.745098
0.709804
0.678431
0.698039
0.745098
0.729412
0.686275
0.670588
0.701961
0.717647
0.725490
0.752941
0.749020
0.745098
0.745098
0.709804
0.686275
0.729412
0.733333
0.741176
0.741176
0.737255
0.745098
0.752941
0.764706
0.768627
0.768627
0.760784
0.760784
0.772549
0.764706
0.737255
0.737255
0.694118
0.682353
0.717647
0.741176
0.725490
0.674510
0.647059
0.603922
0.635294
0.749020
0.768627
0.760784
0.752941
0.749020
0.721569
0.690196
0.709804
0.705882
0.717647
0.721569
0.733333
0.749020
0.768627
0.776471
0.780392
0.772549
0.772549
0.776471
0.788235
0.760784
0.670588
0.709804
0.686275
0.698039
0.729412
0.737255
0.729412
0.713725
0.674510
0.600000
0.607843
0.768627
0.768627
0.752941
0.737255
0.725490
0.717647
0.709804
0.741176
0.721569
0.721569
0.733333
0.756863
0.768627
0.780392
0.784314
0.788235
0.686275
0.725490
0.792157
0.784314
0.756863
0.615686
0.596078
0.678431
0.725490
0.749020
0.741176
0.705882
0.749020
0.741176
0.690196
0.643137
0.752941
0.756863
0.745098
0.729412
0.713725
0.705882
0.709804
0.776471
0.752941
0.752941
0.760784
0.776471
0.784314
0.784314
0.792157
0.796078
0.615686
0.682353
0.792157
0.737255
0.733333
0.494118
0.396078
0.698039
0.756863
0.760784
0.752941
0.701961
0.752941
0.768627
0.690196
0.607843
0.733333
0.749020
0.733333
0.721569
0.713725
0.705882
0.709804
0.792157
0.772549
0.772549
0.760784
0.760784
0.780392
0.792157
0.788235
0.792157
0.596078
0.694118
0.796078
0.686275
0.623529
0.427451
0.380392
0.701961
0.776471
0.725490
0.643137
0.674510
0.733333
0.752941
0.690196
0.603922
0.717647
0.737255
0.717647
0.705882
0.698039
0.690196
0.686275
0.776471
0.760784
0.764706
0.745098
0.725490
0.745098
0.772549
0.788235
0.784314
0.556863
0.686275
0.796078
0.690196
0.592157
0.439216
0.384314
0.670588
0.768627
0.701961
0.592157
0.658824
0.682353
0.717647
0.682353
0.588235
0.698039
0.721569
0.705882
0.698039
0.694118
0.674510
0.666667
0.764706
0.752941
0.764706
0.745098
0.717647
0.725490
0.741176
0.772549
0.772549
0.521569
0.694118
0.721569
0.584314
0.631373
0.556863
0.482353
0.596078
0.560784
0.545098
0.537255
0.580392
0.619608
0.639216
0.670588
0.596078
0.674510
0.705882
0.694118
0.690196
0.678431
0.658824
0.639216
0.760784
0.760784
0.768627
0.756863
0.741176
0.745098
0.749020
0.776471
0.749020
0.494118
0.674510
0.529412
0.305882
0.329412
0.337255
0.309804
0.309804
0.286275
0.274510
0.301961
0.349020
0.407843
0.505882
0.647059
0.607843
0.631373
0.682353
0.682353
0.678431
0.662745
0.643137
0.631373
0.741176
0.749020
0.764706
0.760784
0.764706
0.768627
0.768627
0.780392
0.701961
0.490196
0.588235
0.349020
0.223529
0.184314
0.207843
0.227451
0.188235
0.196078
0.184314
0.168627
0.168627
0.200000
0.329412
0.435294
0.490196
0.545098
0.662745
0.666667
0.662745
0.650980
0.631373
0.623529
0.717647
0.729412
0.752941
0.764706
0.772549
0.776471
0.776471
0.784314
0.686275
0.509804
0.682353
0.478431
0.333333
0.278431
0.349020
0.380392
0.345098
0.368627
0.372549
0.345098
0.317647
0.305882
0.301961
0.313725
0.380392
0.470588
0.647059
0.654902
0.654902
0.635294
0.611765
0.607843
0.686275
0.690196
0.717647
0.737255
0.752941
0.768627
0.768627
0.784314
0.678431
0.501961
0.784314
0.639216
0.478431
0.490196
0.568627
0.619608
0.631373
0.654902
0.654902
0.635294
0.619608
0.592157
0.529412
0.537255
0.435294
0.443137
0.643137
0.639216
0.631373
0.623529
0.600000
0.592157
0.639216
0.647059
0.674510
0.690196
0.709804
0.733333
0.749020
0.784314
0.654902
0.494118
0.721569
0.568627
0.482353
0.552941
0.611765
0.686275
0.701961
0.709804
0.713725
0.701961
0.698039
0.713725
0.705882
0.674510
0.498039
0.486275
0.647059
0.631373
0.611765
0.603922
0.580392
0.568627
0.592157
0.615686
0.647059
0.674510
0.690196
0.705882
0.729412
0.764706
0.603922
0.392157
0.407843
0.427451
0.545098
0.568627
0.592157
0.654902
0.686275
0.690196
0.682353
0.666667
0.650980
0.662745
0.662745
0.615686
0.419608
0.427451
0.552941
0.545098
0.568627
0.572549
0.541176
0.525490
0.564706
0.588235
0.619608
0.647059
0.674510
0.690196
0.690196
0.690196
0.482353
0.309804
0.227451
0.380392
0.568627
0.556863
0.509804
0.564706
0.635294
0.592157
0.537255
0.482353
0.415686
0.368627
0.341176
0.309804
0.180392
0.168627
0.207843
0.203922
0.384314
0.541176
0.505882
0.498039
0.537255
0.552941
0.572549
0.584314
0.596078
0.615686
0.623529
0.607843
0.439216
0.309804
0.345098
0.466667
0.549020
0.521569
0.462745
0.388235
0.329412
0.250980
0.172549
0.121569
0.074510
0.054902
0.054902
0.054902
0.058824
0.039216
0.031373
0.039216
0.321569
0.529412
0.505882
0.505882
0.509804
0.513725
0.533333
0.549020
0.556863
0.568627
0.580392
0.580392
0.400000
0.388235
0.541176
0.552941
0.549020
0.474510
0.305882
0.149020
0.098039
0.117647
0.094118
0.101961
0.066667
0.027451
0.039216
0.039216
0.039216
0.058824
0.043137
0.066667
0.396078
0.521569
0.505882
0.505882
0.486275
0.498039
0.521569
0.545098
0.556863
0.552941
0.584314
0.560784
0.345098
0.447059
0.521569
0.458824
0.360784
0.207843
0.137255
0.129412
0.125490
0.133333
0.105882
0.098039
0.066667
0.031373
0.031373
0.031373
0.035294
0.047059
0.043137
0.129412
0.454902
0.505882
0.498039
0.509804
0.482353
0.478431
0.486275
0.482353
0.403922
0.396078
0.407843
0.341176
0.254902
0.286275
0.235294
0.156863
0.078431
0.050980
0.070588
0.066667
0.043137
0.031373
0.031373
0.027451
0.027451
0.031373
0.027451
0.031373
0.039216
0.031373
0.015686
0.188235
0.478431
0.482353
0.470588
0.478431
0.458824
0.443137
0.443137
0.372549
0.258824
0.294118
0.278431
0.211765
0.196078
0.160784
0.117647
0.086275
0.050980
0.035294
0.031373
0.031373
0.031373
0.027451
0.027451
0.027451
0.027451
0.031373
0.031373
0.035294
0.047059
0.031373
0.015686
0.196078
0.403922
0.400000
0.396078
0.396078
0.443137
0.407843
0.313725
0.211765
0.156863
0.231373
0.215686
0.184314
0.219608
0.133333
0.098039
0.070588
0.039216
0.027451
0.027451
0.027451
0.031373
0.031373
0.027451
0.027451
0.031373
0.035294
0.035294
0.035294
0.039216
0.039216
0.047059
0.247059
0.396078
0.372549
0.372549
0.376471
0.384314
0.341176
0.184314
0.105882
0.125490
0.168627
0.168627
0.172549
0.125490
0.062745
0.058824
0.050980
0.043137
0.047059
0.047059
0.039216
0.043137
0.039216
0.035294
0.035294
0.035294
0.035294
0.035294
0.027451
0.023529
0.031373
0.074510
0.321569
0.419608
0.396078
0.384314
0.345098
0.411765
0.388235
0.325490
0.262745
0.286275
0.278431
0.219608
0.168627
0.141176
0.117647
0.109804
0.117647
0.101961
0.105882
0.098039
0.098039
0.098039
0.090196
0.086275
0.090196
0.086275
0.090196
0.066667
0.078431
0.117647
0.090196
0.125490
0.321569
0.360784
0.337255
0.317647
0.200000
0.454902
0.450980
0.458824
0.454902
0.454902
0.439216
0.423529
0.392157
0.317647
0.243137
0.235294
0.215686
0.188235
0.176471
0.168627
0.164706
0.164706
0.160784
0.164706
0.168627
0.168627
0.180392
0.172549
0.176471
0.203922
0.203922
0.227451
0.282353
0.317647
0.325490
0.317647
0.243137
0.450980
0.450980
0.454902
0.462745
0.474510
0.474510
0.482353
0.482353
0.415686
0.329412
0.313725
0.290196
0.270588
0.258824
0.239216
0.223529
0.227451
0.227451
0.235294
0.231373
0.215686
0.207843
0.211765
0.211765
0.207843
0.215686
0.254902
0.298039
0.360784
0.396078
0.384314
0.352941
0.411765
0.423529
0.439216
0.447059
0.447059
0.447059
0.454902
0.470588
0.435294
0.368627
0.352941
0.341176
0.321569
0.309804
0.286275
0.270588
0.274510
0.278431
0.282353
0.282353
0.266667
0.243137
0.235294
0.227451
0.223529
0.235294
0.262745
0.282353
0.321569
0.329412
0.305882
0.282353
0.392157
0.411765
0.431373
0.435294
0.435294
0.443137
0.439216
0.431373
0.407843
0.372549
0.364706
0.352941
0.333333
0.313725
0.301961
0.294118
0.286275
0.286275
0.286275
0.298039
0.298039
0.274510
0.266667
0.270588
0.258824
0.258824
0.262745
0.266667
0.278431
0.282353
0.274510
0.274510
0.752941
0.745098
0.749020
0.749020
0.745098
0.737255
0.737255
0.737255
0.737255
0.729412
0.725490
0.725490
0.698039
0.682353
0.678431
0.686275
0.713725
0.749020
0.764706
0.772549
0.772549
0.768627
0.768627
0.764706
0.764706
0.760784
0.749020
0.741176
0.729412
0.717647
0.717647
0.721569
0.756863
0.752941
0.756863
0.752941
0.749020
0.741176
0.741176
0.741176
0.729412
0.721569
0.721569
0.717647
0.701961
0.698039
0.698039
0.686275
0.705882
0.760784
0.768627
0.776471
0.796078
0.800000
0.800000
0.788235
0.780392
0.772549
0.752941
0.745098
0.741176
0.737255
0.733333
0.737255
0.764706
0.760784
0.764706
0.760784
0.760784
0.756863
0.749020
0.737255
0.721569
0.729412
0.737255
0.737255
0.717647
0.713725
0.721569
0.698039
0.698039
0.745098
0.768627
0.780392
0.780392
0.784314
0.800000
0.792157
0.780392
0.772549
0.752941
0.749020
0.756863
0.749020
0.741176
0.745098
0.768627
0.760784
0.764706
0.764706
0.760784
0.760784
0.745098
0.725490
0.725490
0.737255
0.756863
0.756863
0.745098
0.737255
0.741176
0.713725
0.694118
0.705882
0.749020
0.776471
0.745098
0.729412
0.764706
0.792157
0.776471
0.764706
0.756863
0.752941
0.756863
0.752941
0.741176
0.741176
0.768627
0.756863
0.760784
0.760784
0.760784
0.752941
0.737255
0.729412
0.749020
0.756863
0.760784
0.760784
0.756863
0.756863
0.745098
0.733333
0.709804
0.682353
0.717647
0.760784
0.729412
0.705882
0.717647
0.756863
0.760784
0.756863
0.760784
0.749020
0.752941
0.752941
0.733333
0.733333
0.756863
0.749020
0.756863
0.760784
0.756863
0.749020
0.745098
0.749020
0.756863
0.768627
0.760784
0.749020
0.745098
0.745098
0.733333
0.749020
0.705882
0.674510
0.694118
0.737255
0.725490
0.690196
0.690196
0.709804
0.701961
0.725490
0.760784
0.752941
0.752941
0.749020
0.713725
0.690196
0.749020
0.752941
0.764706
0.752941
0.741176
0.749020
0.756863
0.764706
0.764706
0.768627
0.756863
0.756863
0.764706
0.756863
0.737255
0.749020
0.690196
0.674510
0.709804
0.733333
0.713725
0.674510
0.670588
0.611765
0.611765
0.745098
0.772549
0.764706
0.756863
0.749020
0.725490
0.694118
0.745098
0.745098
0.756863
0.741176
0.737255
0.752941
0.768627
0.780392
0.780392
0.752941
0.752941
0.776471
0.796078
0.764706
0.670588
0.709804
0.678431
0.690196
0.721569
0.729412
0.717647
0.709804
0.694118
0.603922
0.580392
0.764706
0.772549
0.756863
0.741176
0.729412
0.721569
0.713725
0.776471
0.756863
0.756863
0.752941
0.760784
0.772549
0.784314
0.796078
0.792157
0.643137
0.690196
0.800000
0.796078
0.752941
0.592157
0.560784
0.658824
0.717647
0.741176
0.733333
0.694118
0.737255
0.752941
0.686275
0.607843
0.749020
0.764706
0.749020
0.733333
0.717647
0.709804
0.713725
0.788235
0.764706
0.764706
0.768627
0.784314
0.788235
0.788235
0.803922
0.803922
0.552941
0.627451
0.800000
0.733333
0.694118
0.431373
0.309804
0.658824
0.752941
0.752941
0.749020
0.682353
0.733333
0.772549
0.678431
0.568627
0.725490
0.752941
0.737255
0.725490
0.717647
0.709804
0.713725
0.788235
0.772549
0.772549
0.760784
0.760784
0.780392
0.788235
0.800000
0.788235
0.525490
0.650980
0.792157
0.662745
0.572549
0.341176
0.266667
0.643137
0.756863
0.705882
0.623529
0.658824
0.725490
0.756863
0.670588
0.552941
0.717647
0.741176
0.717647
0.709804
0.705882
0.694118
0.690196
0.784314
0.764706
0.768627
0.741176
0.717647
0.737255
0.764706
0.792157
0.764706
0.482353
0.674510
0.768627
0.639216
0.529412
0.345098
0.258824
0.600000
0.741176
0.674510
0.564706
0.639216
0.682353
0.713725
0.643137
0.525490
0.698039
0.729412
0.705882
0.701961
0.698039
0.678431
0.670588
0.772549
0.760784
0.772549
0.745098
0.709804
0.717647
0.733333
0.776471
0.741176
0.443137
0.678431
0.690196
0.541176
0.584314
0.482353
0.384314
0.545098
0.545098
0.525490
0.517647
0.556863
0.584314
0.619608
0.631373
0.533333
0.658824
0.709804
0.698039
0.690196
0.682353
0.662745
0.643137
0.768627
0.768627
0.776471
0.752941
0.729412
0.737255
0.741176
0.776471
0.709804
0.403922
0.650980
0.494118
0.298039
0.333333
0.325490
0.290196
0.282353
0.250980
0.243137
0.270588
0.309804
0.364706
0.490196
0.627451
0.568627
0.596078
0.678431
0.694118
0.670588
0.658824
0.647059
0.635294
0.749020
0.756863
0.772549
0.760784
0.756863
0.760784
0.760784
0.776471
0.650980
0.388235
0.552941
0.301961
0.188235
0.160784
0.184314
0.203922
0.145098
0.141176
0.129412
0.113725
0.121569
0.168627
0.313725
0.423529
0.450980
0.482353
0.650980
0.686275
0.650980
0.635294
0.635294
0.627451
0.725490
0.737255
0.760784
0.764706
0.764706
0.768627
0.768627
0.776471
0.623529
0.400000
0.639216
0.419608
0.266667
0.227451
0.305882
0.345098
0.305882
0.325490
0.333333
0.301961
0.274510
0.266667
0.266667
0.266667
0.298039
0.376471
0.631373
0.682353
0.639216
0.615686
0.615686
0.611765
0.690196
0.694118
0.725490
0.741176
0.756863
0.768627
0.772549
0.784314
0.631373
0.400000
0.705882
0.572549
0.435294
0.458824
0.537255
0.588235
0.603922
0.627451
0.623529
0.603922
0.584314
0.556863
0.521569
0.494118
0.333333
0.341176
0.619608
0.674510
0.631373
0.607843
0.600000
0.588235
0.643137
0.650980
0.678431
0.698039
0.721569
0.745098
0.760784
0.788235
0.619608
0.400000
0.611765
0.501961
0.450980
0.517647
0.560784
0.619608
0.647059
0.666667
0.670588
0.658824
0.647059
0.674510
0.713725
0.647059
0.392157
0.368627
0.592157
0.650980
0.611765
0.584314
0.572549
0.560784
0.596078
0.619608
0.650980
0.678431
0.698039
0.713725
0.737255
0.760784
0.552941
0.301961
0.317647
0.368627
0.505882
0.521569
0.529412
0.576471
0.607843
0.623529
0.619608
0.611765
0.592157
0.596078
0.623529
0.556863
0.301961
0.298039
0.478431
0.537255
0.545098
0.545098
0.533333
0.517647
0.560784
0.584314
0.615686
0.647059
0.678431
0.690196
0.694118
0.682353
0.431373
0.235294
0.156863
0.325490
0.525490
0.509804
0.447059
0.486275
0.568627
0.537255
0.494118
0.450980
0.380392
0.317647
0.301961
0.254902
0.105882
0.082353
0.152941
0.203922
0.364706
0.513725
0.498039
0.490196
0.529412
0.545098
0.564706
0.580392
0.596078
0.615686
0.623529
0.600000
0.407843
0.270588
0.298039
0.415686
0.505882
0.478431
0.415686
0.341176
0.298039
0.227451
0.156863
0.113725
0.070588
0.043137
0.035294
0.035294
0.039216
0.003922
0.007843
0.062745
0.329412
0.513725
0.498039
0.498039
0.501961
0.505882
0.525490
0.545098
0.552941
0.560784
0.576471
0.572549
0.384314
0.368627
0.505882
0.505882
0.505882
0.447059
0.286275
0.137255
0.090196
0.105882
0.082353
0.090196
0.066667
0.031373
0.027451
0.035294
0.050980
0.039216
0.031373
0.094118
0.403922
0.509804
0.498039
0.498039
0.486275
0.494118
0.521569
0.560784
0.545098
0.505882
0.549020
0.541176
0.294118
0.400000
0.474510
0.419608
0.333333
0.184314
0.125490
0.125490
0.121569
0.125490
0.094118
0.086275
0.058824
0.035294
0.031373
0.031373
0.043137
0.043137
0.062745
0.141176
0.439216
0.486275
0.482353
0.494118
0.505882
0.505882
0.521569
0.513725
0.388235
0.321569
0.352941
0.317647
0.227451
0.262745
0.227451
0.156863
0.070588
0.039216
0.066667
0.066667
0.043137
0.031373
0.031373
0.027451
0.027451
0.027451
0.027451
0.031373
0.035294
0.039216
0.050980
0.196078
0.450980
0.454902
0.447059
0.458824
0.482353
0.470588
0.478431
0.400000
0.239216
0.227451
0.219608
0.184314
0.176471
0.149020
0.113725
0.078431
0.047059
0.039216
0.039216
0.043137
0.039216
0.031373
0.031373
0.031373
0.027451
0.023529
0.023529
0.031373
0.039216
0.031373
0.039216
0.188235
0.376471
0.376471
0.372549
0.360784
0.415686
0.380392
0.290196
0.200000
0.133333
0.176471
0.164706
0.149020
0.192157
0.121569
0.086275
0.047059
0.031373
0.031373
0.039216
0.043137
0.035294
0.027451
0.027451
0.027451
0.023529
0.023529
0.019608
0.023529
0.027451
0.031373
0.054902
0.231373
0.368627
0.352941
0.341176
0.329412
0.337255
0.282353
0.109804
0.058824
0.098039
0.133333
0.141176
0.152941
0.113725
0.074510
0.078431
0.054902
0.031373
0.035294
0.039216
0.035294
0.031373
0.023529
0.019608
0.023529
0.019608
0.015686
0.015686
0.011765
0.007843
0.019608
0.074510
0.298039
0.392157
0.376471
0.349020
0.286275
0.400000
0.349020
0.266667
0.211765
0.250980
0.254902
0.215686
0.149020
0.086275
0.098039
0.101961
0.094118
0.070588
0.074510
0.070588
0.074510
0.074510
0.058824
0.054902
0.058824
0.058824
0.058824
0.039216
0.050980
0.090196
0.066667
0.109804
0.286275
0.329412
0.309804
0.274510
0.129412
0.447059
0.435294
0.435294
0.423529
0.411765
0.403922
0.392157
0.352941
0.254902
0.192157
0.192157
0.168627
0.141176
0.129412
0.121569
0.121569
0.113725
0.105882
0.109804
0.109804
0.113725
0.129412
0.121569
0.129412
0.152941
0.152941
0.180392
0.227451
0.262745
0.274510
0.254902
0.164706
0.431373
0.435294
0.439216
0.435294
0.431373
0.431373
0.439216
0.435294
0.356863
0.270588
0.262745
0.235294
0.211765
0.196078
0.176471
0.160784
0.160784
0.156863
0.160784
0.156863
0.149020
0.152941
0.156863
0.156863
0.149020
0.152941
0.192157
0.243137
0.301961
0.349020
0.337255
0.298039
0.388235
0.400000
0.415686
0.415686
0.407843
0.407843
0.419608
0.423529
0.364706
0.298039
0.286275
0.270588
0.250980
0.235294
0.215686
0.200000
0.203922
0.203922
0.207843
0.207843
0.200000
0.196078
0.188235
0.180392
0.172549
0.176471
0.203922
0.235294
0.274510
0.298039
0.282353
0.254902
0.368627
0.388235
0.407843
0.403922
0.396078
0.403922
0.400000
0.384314
0.341176
0.298039
0.294118
0.274510
0.250980
0.235294
0.223529
0.211765
0.215686
0.219608
0.219608
0.231373
0.235294
0.219608
0.215686
0.219608
0.203922
0.200000
0.211765
0.227451
0.247059
0.250980
0.247059
0.254902
