0.988235
0.988235
0.992157
0.992157
0.992157
0.992157
0.992157
0.992157
0.992157
0.992157
0.992157
0.992157
0.992157
0.992157
0.992157
0.992157
0.992157
0.992157
0.992157
0.992157
0.988235
0.988235
0.988235
0.984314
0.988235
0.988235
0.988235
0.984314
0.980392
0.988235
0.992157
0.992157
1.000000
1.000000
1.000000
1.000000
1.000000
1.000000
1.000000
1.000000
1.000000
1.000000
1.000000
1.000000
1.000000
1.000000
1.000000
1.000000
1.000000
1.000000
1.000000
1.000000
1.000000
1.000000
1.000000
0.996078
1.000000
1.000000
1.000000
0.996078
0.996078
1.000000
1.000000
1.000000
0.992157
0.992157
0.996078
0.996078
0.996078
0.996078
0.996078
0.996078
0.996078
0.996078
0.996078
0.996078
0.996078
0.996078
0.996078
0.996078
0.996078
0.992157
0.992157
0.992157
0.988235
0.988235
0.968627
0.921569
0.964706
0.992157
0.996078
0.988235
0.984314
0.996078
0.996078
0.996078
0.996078
0.996078
1.000000
1.000000
1.000000
1.000000
1.000000
1.000000
1.000000
1.000000
1.000000
1.000000
1.000000
1.000000
1.000000
1.000000
1.000000
0.984314
0.980392
0.976471
0.980392
0.976471
0.760784
0.584314
0.752941
0.956863
0.992157
0.984314
0.980392
0.996078
1.000000
1.000000
0.996078
0.996078
1.000000
1.000000
1.000000
1.000000
1.000000
1.000000
1.000000
1.000000
1.000000
1.000000
1.000000
1.000000
1.000000
0.996078
0.988235
0.980392
0.980392
0.972549
0.956863
0.882353
0.450980
0.333333
0.521569
0.847059
1.000000
0.984314
0.976471
0.992157
1.000000
1.000000
0.996078
0.996078
1.000000
1.000000
1.000000
1.000000
1.000000
1.000000
1.000000
1.000000
1.000000
1.000000
1.000000
0.992157
0.988235
0.992157
1.000000
0.988235
0.968627
0.862745
0.717647
0.603922
0.364706
0.368627
0.521569
0.713725
0.933333
0.964706
0.968627
0.984314
0.996078
1.000000
0.996078
0.996078
1.000000
1.000000
1.000000
0.996078
0.996078
0.996078
0.996078
0.988235
0.984314
0.984314
0.984314
0.996078
1.000000
0.992157
0.941176
0.831373
0.658824
0.533333
0.501961
0.447059
0.474510
0.509804
0.529412
0.533333
0.647059
0.701961
0.823529
0.988235
0.968627
0.980392
0.996078
0.996078
1.000000
1.000000
1.000000
0.996078
0.996078
0.992157
0.976471
0.972549
0.980392
0.992157
1.000000
0.945098
0.862745
0.760784
0.545098
0.419608
0.392157
0.521569
0.529412
0.458824
0.466667
0.545098
0.482353
0.431373
0.498039
0.439216
0.549020
0.878431
0.988235
0.972549
0.996078
0.996078
1.000000
1.000000
1.000000
0.996078
0.996078
0.996078
0.984314
0.952941
0.937255
0.894118
0.792157
0.568627
0.443137
0.423529
0.454902
0.482353
0.556863
0.592157
0.584314
0.560784
0.576471
0.431373
0.407843
0.266667
0.180392
0.333333
0.388235
0.580392
0.984314
0.988235
0.996078
0.996078
1.000000
0.996078
0.992157
0.988235
0.988235
0.988235
0.843137
0.615686
0.568627
0.501961
0.482353
0.462745
0.486275
0.501961
0.513725
0.552941
0.615686
0.588235
0.447059
0.541176
0.643137
0.411765
0.372549
0.258824
0.396078
0.647059
0.572549
0.494118
0.886275
1.000000
0.996078
0.996078
0.996078
0.980392
0.972549
0.968627
0.968627
0.905882
0.568627
0.435294
0.431373
0.419608
0.486275
0.486275
0.478431
0.501961
0.513725
0.435294
0.439216
0.525490
0.533333
0.698039
0.447059
0.262745
0.337255
0.360784
0.643137
0.627451
0.458824
0.537255
0.917647
1.000000
0.996078
0.996078
0.988235
0.972549
0.839216
0.717647
0.709804
0.662745
0.501961
0.537255
0.556863
0.454902
0.443137
0.513725
0.454902
0.352941
0.341176
0.352941
0.450980
0.647059
0.670588
0.549020
0.239216
0.215686
0.349020
0.490196
0.592157
0.427451
0.419608
0.701961
0.980392
0.992157
1.000000
0.992157
0.980392
0.905882
0.525490
0.450980
0.505882
0.541176
0.462745
0.423529
0.517647
0.549020
0.537255
0.529412
0.341176
0.313725
0.305882
0.313725
0.580392
0.756863
0.643137
0.337255
0.235294
0.341176
0.545098
0.556863
0.486275
0.462745
0.682353
0.913725
0.976471
0.972549
0.996078
0.988235
0.984314
0.843137
0.545098
0.498039
0.533333
0.439216
0.309804
0.298039
0.509804
0.576471
0.513725
0.419608
0.266667
0.321569
0.294118
0.368627
0.658824
0.701961
0.450980
0.254902
0.309804
0.529412
0.521569
0.525490
0.698039
0.831373
0.945098
0.984314
0.976471
0.980392
0.992157
0.992157
0.933333
0.650980
0.486275
0.407843
0.427451
0.254902
0.282353
0.368627
0.537255
0.494118
0.529412
0.505882
0.419608
0.337255
0.419608
0.611765
0.654902
0.580392
0.298039
0.356863
0.545098
0.501961
0.588235
0.800000
0.945098
0.992157
0.988235
0.988235
0.996078
1.000000
0.996078
0.992157
0.819608
0.482353
0.278431
0.337255
0.298039
0.172549
0.298039
0.435294
0.509804
0.552941
0.549020
0.588235
0.725490
0.678431
0.733333
0.749020
0.623529
0.352941
0.298039
0.650980
0.631373
0.643137
0.878431
0.976471
0.988235
0.980392
0.988235
0.996078
1.000000
1.000000
0.992157
1.000000
0.760784
0.356863
0.247059
0.278431
0.231373
0.180392
0.282353
0.458824
0.509804
0.443137
0.521569
0.403922
0.643137
0.819608
0.819608
0.717647
0.545098
0.313725
0.560784
0.666667
0.584314
0.815686
0.972549
0.968627
0.980392
0.976471
0.984314
0.996078
1.000000
1.000000
0.992157
1.000000
0.882353
0.454902
0.341176
0.450980
0.407843
0.345098
0.364706
0.403922
0.462745
0.262745
0.541176
0.549020
0.639216
0.807843
0.760784
0.631373
0.537255
0.431373
0.509804
0.521569
0.662745
0.866667
0.964706
0.964706
0.984314
0.972549
0.984314
1.000000
1.000000
1.000000
0.992157
0.992157
0.956863
0.650980
0.600000
0.607843
0.384314
0.270588
0.282353
0.411765
0.470588
0.219608
0.486275
0.764706
0.733333
0.780392
0.513725
0.466667
0.486275
0.431373
0.494118
0.458824
0.615686
0.698039
0.933333
0.976471
0.988235
0.984314
0.988235
1.000000
1.000000
1.000000
0.992157
0.992157
0.956863
0.705882
0.549020
0.415686
0.415686
0.254902
0.152941
0.278431
0.486275
0.435294
0.450980
0.752941
0.772549
0.670588
0.349020
0.372549
0.407843
0.729412
0.619608
0.454902
0.411765
0.349020
0.674510
0.937255
1.000000
0.992157
0.996078
1.000000
1.000000
1.000000
0.992157
1.000000
0.894118
0.560784
0.388235
0.270588
0.290196
0.345098
0.384314
0.207843
0.305882
0.619608
0.650980
0.721569
0.768627
0.639216
0.341176
0.384314
0.552941
0.878431
0.596078
0.447059
0.266667
0.298039
0.396078
0.647059
0.917647
0.996078
0.996078
0.996078
0.996078
1.000000
0.992157
1.000000
0.858824
0.521569
0.376471
0.337255
0.333333
0.541176
0.384314
0.156863
0.250980
0.607843
0.600000
0.576471
0.580392
0.650980
0.501961
0.400000
0.572549
0.819608
0.580392
0.321569
0.223529
0.290196
0.392157
0.321569
0.552941
0.768627
0.894118
0.984314
0.992157
1.000000
0.992157
1.000000
0.929412
0.635294
0.498039
0.349020
0.372549
0.462745
0.258824
0.368627
0.396078
0.447059
0.278431
0.227451
0.282353
0.384314
0.501961
0.462745
0.549020
0.721569
0.607843
0.498039
0.305882
0.317647
0.447059
0.403922
0.541176
0.666667
0.807843
0.976471
0.988235
1.000000
0.996078
0.988235
0.984314
0.741176
0.580392
0.282353
0.427451
0.423529
0.419608
0.549020
0.443137
0.274510
0.309804
0.454902
0.462745
0.349020
0.474510
0.454902
0.635294
0.588235
0.482353
0.525490
0.470588
0.447059
0.513725
0.603922
0.780392
0.917647
0.949020
0.992157
0.996078
1.000000
0.992157
0.996078
0.964706
0.768627
0.654902
0.380392
0.215686
0.411765
0.545098
0.435294
0.400000
0.341176
0.494118
0.552941
0.490196
0.529412
0.490196
0.368627
0.533333
0.639216
0.486275
0.380392
0.427451
0.541176
0.647059
0.796078
0.898039
0.929412
0.980392
0.996078
0.996078
1.000000
0.992157
0.996078
0.976471
0.827451
0.564706
0.580392
0.207843
0.356863
0.615686
0.647059
0.513725
0.372549
0.549020
0.541176
0.372549
0.443137
0.470588
0.313725
0.352941
0.537255
0.564706
0.415686
0.368627
0.447059
0.682353
0.749020
0.658824
0.694118
0.929412
0.996078
0.996078
1.000000
0.992157
0.996078
0.980392
0.921569
0.600000
0.572549
0.588235
0.345098
0.360784
0.611765
0.541176
0.431373
0.572549
0.568627
0.337255
0.298039
0.372549
0.380392
0.545098
0.584314
0.568627
0.549020
0.466667
0.529412
0.666667
0.650980
0.639216
0.831373
0.960784
0.996078
0.996078
1.000000
0.992157
0.996078
0.976471
0.933333
0.776471
0.501961
0.564706
0.584314
0.380392
0.309804
0.490196
0.549020
0.674510
0.537255
0.345098
0.396078
0.501961
0.572549
0.631373
0.686275
0.662745
0.588235
0.588235
0.650980
0.729412
0.796078
0.886275
0.937255
0.976471
0.992157
0.996078
1.000000
0.996078
0.996078
0.992157
0.964706
0.909804
0.788235
0.631373
0.607843
0.596078
0.423529
0.427451
0.537255
0.596078
0.458824
0.411765
0.584314
0.647059
0.682353
0.678431
0.737255
0.831373
0.811765
0.784314
0.854902
0.941176
0.984314
0.992157
0.988235
0.992157
0.996078
0.996078
1.000000
0.992157
0.992157
0.992157
0.992157
0.984314
0.956863
0.909804
0.850980
0.776471
0.705882
0.686275
0.666667
0.635294
0.670588
0.737255
0.819608
0.862745
0.921569
0.941176
0.933333
0.952941
0.968627
0.980392
0.984314
0.988235
0.988235
0.992157
0.996078
0.992157
0.992157
0.996078
0.996078
1.000000
1.000000
1.000000
0.996078
0.996078
0.984314
0.984314
0.984314
0.964706
0.952941
0.925490
0.921569
0.917647
0.945098
0.968627
0.976471
0.976471
0.988235
0.988235
0.988235
0.988235
0.996078
0.992157
0.992157
0.992157
1.000000
1.000000
1.000000
1.000000
1.000000
1.000000
1.000000
0.988235
0.988235
0.988235
0.988235
0.984314
0.980392
0.984314
0.980392
0.972549
0.980392
0.988235
0.984314
0.980392
0.972549
0.964706
0.960784
0.964706
0.976471
0.980392
0.984314
0.984314
0.984314
0.984314
0.984314
0.984314
0.988235
0.988235
0.992157
0.988235
0.988235
0.988235
0.992157
0.988235
0.988235
0.992157
0.992157
0.992157
0.992157
0.992157
0.992157
0.992157
0.992157
0.992157
0.992157
0.992157
0.992157
0.992157
0.992157
0.992157
0.992157
0.992157
0.992157
0.988235
0.988235
0.988235
0.988235
0.988235
0.980392
0.980392
0.988235
0.992157
0.992157
0.992157
0.992157
1.000000
1.000000
1.000000
1.000000
1.000000
1.000000
1.000000
1.000000
1.000000
1.000000
1.000000
1.000000
1.000000
1.000000
1.000000
1.000000
1.000000
1.000000
1.000000
1.000000
1.000000
1.000000
1.000000
1.000000
0.996078
0.996078
0.996078
1.000000
1.000000
1.000000
1.000000
1.000000
0.992157
0.992157
0.996078
0.996078
0.996078
0.996078
0.996078
0.996078
0.996078
0.996078
0.996078
0.996078
0.996078
0.996078
0.996078
0.996078
0.996078
0.992157
0.992157
0.992157
0.988235
0.988235
0.972549
0.929412
0.960784
0.984314
0.992157
0.992157
0.992157
0.996078
0.996078
0.996078
0.996078
0.996078
1.000000
1.000000
1.000000
1.000000
1.000000
1.000000
1.000000
1.000000
1.000000
1.000000
1.000000
1.000000
1.000000
1.000000
1.000000
0.984314
0.980392
0.976471
0.980392
0.976471
0.760784
0.584314
0.749020
0.949020
0.988235
0.988235
0.988235
0.996078
1.000000
1.000000
0.996078
0.996078
1.000000
1.000000
1.000000
1.000000
1.000000
1.000000
1.000000
1.000000
1.000000
1.000000
1.000000
1.000000
1.000000
0.996078
0.988235
0.980392
0.980392
0.972549
0.956863
0.882353
0.454902
0.333333
0.517647
0.839216
0.996078
0.988235
0.984314
0.992157
1.000000
1.000000
0.996078
0.996078
1.000000
1.000000
1.000000
1.000000
1.000000
1.000000
1.000000
1.000000
1.000000
1.000000
1.000000
0.992157
0.988235
0.992157
1.000000
0.988235
0.968627
0.862745
0.717647
0.603922
0.364706
0.364706
0.517647
0.705882
0.929412
0.968627
0.976471
0.984314
0.996078
1.000000
0.996078
0.996078
1.000000
1.000000
1.000000
0.996078
0.996078
1.000000
1.000000
0.988235
0.984314
0.984314
0.984314
1.000000
1.000000
0.996078
0.945098
0.831373
0.650980
0.525490
0.505882
0.462745
0.470588
0.478431
0.509804
0.529412
0.650980
0.694118
0.811765
0.988235
0.980392
0.992157
0.996078
0.996078
1.000000
1.000000
0.996078
0.992157
0.996078
0.996078
0.980392
0.972549
0.976471
0.996078
1.000000
0.949020
0.862745
0.760784
0.541176
0.423529
0.388235
0.509804
0.517647
0.462745
0.454902
0.498039
0.454902
0.431373
0.490196
0.411765
0.513725
0.866667
0.992157
0.984314
0.996078
0.996078
1.000000
1.000000
1.000000
1.000000
1.000000
1.000000
0.984314
0.949020
0.937255
0.909804
0.807843
0.572549
0.443137
0.411765
0.447059
0.490196
0.560784
0.568627
0.541176
0.525490
0.556863
0.415686
0.396078
0.254902
0.156863
0.290196
0.333333
0.537255
0.964706
0.988235
0.996078
0.996078
1.000000
0.996078
0.992157
0.992157
0.992157
0.992157
0.843137
0.611765
0.564706
0.517647
0.498039
0.462745
0.474510
0.478431
0.498039
0.560784
0.607843
0.541176
0.376471
0.474510
0.615686
0.411765
0.364706
0.231373
0.352941
0.592157
0.501961
0.423529
0.850980
0.992157
0.996078
0.996078
0.996078
0.980392
0.972549
0.968627
0.968627
0.905882
0.564706
0.431373
0.431373
0.423529
0.486275
0.482353
0.462745
0.482353
0.501961
0.439216
0.400000
0.447059
0.447059
0.631373
0.411765
0.266667
0.329412
0.317647
0.584314
0.560784
0.384314
0.466667
0.882353
0.992157
0.996078
0.996078
0.988235
0.972549
0.839216
0.717647
0.709804
0.662745
0.498039
0.537255
0.556863
0.431373
0.423529
0.498039
0.439216
0.345098
0.341176
0.349020
0.400000
0.560784
0.584314
0.494118
0.207843
0.215686
0.329412
0.435294
0.521569
0.352941
0.352941
0.658824
0.964706
0.992157
1.000000
0.992157
0.980392
0.905882
0.525490
0.447059
0.501961
0.537255
0.458824
0.427451
0.517647
0.505882
0.494118
0.498039
0.325490
0.317647
0.313725
0.305882
0.533333
0.674510
0.556863
0.290196
0.223529
0.333333
0.513725
0.498039
0.415686
0.392157
0.631373
0.901961
0.980392
0.984314
0.996078
0.992157
0.980392
0.823529
0.513725
0.478431
0.525490
0.435294
0.301961
0.294118
0.494118
0.533333
0.478431
0.407843
0.266667
0.341176
0.305882
0.337255
0.619608
0.647059
0.388235
0.211765
0.286275
0.501961
0.478431
0.470588
0.647059
0.788235
0.917647
0.980392
0.984314
0.992157
0.996078
0.996078
0.921569
0.611765
0.423529
0.372549
0.411765
0.250980
0.274510
0.349020
0.494118
0.439216
0.494118
0.486275
0.407843
0.337255
0.415686
0.572549
0.619608
0.556863
0.266667
0.317647
0.509804
0.462745
0.549020
0.764706
0.921569
0.972549
0.976471
0.984314
0.996078
1.000000
0.996078
1.000000
0.811765
0.443137
0.207843
0.290196
0.270588
0.152941
0.278431
0.400000
0.450980
0.482353
0.486275
0.533333
0.670588
0.631373
0.698039
0.709804
0.588235
0.333333
0.282353
0.631373
0.607843
0.619608
0.862745
0.964706
0.980392
0.972549
0.984314
0.996078
1.000000
1.000000
0.996078
1.000000
0.749020
0.317647
0.180392
0.231373
0.200000
0.156863
0.254902
0.407843
0.447059
0.384314
0.458824
0.333333
0.572549
0.749020
0.764706
0.686275
0.505882
0.286275
0.552941
0.650980
0.560784
0.807843
0.972549
0.968627
0.984314
0.984314
0.988235
1.000000
1.000000
1.000000
0.992157
1.000000
0.874510
0.415686
0.278431
0.403922
0.376471
0.325490
0.333333
0.352941
0.407843
0.239216
0.509804
0.498039
0.588235
0.756863
0.729412
0.607843
0.505882
0.407843
0.501961
0.498039
0.631373
0.862745
0.968627
0.972549
0.996078
0.992157
0.996078
1.000000
1.000000
1.000000
0.992157
0.996078
0.949020
0.611765
0.537255
0.568627
0.360784
0.254902
0.262745
0.368627
0.427451
0.219608
0.466667
0.713725
0.686275
0.752941
0.498039
0.447059
0.466667
0.419608
0.482353
0.423529
0.572549
0.686275
0.929412
0.980392
0.996078
1.000000
1.000000
1.000000
1.000000
1.000000
0.992157
0.996078
0.949020
0.666667
0.490196
0.384314
0.407843
0.254902
0.141176
0.250980
0.450980
0.423529
0.407843
0.678431
0.709804
0.631373
0.321569
0.356863
0.411765
0.737255
0.603922
0.411765
0.364706
0.321569
0.654902
0.929412
1.000000
1.000000
1.000000
1.000000
1.000000
1.000000
0.992157
1.000000
0.886275
0.529412
0.341176
0.250980
0.286275
0.349020
0.376471
0.192157
0.278431
0.584314
0.584314
0.639216
0.705882
0.603922
0.317647
0.368627
0.545098
0.870588
0.576471
0.407843
0.211765
0.247059
0.345098
0.607843
0.890196
0.976471
0.988235
0.992157
1.000000
1.000000
0.992157
1.000000
0.847059
0.501961
0.349020
0.321569
0.333333
0.541176
0.372549
0.145098
0.239216
0.564706
0.541176
0.525490
0.552941
0.639216
0.490196
0.380392
0.529412
0.780392
0.552941
0.294118
0.168627
0.219608
0.321569
0.254902
0.490196
0.713725
0.866667
0.980392
0.992157
1.000000
0.996078
1.000000
0.917647
0.619608
0.478431
0.333333
0.368627
0.458824
0.250980
0.360784
0.392157
0.427451
0.250980
0.203922
0.270588
0.376471
0.494118
0.447059
0.498039
0.670588
0.584314
0.474510
0.254902
0.258824
0.384314
0.341176
0.482353
0.615686
0.780392
0.976471
0.988235
1.000000
0.996078
0.980392
0.972549
0.725490
0.560784
0.266667
0.419608
0.415686
0.411765
0.545098
0.443137
0.286275
0.313725
0.458824
0.462745
0.349020
0.474510
0.443137
0.588235
0.537255
0.466667
0.513725
0.431373
0.407843
0.470588
0.560784
0.741176
0.886275
0.933333
0.988235
0.996078
1.000000
0.992157
0.992157
0.952941
0.752941
0.631373
0.360784
0.203922
0.403922
0.537255
0.431373
0.400000
0.360784
0.517647
0.568627
0.501961
0.533333
0.490196
0.364706
0.478431
0.584314
0.478431
0.376471
0.400000
0.517647
0.623529
0.772549
0.874510
0.909804
0.968627
0.996078
1.000000
1.000000
0.992157
0.992157
0.960784
0.807843
0.541176
0.568627
0.200000
0.345098
0.611765
0.647059
0.509804
0.364706
0.549020
0.545098
0.368627
0.435294
0.474510
0.309804
0.294118
0.478431
0.560784
0.419608
0.345098
0.419608
0.662745
0.725490
0.635294
0.674510
0.917647
0.996078
0.996078
1.000000
0.996078
0.992157
0.964706
0.898039
0.572549
0.560784
0.580392
0.333333
0.360784
0.611765
0.521569
0.376471
0.533333
0.541176
0.305882
0.274510
0.364706
0.372549
0.482353
0.525490
0.564706
0.552941
0.439216
0.498039
0.635294
0.623529
0.607843
0.803922
0.941176
0.992157
0.996078
1.000000
0.996078
0.996078
0.964706
0.913725
0.752941
0.494118
0.552941
0.572549
0.380392
0.309804
0.462745
0.470588
0.600000
0.486275
0.301961
0.360784
0.486275
0.568627
0.580392
0.639216
0.658824
0.592157
0.568627
0.627451
0.705882
0.776471
0.866667
0.917647
0.960784
0.992157
0.996078
1.000000
0.996078
0.996078
0.988235
0.960784
0.901961
0.784314
0.623529
0.600000
0.588235
0.419608
0.407843
0.466667
0.521569
0.407843
0.380392
0.564706
0.639216
0.678431
0.662745
0.721569
0.827451
0.807843
0.776471
0.850980
0.937255
0.984314
0.988235
0.984314
0.988235
0.992157
1.000000
1.000000
0.992157
0.992157
0.992157
0.992157
0.984314
0.952941
0.905882
0.847059
0.772549
0.705882
0.674510
0.619608
0.584314
0.639216
0.721569
0.819608
0.870588
0.921569
0.937255
0.929412
0.949020
0.964706
0.976471
0.984314
0.988235
0.988235
0.992157
0.996078
0.992157
0.992157
0.996078
0.996078
1.000000
1.000000
1.000000
0.996078
0.996078
0.984314
0.984314
0.980392
0.964706
0.952941
0.921569
0.901961
0.901961
0.937255
0.972549
0.988235
0.992157
0.988235
0.988235
0.988235
0.988235
0.996078
0.992157
0.992157
0.992157
1.000000
1.000000
1.000000
1.000000
1.000000
1.000000
1.000000
0.988235
0.988235
0.988235
0.988235
0.984314
0.980392
0.984314
0.980392
0.972549
0.980392
0.988235
0.984314
0.980392
0.976471
0.976471
0.980392
0.980392
0.984314
0.984314
0.984314
0.984314
0.984314
0.988235
0.984314
0.984314
0.988235
0.988235
0.992157
0.988235
0.988235
0.988235
0.992157
0.988235
0.988235
0.992157
0.992157
0.992157
0.992157
0.992157
0.992157
0.992157
0.992157
0.992157
0.992157
0.992157
0.992157
0.992157
0.992157
0.992157
0.992157
0.992157
0.992157
0.988235
0.988235
0.984314
0.980392
0.988235
0.988235
0.988235
0.988235
0.988235
0.992157
0.992157
0.992157
1.000000
1.000000
1.000000
1.000000
1.000000
1.000000
1.000000
1.000000
1.000000
1.000000
1.000000
1.000000
1.000000
1.000000
1.000000
1.000000
1.000000
1.000000
1.000000
1.000000
1.000000
1.000000
1.000000
1.000000
1.000000
1.000000
1.000000
1.000000
1.000000
1.000000
1.000000
1.000000
0.992157
0.992157
0.996078
0.996078
0.996078
0.996078
0.996078
0.996078
0.996078
0.996078
0.996078
0.996078
0.996078
0.996078
0.996078
0.996078
0.996078
0.992157
0.992157
0.992157
0.988235
0.988235
0.976471
0.937255
0.964706
0.976471
0.980392
0.984314
0.988235
0.996078
0.996078
0.996078
0.996078
0.996078
1.000000
1.000000
1.000000
1.000000
1.000000
1.000000
1.000000
1.000000
1.000000
1.000000
1.000000
1.000000
1.000000
1.000000
1.000000
0.984314
0.980392
0.980392
0.980392
0.976471
0.772549
0.611765
0.756863
0.929412
0.964706
0.976471
0.984314
0.996078
1.000000
1.000000
0.996078
0.996078
1.000000
1.000000
1.000000
1.000000
1.000000
1.000000
1.000000
1.000000
1.000000
1.000000
1.000000
1.000000
1.000000
0.996078
0.988235
0.980392
0.976471
0.972549
0.956863
0.878431
0.470588
0.380392
0.529412
0.815686
0.960784
0.972549
0.984314
0.992157
1.000000
1.000000
0.996078
0.996078
1.000000
1.000000
1.000000
1.000000
1.000000
1.000000
0.996078
1.000000
1.000000
1.000000
1.000000
0.992157
0.988235
0.992157
1.000000
0.988235
0.972549
0.866667
0.717647
0.603922
0.388235
0.419608
0.529412
0.674510
0.894118
0.952941
0.976471
0.984314
0.996078
1.000000
0.996078
0.996078
1.000000
1.000000
1.000000
1.000000
0.996078
0.984314
0.984314
0.984314
0.988235
0.988235
0.984314
1.000000
1.000000
1.000000
0.941176
0.831373
0.701961
0.580392
0.505882
0.458824
0.509804
0.513725
0.505882
0.501961
0.631373
0.709804
0.835294
0.988235
0.976471
0.988235
0.996078
0.996078
1.000000
1.000000
1.000000
0.996078
0.988235
0.972549
0.960784
0.972549
0.992157
1.000000
1.000000
0.945098
0.858824
0.756863
0.537255
0.411765
0.396078
0.529412
0.517647
0.443137
0.443137
0.501961
0.450980
0.419608
0.490196
0.427451
0.533333
0.870588
0.992157
0.984314
0.996078
0.996078
1.000000
1.000000
1.000000
0.992157
0.984314
0.976471
0.976471
0.956863
0.952941
0.913725
0.803922
0.560784
0.423529
0.388235
0.427451
0.462745
0.458824
0.478431
0.525490
0.478431
0.470588
0.396078
0.411765
0.266667
0.145098
0.243137
0.294118
0.541176
0.972549
0.988235
0.996078
0.996078
1.000000
0.996078
0.988235
0.972549
0.968627
0.972549
0.843137
0.627451
0.592157
0.517647
0.490196
0.443137
0.447059
0.439216
0.462745
0.529412
0.513725
0.439216
0.317647
0.407843
0.541176
0.403922
0.396078
0.258824
0.333333
0.482353
0.407843
0.431373
0.870588
0.996078
0.996078
0.996078
0.996078
0.980392
0.968627
0.952941
0.952941
0.905882
0.576471
0.447059
0.439216
0.415686
0.474510
0.462745
0.439216
0.450980
0.462745
0.411765
0.396078
0.403922
0.352941
0.576471
0.423529
0.286275
0.352941
0.337255
0.552941
0.450980
0.294118
0.474510
0.898039
0.996078
0.996078
0.996078
0.988235
0.972549
0.839216
0.713725
0.713725
0.678431
0.513725
0.533333
0.537255
0.415686
0.411765
0.486275
0.435294
0.341176
0.329412
0.337255
0.411765
0.525490
0.494118
0.474510
0.278431
0.254902
0.337255
0.415686
0.478431
0.286275
0.309804
0.666667
0.972549
0.992157
0.996078
0.992157
0.980392
0.905882
0.525490
0.458824
0.529412
0.568627
0.470588
0.403922
0.470588
0.482353
0.482353
0.498039
0.345098
0.349020
0.341176
0.305882
0.466667
0.580392
0.513725
0.321569
0.286275
0.372549
0.505882
0.443137
0.360784
0.376471
0.639216
0.905882
0.980392
0.980392
0.988235
0.984314
0.984314
0.839216
0.537255
0.513725
0.568627
0.474510
0.317647
0.270588
0.447059
0.505882
0.443137
0.396078
0.325490
0.415686
0.352941
0.333333
0.501961
0.545098
0.415686
0.286275
0.317647
0.517647
0.462745
0.431373
0.611765
0.784314
0.929412
0.984314
0.984314
0.988235
0.980392
0.988235
0.929412
0.639216
0.466667
0.415686
0.458824
0.286275
0.286275
0.325490
0.458824
0.403922
0.423529
0.439216
0.454902
0.396078
0.407843
0.513725
0.509804
0.486275
0.301961
0.368627
0.505882
0.443137
0.529412
0.749020
0.913725
0.972549
0.980392
0.988235
0.996078
1.000000
0.984314
0.992157
0.815686
0.470588
0.250980
0.325490
0.298039
0.176471
0.278431
0.368627
0.407843
0.447059
0.411765
0.450980
0.631373
0.584314
0.580392
0.576471
0.509804
0.301961
0.250980
0.580392
0.552941
0.576471
0.827451
0.949020
0.980392
0.984314
0.992157
0.996078
1.000000
1.000000
0.988235
1.000000
0.752941
0.337255
0.207843
0.243137
0.203922
0.160784
0.243137
0.372549
0.400000
0.368627
0.415686
0.254902
0.474510
0.611765
0.584314
0.525490
0.498039
0.321569
0.490196
0.545098
0.498039
0.756863
0.933333
0.949020
0.984314
0.996078
0.996078
1.000000
1.000000
1.000000
0.992157
1.000000
0.874510
0.427451
0.290196
0.400000
0.368627
0.317647
0.317647
0.317647
0.364706
0.239216
0.501961
0.435294
0.466667
0.611765
0.576471
0.505882
0.552941
0.486275
0.470588
0.435294
0.607843
0.827451
0.937255
0.956863
0.992157
0.996078
0.996078
1.000000
1.000000
1.000000
0.996078
0.996078
0.949020
0.615686
0.541176
0.556863
0.349020
0.247059
0.247059
0.341176
0.384314
0.200000
0.466667
0.666667
0.568627
0.635294
0.435294
0.427451
0.498039
0.462745
0.494118
0.431373
0.592157
0.682353
0.921569
0.976471
0.992157
0.996078
0.996078
1.000000
1.000000
1.000000
0.996078
0.996078
0.949020
0.666667
0.490196
0.368627
0.392157
0.247059
0.137255
0.235294
0.407843
0.360784
0.380392
0.623529
0.592157
0.541176
0.333333
0.380392
0.368627
0.690196
0.623529
0.466667
0.403922
0.349020
0.674510
0.937255
0.996078
0.984314
0.988235
1.000000
1.000000
1.000000
0.988235
1.000000
0.882353
0.529412
0.345098
0.247059
0.266667
0.329412
0.392157
0.203922
0.235294
0.466667
0.513725
0.576471
0.584314
0.513725
0.337255
0.396078
0.450980
0.764706
0.576471
0.466667
0.250980
0.294118
0.400000
0.650980
0.909804
0.964706
0.968627
0.988235
1.000000
1.000000
0.976471
0.996078
0.843137
0.498039
0.360784
0.345098
0.305882
0.505882
0.403922
0.180392
0.192157
0.443137
0.478431
0.482353
0.462745
0.564706
0.501961
0.392157
0.439216
0.670588
0.529412
0.325490
0.196078
0.270588
0.396078
0.337255
0.545098
0.717647
0.847059
0.976471
0.992157
1.000000
0.988235
0.988235
0.909804
0.611765
0.482353
0.364706
0.360784
0.431373
0.274510
0.376471
0.349020
0.368627
0.250980
0.211765
0.239216
0.360784
0.529412
0.458824
0.431373
0.576471
0.549020
0.482353
0.274510
0.309804
0.458824
0.427451
0.545098
0.631373
0.768627
0.972549
0.992157
0.996078
0.996078
0.984314
0.968627
0.713725
0.556863
0.301961
0.439216
0.415686
0.419608
0.533333
0.407843
0.286275
0.349020
0.486275
0.470588
0.368627
0.513725
0.458824
0.552941
0.470588
0.419608
0.498039
0.439216
0.450980
0.537255
0.635294
0.796078
0.905882
0.933333
0.988235
0.996078
1.000000
0.996078
0.996078
0.956863
0.752941
0.635294
0.392157
0.243137
0.419608
0.529412
0.400000
0.376471
0.376471
0.525490
0.560784
0.505882
0.552941
0.517647
0.384314
0.490196
0.556863
0.427451
0.341176
0.403922
0.545098
0.666667
0.819608
0.909804
0.929412
0.972549
0.996078
0.996078
1.000000
0.988235
0.996078
0.972549
0.827451
0.568627
0.584314
0.239216
0.384314
0.592157
0.611765
0.509804
0.388235
0.521569
0.494118
0.368627
0.466667
0.498039
0.349020
0.368627
0.505882
0.517647
0.380392
0.356863
0.435294
0.674510
0.737255
0.647059
0.678431
0.921569
0.996078
0.996078
1.000000
0.972549
0.988235
0.980392
0.941176
0.619608
0.556863
0.607843
0.376471
0.337255
0.580392
0.560784
0.427451
0.498039
0.490196
0.337255
0.349020
0.415686
0.439216
0.607843
0.603922
0.537255
0.521569
0.454902
0.498039
0.619608
0.607843
0.596078
0.796078
0.941176
0.996078
0.996078
1.000000
0.972549
0.988235
0.984314
0.952941
0.796078
0.494118
0.580392
0.611765
0.372549
0.301961
0.517647
0.537255
0.600000
0.470588
0.352941
0.450980
0.552941
0.635294
0.701961
0.721569
0.654902
0.580392
0.588235
0.619608
0.686275
0.752941
0.847059
0.905882
0.960784
0.992157
0.996078
1.000000
0.992157
0.996078
0.996078
0.972549
0.917647
0.800000
0.654902
0.635294
0.615686
0.443137
0.450980
0.521569
0.560784
0.435294
0.419608
0.611765
0.674510
0.717647
0.709804
0.764706
0.847059
0.823529
0.796078
0.850980
0.929412
0.976471
0.984314
0.980392
0.988235
0.992157
0.996078
1.000000
0.992157
0.992157
0.992157
0.992157
0.984314
0.964706
0.925490
0.866667
0.796078
0.725490
0.698039
0.650980
0.615686
0.662745
0.737255
0.831373
0.878431
0.933333
0.949020
0.945098
0.960784
0.976471
0.984314
0.984314
0.988235
0.988235
0.992157
0.996078
0.992157
0.992157
0.996078
0.996078
1.000000
1.000000
1.000000
0.996078
0.996078
0.984314
0.984314
0.984314
0.968627
0.952941
0.921569
0.905882
0.901961
0.933333
0.964706
0.980392
0.980392
0.980392
0.980392
0.980392
0.984314
0.988235
0.988235
0.988235
0.992157
1.000000
1.000000
1.000000
1.000000
1.000000
1.000000
1.000000
0.988235
0.988235
0.988235
0.988235
0.984314
0.976471
0.976471
0.972549
0.968627
0.972549
0.980392
0.968627
0.960784
0.956863
0.952941
0.956863
0.960784
0.964706
0.964706
0.964706
0.964706
0.964706
0.972549
0.984314
0.984314
0.988235
0.988235
0.992157
0.988235
0.988235
0.988235
0.992157
