0.286275
0.231373
0.235294
0.215686
0.223529
0.211765
0.219608
0.219608
0.227451
0.231373
0.219608
0.235294
0.262745
0.290196
0.250980
0.211765
0.203922
0.203922
0.196078
0.192157
0.192157
0.192157
0.180392
0.188235
0.211765
0.203922
0.223529
0.215686
0.184314
0.180392
0.184314
0.180392
0.286275
0.211765
0.231373
0.235294
0.219608
0.219608
0.219608
0.211765
0.219608
0.219608
0.219608
0.231373
0.235294
0.227451
0.223529
0.215686
0.200000
0.184314
0.172549
0.168627
0.176471
0.180392
0.184314
0.184314
0.184314
0.196078
0.184314
0.176471
0.176471
0.176471
0.176471
0.200000
0.188235
0.203922
0.321569
0.309804
0.211765
0.227451
0.215686
0.223529
0.215686
0.207843
0.223529
0.239216
0.231373
0.227451
0.227451
0.223529
0.200000
0.196078
0.188235
0.172549
0.176471
0.184314
0.196078
0.176471
0.192157
0.294118
0.258824
0.172549
0.176471
0.184314
0.184314
0.176471
0.200000
0.207843
0.286275
0.305882
0.235294
0.227451
0.286275
0.243137
0.192157
0.207843
0.223529
0.239216
0.231373
0.227451
0.227451
0.223529
0.223529
0.223529
0.203922
0.200000
0.196078
0.192157
0.192157
0.184314
0.184314
0.211765
0.211765
0.203922
0.200000
0.188235
0.188235
0.168627
0.184314
0.250980
0.400000
0.250980
0.239216
0.239216
0.247059
0.207843
0.184314
0.203922
0.215686
0.231373
0.235294
0.239216
0.243137
0.223529
0.223529
0.231373
0.215686
0.207843
0.211765
0.207843
0.207843
0.184314
0.274510
0.396078
0.211765
0.215686
0.219608
0.200000
0.180392
0.164706
0.168627
0.247059
0.435294
0.239216
0.227451
0.235294
0.207843
0.188235
0.188235
0.188235
0.219608
0.227451
0.223529
0.227451
0.211765
0.203922
0.211765
0.227451
0.231373
0.227451
0.219608
0.211765
0.219608
0.184314
0.266667
0.396078
0.211765
0.192157
0.196078
0.184314
0.266667
0.286275
0.192157
0.200000
0.211765
0.231373
0.239216
0.231373
0.188235
0.172549
0.172549
0.184314
0.192157
0.188235
0.192157
0.196078
0.184314
0.192157
0.196078
0.200000
0.211765
0.207843
0.203922
0.192157
0.200000
0.196078
0.184314
0.184314
0.184314
0.192157
0.180392
0.196078
0.564706
0.678431
0.235294
0.254902
0.235294
0.223529
0.247059
0.231373
0.203922
0.227451
0.219608
0.184314
0.180392
0.180392
0.184314
0.176471
0.176471
0.168627
0.168627
0.184314
0.215686
0.180392
0.180392
0.200000
0.211765
0.200000
0.188235
0.180392
0.192157
0.200000
0.164706
0.345098
0.529412
0.349020
0.227451
0.262745
0.254902
0.239216
0.250980
0.294118
0.364706
0.415686
0.486275
0.392157
0.211765
0.176471
0.168627
0.176471
0.164706
0.149020
0.164706
0.192157
0.243137
0.180392
0.156863
0.207843
0.262745
0.219608
0.211765
0.215686
0.294118
0.274510
0.203922
0.290196
0.427451
0.352941
0.227451
0.274510
0.301961
0.270588
0.247059
0.305882
0.474510
0.486275
0.576471
0.596078
0.427451
0.294118
0.227451
0.152941
0.137255
0.152941
0.164706
0.168627
0.180392
0.176471
0.164706
0.168627
0.196078
0.184314
0.180392
0.180392
0.262745
0.325490
0.215686
0.180392
0.305882
0.427451
0.231373
0.231373
0.262745
0.254902
0.227451
0.223529
0.274510
0.482353
0.592157
0.556863
0.568627
0.584314
0.537255
0.392157
0.247059
0.176471
0.152941
0.160784
0.164706
0.180392
0.188235
0.196078
0.341176
0.211765
0.168627
0.172549
0.180392
0.294118
0.360784
0.196078
0.164706
0.184314
0.282353
0.231373
0.223529
0.243137
0.243137
0.262745
0.203922
0.498039
0.650980
0.490196
0.525490
0.568627
0.603922
0.623529
0.525490
0.435294
0.309804
0.203922
0.156863
0.149020
0.160784
0.184314
0.282353
0.215686
0.172549
0.172549
0.176471
0.454902
0.662745
0.274510
0.168627
0.184314
0.239216
0.250980
0.235294
0.235294
0.250980
0.254902
0.219608
0.501961
0.603922
0.517647
0.549020
0.556863
0.552941
0.580392
0.607843
0.588235
0.494118
0.356863
0.313725
0.317647
0.294118
0.227451
0.156863
0.160784
0.168627
0.176471
0.180392
0.231373
0.392157
0.294118
0.184314
0.176471
0.196078
0.219608
0.231373
0.231373
0.239216
0.239216
0.223529
0.454902
0.545098
0.470588
0.478431
0.443137
0.415686
0.423529
0.403922
0.423529
0.435294
0.498039
0.478431
0.352941
0.415686
0.349020
0.321569
0.337255
0.349020
0.333333
0.294118
0.262745
0.266667
0.282353
0.298039
0.337255
0.321569
0.247059
0.207843
0.231373
0.227451
0.219608
0.211765
0.309804
0.509804
0.498039
0.368627
0.352941
0.407843
0.443137
0.509804
0.560784
0.619608
0.741176
0.737255
0.545098
0.529412
0.564706
0.490196
0.435294
0.364706
0.301961
0.274510
0.247059
0.227451
0.250980
0.317647
0.411765
0.388235
0.352941
0.313725
0.298039
0.227451
0.196078
0.219608
0.215686
0.333333
0.537255
0.611765
0.670588
0.745098
0.874510
0.862745
0.776471
0.741176
0.674510
0.501961
0.376471
0.321569
0.384314
0.235294
0.164706
0.160784
0.180392
0.192157
0.184314
0.172549
0.372549
0.486275
0.400000
0.384314
0.376471
0.380392
0.396078
0.333333
0.290196
0.211765
0.145098
0.180392
0.258824
0.435294
0.643137
0.701961
0.682353
0.537255
0.396078
0.337255
0.262745
0.160784
0.152941
0.156863
0.160784
0.156863
0.149020
0.164706
0.203922
0.203922
0.192157
0.168627
0.505882
0.749020
0.545098
0.372549
0.352941
0.380392
0.376471
0.356863
0.372549
0.254902
0.094118
0.086275
0.105882
0.152941
0.211765
0.235294
0.274510
0.176471
0.117647
0.149020
0.168627
0.156863
0.160784
0.188235
0.152941
0.145098
0.168627
0.188235
0.211765
0.215686
0.196078
0.160784
0.345098
0.631373
0.466667
0.352941
0.290196
0.368627
0.372549
0.352941
0.372549
0.396078
0.317647
0.200000
0.105882
0.082353
0.070588
0.137255
0.192157
0.137255
0.141176
0.188235
0.298039
0.200000
0.168627
0.184314
0.168627
0.149020
0.176471
0.219608
0.223529
0.188235
0.164706
0.215686
0.392157
0.431373
0.423529
0.352941
0.262745
0.321569
0.372549
0.356863
0.384314
0.415686
0.400000
0.396078
0.384314
0.313725
0.274510
0.301961
0.333333
0.317647
0.239216
0.152941
0.200000
0.176471
0.149020
0.164706
0.156863
0.160784
0.188235
0.215686
0.188235
0.180392
0.176471
0.215686
0.396078
0.309804
0.247059
0.325490
0.274510
0.254902
0.337255
0.349020
0.368627
0.400000
0.407843
0.388235
0.439216
0.466667
0.415686
0.447059
0.435294
0.396078
0.368627
0.203922
0.082353
0.109804
0.113725
0.109804
0.141176
0.141176
0.145098
0.137255
0.129412
0.141176
0.145098
0.125490
0.164706
0.200000
0.180392
0.392157
0.372549
0.301961
0.290196
0.341176
0.337255
0.360784
0.380392
0.388235
0.407843
0.415686
0.388235
0.403922
0.419608
0.443137
0.435294
0.345098
0.180392
0.101961
0.098039
0.101961
0.129412
0.109804
0.109804
0.113725
0.101961
0.109804
0.121569
0.117647
0.121569
0.137255
0.164706
0.415686
0.415686
0.403922
0.352941
0.341176
0.356863
0.356863
0.368627
0.392157
0.415686
0.396078
0.388235
0.364706
0.388235
0.427451
0.443137
0.419608
0.380392
0.227451
0.137255
0.152941
0.145098
0.133333
0.149020
0.133333
0.125490
0.133333
0.125490
0.129412
0.137255
0.149020
0.149020
0.411765
0.443137
0.435294
0.380392
0.309804
0.349020
0.380392
0.337255
0.341176
0.329412
0.345098
0.333333
0.317647
0.329412
0.352941
0.427451
0.443137
0.450980
0.392157
0.223529
0.145098
0.152941
0.152941
0.152941
0.129412
0.137255
0.137255
0.125490
0.141176
0.137255
0.137255
0.117647
0.407843
0.407843
0.396078
0.392157
0.325490
0.352941
0.388235
0.368627
0.262745
0.149020
0.164706
0.184314
0.243137
0.309804
0.313725
0.368627
0.403922
0.384314
0.372549
0.325490
0.239216
0.160784
0.145098
0.133333
0.125490
0.129412
0.137255
0.152941
0.149020
0.156863
0.149020
0.133333
0.376471
0.396078
0.400000
0.403922
0.376471
0.349020
0.368627
0.337255
0.192157
0.098039
0.066667
0.066667
0.098039
0.184314
0.239216
0.239216
0.333333
0.321569
0.329412
0.349020
0.356863
0.247059
0.145098
0.137255
0.125490
0.133333
0.145098
0.149020
0.156863
0.152941
0.152941
0.152941
0.321569
0.403922
0.403922
0.415686
0.419608
0.388235
0.341176
0.223529
0.160784
0.211765
0.113725
0.054902
0.058824
0.078431
0.145098
0.164706
0.231373
0.286275
0.317647
0.345098
0.352941
0.325490
0.243137
0.172549
0.180392
0.200000
0.176471
0.156863
0.152941
0.145098
0.156863
0.243137
0.247059
0.396078
0.415686
0.403922
0.407843
0.396078
0.333333
0.223529
0.141176
0.176471
0.164706
0.082353
0.078431
0.070588
0.054902
0.078431
0.129412
0.203922
0.262745
0.313725
0.345098
0.333333
0.352941
0.286275
0.262745
0.329412
0.376471
0.290196
0.141176
0.141176
0.133333
0.180392
0.203922
0.278431
0.388235
0.392157
0.372549
0.360784
0.341176
0.262745
0.176471
0.145098
0.145098
0.125490
0.105882
0.090196
0.050980
0.027451
0.066667
0.137255
0.223529
0.290196
0.325490
0.325490
0.325490
0.282353
0.286275
0.352941
0.415686
0.364706
0.211765
0.149020
0.145098
0.129412
0.215686
0.215686
0.298039
0.333333
0.349020
0.360784
0.317647
0.219608
0.219608
0.227451
0.192157
0.156863
0.141176
0.109804
0.094118
0.054902
0.027451
0.066667
0.176471
0.290196
0.278431
0.290196
0.294118
0.282353
0.341176
0.356863
0.388235
0.360784
0.258824
0.137255
0.133333
0.145098
0.313725
0.298039
0.329412
0.364706
0.364706
0.356863
0.270588
0.192157
0.231373
0.294118
0.258824
0.231373
0.231373
0.188235
0.203922
0.168627
0.050980
0.019608
0.117647
0.215686
0.203922
0.258824
0.278431
0.317647
0.325490
0.345098
0.396078
0.388235
0.309804
0.160784
0.121569
0.141176
0.337255
0.329412
0.356863
0.400000
0.388235
0.364706
0.266667
0.203922
0.223529
0.250980
0.250980
0.286275
0.301961
0.262745
0.266667
0.254902
0.160784
0.019608
0.082353
0.176471
0.152941
0.243137
0.254902
0.286275
0.294118
0.352941
0.400000
0.411765
0.376471
0.168627
0.113725
0.129412
0.294118
0.250980
0.254902
0.231373
0.243137
0.231373
0.235294
0.235294
0.243137
0.243137
0.235294
0.247059
0.258824
0.274510
0.258824
0.239216
0.239216
0.239216
0.235294
0.235294
0.235294
0.231373
0.219608
0.227451
0.227451
0.223529
0.250980
0.247059
0.215686
0.219608
0.223529
0.219608
0.294118
0.235294
0.254902
0.247059
0.243137
0.247059
0.243137
0.231373
0.239216
0.243137
0.239216
0.243137
0.250980
0.247059
0.243137
0.235294
0.231373
0.223529
0.211765
0.227451
0.223529
0.219608
0.227451
0.223529
0.219608
0.235294
0.211765
0.207843
0.215686
0.215686
0.211765
0.219608
0.223529
0.231373
0.301961
0.282353
0.235294
0.250980
0.239216
0.243137
0.250980
0.247059
0.250980
0.250980
0.247059
0.243137
0.243137
0.239216
0.231373
0.235294
0.235294
0.223529
0.219608
0.223529
0.235294
0.215686
0.223529
0.274510
0.258824
0.215686
0.215686
0.219608
0.219608
0.219608
0.235294
0.235294
0.266667
0.278431
0.243137
0.239216
0.286275
0.262745
0.227451
0.243137
0.250980
0.250980
0.243137
0.243137
0.243137
0.239216
0.243137
0.247059
0.235294
0.231373
0.235294
0.231373
0.231373
0.223529
0.223529
0.231373
0.227451
0.223529
0.227451
0.223529
0.223529
0.207843
0.207843
0.274510
0.411765
0.254902
0.243137
0.250980
0.254902
0.239216
0.219608
0.231373
0.231373
0.239216
0.243137
0.247059
0.254902
0.243137
0.239216
0.250980
0.243137
0.243137
0.247059
0.243137
0.239216
0.223529
0.317647
0.415686
0.235294
0.231373
0.235294
0.227451
0.207843
0.200000
0.188235
0.262745
0.439216
0.254902
0.235294
0.243137
0.227451
0.223529
0.223529
0.219608
0.239216
0.247059
0.243137
0.247059
0.239216
0.235294
0.239216
0.254902
0.250980
0.243137
0.247059
0.247059
0.247059
0.223529
0.301961
0.403922
0.239216
0.223529
0.223529
0.207843
0.270588
0.290196
0.207843
0.200000
0.215686
0.250980
0.243137
0.239216
0.215686
0.207843
0.207843
0.215686
0.231373
0.223529
0.227451
0.231373
0.223529
0.231373
0.239216
0.243137
0.247059
0.243137
0.235294
0.235294
0.235294
0.235294
0.219608
0.215686
0.223529
0.231373
0.215686
0.243137
0.529412
0.623529
0.239216
0.250980
0.243137
0.239216
0.250980
0.243137
0.231373
0.250980
0.254902
0.223529
0.219608
0.219608
0.219608
0.211765
0.215686
0.211765
0.215686
0.231373
0.250980
0.227451
0.223529
0.235294
0.231373
0.231373
0.215686
0.223529
0.227451
0.231373
0.203922
0.349020
0.494118
0.352941
0.235294
0.254902
0.250980
0.247059
0.262745
0.294118
0.329412
0.380392
0.454902
0.376471
0.231373
0.215686
0.207843
0.211765
0.203922
0.192157
0.211765
0.239216
0.282353
0.223529
0.215686
0.235294
0.258824
0.235294
0.223529
0.231373
0.274510
0.254902
0.219608
0.266667
0.356863
0.294118
0.231373
0.262745
0.282353
0.262745
0.250980
0.290196
0.407843
0.439216
0.537255
0.552941
0.407843
0.301961
0.243137
0.196078
0.188235
0.207843
0.223529
0.223529
0.223529
0.223529
0.215686
0.215686
0.219608
0.203922
0.211765
0.223529
0.254902
0.282353
0.219608
0.203922
0.270588
0.341176
0.235294
0.243137
0.274510
0.262745
0.235294
0.235294
0.274510
0.462745
0.560784
0.521569
0.529412
0.549020
0.505882
0.384314
0.254902
0.219608
0.211765
0.215686
0.211765
0.227451
0.231373
0.219608
0.305882
0.247059
0.215686
0.215686
0.207843
0.282353
0.364706
0.227451
0.196078
0.203922
0.258824
0.247059
0.239216
0.250980
0.250980
0.266667
0.227451
0.498039
0.619608
0.454902
0.478431
0.509804
0.556863
0.564706
0.450980
0.403922
0.325490
0.247059
0.207843
0.203922
0.211765
0.219608
0.286275
0.250980
0.215686
0.207843
0.215686
0.400000
0.580392
0.294118
0.207843
0.215686
0.243137
0.254902
0.239216
0.243137
0.258824
0.258824
0.231373
0.490196
0.552941
0.462745
0.490196
0.498039
0.505882
0.517647
0.537255
0.521569
0.447059
0.333333
0.305882
0.325490
0.286275
0.247059
0.196078
0.192157
0.200000
0.211765
0.219608
0.239216
0.372549
0.309804
0.200000
0.207843
0.223529
0.239216
0.250980
0.243137
0.247059
0.247059
0.231373
0.435294
0.478431
0.403922
0.415686
0.384314
0.356863
0.368627
0.337255
0.352941
0.360784
0.423529
0.415686
0.305882
0.349020
0.321569
0.309804
0.313725
0.321569
0.305882
0.270588
0.250980
0.262745
0.270588
0.282353
0.341176
0.313725
0.262745
0.227451
0.239216
0.239216
0.239216
0.231373
0.309804
0.478431
0.454902
0.313725
0.290196
0.345098
0.392157
0.462745
0.517647
0.560784
0.666667
0.674510
0.482353
0.447059
0.478431
0.462745
0.411765
0.345098
0.298039
0.270588
0.243137
0.223529
0.235294
0.305882
0.411765
0.360784
0.337255
0.301961
0.294118
0.239216
0.215686
0.239216
0.231373
0.333333
0.505882
0.572549
0.639216
0.713725
0.847059
0.843137
0.737255
0.694118
0.631373
0.478431
0.364706
0.305882
0.333333
0.247059
0.196078
0.192157
0.219608
0.231373
0.223529
0.207843
0.360784
0.478431
0.400000
0.356863
0.349020
0.356863
0.376471
0.325490
0.286275
0.215686
0.168627
0.196078
0.274510
0.439216
0.627451
0.694118
0.670588
0.517647
0.388235
0.333333
0.270588
0.188235
0.184314
0.192157
0.184314
0.196078
0.188235
0.200000
0.235294
0.235294
0.227451
0.196078
0.450980
0.686275
0.521569
0.337255
0.333333
0.360784
0.356863
0.337255
0.349020
0.247059
0.109804
0.113725
0.137255
0.180392
0.239216
0.239216
0.243137
0.184314
0.164706
0.172549
0.188235
0.184314
0.184314
0.211765
0.192157
0.200000
0.211765
0.223529
0.247059
0.247059
0.223529
0.188235
0.329412
0.541176
0.415686
0.313725
0.266667
0.349020
0.352941
0.333333
0.341176
0.364706
0.298039
0.192157
0.105882
0.090196
0.094118
0.137255
0.184314
0.168627
0.192157
0.211765
0.270588
0.219608
0.211765
0.215686
0.207843
0.207843
0.215686
0.247059
0.262745
0.215686
0.192157
0.227451
0.352941
0.368627
0.376471
0.317647
0.250980
0.301961
0.349020
0.333333
0.356863
0.392157
0.376471
0.368627
0.337255
0.258824
0.227451
0.258824
0.317647
0.309804
0.243137
0.164706
0.203922
0.192157
0.176471
0.192157
0.200000
0.207843
0.227451
0.247059
0.223529
0.211765
0.203922
0.243137
0.341176
0.270588
0.239216
0.294118
0.262745
0.239216
0.317647
0.317647
0.333333
0.372549
0.380392
0.352941
0.376471
0.396078
0.345098
0.376471
0.376471
0.360784
0.337255
0.211765
0.121569
0.141176
0.152941
0.145098
0.176471
0.176471
0.180392
0.176471
0.168627
0.180392
0.184314
0.168627
0.180392
0.192157
0.207843
0.341176
0.329412
0.274510
0.270588
0.305882
0.298039
0.333333
0.352941
0.352941
0.360784
0.376471
0.352941
0.368627
0.368627
0.392157
0.388235
0.317647
0.188235
0.137255
0.137255
0.137255
0.168627
0.149020
0.145098
0.156863
0.156863
0.156863
0.156863
0.149020
0.172549
0.180392
0.200000
0.356863
0.356863
0.352941
0.321569
0.313725
0.329412
0.329412
0.341176
0.341176
0.356863
0.360784
0.360784
0.349020
0.352941
0.380392
0.384314
0.360784
0.341176
0.231373
0.168627
0.188235
0.188235
0.176471
0.184314
0.172549
0.172549
0.176471
0.160784
0.168627
0.176471
0.192157
0.184314
0.349020
0.380392
0.376471
0.341176
0.286275
0.321569
0.352941
0.309804
0.309804
0.294118
0.309804
0.301961
0.301961
0.294118
0.309804
0.368627
0.372549
0.380392
0.345098
0.223529
0.168627
0.188235
0.188235
0.184314
0.164706
0.176471
0.176471
0.164706
0.180392
0.176471
0.176471
0.156863
0.352941
0.345098
0.337255
0.345098
0.294118
0.325490
0.356863
0.341176
0.250980
0.156863
0.168627
0.188235
0.235294
0.282353
0.274510
0.317647
0.349020
0.337255
0.341176
0.317647
0.243137
0.180392
0.172549
0.164706
0.160784
0.168627
0.176471
0.192157
0.192157
0.196078
0.188235
0.168627
0.333333
0.333333
0.337255
0.341176
0.329412
0.313725
0.337255
0.313725
0.188235
0.117647
0.082353
0.078431
0.105882
0.172549
0.215686
0.215686
0.298039
0.294118
0.313725
0.329412
0.341176
0.250980
0.164706
0.168627
0.164706
0.164706
0.180392
0.188235
0.192157
0.188235
0.188235
0.180392
0.294118
0.345098
0.341176
0.352941
0.364706
0.360784
0.325490
0.219608
0.176471
0.231373
0.129412
0.070588
0.078431
0.086275
0.137255
0.152941
0.219608
0.266667
0.294118
0.325490
0.337255
0.317647
0.247059
0.196078
0.207843
0.211765
0.192157
0.180392
0.168627
0.176471
0.192157
0.243137
0.231373
0.345098
0.352941
0.337255
0.349020
0.356863
0.317647
0.227451
0.156863
0.192157
0.176471
0.098039
0.105882
0.086275
0.054902
0.078431
0.133333
0.203922
0.250980
0.301961
0.317647
0.317647
0.329412
0.278431
0.262745
0.305882
0.341176
0.274510
0.160784
0.156863
0.156863
0.192157
0.196078
0.270588
0.337255
0.325490
0.309804
0.301961
0.298039
0.247059
0.172549
0.149020
0.149020
0.133333
0.117647
0.101961
0.058824
0.035294
0.070588
0.145098
0.223529
0.270588
0.298039
0.309804
0.313725
0.270588
0.274510
0.325490
0.368627
0.325490
0.211765
0.168627
0.176471
0.149020
0.215686
0.223529
0.278431
0.282353
0.286275
0.305882
0.282353
0.203922
0.207843
0.207843
0.176471
0.149020
0.141176
0.109804
0.098039
0.058824
0.031373
0.078431
0.176471
0.266667
0.266667
0.278431
0.290196
0.274510
0.321569
0.329412
0.341176
0.321569
0.239216
0.149020
0.160784
0.164706
0.294118
0.286275
0.305882
0.313725
0.301961
0.305882
0.247059
0.196078
0.215686
0.250980
0.227451
0.211765
0.211765
0.164706
0.184314
0.149020
0.058824
0.031373
0.121569
0.211765
0.215686
0.262745
0.270588
0.305882
0.309804
0.317647
0.349020
0.337255
0.286275
0.168627
0.152941
0.172549
0.301961
0.298039
0.317647
0.341176
0.325490
0.305882
0.239216
0.196078
0.200000
0.227451
0.235294
0.258824
0.258824
0.219608
0.231373
0.219608
0.145098
0.027451
0.086275
0.180392
0.164706
0.247059
0.243137
0.274510
0.278431
0.321569
0.352941
0.352941
0.325490
0.168627
0.133333
0.160784
0.250980
0.235294
0.239216
0.223529
0.239216
0.223529
0.231373
0.231373
0.239216
0.239216
0.231373
0.247059
0.258824
0.262745
0.250980
0.231373
0.231373
0.227451
0.219608
0.239216
0.239216
0.227451
0.215686
0.223529
0.215686
0.207843
0.227451
0.239216
0.207843
0.215686
0.219608
0.203922
0.254902
0.219608
0.239216
0.243137
0.239216
0.239216
0.243137
0.231373
0.235294
0.235294
0.235294
0.243137
0.254902
0.235294
0.235294
0.235294
0.235294
0.227451
0.211765
0.231373
0.223529
0.215686
0.223529
0.219608
0.215686
0.227451
0.215686
0.207843
0.200000
0.207843
0.207843
0.207843
0.211765
0.219608
0.250980
0.239216
0.231373
0.250980
0.243137
0.243137
0.239216
0.235294
0.239216
0.247059
0.243137
0.239216
0.247059
0.243137
0.235294
0.239216
0.239216
0.223529
0.215686
0.219608
0.231373
0.211765
0.219608
0.243137
0.223529
0.203922
0.200000
0.207843
0.211765
0.211765
0.223529
0.223529
0.215686
0.211765
0.231373
0.231373
0.262745
0.243137
0.215686
0.231373
0.239216
0.247059
0.239216
0.239216
0.247059
0.243137
0.239216
0.243137
0.231373
0.223529
0.227451
0.227451
0.227451
0.219608
0.223529
0.227451
0.207843
0.219608
0.219608
0.211765
0.211765
0.203922
0.188235
0.250980
0.352941
0.223529
0.223529
0.227451
0.235294
0.223529
0.207843
0.223529
0.227451
0.235294
0.247059
0.250980
0.258824
0.243137
0.239216
0.247059
0.239216
0.235294
0.239216
0.239216
0.239216
0.219608
0.298039
0.368627
0.231373
0.239216
0.235294
0.215686
0.200000
0.196078
0.164706
0.223529
0.360784
0.215686
0.215686
0.231373
0.223529
0.211765
0.207843
0.207843
0.231373
0.243137
0.243137
0.247059
0.239216
0.235294
0.239216
0.254902
0.254902
0.247059
0.243137
0.243137
0.247059
0.219608
0.282353
0.349020
0.223529
0.227451
0.215686
0.203922
0.247059
0.239216
0.184314
0.168627
0.184314
0.211765
0.223529
0.196078
0.180392
0.203922
0.200000
0.207843
0.223529
0.215686
0.223529
0.227451
0.223529
0.227451
0.231373
0.235294
0.243137
0.243137
0.235294
0.227451
0.231373
0.231373
0.223529
0.215686
0.223529
0.223529
0.211765
0.227451
0.447059
0.505882
0.207843
0.219608
0.203922
0.196078
0.243137
0.223529
0.215686
0.223529
0.235294
0.223529
0.223529
0.219608
0.215686
0.211765
0.219608
0.203922
0.200000
0.215686
0.231373
0.211765
0.223529
0.223529
0.223529
0.231373
0.219608
0.219608
0.219608
0.227451
0.215686
0.305882
0.423529
0.309804
0.184314
0.192157
0.200000
0.227451
0.250980
0.262745
0.290196
0.325490
0.400000
0.345098
0.219608
0.219608
0.203922
0.211765
0.207843
0.180392
0.196078
0.223529
0.254902
0.203922
0.211765
0.223529
0.250980
0.223529
0.223529
0.227451
0.254902
0.239216
0.219608
0.235294
0.250980
0.196078
0.188235
0.200000
0.243137
0.247059
0.227451
0.250980
0.333333
0.360784
0.462745
0.494118
0.368627
0.286275
0.235294
0.200000
0.192157
0.200000
0.211765
0.200000
0.203922
0.215686
0.203922
0.203922
0.203922
0.196078
0.211765
0.215686
0.227451
0.258824
0.215686
0.207843
0.203922
0.215686
0.188235
0.211765
0.254902
0.247059
0.215686
0.223529
0.239216
0.392157
0.490196
0.466667
0.474510
0.498039
0.458824
0.352941
0.231373
0.211765
0.211765
0.207843
0.200000
0.211765
0.215686
0.200000
0.231373
0.227451
0.211765
0.211765
0.207843
0.247059
0.329412
0.231373
0.196078
0.200000
0.196078
0.200000
0.207843
0.231373
0.227451
0.247059
0.211765
0.443137
0.545098
0.400000
0.423529
0.439216
0.494118
0.498039
0.388235
0.345098
0.282353
0.215686
0.188235
0.192157
0.203922
0.215686
0.250980
0.239216
0.211765
0.203922
0.211765
0.317647
0.462745
0.282353
0.207843
0.223529
0.219608
0.227451
0.207843
0.215686
0.239216
0.239216
0.215686
0.435294
0.474510
0.396078
0.431373
0.439216
0.443137
0.439216
0.454902
0.450980
0.396078
0.290196
0.278431
0.286275
0.247059
0.223529
0.207843
0.203922
0.215686
0.223529
0.215686
0.235294
0.321569
0.286275
0.211765
0.207843
0.196078
0.219608
0.227451
0.223529
0.227451
0.227451
0.219608
0.380392
0.407843
0.333333
0.345098
0.309804
0.286275
0.301961
0.266667
0.278431
0.294118
0.309804
0.305882
0.227451
0.239216
0.243137
0.247059
0.254902
0.270588
0.258824
0.227451
0.227451
0.235294
0.239216
0.262745
0.321569
0.219608
0.211765
0.207843
0.223529
0.231373
0.223529
0.211765
0.266667
0.392157
0.364706
0.239216
0.211765
0.278431
0.333333
0.384314
0.419608
0.423529
0.392157
0.368627
0.270588
0.203922
0.266667
0.313725
0.309804
0.270588
0.227451
0.219608
0.215686
0.196078
0.196078
0.262745
0.384314
0.243137
0.231373
0.207843
0.211765
0.188235
0.168627
0.223529
0.219608
0.266667
0.411765
0.498039
0.572549
0.662745
0.788235
0.737255
0.607843
0.498039
0.411765
0.333333
0.247059
0.180392
0.231373
0.207843
0.180392
0.176471
0.203922
0.215686
0.215686
0.200000
0.286275
0.403922
0.372549
0.243137
0.227451
0.211765
0.231373
0.207843
0.168627
0.176471
0.145098
0.172549
0.227451
0.380392
0.549020
0.615686
0.584314
0.407843
0.286275
0.231373
0.215686
0.180392
0.160784
0.184314
0.180392
0.188235
0.188235
0.196078
0.235294
0.235294
0.219608
0.176471
0.352941
0.572549
0.447059
0.227451
0.219608
0.239216
0.227451
0.211765
0.211765
0.156863
0.082353
0.101961
0.121569
0.160784
0.200000
0.184314
0.160784
0.137255
0.137255
0.145098
0.168627
0.176471
0.168627
0.196078
0.188235
0.196078
0.207843
0.219608
0.239216
0.235294
0.219608
0.180392
0.274510
0.423529
0.337255
0.207843
0.152941
0.231373
0.227451
0.207843
0.215686
0.239216
0.192157
0.129412
0.082353
0.082353
0.074510
0.105882
0.145098
0.149020
0.192157
0.184314
0.223529
0.203922
0.207843
0.207843
0.207843
0.203922
0.207843
0.243137
0.250980
0.196078
0.184314
0.227451
0.270588
0.282353
0.325490
0.207843
0.133333
0.188235
0.231373
0.215686
0.239216
0.270588
0.247059
0.247059
0.243137
0.184314
0.149020
0.200000
0.278431
0.262745
0.203922
0.149020
0.188235
0.184314
0.168627
0.184314
0.196078
0.211765
0.231373
0.239216
0.211765
0.203922
0.207843
0.239216
0.262745
0.203922
0.219608
0.184314
0.149020
0.125490
0.203922
0.207843
0.227451
0.262745
0.270588
0.239216
0.270588
0.294118
0.243137
0.278431
0.290196
0.250980
0.219608
0.164706
0.152941
0.149020
0.160784
0.164706
0.200000
0.203922
0.196078
0.180392
0.180392
0.200000
0.192157
0.184314
0.164706
0.172549
0.207843
0.239216
0.223529
0.164706
0.156863
0.200000
0.192157
0.223529
0.243137
0.243137
0.250980
0.266667
0.243137
0.262745
0.250980
0.270588
0.262745
0.215686
0.152941
0.149020
0.160784
0.156863
0.188235
0.160784
0.156863
0.172549
0.172549
0.188235
0.180392
0.172549
0.188235
0.196078
0.200000
0.262745
0.262745
0.258824
0.215686
0.203922
0.219608
0.215686
0.231373
0.235294
0.250980
0.247059
0.247059
0.231373
0.235294
0.274510
0.274510
0.250980
0.231373
0.192157
0.180392
0.188235
0.188235
0.168627
0.184314
0.168627
0.172549
0.192157
0.180392
0.188235
0.180392
0.192157
0.192157
0.258824
0.290196
0.286275
0.239216
0.176471
0.207843
0.239216
0.196078
0.207843
0.200000
0.200000
0.192157
0.196078
0.200000
0.207843
0.254902
0.266667
0.278431
0.247059
0.184314
0.160784
0.184314
0.184314
0.196078
0.168627
0.180392
0.188235
0.160784
0.180392
0.188235
0.180392
0.137255
0.258824
0.250980
0.243137
0.247059
0.184314
0.211765
0.243137
0.227451
0.160784
0.090196
0.094118
0.113725
0.149020
0.196078
0.176471
0.203922
0.239216
0.231373
0.227451
0.207843
0.172549
0.160784
0.168627
0.156863
0.145098
0.152941
0.172549
0.196078
0.196078
0.200000
0.192157
0.176471
0.231373
0.235294
0.239216
0.243137
0.227451
0.207843
0.227451
0.207843
0.117647
0.062745
0.027451
0.035294
0.043137
0.098039
0.129412
0.121569
0.188235
0.188235
0.203922
0.215686
0.223529
0.164706
0.145098
0.176471
0.168627
0.176471
0.192157
0.203922
0.192157
0.184314
0.188235
0.192157
0.203922
0.250980
0.243137
0.254902
0.262745
0.258824
0.227451
0.125490
0.109804
0.160784
0.070588
0.027451
0.031373
0.027451
0.074510
0.090196
0.133333
0.168627
0.184314
0.211765
0.219608
0.196078
0.172549
0.172549
0.176471
0.156863
0.156863
0.184314
0.172549
0.172549
0.192157
0.219608
0.149020
0.250980
0.250980
0.235294
0.250980
0.258824
0.215686
0.133333
0.078431
0.109804
0.113725
0.039216
0.050980
0.043137
0.023529
0.043137
0.074510
0.121569
0.160784
0.207843
0.231373
0.207843
0.219608
0.184314
0.156863
0.184314
0.235294
0.203922
0.137255
0.141176
0.149020
0.160784
0.117647
0.180392
0.239216
0.223529
0.211765
0.207843
0.200000
0.145098
0.078431
0.058824
0.074510
0.054902
0.050980
0.050980
0.015686
0.003922
0.031373
0.086275
0.145098
0.192157
0.215686
0.203922
0.192157
0.149020
0.156863
0.211765
0.270588
0.231373
0.156863
0.152941
0.172549
0.145098
0.141176
0.145098
0.188235
0.184314
0.188235
0.211765
0.184314
0.101961
0.101961
0.105882
0.090196
0.062745
0.058824
0.043137
0.031373
0.023529
0.011765
0.039216
0.105882
0.192157
0.180392
0.172549
0.172549
0.160784
0.211765
0.219608
0.247059
0.223529
0.164706
0.125490
0.149020
0.156863
0.203922
0.200000
0.227451
0.227451
0.211765
0.207843
0.145098
0.094118
0.109804
0.141176
0.113725
0.098039
0.101961
0.062745
0.094118
0.082353
0.023529
0.007843
0.070588
0.149020
0.133333
0.160784
0.156863
0.176471
0.196078
0.215686
0.254902
0.243137
0.200000
0.141176
0.141176
0.164706
0.200000
0.203922
0.227451
0.250980
0.235294
0.207843
0.141176
0.090196
0.086275
0.125490
0.133333
0.156863
0.145098
0.105882
0.109804
0.109804
0.070588
0.007843
0.054902
0.113725
0.082353
0.149020
0.129412
0.141176
0.164706
0.223529
0.258824
0.258824
0.243137
0.133333
0.113725
0.164706
