0.003922
0.035294
0.023529
0.003922
0.003922
0.003922
0.007843
0.015686
0.031373
0.047059
0.035294
0.019608
0.035294
0.023529
0.023529
0.027451
0.031373
0.011765
0.023529
0.027451
0.011765
0.019608
0.031373
0.019608
0.023529
0.023529
0.015686
0.019608
0.031373
0.043137
0.094118
0.149020
0.082353
0.039216
0.015686
0.000000
0.000000
0.000000
0.007843
0.015686
0.027451
0.039216
0.023529
0.019608
0.039216
0.039216
0.054902
0.066667
0.109804
0.086275
0.066667
0.058824
0.027451
0.019608
0.031373
0.019608
0.066667
0.086275
0.015686
0.031373
0.023529
0.019608
0.098039
0.160784
0.356863
0.125490
0.007843
0.003922
0.000000
0.003922
0.007843
0.011765
0.015686
0.023529
0.011765
0.011765
0.039216
0.137255
0.258824
0.400000
0.596078
0.592157
0.505882
0.431373
0.274510
0.113725
0.027451
0.019608
0.074510
0.086275
0.023529
0.019608
0.011765
0.007843
0.105882
0.184314
0.337255
0.074510
0.023529
0.003922
0.003922
0.003922
0.007843
0.023529
0.019608
0.015686
0.070588
0.192157
0.431373
0.650980
0.800000
0.878431
0.882353
0.729412
0.545098
0.450980
0.396078
0.337255
0.192157
0.027451
0.050980
0.070588
0.019608
0.007843
0.003922
0.000000
0.109804
0.188235
0.207843
0.043137
0.047059
0.015686
0.000000
0.007843
0.023529
0.003922
0.070588
0.247059
0.533333
0.807843
0.941176
0.976471
0.992157
0.819608
0.486275
0.317647
0.282353
0.207843
0.317647
0.290196
0.294118
0.184314
0.082353
0.090196
0.062745
0.058824
0.019608
0.011765
0.105882
0.180392
0.360784
0.090196
0.094118
0.039216
0.035294
0.015686
0.035294
0.223529
0.549020
0.807843
0.909804
0.941176
0.941176
0.937255
0.678431
0.298039
0.333333
0.400000
0.411765
0.266667
0.466667
0.513725
0.298039
0.247059
0.200000
0.090196
0.070588
0.066667
0.047059
0.015686
0.101961
0.180392
0.349020
0.149020
0.125490
0.047059
0.094118
0.129412
0.301961
0.686275
0.866667
0.890196
0.894118
0.894118
0.917647
0.937255
0.670588
0.478431
0.474510
0.419608
0.419608
0.290196
0.556863
0.580392
0.396078
0.321569
0.258824
0.145098
0.054902
0.043137
0.086275
0.039216
0.094118
0.176471
0.156863
0.219608
0.301961
0.286275
0.380392
0.490196
0.670588
0.800000
0.815686
0.831373
0.858824
0.886275
0.909804
0.933333
0.921569
0.886275
0.811765
0.729412
0.588235
0.419608
0.560784
0.556863
0.513725
0.513725
0.352941
0.219608
0.086275
0.121569
0.337255
0.160784
0.094118
0.176471
0.074510
0.356863
0.517647
0.560784
0.623529
0.658824
0.643137
0.631373
0.545098
0.513725
0.509804
0.615686
0.854902
0.898039
0.909804
0.925490
0.933333
0.941176
0.886275
0.780392
0.576471
0.490196
0.501961
0.505882
0.443137
0.266667
0.137255
0.211765
0.560784
0.360784
0.129412
0.180392
0.117647
0.470588
0.572549
0.615686
0.549020
0.400000
0.278431
0.250980
0.196078
0.203922
0.231373
0.552941
0.843137
0.862745
0.878431
0.886275
0.890196
0.890196
0.898039
0.901961
0.635294
0.474510
0.501961
0.525490
0.533333
0.415686
0.294118
0.415686
0.615686
0.513725
0.207843
0.176471
0.188235
0.537255
0.623529
0.643137
0.298039
0.207843
0.211765
0.211765
0.309804
0.309804
0.533333
0.807843
0.831373
0.831373
0.847059
0.854902
0.858824
0.862745
0.858824
0.862745
0.780392
0.643137
0.705882
0.729412
0.709804
0.584314
0.549020
0.588235
0.533333
0.560784
0.337255
0.164706
0.282353
0.486275
0.607843
0.556863
0.227451
0.258824
0.305882
0.309804
0.376471
0.537255
0.772549
0.792157
0.788235
0.803922
0.839216
0.839216
0.823529
0.823529
0.823529
0.847059
0.760784
0.572549
0.643137
0.666667
0.603922
0.568627
0.525490
0.501961
0.443137
0.572549
0.466667
0.200000
0.368627
0.501961
0.588235
0.541176
0.317647
0.333333
0.360784
0.419608
0.541176
0.713725
0.749020
0.745098
0.752941
0.772549
0.803922
0.784314
0.768627
0.776471
0.792157
0.815686
0.741176
0.509804
0.478431
0.541176
0.501961
0.521569
0.505882
0.423529
0.411765
0.564706
0.423529
0.184314
0.419608
0.533333
0.564706
0.580392
0.545098
0.584314
0.607843
0.635294
0.690196
0.717647
0.709804
0.713725
0.721569
0.725490
0.701961
0.600000
0.576471
0.709804
0.768627
0.788235
0.764706
0.490196
0.376471
0.439216
0.450980
0.478431
0.486275
0.419608
0.443137
0.533333
0.337255
0.109804
0.376471
0.431373
0.501961
0.560784
0.572549
0.588235
0.600000
0.615686
0.639216
0.662745
0.670588
0.678431
0.682353
0.678431
0.486275
0.192157
0.149020
0.435294
0.737255
0.772549
0.776471
0.482353
0.270588
0.309804
0.301961
0.333333
0.439216
0.545098
0.517647
0.505882
0.333333
0.086275
0.247059
0.176471
0.282353
0.505882
0.533333
0.541176
0.556863
0.580392
0.611765
0.627451
0.635294
0.647059
0.654902
0.560784
0.141176
0.027451
0.019608
0.098039
0.615686
0.772549
0.788235
0.482353
0.164706
0.125490
0.078431
0.094118
0.352941
0.588235
0.537255
0.521569
0.317647
0.078431
0.231373
0.047059
0.137255
0.439216
0.494118
0.501961
0.517647
0.541176
0.580392
0.600000
0.607843
0.623529
0.627451
0.333333
0.043137
0.137255
0.101961
0.019608
0.407843
0.760784
0.764706
0.568627
0.317647
0.203922
0.011765
0.007843
0.313725
0.517647
0.494118
0.525490
0.290196
0.078431
0.278431
0.074510
0.200000
0.431373
0.474510
0.486275
0.501961
0.521569
0.556863
0.576471
0.588235
0.607843
0.549020
0.156863
0.101961
0.145098
0.137255
0.066667
0.266667
0.717647
0.701961
0.721569
0.768627
0.439216
0.011765
0.007843
0.305882
0.478431
0.490196
0.505882
0.254902
0.078431
0.317647
0.113725
0.278431
0.447059
0.454902
0.474510
0.490196
0.501961
0.529412
0.552941
0.576471
0.600000
0.423529
0.090196
0.121569
0.109804
0.121569
0.117647
0.192157
0.654902
0.670588
0.772549
0.866667
0.494118
0.019608
0.027451
0.286275
0.525490
0.537255
0.482353
0.215686
0.086275
0.380392
0.337255
0.396078
0.443137
0.435294
0.462745
0.474510
0.486275
0.505882
0.537255
0.560784
0.584314
0.301961
0.078431
0.109804
0.054902
0.054902
0.113725
0.172549
0.607843
0.670588
0.772549
0.803922
0.490196
0.137255
0.133333
0.309804
0.494118
0.529412
0.462745
0.168627
0.109804
0.286275
0.443137
0.513725
0.447059
0.423529
0.439216
0.454902
0.466667
0.486275
0.529412
0.552941
0.556863
0.203922
0.082353
0.137255
0.082353
0.086275
0.094118
0.180392
0.588235
0.678431
0.650980
0.564706
0.494118
0.400000
0.321569
0.313725
0.380392
0.372549
0.364706
0.137255
0.152941
0.176471
0.298039
0.388235
0.403922
0.415686
0.419608
0.447059
0.462745
0.486275
0.521569
0.552941
0.521569
0.129412
0.062745
0.152941
0.117647
0.082353
0.050980
0.192157
0.576471
0.643137
0.619608
0.592157
0.592157
0.466667
0.258824
0.243137
0.290196
0.156863
0.149020
0.101961
0.129412
0.207843
0.192157
0.262745
0.317647
0.360784
0.392157
0.427451
0.447059
0.470588
0.509804
0.545098
0.482353
0.082353
0.043137
0.078431
0.133333
0.101961
0.109804
0.219608
0.552941
0.584314
0.576471
0.556863
0.494118
0.286275
0.105882
0.105882
0.070588
0.023529
0.019608
0.027451
0.027451
0.290196
0.082353
0.109804
0.196078
0.298039
0.356863
0.380392
0.400000
0.423529
0.474510
0.525490
0.439216
0.050980
0.035294
0.047059
0.164706
0.145098
0.137255
0.239216
0.525490
0.521569
0.466667
0.376471
0.247059
0.082353
0.031373
0.027451
0.003922
0.007843
0.007843
0.003922
0.003922
0.356863
0.086275
0.011765
0.058824
0.227451
0.356863
0.376471
0.396078
0.419608
0.454902
0.505882
0.392157
0.027451
0.039216
0.094118
0.172549
0.094118
0.078431
0.247059
0.419608
0.325490
0.219608
0.117647
0.039216
0.011765
0.015686
0.015686
0.007843
0.011765
0.011765
0.031373
0.023529
0.345098
0.078431
0.007843
0.015686
0.109804
0.294118
0.372549
0.403922
0.427451
0.454902
0.494118
0.356863
0.015686
0.062745
0.117647
0.105882
0.078431
0.156863
0.192157
0.164706
0.074510
0.035294
0.015686
0.003922
0.003922
0.003922
0.011765
0.015686
0.011765
0.011765
0.050980
0.058824
0.207843
0.027451
0.039216
0.043137
0.047059
0.117647
0.207843
0.282353
0.349020
0.400000
0.443137
0.301961
0.007843
0.062745
0.086275
0.066667
0.094118
0.321569
0.129412
0.011765
0.003922
0.003922
0.003922
0.000000
0.003922
0.003922
0.027451
0.047059
0.039216
0.031373
0.050980
0.066667
0.094118
0.031373
0.066667
0.086275
0.082353
0.043137
0.035294
0.062745
0.117647
0.168627
0.196078
0.121569
0.003922
0.027451
0.043137
0.062745
0.066667
0.313725
0.058824
0.003922
0.000000
0.000000
0.015686
0.019608
0.000000
0.007843
0.054902
0.086275
0.058824
0.047059
0.043137
0.058824
0.086275
0.050980
0.058824
0.047059
0.027451
0.015686
0.011765
0.007843
0.023529
0.054902
0.047059
0.023529
0.000000
0.011765
0.058824
0.109804
0.168627
0.200000
0.003922
0.003922
0.007843
0.023529
0.058824
0.058824
0.035294
0.054902
0.094118
0.101961
0.066667
0.047059
0.054902
0.066667
0.109804
0.039216
0.019608
0.003922
0.000000
0.003922
0.031373
0.035294
0.035294
0.054902
0.047059
0.015686
0.003922
0.003922
0.066667
0.203922
0.266667
0.090196
0.000000
0.023529
0.043137
0.058824
0.074510
0.082353
0.117647
0.129412
0.113725
0.105882
0.086275
0.058824
0.070588
0.098039
0.145098
0.023529
0.007843
0.003922
0.000000
0.015686
0.133333
0.176471
0.168627
0.184314
0.188235
0.062745
0.007843
0.000000
0.015686
0.105882
0.101961
0.019608
0.027451
0.047059
0.058824
0.062745
0.094118
0.125490
0.149020
0.141176
0.129412
0.129412
0.117647
0.070588
0.074510
0.090196
0.254902
0.062745
0.007843
0.007843
0.007843
0.019608
0.090196
0.113725
0.109804
0.105882
0.109804
0.047059
0.015686
0.007843
0.007843
0.003922
0.003922
0.031373
0.047059
0.047059
0.058824
0.078431
0.129412
0.149020
0.149020
0.149020
0.149020
0.184314
0.172549
0.094118
0.090196
0.086275
0.007843
0.027451
0.015686
0.003922
0.003922
0.003922
0.007843
0.015686
0.035294
0.047059
0.035294
0.019608
0.035294
0.019608
0.015686
0.019608
0.027451
0.003922
0.015686
0.023529
0.015686
0.019608
0.031373
0.019608
0.023529
0.023529
0.015686
0.019608
0.031373
0.043137
0.090196
0.156863
0.074510
0.035294
0.007843
0.000000
0.000000
0.000000
0.007843
0.015686
0.027451
0.039216
0.019608
0.015686
0.035294
0.035294
0.047059
0.062745
0.105882
0.086275
0.062745
0.050980
0.023529
0.015686
0.031373
0.019608
0.066667
0.086275
0.015686
0.031373
0.023529
0.019608
0.094118
0.164706
0.337255
0.121569
0.003922
0.003922
0.000000
0.003922
0.007843
0.011765
0.015686
0.019608
0.007843
0.007843
0.035294
0.133333
0.254902
0.396078
0.596078
0.592157
0.505882
0.427451
0.270588
0.113725
0.027451
0.015686
0.070588
0.082353
0.019608
0.019608
0.011765
0.007843
0.101961
0.184314
0.321569
0.070588
0.019608
0.003922
0.003922
0.003922
0.007843
0.023529
0.019608
0.011765
0.062745
0.184314
0.423529
0.647059
0.796078
0.874510
0.882353
0.729412
0.545098
0.450980
0.400000
0.341176
0.196078
0.019608
0.039216
0.058824
0.015686
0.007843
0.003922
0.000000
0.101961
0.184314
0.200000
0.043137
0.039216
0.015686
0.000000
0.007843
0.023529
0.007843
0.074510
0.239216
0.521569
0.796078
0.933333
0.976471
0.992157
0.815686
0.482353
0.313725
0.274510
0.211765
0.329412
0.305882
0.305882
0.172549
0.066667
0.074510
0.058824
0.062745
0.019608
0.015686
0.098039
0.168627
0.364706
0.090196
0.090196
0.039216
0.031373
0.011765
0.031373
0.223529
0.552941
0.803922
0.901961
0.933333
0.937255
0.933333
0.674510
0.298039
0.329412
0.392157
0.403922
0.274510
0.490196
0.541176
0.321569
0.243137
0.192157
0.074510
0.062745
0.066667
0.047059
0.019608
0.094118
0.168627
0.349020
0.145098
0.121569
0.043137
0.094118
0.125490
0.286275
0.682353
0.854902
0.878431
0.886275
0.894118
0.913725
0.929412
0.658824
0.466667
0.466667
0.415686
0.415686
0.298039
0.588235
0.627451
0.443137
0.352941
0.266667
0.129412
0.035294
0.035294
0.098039
0.035294
0.082353
0.168627
0.152941
0.211765
0.298039
0.282353
0.380392
0.486275
0.658824
0.800000
0.807843
0.815686
0.843137
0.874510
0.905882
0.925490
0.909804
0.874510
0.803922
0.725490
0.592157
0.431373
0.592157
0.611765
0.560784
0.552941
0.368627
0.207843
0.070588
0.113725
0.360784
0.156863
0.082353
0.164706
0.074510
0.349020
0.509804
0.552941
0.619608
0.650980
0.631373
0.627451
0.529412
0.482353
0.478431
0.592157
0.843137
0.894118
0.901961
0.917647
0.933333
0.945098
0.894118
0.796078
0.603922
0.537255
0.545098
0.541176
0.462745
0.266667
0.137255
0.211765
0.592157
0.364706
0.117647
0.164706
0.113725
0.466667
0.560784
0.600000
0.529412
0.376471
0.254902
0.231373
0.164706
0.152941
0.184314
0.525490
0.831373
0.858824
0.874510
0.882353
0.894118
0.898039
0.913725
0.917647
0.662745
0.513725
0.537255
0.556863
0.552941
0.423529
0.305882
0.423529
0.643137
0.517647
0.192157
0.160784
0.176471
0.529412
0.619608
0.627451
0.270588
0.168627
0.188235
0.196078
0.282353
0.258824
0.486275
0.780392
0.819608
0.831373
0.839216
0.854902
0.866667
0.878431
0.878431
0.878431
0.803922
0.678431
0.737255
0.756863
0.729412
0.603922
0.572549
0.600000
0.564706
0.568627
0.321569
0.145098
0.266667
0.482353
0.607843
0.552941
0.207843
0.231373
0.294118
0.309804
0.360784
0.501961
0.745098
0.776471
0.784314
0.803922
0.835294
0.835294
0.831373
0.839216
0.843137
0.858824
0.776471
0.603922
0.666667
0.690196
0.623529
0.596078
0.556863
0.525490
0.478431
0.580392
0.454902
0.176471
0.345098
0.501961
0.596078
0.545098
0.309804
0.321569
0.349020
0.423529
0.537255
0.698039
0.737255
0.741176
0.749020
0.772549
0.800000
0.788235
0.780392
0.792157
0.811765
0.827451
0.756863
0.533333
0.494118
0.552941
0.517647
0.541176
0.533333
0.454902
0.447059
0.572549
0.415686
0.168627
0.376471
0.529412
0.568627
0.580392
0.545098
0.576471
0.596078
0.635294
0.701961
0.713725
0.698039
0.705882
0.713725
0.725490
0.705882
0.607843
0.588235
0.725490
0.788235
0.803922
0.780392
0.494118
0.372549
0.447059
0.454902
0.478431
0.505882
0.450980
0.462745
0.541176
0.341176
0.105882
0.305882
0.400000
0.482353
0.549020
0.568627
0.588235
0.592157
0.611765
0.639216
0.662745
0.662745
0.674510
0.682353
0.674510
0.486275
0.192157
0.152941
0.447059
0.752941
0.784314
0.792157
0.490196
0.266667
0.309804
0.294118
0.321569
0.458824
0.584314
0.541176
0.521569
0.337255
0.082353
0.164706
0.137255
0.247059
0.478431
0.521569
0.545098
0.556863
0.576471
0.600000
0.623529
0.635294
0.647059
0.654902
0.556863
0.141176
0.023529
0.015686
0.101961
0.627451
0.780392
0.803922
0.494118
0.164706
0.117647
0.066667
0.074510
0.376471
0.639216
0.568627
0.541176
0.321569
0.074510
0.172549
0.027451
0.105882
0.403922
0.478431
0.498039
0.513725
0.533333
0.564706
0.596078
0.611765
0.627451
0.627451
0.329412
0.039216
0.129412
0.094118
0.015686
0.419608
0.768627
0.780392
0.588235
0.321569
0.200000
0.003922
0.000000
0.341176
0.568627
0.529412
0.549020
0.290196
0.070588
0.239216
0.070588
0.176471
0.396078
0.450980
0.466667
0.486275
0.505882
0.545098
0.576471
0.592157
0.611765
0.549020
0.152941
0.094118
0.137255
0.129412
0.058824
0.274510
0.725490
0.721569
0.749020
0.780392
0.443137
0.011765
0.003922
0.333333
0.521569
0.517647
0.521569
0.254902
0.074510
0.278431
0.105882
0.258824
0.415686
0.423529
0.439216
0.458824
0.482353
0.525490
0.560784
0.580392
0.607843
0.427451
0.082353
0.109804
0.109804
0.113725
0.109804
0.196078
0.662745
0.690196
0.803922
0.886275
0.505882
0.027451
0.031373
0.309804
0.556863
0.556863
0.494118
0.215686
0.078431
0.333333
0.317647
0.376471
0.415686
0.384314
0.407843
0.431373
0.458824
0.501961
0.541176
0.568627
0.596078
0.305882
0.066667
0.101961
0.062745
0.054902
0.101961
0.172549
0.619608
0.686275
0.796078
0.819608
0.509804
0.149020
0.133333
0.317647
0.513725
0.537255
0.466667
0.164706
0.086275
0.243137
0.400000
0.466667
0.396078
0.352941
0.376471
0.407843
0.435294
0.474510
0.521569
0.552941
0.572549
0.207843
0.074510
0.137255
0.094118
0.094118
0.078431
0.172549
0.600000
0.690196
0.666667
0.584314
0.513725
0.411765
0.313725
0.301961
0.388235
0.380392
0.360784
0.125490
0.121569
0.121569
0.215686
0.278431
0.301961
0.333333
0.360784
0.388235
0.419608
0.458824
0.509804
0.549020
0.537255
0.133333
0.054902
0.149020
0.125490
0.094118
0.043137
0.188235
0.584314
0.658824
0.639216
0.623529
0.627451
0.482353
0.254902
0.231373
0.298039
0.164706
0.141176
0.090196
0.101961
0.121569
0.105882
0.149020
0.203922
0.254902
0.301961
0.345098
0.384314
0.423529
0.486275
0.537255
0.490196
0.086275
0.039216
0.078431
0.141176
0.109804
0.105882
0.219608
0.564706
0.600000
0.596078
0.580392
0.525490
0.301961
0.101961
0.098039
0.078431
0.027451
0.015686
0.019608
0.011765
0.160784
0.027451
0.054902
0.121569
0.188235
0.227451
0.266667
0.309804
0.356863
0.435294
0.509804
0.443137
0.054902
0.031373
0.047059
0.168627
0.152941
0.141176
0.239216
0.537255
0.541176
0.474510
0.384314
0.258824
0.086275
0.019608
0.019608
0.011765
0.015686
0.007843
0.003922
0.000000
0.203922
0.054902
0.003922
0.027451
0.137255
0.211765
0.247059
0.286275
0.329412
0.403922
0.486275
0.396078
0.031373
0.035294
0.094118
0.176471
0.098039
0.086275
0.247059
0.431373
0.341176
0.223529
0.113725
0.043137
0.011765
0.007843
0.015686
0.015686
0.015686
0.015686
0.031373
0.023529
0.196078
0.050980
0.011765
0.007843
0.058824
0.180392
0.235294
0.282353
0.329412
0.392157
0.466667
0.356863
0.015686
0.062745
0.117647
0.109804
0.082353
0.172549
0.200000
0.172549
0.086275
0.035294
0.015686
0.007843
0.007843
0.003922
0.015686
0.019608
0.015686
0.015686
0.050980
0.058824
0.113725
0.019608
0.043137
0.043137
0.031373
0.074510
0.133333
0.200000
0.266667
0.337255
0.407843
0.286275
0.007843
0.062745
0.090196
0.078431
0.109804
0.341176
0.133333
0.011765
0.007843
0.007843
0.007843
0.003922
0.007843
0.003922
0.031373
0.050980
0.039216
0.035294
0.054902
0.070588
0.050980
0.043137
0.070588
0.082353
0.082353
0.039216
0.019608
0.035294
0.070588
0.117647
0.160784
0.109804
0.007843
0.027451
0.047059
0.070588
0.082353
0.329412
0.070588
0.000000
0.003922
0.003922
0.019608
0.023529
0.003922
0.011765
0.062745
0.090196
0.058824
0.047059
0.050980
0.062745
0.054902
0.066667
0.054902
0.047059
0.027451
0.015686
0.019608
0.007843
0.007843
0.031373
0.039216
0.031373
0.011765
0.011765
0.062745
0.117647
0.180392
0.215686
0.007843
0.000000
0.007843
0.031373
0.070588
0.070588
0.047059
0.070588
0.109804
0.109804
0.074510
0.050980
0.058824
0.070588
0.078431
0.054902
0.011765
0.003922
0.000000
0.003922
0.035294
0.035294
0.031373
0.039216
0.039216
0.015686
0.007843
0.003922
0.070588
0.211765
0.274510
0.098039
0.007843
0.023529
0.043137
0.062745
0.082353
0.098039
0.133333
0.145098
0.129412
0.125490
0.098039
0.066667
0.074510
0.101961
0.086275
0.019608
0.003922
0.003922
0.000000
0.015686
0.133333
0.172549
0.156863
0.172549
0.172549
0.050980
0.000000
0.000000
0.019608
0.113725
0.105882
0.023529
0.031373
0.047059
0.058824
0.066667
0.101961
0.137255
0.160784
0.152941
0.145098
0.145098
0.129412
0.074510
0.074510
0.094118
0.152941
0.031373
0.007843
0.007843
0.007843
0.015686
0.078431
0.101961
0.094118
0.094118
0.098039
0.035294
0.007843
0.011765
0.011765
0.011765
0.007843
0.031373
0.050980
0.050980
0.054902
0.082353
0.133333
0.152941
0.156863
0.156863
0.160784
0.192157
0.172549
0.094118
0.090196
0.090196
0.003922
0.027451
0.015686
0.003922
0.003922
0.003922
0.007843
0.015686
0.027451
0.050980
0.043137
0.027451
0.039216
0.023529
0.019608
0.023529
0.027451
0.011765
0.027451
0.031373
0.019608
0.023529
0.035294
0.019608
0.023529
0.023529
0.015686
0.019608
0.031373
0.050980
0.086275
0.184314
0.066667
0.035294
0.007843
0.000000
0.000000
0.000000
0.007843
0.019608
0.035294
0.047059
0.027451
0.023529
0.043137
0.035294
0.047059
0.058824
0.086275
0.070588
0.050980
0.054902
0.031373
0.019608
0.031373
0.015686
0.062745
0.082353
0.015686
0.031373
0.023529
0.023529
0.090196
0.196078
0.317647
0.113725
0.007843
0.003922
0.000000
0.003922
0.007843
0.015686
0.023529
0.027451
0.007843
0.007843
0.035294
0.125490
0.243137
0.380392
0.560784
0.552941
0.474510
0.411765
0.262745
0.098039
0.015686
0.011765
0.066667
0.078431
0.019608
0.019608
0.011765
0.011765
0.098039
0.211765
0.290196
0.062745
0.023529
0.003922
0.003922
0.003922
0.007843
0.019608
0.015686
0.003922
0.047059
0.172549
0.407843
0.627451
0.780392
0.854902
0.847059
0.694118
0.517647
0.435294
0.388235
0.317647
0.172549
0.015686
0.031373
0.050980
0.015686
0.007843
0.003922
0.003922
0.101961
0.207843
0.160784
0.027451
0.039216
0.011765
0.000000
0.007843
0.027451
0.000000
0.047059
0.207843
0.490196
0.764706
0.905882
0.949020
0.964706
0.788235
0.458824
0.294118
0.266667
0.223529
0.352941
0.309804
0.298039
0.160784
0.054902
0.062745
0.054902
0.062745
0.019608
0.015686
0.098039
0.192157
0.317647
0.082353
0.098039
0.043137
0.039216
0.023529
0.035294
0.196078
0.501961
0.749020
0.854902
0.886275
0.890196
0.901961
0.643137
0.270588
0.317647
0.396078
0.415686
0.313725
0.556863
0.596078
0.349020
0.247059
0.180392
0.058824
0.058824
0.066667
0.054902
0.023529
0.098039
0.192157
0.317647
0.168627
0.152941
0.050980
0.098039
0.121569
0.247059
0.607843
0.780392
0.796078
0.815686
0.831373
0.854902
0.890196
0.627451
0.450980
0.462745
0.435294
0.435294
0.337255
0.666667
0.701961
0.490196
0.388235
0.258824
0.094118
0.035294
0.035294
0.109804
0.050980
0.094118
0.192157
0.137255
0.211765
0.286275
0.235294
0.305882
0.384314
0.529412
0.678431
0.686275
0.698039
0.756863
0.807843
0.835294
0.866667
0.870588
0.850980
0.788235
0.729412
0.596078
0.443137
0.650980
0.682353
0.615686
0.603922
0.364706
0.176471
0.050980
0.105882
0.364706
0.149020
0.082353
0.184314
0.050980
0.294118
0.419608
0.439216
0.478431
0.498039
0.517647
0.572549
0.466667
0.403922
0.407843
0.521569
0.760784
0.815686
0.847059
0.866667
0.886275
0.909804
0.866667
0.772549
0.627451
0.596078
0.600000
0.584314
0.466667
0.247059
0.098039
0.203922
0.592157
0.305882
0.098039
0.180392
0.086275
0.368627
0.423529
0.462745
0.423529
0.298039
0.235294
0.298039
0.219608
0.172549
0.164706
0.447059
0.717647
0.760784
0.803922
0.815686
0.819608
0.831373
0.850980
0.862745
0.650980
0.556863
0.580392
0.588235
0.572549
0.423529
0.282353
0.450980
0.670588
0.447059
0.145098
0.168627
0.145098
0.423529
0.466667
0.505882
0.235294
0.184314
0.188235
0.247059
0.341176
0.305882
0.474510
0.682353
0.682353
0.725490
0.772549
0.772549
0.780392
0.784314
0.792157
0.800000
0.764706
0.701961
0.764706
0.780392
0.756863
0.619608
0.584314
0.658824
0.615686
0.501961
0.250980
0.145098
0.231373
0.388235
0.474510
0.439216
0.176471
0.239216
0.262745
0.290196
0.364706
0.478431
0.654902
0.647059
0.650980
0.701961
0.772549
0.756863
0.741176
0.733333
0.749020
0.776471
0.725490
0.607843
0.678431
0.705882
0.662745
0.627451
0.588235
0.572549
0.513725
0.509804
0.364706
0.168627
0.286275
0.411765
0.474510
0.427451
0.227451
0.258824
0.282353
0.356863
0.505882
0.611765
0.592157
0.596078
0.623529
0.662745
0.725490
0.701961
0.686275
0.682353
0.709804
0.733333
0.694118
0.533333
0.498039
0.564706
0.552941
0.572549
0.568627
0.490196
0.462745
0.494118
0.329412
0.152941
0.274510
0.419608
0.447059
0.458824
0.415686
0.447059
0.466667
0.509804
0.615686
0.607843
0.560784
0.560784
0.576471
0.603922
0.603922
0.521569
0.509804
0.627451
0.678431
0.701961
0.713725
0.513725
0.388235
0.454902
0.470588
0.490196
0.529412
0.498039
0.494118
0.466667
0.274510
0.086275
0.184314
0.278431
0.360784
0.423529
0.439216
0.458824
0.458824
0.478431
0.533333
0.549020
0.533333
0.529412
0.541176
0.560784
0.411765
0.152941
0.121569
0.384314
0.654902
0.682353
0.721569
0.509804
0.286275
0.313725
0.298039
0.321569
0.482353
0.639216
0.588235
0.447059
0.274510
0.062745
0.050980
0.043137
0.141176
0.349020
0.400000
0.427451
0.435294
0.450980
0.482353
0.501961
0.501961
0.509804
0.525490
0.466667
0.117647
0.043137
0.031373
0.086275
0.549020
0.678431
0.729412
0.509804
0.192157
0.129412
0.066667
0.070588
0.400000
0.701961
0.623529
0.470588
0.266667
0.058824
0.078431
0.000000
0.027451
0.262745
0.356863
0.384314
0.396078
0.411765
0.443137
0.466667
0.482353
0.498039
0.509804
0.274510
0.062745
0.192157
0.145098
0.035294
0.364706
0.670588
0.701961
0.596078
0.356863
0.215686
0.000000
0.000000
0.364706
0.639216
0.588235
0.474510
0.243137
0.066667
0.152941
0.039216
0.098039
0.239216
0.317647
0.345098
0.364706
0.392157
0.419608
0.443137
0.462745
0.490196
0.450980
0.141176
0.152941
0.211765
0.192157
0.101961
0.235294
0.627451
0.635294
0.749020
0.827451
0.474510
0.007843
0.000000
0.349020
0.592157
0.576471
0.447059
0.215686
0.078431
0.176471
0.062745
0.172549
0.247059
0.270588
0.298039
0.333333
0.376471
0.407843
0.427451
0.454902
0.486275
0.349020
0.105882
0.184314
0.168627
0.172549
0.160784
0.172549
0.568627
0.600000
0.803922
0.945098
0.556863
0.031373
0.031373
0.317647
0.619608
0.607843
0.411765
0.180392
0.090196
0.231373
0.231373
0.266667
0.243137
0.207843
0.247059
0.286275
0.341176
0.388235
0.419608
0.447059
0.478431
0.258824
0.117647
0.176471
0.098039
0.101961
0.141176
0.152941
0.525490
0.592157
0.792157
0.890196
0.568627
0.149020
0.109804
0.270588
0.537255
0.564706
0.372549
0.137255
0.094118
0.160784
0.274510
0.317647
0.219608
0.160784
0.207843
0.243137
0.298039
0.360784
0.407843
0.443137
0.454902
0.184314
0.129412
0.200000
0.117647
0.133333
0.101961
0.156863
0.509804
0.600000
0.635294
0.615686
0.533333
0.380392
0.235294
0.196078
0.364706
0.376471
0.266667
0.113725
0.117647
0.047059
0.086275
0.113725
0.117647
0.145098
0.196078
0.215686
0.270588
0.333333
0.392157
0.435294
0.427451
0.109804
0.098039
0.211765
0.164706
0.137255
0.070588
0.180392
0.509804
0.572549
0.556863
0.556863
0.568627
0.396078
0.141176
0.137255
0.270588
0.156863
0.086275
0.086275
0.098039
0.047059
0.027451
0.027451
0.043137
0.074510
0.117647
0.164706
0.219608
0.282353
0.356863
0.419608
0.388235
0.066667
0.062745
0.133333
0.196078
0.160784
0.145098
0.227451
0.498039
0.521569
0.509804
0.501961
0.454902
0.227451
0.031373
0.054902
0.062745
0.019608
0.003922
0.027451
0.015686
0.070588
0.007843
0.015686
0.031373
0.031373
0.023529
0.078431
0.137255
0.196078
0.294118
0.388235
0.349020
0.043137
0.047059
0.098039
0.239216
0.211765
0.196078
0.266667
0.478431
0.478431
0.443137
0.364706
0.243137
0.078431
0.027451
0.023529
0.000000
0.007843
0.011765
0.011765
0.003922
0.090196
0.027451
0.003922
0.007843
0.035294
0.023529
0.050980
0.101961
0.152941
0.250980
0.360784
0.309804
0.027451
0.050980
0.141176
0.247059
0.160784
0.156863
0.290196
0.384314
0.309804
0.235294
0.133333
0.050980
0.027451
0.035294
0.027451
0.011765
0.011765
0.015686
0.031373
0.027451
0.086275
0.023529
0.007843
0.007843
0.011765
0.039216
0.043137
0.090196
0.137255
0.231373
0.341176
0.274510
0.019608
0.082353
0.156863
0.176471
0.149020
0.254902
0.247059
0.152941
0.086275
0.047059
0.019608
0.003922
0.007843
0.007843
0.015686
0.023529
0.015686
0.007843
0.039216
0.062745
0.054902
0.015686
0.043137
0.047059
0.027451
0.023529
0.027451
0.070588
0.125490
0.207843
0.305882
0.231373
0.007843
0.070588
0.113725
0.113725
0.168627
0.470588
0.176471
0.007843
0.011765
0.007843
0.007843
0.003922
0.007843
0.003922
0.031373
0.066667
0.050980
0.023529
0.047059
0.078431
0.031373
0.054902
0.078431
0.094118
0.090196
0.054902
0.031373
0.019608
0.039216
0.090196
0.145098
0.117647
0.015686
0.027451
0.062745
0.094118
0.145098
0.478431
0.094118
0.003922
0.000000
0.003922
0.039216
0.035294
0.011765
0.023529
0.086275
0.129412
0.082353
0.047059
0.050980
0.078431
0.043137
0.082353
0.058824
0.050980
0.035294
0.023529
0.027451
0.003922
0.007843
0.027451
0.035294
0.027451
0.007843
0.011765
0.086275
0.164706
0.258824
0.313725
0.019608
0.015686
0.015686
0.047059
0.109804
0.105882
0.078431
0.101961
0.168627
0.176471
0.113725
0.062745
0.066667
0.086275
0.058824
0.066667
0.011765
0.003922
0.000000
0.003922
0.015686
0.011765
0.011765
0.019608
0.015686
0.011765
0.011765
0.007843
0.098039
0.266667
0.352941
0.152941
0.003922
0.043137
0.062745
0.098039
0.152941
0.184314
0.219608
0.227451
0.227451
0.207843
0.145098
0.086275
0.090196
0.117647
0.047059
0.019608
0.000000
0.000000
0.000000
0.007843
0.058824
0.086275
0.078431
0.078431
0.090196
0.031373
0.003922
0.003922
0.039216
0.156863
0.164706
0.039216
0.023529
0.066667
0.078431
0.105882
0.184314
0.258824
0.286275
0.278431
0.258824
0.223529
0.176471
0.105882
0.101961
0.113725
0.078431
0.015686
0.007843
0.003922
0.003922
0.007843
0.031373
0.050980
0.047059
0.043137
0.050980
0.027451
0.015686
0.011765
0.015686
0.027451
0.027451
0.031373
0.050980
0.058824
0.070588
0.121569
0.219608
0.266667
0.274510
0.270588
0.254902
0.247059
0.207843
0.129412
0.121569
0.113725
