0.101961
0.070588
0.023529
0.031373
0.090196
0.231373
0.313725
0.356863
0.360784
0.309804
0.262745
0.192157
0.188235
0.270588
0.219608
0.231373
0.345098
0.203922
0.215686
0.239216
0.352941
0.368627
0.243137
0.176471
0.333333
0.364706
0.388235
0.360784
0.333333
0.372549
0.376471
0.423529
0.266667
0.172549
0.054902
0.023529
0.062745
0.207843
0.329412
0.345098
0.313725
0.294118
0.219608
0.200000
0.247059
0.254902
0.207843
0.380392
0.423529
0.349020
0.286275
0.239216
0.286275
0.423529
0.258824
0.156863
0.321569
0.329412
0.254902
0.349020
0.329412
0.384314
0.376471
0.407843
0.290196
0.266667
0.176471
0.117647
0.105882
0.188235
0.321569
0.290196
0.278431
0.290196
0.243137
0.203922
0.235294
0.223529
0.235294
0.443137
0.427451
0.411765
0.384314
0.309804
0.337255
0.474510
0.325490
0.149020
0.231373
0.317647
0.235294
0.156863
0.266667
0.329412
0.388235
0.419608
0.129412
0.125490
0.082353
0.086275
0.160784
0.286275
0.360784
0.282353
0.333333
0.282353
0.294118
0.196078
0.243137
0.262745
0.294118
0.435294
0.439216
0.443137
0.419608
0.392157
0.376471
0.513725
0.352941
0.152941
0.211765
0.227451
0.274510
0.176471
0.109804
0.086275
0.200000
0.325490
0.152941
0.098039
0.050980
0.043137
0.125490
0.333333
0.376471
0.349020
0.298039
0.360784
0.329412
0.188235
0.301961
0.274510
0.364706
0.470588
0.474510
0.478431
0.431373
0.380392
0.439216
0.529412
0.384314
0.223529
0.235294
0.243137
0.431373
0.439216
0.247059
0.184314
0.223529
0.309804
0.227451
0.160784
0.184314
0.223529
0.286275
0.341176
0.333333
0.301961
0.349020
0.458824
0.403922
0.258824
0.333333
0.227451
0.400000
0.478431
0.478431
0.478431
0.447059
0.400000
0.458824
0.501961
0.407843
0.321569
0.184314
0.239216
0.443137
0.490196
0.356863
0.360784
0.372549
0.443137
0.239216
0.270588
0.411765
0.439216
0.407843
0.392157
0.301961
0.239216
0.419608
0.490196
0.458824
0.309804
0.325490
0.196078
0.392157
0.462745
0.462745
0.454902
0.454902
0.443137
0.403922
0.431373
0.415686
0.325490
0.160784
0.168627
0.270588
0.333333
0.345098
0.341176
0.431373
0.462745
0.337255
0.400000
0.458824
0.447059
0.435294
0.388235
0.337255
0.415686
0.486275
0.556863
0.474510
0.309804
0.305882
0.294118
0.427451
0.478431
0.470588
0.447059
0.443137
0.396078
0.321569
0.470588
0.474510
0.345098
0.301961
0.266667
0.368627
0.400000
0.400000
0.431373
0.462745
0.470588
0.400000
0.388235
0.403922
0.435294
0.431373
0.415686
0.486275
0.505882
0.498039
0.592157
0.431373
0.329412
0.325490
0.392157
0.423529
0.478431
0.474510
0.447059
0.368627
0.294118
0.419608
0.564706
0.545098
0.525490
0.533333
0.450980
0.415686
0.384314
0.392157
0.450980
0.458824
0.478431
0.364706
0.329412
0.341176
0.403922
0.384314
0.509804
0.537255
0.541176
0.509804
0.541176
0.576471
0.466667
0.349020
0.443137
0.407843
0.392157
0.423529
0.380392
0.360784
0.482353
0.592157
0.650980
0.647059
0.600000
0.549020
0.482353
0.466667
0.360784
0.372549
0.403922
0.419608
0.498039
0.368627
0.349020
0.298039
0.352941
0.462745
0.529412
0.529412
0.525490
0.509804
0.474510
0.556863
0.592157
0.474510
0.470588
0.450980
0.349020
0.427451
0.486275
0.556863
0.627451
0.670588
0.647059
0.580392
0.600000
0.533333
0.498039
0.474510
0.403922
0.392157
0.368627
0.352941
0.407843
0.431373
0.345098
0.266667
0.435294
0.505882
0.505882
0.517647
0.501961
0.501961
0.478431
0.501961
0.592157
0.588235
0.450980
0.462745
0.403922
0.450980
0.615686
0.725490
0.654902
0.596078
0.623529
0.588235
0.611765
0.560784
0.545098
0.462745
0.431373
0.384314
0.396078
0.372549
0.498039
0.423529
0.368627
0.435294
0.513725
0.517647
0.529412
0.588235
0.592157
0.576471
0.556863
0.501961
0.498039
0.552941
0.290196
0.317647
0.494118
0.572549
0.662745
0.686275
0.662745
0.635294
0.639216
0.647059
0.603922
0.560784
0.552941
0.486275
0.443137
0.435294
0.443137
0.486275
0.549020
0.415686
0.462745
0.529412
0.529412
0.525490
0.592157
0.678431
0.654902
0.568627
0.537255
0.556863
0.482353
0.501961
0.376471
0.329412
0.564706
0.654902
0.576471
0.643137
0.701961
0.682353
0.686275
0.647059
0.596078
0.596078
0.541176
0.521569
0.521569
0.450980
0.423529
0.392157
0.349020
0.474510
0.549020
0.545098
0.552941
0.545098
0.674510
0.729412
0.588235
0.545098
0.572549
0.603922
0.498039
0.486275
0.470588
0.388235
0.580392
0.643137
0.596078
0.694118
0.713725
0.650980
0.678431
0.627451
0.584314
0.596078
0.525490
0.525490
0.639216
0.427451
0.345098
0.286275
0.141176
0.549020
0.556863
0.568627
0.568627
0.545098
0.623529
0.611765
0.560784
0.635294
0.639216
0.552941
0.505882
0.619608
0.486275
0.329412
0.603922
0.654902
0.639216
0.717647
0.698039
0.643137
0.650980
0.635294
0.576471
0.525490
0.482353
0.501961
0.639216
0.415686
0.270588
0.141176
0.125490
0.545098
0.564706
0.588235
0.580392
0.560784
0.615686
0.596078
0.705882
0.623529
0.415686
0.407843
0.556863
0.701961
0.607843
0.349020
0.607843
0.650980
0.678431
0.721569
0.643137
0.650980
0.603922
0.568627
0.513725
0.490196
0.556863
0.560784
0.560784
0.466667
0.200000
0.203922
0.258824
0.568627
0.584314
0.584314
0.584314
0.588235
0.650980
0.690196
0.835294
0.552941
0.145098
0.470588
0.717647
0.643137
0.498039
0.305882
0.529412
0.631373
0.686275
0.690196
0.623529
0.607843
0.545098
0.509804
0.552941
0.670588
0.705882
0.368627
0.325490
0.541176
0.227451
0.298039
0.317647
0.596078
0.592157
0.580392
0.588235
0.596078
0.686275
0.701961
0.772549
0.647059
0.466667
0.709804
0.800000
0.596078
0.321569
0.313725
0.505882
0.600000
0.600000
0.576471
0.556863
0.541176
0.576471
0.662745
0.780392
0.729412
0.474510
0.298039
0.364706
0.564706
0.317647
0.298039
0.372549
0.600000
0.596078
0.572549
0.596078
0.588235
0.701961
0.705882
0.694118
0.690196
0.607843
0.698039
0.666667
0.509804
0.266667
0.376471
0.615686
0.635294
0.607843
0.627451
0.682353
0.658824
0.584314
0.533333
0.498039
0.400000
0.454902
0.486275
0.494118
0.564706
0.392157
0.333333
0.372549
0.600000
0.596078
0.568627
0.596078
0.603922
0.662745
0.639216
0.631373
0.568627
0.501961
0.654902
0.462745
0.305882
0.270588
0.549020
0.768627
0.823529
0.882353
0.831373
0.717647
0.462745
0.278431
0.211765
0.258824
0.470588
0.556863
0.533333
0.513725
0.556863
0.439216
0.337255
0.364706
0.592157
0.584314
0.607843
0.603922
0.615686
0.705882
0.784314
0.749020
0.600000
0.568627
0.427451
0.156863
0.101961
0.254902
0.725490
0.737255
0.733333
0.600000
0.462745
0.400000
0.341176
0.321569
0.403922
0.454902
0.513725
0.560784
0.603922
0.600000
0.482353
0.388235
0.368627
0.439216
0.603922
0.603922
0.615686
0.607843
0.639216
0.635294
0.682353
0.631373
0.525490
0.294118
0.074510
0.074510
0.125490
0.207843
0.627451
0.725490
0.674510
0.443137
0.427451
0.435294
0.423529
0.439216
0.529412
0.419608
0.407843
0.541176
0.513725
0.470588
0.396078
0.337255
0.352941
0.352941
0.600000
0.596078
0.596078
0.580392
0.627451
0.635294
0.619608
0.556863
0.415686
0.168627
0.086275
0.207843
0.192157
0.192157
0.317647
0.611765
0.721569
0.584314
0.529412
0.396078
0.541176
0.596078
0.505882
0.278431
0.466667
0.525490
0.533333
0.498039
0.364706
0.384314
0.286275
0.294118
0.615686
0.623529
0.619608
0.600000
0.635294
0.627451
0.623529
0.584314
0.411765
0.258824
0.345098
0.435294
0.356863
0.380392
0.474510
0.650980
0.709804
0.462745
0.450980
0.419608
0.603922
0.580392
0.407843
0.388235
0.490196
0.560784
0.564706
0.490196
0.400000
0.403922
0.372549
0.415686
0.635294
0.643137
0.650980
0.635294
0.619608
0.615686
0.631373
0.458824
0.376471
0.431373
0.494118
0.529412
0.549020
0.529412
0.580392
0.725490
0.639216
0.505882
0.623529
0.615686
0.588235
0.470588
0.470588
0.462745
0.607843
0.596078
0.513725
0.435294
0.474510
0.274510
0.298039
0.384314
0.647059
0.639216
0.643137
0.635294
0.647059
0.631373
0.447059
0.364706
0.435294
0.560784
0.584314
0.560784
0.615686
0.552941
0.650980
0.705882
0.639216
0.670588
0.662745
0.529412
0.474510
0.505882
0.498039
0.505882
0.643137
0.584314
0.415686
0.341176
0.407843
0.407843
0.454902
0.478431
0.654902
0.639216
0.635294
0.662745
0.611765
0.482353
0.435294
0.513725
0.443137
0.517647
0.568627
0.596078
0.772549
0.745098
0.701961
0.709804
0.709804
0.670588
0.560784
0.447059
0.513725
0.525490
0.525490
0.650980
0.686275
0.584314
0.250980
0.184314
0.376471
0.517647
0.470588
0.356863
0.627451
0.627451
0.705882
0.666667
0.450980
0.545098
0.560784
0.454902
0.356863
0.498039
0.572549
0.584314
0.705882
0.701961
0.643137
0.627451
0.662745
0.533333
0.545098
0.521569
0.490196
0.545098
0.600000
0.647059
0.600000
0.419608
0.258824
0.345098
0.564706
0.482353
0.388235
0.407843
0.666667
0.752941
0.756863
0.572549
0.596078
0.631373
0.521569
0.380392
0.600000
0.756863
0.556863
0.458824
0.564706
0.592157
0.588235
0.596078
0.607843
0.588235
0.607843
0.552941
0.435294
0.400000
0.384314
0.392157
0.400000
0.380392
0.419608
0.552941
0.549020
0.443137
0.498039
0.498039
0.682353
0.670588
0.647059
0.635294
0.662745
0.643137
0.674510
0.494118
0.600000
0.525490
0.396078
0.588235
0.623529
0.600000
0.674510
0.490196
0.545098
0.623529
0.607843
0.600000
0.513725
0.474510
0.505882
0.541176
0.494118
0.396078
0.564706
0.580392
0.509804
0.572549
0.580392
0.509804
0.635294
0.603922
0.666667
0.678431
0.658824
0.713725
0.796078
0.713725
0.400000
0.384314
0.560784
0.611765
0.592157
0.627451
0.694118
0.541176
0.533333
0.596078
0.627451
0.643137
0.494118
0.470588
0.560784
0.549020
0.419608
0.384314
0.584314
0.572549
0.580392
0.600000
0.560784
0.521569
0.074510
0.054902
0.011765
0.007843
0.043137
0.141176
0.200000
0.239216
0.247059
0.203922
0.188235
0.121569
0.105882
0.200000
0.160784
0.164706
0.258824
0.098039
0.137255
0.160784
0.247059
0.278431
0.176471
0.141176
0.294118
0.305882
0.317647
0.266667
0.223529
0.243137
0.235294
0.270588
0.235294
0.156863
0.047059
0.007843
0.031373
0.137255
0.227451
0.239216
0.200000
0.192157
0.137255
0.125490
0.156863
0.172549
0.125490
0.290196
0.309804
0.219608
0.184314
0.133333
0.168627
0.317647
0.188235
0.117647
0.282353
0.274510
0.188235
0.270588
0.235294
0.278431
0.262745
0.258824
0.254902
0.247059
0.164706
0.105882
0.086275
0.133333
0.235294
0.184314
0.168627
0.184314
0.152941
0.117647
0.141176
0.129412
0.133333
0.325490
0.286275
0.254902
0.254902
0.184314
0.203922
0.356863
0.247059
0.109804
0.192157
0.262745
0.176471
0.086275
0.188235
0.247059
0.294118
0.274510
0.090196
0.094118
0.054902
0.070588
0.145098
0.235294
0.282353
0.180392
0.223529
0.172549
0.192157
0.101961
0.149020
0.156863
0.176471
0.294118
0.278431
0.270588
0.274510
0.250980
0.223529
0.384314
0.266667
0.109804
0.172549
0.172549
0.219608
0.109804
0.043137
0.015686
0.113725
0.184314
0.101961
0.043137
0.000000
0.000000
0.082353
0.270588
0.286275
0.243137
0.180392
0.243137
0.223529
0.098039
0.211765
0.168627
0.239216
0.321569
0.309804
0.313725
0.286275
0.231373
0.278431
0.396078
0.294118
0.172549
0.188235
0.188235
0.368627
0.368627
0.172549
0.105882
0.129412
0.164706
0.156863
0.078431
0.090196
0.133333
0.207843
0.250980
0.223529
0.172549
0.215686
0.333333
0.294118
0.168627
0.250980
0.121569
0.274510
0.333333
0.329412
0.337255
0.317647
0.258824
0.309804
0.368627
0.313725
0.266667
0.133333
0.172549
0.368627
0.407843
0.262745
0.254902
0.254902
0.290196
0.152941
0.152941
0.278431
0.305882
0.282353
0.262745
0.164706
0.094118
0.270588
0.356863
0.349020
0.219608
0.247059
0.098039
0.274510
0.337255
0.341176
0.341176
0.345098
0.317647
0.262745
0.298039
0.317647
0.258824
0.101961
0.094118
0.184314
0.231373
0.223529
0.207843
0.290196
0.305882
0.243137
0.266667
0.298039
0.278431
0.274510
0.235294
0.180392
0.254902
0.325490
0.415686
0.356863
0.223529
0.235294
0.203922
0.317647
0.368627
0.372549
0.364706
0.356863
0.278431
0.188235
0.341176
0.376471
0.274510
0.235294
0.188235
0.270588
0.286275
0.258824
0.270588
0.294118
0.309804
0.301961
0.262745
0.254902
0.266667
0.254902
0.235294
0.294118
0.313725
0.317647
0.443137
0.313725
0.243137
0.258824
0.313725
0.329412
0.376471
0.372549
0.356863
0.270588
0.172549
0.286275
0.435294
0.427451
0.419608
0.439216
0.349020
0.313725
0.274510
0.262745
0.305882
0.301961
0.337255
0.274510
0.235294
0.231373
0.270588
0.223529
0.301961
0.309804
0.321569
0.309804
0.380392
0.458824
0.376471
0.274510
0.372549
0.325490
0.298039
0.301961
0.239216
0.215686
0.337255
0.443137
0.501961
0.494118
0.447059
0.403922
0.345098
0.356863
0.274510
0.286275
0.298039
0.305882
0.388235
0.266667
0.243137
0.176471
0.207843
0.290196
0.329412
0.313725
0.317647
0.325490
0.325490
0.439216
0.498039
0.396078
0.388235
0.368627
0.250980
0.301961
0.333333
0.396078
0.470588
0.509804
0.486275
0.415686
0.435294
0.368627
0.349020
0.349020
0.305882
0.305882
0.274510
0.250980
0.301961
0.305882
0.211765
0.117647
0.266667
0.317647
0.321569
0.341176
0.329412
0.341176
0.341176
0.388235
0.490196
0.498039
0.360784
0.368627
0.298039
0.321569
0.462745
0.556863
0.482353
0.423529
0.450980
0.415686
0.439216
0.388235
0.380392
0.325490
0.321569
0.290196
0.305882
0.282353
0.392157
0.270588
0.207843
0.258824
0.325490
0.313725
0.356863
0.450980
0.450980
0.439216
0.431373
0.392157
0.396078
0.454902
0.192157
0.215686
0.380392
0.435294
0.505882
0.505882
0.478431
0.454902
0.458824
0.470588
0.427451
0.380392
0.376471
0.333333
0.313725
0.333333
0.352941
0.400000
0.458824
0.239216
0.274510
0.333333
0.321569
0.313725
0.435294
0.560784
0.533333
0.454902
0.427451
0.450980
0.376471
0.396078
0.266667
0.219608
0.439216
0.505882
0.407843
0.458824
0.505882
0.490196
0.498039
0.466667
0.419608
0.415686
0.360784
0.356863
0.380392
0.341176
0.333333
0.317647
0.286275
0.278431
0.341176
0.329412
0.333333
0.329412
0.517647
0.619608
0.482353
0.447059
0.470588
0.501961
0.388235
0.368627
0.352941
0.266667
0.443137
0.482353
0.415686
0.494118
0.509804
0.458824
0.494118
0.447059
0.411765
0.423529
0.352941
0.364706
0.498039
0.309804
0.254902
0.215686
0.098039
0.341176
0.329412
0.333333
0.337255
0.325490
0.458824
0.494118
0.454902
0.537255
0.545098
0.458824
0.403922
0.498039
0.360784
0.196078
0.450980
0.482353
0.454902
0.513725
0.498039
0.454902
0.470588
0.462745
0.407843
0.368627
0.333333
0.349020
0.494118
0.294118
0.176471
0.074510
0.074510
0.329412
0.325490
0.345098
0.349020
0.345098
0.443137
0.462745
0.592157
0.529412
0.333333
0.317647
0.458824
0.576471
0.474510
0.211765
0.450980
0.470588
0.482353
0.521569
0.447059
0.462745
0.427451
0.403922
0.360784
0.352941
0.427451
0.423529
0.419608
0.341176
0.109804
0.133333
0.180392
0.345098
0.345098
0.337255
0.352941
0.372549
0.474510
0.545098
0.713725
0.458824
0.066667
0.388235
0.623529
0.517647
0.364706
0.164706
0.368627
0.447059
0.486275
0.490196
0.431373
0.427451
0.376471
0.352941
0.403922
0.541176
0.592157
0.243137
0.192157
0.415686
0.133333
0.219608
0.207843
0.356863
0.349020
0.341176
0.360784
0.380392
0.498039
0.529412
0.603922
0.490196
0.325490
0.592157
0.678431
0.450980
0.188235
0.168627
0.333333
0.427451
0.447059
0.423529
0.407843
0.407843
0.458824
0.541176
0.654902
0.588235
0.313725
0.149020
0.223529
0.439216
0.203922
0.192157
0.254902
0.352941
0.356863
0.345098
0.372549
0.372549
0.501961
0.509804
0.478431
0.482353
0.423529
0.549020
0.533333
0.364706
0.149020
0.247059
0.447059
0.482353
0.501961
0.513725
0.568627
0.568627
0.501961
0.447059
0.392157
0.247059
0.258824
0.313725
0.352941
0.439216
0.270588
0.215686
0.258824
0.364706
0.360784
0.341176
0.364706
0.372549
0.443137
0.419608
0.411765
0.368627
0.337255
0.537255
0.360784
0.200000
0.184314
0.450980
0.631373
0.686275
0.792157
0.725490
0.607843
0.372549
0.196078
0.121569
0.152941
0.313725
0.349020
0.360784
0.380392
0.447059
0.337255
0.235294
0.262745
0.368627
0.356863
0.376471
0.364706
0.372549
0.462745
0.545098
0.525490
0.415686
0.431373
0.341176
0.090196
0.027451
0.196078
0.647059
0.615686
0.603922
0.509804
0.364706
0.294118
0.250980
0.235294
0.305882
0.341176
0.349020
0.352941
0.431373
0.466667
0.380392
0.301961
0.286275
0.341176
0.388235
0.380392
0.380392
0.360784
0.388235
0.380392
0.439216
0.415686
0.352941
0.180392
0.015686
0.027451
0.054902
0.149020
0.541176
0.592157
0.533333
0.341176
0.341176
0.341176
0.329412
0.341176
0.419608
0.301961
0.247059
0.341176
0.349020
0.349020
0.305882
0.266667
0.282353
0.250980
0.388235
0.376471
0.360784
0.333333
0.376471
0.384314
0.392157
0.360784
0.266667
0.070588
0.031373
0.145098
0.090196
0.101961
0.203922
0.447059
0.545098
0.454902
0.443137
0.313725
0.447059
0.486275
0.388235
0.152941
0.313725
0.345098
0.388235
0.388235
0.278431
0.313725
0.215686
0.192157
0.400000
0.396078
0.388235
0.360784
0.388235
0.396078
0.423529
0.407843
0.270588
0.152941
0.266667
0.337255
0.223529
0.262745
0.333333
0.454902
0.509804
0.309804
0.360784
0.337255
0.498039
0.458824
0.282353
0.262745
0.356863
0.423529
0.447059
0.396078
0.317647
0.325490
0.290196
0.309804
0.411765
0.415686
0.419608
0.403922
0.384314
0.411765
0.458824
0.305882
0.243137
0.305882
0.368627
0.388235
0.392157
0.396078
0.427451
0.525490
0.439216
0.352941
0.525490
0.521569
0.470588
0.341176
0.341176
0.345098
0.501961
0.505882
0.427451
0.352941
0.384314
0.172549
0.184314
0.262745
0.407843
0.403922
0.411765
0.407843
0.427451
0.450980
0.305882
0.231373
0.298039
0.407843
0.403922
0.372549
0.450980
0.415686
0.498039
0.517647
0.458824
0.541176
0.560784
0.411765
0.341176
0.368627
0.372549
0.403922
0.572549
0.537255
0.364706
0.274510
0.313725
0.278431
0.309804
0.341176
0.423529
0.415686
0.419608
0.450980
0.403922
0.317647
0.309804
0.388235
0.309804
0.360784
0.376471
0.396078
0.615686
0.615686
0.556863
0.537255
0.545098
0.549020
0.439216
0.313725
0.376471
0.384314
0.400000
0.556863
0.635294
0.556863
0.203922
0.109804
0.270588
0.372549
0.305882
0.211765
0.447059
0.454902
0.533333
0.494118
0.270588
0.384314
0.427451
0.337255
0.250980
0.388235
0.454902
0.450980
0.568627
0.568627
0.505882
0.474510
0.505882
0.388235
0.384314
0.376471
0.368627
0.411765
0.454902
0.521569
0.521569
0.360784
0.160784
0.211765
0.407843
0.313725
0.219608
0.250980
0.501961
0.592157
0.596078
0.403922
0.419608
0.478431
0.392157
0.266667
0.501961
0.670588
0.466667
0.352941
0.427451
0.450980
0.443137
0.443137
0.447059
0.419608
0.431373
0.407843
0.325490
0.274510
0.231373
0.250980
0.298039
0.298039
0.294118
0.384314
0.364706
0.258824
0.325490
0.333333
0.501961
0.490196
0.466667
0.458824
0.478431
0.501961
0.560784
0.392157
0.501961
0.431373
0.286275
0.458824
0.474510
0.443137
0.509804
0.325490
0.376471
0.447059
0.427451
0.454902
0.403922
0.345098
0.352941
0.400000
0.388235
0.298039
0.427451
0.407843
0.313725
0.380392
0.400000
0.341176
0.439216
0.403922
0.466667
0.486275
0.470588
0.588235
0.705882
0.623529
0.301961
0.278431
0.431373
0.462745
0.423529
0.454902
0.521569
0.360784
0.352941
0.411765
0.443137
0.498039
0.380392
0.341176
0.407843
0.407843
0.309804
0.270588
0.431373
0.384314
0.372549
0.400000
0.376471
0.352941
0.054902
0.039216
0.000000
0.000000
0.039216
0.098039
0.133333
0.180392
0.192157
0.156863
0.129412
0.074510
0.082353
0.164706
0.121569
0.121569
0.215686
0.058824
0.094118
0.129412
0.223529
0.211765
0.101961
0.113725
0.278431
0.247059
0.243137
0.180392
0.121569
0.129412
0.113725
0.168627
0.227451
0.141176
0.039216
0.000000
0.023529
0.101961
0.172549
0.188235
0.152941
0.141176
0.078431
0.074510
0.129412
0.133333
0.078431
0.235294
0.247059
0.156863
0.113725
0.086275
0.125490
0.235294
0.101961
0.086275
0.266667
0.219608
0.129412
0.200000
0.149020
0.188235
0.160784
0.156863
0.247059
0.235294
0.149020
0.090196
0.074510
0.101961
0.188235
0.141176
0.125490
0.129412
0.090196
0.062745
0.109804
0.090196
0.078431
0.258824
0.211765
0.172549
0.164706
0.109804
0.137255
0.266667
0.152941
0.070588
0.172549
0.215686
0.129412
0.039216
0.117647
0.172549
0.211765
0.168627
0.086275
0.086275
0.039216
0.050980
0.121569
0.203922
0.243137
0.141176
0.176471
0.113725
0.121569
0.043137
0.109804
0.117647
0.117647
0.219608
0.192157
0.176471
0.168627
0.164706
0.145098
0.278431
0.164706
0.062745
0.152941
0.137255
0.168627
0.062745
0.007843
0.000000
0.050980
0.078431
0.086275
0.027451
0.000000
0.000000
0.047059
0.219608
0.239216
0.192157
0.121569
0.176471
0.145098
0.031373
0.164706
0.117647
0.172549
0.247059
0.223529
0.211765
0.172549
0.137255
0.196078
0.286275
0.184314
0.117647
0.164706
0.145098
0.321569
0.313725
0.125490
0.070588
0.066667
0.062745
0.121569
0.039216
0.050980
0.078431
0.137255
0.180392
0.160784
0.121569
0.149020
0.258824
0.211765
0.086275
0.192157
0.070588
0.203922
0.258824
0.239216
0.235294
0.200000
0.164706
0.219608
0.254902
0.192157
0.196078
0.105882
0.133333
0.317647
0.349020
0.192157
0.180392
0.176471
0.188235
0.090196
0.094118
0.207843
0.223529
0.188235
0.172549
0.090196
0.035294
0.196078
0.278431
0.262745
0.133333
0.180392
0.043137
0.207843
0.258824
0.258824
0.247059
0.239216
0.227451
0.176471
0.176471
0.192157
0.184314
0.074510
0.062745
0.125490
0.160784
0.141176
0.117647
0.192157
0.207843
0.156863
0.180392
0.207843
0.176471
0.160784
0.125490
0.082353
0.164706
0.239216
0.329412
0.270588
0.133333
0.156863
0.133333
0.247059
0.290196
0.290196
0.274510
0.258824
0.200000
0.109804
0.223529
0.247059
0.192157
0.192157
0.141176
0.207843
0.203922
0.160784
0.156863
0.176471
0.211765
0.219608
0.184314
0.172549
0.164706
0.133333
0.109804
0.180392
0.196078
0.207843
0.341176
0.231373
0.160784
0.168627
0.231373
0.254902
0.301961
0.294118
0.270588
0.184314
0.098039
0.207843
0.325490
0.309804
0.333333
0.372549
0.294118
0.243137
0.188235
0.168627
0.203922
0.196078
0.243137
0.203922
0.184314
0.168627
0.172549
0.094118
0.176471
0.180392
0.168627
0.160784
0.258824
0.376471
0.309804
0.180392
0.278431
0.243137
0.215686
0.219608
0.156863
0.133333
0.243137
0.349020
0.403922
0.392157
0.349020
0.317647
0.278431
0.278431
0.192157
0.207843
0.227451
0.235294
0.294118
0.188235
0.184314
0.105882
0.101961
0.152941
0.196078
0.180392
0.160784
0.168627
0.196078
0.356863
0.427451
0.298039
0.301961
0.282353
0.160784
0.207843
0.239216
0.301961
0.364706
0.407843
0.384314
0.309804
0.325490
0.270588
0.266667
0.258824
0.215686
0.219608
0.196078
0.172549
0.200000
0.215686
0.133333
0.035294
0.152941
0.172549
0.172549
0.200000
0.172549
0.192157
0.215686
0.294118
0.415686
0.407843
0.274510
0.282353
0.207843
0.211765
0.345098
0.439216
0.364706
0.305882
0.337255
0.298039
0.317647
0.270588
0.270588
0.215686
0.215686
0.192157
0.215686
0.196078
0.290196
0.164706
0.113725
0.156863
0.196078
0.160784
0.200000
0.294118
0.298039
0.294118
0.309804
0.298039
0.313725
0.360784
0.117647
0.133333
0.282353
0.305882
0.349020
0.364706
0.349020
0.321569
0.329412
0.345098
0.301961
0.254902
0.247059
0.207843
0.203922
0.231373
0.258824
0.317647
0.372549
0.113725
0.160784
0.211765
0.180392
0.152941
0.266667
0.403922
0.388235
0.321569
0.313725
0.349020
0.282353
0.290196
0.180392
0.133333
0.333333
0.360784
0.231373
0.298039
0.364706
0.349020
0.360784
0.333333
0.290196
0.282353
0.227451
0.231373
0.270588
0.239216
0.243137
0.239216
0.227451
0.145098
0.211765
0.192157
0.184314
0.168627
0.352941
0.462745
0.345098
0.325490
0.364706
0.392157
0.270588
0.243137
0.243137
0.168627
0.329412
0.329412
0.227451
0.325490
0.360784
0.309804
0.349020
0.313725
0.278431
0.294118
0.227451
0.247059
0.396078
0.219608
0.168627
0.145098
0.066667
0.200000
0.192157
0.196078
0.192157
0.172549
0.298039
0.341176
0.329412
0.431373
0.439216
0.341176
0.262745
0.337255
0.231373
0.094118
0.341176
0.329412
0.258824
0.345098
0.341176
0.298039
0.329412
0.329412
0.278431
0.250980
0.227451
0.258824
0.411765
0.219608
0.105882
0.015686
0.043137
0.188235
0.184314
0.203922
0.200000
0.192157
0.286275
0.317647
0.482353
0.439216
0.231373
0.196078
0.298039
0.392157
0.329412
0.101961
0.333333
0.317647
0.286275
0.349020
0.290196
0.313725
0.286275
0.274510
0.235294
0.247059
0.352941
0.356863
0.360784
0.286275
0.058824
0.074510
0.121569
0.203922
0.200000
0.192157
0.203922
0.223529
0.317647
0.403922
0.611765
0.376471
0.000000
0.262745
0.450980
0.317647
0.203922
0.058824
0.250980
0.294118
0.294118
0.317647
0.274510
0.278431
0.239216
0.227451
0.290196
0.450980
0.545098
0.211765
0.168627
0.372549
0.098039
0.160784
0.121569
0.215686
0.207843
0.200000
0.219608
0.243137
0.352941
0.396078
0.498039
0.392157
0.211765
0.439216
0.509804
0.294118
0.039216
0.043137
0.203922
0.286275
0.286275
0.262745
0.262745
0.286275
0.364706
0.482353
0.619608
0.537255
0.231373
0.078431
0.152941
0.364706
0.141176
0.125490
0.152941
0.207843
0.215686
0.203922
0.235294
0.239216
0.368627
0.380392
0.372549
0.384314
0.309804
0.411765
0.400000
0.266667
0.039216
0.121569
0.325490
0.364706
0.376471
0.388235
0.450980
0.470588
0.435294
0.415686
0.392157
0.200000
0.133333
0.188235
0.231373
0.337255
0.192157
0.141176
0.156863
0.215686
0.219608
0.196078
0.231373
0.243137
0.313725
0.305882
0.325490
0.298039
0.266667
0.450980
0.278431
0.141176
0.098039
0.345098
0.533333
0.592157
0.694118
0.643137
0.529412
0.290196
0.113725
0.054902
0.086275
0.223529
0.223529
0.239216
0.266667
0.349020
0.254902
0.160784
0.164706
0.211765
0.207843
0.235294
0.231373
0.243137
0.329412
0.427451
0.443137
0.364706
0.396078
0.301961
0.062745
0.007843
0.145098
0.572549
0.537255
0.525490
0.423529
0.301961
0.235294
0.172549
0.137255
0.196078
0.219608
0.223529
0.227451
0.309804
0.360784
0.290196
0.227451
0.211765
0.250980
0.227451
0.227451
0.235294
0.223529
0.254902
0.235294
0.301961
0.317647
0.298039
0.152941
0.000000
0.011765
0.043137
0.101961
0.470588
0.517647
0.454902
0.250980
0.254902
0.258824
0.235294
0.235294
0.298039
0.180392
0.121569
0.211765
0.235294
0.250980
0.219608
0.192157
0.207843
0.168627
0.223529
0.219608
0.215686
0.192157
0.239216
0.223529
0.223529
0.235294
0.176471
0.023529
0.000000
0.109804
0.062745
0.039216
0.117647
0.352941
0.447059
0.337255
0.313725
0.180392
0.325490
0.376471
0.282353
0.066667
0.207843
0.223529
0.286275
0.301961
0.203922
0.239216
0.137255
0.109804
0.231373
0.239216
0.235294
0.215686
0.247059
0.227451
0.243137
0.258824
0.156863
0.062745
0.180392
0.258824
0.156863
0.164706
0.211765
0.333333
0.384314
0.172549
0.188235
0.168627
0.360784
0.349020
0.200000
0.200000
0.270588
0.305882
0.356863
0.325490
0.250980
0.247059
0.200000
0.223529
0.239216
0.250980
0.262745
0.254902
0.239216
0.250980
0.305882
0.164706
0.121569
0.192157
0.250980
0.278431
0.298039
0.270588
0.282353
0.384314
0.301961
0.207843
0.345098
0.349020
0.333333
0.235294
0.266667
0.290196
0.427451
0.400000
0.349020
0.294118
0.329412
0.105882
0.086275
0.168627
0.243137
0.239216
0.254902
0.250980
0.274510
0.321569
0.203922
0.125490
0.196078
0.298039
0.278431
0.254902
0.341176
0.282353
0.349020
0.376471
0.321569
0.400000
0.411765
0.278431
0.223529
0.270588
0.290196
0.321569
0.478431
0.439216
0.294118
0.223529
0.254902
0.196078
0.203922
0.243137
0.247059
0.239216
0.250980
0.290196
0.250980
0.200000
0.227451
0.305882
0.219608
0.247059
0.247059
0.274510
0.505882
0.486275
0.415686
0.403922
0.415686
0.415686
0.325490
0.207843
0.274510
0.290196
0.301961
0.443137
0.525490
0.470588
0.149020
0.058824
0.200000
0.278431
0.192157
0.105882
0.247059
0.258824
0.345098
0.317647
0.113725
0.231373
0.294118
0.235294
0.145098
0.235294
0.294118
0.321569
0.470588
0.462745
0.388235
0.349020
0.376471
0.250980
0.250980
0.266667
0.278431
0.313725
0.341176
0.403922
0.431373
0.290196
0.094118
0.121569
0.298039
0.200000
0.109804
0.149020
0.294118
0.392157
0.396078
0.223529
0.254902
0.290196
0.219608
0.145098
0.372549
0.501961
0.298039
0.219608
0.329412
0.352941
0.329412
0.313725
0.309804
0.274510
0.282353
0.290196
0.235294
0.172549
0.109804
0.141176
0.223529
0.227451
0.203922
0.262745
0.231373
0.137255
0.215686
0.235294
0.313725
0.305882
0.282353
0.270588
0.294118
0.286275
0.364706
0.254902
0.372549
0.286275
0.145098
0.337255
0.364706
0.333333
0.388235
0.188235
0.227451
0.298039
0.282353
0.341176
0.313725
0.243137
0.231373
0.290196
0.305882
0.219608
0.325490
0.278431
0.176471
0.250980
0.286275
0.239216
0.266667
0.231373
0.290196
0.298039
0.266667
0.337255
0.478431
0.470588
0.172549
0.141176
0.309804
0.349020
0.301961
0.329412
0.384314
0.211765
0.196078
0.254902
0.294118
0.380392
0.294118
0.239216
0.286275
0.298039
0.219608
0.180392
0.317647
0.247059
0.227451
0.262745
0.254902
0.250980
