0.482353
0.498039
0.545098
0.556863
0.552941
0.533333
0.533333
0.552941
0.556863
0.529412
0.564706
0.600000
0.564706
0.584314
0.592157
0.603922
0.596078
0.600000
0.611765
0.607843
0.603922
0.600000
0.615686
0.619608
0.607843
0.603922
0.603922
0.600000
0.600000
0.596078
0.588235
0.584314
0.486275
0.494118
0.521569
0.564706
0.560784
0.533333
0.533333
0.580392
0.556863
0.517647
0.533333
0.588235
0.556863
0.572549
0.596078
0.596078
0.600000
0.600000
0.600000
0.596078
0.588235
0.580392
0.603922
0.611765
0.603922
0.603922
0.603922
0.600000
0.603922
0.603922
0.600000
0.596078
0.505882
0.501961
0.490196
0.505882
0.525490
0.513725
0.517647
0.596078
0.576471
0.505882
0.525490
0.647059
0.627451
0.572549
0.572549
0.580392
0.592157
0.592157
0.600000
0.596078
0.584314
0.576471
0.592157
0.603922
0.607843
0.603922
0.603922
0.603922
0.615686
0.611765
0.603922
0.603922
0.513725
0.501961
0.486275
0.490196
0.505882
0.501961
0.501961
0.592157
0.611765
0.537255
0.509804
0.560784
0.588235
0.584314
0.592157
0.576471
0.576471
0.576471
0.596078
0.600000
0.588235
0.584314
0.600000
0.607843
0.611765
0.603922
0.600000
0.607843
0.619608
0.615686
0.607843
0.603922
0.498039
0.478431
0.478431
0.482353
0.501961
0.486275
0.501961
0.580392
0.631373
0.564706
0.505882
0.545098
0.556863
0.552941
0.576471
0.564706
0.576471
0.556863
0.560784
0.588235
0.596078
0.584314
0.592157
0.603922
0.603922
0.607843
0.607843
0.607843
0.603922
0.607843
0.607843
0.603922
0.474510
0.462745
0.466667
0.474510
0.498039
0.505882
0.529412
0.568627
0.552941
0.603922
0.509804
0.521569
0.556863
0.556863
0.564706
0.556863
0.552941
0.541176
0.560784
0.560784
0.560784
0.576471
0.588235
0.588235
0.600000
0.603922
0.607843
0.603922
0.607843
0.584314
0.600000
0.592157
0.443137
0.443137
0.439216
0.462745
0.482353
0.486275
0.529412
0.564706
0.454902
0.564706
0.513725
0.545098
0.537255
0.525490
0.525490
0.556863
0.556863
0.541176
0.556863
0.584314
0.556863
0.541176
0.600000
0.631373
0.627451
0.623529
0.600000
0.607843
0.533333
0.443137
0.615686
0.588235
0.431373
0.443137
0.431373
0.447059
0.447059
0.454902
0.474510
0.513725
0.584314
0.576471
0.541176
0.529412
0.541176
0.568627
0.549020
0.509804
0.533333
0.545098
0.541176
0.533333
0.525490
0.545098
0.580392
0.603922
0.576471
0.619608
0.643137
0.650980
0.305882
0.533333
0.596078
0.592157
0.431373
0.443137
0.478431
0.466667
0.439216
0.439216
0.462745
0.478431
0.568627
0.415686
0.592157
0.537255
0.556863
0.549020
0.525490
0.498039
0.517647
0.537255
0.529412
0.521569
0.505882
0.545098
0.556863
0.564706
0.549020
0.576471
0.600000
0.423529
0.345098
0.650980
0.627451
0.592157
0.427451
0.431373
0.447059
0.447059
0.450980
0.443137
0.447059
0.454902
0.552941
0.411765
0.603922
0.564706
0.541176
0.556863
0.513725
0.486275
0.501961
0.525490
0.513725
0.509804
0.505882
0.509804
0.521569
0.556863
0.584314
0.576471
0.517647
0.203922
0.580392
0.611765
0.611765
0.596078
0.423529
0.419608
0.419608
0.415686
0.411765
0.423529
0.431373
0.447059
0.525490
0.505882
0.529412
0.576471
0.564706
0.525490
0.501961
0.490196
0.490196
0.509804
0.517647
0.509804
0.490196
0.494118
0.501961
0.533333
0.552941
0.615686
0.274510
0.337255
0.635294
0.596078
0.572549
0.545098
0.423529
0.423529
0.427451
0.423529
0.419608
0.423529
0.435294
0.447059
0.435294
0.498039
0.400000
0.592157
0.545098
0.490196
0.478431
0.482353
0.494118
0.501961
0.517647
0.513725
0.498039
0.494118
0.501961
0.529412
0.545098
0.415686
0.156863
0.584314
0.627451
0.600000
0.627451
0.552941
0.435294
0.419608
0.423529
0.427451
0.431373
0.435294
0.450980
0.490196
0.521569
0.486275
0.266667
0.470588
0.560784
0.541176
0.498039
0.482353
0.498039
0.509804
0.513725
0.513725
0.501961
0.490196
0.490196
0.509804
0.454902
0.180392
0.325490
0.572549
0.568627
0.545098
0.584314
0.568627
0.458824
0.443137
0.435294
0.427451
0.447059
0.450980
0.431373
0.368627
0.427451
0.458824
0.313725
0.474510
0.513725
0.556863
0.592157
0.568627
0.525490
0.513725
0.505882
0.505882
0.498039
0.482353
0.470588
0.470588
0.282353
0.141176
0.509804
0.486275
0.498039
0.517647
0.537255
0.517647
0.443137
0.447059
0.443137
0.435294
0.462745
0.462745
0.388235
0.223529
0.262745
0.447059
0.466667
0.549020
0.521569
0.498039
0.537255
0.584314
0.607843
0.576471
0.537255
0.545098
0.525490
0.498039
0.494118
0.364706
0.145098
0.352941
0.525490
0.474510
0.486275
0.490196
0.513725
0.490196
0.439216
0.447059
0.454902
0.466667
0.490196
0.501961
0.490196
0.474510
0.509804
0.564706
0.498039
0.607843
0.556863
0.552941
0.513725
0.505882
0.541176
0.607843
0.639216
0.619608
0.584314
0.521569
0.439216
0.192157
0.196078
0.541176
0.470588
0.466667
0.466667
0.478431
0.494118
0.498039
0.470588
0.482353
0.494118
0.494118
0.482353
0.470588
0.454902
0.462745
0.486275
0.513725
0.501961
0.658824
0.576471
0.572549
0.556863
0.545098
0.525490
0.537255
0.556863
0.580392
0.607843
0.607843
0.352941
0.156863
0.400000
0.521569
0.466667
0.450980
0.447059
0.447059
0.466667
0.478431
0.501961
0.509804
0.517647
0.509804
0.494118
0.478431
0.470588
0.482353
0.470588
0.478431
0.525490
0.588235
0.658824
0.615686
0.627451
0.635294
0.603922
0.545098
0.505882
0.498039
0.549020
0.639216
0.592157
0.443137
0.549020
0.423529
0.470588
0.454902
0.447059
0.435294
0.450980
0.458824
0.509804
0.521569
0.525490
0.517647
0.494118
0.498039
0.494118
0.478431
0.466667
0.454902
0.494118
0.478431
0.466667
0.635294
0.686275
0.615686
0.592157
0.588235
0.478431
0.525490
0.525490
0.521569
0.541176
0.603922
0.666667
0.517647
0.509804
0.541176
0.462745
0.443137
0.443137
0.450980
0.474510
0.474510
0.486275
0.498039
0.501961
0.494118
0.490196
0.509804
0.545098
0.509804
0.462745
0.541176
0.576471
0.552941
0.482353
0.549020
0.596078
0.600000
0.525490
0.403922
0.435294
0.505882
0.505882
0.533333
0.682353
0.815686
0.580392
0.415686
0.494118
0.482353
0.466667
0.447059
0.431373
0.435294
0.447059
0.470588
0.517647
0.513725
0.505882
0.517647
0.552941
0.556863
0.486275
0.509804
0.556863
0.611765
0.631373
0.478431
0.423529
0.560784
0.639216
0.592157
0.470588
0.443137
0.521569
0.533333
0.592157
0.843137
0.780392
0.274510
0.529412
0.588235
0.584314
0.450980
0.415686
0.423529
0.443137
0.462745
0.501961
0.509804
0.521569
0.525490
0.545098
0.541176
0.505882
0.501961
0.513725
0.501961
0.588235
0.662745
0.545098
0.403922
0.450980
0.635294
0.654902
0.568627
0.564706
0.588235
0.580392
0.764706
0.756863
0.396078
0.545098
0.529412
0.529412
0.482353
0.462745
0.474510
0.498039
0.509804
0.509804
0.501961
0.501961
0.517647
0.513725
0.494118
0.525490
0.533333
0.517647
0.509804
0.501961
0.525490
0.552941
0.521569
0.400000
0.380392
0.533333
0.658824
0.647059
0.588235
0.411765
0.282353
0.274510
0.650980
0.619608
0.603922
0.525490
0.474510
0.501961
0.537255
0.537255
0.513725
0.509804
0.498039
0.501961
0.517647
0.521569
0.525490
0.537255
0.521569
0.498039
0.466667
0.411765
0.372549
0.364706
0.435294
0.603922
0.658824
0.580392
0.482353
0.549020
0.647059
0.521569
0.427451
0.674510
0.956863
0.701961
0.615686
0.576471
0.517647
0.549020
0.537255
0.521569
0.529412
0.541176
0.552941
0.537255
0.498039
0.466667
0.458824
0.435294
0.454902
0.521569
0.580392
0.517647
0.486275
0.525490
0.545098
0.603922
0.639216
0.662745
0.698039
0.603922
0.486275
0.513725
0.600000
0.658824
0.866667
0.643137
0.525490
0.478431
0.498039
0.556863
0.552941
0.513725
0.494118
0.450980
0.415686
0.376471
0.380392
0.462745
0.521569
0.568627
0.592157
0.588235
0.584314
0.525490
0.482353
0.545098
0.533333
0.521569
0.529412
0.525490
0.552941
0.686275
0.713725
0.603922
0.509804
0.478431
0.458824
0.564706
0.482353
0.470588
0.466667
0.517647
0.454902
0.427451
0.415686
0.439216
0.501961
0.541176
0.568627
0.572549
0.568627
0.572549
0.568627
0.552941
0.552941
0.556863
0.494118
0.454902
0.521569
0.482353
0.478431
0.462745
0.454902
0.427451
0.462745
0.588235
0.694118
0.721569
0.705882
0.607843
0.478431
0.454902
0.470588
0.549020
0.549020
0.584314
0.572549
0.572549
0.556863
0.541176
0.541176
0.545098
0.545098
0.564706
0.576471
0.580392
0.576471
0.600000
0.584314
0.352941
0.388235
0.501961
0.482353
0.466667
0.458824
0.482353
0.490196
0.470588
0.474510
0.517647
0.525490
0.482353
0.458824
0.450980
0.458824
0.584314
0.576471
0.576471
0.572549
0.564706
0.552941
0.541176
0.545098
0.556863
0.556863
0.564706
0.576471
0.580392
0.600000
0.647059
0.635294
0.211765
0.309804
0.541176
0.521569
0.501961
0.486275
0.537255
0.576471
0.521569
0.478431
0.470588
0.490196
0.470588
0.462745
0.447059
0.458824
0.545098
0.560784
0.568627
0.568627
0.560784
0.552941
0.549020
0.545098
0.552941
0.556863
0.564706
0.576471
0.580392
0.600000
0.619608
0.662745
0.223529
0.380392
0.549020
0.545098
0.537255
0.529412
0.498039
0.509804
0.486275
0.458824
0.470588
0.482353
0.466667
0.458824
0.443137
0.443137
0.521569
0.549020
0.560784
0.560784
0.552941
0.560784
0.560784
0.564706
0.556863
0.560784
0.572549
0.584314
0.584314
0.592157
0.600000
0.631373
0.525490
0.529412
0.537255
0.537255
0.560784
0.560784
0.509804
0.498039
0.521569
0.509804
0.509804
0.474510
0.470588
0.458824
0.435294
0.427451
0.533333
0.545098
0.552941
0.556863
0.552941
0.564706
0.572549
0.588235
0.576471
0.580392
0.584314
0.588235
0.588235
0.592157
0.607843
0.603922
0.596078
0.556863
0.521569
0.521569
0.549020
0.576471
0.568627
0.568627
0.560784
0.525490
0.501961
0.494118
0.490196
0.470588
0.447059
0.443137
0.560784
0.564706
0.600000
0.592157
0.568627
0.584314
0.603922
0.611765
0.615686
0.600000
0.603922
0.615686
0.647059
0.647059
0.647059
0.658824
0.650980
0.650980
0.654902
0.658824
0.670588
0.670588
0.674510
0.662745
0.650980
0.647059
0.647059
0.643137
0.643137
0.635294
0.631373
0.627451
0.549020
0.552941
0.568627
0.596078
0.584314
0.584314
0.596078
0.635294
0.611765
0.600000
0.588235
0.615686
0.631373
0.635294
0.650980
0.650980
0.654902
0.650980
0.643137
0.647059
0.650980
0.650980
0.658824
0.654902
0.647059
0.647059
0.647059
0.643137
0.647059
0.647059
0.643137
0.639216
0.560784
0.552941
0.541176
0.545098
0.556863
0.568627
0.584314
0.643137
0.619608
0.592157
0.603922
0.686275
0.694118
0.631373
0.627451
0.635294
0.647059
0.643137
0.643137
0.647059
0.647059
0.647059
0.647059
0.647059
0.650980
0.647059
0.647059
0.647059
0.658824
0.654902
0.647059
0.647059
0.564706
0.556863
0.545098
0.545098
0.545098
0.560784
0.560784
0.631373
0.627451
0.600000
0.592157
0.607843
0.639216
0.639216
0.647059
0.631373
0.631373
0.627451
0.639216
0.650980
0.650980
0.650980
0.654902
0.650980
0.654902
0.647059
0.643137
0.650980
0.662745
0.658824
0.650980
0.647059
0.556863
0.549020
0.556863
0.549020
0.545098
0.545098
0.552941
0.611765
0.603922
0.584314
0.584314
0.596078
0.603922
0.603922
0.627451
0.615686
0.627451
0.607843
0.603922
0.639216
0.658824
0.654902
0.650980
0.647059
0.647059
0.650980
0.650980
0.650980
0.647059
0.650980
0.650980
0.647059
0.549020
0.552941
0.572549
0.564706
0.552941
0.564706
0.580392
0.596078
0.478431
0.576471
0.576471
0.564706
0.600000
0.607843
0.615686
0.607843
0.603922
0.592157
0.603922
0.607843
0.627451
0.647059
0.647059
0.631373
0.643137
0.647059
0.650980
0.650980
0.654902
0.631373
0.647059
0.639216
0.529412
0.549020
0.556863
0.564706
0.541176
0.545098
0.576471
0.596078
0.364706
0.501961
0.564706
0.596078
0.580392
0.568627
0.572549
0.611765
0.603922
0.588235
0.600000
0.635294
0.623529
0.611765
0.658824
0.674510
0.670588
0.666667
0.643137
0.650980
0.576471
0.490196
0.662745
0.635294
0.513725
0.533333
0.529412
0.541176
0.525490
0.529412
0.541176
0.572549
0.564706
0.509804
0.611765
0.635294
0.588235
0.576471
0.596078
0.580392
0.584314
0.584314
0.611765
0.607843
0.603922
0.627451
0.650980
0.662745
0.627451
0.662745
0.682353
0.674510
0.337255
0.572549
0.643137
0.643137
0.513725
0.525490
0.564706
0.556863
0.537255
0.533333
0.545098
0.552941
0.592157
0.329412
0.607843
0.607843
0.584314
0.545098
0.588235
0.592157
0.584314
0.584314
0.611765
0.603922
0.588235
0.627451
0.635294
0.631373
0.607843
0.619608
0.635294
0.443137
0.368627
0.686275
0.670588
0.650980
0.505882
0.513725
0.533333
0.537255
0.560784
0.545098
0.541176
0.537255
0.580392
0.294118
0.517647
0.552941
0.537255
0.576471
0.596078
0.596078
0.592157
0.592157
0.592157
0.592157
0.584314
0.588235
0.600000
0.627451
0.643137
0.627451
0.560784
0.231373
0.611765
0.654902
0.662745
0.647059
0.505882
0.501961
0.501961
0.505882
0.521569
0.521569
0.521569
0.529412
0.572549
0.388235
0.368627
0.521569
0.560784
0.576471
0.600000
0.607843
0.600000
0.596078
0.596078
0.588235
0.568627
0.572549
0.580392
0.607843
0.615686
0.670588
0.321569
0.376471
0.678431
0.643137
0.619608
0.592157
0.505882
0.505882
0.509804
0.509804
0.509804
0.513725
0.513725
0.517647
0.509804
0.419608
0.231373
0.545098
0.568627
0.560784
0.576471
0.596078
0.603922
0.592157
0.596078
0.592157
0.576471
0.572549
0.580392
0.607843
0.619608
0.478431
0.211765
0.639216
0.682353
0.654902
0.674510
0.596078
0.521569
0.501961
0.505882
0.509804
0.501961
0.501961
0.509804
0.545098
0.592157
0.427451
0.113725
0.458824
0.607843
0.615686
0.580392
0.568627
0.592157
0.596078
0.592157
0.592157
0.580392
0.568627
0.572549
0.592157
0.533333
0.247059
0.384314
0.635294
0.631373
0.603922
0.627451
0.611765
0.545098
0.529412
0.517647
0.505882
0.509804
0.505882
0.474510
0.403922
0.454902
0.384314
0.164706
0.482353
0.549020
0.611765
0.639216
0.619608
0.592157
0.588235
0.584314
0.588235
0.576471
0.564706
0.556863
0.556863
0.360784
0.211765
0.576471
0.556863
0.564706
0.568627
0.576471
0.556863
0.533333
0.537255
0.529412
0.509804
0.517647
0.509804
0.427451
0.250980
0.243137
0.329412
0.305882
0.552941
0.521569
0.529412
0.560784
0.607843
0.643137
0.635294
0.619608
0.627451
0.607843
0.580392
0.584314
0.454902
0.227451
0.423529
0.592157
0.552941
0.560784
0.545098
0.549020
0.533333
0.529412
0.533333
0.533333
0.537255
0.541176
0.549020
0.537255
0.517647
0.505882
0.486275
0.380392
0.600000
0.584314
0.564706
0.537255
0.545098
0.576471
0.623529
0.631373
0.662745
0.678431
0.643137
0.545098
0.274510
0.266667
0.611765
0.552941
0.564706
0.560784
0.560784
0.549020
0.541176
0.537255
0.545098
0.541176
0.541176
0.537255
0.525490
0.509804
0.521569
0.541176
0.517647
0.450980
0.631373
0.611765
0.603922
0.572549
0.549020
0.525490
0.537255
0.556863
0.623529
0.666667
0.643137
0.407843
0.227451
0.454902
0.580392
0.552941
0.556863
0.552941
0.556863
0.545098
0.533333
0.537255
0.537255
0.533333
0.533333
0.545098
0.529412
0.521569
0.533333
0.549020
0.537255
0.521569
0.545098
0.619608
0.639216
0.596078
0.552941
0.560784
0.568627
0.568627
0.545098
0.552941
0.576471
0.584314
0.501961
0.588235
0.474510
0.541176
0.533333
0.537255
0.545098
0.541176
0.525490
0.541176
0.541176
0.537255
0.537255
0.541176
0.545098
0.541176
0.525490
0.537255
0.533333
0.537255
0.447059
0.368627
0.501961
0.627451
0.627451
0.600000
0.568627
0.462745
0.525490
0.533333
0.525490
0.568627
0.647059
0.698039
0.552941
0.560784
0.592157
0.529412
0.537255
0.541176
0.533333
0.541176
0.529412
0.533333
0.537255
0.545098
0.537255
0.533333
0.552941
0.580392
0.560784
0.525490
0.552941
0.501961
0.419608
0.403922
0.541176
0.615686
0.615686
0.521569
0.407843
0.454902
0.533333
0.541176
0.564706
0.705882
0.839216
0.607843
0.439216
0.541176
0.568627
0.564706
0.537255
0.533333
0.525490
0.533333
0.537255
0.549020
0.545098
0.541176
0.549020
0.549020
0.564706
0.549020
0.564706
0.568627
0.654902
0.588235
0.360784
0.341176
0.552941
0.654902
0.596078
0.478431
0.462745
0.541176
0.556863
0.619608
0.862745
0.792157
0.290196
0.568627
0.666667
0.670588
0.533333
0.525490
0.521569
0.533333
0.529412
0.533333
0.541176
0.552941
0.556863
0.545098
0.545098
0.552941
0.560784
0.564706
0.560784
0.654902
0.670588
0.403922
0.203922
0.341176
0.556863
0.635294
0.619608
0.615686
0.619608
0.615686
0.784314
0.760784
0.415686
0.584314
0.596078
0.600000
0.545098
0.541176
0.545098
0.556863
0.556863
0.537255
0.533333
0.533333
0.545098
0.556863
0.537255
0.556863
0.564706
0.556863
0.552941
0.549020
0.537255
0.490196
0.403922
0.266667
0.239216
0.415686
0.596078
0.650980
0.631373
0.454902
0.301961
0.270588
0.674510
0.662745
0.658824
0.580392
0.521569
0.556863
0.580392
0.572549
0.545098
0.529412
0.521569
0.521569
0.541176
0.568627
0.572549
0.556863
0.533333
0.517647
0.470588
0.400000
0.360784
0.400000
0.486275
0.576471
0.564706
0.431373
0.305882
0.450980
0.635294
0.541176
0.470588
0.717647
0.968627
0.717647
0.662745
0.627451
0.568627
0.600000
0.588235
0.572549
0.568627
0.556863
0.568627
0.556863
0.513725
0.478431
0.466667
0.439216
0.462745
0.529412
0.580392
0.505882
0.482353
0.556863
0.588235
0.603922
0.627451
0.639216
0.666667
0.494118
0.333333
0.411765
0.556863
0.643137
0.792157
0.592157
0.545098
0.533333
0.560784
0.603922
0.600000
0.560784
0.533333
0.478431
0.439216
0.403922
0.407843
0.478431
0.533333
0.580392
0.603922
0.600000
0.580392
0.509804
0.470588
0.552941
0.560784
0.560784
0.568627
0.560784
0.592157
0.690196
0.670588
0.505882
0.345098
0.278431
0.345098
0.529412
0.513725
0.525490
0.521569
0.552941
0.494118
0.466667
0.454902
0.482353
0.545098
0.580392
0.611765
0.603922
0.592157
0.596078
0.592157
0.572549
0.552941
0.537255
0.466667
0.427451
0.525490
0.545098
0.549020
0.545098
0.545098
0.564706
0.611765
0.678431
0.713725
0.690196
0.674510
0.611765
0.529412
0.513725
0.517647
0.576471
0.576471
0.611765
0.603922
0.619608
0.600000
0.584314
0.584314
0.588235
0.588235
0.603922
0.611765
0.611765
0.576471
0.584314
0.549020
0.309804
0.368627
0.552941
0.549020
0.549020
0.552941
0.537255
0.521569
0.517647
0.541176
0.588235
0.552941
0.521569
0.517647
0.509804
0.501961
0.607843
0.600000
0.596078
0.603922
0.603922
0.588235
0.580392
0.580392
0.607843
0.615686
0.619608
0.631373
0.627451
0.611765
0.639216
0.603922
0.180392
0.286275
0.568627
0.556863
0.549020
0.545098
0.545098
0.556863
0.537255
0.533333
0.549020
0.545098
0.529412
0.525490
0.513725
0.509804
0.572549
0.588235
0.596078
0.600000
0.600000
0.596078
0.592157
0.588235
0.603922
0.615686
0.623529
0.635294
0.631373
0.623529
0.623529
0.650980
0.215686
0.380392
0.568627
0.564706
0.560784
0.556863
0.576471
0.623529
0.584314
0.545098
0.541176
0.541176
0.525490
0.525490
0.513725
0.509804
0.564706
0.588235
0.600000
0.603922
0.603922
0.611765
0.611765
0.615686
0.603922
0.603922
0.615686
0.631373
0.631373
0.627451
0.615686
0.639216
0.545098
0.564706
0.580392
0.576471
0.584314
0.576471
0.560784
0.572549
0.576471
0.537255
0.525490
0.517647
0.521569
0.521569
0.513725
0.505882
0.588235
0.600000
0.607843
0.607843
0.603922
0.619608
0.627451
0.643137
0.619608
0.615686
0.619608
0.627451
0.627451
0.635294
0.639216
0.627451
0.639216
0.619608
0.588235
0.576471
0.584314
0.600000
0.580392
0.572549
0.580392
0.556863
0.549020
0.537255
0.533333
0.525490
0.521569
0.517647
0.831373
0.835294
0.862745
0.862745
0.858824
0.854902
0.854902
0.870588
0.854902
0.858824
0.866667
0.850980
0.894118
0.894118
0.886275
0.901961
0.890196
0.894118
0.905882
0.905882
0.913725
0.913725
0.917647
0.913725
0.901961
0.898039
0.898039
0.901961
0.905882
0.898039
0.890196
0.886275
0.831373
0.827451
0.839216
0.870588
0.874510
0.858824
0.854902
0.886275
0.843137
0.854902
0.847059
0.839216
0.866667
0.882353
0.894118
0.898039
0.901961
0.898039
0.894118
0.894118
0.894118
0.894118
0.905882
0.905882
0.898039
0.898039
0.898039
0.901961
0.905882
0.905882
0.901961
0.894118
0.847059
0.835294
0.815686
0.823529
0.843137
0.850980
0.847059
0.890196
0.843137
0.839216
0.858824
0.905882
0.921569
0.886275
0.882353
0.890196
0.898039
0.898039
0.894118
0.894118
0.894118
0.890196
0.894118
0.898039
0.901961
0.898039
0.898039
0.901961
0.913725
0.905882
0.901961
0.898039
0.862745
0.843137
0.823529
0.819608
0.835294
0.850980
0.831373
0.866667
0.835294
0.839216
0.847059
0.831373
0.878431
0.894118
0.901961
0.886275
0.886275
0.882353
0.890196
0.898039
0.894118
0.894118
0.901961
0.901961
0.905882
0.898039
0.894118
0.894118
0.905882
0.901961
0.898039
0.890196
0.858824
0.835294
0.831373
0.823529
0.835294
0.847059
0.831373
0.839216
0.796078
0.811765
0.839216
0.835294
0.862745
0.870588
0.894118
0.882353
0.894118
0.866667
0.854902
0.886275
0.901961
0.898039
0.894118
0.898039
0.898039
0.901961
0.898039
0.894118
0.890196
0.894118
0.894118
0.890196
0.847059
0.835294
0.843137
0.831373
0.843137
0.874510
0.862745
0.815686
0.647059
0.792157
0.835294
0.823529
0.878431
0.882353
0.890196
0.882353
0.878431
0.858824
0.854902
0.858824
0.870588
0.890196
0.894118
0.882353
0.894118
0.898039
0.901961
0.890196
0.890196
0.866667
0.882353
0.878431
0.827451
0.831373
0.827451
0.827451
0.831373
0.862745
0.862745
0.811765
0.521569
0.701961
0.823529
0.862745
0.870588
0.847059
0.847059
0.886275
0.882353
0.858824
0.850980
0.882353
0.866667
0.854902
0.905882
0.925490
0.921569
0.917647
0.894118
0.890196
0.815686
0.725490
0.898039
0.874510
0.827451
0.827451
0.807843
0.823529
0.831373
0.839216
0.835294
0.839216
0.768627
0.643137
0.815686
0.886275
0.850980
0.819608
0.858824
0.858824
0.870588
0.862745
0.862745
0.854902
0.850980
0.870588
0.890196
0.901961
0.870588
0.905882
0.925490
0.913725
0.572549
0.811765
0.882353
0.886275
0.835294
0.835294
0.858824
0.847059
0.831373
0.819608
0.827451
0.831373
0.815686
0.443137
0.792157
0.854902
0.819608
0.772549
0.843137
0.870588
0.874510
0.870588
0.870588
0.862745
0.843137
0.886275
0.882353
0.866667
0.847059
0.862745
0.878431
0.674510
0.596078
0.921569
0.913725
0.890196
0.839216
0.831373
0.839216
0.835294
0.839216
0.815686
0.803922
0.800000
0.803922
0.427451
0.705882
0.792157
0.749020
0.803922
0.854902
0.874510
0.878431
0.874510
0.862745
0.858824
0.850980
0.858824
0.850980
0.866667
0.886275
0.874510
0.807843
0.458824
0.835294
0.882353
0.898039
0.886275
0.839216
0.827451
0.823529
0.819608
0.811765
0.807843
0.803922
0.803922
0.800000
0.529412
0.545098
0.737255
0.741176
0.792157
0.854902
0.886275
0.882353
0.878431
0.874510
0.870588
0.850980
0.854902
0.843137
0.854902
0.866667
0.917647
0.572549
0.592157
0.894118
0.866667
0.854902
0.835294
0.827451
0.827451
0.835294
0.835294
0.835294
0.831373
0.823529
0.823529
0.741176
0.552941
0.368627
0.737255
0.713725
0.764706
0.823529
0.866667
0.878431
0.870588
0.882353
0.878431
0.862745
0.858824
0.847059
0.854902
0.870588
0.729412
0.466667
0.854902
0.898039
0.886275
0.913725
0.850980
0.823529
0.811765
0.823529
0.835294
0.839216
0.831373
0.831373
0.858824
0.831373
0.560784
0.215686
0.631373
0.745098
0.811765
0.815686
0.831373
0.858824
0.858824
0.866667
0.870588
0.858824
0.847059
0.835294
0.843137
0.784314
0.505882
0.639216
0.870588
0.866667
0.850980
0.886275
0.882353
0.827451
0.823529
0.823529
0.811765
0.800000
0.792157
0.756863
0.682353
0.690196
0.529412
0.243137
0.654902
0.709804
0.803922
0.866667
0.874510
0.843137
0.835294
0.850980
0.854902
0.843137
0.827451
0.819608
0.815686
0.619608
0.474510
0.827451
0.807843
0.819608
0.839216
0.858824
0.847059
0.796078
0.815686
0.819608
0.788235
0.749020
0.733333
0.647059
0.466667
0.466667
0.490196
0.376471
0.733333
0.709804
0.721569
0.776471
0.847059
0.886275
0.870588
0.870588
0.882353
0.862745
0.835294
0.843137
0.717647
0.490196
0.690196
0.862745
0.819608
0.831373
0.831373
0.850980
0.835294
0.796078
0.807843
0.815686
0.811765
0.788235
0.792157
0.776471
0.752941
0.749020
0.662745
0.478431
0.764706
0.784314
0.752941
0.725490
0.749020
0.800000
0.862745
0.894118
0.901961
0.898039
0.850980
0.776471
0.517647
0.501961
0.866667
0.839216
0.839216
0.847059
0.835294
0.831373
0.850980
0.819608
0.827451
0.831373
0.831373
0.823529
0.811765
0.796078
0.803922
0.819608
0.737255
0.603922
0.776471
0.792157
0.815686
0.815686
0.815686
0.772549
0.764706
0.796078
0.843137
0.874510
0.858824
0.639216
0.450980
0.662745
0.811765
0.827451
0.823529
0.847059
0.815686
0.800000
0.835294
0.831373
0.835294
0.831373
0.831373
0.835294
0.819608
0.811765
0.819608
0.854902
0.815686
0.733333
0.698039
0.760784
0.882353
0.874510
0.843137
0.843137
0.819608
0.780392
0.760784
0.776471
0.827451
0.831373
0.717647
0.788235
0.670588
0.756863
0.776471
0.823529
0.803922
0.788235
0.823529
0.835294
0.839216
0.839216
0.835294
0.831373
0.835294
0.831373
0.815686
0.854902
0.854902
0.807843
0.643137
0.498039
0.639216
0.772549
0.800000
0.835294
0.827451
0.686275
0.741176
0.749020
0.749020
0.792157
0.858824
0.878431
0.701961
0.694118
0.792157
0.800000
0.796078
0.784314
0.823529
0.823529
0.819608
0.823529
0.831373
0.839216
0.827451
0.827451
0.843137
0.870588
0.866667
0.839216
0.803922
0.670588
0.462745
0.447059
0.631373
0.772549
0.803922
0.709804
0.596078
0.647059
0.733333
0.749020
0.776471
0.886275
0.945098
0.670588
0.600000
0.792157
0.819608
0.800000
0.819608
0.803922
0.800000
0.807843
0.819608
0.843137
0.839216
0.835294
0.843137
0.815686
0.843137
0.862745
0.858824
0.819608
0.835294
0.729412
0.470588
0.462745
0.686275
0.796078
0.749020
0.647059
0.639216
0.745098
0.776471
0.815686
0.960784
0.815686
0.411765
0.800000
0.909804
0.901961
0.811765
0.792157
0.796078
0.807843
0.815686
0.827451
0.835294
0.847059
0.847059
0.807843
0.811765
0.854902
0.866667
0.870588
0.890196
0.921569
0.847059
0.541176
0.333333
0.482353
0.701961
0.776471
0.756863
0.792157
0.847059
0.831373
0.913725
0.788235
0.501961
0.796078
0.843137
0.843137
0.831373
0.819608
0.827451
0.843137
0.847059
0.835294
0.827451
0.827451
0.843137
0.847059
0.823529
0.839216
0.854902
0.858824
0.839216
0.725490
0.635294
0.631373
0.576471
0.376471
0.372549
0.564706
0.745098
0.835294
0.870588
0.698039
0.458824
0.313725
0.733333
0.854902
0.901961
0.823529
0.807843
0.839216
0.870588
0.862745
0.835294
0.823529
0.815686
0.815686
0.835294
0.843137
0.819608
0.772549
0.745098
0.721569
0.576471
0.498039
0.498039
0.576471
0.654902
0.678431
0.690196
0.584314
0.470588
0.619608
0.823529
0.749020
0.631373
0.796078
0.992157
0.866667
0.901961
0.886275
0.843137
0.858824
0.847059
0.835294
0.835294
0.827451
0.839216
0.827451
0.784314
0.686275
0.627451
0.588235
0.596078
0.650980
0.678431
0.650980
0.690196
0.796078
0.823529
0.800000
0.800000
0.792157
0.796078
0.596078
0.431373
0.525490
0.686275
0.768627
0.811765
0.701961
0.800000
0.819608
0.823529
0.823529
0.815686
0.780392
0.756863
0.701961
0.666667
0.627451
0.631373
0.694118
0.741176
0.784314
0.803922
0.788235
0.713725
0.639216
0.623529
0.756863
0.800000
0.800000
0.796078
0.776471
0.792157
0.839216
0.784314
0.623529
0.470588
0.403922
0.407843
0.682353
0.788235
0.819608
0.796078
0.749020
0.686275
0.662745
0.650980
0.674510
0.737255
0.776471
0.803922
0.827451
0.839216
0.850980
0.854902
0.835294
0.729412
0.643137
0.552941
0.580392
0.760784
0.823529
0.827451
0.823529
0.823529
0.823529
0.850980
0.890196
0.898039
0.854902
0.807843
0.819608
0.823529
0.819608
0.800000
0.788235
0.788235
0.823529
0.815686
0.827451
0.807843
0.792157
0.792157
0.811765
0.831373
0.862745
0.890196
0.894118
0.796078
0.690196
0.596078
0.419608
0.588235
0.839216
0.843137
0.850980
0.862745
0.866667
0.843137
0.803922
0.788235
0.807843
0.764706
0.784314
0.827451
0.819608
0.788235
0.862745
0.854902
0.854902
0.854902
0.854902
0.839216
0.831373
0.831373
0.835294
0.831373
0.850980
0.882353
0.890196
0.854902
0.780392
0.670588
0.286275
0.490196
0.831373
0.835294
0.843137
0.850980
0.823529
0.800000
0.784314
0.776471
0.792157
0.807843
0.823529
0.835294
0.815686
0.800000
0.858824
0.870588
0.878431
0.882353
0.878431
0.874510
0.870588
0.866667
0.843137
0.827451
0.847059
0.862745
0.870588
0.878431
0.815686
0.780392
0.352941
0.576471
0.819608
0.823529
0.835294
0.843137
0.823529
0.850980
0.850980
0.843137
0.866667
0.843137
0.823529
0.815686
0.800000
0.792157
0.827451
0.854902
0.866667
0.870588
0.866667
0.874510
0.874510
0.878431
0.858824
0.850980
0.858824
0.862745
0.862745
0.890196
0.862745
0.847059
0.729412
0.764706
0.831373
0.835294
0.854902
0.854902
0.843137
0.866667
0.890196
0.870588
0.866667
0.827451
0.803922
0.788235
0.776471
0.776471
0.831373
0.843137
0.850980
0.854902
0.850980
0.862745
0.870588
0.886275
0.886275
0.890196
0.882353
0.874510
0.870588
0.898039
0.913725
0.886275
0.858824
0.831373
0.843137
0.839216
0.854902
0.870588
0.854902
0.843137
0.835294
0.796078
0.784314
0.823529
0.811765
0.784314
0.780392
0.792157
