0.937255
0.929412
0.929412
0.941176
0.949020
0.949020
0.949020
0.937255
0.941176
0.945098
0.941176
0.945098
0.945098
0.937255
0.933333
0.929412
0.933333
0.933333
0.937255
0.941176
0.941176
0.933333
0.929412
0.929412
0.921569
0.921569
0.921569
0.917647
0.917647
0.913725
0.905882
0.901961
0.933333
0.929412
0.937255
0.952941
0.952941
0.949020
0.952941
0.949020
0.952941
0.952941
0.952941
0.952941
0.949020
0.941176
0.941176
0.933333
0.933333
0.933333
0.949020
0.960784
0.945098
0.929412
0.929412
0.937255
0.937255
0.941176
0.937255
0.929412
0.925490
0.917647
0.909804
0.909804
0.929412
0.933333
0.945098
0.949020
0.937255
0.945098
0.960784
0.956863
0.952941
0.952941
0.952941
0.949020
0.941176
0.941176
0.945098
0.941176
0.933333
0.937255
0.949020
0.952941
0.949020
0.945098
0.937255
0.941176
0.945098
0.949020
0.937255
0.933333
0.925490
0.913725
0.909804
0.925490
0.945098
0.933333
0.945098
0.945098
0.933333
0.937255
0.956863
0.956863
0.949020
0.949020
0.945098
0.941176
0.937255
0.937255
0.941176
0.933333
0.929412
0.933333
0.941176
0.945098
0.945098
0.945098
0.941176
0.941176
0.945098
0.937255
0.929412
0.929412
0.929412
0.925490
0.921569
0.929412
0.956863
0.937255
0.945098
0.941176
0.933333
0.937255
0.937255
0.937255
0.945098
0.941176
0.937255
0.937255
0.937255
0.937255
0.933333
0.929412
0.929412
0.925490
0.933333
0.941176
0.937255
0.937255
0.941176
0.941176
0.941176
0.933333
0.929412
0.929412
0.929412
0.929412
0.925490
0.921569
0.960784
0.937255
0.945098
0.941176
0.933333
0.933333
0.921569
0.917647
0.945098
0.941176
0.937255
0.937255
0.933333
0.933333
0.933333
0.929412
0.925490
0.917647
0.925490
0.925490
0.925490
0.933333
0.937255
0.933333
0.933333
0.929412
0.925490
0.925490
0.933333
0.921569
0.917647
0.917647
0.960784
0.941176
0.945098
0.945098
0.933333
0.937255
0.929412
0.925490
0.933333
0.937255
0.937255
0.941176
0.933333
0.933333
0.933333
0.925490
0.917647
0.917647
0.929412
0.945098
0.945098
0.945098
0.933333
0.929412
0.929412
0.925490
0.917647
0.925490
0.933333
0.921569
0.913725
0.917647
0.960784
0.945098
0.952941
0.945098
0.933333
0.929412
0.929412
0.925490
0.925490
0.933333
0.929412
0.937255
0.937255
0.937255
0.921569
0.909804
0.913725
0.913725
0.866667
0.780392
0.725490
0.784314
0.925490
0.933333
0.925490
0.921569
0.921569
0.925490
0.933333
0.929412
0.921569
0.917647
0.964706
0.949020
0.956863
0.945098
0.937255
0.933333
0.929412
0.933333
0.929412
0.929412
0.929412
0.937255
0.941176
0.937255
0.925490
0.898039
0.831373
0.717647
0.517647
0.415686
0.411765
0.552941
0.905882
0.925490
0.917647
0.917647
0.913725
0.933333
0.933333
0.929412
0.921569
0.925490
0.972549
0.952941
0.956863
0.945098
0.933333
0.937255
0.929412
0.929412
0.929412
0.929412
0.933333
0.933333
0.937255
0.898039
0.784314
0.647059
0.513725
0.349020
0.149020
0.141176
0.286275
0.490196
0.886275
0.941176
0.925490
0.901961
0.894118
0.921569
0.925490
0.921569
0.913725
0.921569
0.972549
0.956863
0.952941
0.949020
0.933333
0.929412
0.929412
0.925490
0.933333
0.929412
0.929412
0.929412
0.937255
0.764706
0.529412
0.494118
0.588235
0.333333
0.121569
0.329412
0.133333
0.403922
0.827451
0.894118
0.886275
0.819608
0.843137
0.929412
0.913725
0.933333
0.933333
0.898039
0.949020
0.945098
0.949020
0.937255
0.921569
0.909804
0.913725
0.913725
0.909804
0.917647
0.917647
0.925490
0.925490
0.831373
0.764706
0.823529
0.850980
0.372549
0.215686
0.584314
0.145098
0.345098
0.596078
0.560784
0.521569
0.521569
0.650980
0.654902
0.674510
0.647059
0.741176
0.905882
0.800000
0.815686
0.839216
0.839216
0.815686
0.827451
0.831373
0.835294
0.815686
0.858824
0.905882
0.917647
0.913725
0.854902
0.866667
0.862745
0.709804
0.305882
0.164706
0.250980
0.239216
0.298039
0.396078
0.462745
0.356863
0.368627
0.431373
0.321569
0.450980
0.345098
0.466667
0.666667
0.611765
0.611765
0.631373
0.635294
0.603922
0.607843
0.615686
0.603922
0.576471
0.768627
0.925490
0.909804
0.905882
0.717647
0.611765
0.545098
0.305882
0.184314
0.223529
0.352941
0.525490
0.298039
0.411765
0.654902
0.529412
0.549020
0.611765
0.513725
0.611765
0.552941
0.596078
0.345098
0.231373
0.254902
0.274510
0.254902
0.270588
0.286275
0.286275
0.278431
0.294118
0.698039
0.933333
0.909804
0.772549
0.486275
0.388235
0.333333
0.250980
0.200000
0.172549
0.423529
0.474510
0.239216
0.490196
0.745098
0.596078
0.607843
0.698039
0.647059
0.686275
0.639216
0.623529
0.349020
0.180392
0.211765
0.235294
0.262745
0.274510
0.247059
0.254902
0.258824
0.278431
0.678431
0.929412
0.780392
0.494118
0.447059
0.411765
0.470588
0.415686
0.188235
0.101961
0.274510
0.262745
0.133333
0.435294
0.682353
0.537255
0.529412
0.647059
0.576471
0.623529
0.588235
0.596078
0.356863
0.321569
0.407843
0.435294
0.470588
0.372549
0.254902
0.270588
0.270588
0.282353
0.639216
0.839216
0.682353
0.607843
0.545098
0.415686
0.541176
0.411765
0.164706
0.164706
0.384314
0.196078
0.094118
0.388235
0.576471
0.427451
0.419608
0.537255
0.439216
0.482353
0.443137
0.501961
0.254902
0.278431
0.313725
0.317647
0.262745
0.309804
0.290196
0.286275
0.282353
0.313725
0.521569
0.462745
0.486275
0.545098
0.356863
0.325490
0.317647
0.231373
0.196078
0.301961
0.317647
0.086275
0.105882
0.286275
0.396078
0.250980
0.211765
0.250980
0.215686
0.211765
0.152941
0.164706
0.125490
0.231373
0.227451
0.223529
0.188235
0.282353
0.329412
0.313725
0.313725
0.317647
0.376471
0.341176
0.376471
0.301961
0.290196
0.341176
0.266667
0.278431
0.250980
0.239216
0.164706
0.090196
0.113725
0.090196
0.113725
0.090196
0.062745
0.058824
0.082353
0.082353
0.070588
0.101961
0.078431
0.243137
0.439216
0.431373
0.282353
0.313725
0.329412
0.321569
0.372549
0.450980
0.447059
0.388235
0.513725
0.541176
0.478431
0.290196
0.239216
0.305882
0.215686
0.141176
0.121569
0.090196
0.090196
0.047059
0.027451
0.039216
0.039216
0.070588
0.117647
0.094118
0.149020
0.188235
0.156863
0.254902
0.647059
0.600000
0.345098
0.329412
0.341176
0.360784
0.431373
0.517647
0.611765
0.384314
0.619608
0.705882
0.392157
0.313725
0.227451
0.200000
0.207843
0.258824
0.239216
0.090196
0.078431
0.058824
0.066667
0.058824
0.031373
0.086275
0.121569
0.105882
0.243137
0.407843
0.450980
0.262745
0.611765
0.631373
0.450980
0.317647
0.349020
0.388235
0.337255
0.262745
0.427451
0.356863
0.439216
0.400000
0.341176
0.364706
0.345098
0.180392
0.200000
0.188235
0.152941
0.098039
0.090196
0.054902
0.137255
0.101961
0.047059
0.129412
0.101961
0.168627
0.360784
0.541176
0.639216
0.243137
0.333333
0.349020
0.298039
0.274510
0.337255
0.372549
0.294118
0.235294
0.278431
0.439216
0.466667
0.392157
0.290196
0.219608
0.341176
0.262745
0.156863
0.313725
0.301961
0.192157
0.184314
0.141176
0.301961
0.349020
0.380392
0.396078
0.133333
0.235294
0.372549
0.431373
0.658824
0.235294
0.266667
0.270588
0.266667
0.266667
0.294118
0.337255
0.345098
0.352941
0.250980
0.470588
0.549020
0.360784
0.254902
0.286275
0.294118
0.337255
0.415686
0.592157
0.521569
0.305882
0.250980
0.196078
0.352941
0.529412
0.517647
0.388235
0.188235
0.266667
0.388235
0.545098
0.666667
0.235294
0.262745
0.266667
0.282353
0.262745
0.231373
0.298039
0.364706
0.329412
0.172549
0.447059
0.466667
0.329412
0.317647
0.337255
0.407843
0.474510
0.721569
0.717647
0.600000
0.470588
0.313725
0.200000
0.274510
0.317647
0.298039
0.262745
0.250980
0.407843
0.545098
0.658824
0.690196
0.239216
0.223529
0.203922
0.188235
0.176471
0.250980
0.431373
0.396078
0.454902
0.298039
0.356863
0.482353
0.447059
0.556863
0.474510
0.549020
0.505882
0.580392
0.549020
0.509804
0.490196
0.462745
0.431373
0.427451
0.407843
0.439216
0.517647
0.580392
0.627451
0.709804
0.741176
0.713725
0.219608
0.254902
0.321569
0.388235
0.498039
0.658824
0.705882
0.450980
0.600000
0.474510
0.360784
0.600000
0.435294
0.576471
0.509804
0.486275
0.450980
0.470588
0.490196
0.517647
0.552941
0.611765
0.674510
0.682353
0.670588
0.686275
0.701961
0.694118
0.674510
0.674510
0.701961
0.698039
0.462745
0.533333
0.639216
0.749020
0.819608
0.843137
0.827451
0.537255
0.376471
0.345098
0.384314
0.439216
0.364706
0.427451
0.482353
0.458824
0.466667
0.588235
0.666667
0.701961
0.752941
0.792157
0.800000
0.756863
0.749020
0.741176
0.698039
0.682353
0.709804
0.709804
0.717647
0.733333
0.709804
0.729412
0.764706
0.815686
0.815686
0.792157
0.760784
0.650980
0.545098
0.588235
0.639216
0.635294
0.556863
0.494118
0.588235
0.623529
0.709804
0.811765
0.839216
0.807843
0.815686
0.796078
0.776471
0.721569
0.733333
0.796078
0.725490
0.713725
0.733333
0.737255
0.780392
0.764706
0.756863
0.772549
0.803922
0.807843
0.772549
0.760784
0.792157
0.792157
0.823529
0.843137
0.839216
0.831373
0.800000
0.815686
0.847059
0.839216
0.807843
0.843137
0.807843
0.792157
0.768627
0.729412
0.800000
0.772549
0.752941
0.819608
0.819608
0.839216
0.796078
0.784314
0.823529
0.807843
0.709804
0.741176
0.780392
0.788235
0.819608
0.823529
0.847059
0.854902
0.854902
0.854902
0.847059
0.874510
0.858824
0.882353
0.858824
0.815686
0.807843
0.847059
0.839216
0.835294
0.819608
0.811765
0.843137
0.850980
0.847059
0.827451
0.847059
0.866667
0.862745
0.870588
0.854902
0.803922
0.686275
0.733333
0.768627
0.760784
0.803922
0.811765
0.811765
0.819608
0.807843
0.839216
0.854902
0.854902
0.843137
0.858824
0.831373
0.835294
0.866667
0.850980
0.854902
0.858824
0.858824
0.839216
0.843137
0.862745
0.850980
0.823529
0.815686
0.819608
0.839216
0.835294
0.839216
0.776471
0.937255
0.929412
0.929412
0.941176
0.949020
0.949020
0.949020
0.937255
0.941176
0.945098
0.941176
0.945098
0.945098
0.937255
0.933333
0.929412
0.933333
0.933333
0.937255
0.941176
0.941176
0.933333
0.929412
0.929412
0.921569
0.921569
0.921569
0.917647
0.917647
0.913725
0.905882
0.901961
0.933333
0.929412
0.937255
0.952941
0.952941
0.949020
0.952941
0.949020
0.952941
0.952941
0.952941
0.952941
0.949020
0.941176
0.941176
0.933333
0.933333
0.933333
0.949020
0.960784
0.945098
0.929412
0.929412
0.937255
0.937255
0.941176
0.937255
0.929412
0.925490
0.917647
0.909804
0.909804
0.929412
0.933333
0.945098
0.949020
0.937255
0.945098
0.960784
0.956863
0.952941
0.952941
0.952941
0.949020
0.941176
0.941176
0.945098
0.941176
0.933333
0.937255
0.949020
0.952941
0.949020
0.945098
0.937255
0.941176
0.945098
0.949020
0.937255
0.933333
0.925490
0.913725
0.909804
0.925490
0.945098
0.933333
0.945098
0.945098
0.933333
0.937255
0.956863
0.956863
0.949020
0.949020
0.945098
0.941176
0.937255
0.937255
0.941176
0.933333
0.929412
0.933333
0.941176
0.945098
0.945098
0.945098
0.941176
0.941176
0.945098
0.937255
0.929412
0.929412
0.929412
0.925490
0.921569
0.929412
0.956863
0.937255
0.945098
0.941176
0.933333
0.937255
0.937255
0.937255
0.945098
0.941176
0.937255
0.937255
0.937255
0.937255
0.933333
0.929412
0.929412
0.925490
0.933333
0.941176
0.937255
0.937255
0.941176
0.941176
0.941176
0.933333
0.929412
0.929412
0.929412
0.929412
0.925490
0.921569
0.960784
0.937255
0.945098
0.941176
0.933333
0.933333
0.921569
0.917647
0.945098
0.941176
0.937255
0.937255
0.933333
0.933333
0.933333
0.929412
0.925490
0.917647
0.925490
0.925490
0.925490
0.933333
0.937255
0.933333
0.933333
0.929412
0.925490
0.925490
0.933333
0.921569
0.917647
0.917647
0.960784
0.941176
0.945098
0.945098
0.933333
0.937255
0.929412
0.925490
0.933333
0.937255
0.937255
0.941176
0.933333
0.933333
0.933333
0.925490
0.917647
0.917647
0.929412
0.945098
0.945098
0.945098
0.933333
0.929412
0.929412
0.925490
0.917647
0.925490
0.933333
0.921569
0.913725
0.917647
0.960784
0.945098
0.952941
0.945098
0.933333
0.929412
0.929412
0.925490
0.925490
0.933333
0.929412
0.937255
0.937255
0.937255
0.921569
0.909804
0.913725
0.913725
0.866667
0.780392
0.725490
0.784314
0.925490
0.933333
0.925490
0.921569
0.921569
0.925490
0.933333
0.929412
0.921569
0.917647
0.964706
0.949020
0.956863
0.945098
0.937255
0.933333
0.929412
0.933333
0.929412
0.929412
0.929412
0.937255
0.941176
0.937255
0.925490
0.898039
0.831373
0.717647
0.517647
0.415686
0.411765
0.552941
0.905882
0.925490
0.917647
0.917647
0.913725
0.933333
0.933333
0.929412
0.921569
0.925490
0.972549
0.952941
0.956863
0.945098
0.933333
0.937255
0.929412
0.929412
0.929412
0.929412
0.933333
0.933333
0.937255
0.898039
0.784314
0.647059
0.513725
0.349020
0.149020
0.141176
0.286275
0.490196
0.886275
0.941176
0.925490
0.901961
0.894118
0.921569
0.925490
0.921569
0.913725
0.921569
0.972549
0.956863
0.952941
0.949020
0.933333
0.929412
0.929412
0.925490
0.933333
0.929412
0.929412
0.929412
0.937255
0.764706
0.529412
0.494118
0.588235
0.333333
0.121569
0.329412
0.133333
0.403922
0.827451
0.894118
0.886275
0.819608
0.843137
0.929412
0.913725
0.933333
0.933333
0.898039
0.949020
0.945098
0.949020
0.937255
0.921569
0.909804
0.913725
0.913725
0.909804
0.917647
0.917647
0.925490
0.925490
0.831373
0.764706
0.823529
0.850980
0.372549
0.215686
0.584314
0.145098
0.345098
0.596078
0.560784
0.521569
0.521569
0.650980
0.654902
0.674510
0.647059
0.741176
0.905882
0.800000
0.815686
0.839216
0.839216
0.815686
0.827451
0.831373
0.835294
0.815686
0.858824
0.905882
0.917647
0.913725
0.854902
0.866667
0.862745
0.709804
0.305882
0.164706
0.250980
0.239216
0.298039
0.396078
0.462745
0.356863
0.368627
0.431373
0.321569
0.450980
0.345098
0.466667
0.666667
0.611765
0.611765
0.631373
0.635294
0.603922
0.607843
0.615686
0.603922
0.576471
0.768627
0.925490
0.909804
0.905882
0.717647
0.611765
0.545098
0.305882
0.184314
0.223529
0.352941
0.525490
0.298039
0.411765
0.654902
0.529412
0.549020
0.611765
0.513725
0.611765
0.552941
0.596078
0.345098
0.231373
0.254902
0.274510
0.254902
0.270588
0.286275
0.286275
0.278431
0.294118
0.698039
0.933333
0.909804
0.772549
0.486275
0.388235
0.333333
0.250980
0.200000
0.172549
0.423529
0.474510
0.239216
0.490196
0.745098
0.596078
0.607843
0.698039
0.647059
0.686275
0.639216
0.623529
0.349020
0.180392
0.211765
0.235294
0.262745
0.274510
0.247059
0.254902
0.258824
0.278431
0.678431
0.929412
0.780392
0.494118
0.447059
0.411765
0.470588
0.415686
0.188235
0.101961
0.274510
0.262745
0.133333
0.435294
0.682353
0.537255
0.529412
0.647059
0.576471
0.623529
0.588235
0.596078
0.356863
0.321569
0.407843
0.435294
0.470588
0.372549
0.254902
0.270588
0.270588
0.282353
0.639216
0.839216
0.682353
0.607843
0.545098
0.415686
0.541176
0.411765
0.164706
0.164706
0.384314
0.196078
0.094118
0.388235
0.576471
0.427451
0.419608
0.537255
0.439216
0.482353
0.443137
0.501961
0.254902
0.278431
0.313725
0.317647
0.262745
0.309804
0.290196
0.286275
0.282353
0.313725
0.521569
0.462745
0.486275
0.545098
0.356863
0.325490
0.317647
0.231373
0.196078
0.301961
0.317647
0.086275
0.105882
0.286275
0.396078
0.250980
0.211765
0.250980
0.215686
0.211765
0.152941
0.164706
0.125490
0.231373
0.227451
0.223529
0.188235
0.282353
0.329412
0.313725
0.313725
0.317647
0.376471
0.341176
0.376471
0.301961
0.290196
0.341176
0.266667
0.278431
0.250980
0.239216
0.164706
0.090196
0.113725
0.090196
0.113725
0.090196
0.062745
0.058824
0.082353
0.082353
0.070588
0.101961
0.078431
0.243137
0.439216
0.431373
0.282353
0.313725
0.329412
0.321569
0.372549
0.450980
0.447059
0.388235
0.513725
0.541176
0.478431
0.290196
0.239216
0.305882
0.215686
0.141176
0.121569
0.090196
0.090196
0.047059
0.027451
0.039216
0.039216
0.070588
0.117647
0.094118
0.149020
0.188235
0.156863
0.254902
0.647059
0.600000
0.345098
0.329412
0.341176
0.360784
0.431373
0.517647
0.611765
0.384314
0.619608
0.705882
0.392157
0.313725
0.227451
0.200000
0.207843
0.258824
0.239216
0.090196
0.078431
0.058824
0.066667
0.058824
0.031373
0.086275
0.121569
0.105882
0.243137
0.407843
0.450980
0.262745
0.611765
0.631373
0.450980
0.317647
0.349020
0.388235
0.337255
0.262745
0.427451
0.356863
0.439216
0.400000
0.341176
0.364706
0.345098
0.180392
0.200000
0.188235
0.152941
0.098039
0.090196
0.054902
0.137255
0.101961
0.047059
0.129412
0.101961
0.168627
0.360784
0.541176
0.639216
0.243137
0.333333
0.349020
0.298039
0.274510
0.337255
0.372549
0.294118
0.235294
0.278431
0.439216
0.466667
0.392157
0.290196
0.219608
0.341176
0.262745
0.156863
0.313725
0.301961
0.192157
0.184314
0.141176
0.301961
0.349020
0.380392
0.396078
0.133333
0.235294
0.372549
0.431373
0.658824
0.235294
0.266667
0.270588
0.266667
0.266667
0.294118
0.337255
0.345098
0.352941
0.250980
0.470588
0.549020
0.360784
0.254902
0.286275
0.294118
0.337255
0.415686
0.592157
0.521569
0.305882
0.250980
0.196078
0.352941
0.529412
0.517647
0.388235
0.188235
0.266667
0.388235
0.545098
0.666667
0.235294
0.262745
0.266667
0.282353
0.262745
0.231373
0.298039
0.364706
0.329412
0.172549
0.447059
0.466667
0.329412
0.317647
0.337255
0.407843
0.474510
0.721569
0.717647
0.600000
0.470588
0.313725
0.200000
0.274510
0.317647
0.298039
0.262745
0.250980
0.407843
0.545098
0.658824
0.690196
0.239216
0.223529
0.203922
0.188235
0.176471
0.250980
0.431373
0.396078
0.454902
0.298039
0.356863
0.482353
0.447059
0.556863
0.474510
0.549020
0.505882
0.580392
0.549020
0.509804
0.490196
0.462745
0.431373
0.427451
0.407843
0.439216
0.517647
0.580392
0.627451
0.709804
0.741176
0.713725
0.219608
0.254902
0.321569
0.388235
0.498039
0.658824
0.705882
0.450980
0.600000
0.474510
0.360784
0.600000
0.435294
0.576471
0.509804
0.486275
0.450980
0.470588
0.490196
0.517647
0.552941
0.611765
0.674510
0.682353
0.670588
0.686275
0.701961
0.694118
0.674510
0.674510
0.701961
0.698039
0.462745
0.533333
0.639216
0.749020
0.819608
0.843137
0.827451
0.537255
0.376471
0.345098
0.384314
0.439216
0.364706
0.427451
0.482353
0.458824
0.466667
0.588235
0.666667
0.701961
0.752941
0.792157
0.800000
0.756863
0.749020
0.741176
0.698039
0.682353
0.709804
0.709804
0.717647
0.733333
0.709804
0.729412
0.764706
0.815686
0.815686
0.792157
0.760784
0.650980
0.545098
0.588235
0.639216
0.635294
0.556863
0.494118
0.588235
0.623529
0.709804
0.811765
0.839216
0.807843
0.815686
0.796078
0.776471
0.721569
0.733333
0.796078
0.725490
0.713725
0.733333
0.737255
0.780392
0.764706
0.756863
0.772549
0.803922
0.807843
0.772549
0.760784
0.792157
0.792157
0.823529
0.843137
0.839216
0.831373
0.800000
0.815686
0.847059
0.839216
0.807843
0.843137
0.807843
0.792157
0.768627
0.729412
0.800000
0.772549
0.752941
0.819608
0.819608
0.839216
0.796078
0.784314
0.823529
0.807843
0.709804
0.741176
0.780392
0.788235
0.819608
0.823529
0.847059
0.854902
0.854902
0.854902
0.847059
0.874510
0.858824
0.882353
0.858824
0.815686
0.807843
0.847059
0.839216
0.835294
0.819608
0.811765
0.843137
0.850980
0.847059
0.827451
0.847059
0.866667
0.862745
0.870588
0.854902
0.803922
0.686275
0.733333
0.768627
0.760784
0.803922
0.811765
0.811765
0.819608
0.807843
0.839216
0.854902
0.854902
0.843137
0.858824
0.831373
0.835294
0.866667
0.850980
0.854902
0.858824
0.858824
0.839216
0.843137
0.862745
0.850980
0.823529
0.815686
0.819608
0.839216
0.835294
0.839216
0.776471
0.937255
0.929412
0.929412
0.941176
0.949020
0.949020
0.949020
0.937255
0.941176
0.945098
0.941176
0.945098
0.945098
0.937255
0.933333
0.929412
0.933333
0.933333
0.937255
0.941176
0.941176
0.933333
0.929412
0.929412
0.921569
0.921569
0.921569
0.917647
0.917647
0.913725
0.905882
0.901961
0.933333
0.929412
0.937255
0.952941
0.952941
0.949020
0.952941
0.949020
0.952941
0.952941
0.952941
0.952941
0.949020
0.941176
0.941176
0.933333
0.933333
0.933333
0.949020
0.960784
0.945098
0.929412
0.929412
0.937255
0.937255
0.941176
0.937255
0.929412
0.925490
0.917647
0.909804
0.909804
0.929412
0.933333
0.945098
0.949020
0.937255
0.945098
0.960784
0.956863
0.952941
0.952941
0.952941
0.949020
0.941176
0.941176
0.945098
0.941176
0.933333
0.937255
0.949020
0.952941
0.949020
0.945098
0.937255
0.941176
0.945098
0.949020
0.937255
0.933333
0.925490
0.913725
0.909804
0.925490
0.945098
0.933333
0.945098
0.945098
0.933333
0.937255
0.956863
0.956863
0.949020
0.949020
0.945098
0.941176
0.937255
0.937255
0.941176
0.933333
0.929412
0.933333
0.941176
0.945098
0.945098
0.945098
0.941176
0.941176
0.945098
0.937255
0.929412
0.929412
0.929412
0.925490
0.921569
0.929412
0.956863
0.937255
0.945098
0.941176
0.933333
0.937255
0.937255
0.937255
0.945098
0.941176
0.937255
0.937255
0.937255
0.937255
0.933333
0.929412
0.929412
0.925490
0.933333
0.941176
0.937255
0.937255
0.941176
0.941176
0.941176
0.933333
0.929412
0.929412
0.929412
0.929412
0.925490
0.921569
0.960784
0.937255
0.945098
0.941176
0.933333
0.933333
0.921569
0.917647
0.945098
0.941176
0.937255
0.937255
0.933333
0.933333
0.933333
0.929412
0.925490
0.917647
0.925490
0.925490
0.925490
0.933333
0.937255
0.933333
0.933333
0.929412
0.925490
0.925490
0.933333
0.921569
0.917647
0.917647
0.960784
0.941176
0.945098
0.945098
0.933333
0.937255
0.929412
0.925490
0.933333
0.937255
0.937255
0.941176
0.933333
0.933333
0.933333
0.925490
0.917647
0.917647
0.929412
0.945098
0.945098
0.945098
0.933333
0.929412
0.929412
0.925490
0.917647
0.925490
0.933333
0.921569
0.913725
0.917647
0.960784
0.945098
0.952941
0.945098
0.933333
0.929412
0.929412
0.925490
0.925490
0.933333
0.929412
0.937255
0.937255
0.937255
0.921569
0.909804
0.913725
0.913725
0.866667
0.780392
0.725490
0.784314
0.925490
0.933333
0.925490
0.921569
0.921569
0.925490
0.933333
0.929412
0.921569
0.917647
0.964706
0.949020
0.956863
0.945098
0.937255
0.933333
0.929412
0.933333
0.929412
0.929412
0.929412
0.937255
0.941176
0.937255
0.925490
0.898039
0.831373
0.717647
0.517647
0.415686
0.411765
0.552941
0.905882
0.925490
0.917647
0.917647
0.913725
0.933333
0.933333
0.929412
0.921569
0.925490
0.972549
0.952941
0.956863
0.945098
0.933333
0.937255
0.929412
0.929412
0.929412
0.929412
0.933333
0.933333
0.937255
0.898039
0.784314
0.647059
0.513725
0.349020
0.149020
0.141176
0.286275
0.490196
0.886275
0.941176
0.925490
0.901961
0.894118
0.921569
0.925490
0.921569
0.913725
0.921569
0.972549
0.956863
0.952941
0.949020
0.933333
0.929412
0.929412
0.925490
0.933333
0.929412
0.929412
0.929412
0.937255
0.764706
0.529412
0.494118
0.588235
0.333333
0.121569
0.329412
0.133333
0.403922
0.827451
0.894118
0.886275
0.819608
0.843137
0.929412
0.913725
0.933333
0.933333
0.898039
0.949020
0.945098
0.949020
0.937255
0.921569
0.909804
0.913725
0.913725
0.909804
0.917647
0.917647
0.925490
0.925490
0.831373
0.764706
0.823529
0.850980
0.372549
0.215686
0.584314
0.145098
0.345098
0.596078
0.560784
0.521569
0.521569
0.650980
0.654902
0.674510
0.647059
0.741176
0.905882
0.800000
0.815686
0.839216
0.839216
0.815686
0.827451
0.831373
0.835294
0.815686
0.858824
0.905882
0.917647
0.913725
0.854902
0.866667
0.862745
0.709804
0.305882
0.164706
0.250980
0.239216
0.298039
0.396078
0.462745
0.356863
0.368627
0.431373
0.321569
0.450980
0.345098
0.466667
0.666667
0.611765
0.611765
0.631373
0.635294
0.603922
0.607843
0.615686
0.603922
0.576471
0.768627
0.925490
0.909804
0.905882
0.717647
0.611765
0.545098
0.305882
0.184314
0.223529
0.352941
0.525490
0.298039
0.411765
0.654902
0.529412
0.549020
0.611765
0.513725
0.611765
0.552941
0.596078
0.345098
0.231373
0.254902
0.274510
0.254902
0.270588
0.286275
0.286275
0.278431
0.294118
0.698039
0.933333
0.909804
0.772549
0.486275
0.388235
0.333333
0.250980
0.200000
0.172549
0.423529
0.474510
0.239216
0.490196
0.745098
0.596078
0.607843
0.698039
0.647059
0.686275
0.639216
0.623529
0.349020
0.180392
0.211765
0.235294
0.262745
0.274510
0.247059
0.254902
0.258824
0.278431
0.678431
0.929412
0.780392
0.494118
0.447059
0.411765
0.470588
0.415686
0.188235
0.101961
0.274510
0.262745
0.133333
0.435294
0.682353
0.537255
0.529412
0.647059
0.576471
0.623529
0.588235
0.596078
0.356863
0.321569
0.407843
0.435294
0.470588
0.372549
0.254902
0.270588
0.270588
0.282353
0.639216
0.839216
0.682353
0.607843
0.545098
0.415686
0.541176
0.411765
0.164706
0.164706
0.384314
0.196078
0.094118
0.388235
0.576471
0.427451
0.419608
0.537255
0.439216
0.482353
0.443137
0.501961
0.254902
0.278431
0.313725
0.317647
0.262745
0.309804
0.290196
0.286275
0.282353
0.313725
0.521569
0.462745
0.486275
0.545098
0.356863
0.325490
0.317647
0.231373
0.196078
0.301961
0.317647
0.086275
0.105882
0.286275
0.396078
0.250980
0.211765
0.250980
0.215686
0.211765
0.152941
0.164706
0.125490
0.231373
0.227451
0.223529
0.188235
0.282353
0.329412
0.313725
0.313725
0.317647
0.376471
0.341176
0.376471
0.301961
0.290196
0.341176
0.266667
0.278431
0.250980
0.239216
0.164706
0.090196
0.113725
0.090196
0.113725
0.090196
0.062745
0.058824
0.082353
0.082353
0.070588
0.101961
0.078431
0.243137
0.439216
0.431373
0.282353
0.313725
0.329412
0.321569
0.372549
0.450980
0.447059
0.388235
0.513725
0.541176
0.478431
0.290196
0.239216
0.305882
0.215686
0.141176
0.121569
0.090196
0.090196
0.047059
0.027451
0.039216
0.039216
0.070588
0.117647
0.094118
0.149020
0.188235
0.156863
0.254902
0.647059
0.600000
0.345098
0.329412
0.341176
0.360784
0.431373
0.517647
0.611765
0.384314
0.619608
0.705882
0.392157
0.313725
0.227451
0.200000
0.207843
0.258824
0.239216
0.090196
0.078431
0.058824
0.066667
0.058824
0.031373
0.086275
0.121569
0.105882
0.243137
0.407843
0.450980
0.262745
0.611765
0.631373
0.450980
0.317647
0.349020
0.388235
0.337255
0.262745
0.427451
0.356863
0.439216
0.400000
0.341176
0.364706
0.345098
0.180392
0.200000
0.188235
0.152941
0.098039
0.090196
0.054902
0.137255
0.101961
0.047059
0.129412
0.101961
0.168627
0.360784
0.541176
0.639216
0.243137
0.333333
0.349020
0.298039
0.274510
0.337255
0.372549
0.294118
0.235294
0.278431
0.439216
0.466667
0.392157
0.290196
0.219608
0.341176
0.262745
0.156863
0.313725
0.301961
0.192157
0.184314
0.141176
0.301961
0.349020
0.380392
0.396078
0.133333
0.235294
0.372549
0.431373
0.658824
0.235294
0.266667
0.270588
0.266667
0.266667
0.294118
0.337255
0.345098
0.352941
0.250980
0.470588
0.549020
0.360784
0.254902
0.286275
0.294118
0.337255
0.415686
0.592157
0.521569
0.305882
0.250980
0.196078
0.352941
0.529412
0.517647
0.388235
0.188235
0.266667
0.388235
0.545098
0.666667
0.235294
0.262745
0.266667
0.282353
0.262745
0.231373
0.298039
0.364706
0.329412
0.172549
0.447059
0.466667
0.329412
0.317647
0.337255
0.407843
0.474510
0.721569
0.717647
0.600000
0.470588
0.313725
0.200000
0.274510
0.317647
0.298039
0.262745
0.250980
0.407843
0.545098
0.658824
0.690196
0.239216
0.223529
0.203922
0.188235
0.176471
0.250980
0.431373
0.396078
0.454902
0.298039
0.356863
0.482353
0.447059
0.556863
0.474510
0.549020
0.505882
0.580392
0.549020
0.509804
0.490196
0.462745
0.431373
0.427451
0.407843
0.439216
0.517647
0.580392
0.627451
0.709804
0.741176
0.713725
0.219608
0.254902
0.321569
0.388235
0.498039
0.658824
0.705882
0.450980
0.600000
0.474510
0.360784
0.600000
0.435294
0.576471
0.509804
0.486275
0.450980
0.470588
0.490196
0.517647
0.552941
0.611765
0.674510
0.682353
0.670588
0.686275
0.701961
0.694118
0.674510
0.674510
0.701961
0.698039
0.462745
0.533333
0.639216
0.749020
0.819608
0.843137
0.827451
0.537255
0.376471
0.345098
0.384314
0.439216
0.364706
0.427451
0.482353
0.458824
0.466667
0.588235
0.666667
0.701961
0.752941
0.792157
0.800000
0.756863
0.749020
0.741176
0.698039
0.682353
0.709804
0.709804
0.717647
0.733333
0.709804
0.729412
0.764706
0.815686
0.815686
0.792157
0.760784
0.650980
0.545098
0.588235
0.639216
0.635294
0.556863
0.494118
0.588235
0.623529
0.709804
0.811765
0.839216
0.807843
0.815686
0.796078
0.776471
0.721569
0.733333
0.796078
0.725490
0.713725
0.733333
0.737255
0.780392
0.764706
0.756863
0.772549
0.803922
0.807843
0.772549
0.760784
0.792157
0.792157
0.823529
0.843137
0.839216
0.831373
0.800000
0.815686
0.847059
0.839216
0.807843
0.843137
0.807843
0.792157
0.768627
0.729412
0.800000
0.772549
0.752941
0.819608
0.819608
0.839216
0.796078
0.784314
0.823529
0.807843
0.709804
0.741176
0.780392
0.788235
0.819608
0.823529
0.847059
0.854902
0.854902
0.854902
0.847059
0.874510
0.858824
0.882353
0.858824
0.815686
0.807843
0.847059
0.839216
0.835294
0.819608
0.811765
0.843137
0.850980
0.847059
0.827451
0.847059
0.866667
0.862745
0.870588
0.854902
0.803922
0.686275
0.733333
0.768627
0.760784
0.803922
0.811765
0.811765
0.819608
0.807843
0.839216
0.854902
0.854902
0.843137
0.858824
0.831373
0.835294
0.866667
0.850980
0.854902
0.858824
0.858824
0.839216
0.843137
0.862745
0.850980
0.823529
0.815686
0.819608
0.839216
0.835294
0.839216
0.776471
