0.580392
0.564706
0.564706
0.564706
0.568627
0.568627
0.568627
0.568627
0.568627
0.568627
0.568627
0.568627
0.568627
0.568627
0.568627
0.568627
0.564706
0.564706
0.564706
0.564706
0.564706
0.568627
0.568627
0.568627
0.568627
0.568627
0.564706
0.560784
0.584314
0.403922
0.070588
0.380392
0.588235
0.572549
0.572549
0.576471
0.580392
0.580392
0.580392
0.580392
0.580392
0.580392
0.580392
0.580392
0.580392
0.580392
0.580392
0.580392
0.576471
0.572549
0.576471
0.576471
0.580392
0.580392
0.580392
0.580392
0.580392
0.580392
0.580392
0.576471
0.584314
0.235294
0.039216
0.447059
0.588235
0.572549
0.576471
0.580392
0.584314
0.584314
0.584314
0.584314
0.584314
0.584314
0.584314
0.584314
0.584314
0.584314
0.584314
0.584314
0.580392
0.576471
0.576471
0.576471
0.580392
0.584314
0.584314
0.584314
0.584314
0.584314
0.584314
0.588235
0.513725
0.094118
0.086275
0.509804
0.588235
0.576471
0.576471
0.580392
0.584314
0.584314
0.584314
0.584314
0.584314
0.584314
0.584314
0.584314
0.584314
0.584314
0.584314
0.584314
0.580392
0.576471
0.576471
0.576471
0.580392
0.584314
0.584314
0.584314
0.584314
0.584314
0.580392
0.588235
0.431373
0.043137
0.145098
0.549020
0.592157
0.580392
0.580392
0.584314
0.584314
0.584314
0.584314
0.584314
0.584314
0.584314
0.584314
0.584314
0.584314
0.584314
0.584314
0.584314
0.580392
0.580392
0.580392
0.580392
0.584314
0.588235
0.584314
0.584314
0.584314
0.584314
0.584314
0.568627
0.337255
0.054902
0.219608
0.576471
0.596078
0.580392
0.584314
0.580392
0.580392
0.580392
0.580392
0.580392
0.580392
0.580392
0.580392
0.584314
0.584314
0.584314
0.584314
0.584314
0.584314
0.584314
0.584314
0.584314
0.584314
0.588235
0.584314
0.584314
0.580392
0.576471
0.588235
0.529412
0.188235
0.062745
0.313725
0.592157
0.596078
0.580392
0.584314
0.580392
0.576471
0.580392
0.580392
0.580392
0.580392
0.580392
0.580392
0.580392
0.584314
0.584314
0.580392
0.580392
0.584314
0.584314
0.584314
0.584314
0.584314
0.584314
0.584314
0.584314
0.576471
0.572549
0.588235
0.407843
0.117647
0.062745
0.396078
0.596078
0.596078
0.580392
0.584314
0.584314
0.580392
0.580392
0.580392
0.580392
0.580392
0.580392
0.580392
0.580392
0.584314
0.584314
0.580392
0.580392
0.584314
0.584314
0.584314
0.584314
0.584314
0.584314
0.584314
0.584314
0.580392
0.576471
0.576471
0.329412
0.176471
0.113725
0.458824
0.596078
0.600000
0.584314
0.584314
0.584314
0.584314
0.584314
0.580392
0.580392
0.580392
0.580392
0.580392
0.580392
0.584314
0.584314
0.580392
0.580392
0.580392
0.584314
0.584314
0.584314
0.584314
0.588235
0.584314
0.584314
0.580392
0.588235
0.490196
0.207843
0.105882
0.168627
0.525490
0.592157
0.600000
0.588235
0.588235
0.584314
0.584314
0.584314
0.584314
0.584314
0.584314
0.584314
0.584314
0.584314
0.584314
0.584314
0.584314
0.584314
0.584314
0.584314
0.584314
0.584314
0.588235
0.592157
0.588235
0.584314
0.580392
0.592157
0.360784
0.054902
0.133333
0.223529
0.564706
0.592157
0.603922
0.588235
0.588235
0.584314
0.584314
0.584314
0.584314
0.584314
0.584314
0.584314
0.584314
0.584314
0.584314
0.584314
0.588235
0.588235
0.588235
0.588235
0.588235
0.588235
0.588235
0.592157
0.592157
0.592157
0.592157
0.556863
0.211765
0.066667
0.062745
0.301961
0.596078
0.588235
0.596078
0.584314
0.592157
0.588235
0.584314
0.584314
0.580392
0.580392
0.584314
0.580392
0.580392
0.580392
0.580392
0.580392
0.584314
0.584314
0.584314
0.584314
0.584314
0.584314
0.592157
0.592157
0.592157
0.588235
0.600000
0.486275
0.160784
0.149020
0.141176
0.447059
0.603922
0.588235
0.588235
0.584314
0.596078
0.592157
0.588235
0.584314
0.576471
0.576471
0.580392
0.580392
0.580392
0.576471
0.576471
0.580392
0.584314
0.580392
0.576471
0.576471
0.580392
0.580392
0.588235
0.592157
0.584314
0.576471
0.588235
0.427451
0.239216
0.345098
0.372549
0.560784
0.596078
0.592157
0.592157
0.572549
0.588235
0.596078
0.592157
0.584314
0.576471
0.576471
0.576471
0.580392
0.588235
0.596078
0.588235
0.588235
0.588235
0.592157
0.588235
0.588235
0.596078
0.596078
0.607843
0.611765
0.596078
0.615686
0.572549
0.337255
0.290196
0.368627
0.470588
0.592157
0.588235
0.588235
0.607843
0.611765
0.584314
0.576471
0.592157
0.584314
0.576471
0.576471
0.588235
0.627451
0.694118
0.733333
0.725490
0.725490
0.729412
0.733333
0.737255
0.737255
0.737255
0.745098
0.741176
0.756863
0.772549
0.725490
0.403922
0.117647
0.121569
0.196078
0.517647
0.580392
0.580392
0.584314
0.380392
0.498039
0.572549
0.623529
0.603922
0.588235
0.588235
0.592157
0.556863
0.564706
0.631373
0.662745
0.639216
0.639216
0.643137
0.643137
0.643137
0.647059
0.639216
0.635294
0.576471
0.509804
0.592157
0.419608
0.094118
0.011765
0.047059
0.258824
0.603922
0.627451
0.588235
0.588235
0.341176
0.270588
0.313725
0.450980
0.580392
0.615686
0.607843
0.560784
0.411765
0.360784
0.364706
0.403922
0.388235
0.447059
0.474510
0.482353
0.474510
0.474510
0.454902
0.411765
0.388235
0.305882
0.196078
0.137255
0.105882
0.098039
0.243137
0.513725
0.635294
0.513725
0.537255
0.615686
0.658824
0.372549
0.192157
0.211765
0.396078
0.639216
0.666667
0.564706
0.380392
0.250980
0.262745
0.329412
0.329412
0.505882
0.556863
0.564706
0.564706
0.525490
0.466667
0.427451
0.407843
0.345098
0.074510
0.054902
0.117647
0.156863
0.215686
0.349020
0.450980
0.313725
0.490196
0.643137
0.592157
0.329412
0.125490
0.364706
0.392157
0.325490
0.447059
0.631373
0.584314
0.482353
0.384314
0.380392
0.486275
0.529412
0.556863
0.580392
0.568627
0.517647
0.466667
0.431373
0.423529
0.243137
0.058824
0.039216
0.105882
0.180392
0.219608
0.247059
0.258824
0.396078
0.580392
0.615686
0.368627
0.109804
0.066667
0.509804
0.615686
0.474510
0.243137
0.282353
0.396078
0.603922
0.584314
0.560784
0.474510
0.439216
0.501961
0.549020
0.545098
0.521569
0.501961
0.494118
0.447059
0.172549
0.058824
0.043137
0.050980
0.231373
0.278431
0.270588
0.392157
0.627451
0.717647
0.721569
0.329412
0.090196
0.141176
0.533333
0.513725
0.443137
0.105882
0.184314
0.309804
0.337255
0.356863
0.513725
0.658824
0.549020
0.427451
0.462745
0.505882
0.486275
0.462745
0.447059
0.360784
0.070588
0.023529
0.007843
0.027451
0.188235
0.317647
0.568627
0.796078
0.792157
0.721569
0.682353
0.411765
0.317647
0.494118
0.568627
0.384314
0.254902
0.027451
0.176471
0.341176
0.321569
0.282353
0.223529
0.345098
0.631373
0.537255
0.372549
0.474510
0.482353
0.458824
0.400000
0.282353
0.050980
0.011765
0.019608
0.054902
0.286275
0.639216
0.650980
0.709804
0.698039
0.509804
0.415686
0.619608
0.592157
0.627451
0.603922
0.400000
0.243137
0.074510
0.298039
0.309804
0.356863
0.403922
0.458824
0.270588
0.180392
0.368627
0.290196
0.368627
0.392157
0.337255
0.298039
0.247059
0.094118
0.090196
0.101961
0.176471
0.447059
0.650980
0.478431
0.549020
0.615686
0.549020
0.317647
0.627451
0.596078
0.603922
0.615686
0.501961
0.388235
0.396078
0.521569
0.411765
0.568627
0.580392
0.592157
0.501961
0.262745
0.384314
0.388235
0.294118
0.337255
0.407843
0.313725
0.219608
0.274510
0.298039
0.196078
0.121569
0.388235
0.611765
0.588235
0.607843
0.600000
0.600000
0.478431
0.619608
0.596078
0.607843
0.607843
0.603922
0.592157
0.615686
0.552941
0.345098
0.572549
0.619608
0.623529
0.545098
0.211765
0.439216
0.588235
0.290196
0.282353
0.572549
0.443137
0.243137
0.349020
0.454902
0.364706
0.380392
0.552941
0.603922
0.596078
0.603922
0.600000
0.600000
0.607843
0.619608
0.607843
0.607843
0.603922
0.600000
0.603922
0.611765
0.529412
0.309804
0.552941
0.615686
0.635294
0.388235
0.062745
0.403922
0.400000
0.058824
0.133333
0.423529
0.141176
0.050980
0.098039
0.494118
0.627451
0.619608
0.611765
0.607843
0.607843
0.607843
0.607843
0.607843
0.596078
0.623529
0.607843
0.607843
0.603922
0.603922
0.607843
0.615686
0.611765
0.596078
0.615686
0.615686
0.623529
0.549020
0.486275
0.600000
0.486275
0.352941
0.494118
0.513725
0.278431
0.270588
0.356863
0.580392
0.623529
0.603922
0.603922
0.611765
0.611765
0.611765
0.607843
0.607843
0.607843
0.623529
0.607843
0.607843
0.607843
0.607843
0.611765
0.611765
0.615686
0.623529
0.619608
0.619608
0.619608
0.619608
0.623529
0.619608
0.615686
0.619608
0.623529
0.607843
0.600000
0.611765
0.627451
0.623529
0.611765
0.611765
0.607843
0.607843
0.611765
0.611765
0.611765
0.611765
0.611765
0.627451
0.607843
0.611765
0.611765
0.615686
0.615686
0.615686
0.615686
0.619608
0.619608
0.619608
0.619608
0.615686
0.615686
0.615686
0.611765
0.607843
0.607843
0.607843
0.603922
0.615686
0.619608
0.619608
0.619608
0.615686
0.611765
0.611765
0.607843
0.611765
0.615686
0.615686
0.611765
0.631373
0.615686
0.615686
0.615686
0.615686
0.615686
0.615686
0.619608
0.619608
0.619608
0.619608
0.619608
0.623529
0.623529
0.623529
0.623529
0.619608
0.615686
0.615686
0.615686
0.619608
0.619608
0.619608
0.623529
0.619608
0.615686
0.615686
0.615686
0.615686
0.615686
0.619608
0.619608
0.627451
0.611765
0.619608
0.615686
0.615686
0.615686
0.619608
0.619608
0.623529
0.623529
0.623529
0.623529
0.627451
0.627451
0.627451
0.627451
0.619608
0.619608
0.619608
0.623529
0.615686
0.615686
0.615686
0.615686
0.619608
0.619608
0.615686
0.596078
0.592157
0.596078
0.596078
0.596078
0.623529
0.607843
0.607843
0.611765
0.611765
0.615686
0.615686
0.615686
0.615686
0.615686
0.615686
0.615686
0.619608
0.619608
0.615686
0.615686
0.615686
0.615686
0.615686
0.615686
0.611765
0.607843
0.607843
0.603922
0.607843
0.615686
0.592157
0.470588
0.423529
0.450980
0.478431
0.494118
0.635294
0.619608
0.615686
0.619608
0.623529
0.623529
0.623529
0.623529
0.623529
0.623529
0.623529
0.623529
0.623529
0.623529
0.627451
0.627451
0.619608
0.619608
0.619608
0.619608
0.623529
0.623529
0.623529
0.623529
0.623529
0.623529
0.623529
0.619608
0.635294
0.431373
0.090196
0.400000
0.647059
0.627451
0.627451
0.631373
0.635294
0.635294
0.635294
0.635294
0.635294
0.635294
0.635294
0.635294
0.635294
0.635294
0.635294
0.635294
0.631373
0.627451
0.631373
0.631373
0.635294
0.635294
0.635294
0.635294
0.635294
0.635294
0.635294
0.631373
0.635294
0.262745
0.066667
0.474510
0.647059
0.627451
0.631373
0.639216
0.639216
0.639216
0.639216
0.639216
0.639216
0.639216
0.639216
0.639216
0.639216
0.639216
0.639216
0.639216
0.635294
0.631373
0.631373
0.631373
0.635294
0.639216
0.639216
0.639216
0.639216
0.639216
0.639216
0.643137
0.564706
0.133333
0.121569
0.545098
0.647059
0.631373
0.631373
0.635294
0.639216
0.639216
0.639216
0.639216
0.639216
0.639216
0.639216
0.639216
0.639216
0.639216
0.639216
0.639216
0.635294
0.631373
0.631373
0.631373
0.635294
0.639216
0.639216
0.639216
0.639216
0.639216
0.635294
0.643137
0.486275
0.094118
0.188235
0.600000
0.650980
0.631373
0.635294
0.639216
0.639216
0.639216
0.639216
0.639216
0.639216
0.639216
0.639216
0.639216
0.643137
0.643137
0.643137
0.643137
0.639216
0.635294
0.635294
0.635294
0.643137
0.643137
0.643137
0.643137
0.643137
0.643137
0.643137
0.627451
0.396078
0.109804
0.266667
0.627451
0.654902
0.635294
0.639216
0.639216
0.639216
0.639216
0.643137
0.643137
0.643137
0.643137
0.639216
0.643137
0.643137
0.643137
0.643137
0.643137
0.643137
0.643137
0.643137
0.643137
0.647059
0.647059
0.647059
0.647059
0.643137
0.639216
0.647059
0.584314
0.239216
0.117647
0.364706
0.647059
0.654902
0.635294
0.639216
0.639216
0.639216
0.643137
0.643137
0.643137
0.643137
0.643137
0.643137
0.643137
0.647059
0.647059
0.643137
0.643137
0.647059
0.647059
0.647059
0.647059
0.647059
0.647059
0.647059
0.647059
0.643137
0.639216
0.650980
0.458824
0.164706
0.121569
0.450980
0.650980
0.654902
0.635294
0.639216
0.643137
0.643137
0.643137
0.643137
0.643137
0.643137
0.643137
0.643137
0.643137
0.647059
0.647059
0.643137
0.643137
0.647059
0.647059
0.647059
0.647059
0.647059
0.647059
0.647059
0.647059
0.647059
0.647059
0.635294
0.380392
0.219608
0.172549
0.513725
0.654902
0.654902
0.639216
0.639216
0.643137
0.647059
0.647059
0.643137
0.643137
0.643137
0.643137
0.643137
0.643137
0.647059
0.647059
0.643137
0.643137
0.643137
0.647059
0.647059
0.647059
0.647059
0.650980
0.647059
0.647059
0.647059
0.654902
0.549020
0.258824
0.152941
0.227451
0.580392
0.647059
0.658824
0.643137
0.643137
0.647059
0.647059
0.647059
0.647059
0.647059
0.647059
0.647059
0.647059
0.647059
0.647059
0.647059
0.647059
0.647059
0.647059
0.647059
0.647059
0.647059
0.650980
0.654902
0.650980
0.647059
0.647059
0.662745
0.419608
0.101961
0.180392
0.274510
0.619608
0.647059
0.658824
0.643137
0.643137
0.647059
0.647059
0.647059
0.647059
0.647059
0.647059
0.647059
0.647059
0.647059
0.647059
0.647059
0.647059
0.650980
0.650980
0.650980
0.650980
0.650980
0.650980
0.654902
0.654902
0.650980
0.658824
0.627451
0.270588
0.117647
0.105882
0.356863
0.650980
0.643137
0.662745
0.643137
0.643137
0.643137
0.643137
0.643137
0.647059
0.647059
0.647059
0.647059
0.647059
0.647059
0.650980
0.650980
0.654902
0.654902
0.650980
0.654902
0.654902
0.654902
0.654902
0.654902
0.654902
0.658824
0.666667
0.541176
0.207843
0.196078
0.180392
0.501961
0.654902
0.643137
0.658824
0.647059
0.647059
0.639216
0.639216
0.643137
0.647059
0.647059
0.647059
0.647059
0.654902
0.650980
0.650980
0.650980
0.658824
0.654902
0.650980
0.650980
0.650980
0.654902
0.643137
0.643137
0.650980
0.654902
0.658824
0.466667
0.282353
0.392157
0.419608
0.611765
0.643137
0.643137
0.650980
0.627451
0.647059
0.647059
0.650980
0.650980
0.654902
0.654902
0.647059
0.639216
0.635294
0.643137
0.647059
0.647059
0.650980
0.650980
0.647059
0.647059
0.654902
0.654902
0.647059
0.643137
0.643137
0.670588
0.619608
0.368627
0.325490
0.407843
0.513725
0.650980
0.643137
0.643137
0.647059
0.666667
0.647059
0.635294
0.650980
0.650980
0.654902
0.654902
0.658824
0.674510
0.713725
0.745098
0.760784
0.764706
0.768627
0.772549
0.780392
0.776471
0.776471
0.784314
0.772549
0.780392
0.800000
0.752941
0.427451
0.133333
0.145098
0.219608
0.556863
0.647059
0.639216
0.643137
0.415686
0.545098
0.627451
0.670588
0.643137
0.639216
0.647059
0.654902
0.619608
0.603922
0.650980
0.670588
0.662745
0.662745
0.666667
0.670588
0.670588
0.674510
0.662745
0.658824
0.607843
0.541176
0.619608
0.439216
0.113725
0.031373
0.066667
0.282353
0.639216
0.686275
0.647059
0.647059
0.372549
0.301961
0.349020
0.478431
0.603922
0.647059
0.647059
0.603922
0.462745
0.403922
0.400000
0.431373
0.411765
0.470588
0.501961
0.505882
0.501961
0.501961
0.478431
0.439216
0.423529
0.345098
0.219608
0.152941
0.117647
0.117647
0.262745
0.537255
0.662745
0.564706
0.584314
0.658824
0.682353
0.388235
0.203922
0.223529
0.411765
0.654902
0.686275
0.592157
0.423529
0.301961
0.317647
0.384314
0.360784
0.537255
0.588235
0.592157
0.592157
0.552941
0.494118
0.454902
0.447059
0.380392
0.094118
0.066667
0.133333
0.184314
0.235294
0.368627
0.478431
0.352941
0.521569
0.670588
0.607843
0.321569
0.125490
0.388235
0.407843
0.317647
0.435294
0.631373
0.607843
0.513725
0.423529
0.427451
0.533333
0.572549
0.592157
0.615686
0.607843
0.552941
0.494118
0.454902
0.447059
0.270588
0.078431
0.058824
0.137255
0.215686
0.227451
0.250980
0.278431
0.419608
0.600000
0.635294
0.388235
0.109804
0.074510
0.556863
0.662745
0.486275
0.250980
0.290196
0.403922
0.619608
0.611765
0.592157
0.505882
0.466667
0.533333
0.588235
0.580392
0.552941
0.521569
0.505882
0.466667
0.196078
0.078431
0.062745
0.082353
0.262745
0.282353
0.266667
0.403922
0.639216
0.729412
0.741176
0.364706
0.113725
0.156863
0.588235
0.572549
0.478431
0.141176
0.211765
0.313725
0.349020
0.376471
0.533333
0.654902
0.556863
0.454902
0.505882
0.541176
0.517647
0.482353
0.462745
0.380392
0.094118
0.043137
0.023529
0.043137
0.207843
0.321569
0.572549
0.803922
0.803922
0.733333
0.694118
0.454902
0.360784
0.525490
0.603922
0.411765
0.270588
0.050980
0.196078
0.345098
0.329412
0.301961
0.243137
0.337255
0.639216
0.568627
0.423529
0.521569
0.521569
0.482353
0.419608
0.301961
0.070588
0.027451
0.031373
0.066667
0.301961
0.654902
0.662745
0.721569
0.709804
0.521569
0.423529
0.662745
0.650980
0.674510
0.627451
0.407843
0.247059
0.090196
0.317647
0.325490
0.380392
0.435294
0.490196
0.286275
0.200000
0.407843
0.337255
0.411765
0.431373
0.364706
0.321569
0.262745
0.101961
0.094118
0.109804
0.184314
0.466667
0.690196
0.513725
0.580392
0.650980
0.576471
0.333333
0.674510
0.670588
0.666667
0.658824
0.537255
0.423529
0.439216
0.564706
0.435294
0.603922
0.623529
0.639216
0.541176
0.301961
0.423529
0.423529
0.329412
0.368627
0.427451
0.329412
0.223529
0.274510
0.305882
0.207843
0.133333
0.419608
0.670588
0.650980
0.654902
0.658824
0.643137
0.501961
0.678431
0.662745
0.666667
0.666667
0.666667
0.654902
0.682353
0.615686
0.392157
0.619608
0.670588
0.674510
0.576471
0.243137
0.470588
0.615686
0.317647
0.301961
0.584314
0.454902
0.250980
0.356863
0.478431
0.400000
0.423529
0.600000
0.670588
0.654902
0.658824
0.658824
0.654902
0.650980
0.678431
0.658824
0.662745
0.666667
0.662745
0.666667
0.674510
0.596078
0.368627
0.611765
0.674510
0.686275
0.415686
0.086275
0.435294
0.431373
0.082353
0.152941
0.443137
0.168627
0.066667
0.113725
0.533333
0.690196
0.682353
0.666667
0.662745
0.662745
0.662745
0.662745
0.662745
0.654902
0.678431
0.662745
0.662745
0.666667
0.666667
0.670588
0.678431
0.674510
0.658824
0.674510
0.670588
0.678431
0.596078
0.537255
0.650980
0.533333
0.400000
0.537255
0.552941
0.321569
0.298039
0.384314
0.623529
0.678431
0.662745
0.658824
0.666667
0.666667
0.666667
0.662745
0.662745
0.662745
0.682353
0.662745
0.662745
0.666667
0.670588
0.674510
0.674510
0.678431
0.682353
0.678431
0.674510
0.674510
0.682353
0.686275
0.678431
0.678431
0.686275
0.686275
0.670588
0.662745
0.658824
0.662745
0.670588
0.666667
0.666667
0.662745
0.666667
0.666667
0.666667
0.666667
0.666667
0.666667
0.686275
0.662745
0.666667
0.674510
0.678431
0.678431
0.678431
0.678431
0.678431
0.674510
0.674510
0.674510
0.678431
0.674510
0.678431
0.674510
0.674510
0.674510
0.674510
0.674510
0.674510
0.670588
0.674510
0.674510
0.670588
0.666667
0.666667
0.662745
0.666667
0.670588
0.670588
0.666667
0.686275
0.666667
0.670588
0.678431
0.682353
0.678431
0.678431
0.678431
0.674510
0.674510
0.674510
0.678431
0.678431
0.674510
0.674510
0.678431
0.678431
0.678431
0.678431
0.678431
0.682353
0.682353
0.678431
0.674510
0.674510
0.670588
0.670588
0.670588
0.670588
0.670588
0.674510
0.674510
0.690196
0.674510
0.678431
0.678431
0.678431
0.678431
0.678431
0.678431
0.678431
0.678431
0.678431
0.678431
0.678431
0.674510
0.670588
0.674510
0.674510
0.674510
0.678431
0.678431
0.682353
0.682353
0.678431
0.674510
0.674510
0.678431
0.674510
0.650980
0.647059
0.643137
0.643137
0.639216
0.686275
0.666667
0.666667
0.666667
0.662745
0.666667
0.670588
0.670588
0.670588
0.670588
0.670588
0.670588
0.670588
0.666667
0.666667
0.666667
0.666667
0.666667
0.666667
0.670588
0.674510
0.674510
0.670588
0.666667
0.666667
0.670588
0.647059
0.517647
0.466667
0.478431
0.505882
0.521569
0.768627
0.756863
0.768627
0.768627
0.764706
0.768627
0.768627
0.764706
0.760784
0.760784
0.756863
0.756863
0.756863
0.756863
0.756863
0.760784
0.756863
0.752941
0.756863
0.756863
0.756863
0.756863
0.756863
0.756863
0.756863
0.756863
0.752941
0.749020
0.764706
0.545098
0.207843
0.537255
0.780392
0.768627
0.780392
0.780392
0.780392
0.780392
0.780392
0.776471
0.772549
0.772549
0.772549
0.772549
0.780392
0.784314
0.784314
0.780392
0.768627
0.764706
0.768627
0.768627
0.776471
0.784314
0.784314
0.784314
0.784314
0.784314
0.780392
0.780392
0.776471
0.376471
0.184314
0.607843
0.776471
0.768627
0.780392
0.784314
0.784314
0.784314
0.788235
0.784314
0.780392
0.780392
0.776471
0.780392
0.792157
0.792157
0.796078
0.792157
0.772549
0.768627
0.768627
0.768627
0.780392
0.792157
0.792157
0.792157
0.792157
0.792157
0.792157
0.800000
0.709804
0.243137
0.235294
0.678431
0.776471
0.768627
0.784314
0.784314
0.784314
0.784314
0.784314
0.780392
0.776471
0.776471
0.776471
0.776471
0.784314
0.784314
0.784314
0.784314
0.772549
0.768627
0.768627
0.768627
0.776471
0.780392
0.784314
0.784314
0.784314
0.784314
0.780392
0.788235
0.623529
0.203922
0.298039
0.725490
0.780392
0.772549
0.788235
0.788235
0.784314
0.784314
0.784314
0.780392
0.776471
0.776471
0.776471
0.776471
0.772549
0.772549
0.772549
0.772549
0.772549
0.772549
0.772549
0.772549
0.772549
0.772549
0.772549
0.772549
0.772549
0.772549
0.772549
0.756863
0.521569
0.215686
0.380392
0.756863
0.784314
0.776471
0.788235
0.784314
0.776471
0.780392
0.780392
0.780392
0.776471
0.776471
0.776471
0.776471
0.772549
0.772549
0.772549
0.772549
0.776471
0.776471
0.776471
0.776471
0.776471
0.776471
0.776471
0.772549
0.772549
0.768627
0.772549
0.705882
0.356863
0.227451
0.490196
0.780392
0.784314
0.776471
0.788235
0.780392
0.772549
0.776471
0.776471
0.776471
0.776471
0.776471
0.776471
0.776471
0.780392
0.780392
0.776471
0.776471
0.780392
0.780392
0.780392
0.780392
0.780392
0.780392
0.780392
0.780392
0.780392
0.772549
0.776471
0.580392
0.278431
0.235294
0.592157
0.792157
0.784314
0.776471
0.788235
0.784314
0.776471
0.776471
0.776471
0.776471
0.776471
0.776471
0.776471
0.776471
0.780392
0.780392
0.776471
0.776471
0.780392
0.780392
0.780392
0.780392
0.780392
0.780392
0.780392
0.780392
0.780392
0.780392
0.764706
0.501961
0.337255
0.286275
0.654902
0.792157
0.788235
0.776471
0.792157
0.784314
0.780392
0.780392
0.776471
0.776471
0.776471
0.776471
0.776471
0.776471
0.780392
0.780392
0.776471
0.776471
0.776471
0.780392
0.780392
0.780392
0.780392
0.784314
0.780392
0.780392
0.780392
0.788235
0.678431
0.380392
0.266667
0.341176
0.721569
0.788235
0.792157
0.780392
0.792157
0.788235
0.780392
0.780392
0.780392
0.780392
0.780392
0.780392
0.780392
0.780392
0.780392
0.780392
0.780392
0.780392
0.780392
0.780392
0.780392
0.780392
0.784314
0.788235
0.784314
0.780392
0.784314
0.796078
0.549020
0.227451
0.294118
0.392157
0.760784
0.784314
0.792157
0.780392
0.796078
0.788235
0.780392
0.780392
0.780392
0.780392
0.780392
0.780392
0.780392
0.780392
0.780392
0.780392
0.780392
0.780392
0.780392
0.780392
0.780392
0.780392
0.784314
0.788235
0.788235
0.788235
0.796078
0.764706
0.400000
0.243137
0.223529
0.474510
0.792157
0.784314
0.792157
0.776471
0.780392
0.784314
0.788235
0.784314
0.784314
0.780392
0.780392
0.784314
0.788235
0.788235
0.792157
0.792157
0.796078
0.796078
0.792157
0.796078
0.796078
0.796078
0.796078
0.796078
0.792157
0.788235
0.796078
0.670588
0.325490
0.301961
0.278431
0.611765
0.792157
0.776471
0.796078
0.776471
0.776471
0.784314
0.792157
0.788235
0.784314
0.784314
0.784314
0.788235
0.796078
0.796078
0.800000
0.800000
0.803922
0.800000
0.800000
0.796078
0.800000
0.803922
0.803922
0.803922
0.796078
0.784314
0.780392
0.584314
0.376471
0.462745
0.486275
0.721569
0.776471
0.768627
0.784314
0.772549
0.803922
0.792157
0.776471
0.776471
0.776471
0.780392
0.784314
0.768627
0.760784
0.760784
0.764706
0.764706
0.764706
0.768627
0.764706
0.764706
0.772549
0.772549
0.784314
0.788235
0.780392
0.807843
0.752941
0.482353
0.419608
0.478431
0.580392
0.768627
0.788235
0.784314
0.729412
0.776471
0.788235
0.772549
0.780392
0.788235
0.792157
0.788235
0.784314
0.784314
0.807843
0.823529
0.835294
0.839216
0.843137
0.847059
0.850980
0.850980
0.850980
0.858824
0.843137
0.854902
0.886275
0.850980
0.537255
0.239216
0.235294
0.294118
0.631373
0.764706
0.796078
0.803922
0.435294
0.588235
0.694118
0.784314
0.792157
0.796078
0.815686
0.807843
0.733333
0.701961
0.729412
0.737255
0.721569
0.725490
0.725490
0.729412
0.729412
0.733333
0.725490
0.721569
0.623529
0.537255
0.635294
0.462745
0.168627
0.105882
0.133333
0.337255
0.701961
0.784314
0.784314
0.796078
0.407843
0.325490
0.360784
0.537255
0.705882
0.768627
0.788235
0.737255
0.568627
0.498039
0.486275
0.509804
0.482353
0.541176
0.568627
0.576471
0.572549
0.572549
0.549020
0.509804
0.450980
0.341176
0.227451
0.164706
0.141176
0.152941
0.294118
0.568627
0.698039
0.619608
0.678431
0.776471
0.776471
0.439216
0.219608
0.239216
0.439216
0.698039
0.749020
0.670588
0.509804
0.392157
0.411765
0.474510
0.443137
0.619608
0.670588
0.670588
0.670588
0.631373
0.572549
0.533333
0.517647
0.439216
0.149020
0.109804
0.156863
0.184314
0.239216
0.372549
0.486275
0.372549
0.580392
0.760784
0.701961
0.364706
0.168627
0.439216
0.454902
0.356863
0.462745
0.662745
0.647059
0.564706
0.482353
0.486275
0.592157
0.650980
0.666667
0.666667
0.650980
0.592157
0.529412
0.482353
0.501961
0.341176
0.149020
0.125490
0.180392
0.211765
0.203922
0.219608
0.266667
0.450980
0.658824
0.713725
0.427451
0.117647
0.105882
0.650980
0.756863
0.541176
0.282353
0.305882
0.403922
0.627451
0.623529
0.615686
0.552941
0.541176
0.611765
0.647059
0.627451
0.592157
0.556863
0.533333
0.498039
0.235294
0.129412
0.121569
0.117647
0.254902
0.247059
0.223529
0.388235
0.678431
0.772549
0.780392
0.376471
0.117647
0.196078
0.701961
0.678431
0.517647
0.152941
0.207843
0.290196
0.329412
0.364706
0.533333
0.678431
0.607843
0.525490
0.576471
0.592157
0.556863
0.517647
0.490196
0.388235
0.094118
0.066667
0.066667
0.066667
0.188235
0.294118
0.545098
0.800000
0.839216
0.752941
0.686275
0.513725
0.431373
0.635294
0.737255
0.490196
0.278431
0.039216
0.184314
0.325490
0.313725
0.294118
0.235294
0.321569
0.635294
0.588235
0.458824
0.533333
0.521569
0.474510
0.407843
0.278431
0.054902
0.031373
0.050980
0.078431
0.294118
0.662745
0.682353
0.756863
0.776471
0.552941
0.403922
0.788235
0.780392
0.827451
0.764706
0.470588
0.243137
0.094118
0.345098
0.352941
0.411765
0.474510
0.525490
0.286275
0.192157
0.407843
0.364706
0.419608
0.419608
0.345098
0.298039
0.254902
0.105882
0.101961
0.113725
0.192157
0.498039
0.756863
0.603922
0.678431
0.764706
0.654902
0.356863
0.815686
0.807843
0.807843
0.800000
0.619608
0.450980
0.501961
0.662745
0.521569
0.690196
0.721569
0.741176
0.619608
0.349020
0.466667
0.498039
0.380392
0.403922
0.458824
0.352941
0.262745
0.313725
0.317647
0.196078
0.141176
0.494118
0.792157
0.800000
0.807843
0.811765
0.768627
0.580392
0.807843
0.796078
0.803922
0.807843
0.784314
0.745098
0.803922
0.737255
0.486275
0.733333
0.800000
0.811765
0.690196
0.317647
0.541176
0.713725
0.376471
0.368627
0.662745
0.501961
0.290196
0.407843
0.529412
0.443137
0.486275
0.713725
0.811765
0.815686
0.815686
0.811765
0.796078
0.772549
0.811765
0.800000
0.811765
0.807843
0.796078
0.800000
0.811765
0.705882
0.450980
0.717647
0.807843
0.827451
0.521569
0.156863
0.509804
0.521569
0.129412
0.223529
0.537255
0.211765
0.098039
0.176471
0.623529
0.807843
0.815686
0.807843
0.800000
0.800000
0.800000
0.800000
0.800000
0.792157
0.811765
0.800000
0.811765
0.807843
0.800000
0.803922
0.811765
0.788235
0.756863
0.788235
0.807843
0.819608
0.717647
0.635294
0.749020
0.643137
0.474510
0.635294
0.666667
0.400000
0.364706
0.474510
0.733333
0.815686
0.803922
0.796078
0.803922
0.803922
0.803922
0.800000
0.800000
0.800000
0.811765
0.800000
0.811765
0.807843
0.803922
0.807843
0.811765
0.803922
0.796078
0.803922
0.811765
0.815686
0.811765
0.811765
0.807843
0.807843
0.796078
0.811765
0.803922
0.776471
0.764706
0.784314
0.803922
0.819608
0.819608
0.803922
0.803922
0.803922
0.803922
0.803922
0.803922
0.803922
0.815686
0.803922
0.815686
0.815686
0.811765
0.811765
0.811765
0.807843
0.807843
0.811765
0.811765
0.811765
0.811765
0.819608
0.823529
0.811765
0.807843
0.819608
0.823529
0.811765
0.800000
0.800000
0.815686
0.831373
0.823529
0.803922
0.803922
0.800000
0.800000
0.803922
0.803922
0.803922
0.819608
0.807843
0.819608
0.819608
0.811765
0.811765
0.811765
0.815686
0.819608
0.815686
0.811765
0.807843
0.807843
0.831373
0.827451
0.811765
0.823529
0.827451
0.823529
0.827451
0.819608
0.811765
0.811765
0.819608
0.815686
0.807843
0.807843
0.811765
0.811765
0.811765
0.811765
0.811765
0.819608
0.811765
0.823529
0.819608
0.811765
0.811765
0.815686
0.815686
0.823529
0.819608
0.815686
0.807843
0.803922
0.823529
0.823529
0.807843
0.819608
0.819608
0.815686
0.823529
0.815686
0.811765
0.811765
0.811765
0.815686
0.815686
0.803922
0.772549
0.760784
0.760784
0.756863
0.756863
0.803922
0.796078
0.803922
0.800000
0.792157
0.796078
0.800000
0.800000
0.800000
0.800000
0.800000
0.796078
0.796078
0.800000
0.796078
0.796078
0.796078
0.796078
0.796078
0.800000
0.800000
0.800000
0.796078
0.792157
0.800000
0.803922
0.752941
0.596078
0.529412
0.552941
0.580392
0.592157
