0.121569
0.125490
0.125490
0.117647
0.133333
0.149020
0.160784
0.149020
0.141176
0.164706
0.168627
0.203922
0.282353
0.223529
0.188235
0.192157
0.188235
0.172549
0.168627
0.156863
0.152941
0.152941
0.149020
0.145098
0.156863
0.211765
0.403922
0.482353
0.658824
0.662745
0.368627
0.290196
0.172549
0.192157
0.235294
0.317647
0.196078
0.141176
0.156863
0.219608
0.227451
0.188235
0.196078
0.286275
0.415686
0.345098
0.250980
0.313725
0.345098
0.254902
0.176471
0.188235
0.176471
0.152941
0.149020
0.145098
0.145098
0.184314
0.368627
0.450980
0.627451
0.658824
0.380392
0.282353
0.207843
0.450980
0.545098
0.564706
0.486275
0.227451
0.149020
0.266667
0.490196
0.427451
0.341176
0.403922
0.254902
0.247059
0.250980
0.286275
0.498039
0.372549
0.266667
0.556863
0.364706
0.152941
0.149020
0.145098
0.145098
0.176471
0.345098
0.458824
0.627451
0.666667
0.400000
0.290196
0.156863
0.298039
0.501961
0.490196
0.450980
0.435294
0.407843
0.317647
0.498039
0.631373
0.517647
0.309804
0.243137
0.250980
0.301961
0.341176
0.384314
0.435294
0.580392
0.666667
0.317647
0.149020
0.133333
0.149020
0.152941
0.164706
0.333333
0.509804
0.631373
0.670588
0.427451
0.278431
0.309804
0.337255
0.529412
0.580392
0.474510
0.462745
0.607843
0.725490
0.752941
0.768627
0.686275
0.439216
0.419608
0.529412
0.541176
0.545098
0.364706
0.470588
0.686275
0.615686
0.443137
0.427451
0.309804
0.176471
0.145098
0.145098
0.243137
0.427451
0.639216
0.690196
0.454902
0.278431
0.447059
0.482353
0.611765
0.603922
0.525490
0.447059
0.505882
0.701961
0.776471
0.776471
0.772549
0.643137
0.619608
0.701961
0.670588
0.658824
0.592157
0.619608
0.713725
0.709804
0.690196
0.682353
0.627451
0.372549
0.160784
0.141176
0.121569
0.356863
0.666667
0.678431
0.470588
0.294118
0.509804
0.431373
0.556863
0.600000
0.552941
0.513725
0.545098
0.584314
0.580392
0.541176
0.584314
0.615686
0.623529
0.764706
0.800000
0.772549
0.807843
0.823529
0.819608
0.803922
0.756863
0.678431
0.564706
0.345098
0.164706
0.141176
0.121569
0.368627
0.658824
0.650980
0.486275
0.290196
0.427451
0.482353
0.454902
0.611765
0.603922
0.541176
0.537255
0.545098
0.498039
0.439216
0.407843
0.462745
0.525490
0.658824
0.776471
0.827451
0.843137
0.843137
0.839216
0.792157
0.729412
0.662745
0.478431
0.270588
0.152941
0.145098
0.121569
0.329412
0.666667
0.674510
0.533333
0.298039
0.337255
0.509804
0.435294
0.541176
0.411765
0.372549
0.388235
0.443137
0.529412
0.466667
0.376471
0.388235
0.435294
0.564706
0.698039
0.784314
0.819608
0.835294
0.835294
0.807843
0.788235
0.745098
0.537255
0.317647
0.184314
0.145098
0.129412
0.329412
0.670588
0.682353
0.576471
0.321569
0.380392
0.392157
0.447059
0.376471
0.247059
0.152941
0.239216
0.443137
0.466667
0.250980
0.227451
0.356863
0.396078
0.490196
0.635294
0.752941
0.803922
0.815686
0.819608
0.823529
0.815686
0.800000
0.741176
0.552941
0.329412
0.156863
0.121569
0.356863
0.670588
0.670588
0.584314
0.325490
0.419608
0.305882
0.400000
0.341176
0.372549
0.462745
0.486275
0.384314
0.239216
0.117647
0.101961
0.231373
0.380392
0.443137
0.584314
0.635294
0.690196
0.784314
0.815686
0.819608
0.788235
0.752941
0.764706
0.752941
0.572549
0.305882
0.152941
0.384314
0.682353
0.654902
0.607843
0.349020
0.596078
0.450980
0.400000
0.509804
0.439216
0.411765
0.282353
0.152941
0.109804
0.078431
0.086275
0.101961
0.211765
0.341176
0.427451
0.376471
0.564706
0.756863
0.741176
0.764706
0.780392
0.780392
0.780392
0.760784
0.698039
0.509804
0.301961
0.427451
0.682353
0.647059
0.611765
0.380392
0.619608
0.556863
0.364706
0.486275
0.443137
0.250980
0.125490
0.129412
0.188235
0.176471
0.125490
0.109804
0.098039
0.172549
0.215686
0.262745
0.517647
0.513725
0.588235
0.776471
0.827451
0.831373
0.823529
0.800000
0.784314
0.733333
0.501961
0.501961
0.674510
0.600000
0.615686
0.392157
0.611765
0.600000
0.470588
0.286275
0.243137
0.152941
0.078431
0.192157
0.415686
0.513725
0.329412
0.137255
0.113725
0.109804
0.117647
0.250980
0.341176
0.282353
0.560784
0.792157
0.823529
0.827451
0.819608
0.752941
0.694118
0.690196
0.607843
0.576471
0.670588
0.588235
0.615686
0.403922
0.603922
0.603922
0.588235
0.298039
0.101961
0.070588
0.196078
0.509804
0.607843
0.615686
0.576471
0.356863
0.156863
0.113725
0.109804
0.184314
0.200000
0.266667
0.580392
0.756863
0.800000
0.811765
0.784314
0.627451
0.529412
0.607843
0.674510
0.658824
0.674510
0.596078
0.619608
0.439216
0.611765
0.603922
0.623529
0.505882
0.168627
0.098039
0.247059
0.556863
0.615686
0.603922
0.619608
0.603922
0.431373
0.192157
0.113725
0.125490
0.156863
0.294118
0.552941
0.713725
0.788235
0.760784
0.666667
0.533333
0.588235
0.666667
0.576471
0.654902
0.666667
0.603922
0.631373
0.462745
0.615686
0.611765
0.619608
0.619608
0.349020
0.141176
0.149020
0.341176
0.564706
0.603922
0.611765
0.600000
0.603922
0.513725
0.301961
0.137255
0.125490
0.356863
0.549020
0.690196
0.698039
0.600000
0.537255
0.623529
0.764706
0.690196
0.509804
0.576471
0.654902
0.592157
0.607843
0.470588
0.623529
0.619608
0.615686
0.623529
0.537255
0.274510
0.211765
0.164706
0.266667
0.470588
0.611765
0.615686
0.611765
0.611765
0.596078
0.329412
0.109804
0.270588
0.513725
0.639216
0.588235
0.513725
0.560784
0.674510
0.737255
0.682353
0.517647
0.545098
0.631373
0.568627
0.588235
0.478431
0.607843
0.603922
0.607843
0.611765
0.607843
0.411765
0.356863
0.349020
0.211765
0.239216
0.458824
0.631373
0.623529
0.615686
0.623529
0.525490
0.227451
0.196078
0.427451
0.537255
0.615686
0.549020
0.529412
0.560784
0.627451
0.650980
0.541176
0.501961
0.513725
0.556863
0.580392
0.505882
0.568627
0.580392
0.596078
0.596078
0.592157
0.533333
0.356863
0.482353
0.423529
0.360784
0.450980
0.564706
0.600000
0.611765
0.603922
0.607843
0.431373
0.180392
0.364706
0.564706
0.600000
0.631373
0.529412
0.513725
0.572549
0.607843
0.533333
0.443137
0.372549
0.564706
0.592157
0.533333
0.513725
0.568627
0.537255
0.474510
0.478431
0.509804
0.392157
0.411765
0.494118
0.349020
0.423529
0.474510
0.525490
0.592157
0.611765
0.611765
0.584314
0.305882
0.321569
0.682353
0.603922
0.600000
0.552941
0.509804
0.537255
0.564706
0.517647
0.403922
0.329412
0.552941
0.596078
0.549020
0.450980
0.549020
0.505882
0.537255
0.556863
0.529412
0.439216
0.301961
0.400000
0.423529
0.443137
0.525490
0.486275
0.505882
0.580392
0.576471
0.580392
0.462745
0.376471
0.760784
0.701961
0.588235
0.572549
0.556863
0.541176
0.537255
0.513725
0.403922
0.313725
0.525490
0.584314
0.584314
0.411765
0.470588
0.490196
0.545098
0.486275
0.505882
0.494118
0.305882
0.250980
0.376471
0.309804
0.356863
0.411765
0.352941
0.411765
0.419608
0.443137
0.458824
0.580392
0.745098
0.741176
0.705882
0.615686
0.596078
0.552941
0.533333
0.509804
0.388235
0.258824
0.505882
0.584314
0.596078
0.333333
0.313725
0.372549
0.356863
0.298039
0.372549
0.443137
0.396078
0.290196
0.274510
0.282353
0.305882
0.380392
0.439216
0.501961
0.517647
0.560784
0.650980
0.666667
0.592157
0.588235
0.658824
0.635294
0.619608
0.564706
0.525490
0.494118
0.321569
0.196078
0.466667
0.560784
0.572549
0.466667
0.380392
0.458824
0.501961
0.458824
0.533333
0.564706
0.545098
0.478431
0.364706
0.400000
0.325490
0.501961
0.584314
0.588235
0.607843
0.588235
0.607843
0.552941
0.482353
0.470588
0.541176
0.682353
0.592157
0.592157
0.517647
0.396078
0.172549
0.160784
0.431373
0.552941
0.576471
0.568627
0.478431
0.470588
0.592157
0.588235
0.596078
0.596078
0.580392
0.564706
0.419608
0.435294
0.454902
0.407843
0.552941
0.607843
0.611765
0.596078
0.552941
0.337255
0.305882
0.431373
0.643137
0.623529
0.505882
0.470588
0.396078
0.219608
0.129412
0.152941
0.380392
0.549020
0.580392
0.556863
0.529412
0.419608
0.517647
0.576471
0.592157
0.600000
0.549020
0.580392
0.537255
0.376471
0.533333
0.431373
0.415686
0.560784
0.615686
0.615686
0.596078
0.321569
0.254902
0.482353
0.490196
0.466667
0.486275
0.341176
0.196078
0.160784
0.156863
0.149020
0.301961
0.533333
0.572549
0.494118
0.568627
0.470588
0.450980
0.568627
0.603922
0.607843
0.564706
0.592157
0.607843
0.435294
0.427451
0.541176
0.411765
0.439216
0.549020
0.603922
0.603922
0.364706
0.164706
0.388235
0.396078
0.450980
0.439216
0.239216
0.180392
0.192157
0.180392
0.156863
0.250980
0.521569
0.576471
0.407843
0.576471
0.552941
0.435294
0.517647
0.596078
0.603922
0.568627
0.588235
0.603922
0.549020
0.368627
0.529412
0.498039
0.470588
0.498039
0.541176
0.588235
0.443137
0.286275
0.266667
0.364706
0.427451
0.337255
0.207843
0.203922
0.200000
0.200000
0.172549
0.211765
0.490196
0.576471
0.403922
0.533333
0.584314
0.501961
0.474510
0.572549
0.611765
0.572549
0.603922
0.584314
0.588235
0.474510
0.435294
0.552941
0.486275
0.568627
0.549020
0.525490
0.439216
0.298039
0.203922
0.184314
0.215686
0.207843
0.207843
0.227451
0.211765
0.219608
0.305882
0.309804
0.494118
0.580392
0.415686
0.427451
0.588235
0.560784
0.447059
0.521569
0.600000
0.576471
0.600000
0.607843
0.631373
0.584314
0.388235
0.525490
0.513725
0.494118
0.596078
0.478431
0.231373
0.203922
0.196078
0.200000
0.196078
0.211765
0.223529
0.247059
0.321569
0.250980
0.298039
0.392157
0.458824
0.560784
0.407843
0.309804
0.529412
0.596078
0.486275
0.470588
0.556863
0.564706
0.600000
0.607843
0.603922
0.580392
0.474510
0.419608
0.529412
0.447059
0.525490
0.498039
0.313725
0.325490
0.298039
0.227451
0.227451
0.219608
0.227451
0.231373
0.345098
0.466667
0.301961
0.231373
0.384314
0.564706
0.121569
0.121569
0.121569
0.121569
0.133333
0.141176
0.141176
0.133333
0.141176
0.160784
0.164706
0.192157
0.250980
0.184314
0.152941
0.152941
0.141176
0.129412
0.137255
0.141176
0.137255
0.137255
0.133333
0.129412
0.133333
0.196078
0.427451
0.490196
0.619608
0.607843
0.356863
0.301961
0.164706
0.184314
0.223529
0.313725
0.196078
0.133333
0.141176
0.200000
0.211765
0.176471
0.184314
0.266667
0.368627
0.294118
0.200000
0.258824
0.274510
0.192157
0.141176
0.172549
0.164706
0.137255
0.133333
0.129412
0.121569
0.172549
0.392157
0.458824
0.584314
0.603922
0.372549
0.294118
0.192157
0.435294
0.521569
0.552941
0.486275
0.215686
0.133333
0.235294
0.439216
0.376471
0.290196
0.352941
0.211765
0.203922
0.207843
0.243137
0.419608
0.298039
0.223529
0.537255
0.349020
0.133333
0.133333
0.129412
0.121569
0.164706
0.372549
0.470588
0.588235
0.615686
0.392157
0.301961
0.145098
0.282353
0.454902
0.454902
0.439216
0.423529
0.380392
0.266667
0.431373
0.545098
0.431373
0.254902
0.211765
0.207843
0.247059
0.282353
0.313725
0.368627
0.529412
0.627451
0.301961
0.137255
0.121569
0.129412
0.133333
0.160784
0.352941
0.509804
0.592157
0.615686
0.407843
0.286275
0.282353
0.301961
0.454902
0.501961
0.439216
0.450980
0.580392
0.674510
0.678431
0.670588
0.600000
0.384314
0.376471
0.466667
0.458824
0.454902
0.298039
0.407843
0.623529
0.556863
0.407843
0.411765
0.290196
0.160784
0.133333
0.145098
0.254902
0.419608
0.592157
0.631373
0.423529
0.278431
0.388235
0.407843
0.517647
0.498039
0.450980
0.411765
0.470588
0.647059
0.698039
0.698039
0.709804
0.592157
0.556863
0.619608
0.572549
0.552941
0.501961
0.537255
0.635294
0.639216
0.631373
0.631373
0.592157
0.356863
0.145098
0.133333
0.125490
0.337255
0.611765
0.619608
0.439216
0.294118
0.447059
0.341176
0.466667
0.494118
0.458824
0.450980
0.474510
0.501961
0.517647
0.509804
0.564706
0.584314
0.572549
0.690196
0.705882
0.670588
0.701961
0.721569
0.721569
0.721569
0.674510
0.603922
0.517647
0.325490
0.152941
0.125490
0.117647
0.341176
0.596078
0.592157
0.458824
0.290196
0.380392
0.400000
0.380392
0.517647
0.501961
0.454902
0.443137
0.450980
0.439216
0.419608
0.407843
0.462745
0.517647
0.623529
0.709804
0.737255
0.737255
0.729412
0.733333
0.701961
0.635294
0.584314
0.431373
0.254902
0.141176
0.125490
0.113725
0.298039
0.600000
0.607843
0.494118
0.294118
0.294118
0.450980
0.368627
0.450980
0.305882
0.286275
0.325490
0.376471
0.454902
0.423529
0.364706
0.400000
0.458824
0.556863
0.647059
0.698039
0.717647
0.729412
0.733333
0.709804
0.690196
0.658824
0.482353
0.298039
0.168627
0.125490
0.121569
0.301961
0.607843
0.600000
0.517647
0.298039
0.317647
0.325490
0.372549
0.305882
0.180392
0.101961
0.211765
0.415686
0.435294
0.243137
0.239216
0.388235
0.419608
0.490196
0.600000
0.686275
0.721569
0.725490
0.721569
0.717647
0.717647
0.709804
0.674510
0.505882
0.294118
0.141176
0.117647
0.329412
0.607843
0.588235
0.525490
0.301961
0.341176
0.231373
0.329412
0.286275
0.329412
0.431373
0.470588
0.380392
0.235294
0.125490
0.125490
0.262745
0.400000
0.447059
0.568627
0.607843
0.643137
0.721569
0.729412
0.717647
0.694118
0.670588
0.682353
0.674510
0.513725
0.286275
0.149020
0.356863
0.615686
0.572549
0.552941
0.325490
0.501961
0.372549
0.337255
0.450980
0.384314
0.376471
0.266667
0.149020
0.113725
0.086275
0.098039
0.117647
0.219608
0.349020
0.431373
0.372549
0.541176
0.709804
0.670588
0.666667
0.686275
0.694118
0.690196
0.666667
0.623529
0.482353
0.290196
0.400000
0.615686
0.568627
0.556863
0.356863
0.517647
0.478431
0.305882
0.427451
0.388235
0.223529
0.133333
0.149020
0.184314
0.152941
0.109804
0.109804
0.098039
0.180392
0.227451
0.274510
0.517647
0.505882
0.560784
0.705882
0.725490
0.733333
0.733333
0.709804
0.705882
0.678431
0.458824
0.443137
0.600000
0.545098
0.560784
0.364706
0.509804
0.517647
0.407843
0.243137
0.223529
0.145098
0.082353
0.188235
0.376471
0.450980
0.270588
0.105882
0.109804
0.117647
0.141176
0.278431
0.349020
0.290196
0.552941
0.737255
0.729412
0.733333
0.737255
0.686275
0.631373
0.635294
0.564706
0.513725
0.596078
0.541176
0.560784
0.376471
0.513725
0.521569
0.509804
0.258824
0.101961
0.078431
0.180392
0.462745
0.537255
0.521569
0.486275
0.298039
0.125490
0.105882
0.121569
0.211765
0.215686
0.282353
0.580392
0.709804
0.725490
0.745098
0.733333
0.588235
0.486275
0.564706
0.643137
0.603922
0.600000
0.549020
0.564706
0.407843
0.529412
0.521569
0.533333
0.427451
0.133333
0.094118
0.215686
0.490196
0.533333
0.501961
0.529412
0.533333
0.360784
0.145098
0.098039
0.133333
0.176471
0.325490
0.564706
0.674510
0.729412
0.713725
0.635294
0.521569
0.568627
0.635294
0.552941
0.615686
0.603922
0.556863
0.580392
0.431373
0.537255
0.525490
0.525490
0.521569
0.278431
0.101961
0.109804
0.294118
0.501961
0.513725
0.525490
0.529412
0.517647
0.447059
0.262745
0.121569
0.141176
0.392157
0.556863
0.650980
0.650980
0.564706
0.505882
0.592157
0.713725
0.639216
0.505882
0.552941
0.603922
0.556863
0.568627
0.447059
0.545098
0.533333
0.521569
0.533333
0.458824
0.215686
0.172549
0.137255
0.227451
0.392157
0.517647
0.529412
0.509804
0.525490
0.525490
0.278431
0.109804
0.294118
0.525490
0.615686
0.560784
0.498039
0.537255
0.631373
0.666667
0.623529
0.517647
0.537255
0.588235
0.545098
0.552941
0.458824
0.529412
0.517647
0.513725
0.517647
0.529412
0.345098
0.309804
0.313725
0.172549
0.176471
0.368627
0.525490
0.509804
0.505882
0.525490
0.435294
0.184314
0.196078
0.443137
0.537255
0.607843
0.537255
0.517647
0.537255
0.584314
0.611765
0.537255
0.498039
0.498039
0.537255
0.545098
0.486275
0.494118
0.494118
0.501961
0.494118
0.498039
0.458824
0.298039
0.419608
0.356863
0.313725
0.396078
0.482353
0.505882
0.513725
0.505882
0.509804
0.356863
0.149020
0.368627
0.576471
0.600000
0.627451
0.521569
0.498039
0.549020
0.584314
0.525490
0.443137
0.372549
0.545098
0.560784
0.513725
0.439216
0.490196
0.450980
0.384314
0.392157
0.431373
0.325490
0.337255
0.415686
0.301961
0.380392
0.407843
0.447059
0.513725
0.525490
0.525490
0.505882
0.266667
0.317647
0.678431
0.596078
0.596078
0.545098
0.501961
0.521569
0.556863
0.513725
0.415686
0.345098
0.541176
0.560784
0.525490
0.384314
0.482353
0.439216
0.470588
0.490196
0.458824
0.364706
0.243137
0.360784
0.376471
0.384314
0.458824
0.415686
0.435294
0.509804
0.505882
0.505882
0.415686
0.349020
0.713725
0.666667
0.576471
0.564706
0.545098
0.533333
0.529412
0.513725
0.423529
0.337255
0.525490
0.552941
0.552941
0.345098
0.403922
0.423529
0.478431
0.415686
0.435294
0.423529
0.250980
0.223529
0.341176
0.270588
0.313725
0.364706
0.301961
0.364706
0.364706
0.360784
0.380392
0.517647
0.682353
0.705882
0.686275
0.600000
0.584314
0.545098
0.525490
0.513725
0.411765
0.282353
0.505882
0.549020
0.564706
0.262745
0.247059
0.305882
0.286275
0.227451
0.301961
0.376471
0.341176
0.243137
0.231373
0.247059
0.270588
0.325490
0.384314
0.447059
0.458824
0.486275
0.564706
0.592157
0.545098
0.568627
0.643137
0.615686
0.600000
0.552941
0.521569
0.498039
0.341176
0.223529
0.466667
0.529412
0.541176
0.396078
0.305882
0.384314
0.427451
0.384314
0.458824
0.494118
0.470588
0.403922
0.301961
0.349020
0.270588
0.427451
0.501961
0.505882
0.525490
0.521569
0.533333
0.494118
0.474510
0.470588
0.521569
0.658824
0.564706
0.576471
0.509804
0.396078
0.188235
0.180392
0.431373
0.525490
0.541176
0.494118
0.396078
0.380392
0.509804
0.505882
0.505882
0.498039
0.474510
0.466667
0.352941
0.372549
0.376471
0.333333
0.470588
0.517647
0.517647
0.498039
0.466667
0.298039
0.341176
0.443137
0.615686
0.588235
0.458824
0.435294
0.384314
0.207843
0.117647
0.145098
0.380392
0.533333
0.541176
0.498039
0.462745
0.345098
0.439216
0.490196
0.498039
0.490196
0.439216
0.478431
0.458824
0.305882
0.454902
0.360784
0.333333
0.466667
0.517647
0.505882
0.498039
0.274510
0.282353
0.505882
0.486275
0.450980
0.466667
0.317647
0.180392
0.141176
0.137255
0.133333
0.301961
0.521569
0.533333
0.439216
0.505882
0.400000
0.372549
0.486275
0.505882
0.498039
0.458824
0.494118
0.513725
0.352941
0.364706
0.470588
0.333333
0.345098
0.450980
0.501961
0.505882
0.305882
0.160784
0.415686
0.411765
0.458824
0.439216
0.223529
0.149020
0.160784
0.145098
0.129412
0.254902
0.509804
0.537255
0.329412
0.490196
0.458824
0.345098
0.435294
0.501961
0.494118
0.470588
0.494118
0.494118
0.462745
0.313725
0.462745
0.415686
0.380392
0.403922
0.443137
0.490196
0.368627
0.266667
0.274510
0.368627
0.423529
0.325490
0.184314
0.164706
0.160784
0.160784
0.145098
0.211765
0.478431
0.537255
0.317647
0.447059
0.478431
0.396078
0.392157
0.494118
0.521569
0.470588
0.505882
0.478431
0.490196
0.392157
0.356863
0.470588
0.400000
0.478431
0.443137
0.423529
0.360784
0.250980
0.184314
0.168627
0.196078
0.176471
0.168627
0.176471
0.164706
0.176471
0.262745
0.258824
0.454902
0.537255
0.345098
0.368627
0.509804
0.462745
0.364706
0.450980
0.517647
0.470588
0.498039
0.505882
0.529412
0.482353
0.305882
0.443137
0.431373
0.407843
0.501961
0.392157
0.164706
0.152941
0.156863
0.164706
0.156863
0.168627
0.172549
0.192157
0.270588
0.200000
0.239216
0.325490
0.423529
0.537255
0.341176
0.266667
0.474510
0.509804
0.400000
0.400000
0.470588
0.462745
0.498039
0.505882
0.501961
0.482353
0.388235
0.337255
0.447059
0.364706
0.450980
0.427451
0.250980
0.270588
0.235294
0.164706
0.168627
0.172549
0.180392
0.176471
0.286275
0.396078
0.227451
0.176471
0.360784
0.552941
0.180392
0.192157
0.203922
0.192157
0.192157
0.200000
0.203922
0.192157
0.188235
0.207843
0.211765
0.239216
0.294118
0.231373
0.196078
0.203922
0.211765
0.203922
0.203922
0.200000
0.200000
0.203922
0.203922
0.196078
0.203922
0.282353
0.529412
0.600000
0.733333
0.733333
0.443137
0.368627
0.211765
0.227451
0.298039
0.396078
0.266667
0.192157
0.192157
0.243137
0.243137
0.207843
0.215686
0.298039
0.396078
0.325490
0.227451
0.290196
0.329412
0.254902
0.200000
0.235294
0.227451
0.203922
0.200000
0.196078
0.188235
0.247059
0.482353
0.556863
0.690196
0.717647
0.443137
0.349020
0.223529
0.458824
0.600000
0.654902
0.564706
0.278431
0.176471
0.262745
0.466667
0.400000
0.317647
0.384314
0.250980
0.243137
0.247059
0.274510
0.431373
0.325490
0.290196
0.635294
0.439216
0.200000
0.200000
0.196078
0.184314
0.231373
0.450980
0.560784
0.686275
0.721569
0.458824
0.349020
0.164706
0.298039
0.501961
0.533333
0.513725
0.486275
0.454902
0.341176
0.478431
0.592157
0.458824
0.254902
0.231373
0.243137
0.282353
0.294118
0.294118
0.380392
0.611765
0.752941
0.384314
0.184314
0.180392
0.196078
0.196078
0.215686
0.419608
0.588235
0.686275
0.709804
0.462745
0.317647
0.290196
0.301961
0.458824
0.529412
0.462745
0.478431
0.658824
0.792157
0.803922
0.803922
0.694118
0.427451
0.392157
0.490196
0.466667
0.431373
0.282353
0.450980
0.729412
0.690196
0.513725
0.490196
0.364706
0.227451
0.188235
0.196078
0.305882
0.486275
0.686275
0.721569
0.474510
0.309804
0.384314
0.396078
0.505882
0.482353
0.423529
0.396078
0.505882
0.752941
0.866667
0.882353
0.878431
0.721569
0.654902
0.721569
0.650980
0.592157
0.556863
0.639216
0.780392
0.792157
0.788235
0.776471
0.698039
0.419608
0.192157
0.176471
0.172549
0.400000
0.698039
0.709804
0.490196
0.325490
0.443137
0.337255
0.454902
0.486275
0.435294
0.415686
0.470588
0.545098
0.607843
0.623529
0.694118
0.705882
0.717647
0.862745
0.878431
0.819608
0.843137
0.890196
0.905882
0.890196
0.843137
0.752941
0.623529
0.392157
0.192157
0.160784
0.156863
0.396078
0.678431
0.678431
0.509804
0.321569
0.376471
0.400000
0.360784
0.513725
0.501961
0.439216
0.423529
0.439216
0.439216
0.447059
0.450980
0.517647
0.607843
0.756863
0.874510
0.909804
0.917647
0.929412
0.933333
0.882353
0.792157
0.713725
0.525490
0.305882
0.172549
0.160784
0.152941
0.349020
0.674510
0.698039
0.556863
0.333333
0.290196
0.443137
0.333333
0.423529
0.317647
0.309804
0.329412
0.376471
0.470588
0.450980
0.403922
0.450980
0.517647
0.647059
0.780392
0.862745
0.901961
0.917647
0.917647
0.890196
0.870588
0.819608
0.584314
0.345098
0.200000
0.168627
0.168627
0.352941
0.670588
0.690196
0.592157
0.352941
0.333333
0.349020
0.372549
0.294118
0.200000
0.145098
0.247059
0.447059
0.474510
0.286275
0.294118
0.439216
0.450980
0.556863
0.717647
0.847059
0.890196
0.898039
0.901961
0.901961
0.909804
0.894118
0.819608
0.615686
0.372549
0.188235
0.149020
0.372549
0.678431
0.670588
0.596078
0.349020
0.349020
0.254902
0.337255
0.270588
0.333333
0.474510
0.521569
0.427451
0.286275
0.176471
0.176471
0.301961
0.427451
0.498039
0.654902
0.717647
0.768627
0.862745
0.894118
0.901961
0.878431
0.843137
0.850980
0.839216
0.639216
0.337255
0.168627
0.396078
0.698039
0.650980
0.611765
0.360784
0.490196
0.376471
0.333333
0.423529
0.372549
0.403922
0.309804
0.192157
0.156863
0.129412
0.137255
0.156863
0.270588
0.400000
0.478431
0.419608
0.623529
0.827451
0.819608
0.847059
0.854902
0.850980
0.854902
0.843137
0.772549
0.552941
0.309804
0.431373
0.694118
0.635294
0.607843
0.388235
0.501961
0.462745
0.282353
0.407843
0.384314
0.239216
0.168627
0.176471
0.200000
0.188235
0.164706
0.168627
0.145098
0.219608
0.254902
0.298039
0.568627
0.568627
0.654902
0.854902
0.901961
0.898039
0.894118
0.874510
0.858824
0.796078
0.537255
0.498039
0.654902
0.596078
0.623529
0.407843
0.494118
0.494118
0.380392
0.254902
0.254902
0.172549
0.109804
0.188235
0.364706
0.462745
0.301961
0.141176
0.152941
0.160784
0.180392
0.317647
0.396078
0.337255
0.627451
0.874510
0.905882
0.898039
0.890196
0.819608
0.752941
0.737255
0.650980
0.596078
0.666667
0.588235
0.627451
0.423529
0.494118
0.501961
0.486275
0.270588
0.149020
0.117647
0.192157
0.443137
0.509804
0.505882
0.478431
0.294118
0.156863
0.145098
0.168627
0.262745
0.262745
0.325490
0.654902
0.843137
0.886275
0.894118
0.854902
0.682353
0.564706
0.635294
0.717647
0.698039
0.694118
0.600000
0.631373
0.458824
0.509804
0.501961
0.517647
0.419608
0.152941
0.125490
0.215686
0.462745
0.509804
0.486275
0.505882
0.509804
0.368627
0.164706
0.129412
0.176471
0.219608
0.364706
0.631373
0.803922
0.886275
0.847059
0.733333
0.576471
0.623529
0.713725
0.631373
0.698039
0.682353
0.603922
0.643137
0.482353
0.513725
0.501961
0.505882
0.509804
0.282353
0.125490
0.129412
0.298039
0.490196
0.501961
0.505882
0.501961
0.498039
0.439216
0.274510
0.149020
0.176471
0.431373
0.635294
0.780392
0.788235
0.662745
0.568627
0.666667
0.819608
0.745098
0.572549
0.615686
0.678431
0.600000
0.615686
0.478431
0.517647
0.509804
0.501961
0.513725
0.447059
0.215686
0.188235
0.145098
0.223529
0.396078
0.513725
0.513725
0.490196
0.513725
0.529412
0.294118
0.133333
0.333333
0.584314
0.701961
0.658824
0.556863
0.568627
0.701961
0.784314
0.729412
0.572549
0.592157
0.662745
0.588235
0.592157
0.478431
0.501961
0.494118
0.490196
0.482353
0.490196
0.325490
0.301961
0.313725
0.176471
0.176471
0.372549
0.521569
0.498039
0.498039
0.525490
0.447059
0.207843
0.223529
0.474510
0.584314
0.674510
0.592157
0.545098
0.572549
0.662745
0.698039
0.584314
0.545098
0.556863
0.576471
0.584314
0.509804
0.466667
0.466667
0.482353
0.466667
0.466667
0.443137
0.294118
0.419608
0.345098
0.286275
0.360784
0.454902
0.490196
0.501961
0.490196
0.498039
0.360784
0.168627
0.415686
0.650980
0.686275
0.705882
0.580392
0.537255
0.603922
0.658824
0.564706
0.474510
0.419608
0.588235
0.596078
0.533333
0.407843
0.458824
0.423529
0.356863
0.368627
0.423529
0.337255
0.341176
0.392157
0.254902
0.317647
0.356863
0.419608
0.490196
0.498039
0.498039
0.478431
0.266667
0.380392
0.803922
0.709804
0.678431
0.611765
0.552941
0.580392
0.619608
0.560784
0.450980
0.376471
0.572549
0.603922
0.556863
0.345098
0.443137
0.400000
0.431373
0.462745
0.443137
0.364706
0.239216
0.341176
0.345098
0.345098
0.415686
0.388235
0.407843
0.482353
0.474510
0.458824
0.396078
0.407843
0.854902
0.800000
0.654902
0.615686
0.611765
0.603922
0.600000
0.588235
0.474510
0.356863
0.545098
0.603922
0.603922
0.313725
0.372549
0.392157
0.447059
0.396078
0.419608
0.411765
0.247059
0.219608
0.337255
0.262745
0.301961
0.341176
0.278431
0.341176
0.341176
0.345098
0.392157
0.580392
0.796078
0.843137
0.807843
0.694118
0.666667
0.615686
0.596078
0.592157
0.458824
0.301961
0.525490
0.603922
0.615686
0.243137
0.223529
0.282353
0.278431
0.219608
0.286275
0.349020
0.317647
0.239216
0.231373
0.250980
0.274510
0.313725
0.368627
0.431373
0.450980
0.505882
0.607843
0.650980
0.611765
0.654902
0.756863
0.737255
0.709804
0.631373
0.588235
0.572549
0.392157
0.243137
0.486275
0.584314
0.596078
0.380392
0.290196
0.368627
0.423529
0.380392
0.443137
0.466667
0.439216
0.384314
0.286275
0.345098
0.278431
0.427451
0.501961
0.505882
0.529412
0.552941
0.584314
0.541176
0.501961
0.505882
0.600000
0.776471
0.690196
0.662745
0.576471
0.470588
0.239216
0.203922
0.450980
0.576471
0.596078
0.466667
0.364706
0.341176
0.482353
0.494118
0.490196
0.478431
0.458824
0.450980
0.325490
0.349020
0.360784
0.313725
0.454902
0.505882
0.505882
0.490196
0.478431
0.321569
0.368627
0.509804
0.705882
0.686275
0.556863
0.513725
0.443137
0.270588
0.176471
0.192157
0.400000
0.564706
0.592157
0.466667
0.427451
0.301961
0.407843
0.470588
0.478431
0.478431
0.427451
0.466667
0.435294
0.278431
0.431373
0.333333
0.313725
0.450980
0.498039
0.490196
0.498039
0.301961
0.317647
0.576471
0.572549
0.533333
0.537255
0.380392
0.231373
0.196078
0.192157
0.180392
0.321569
0.545098
0.580392
0.419608
0.478431
0.364706
0.345098
0.466667
0.490196
0.486275
0.447059
0.478431
0.498039
0.333333
0.337255
0.447059
0.309804
0.329412
0.431373
0.486275
0.509804
0.333333
0.207843
0.478431
0.482353
0.521569
0.494118
0.274510
0.196078
0.207843
0.196078
0.172549
0.270588
0.537255
0.584314
0.325490
0.478431
0.443137
0.329412
0.415686
0.486275
0.482353
0.454902
0.478431
0.482353
0.443137
0.282353
0.435294
0.396078
0.364706
0.384314
0.423529
0.494118
0.403922
0.317647
0.341176
0.435294
0.482353
0.376471
0.227451
0.203922
0.200000
0.200000
0.176471
0.227451
0.505882
0.584314
0.313725
0.447059
0.470588
0.384314
0.376471
0.478431
0.509804
0.462745
0.498039
0.470588
0.482353
0.376471
0.337255
0.450980
0.380392
0.462745
0.439216
0.443137
0.407843
0.317647
0.250980
0.227451
0.250980
0.231373
0.211765
0.211765
0.203922
0.215686
0.298039
0.286275
0.482353
0.576471
0.333333
0.364706
0.494118
0.450980
0.352941
0.435294
0.505882
0.466667
0.494118
0.501961
0.525490
0.478431
0.294118
0.431373
0.419608
0.400000
0.501961
0.407843
0.207843
0.215686
0.215686
0.215686
0.211765
0.223529
0.223529
0.231373
0.305882
0.239216
0.274510
0.356863
0.450980
0.568627
0.341176
0.266667
0.462745
0.498039
0.392157
0.384314
0.458824
0.458824
0.494118
0.501961
0.498039
0.478431
0.388235
0.337255
0.447059
0.364706
0.439216
0.427451
0.266667
0.301961
0.274510
0.207843
0.219608
0.227451
0.239216
0.231373
0.329412
0.431373
0.258824
0.211765
0.392157
0.592157
