0.329412
0.345098
0.360784
0.360784
0.372549
0.384314
0.400000
0.407843
0.407843
0.419608
0.427451
0.435294
0.439216
0.443137
0.443137
0.443137
0.447059
0.447059
0.439216
0.435294
0.431373
0.423529
0.427451
0.419608
0.415686
0.407843
0.400000
0.396078
0.396078
0.388235
0.380392
0.368627
0.341176
0.356863
0.372549
0.372549
0.384314
0.396078
0.407843
0.419608
0.427451
0.435294
0.443137
0.450980
0.454902
0.462745
0.458824
0.458824
0.462745
0.462745
0.462745
0.454902
0.447059
0.443137
0.443137
0.435294
0.431373
0.423529
0.419608
0.411765
0.411765
0.403922
0.392157
0.376471
0.349020
0.364706
0.376471
0.380392
0.392157
0.403922
0.415686
0.427451
0.439216
0.447059
0.454902
0.462745
0.470588
0.474510
0.470588
0.470588
0.474510
0.474510
0.478431
0.470588
0.458824
0.454902
0.454902
0.447059
0.443137
0.435294
0.431373
0.423529
0.423529
0.415686
0.400000
0.384314
0.352941
0.368627
0.384314
0.384314
0.396078
0.411765
0.427451
0.439216
0.454902
0.462745
0.466667
0.474510
0.478431
0.486275
0.486275
0.486275
0.490196
0.490196
0.486275
0.486275
0.478431
0.474510
0.470588
0.462745
0.462745
0.454902
0.450980
0.443137
0.439216
0.427451
0.411765
0.396078
0.364706
0.380392
0.396078
0.396078
0.407843
0.423529
0.439216
0.454902
0.474510
0.490196
0.498039
0.498039
0.498039
0.509804
0.517647
0.517647
0.513725
0.509804
0.505882
0.505882
0.505882
0.498039
0.490196
0.486275
0.482353
0.478431
0.470588
0.462745
0.454902
0.439216
0.423529
0.407843
0.380392
0.400000
0.415686
0.415686
0.427451
0.443137
0.458824
0.478431
0.494118
0.505882
0.509804
0.517647
0.525490
0.533333
0.537255
0.537255
0.541176
0.537255
0.533333
0.533333
0.529412
0.521569
0.517647
0.509804
0.505882
0.498039
0.494118
0.486275
0.474510
0.458824
0.443137
0.427451
0.392157
0.415686
0.435294
0.431373
0.447059
0.458824
0.474510
0.498039
0.513725
0.525490
0.529412
0.541176
0.549020
0.556863
0.560784
0.560784
0.560784
0.560784
0.556863
0.556863
0.552941
0.545098
0.541176
0.533333
0.525490
0.517647
0.513725
0.505882
0.490196
0.474510
0.458824
0.447059
0.415686
0.443137
0.462745
0.454902
0.462745
0.470588
0.482353
0.505882
0.529412
0.529412
0.533333
0.545098
0.572549
0.584314
0.588235
0.584314
0.580392
0.576471
0.576471
0.576471
0.588235
0.580392
0.568627
0.545098
0.537255
0.549020
0.549020
0.529412
0.498039
0.482353
0.474510
0.466667
0.431373
0.458824
0.478431
0.482353
0.494118
0.501961
0.509804
0.529412
0.549020
0.556863
0.549020
0.560784
0.584314
0.603922
0.615686
0.611765
0.607843
0.592157
0.592157
0.592157
0.607843
0.603922
0.584314
0.560784
0.560784
0.572549
0.572549
0.545098
0.509804
0.498039
0.494118
0.486275
0.443137
0.462745
0.474510
0.505882
0.525490
0.545098
0.560784
0.556863
0.427451
0.541176
0.603922
0.611765
0.490196
0.615686
0.639216
0.647059
0.662745
0.623529
0.619608
0.607843
0.615686
0.607843
0.596078
0.596078
0.592157
0.584314
0.576471
0.560784
0.541176
0.525490
0.513725
0.501961
0.450980
0.466667
0.478431
0.513725
0.537255
0.560784
0.588235
0.580392
0.450980
0.341176
0.533333
0.368627
0.341176
0.419608
0.474510
0.592157
0.647059
0.654902
0.650980
0.631373
0.635294
0.623529
0.615686
0.619608
0.615686
0.588235
0.580392
0.580392
0.580392
0.564706
0.541176
0.517647
0.466667
0.478431
0.494118
0.501961
0.525490
0.552941
0.576471
0.596078
0.592157
0.376471
0.223529
0.125490
0.168627
0.262745
0.274510
0.501961
0.525490
0.580392
0.682353
0.650980
0.666667
0.658824
0.670588
0.686275
0.662745
0.600000
0.572549
0.584314
0.572549
0.549020
0.556863
0.529412
0.490196
0.505882
0.525490
0.517647
0.525490
0.541176
0.556863
0.596078
0.611765
0.568627
0.094118
0.125490
0.435294
0.552941
0.501961
0.482353
0.423529
0.349020
0.505882
0.666667
0.705882
0.686275
0.701961
0.745098
0.717647
0.639216
0.584314
0.600000
0.517647
0.482353
0.549020
0.541176
0.494118
0.533333
0.568627
0.564706
0.560784
0.560784
0.556863
0.603922
0.631373
0.584314
0.090196
0.227451
0.533333
0.592157
0.607843
0.600000
0.509804
0.270588
0.478431
0.709804
0.678431
0.647059
0.603922
0.556863
0.556863
0.600000
0.611765
0.576471
0.498039
0.478431
0.529412
0.541176
0.494118
0.545098
0.603922
0.627451
0.619608
0.600000
0.588235
0.627451
0.627451
0.596078
0.176471
0.196078
0.411765
0.470588
0.505882
0.568627
0.623529
0.631373
0.709804
0.752941
0.666667
0.615686
0.643137
0.600000
0.525490
0.584314
0.607843
0.529412
0.505882
0.470588
0.525490
0.545098
0.529412
0.643137
0.549020
0.615686
0.698039
0.721569
0.658824
0.662745
0.658824
0.639216
0.494118
0.474510
0.611765
0.611765
0.501961
0.450980
0.517647
0.588235
0.635294
0.760784
0.854902
0.764706
0.678431
0.737255
0.701961
0.682353
0.580392
0.505882
0.552941
0.494118
0.525490
0.541176
0.509804
0.658824
0.694118
0.717647
0.701961
0.701961
0.721569
0.690196
0.725490
0.725490
0.725490
0.725490
0.729412
0.705882
0.705882
0.592157
0.474510
0.490196
0.576471
0.650980
0.694118
0.839216
0.768627
0.749020
0.682353
0.631373
0.549020
0.490196
0.521569
0.482353
0.517647
0.525490
0.482353
0.533333
0.658824
0.717647
0.709804
0.658824
0.733333
0.682353
0.670588
0.733333
0.729412
0.733333
0.729412
0.717647
0.745098
0.776471
0.674510
0.509804
0.478431
0.470588
0.533333
0.623529
0.803922
0.839216
0.674510
0.498039
0.533333
0.549020
0.490196
0.388235
0.525490
0.529412
0.450980
0.486275
0.541176
0.572549
0.615686
0.301961
0.427451
0.600000
0.549020
0.627451
0.682353
0.717647
0.713725
0.713725
0.721569
0.768627
0.803922
0.729412
0.584314
0.407843
0.470588
0.533333
0.698039
0.780392
0.745098
0.623529
0.576471
0.619608
0.560784
0.443137
0.541176
0.537255
0.466667
0.466667
0.490196
0.486275
0.541176
0.380392
0.121569
0.470588
0.537255
0.517647
0.286275
0.439216
0.647059
0.631373
0.603922
0.525490
0.454902
0.490196
0.529412
0.427451
0.352941
0.431373
0.592157
0.670588
0.647059
0.752941
0.698039
0.643137
0.643137
0.564706
0.576471
0.549020
0.494118
0.490196
0.501961
0.513725
0.541176
0.568627
0.400000
0.486275
0.592157
0.470588
0.094118
0.149020
0.572549
0.623529
0.572549
0.160784
0.015686
0.196078
0.258824
0.298039
0.333333
0.384314
0.474510
0.525490
0.494118
0.643137
0.768627
0.717647
0.619608
0.541176
0.615686
0.580392
0.513725
0.529412
0.537255
0.572549
0.572549
0.568627
0.584314
0.572549
0.584314
0.411765
0.070588
0.047059
0.415686
0.580392
0.588235
0.290196
0.062745
0.313725
0.262745
0.254902
0.243137
0.290196
0.415686
0.498039
0.458824
0.737255
0.823529
0.835294
0.733333
0.568627
0.607843
0.607843
0.529412
0.552941
0.564706
0.600000
0.588235
0.572549
0.600000
0.607843
0.603922
0.494118
0.082353
0.109804
0.301961
0.329412
0.305882
0.207843
0.098039
0.172549
0.184314
0.219608
0.309804
0.498039
0.615686
0.662745
0.639216
0.772549
0.819608
0.819608
0.835294
0.717647
0.552941
0.623529
0.549020
0.576471
0.596078
0.611765
0.603922
0.615686
0.650980
0.615686
0.549020
0.447059
0.090196
0.192157
0.203922
0.149020
0.149020
0.145098
0.168627
0.203922
0.235294
0.298039
0.439216
0.564706
0.572549
0.631373
0.678431
0.694118
0.725490
0.690196
0.666667
0.552941
0.478431
0.525490
0.619608
0.639216
0.654902
0.647059
0.611765
0.529412
0.431373
0.325490
0.231373
0.152941
0.066667
0.098039
0.164706
0.262745
0.396078
0.545098
0.662745
0.713725
0.709804
0.705882
0.694118
0.662745
0.623529
0.596078
0.580392
0.533333
0.443137
0.278431
0.192157
0.160784
0.164706
0.333333
0.650980
0.623529
0.552941
0.435294
0.305882
0.200000
0.141176
0.117647
0.145098
0.203922
0.286275
0.419608
0.588235
0.713725
0.788235
0.807843
0.823529
0.827451
0.835294
0.835294
0.839216
0.850980
0.847059
0.839216
0.772549
0.411765
0.145098
0.066667
0.078431
0.231373
0.509804
0.690196
0.470588
0.333333
0.207843
0.156863
0.160784
0.219608
0.298039
0.403922
0.537255
0.647059
0.733333
0.784314
0.815686
0.803922
0.803922
0.815686
0.823529
0.839216
0.835294
0.835294
0.835294
0.839216
0.839216
0.839216
0.768627
0.443137
0.309804
0.384314
0.549020
0.733333
0.800000
0.780392
0.368627
0.337255
0.411765
0.501961
0.588235
0.666667
0.721569
0.772549
0.788235
0.788235
0.796078
0.796078
0.807843
0.819608
0.827451
0.831373
0.843137
0.839216
0.850980
0.850980
0.858824
0.854902
0.854902
0.854902
0.843137
0.835294
0.819608
0.835294
0.831373
0.823529
0.803922
0.803922
0.670588
0.694118
0.713725
0.745098
0.756863
0.768627
0.764706
0.776471
0.796078
0.796078
0.800000
0.819608
0.835294
0.839216
0.847059
0.850980
0.858824
0.858824
0.858824
0.858824
0.870588
0.862745
0.866667
0.862745
0.858824
0.858824
0.850980
0.850980
0.847059
0.843137
0.843137
0.831373
0.705882
0.717647
0.733333
0.756863
0.768627
0.776471
0.784314
0.796078
0.807843
0.811765
0.815686
0.831373
0.847059
0.854902
0.858824
0.862745
0.870588
0.870588
0.870588
0.870588
0.874510
0.878431
0.874510
0.874510
0.874510
0.874510
0.870588
0.866667
0.866667
0.858824
0.854902
0.847059
0.721569
0.729412
0.745098
0.776471
0.792157
0.796078
0.803922
0.811765
0.823529
0.827451
0.835294
0.847059
0.858824
0.866667
0.874510
0.874510
0.878431
0.878431
0.878431
0.878431
0.886275
0.886275
0.886275
0.886275
0.886275
0.886275
0.878431
0.878431
0.878431
0.870588
0.866667
0.858824
0.725490
0.729412
0.749020
0.784314
0.796078
0.807843
0.815686
0.823529
0.831373
0.839216
0.850980
0.858824
0.866667
0.874510
0.882353
0.882353
0.886275
0.886275
0.886275
0.886275
0.890196
0.890196
0.890196
0.894118
0.894118
0.894118
0.890196
0.886275
0.886275
0.878431
0.874510
0.866667
0.517647
0.529412
0.545098
0.556863
0.572549
0.584314
0.600000
0.611765
0.623529
0.635294
0.643137
0.650980
0.654902
0.658824
0.654902
0.658824
0.662745
0.662745
0.654902
0.650980
0.647059
0.639216
0.639216
0.635294
0.627451
0.623529
0.615686
0.607843
0.592157
0.572549
0.564706
0.552941
0.529412
0.541176
0.556863
0.568627
0.584314
0.596078
0.607843
0.623529
0.635294
0.643137
0.654902
0.658824
0.666667
0.670588
0.666667
0.666667
0.670588
0.670588
0.670588
0.662745
0.658824
0.650980
0.650980
0.643137
0.639216
0.631373
0.627451
0.619608
0.607843
0.588235
0.576471
0.560784
0.537255
0.549020
0.564706
0.576471
0.592157
0.603922
0.615686
0.631373
0.639216
0.647059
0.658824
0.662745
0.670588
0.674510
0.670588
0.670588
0.674510
0.678431
0.678431
0.670588
0.662745
0.654902
0.654902
0.647059
0.643137
0.635294
0.631373
0.623529
0.615686
0.600000
0.584314
0.568627
0.541176
0.552941
0.568627
0.584314
0.596078
0.611765
0.627451
0.639216
0.650980
0.658824
0.666667
0.670588
0.674510
0.682353
0.682353
0.682353
0.686275
0.686275
0.682353
0.682353
0.678431
0.670588
0.666667
0.658824
0.658824
0.650980
0.647059
0.639216
0.627451
0.611765
0.596078
0.580392
0.552941
0.564706
0.580392
0.596078
0.611765
0.627451
0.643137
0.650980
0.658824
0.674510
0.682353
0.686275
0.686275
0.698039
0.705882
0.701961
0.698039
0.698039
0.694118
0.694118
0.690196
0.682353
0.678431
0.670588
0.670588
0.662745
0.658824
0.650980
0.639216
0.623529
0.607843
0.592157
0.568627
0.584314
0.600000
0.615686
0.631373
0.647059
0.662745
0.670588
0.682353
0.690196
0.698039
0.705882
0.713725
0.721569
0.725490
0.725490
0.725490
0.725490
0.721569
0.721569
0.717647
0.709804
0.705882
0.698039
0.694118
0.686275
0.678431
0.670588
0.658824
0.643137
0.627451
0.611765
0.580392
0.600000
0.615686
0.631373
0.650980
0.662745
0.682353
0.686275
0.698039
0.709804
0.713725
0.721569
0.733333
0.741176
0.745098
0.745098
0.745098
0.745098
0.741176
0.737255
0.737255
0.729412
0.725490
0.717647
0.709804
0.698039
0.694118
0.686275
0.674510
0.658824
0.643137
0.631373
0.588235
0.607843
0.619608
0.643137
0.666667
0.686275
0.705882
0.705882
0.713725
0.721569
0.745098
0.749020
0.749020
0.760784
0.764706
0.760784
0.756863
0.752941
0.756863
0.756863
0.756863
0.749020
0.749020
0.741176
0.729412
0.717647
0.705882
0.698039
0.690196
0.674510
0.654902
0.639216
0.600000
0.615686
0.627451
0.650980
0.674510
0.694118
0.709804
0.725490
0.737255
0.749020
0.764706
0.756863
0.749020
0.768627
0.780392
0.772549
0.768627
0.760784
0.776471
0.776471
0.776471
0.764706
0.764706
0.764706
0.752941
0.737255
0.721569
0.709804
0.705882
0.686275
0.666667
0.647059
0.615686
0.639216
0.654902
0.666667
0.682353
0.694118
0.709804
0.733333
0.611765
0.717647
0.776471
0.764706
0.631373
0.752941
0.780392
0.780392
0.792157
0.772549
0.800000
0.800000
0.784314
0.776471
0.772549
0.776471
0.768627
0.756863
0.745098
0.729412
0.717647
0.701961
0.686275
0.666667
0.627451
0.658824
0.678431
0.690196
0.701961
0.713725
0.725490
0.745098
0.635294
0.501961
0.658824
0.474510
0.450980
0.525490
0.584314
0.690196
0.741176
0.788235
0.819608
0.823529
0.807843
0.796078
0.776471
0.760784
0.760784
0.764706
0.768627
0.749020
0.737255
0.721569
0.701961
0.686275
0.639216
0.666667
0.698039
0.713725
0.733333
0.745098
0.752941
0.768627
0.772549
0.525490
0.313725
0.192157
0.247059
0.341176
0.352941
0.576471
0.588235
0.686275
0.831373
0.827451
0.823529
0.827451
0.807843
0.772549
0.768627
0.772549
0.772549
0.745098
0.701961
0.682353
0.709804
0.701961
0.662745
0.678431
0.701961
0.733333
0.752941
0.772549
0.784314
0.784314
0.784314
0.725490
0.168627
0.172549
0.494118
0.611765
0.560784
0.533333
0.474510
0.435294
0.631373
0.811765
0.839216
0.835294
0.803922
0.768627
0.764706
0.788235
0.784314
0.737255
0.611765
0.592157
0.690196
0.713725
0.666667
0.678431
0.690196
0.721569
0.749020
0.772549
0.796078
0.788235
0.796078
0.749020
0.164706
0.270588
0.588235
0.647059
0.658824
0.650980
0.560784
0.345098
0.572549
0.819608
0.784314
0.768627
0.666667
0.513725
0.541176
0.725490
0.803922
0.682353
0.560784
0.572549
0.666667
0.721569
0.662745
0.662745
0.682353
0.713725
0.741176
0.764706
0.792157
0.788235
0.792157
0.780392
0.290196
0.250980
0.462745
0.521569
0.556863
0.619608
0.682353
0.694118
0.780392
0.827451
0.752941
0.717647
0.666667
0.501961
0.462745
0.690196
0.788235
0.619608
0.545098
0.549020
0.654902
0.725490
0.678431
0.713725
0.525490
0.478431
0.564706
0.690196
0.772549
0.788235
0.788235
0.788235
0.600000
0.533333
0.662745
0.670588
0.560784
0.505882
0.584314
0.654902
0.690196
0.776471
0.768627
0.760784
0.698039
0.650980
0.662745
0.764706
0.701961
0.521569
0.529412
0.533333
0.650980
0.729412
0.654902
0.709804
0.576471
0.345098
0.274510
0.427451
0.725490
0.780392
0.784314
0.788235
0.788235
0.776471
0.776471
0.780392
0.768627
0.639216
0.545098
0.568627
0.623529
0.584314
0.278431
0.627451
0.815686
0.760784
0.749020
0.690196
0.564706
0.396078
0.396078
0.462745
0.635294
0.721569
0.686275
0.674510
0.670588
0.600000
0.517647
0.501961
0.745098
0.784314
0.760784
0.807843
0.792157
0.772549
0.760784
0.772549
0.784314
0.807843
0.741176
0.584314
0.529412
0.388235
0.043137
0.356863
0.854902
0.909804
0.756863
0.552941
0.545098
0.466667
0.368627
0.352941
0.627451
0.721569
0.698039
0.713725
0.701961
0.733333
0.694118
0.313725
0.478431
0.733333
0.690196
0.733333
0.756863
0.760784
0.756863
0.776471
0.772549
0.803922
0.866667
0.800000
0.631373
0.337255
0.031373
0.286275
0.768627
0.886275
0.827451
0.670588
0.588235
0.552941
0.450980
0.403922
0.627451
0.721569
0.690196
0.713725
0.717647
0.752941
0.749020
0.501961
0.215686
0.647059
0.721569
0.650980
0.372549
0.509804
0.737255
0.749020
0.709804
0.596078
0.513725
0.564706
0.588235
0.403922
0.101961
0.305882
0.690196
0.780392
0.721569
0.788235
0.698039
0.592157
0.549020
0.525490
0.650980
0.721569
0.674510
0.705882
0.717647
0.737255
0.745098
0.752941
0.576471
0.698039
0.800000
0.623529
0.188235
0.247059
0.729412
0.807843
0.741176
0.266667
0.058824
0.282353
0.337255
0.349020
0.333333
0.411765
0.607843
0.623529
0.556863
0.670588
0.756863
0.674510
0.552941
0.521569
0.694118
0.737255
0.670588
0.705882
0.725490
0.721569
0.749020
0.772549
0.792157
0.792157
0.788235
0.564706
0.172549
0.152941
0.596078
0.784314
0.784314
0.427451
0.129412
0.427451
0.380392
0.368627
0.415686
0.419608
0.580392
0.603922
0.533333
0.768627
0.807843
0.807843
0.698039
0.576471
0.698039
0.749020
0.709804
0.725490
0.741176
0.749020
0.776471
0.796078
0.792157
0.803922
0.796078
0.647059
0.188235
0.223529
0.454902
0.505882
0.474510
0.341176
0.200000
0.313725
0.337255
0.376471
0.505882
0.635294
0.800000
0.815686
0.749020
0.823529
0.811765
0.807843
0.827451
0.756863
0.662745
0.756863
0.764706
0.764706
0.780392
0.792157
0.823529
0.843137
0.819608
0.780392
0.721569
0.596078
0.196078
0.298039
0.321569
0.290196
0.278431
0.250980
0.278431
0.356863
0.400000
0.458824
0.584314
0.666667
0.749020
0.815686
0.811765
0.764706
0.741176
0.705882
0.694118
0.623529
0.596078
0.650980
0.792157
0.803922
0.819608
0.815686
0.792157
0.709804
0.592157
0.474510
0.380392
0.298039
0.207843
0.227451
0.286275
0.396078
0.525490
0.662745
0.772549
0.831373
0.831373
0.823529
0.800000
0.760784
0.745098
0.725490
0.709804
0.639216
0.533333
0.376471
0.294118
0.274510
0.294118
0.462745
0.800000
0.776471
0.705882
0.588235
0.458824
0.352941
0.294118
0.266667
0.290196
0.352941
0.435294
0.556863
0.713725
0.839216
0.917647
0.929412
0.925490
0.925490
0.933333
0.933333
0.937255
0.949020
0.941176
0.937255
0.890196
0.525490
0.258824
0.192157
0.203922
0.352941
0.631373
0.811765
0.619608
0.486275
0.360784
0.305882
0.309804
0.368627
0.447059
0.549020
0.674510
0.788235
0.874510
0.913725
0.929412
0.921569
0.925490
0.929412
0.925490
0.941176
0.937255
0.937255
0.937255
0.937255
0.941176
0.941176
0.886275
0.552941
0.415686
0.501961
0.666667
0.850980
0.921569
0.898039
0.513725
0.478431
0.552941
0.643137
0.729412
0.803922
0.858824
0.905882
0.917647
0.917647
0.929412
0.917647
0.913725
0.925490
0.937255
0.937255
0.937255
0.933333
0.945098
0.945098
0.952941
0.952941
0.952941
0.952941
0.952941
0.941176
0.921569
0.945098
0.945098
0.933333
0.913725
0.913725
0.815686
0.835294
0.854902
0.874510
0.882353
0.894118
0.890196
0.898039
0.917647
0.921569
0.925490
0.929412
0.925490
0.933333
0.945098
0.941176
0.949020
0.945098
0.945098
0.949020
0.964706
0.960784
0.960784
0.960784
0.960784
0.956863
0.945098
0.949020
0.949020
0.941176
0.941176
0.933333
0.847059
0.858824
0.870588
0.874510
0.882353
0.890196
0.898039
0.909804
0.917647
0.925490
0.929412
0.929412
0.925490
0.937255
0.941176
0.945098
0.952941
0.952941
0.952941
0.952941
0.960784
0.960784
0.960784
0.960784
0.960784
0.956863
0.952941
0.952941
0.952941
0.945098
0.937255
0.933333
0.854902
0.862745
0.878431
0.890196
0.898039
0.901961
0.909804
0.913725
0.917647
0.925490
0.933333
0.933333
0.929412
0.941176
0.945098
0.949020
0.956863
0.956863
0.956863
0.956863
0.960784
0.960784
0.960784
0.960784
0.960784
0.960784
0.956863
0.952941
0.952941
0.945098
0.941176
0.933333
0.858824
0.862745
0.878431
0.890196
0.898039
0.909804
0.917647
0.913725
0.917647
0.929412
0.941176
0.937255
0.933333
0.941176
0.949020
0.952941
0.960784
0.960784
0.960784
0.960784
0.960784
0.964706
0.964706
0.960784
0.960784
0.964706
0.956863
0.956863
0.952941
0.945098
0.941176
0.933333
0.709804
0.737255
0.760784
0.780392
0.796078
0.807843
0.819608
0.835294
0.843137
0.854902
0.862745
0.870588
0.874510
0.878431
0.874510
0.878431
0.882353
0.882353
0.874510
0.870588
0.866667
0.858824
0.858824
0.854902
0.847059
0.839216
0.835294
0.827451
0.803922
0.784314
0.776471
0.764706
0.717647
0.745098
0.772549
0.784314
0.800000
0.811765
0.823529
0.839216
0.847059
0.858824
0.866667
0.870588
0.878431
0.882353
0.878431
0.882353
0.886275
0.886275
0.882353
0.878431
0.870588
0.862745
0.862745
0.854902
0.850980
0.843137
0.839216
0.831373
0.815686
0.800000
0.788235
0.772549
0.725490
0.752941
0.776471
0.788235
0.800000
0.811765
0.823529
0.839216
0.847059
0.858824
0.866667
0.870588
0.878431
0.882353
0.878431
0.882353
0.882353
0.886275
0.886275
0.878431
0.870588
0.862745
0.862745
0.858824
0.850980
0.843137
0.839216
0.831373
0.823529
0.811765
0.796078
0.780392
0.733333
0.760784
0.784314
0.792157
0.803922
0.819608
0.835294
0.847059
0.858824
0.866667
0.874510
0.878431
0.882353
0.890196
0.890196
0.890196
0.894118
0.894118
0.890196
0.890196
0.886275
0.878431
0.874510
0.866667
0.866667
0.858824
0.854902
0.847059
0.839216
0.823529
0.807843
0.792157
0.741176
0.772549
0.796078
0.800000
0.811765
0.827451
0.843137
0.850980
0.866667
0.882353
0.890196
0.890196
0.890196
0.901961
0.909804
0.909804
0.905882
0.901961
0.898039
0.898039
0.898039
0.890196
0.882353
0.878431
0.874510
0.870588
0.862745
0.854902
0.850980
0.835294
0.819608
0.803922
0.756863
0.788235
0.815686
0.811765
0.823529
0.839216
0.854902
0.862745
0.878431
0.886275
0.894118
0.898039
0.909804
0.913725
0.917647
0.917647
0.921569
0.921569
0.913725
0.913725
0.913725
0.905882
0.901961
0.894118
0.886275
0.878431
0.874510
0.866667
0.866667
0.854902
0.839216
0.823529
0.768627
0.803922
0.831373
0.827451
0.839216
0.850980
0.866667
0.878431
0.890196
0.901961
0.905882
0.917647
0.925490
0.937255
0.937255
0.937255
0.941176
0.941176
0.933333
0.933333
0.929412
0.921569
0.917647
0.909804
0.901961
0.894118
0.890196
0.882353
0.882353
0.870588
0.854902
0.843137
0.768627
0.792157
0.815686
0.835294
0.850980
0.866667
0.882353
0.894118
0.905882
0.905882
0.933333
0.952941
0.964706
0.972549
0.976471
0.976471
0.972549
0.960784
0.949020
0.941176
0.949020
0.941176
0.937255
0.925490
0.921569
0.909804
0.901961
0.898039
0.898039
0.886275
0.870588
0.854902
0.776471
0.796078
0.815686
0.847059
0.866667
0.882353
0.898039
0.913725
0.921569
0.917647
0.933333
0.945098
0.949020
0.972549
0.984314
0.980392
0.980392
0.960784
0.960784
0.956863
0.960784
0.952941
0.945098
0.941176
0.949020
0.933333
0.921569
0.913725
0.909804
0.894118
0.878431
0.862745
0.803922
0.827451
0.843137
0.874510
0.890196
0.905882
0.921569
0.929412
0.792157
0.874510
0.913725
0.909804
0.784314
0.909804
0.933333
0.937255
0.960784
0.949020
0.972549
0.980392
0.968627
0.960784
0.956863
0.960784
0.964706
0.956863
0.945098
0.929412
0.909804
0.894118
0.886275
0.878431
0.823529
0.850980
0.866667
0.894118
0.913725
0.929412
0.945098
0.941176
0.807843
0.643137
0.756863
0.560784
0.545098
0.619608
0.678431
0.792157
0.862745
0.925490
0.980392
1.000000
0.988235
0.976471
0.960784
0.952941
0.960784
0.968627
0.972549
0.945098
0.905882
0.894118
0.894118
0.894118
0.835294
0.858824
0.882353
0.898039
0.921569
0.937255
0.952941
0.956863
0.945098
0.662745
0.388235
0.239216
0.298039
0.392157
0.403922
0.627451
0.662745
0.784314
0.968627
0.980392
0.992157
0.988235
0.980392
0.964706
0.960784
0.968627
0.968627
0.929412
0.843137
0.823529
0.886275
0.905882
0.847059
0.862745
0.886275
0.901961
0.913725
0.929412
0.945098
0.945098
0.952941
0.862745
0.235294
0.200000
0.521569
0.643137
0.588235
0.560784
0.505882
0.498039
0.733333
0.941176
0.980392
0.968627
0.952941
0.945098
0.941176
0.972549
0.964706
0.898039
0.725490
0.705882
0.850980
0.909804
0.831373
0.850980
0.870588
0.878431
0.894118
0.909804
0.921569
0.929412
0.960784
0.898039
0.239216
0.298039
0.611765
0.670588
0.686275
0.670588
0.568627
0.376471
0.647059
0.917647
0.890196
0.870588
0.788235
0.670588
0.698039
0.890196
0.960784
0.815686
0.643137
0.662745
0.811765
0.913725
0.803922
0.823529
0.854902
0.874510
0.886275
0.898039
0.909804
0.921569
0.960784
0.941176
0.380392
0.286275
0.494118
0.556863
0.588235
0.643137
0.674510
0.709804
0.827451
0.894118
0.835294
0.792157
0.768627
0.643137
0.596078
0.831373
0.929412
0.721569
0.603922
0.623529
0.788235
0.913725
0.807843
0.850980
0.678431
0.643137
0.725490
0.823529
0.854902
0.870588
0.901961
0.905882
0.674510
0.572549
0.705882
0.713725
0.596078
0.525490
0.584314
0.678431
0.729412
0.827451
0.839216
0.823529
0.772549
0.764706
0.776471
0.937255
0.815686
0.607843
0.623529
0.631373
0.788235
0.925490
0.784314
0.811765
0.694118
0.494118
0.431373
0.545098
0.752941
0.792157
0.811765
0.815686
0.819608
0.807843
0.827451
0.831373
0.796078
0.643137
0.564706
0.615686
0.682353
0.631373
0.349020
0.686275
0.843137
0.811765
0.811765
0.909804
0.607843
0.427451
0.537255
0.596078
0.784314
0.929412
0.819608
0.788235
0.796078
0.725490
0.647059
0.615686
0.796078
0.827451
0.815686
0.854902
0.823529
0.803922
0.796078
0.811765
0.803922
0.800000
0.741176
0.631373
0.592157
0.450980
0.117647
0.407843
0.847059
0.901961
0.764706
0.678431
0.474510
0.360784
0.364706
0.415686
0.776471
0.917647
0.843137
0.854902
0.854902
0.854902
0.819608
0.431373
0.564706
0.827451
0.792157
0.807843
0.800000
0.796078
0.807843
0.835294
0.807843
0.800000
0.850980
0.843137
0.713725
0.427451
0.113725
0.349020
0.764706
0.862745
0.803922
0.709804
0.423529
0.317647
0.274510
0.368627
0.772549
0.901961
0.870588
0.894118
0.909804
0.913725
0.901961
0.647059
0.325490
0.784314
0.862745
0.749020
0.431373
0.576471
0.843137
0.858824
0.792157
0.627451
0.505882
0.615686
0.694118
0.517647
0.207843
0.407843
0.737255
0.807843
0.733333
0.800000
0.517647
0.325490
0.274510
0.427451
0.788235
0.890196
0.874510
0.913725
0.937255
0.949020
0.937255
0.917647
0.705882
0.862745
0.968627
0.745098
0.262745
0.349020
0.890196
0.964706
0.882353
0.345098
0.074510
0.356863
0.462745
0.478431
0.466667
0.568627
0.733333
0.729412
0.643137
0.705882
0.643137
0.486275
0.294118
0.419608
0.815686
0.886275
0.874510
0.909804
0.933333
0.949020
0.952941
0.945098
0.941176
0.964706
0.964706
0.701961
0.262745
0.278431
0.780392
0.968627
0.949020
0.545098
0.196078
0.537255
0.521569
0.509804
0.568627
0.611765
0.749020
0.752941
0.662745
0.827451
0.788235
0.737255
0.545098
0.521569
0.800000
0.882353
0.886275
0.898039
0.909804
0.941176
0.956863
0.964706
0.960784
0.984314
0.968627
0.784314
0.294118
0.349020
0.631373
0.686275
0.631373
0.462745
0.317647
0.462745
0.490196
0.517647
0.670588
0.827451
0.949020
0.937255
0.858824
0.862745
0.843137
0.835294
0.811765
0.772549
0.745098
0.874510
0.913725
0.909804
0.917647
0.945098
0.972549
0.996078
0.992157
0.968627
0.890196
0.737255
0.309804
0.415686
0.466667
0.439216
0.400000
0.360784
0.423529
0.513725
0.552941
0.592157
0.741176
0.843137
0.874510
0.898039
0.901961
0.800000
0.815686
0.792157
0.780392
0.705882
0.678431
0.768627
0.952941
0.964706
0.976471
0.976471
0.949020
0.870588
0.760784
0.654902
0.556863
0.458824
0.349020
0.356863
0.407843
0.509804
0.619608
0.752941
0.870588
0.937255
0.933333
0.921569
0.909804
0.874510
0.843137
0.815686
0.811765
0.788235
0.717647
0.509804
0.419608
0.403922
0.415686
0.596078
0.964706
0.937255
0.870588
0.749020
0.619608
0.513725
0.454902
0.431373
0.454902
0.501961
0.572549
0.686275
0.819608
0.937255
0.996078
1.000000
1.000000
1.000000
1.000000
1.000000
1.000000
1.000000
1.000000
1.000000
0.984314
0.705882
0.458824
0.321569
0.321569
0.482353
0.760784
0.937255
0.772549
0.639216
0.513725
0.458824
0.458824
0.517647
0.596078
0.690196
0.800000
0.901961
0.976471
1.000000
1.000000
1.000000
0.996078
0.992157
0.996078
1.000000
1.000000
1.000000
1.000000
1.000000
0.992157
0.996078
0.956863
0.690196
0.568627
0.596078
0.752941
0.941176
1.000000
0.992157
0.654902
0.623529
0.698039
0.776471
0.862745
0.933333
0.984314
1.000000
1.000000
0.996078
0.996078
0.988235
0.996078
0.996078
0.996078
0.996078
0.992157
0.988235
0.996078
0.996078
0.992157
0.988235
0.988235
0.992157
0.996078
1.000000
1.000000
1.000000
0.996078
0.996078
0.972549
0.976471
0.945098
0.964706
0.984314
0.996078
1.000000
1.000000
1.000000
0.992157
0.992157
0.984314
0.976471
0.988235
1.000000
1.000000
1.000000
0.996078
1.000000
1.000000
0.996078
0.996078
0.984314
0.976471
0.980392
0.980392
0.988235
1.000000
1.000000
0.988235
0.988235
0.988235
0.984314
0.976471
0.960784
0.972549
0.984314
0.980392
0.984314
0.992157
1.000000
0.996078
0.988235
0.984314
0.976471
0.988235
1.000000
1.000000
0.996078
0.992157
0.992157
0.992157
0.992157
0.992157
0.980392
0.980392
0.980392
0.980392
0.984314
0.992157
0.992157
0.984314
0.988235
0.988235
0.980392
0.972549
0.964706
0.972549
0.984314
0.980392
0.984314
0.992157
0.996078
1.000000
0.996078
0.992157
0.984314
0.992157
1.000000
0.996078
0.992157
0.984314
0.984314
0.984314
0.984314
0.984314
0.992157
0.992157
0.992157
0.992157
0.992157
0.988235
0.984314
0.984314
0.996078
0.992157
0.984314
0.980392
0.956863
0.964706
0.980392
0.976471
0.976471
0.988235
0.996078
1.000000
1.000000
1.000000
0.996078
0.996078
0.996078
0.996078
0.988235
0.980392
0.984314
0.984314
0.980392
0.984314
1.000000
1.000000
1.000000
1.000000
1.000000
0.992157
0.984314
0.992157
1.000000
0.996078
0.996078
0.988235
