0.282353
0.309804
0.341176
0.329412
0.333333
0.325490
0.313725
0.309804
0.305882
0.309804
0.325490
0.341176
0.349020
0.352941
0.341176
0.337255
0.337255
0.317647
0.305882
0.313725
0.329412
0.325490
0.305882
0.305882
0.309804
0.290196
0.282353
0.290196
0.274510
0.250980
0.250980
0.258824
0.270588
0.282353
0.321569
0.313725
0.317647
0.321569
0.313725
0.305882
0.294118
0.298039
0.313725
0.325490
0.337255
0.352941
0.360784
0.356863
0.352941
0.337255
0.321569
0.317647
0.325490
0.333333
0.400000
0.470588
0.458824
0.376471
0.509804
0.552941
0.325490
0.227451
0.247059
0.250980
0.286275
0.282353
0.270588
0.274510
0.298039
0.313725
0.317647
0.321569
0.305882
0.317647
0.321569
0.317647
0.329412
0.345098
0.352941
0.345098
0.337255
0.333333
0.321569
0.309804
0.321569
0.458824
0.607843
0.592157
0.541176
0.482353
0.533333
0.545098
0.305882
0.200000
0.227451
0.239216
0.294118
0.278431
0.266667
0.274510
0.294118
0.313725
0.321569
0.329412
0.329412
0.345098
0.352941
0.333333
0.337255
0.356863
0.360784
0.364706
0.356863
0.333333
0.317647
0.333333
0.427451
0.615686
0.584314
0.545098
0.529412
0.505882
0.545098
0.549020
0.470588
0.313725
0.301961
0.305882
0.380392
0.372549
0.431373
0.458824
0.388235
0.380392
0.380392
0.388235
0.423529
0.521569
0.439216
0.396078
0.388235
0.388235
0.384314
0.501961
0.513725
0.400000
0.392157
0.478431
0.537255
0.588235
0.521569
0.576471
0.486275
0.443137
0.435294
0.486275
0.650980
0.454902
0.298039
0.309804
0.368627
0.352941
0.494118
0.572549
0.376471
0.368627
0.372549
0.384314
0.443137
0.631373
0.447059
0.392157
0.400000
0.384314
0.376471
0.556863
0.576471
0.450980
0.537255
0.600000
0.494118
0.482353
0.541176
0.619608
0.478431
0.443137
0.486275
0.556863
0.658824
0.560784
0.388235
0.400000
0.368627
0.360784
0.529412
0.627451
0.450980
0.454902
0.466667
0.470588
0.517647
0.686275
0.545098
0.494118
0.501961
0.505882
0.513725
0.650980
0.619608
0.545098
0.666667
0.580392
0.439216
0.462745
0.627451
0.572549
0.419608
0.419608
0.509804
0.647059
0.654902
0.619608
0.521569
0.533333
0.572549
0.584314
0.678431
0.733333
0.588235
0.568627
0.584314
0.584314
0.596078
0.764706
0.713725
0.572549
0.580392
0.607843
0.596078
0.635294
0.631373
0.721569
0.670588
0.509804
0.454902
0.529412
0.713725
0.588235
0.396078
0.407843
0.372549
0.498039
0.552941
0.639216
0.627451
0.619608
0.611765
0.627451
0.701961
0.749020
0.639216
0.615686
0.643137
0.631373
0.643137
0.835294
0.698039
0.509804
0.549020
0.603922
0.592157
0.576471
0.643137
0.592157
0.513725
0.564706
0.517647
0.596078
0.725490
0.647059
0.541176
0.505882
0.337255
0.423529
0.478431
0.650980
0.713725
0.650980
0.607843
0.623529
0.721569
0.717647
0.549020
0.537255
0.560784
0.564706
0.509804
0.533333
0.470588
0.439216
0.486275
0.478431
0.490196
0.517647
0.478431
0.435294
0.525490
0.635294
0.615686
0.650980
0.749020
0.694118
0.541176
0.470588
0.427451
0.360784
0.337255
0.560784
0.627451
0.537255
0.560784
0.560784
0.623529
0.631373
0.529412
0.529412
0.509804
0.435294
0.443137
0.494118
0.415686
0.478431
0.537255
0.517647
0.509804
0.478431
0.458824
0.478431
0.580392
0.650980
0.615686
0.670588
0.709804
0.619608
0.521569
0.458824
0.474510
0.396078
0.321569
0.439216
0.431373
0.431373
0.443137
0.447059
0.517647
0.658824
0.682353
0.690196
0.596078
0.403922
0.517647
0.498039
0.454902
0.521569
0.517647
0.533333
0.521569
0.509804
0.533333
0.478431
0.552941
0.600000
0.572549
0.635294
0.588235
0.552941
0.560784
0.454902
0.407843
0.349020
0.337255
0.364706
0.376471
0.415686
0.403922
0.439216
0.545098
0.615686
0.666667
0.705882
0.466667
0.407843
0.549020
0.462745
0.486275
0.521569
0.501961
0.498039
0.505882
0.513725
0.611765
0.494118
0.478431
0.584314
0.596078
0.611765
0.545098
0.580392
0.615686
0.447059
0.341176
0.305882
0.317647
0.364706
0.388235
0.392157
0.400000
0.439216
0.552941
0.600000
0.615686
0.615686
0.364706
0.419608
0.537255
0.462745
0.505882
0.501961
0.490196
0.498039
0.509804
0.513725
0.611765
0.552941
0.454902
0.549020
0.650980
0.603922
0.533333
0.654902
0.682353
0.474510
0.364706
0.364706
0.392157
0.411765
0.423529
0.415686
0.411765
0.443137
0.572549
0.627451
0.549020
0.462745
0.349020
0.427451
0.517647
0.470588
0.521569
0.490196
0.498039
0.505882
0.521569
0.521569
0.541176
0.596078
0.494118
0.498039
0.639216
0.650980
0.541176
0.654902
0.690196
0.552941
0.482353
0.501961
0.513725
0.505882
0.517647
0.498039
0.470588
0.501961
0.623529
0.670588
0.549020
0.372549
0.325490
0.372549
0.517647
0.537255
0.466667
0.486275
0.525490
0.525490
0.541176
0.564706
0.513725
0.552941
0.541176
0.501961
0.596078
0.639216
0.537255
0.627451
0.627451
0.564706
0.549020
0.545098
0.556863
0.552941
0.545098
0.513725
0.529412
0.533333
0.639216
0.686275
0.603922
0.431373
0.305882
0.309804
0.439216
0.623529
0.411765
0.384314
0.505882
0.549020
0.556863
0.600000
0.596078
0.501961
0.549020
0.560784
0.568627
0.552941
0.513725
0.556863
0.533333
0.568627
0.513725
0.482353
0.498039
0.490196
0.474510
0.462745
0.490196
0.549020
0.647059
0.682353
0.607843
0.501961
0.349020
0.286275
0.341176
0.572549
0.494118
0.250980
0.372549
0.505882
0.541176
0.584314
0.631373
0.509804
0.517647
0.564706
0.513725
0.447059
0.419608
0.435294
0.556863
0.627451
0.541176
0.501961
0.498039
0.494118
0.478431
0.458824
0.466667
0.552941
0.658824
0.662745
0.541176
0.458824
0.380392
0.247059
0.313725
0.517647
0.584314
0.239216
0.160784
0.286275
0.403922
0.454902
0.494118
0.423529
0.435294
0.509804
0.490196
0.431373
0.403922
0.388235
0.529412
0.592157
0.509804
0.509804
0.513725
0.498039
0.490196
0.466667
0.501961
0.596078
0.670588
0.631373
0.501961
0.411765
0.380392
0.305882
0.352941
0.545098
0.635294
0.427451
0.278431
0.219608
0.400000
0.415686
0.400000
0.380392
0.376471
0.380392
0.435294
0.384314
0.364706
0.439216
0.462745
0.513725
0.462745
0.439216
0.517647
0.482353
0.482353
0.470588
0.537255
0.600000
0.584314
0.537255
0.450980
0.380392
0.419608
0.407843
0.403922
0.482353
0.647059
0.596078
0.588235
0.431373
0.443137
0.439216
0.431373
0.435294
0.419608
0.403922
0.396078
0.341176
0.407843
0.541176
0.490196
0.482353
0.490196
0.431373
0.533333
0.498039
0.474510
0.458824
0.478431
0.482353
0.478431
0.470588
0.439216
0.415686
0.450980
0.447059
0.435294
0.450980
0.592157
0.662745
0.627451
0.490196
0.450980
0.435294
0.435294
0.431373
0.427451
0.443137
0.439216
0.427451
0.525490
0.623529
0.494118
0.462745
0.462745
0.435294
0.537255
0.564706
0.474510
0.458824
0.466667
0.486275
0.478431
0.474510
0.454902
0.439216
0.458824
0.466667
0.450980
0.423529
0.466667
0.662745
0.615686
0.454902
0.431373
0.431373
0.423529
0.415686
0.407843
0.411765
0.423529
0.411765
0.435294
0.447059
0.419608
0.427451
0.443137
0.415686
0.458824
0.494118
0.435294
0.427451
0.443137
0.458824
0.447059
0.439216
0.415686
0.423529
0.447059
0.439216
0.431373
0.396078
0.392157
0.603922
0.568627
0.396078
0.376471
0.400000
0.400000
0.400000
0.396078
0.411765
0.431373
0.403922
0.403922
0.435294
0.431373
0.423529
0.435294
0.431373
0.454902
0.454902
0.439216
0.411765
0.447059
0.454902
0.443137
0.431373
0.431373
0.435294
0.435294
0.443137
0.450980
0.403922
0.333333
0.552941
0.600000
0.411765
0.388235
0.396078
0.384314
0.388235
0.384314
0.400000
0.415686
0.407843
0.419608
0.454902
0.486275
0.474510
0.450980
0.439216
0.454902
0.498039
0.466667
0.411765
0.427451
0.427451
0.427451
0.435294
0.435294
0.435294
0.443137
0.447059
0.439216
0.423529
0.298039
0.329412
0.501961
0.439216
0.454902
0.431373
0.423529
0.419608
0.419608
0.439216
0.447059
0.439216
0.458824
0.419608
0.431373
0.470588
0.439216
0.415686
0.435294
0.505882
0.490196
0.396078
0.435294
0.443137
0.447059
0.427451
0.419608
0.415686
0.423529
0.419608
0.411765
0.407843
0.403922
0.380392
0.415686
0.403922
0.423529
0.431373
0.427451
0.427451
0.427451
0.419608
0.419608
0.411765
0.407843
0.372549
0.403922
0.450980
0.415686
0.403922
0.396078
0.427451
0.415686
0.388235
0.427451
0.439216
0.443137
0.407843
0.400000
0.392157
0.400000
0.407843
0.392157
0.372549
0.423529
0.533333
0.419608
0.364706
0.376471
0.364706
0.356863
0.345098
0.313725
0.317647
0.341176
0.380392
0.372549
0.356863
0.388235
0.388235
0.388235
0.380392
0.364706
0.372549
0.356863
0.349020
0.325490
0.356863
0.388235
0.388235
0.400000
0.384314
0.380392
0.364706
0.337255
0.325490
0.356863
0.517647
0.349020
0.203922
0.356863
0.388235
0.262745
0.160784
0.149020
0.160784
0.180392
0.270588
0.368627
0.400000
0.407843
0.411765
0.423529
0.396078
0.384314
0.400000
0.411765
0.384314
0.207843
0.258824
0.286275
0.290196
0.321569
0.309804
0.305882
0.270588
0.235294
0.215686
0.196078
0.435294
0.372549
0.160784
0.215686
0.313725
0.313725
0.184314
0.125490
0.196078
0.254902
0.282353
0.305882
0.309804
0.396078
0.431373
0.431373
0.415686
0.400000
0.403922
0.431373
0.435294
0.388235
0.396078
0.372549
0.349020
0.368627
0.364706
0.360784
0.337255
0.313725
0.270588
0.211765
0.368627
0.443137
0.325490
0.282353
0.305882
0.317647
0.317647
0.282353
0.329412
0.372549
0.313725
0.309804
0.337255
0.376471
0.400000
0.396078
0.388235
0.349020
0.349020
0.392157
0.431373
0.431373
0.443137
0.447059
0.423529
0.427451
0.431373
0.435294
0.427451
0.447059
0.443137
0.400000
0.423529
0.478431
0.443137
0.419608
0.392157
0.388235
0.419608
0.427451
0.443137
0.439216
0.388235
0.364706
0.368627
0.388235
0.411765
0.419608
0.396078
0.376471
0.364706
0.380392
0.388235
0.211765
0.250980
0.270588
0.270588
0.270588
0.266667
0.250980
0.247059
0.239216
0.243137
0.262745
0.274510
0.282353
0.286275
0.270588
0.254902
0.250980
0.239216
0.231373
0.239216
0.262745
0.262745
0.235294
0.243137
0.243137
0.207843
0.203922
0.211765
0.211765
0.196078
0.200000
0.184314
0.215686
0.262745
0.274510
0.274510
0.286275
0.290196
0.286275
0.270588
0.258824
0.262745
0.278431
0.290196
0.298039
0.305882
0.301961
0.290196
0.290196
0.282353
0.266667
0.258824
0.290196
0.301961
0.325490
0.384314
0.368627
0.266667
0.376471
0.415686
0.243137
0.184314
0.203922
0.192157
0.219608
0.239216
0.231373
0.235294
0.254902
0.274510
0.282353
0.282353
0.266667
0.278431
0.282353
0.274510
0.278431
0.278431
0.278431
0.274510
0.270588
0.274510
0.262745
0.258824
0.298039
0.411765
0.474510
0.392157
0.333333
0.270588
0.298039
0.356863
0.219608
0.176471
0.196078
0.180392
0.250980
0.247059
0.231373
0.243137
0.266667
0.282353
0.290196
0.301961
0.298039
0.305882
0.309804
0.286275
0.286275
0.301961
0.301961
0.305882
0.305882
0.294118
0.294118
0.301961
0.384314
0.525490
0.427451
0.298039
0.290196
0.262745
0.278431
0.380392
0.388235
0.282353
0.266667
0.223529
0.337255
0.345098
0.392157
0.431373
0.360784
0.352941
0.356863
0.364706
0.400000
0.490196
0.396078
0.349020
0.345098
0.345098
0.337255
0.454902
0.474510
0.372549
0.368627
0.427451
0.447059
0.435294
0.313725
0.321569
0.278431
0.254902
0.235294
0.301961
0.525490
0.400000
0.254902
0.235294
0.317647
0.317647
0.447059
0.537255
0.341176
0.341176
0.352941
0.360784
0.415686
0.596078
0.403922
0.349020
0.356863
0.341176
0.333333
0.509804
0.537255
0.411765
0.474510
0.501961
0.356863
0.282353
0.274510
0.325490
0.250980
0.250980
0.305882
0.325490
0.498039
0.501961
0.345098
0.329412
0.309804
0.321569
0.478431
0.572549
0.396078
0.415686
0.439216
0.431373
0.470588
0.631373
0.482353
0.435294
0.439216
0.443137
0.450980
0.584314
0.568627
0.486275
0.568627
0.443137
0.274510
0.243137
0.329412
0.286275
0.196078
0.203922
0.305882
0.380392
0.478431
0.549020
0.454902
0.439216
0.505882
0.533333
0.619608
0.658824
0.517647
0.505882
0.517647
0.517647
0.541176
0.705882
0.635294
0.501961
0.501961
0.517647
0.517647
0.572549
0.549020
0.603922
0.521569
0.337255
0.262745
0.298039
0.431373
0.317647
0.188235
0.231373
0.211765
0.294118
0.388235
0.525490
0.541176
0.517647
0.529412
0.556863
0.615686
0.654902
0.549020
0.529412
0.545098
0.552941
0.576471
0.752941
0.596078
0.415686
0.443137
0.498039
0.505882
0.494118
0.525490
0.431373
0.329412
0.364706
0.298039
0.352941
0.447059
0.356863
0.356863
0.411765
0.231373
0.294118
0.341176
0.517647
0.619608
0.549020
0.517647
0.537255
0.619608
0.627451
0.482353
0.486275
0.498039
0.482353
0.392157
0.388235
0.321569
0.286275
0.325490
0.329412
0.360784
0.376471
0.313725
0.250980
0.313725
0.400000
0.364706
0.392157
0.462745
0.392157
0.388235
0.435294
0.360784
0.274510
0.231373
0.443137
0.533333
0.435294
0.486275
0.482353
0.517647
0.529412
0.454902
0.466667
0.443137
0.321569
0.250980
0.266667
0.207843
0.278431
0.317647
0.294118
0.298039
0.270588
0.254902
0.266667
0.345098
0.372549
0.329412
0.392157
0.411765
0.337255
0.360784
0.400000
0.423529
0.345098
0.250980
0.352941
0.352941
0.329412
0.380392
0.376471
0.403922
0.525490
0.560784
0.584314
0.478431
0.235294
0.286275
0.250980
0.223529
0.286275
0.266667
0.274510
0.270588
0.282353
0.305882
0.262745
0.317647
0.325490
0.282353
0.337255
0.298039
0.290196
0.356863
0.349020
0.356863
0.298039
0.274510
0.298039
0.309804
0.317647
0.333333
0.364706
0.431373
0.482353
0.549020
0.592157
0.333333
0.215686
0.309804
0.235294
0.258824
0.270588
0.250980
0.247059
0.258824
0.286275
0.376471
0.282353
0.247059
0.333333
0.309804
0.305882
0.262745
0.298039
0.360784
0.305882
0.278431
0.243137
0.254902
0.298039
0.313725
0.294118
0.329412
0.364706
0.439216
0.478431
0.513725
0.509804
0.223529
0.223529
0.298039
0.235294
0.278431
0.247059
0.231373
0.239216
0.254902
0.270588
0.388235
0.329412
0.227451
0.305882
0.376471
0.313725
0.254902
0.360784
0.392157
0.298039
0.282353
0.294118
0.317647
0.329412
0.333333
0.301961
0.341176
0.368627
0.466667
0.513725
0.462745
0.364706
0.200000
0.227451
0.278431
0.247059
0.294118
0.227451
0.231373
0.243137
0.254902
0.254902
0.313725
0.352941
0.266667
0.266667
0.372549
0.368627
0.274510
0.376471
0.396078
0.352941
0.380392
0.407843
0.407843
0.396078
0.400000
0.368627
0.384314
0.415686
0.513725
0.556863
0.470588
0.290196
0.184314
0.192157
0.290196
0.305882
0.262745
0.235294
0.254902
0.258824
0.278431
0.301961
0.278431
0.317647
0.317647
0.266667
0.337255
0.376471
0.286275
0.368627
0.380392
0.380392
0.447059
0.447059
0.439216
0.431373
0.423529
0.384314
0.439216
0.450980
0.533333
0.560784
0.521569
0.368627
0.203922
0.172549
0.250980
0.403922
0.250980
0.200000
0.262745
0.278431
0.294118
0.349020
0.360784
0.305882
0.337255
0.313725
0.313725
0.309804
0.294118
0.333333
0.317647
0.368627
0.396078
0.407843
0.400000
0.384314
0.380392
0.345098
0.423529
0.490196
0.549020
0.545098
0.509804
0.447059
0.282353
0.184314
0.184314
0.372549
0.356863
0.156863
0.203922
0.258824
0.282353
0.321569
0.380392
0.309804
0.309804
0.321569
0.254902
0.215686
0.254902
0.290196
0.349020
0.368627
0.372549
0.407843
0.411765
0.403922
0.396078
0.360784
0.407843
0.498039
0.549020
0.533333
0.439216
0.400000
0.333333
0.184314
0.188235
0.317647
0.415686
0.168627
0.090196
0.156863
0.223529
0.250980
0.290196
0.250980
0.247059
0.290196
0.247059
0.219608
0.270588
0.290196
0.368627
0.345098
0.294118
0.372549
0.411765
0.407843
0.400000
0.356863
0.435294
0.517647
0.545098
0.517647
0.411765
0.349020
0.325490
0.254902
0.254902
0.349020
0.411765
0.305882
0.223529
0.176471
0.317647
0.317647
0.298039
0.286275
0.262745
0.227451
0.235294
0.200000
0.231373
0.337255
0.356863
0.329412
0.239216
0.262745
0.376471
0.392157
0.384314
0.345098
0.447059
0.501961
0.466667
0.447059
0.376471
0.309804
0.345098
0.341176
0.325490
0.333333
0.411765
0.400000
0.431373
0.337255
0.372549
0.360784
0.352941
0.360784
0.345098
0.313725
0.266667
0.219608
0.262745
0.364706
0.376471
0.364706
0.352941
0.266667
0.325490
0.384314
0.368627
0.337255
0.380392
0.392157
0.384314
0.384314
0.364706
0.345098
0.368627
0.364706
0.364706
0.333333
0.388235
0.435294
0.427451
0.364706
0.352941
0.349020
0.360784
0.352941
0.349020
0.352941
0.356863
0.356863
0.360784
0.392157
0.349020
0.360784
0.380392
0.325490
0.325490
0.396078
0.380392
0.341176
0.376471
0.407843
0.396078
0.396078
0.380392
0.368627
0.364706
0.364706
0.380392
0.333333
0.301961
0.423529
0.407843
0.341176
0.337255
0.341176
0.345098
0.337255
0.325490
0.321569
0.337255
0.349020
0.301961
0.262745
0.313725
0.325490
0.329412
0.337255
0.325490
0.349020
0.356863
0.329412
0.356863
0.376471
0.356863
0.352941
0.337255
0.337255
0.337255
0.329412
0.352941
0.317647
0.258824
0.372549
0.360784
0.309804
0.309804
0.313725
0.317647
0.317647
0.321569
0.333333
0.325490
0.321569
0.313725
0.278431
0.325490
0.341176
0.345098
0.333333
0.333333
0.301961
0.309804
0.309804
0.356863
0.372549
0.352941
0.345098
0.341176
0.345098
0.341176
0.345098
0.349020
0.298039
0.215686
0.349020
0.368627
0.305882
0.309804
0.298039
0.301961
0.309804
0.313725
0.313725
0.321569
0.317647
0.321569
0.309804
0.345098
0.364706
0.356863
0.341176
0.341176
0.356863
0.321569
0.290196
0.337255
0.345098
0.341176
0.352941
0.352941
0.352941
0.356863
0.360784
0.349020
0.321569
0.184314
0.196078
0.317647
0.301961
0.356863
0.329412
0.325490
0.325490
0.333333
0.341176
0.349020
0.337255
0.349020
0.294118
0.309804
0.368627
0.345098
0.325490
0.333333
0.384314
0.368627
0.278431
0.345098
0.360784
0.364706
0.349020
0.341176
0.341176
0.341176
0.337255
0.337255
0.317647
0.278431
0.262745
0.282353
0.266667
0.305882
0.329412
0.333333
0.341176
0.345098
0.329412
0.329412
0.317647
0.309804
0.270588
0.305882
0.364706
0.337255
0.325490
0.309804
0.329412
0.317647
0.274510
0.333333
0.352941
0.356863
0.329412
0.321569
0.313725
0.321569
0.329412
0.325490
0.290196
0.290196
0.368627
0.309804
0.270588
0.250980
0.258824
0.274510
0.274510
0.247059
0.250980
0.270588
0.309804
0.298039
0.278431
0.309804
0.309804
0.309804
0.305882
0.286275
0.282353
0.266667
0.243137
0.247059
0.294118
0.305882
0.309804
0.325490
0.321569
0.321569
0.290196
0.274510
0.262745
0.258824
0.349020
0.247059
0.172549
0.258824
0.270588
0.196078
0.125490
0.105882
0.121569
0.141176
0.219608
0.309804
0.337255
0.337255
0.337255
0.341176
0.317647
0.301961
0.313725
0.321569
0.286275
0.164706
0.227451
0.231373
0.231373
0.266667
0.262745
0.258824
0.207843
0.188235
0.184314
0.156863
0.298039
0.239216
0.113725
0.168627
0.239216
0.266667
0.160784
0.090196
0.149020
0.200000
0.219608
0.235294
0.239216
0.321569
0.356863
0.352941
0.345098
0.325490
0.321569
0.341176
0.313725
0.313725
0.333333
0.290196
0.286275
0.313725
0.305882
0.298039
0.274510
0.250980
0.223529
0.172549
0.258824
0.301961
0.247059
0.243137
0.247059
0.262745
0.270588
0.227451
0.254902
0.294118
0.247059
0.243137
0.270588
0.305882
0.325490
0.321569
0.325490
0.286275
0.278431
0.313725
0.313725
0.317647
0.345098
0.333333
0.329412
0.333333
0.333333
0.333333
0.329412
0.341176
0.333333
0.305882
0.313725
0.349020
0.337255
0.309804
0.286275
0.290196
0.313725
0.317647
0.329412
0.337255
0.301961
0.290196
0.294118
0.305882
0.325490
0.333333
0.321569
0.301961
0.282353
0.290196
0.270588
0.145098
0.145098
0.156863
0.152941
0.152941
0.152941
0.145098
0.145098
0.152941
0.160784
0.160784
0.160784
0.168627
0.180392
0.172549
0.172549
0.180392
0.168627
0.156863
0.176471
0.207843
0.207843
0.180392
0.188235
0.184314
0.152941
0.152941
0.152941
0.145098
0.137255
0.152941
0.137255
0.149020
0.160784
0.168627
0.168627
0.168627
0.172549
0.164706
0.164706
0.168627
0.176471
0.176471
0.176471
0.184314
0.188235
0.188235
0.184314
0.188235
0.188235
0.180392
0.211765
0.274510
0.286275
0.274510
0.301961
0.282353
0.172549
0.274510
0.325490
0.180392
0.141176
0.160784
0.152941
0.156863
0.164706
0.160784
0.145098
0.149020
0.160784
0.160784
0.164706
0.160784
0.176471
0.168627
0.164706
0.172549
0.168627
0.164706
0.168627
0.180392
0.196078
0.196078
0.219608
0.294118
0.388235
0.384314
0.262745
0.211765
0.149020
0.164706
0.250980
0.164706
0.145098
0.152941
0.137255
0.168627
0.180392
0.168627
0.160784
0.164706
0.168627
0.168627
0.188235
0.180392
0.192157
0.203922
0.196078
0.200000
0.215686
0.211765
0.227451
0.243137
0.243137
0.247059
0.290196
0.352941
0.439216
0.309804
0.164706
0.180392
0.156863
0.152941
0.298039
0.325490
0.239216
0.243137
0.203922
0.250980
0.274510
0.317647
0.345098
0.282353
0.278431
0.282353
0.286275
0.305882
0.400000
0.325490
0.294118
0.294118
0.290196
0.282353
0.388235
0.427451
0.337255
0.329412
0.376471
0.372549
0.341176
0.211765
0.200000
0.196078
0.172549
0.133333
0.211765
0.439216
0.345098
0.235294
0.215686
0.231373
0.239216
0.360784
0.443137
0.274510
0.294118
0.301961
0.298039
0.341176
0.521569
0.349020
0.305882
0.313725
0.298039
0.286275
0.435294
0.486275
0.376471
0.411765
0.380392
0.258824
0.211765
0.168627
0.196078
0.172549
0.168627
0.200000
0.196078
0.392157
0.439216
0.309804
0.282353
0.227451
0.235294
0.376471
0.458824
0.317647
0.352941
0.352941
0.341176
0.376471
0.533333
0.403922
0.360784
0.364706
0.368627
0.372549
0.490196
0.494118
0.403922
0.431373
0.301961
0.207843
0.184314
0.196078
0.156863
0.145098
0.137255
0.200000
0.235294
0.368627
0.470588
0.392157
0.376471
0.431373
0.450980
0.505882
0.545098
0.431373
0.431373
0.427451
0.415686
0.431373
0.584314
0.517647
0.388235
0.396078
0.415686
0.411765
0.474510
0.435294
0.466667
0.372549
0.219608
0.203922
0.200000
0.254902
0.196078
0.137255
0.192157
0.145098
0.168627
0.250980
0.439216
0.439216
0.411765
0.450980
0.470588
0.501961
0.541176
0.450980
0.431373
0.439216
0.439216
0.458824
0.631373
0.478431
0.301961
0.337255
0.392157
0.396078
0.407843
0.411765
0.301961
0.207843
0.231373
0.196078
0.188235
0.231373
0.200000
0.243137
0.325490
0.160784
0.215686
0.243137
0.439216
0.494118
0.423529
0.411765
0.427451
0.494118
0.486275
0.341176
0.341176
0.341176
0.352941
0.270588
0.278431
0.231373
0.192157
0.223529
0.227451
0.254902
0.282353
0.223529
0.149020
0.188235
0.235294
0.215686
0.196078
0.231373
0.215686
0.219608
0.282353
0.250980
0.215686
0.188235
0.364706
0.403922
0.317647
0.349020
0.345098
0.376471
0.360784
0.290196
0.317647
0.298039
0.215686
0.152941
0.164706
0.121569
0.164706
0.196078
0.176471
0.176471
0.156863
0.160784
0.168627
0.207843
0.211765
0.188235
0.203922
0.215686
0.176471
0.192157
0.227451
0.274510
0.231373
0.180392
0.235294
0.219608
0.219608
0.231373
0.239216
0.258824
0.341176
0.376471
0.431373
0.364706
0.156863
0.184314
0.152941
0.125490
0.164706
0.149020
0.164706
0.164706
0.156863
0.172549
0.160784
0.180392
0.172549
0.149020
0.192157
0.156863
0.156863
0.200000
0.200000
0.219608
0.172549
0.176471
0.168627
0.180392
0.219608
0.192157
0.243137
0.278431
0.286275
0.352941
0.431373
0.223529
0.129412
0.196078
0.133333
0.156863
0.160784
0.145098
0.149020
0.172549
0.172549
0.196078
0.160784
0.145098
0.180392
0.160784
0.184314
0.156863
0.152941
0.196078
0.188235
0.184314
0.156863
0.160784
0.188235
0.200000
0.203922
0.200000
0.247059
0.274510
0.262745
0.329412
0.380392
0.129412
0.133333
0.176471
0.125490
0.172549
0.145098
0.133333
0.137255
0.160784
0.160784
0.196078
0.172549
0.133333
0.164706
0.196078
0.164706
0.152941
0.188235
0.200000
0.172549
0.188235
0.196078
0.215686
0.219608
0.223529
0.207843
0.219608
0.258824
0.282353
0.278431
0.294118
0.262745
0.117647
0.129412
0.149020
0.129412
0.180392
0.133333
0.141176
0.141176
0.152941
0.145098
0.164706
0.192157
0.141176
0.141176
0.188235
0.184314
0.156863
0.203922
0.192157
0.200000
0.235294
0.254902
0.254902
0.247059
0.254902
0.239216
0.258824
0.282353
0.325490
0.333333
0.290196
0.203922
0.121569
0.101961
0.160784
0.152941
0.145098
0.141176
0.160784
0.156863
0.156863
0.164706
0.129412
0.168627
0.168627
0.137255
0.160784
0.184314
0.149020
0.207843
0.184314
0.203922
0.266667
0.270588
0.270588
0.266667
0.262745
0.243137
0.309804
0.298039
0.349020
0.349020
0.325490
0.278431
0.156863
0.105882
0.137255
0.211765
0.133333
0.117647
0.152941
0.149020
0.149020
0.184314
0.176471
0.149020
0.188235
0.164706
0.172549
0.172549
0.164706
0.184314
0.149020
0.203922
0.227451
0.235294
0.243137
0.247059
0.247059
0.231373
0.313725
0.349020
0.364706
0.329412
0.329412
0.341176
0.227451
0.145098
0.109804
0.196078
0.219608
0.109804
0.137255
0.156863
0.168627
0.188235
0.223529
0.176471
0.172549
0.176471
0.160784
0.149020
0.145098
0.156863
0.207843
0.227451
0.219608
0.239216
0.250980
0.262745
0.270588
0.239216
0.309804
0.364706
0.356863
0.317647
0.290196
0.278431
0.254902
0.152941
0.133333
0.145098
0.243137
0.113725
0.070588
0.113725
0.137255
0.141176
0.168627
0.156863
0.152941
0.176471
0.160784
0.145098
0.172549
0.168627
0.219608
0.207843
0.180392
0.239216
0.266667
0.262745
0.254902
0.227451
0.313725
0.364706
0.341176
0.313725
0.282353
0.231373
0.231373
0.192157
0.180392
0.184314
0.211765
0.172549
0.141176
0.101961
0.196078
0.188235
0.172549
0.184314
0.168627
0.133333
0.149020
0.113725
0.137255
0.215686
0.200000
0.196078
0.152941
0.168627
0.250980
0.235294
0.231373
0.215686
0.305882
0.333333
0.298039
0.286275
0.266667
0.231373
0.254902
0.227451
0.203922
0.172549
0.207843
0.219608
0.258824
0.196078
0.231373
0.215686
0.215686
0.223529
0.203922
0.180392
0.172549
0.125490
0.137255
0.203922
0.207843
0.219608
0.219608
0.164706
0.215686
0.223529
0.231373
0.211765
0.239216
0.239216
0.243137
0.243137
0.239216
0.227451
0.239216
0.231373
0.219608
0.168627
0.203922
0.215686
0.215686
0.215686
0.215686
0.203922
0.215686
0.207843
0.203922
0.203922
0.211765
0.200000
0.200000
0.227451
0.180392
0.211765
0.231373
0.200000
0.207843
0.254902
0.243137
0.231373
0.211765
0.235294
0.235294
0.227451
0.215686
0.203922
0.211765
0.223529
0.231373
0.192157
0.160784
0.215686
0.203922
0.203922
0.207843
0.215686
0.219608
0.211765
0.203922
0.196078
0.215686
0.219608
0.188235
0.152941
0.192157
0.223529
0.223529
0.215686
0.192157
0.219608
0.243137
0.235294
0.223529
0.231373
0.219608
0.211765
0.196078
0.211765
0.227451
0.207843
0.215686
0.200000
0.160784
0.196078
0.180392
0.200000
0.192157
0.200000
0.211765
0.211765
0.211765
0.203922
0.203922
0.207843
0.211765
0.184314
0.207843
0.215686
0.211765
0.215686
0.215686
0.200000
0.231373
0.227451
0.235294
0.243137
0.219608
0.207843
0.207843
0.219608
0.223529
0.219608
0.215686
0.188235
0.137255
0.207843
0.200000
0.211765
0.203922
0.180392
0.196078
0.200000
0.200000
0.196078
0.203922
0.196078
0.207843
0.196078
0.211765
0.215686
0.215686
0.203922
0.207843
0.239216
0.211765
0.184314
0.211765
0.211765
0.203922
0.207843
0.207843
0.215686
0.231373
0.231373
0.223529
0.219608
0.109804
0.113725
0.192157
0.188235
0.235294
0.203922
0.203922
0.203922
0.207843
0.203922
0.215686
0.223529
0.247059
0.184314
0.180392
0.231373
0.219608
0.196078
0.200000
0.254902
0.235294
0.168627
0.219608
0.231373
0.227451
0.215686
0.211765
0.219608
0.227451
0.215686
0.227451
0.223529
0.192157
0.164706
0.176471
0.160784
0.188235
0.200000
0.196078
0.200000
0.203922
0.192157
0.200000
0.203922
0.211765
0.168627
0.184314
0.235294
0.219608
0.200000
0.188235
0.219608
0.211765
0.176471
0.215686
0.227451
0.227451
0.215686
0.223529
0.219608
0.231373
0.219608
0.223529
0.207843
0.188235
0.211765
0.211765
0.200000
0.149020
0.164706
0.192157
0.196078
0.172549
0.168627
0.180392
0.211765
0.196078
0.172549
0.188235
0.192157
0.203922
0.188235
0.184314
0.207843
0.203922
0.160784
0.188235
0.211765
0.231373
0.247059
0.266667
0.262745
0.258824
0.223529
0.211765
0.207843
0.180392
0.196078
0.164706
0.160784
0.176471
0.180392
0.149020
0.117647
0.117647
0.121569
0.117647
0.160784
0.219608
0.231373
0.235294
0.239216
0.247059
0.223529
0.227451
0.243137
0.239216
0.200000
0.145098
0.192157
0.211765
0.219608
0.250980
0.243137
0.235294
0.192157
0.180392
0.192157
0.149020
0.196078
0.145098
0.101961
0.152941
0.176471
0.215686
0.137255
0.086275
0.133333
0.172549
0.184314
0.192157
0.176471
0.247059
0.262745
0.247059
0.254902
0.254902
0.243137
0.235294
0.211765
0.262745
0.258824
0.227451
0.254902
0.278431
0.258824
0.247059
0.227451
0.211765
0.192157
0.152941
0.196078
0.192157
0.156863
0.168627
0.164706
0.176471
0.188235
0.160784
0.176471
0.219608
0.184314
0.188235
0.211765
0.231373
0.223529
0.200000
0.219608
0.196078
0.188235
0.207843
0.203922
0.243137
0.235294
0.215686
0.235294
0.235294
0.219608
0.215686
0.211765
0.211765
0.203922
0.188235
0.184314
0.188235
0.196078
0.192157
0.176471
0.164706
0.184314
0.200000
0.207843
0.215686
0.192157
0.184314
0.200000
0.203922
0.211765
0.207843
0.196078
0.200000
0.196078
0.203922
0.176471
