0.188235
0.156863
0.156863
0.192157
0.176471
0.207843
0.239216
0.227451
0.286275
0.286275
0.290196
0.341176
0.294118
0.129412
0.129412
0.227451
0.298039
0.309804
0.250980
0.282353
0.254902
0.223529
0.200000
0.149020
0.082353
0.066667
0.043137
0.047059
0.027451
0.019608
0.027451
0.023529
0.203922
0.141176
0.133333
0.149020
0.149020
0.172549
0.160784
0.180392
0.254902
0.266667
0.325490
0.396078
0.380392
0.325490
0.400000
0.474510
0.521569
0.501961
0.501961
0.498039
0.501961
0.478431
0.419608
0.352941
0.309804
0.274510
0.227451
0.176471
0.137255
0.101961
0.074510
0.039216
0.137255
0.090196
0.105882
0.145098
0.164706
0.219608
0.286275
0.380392
0.435294
0.478431
0.494118
0.509804
0.525490
0.537255
0.549020
0.549020
0.549020
0.509804
0.509804
0.505882
0.529412
0.517647
0.450980
0.407843
0.380392
0.356863
0.305882
0.274510
0.231373
0.172549
0.152941
0.105882
0.231373
0.290196
0.364706
0.423529
0.478431
0.521569
0.549020
0.560784
0.549020
0.541176
0.501961
0.509804
0.521569
0.560784
0.592157
0.607843
0.607843
0.576471
0.564706
0.545098
0.545098
0.509804
0.419608
0.360784
0.337255
0.305882
0.254902
0.215686
0.172549
0.121569
0.117647
0.086275
0.447059
0.490196
0.505882
0.513725
0.509804
0.513725
0.521569
0.521569
0.521569
0.521569
0.494118
0.509804
0.607843
0.682353
0.713725
0.831373
0.929412
0.945098
0.941176
0.925490
0.917647
0.823529
0.709804
0.584314
0.388235
0.262745
0.290196
0.380392
0.298039
0.235294
0.211765
0.176471
0.388235
0.454902
0.478431
0.498039
0.505882
0.517647
0.525490
0.525490
0.521569
0.513725
0.509804
0.549020
0.537255
0.592157
0.568627
0.584314
0.741176
0.968627
0.901961
0.874510
0.658824
0.423529
0.411765
0.403922
0.325490
0.235294
0.235294
0.341176
0.407843
0.400000
0.431373
0.462745
0.431373
0.462745
0.482353
0.494118
0.501961
0.517647
0.521569
0.533333
0.537255
0.505882
0.556863
0.568627
0.568627
0.615686
0.486275
0.517647
0.803922
0.807843
0.737255
0.690196
0.415686
0.466667
0.470588
0.427451
0.368627
0.270588
0.223529
0.290196
0.454902
0.431373
0.427451
0.419608
0.443137
0.458824
0.474510
0.490196
0.498039
0.505882
0.505882
0.513725
0.474510
0.494118
0.537255
0.509804
0.560784
0.529412
0.419608
0.647059
0.850980
0.709804
0.701961
0.435294
0.325490
0.423529
0.470588
0.458824
0.454902
0.298039
0.290196
0.403922
0.435294
0.392157
0.486275
0.498039
0.419608
0.419608
0.439216
0.462745
0.501961
0.552941
0.607843
0.654902
0.639216
0.756863
0.701961
0.647059
0.603922
0.478431
0.458824
0.827451
0.768627
0.603922
0.537255
0.105882
0.105882
0.125490
0.129412
0.184314
0.262745
0.203922
0.603922
0.662745
0.498039
0.411765
0.419608
0.454902
0.486275
0.611765
0.709804
0.811765
0.890196
0.937255
0.980392
1.000000
1.000000
1.000000
1.000000
0.968627
0.874510
0.717647
0.737255
0.823529
0.760784
0.709804
0.298039
0.223529
0.309804
0.411765
0.474510
0.568627
0.631373
0.450980
0.772549
0.807843
0.737255
0.600000
0.494118
0.309804
0.788235
1.000000
1.000000
1.000000
1.000000
1.000000
1.000000
0.992157
0.992157
0.988235
0.988235
0.984314
1.000000
0.956863
0.929412
0.913725
0.913725
0.862745
0.698039
0.729412
0.784314
0.815686
0.760784
0.705882
0.647059
0.596078
0.533333
0.490196
0.470588
0.498039
0.478431
0.298039
0.372549
0.807843
0.960784
1.000000
0.988235
0.992157
0.992157
0.996078
1.000000
1.000000
0.992157
0.956863
0.937255
0.894118
0.819608
0.741176
0.666667
0.592157
0.560784
0.517647
0.513725
0.501961
0.462745
0.521569
0.513725
0.533333
0.501961
0.470588
0.470588
0.305882
0.407843
0.250980
0.203922
0.388235
0.615686
0.835294
0.976471
0.988235
1.000000
0.988235
0.941176
0.878431
0.788235
0.698039
0.631373
0.572549
0.533333
0.521569
0.529412
0.525490
0.529412
0.533333
0.529412
0.521569
0.517647
0.533333
0.517647
0.533333
0.501961
0.466667
0.341176
0.062745
0.301961
0.168627
0.266667
0.380392
0.317647
0.443137
0.623529
0.705882
0.870588
0.674510
0.584314
0.549020
0.529412
0.529412
0.537255
0.541176
0.541176
0.549020
0.541176
0.529412
0.525490
0.521569
0.525490
0.525490
0.533333
0.537255
0.521569
0.517647
0.490196
0.482353
0.203922
0.125490
0.356863
0.301961
0.270588
0.360784
0.431373
0.341176
0.345098
0.329412
0.470588
0.501961
0.521569
0.529412
0.541176
0.549020
0.552941
0.541176
0.537255
0.533333
0.529412
0.541176
0.541176
0.525490
0.533333
0.521569
0.533333
0.517647
0.521569
0.521569
0.490196
0.352941
0.082353
0.156863
0.458824
0.482353
0.290196
0.301961
0.274510
0.454902
0.407843
0.270588
0.443137
0.521569
0.517647
0.525490
0.525490
0.537255
0.537255
0.529412
0.541176
0.560784
0.556863
0.505882
0.490196
0.529412
0.525490
0.513725
0.537255
0.525490
0.490196
0.368627
0.207843
0.054902
0.086275
0.207843
0.529412
0.490196
0.207843
0.301961
0.396078
0.286275
0.352941
0.349020
0.466667
0.533333
0.537255
0.533333
0.545098
0.545098
0.533333
0.529412
0.560784
0.392157
0.215686
0.070588
0.156863
0.529412
0.537255
0.470588
0.392157
0.266667
0.133333
0.035294
0.003922
0.015686
0.035294
0.074510
0.278431
0.490196
0.184314
0.231373
0.329412
0.400000
0.356863
0.247059
0.400000
0.533333
0.521569
0.549020
0.537255
0.517647
0.521569
0.560784
0.309804
0.109804
0.176471
0.137255
0.188235
0.435294
0.290196
0.149020
0.058824
0.011765
0.015686
0.050980
0.066667
0.054902
0.149020
0.345098
0.513725
0.505882
0.490196
0.290196
0.400000
0.247059
0.282353
0.431373
0.313725
0.384314
0.505882
0.439216
0.541176
0.552941
0.564706
0.368627
0.058824
0.152941
0.160784
0.149020
0.098039
0.078431
0.027451
0.035294
0.062745
0.078431
0.074510
0.086275
0.168627
0.352941
0.537255
0.552941
0.517647
0.509804
0.678431
0.521569
0.431373
0.333333
0.203922
0.200000
0.364706
0.360784
0.498039
0.462745
0.439216
0.396078
0.305882
0.070588
0.078431
0.149020
0.168627
0.137255
0.031373
0.039216
0.054902
0.086275
0.082353
0.090196
0.152941
0.337255
0.513725
0.560784
0.545098
0.525490
0.521569
0.517647
0.611765
0.529412
0.294118
0.137255
0.062745
0.066667
0.137255
0.164706
0.184314
0.137255
0.066667
0.031373
0.015686
0.043137
0.086275
0.196078
0.188235
0.101961
0.050980
0.078431
0.098039
0.090196
0.168627
0.325490
0.513725
0.549020
0.494118
0.509804
0.525490
0.533333
0.533333
0.509804
0.149020
0.062745
0.050980
0.058824
0.058824
0.054902
0.050980
0.047059
0.047059
0.035294
0.047059
0.050980
0.047059
0.035294
0.066667
0.156863
0.172549
0.070588
0.094118
0.109804
0.133333
0.305882
0.509804
0.545098
0.533333
0.517647
0.505882
0.509804
0.525490
0.529412
0.513725
0.537255
0.078431
0.078431
0.090196
0.105882
0.094118
0.070588
0.066667
0.062745
0.062745
0.054902
0.058824
0.058824
0.054902
0.047059
0.039216
0.047059
0.066667
0.109804
0.141176
0.298039
0.482353
0.596078
0.541176
0.545098
0.537255
0.533333
0.529412
0.529412
0.537255
0.525490
0.529412
0.525490
0.121569
0.137255
0.133333
0.113725
0.094118
0.086275
0.074510
0.074510
0.082353
0.078431
0.074510
0.074510
0.086275
0.101961
0.113725
0.094118
0.133333
0.286275
0.501961
0.615686
0.592157
0.600000
0.564706
0.529412
0.556863
0.545098
0.552941
0.549020
0.556863
0.576471
0.568627
0.552941
0.141176
0.164706
0.125490
0.109804
0.094118
0.098039
0.101961
0.101961
0.101961
0.105882
0.109804
0.125490
0.133333
0.141176
0.188235
0.337255
0.513725
0.600000
0.600000
0.580392
0.556863
0.552941
0.568627
0.572549
0.584314
0.576471
0.560784
0.541176
0.541176
0.564706
0.568627
0.584314
0.145098
0.145098
0.125490
0.121569
0.117647
0.113725
0.113725
0.133333
0.125490
0.129412
0.156863
0.152941
0.149020
0.282353
0.592157
0.741176
0.670588
0.584314
0.564706
0.552941
0.564706
0.556863
0.552941
0.568627
0.568627
0.549020
0.572549
0.560784
0.529412
0.552941
0.596078
0.592157
0.164706
0.133333
0.145098
0.152941
0.156863
0.145098
0.145098
0.145098
0.164706
0.168627
0.156863
0.243137
0.411765
0.647059
0.788235
0.725490
0.662745
0.592157
0.549020
0.572549
0.564706
0.564706
0.564706
0.568627
0.572549
0.572549
0.556863
0.545098
0.541176
0.541176
0.564706
0.529412
0.176471
0.160784
0.164706
0.184314
0.180392
0.168627
0.172549
0.184314
0.196078
0.266667
0.513725
0.654902
0.678431
0.733333
0.760784
0.717647
0.650980
0.627451
0.560784
0.560784
0.568627
0.580392
0.580392
0.580392
0.560784
0.541176
0.533333
0.545098
0.545098
0.525490
0.521569
0.435294
0.250980
0.200000
0.188235
0.207843
0.192157
0.192157
0.200000
0.325490
0.486275
0.592157
0.717647
0.756863
0.749020
0.752941
0.745098
0.682353
0.584314
0.584314
0.588235
0.560784
0.588235
0.588235
0.576471
0.545098
0.556863
0.564706
0.549020
0.545098
0.552941
0.525490
0.501961
0.486275
0.478431
0.254902
0.211765
0.207843
0.211765
0.278431
0.482353
0.631373
0.670588
0.690196
0.682353
0.709804
0.725490
0.709804
0.694118
0.650980
0.588235
0.564706
0.588235
0.576471
0.596078
0.568627
0.552941
0.576471
0.580392
0.549020
0.533333
0.529412
0.545098
0.505882
0.505882
0.501961
0.619608
0.482353
0.219608
0.254902
0.443137
0.635294
0.666667
0.662745
0.650980
0.694118
0.694118
0.666667
0.643137
0.639216
0.627451
0.611765
0.600000
0.588235
0.584314
0.576471
0.580392
0.560784
0.580392
0.584314
0.564706
0.556863
0.529412
0.513725
0.537255
0.533333
0.517647
0.517647
0.560784
0.564706
0.447059
0.631373
0.713725
0.694118
0.662745
0.596078
0.654902
0.705882
0.662745
0.662745
0.619608
0.588235
0.588235
0.541176
0.564706
0.576471
0.568627
0.556863
0.576471
0.560784
0.576471
0.592157
0.572549
0.564706
0.564706
0.525490
0.537255
0.537255
0.521569
0.529412
0.180392
0.156863
0.149020
0.184314
0.164706
0.200000
0.235294
0.239216
0.282353
0.254902
0.254902
0.309804
0.258824
0.109804
0.113725
0.200000
0.270588
0.290196
0.227451
0.266667
0.254902
0.250980
0.231373
0.172549
0.109804
0.082353
0.050980
0.058824
0.035294
0.015686
0.019608
0.015686
0.200000
0.141176
0.125490
0.145098
0.137255
0.160784
0.160784
0.180392
0.243137
0.247059
0.325490
0.396078
0.384314
0.368627
0.439216
0.513725
0.568627
0.556863
0.545098
0.541176
0.552941
0.533333
0.470588
0.407843
0.368627
0.325490
0.270588
0.231373
0.180392
0.137255
0.109804
0.050980
0.133333
0.094118
0.109804
0.149020
0.172549
0.239216
0.317647
0.415686
0.474510
0.529412
0.552941
0.568627
0.588235
0.603922
0.615686
0.615686
0.607843
0.564706
0.560784
0.560784
0.584314
0.568627
0.509804
0.478431
0.450980
0.435294
0.396078
0.372549
0.301961
0.254902
0.235294
0.149020
0.254902
0.329412
0.407843
0.478431
0.541176
0.584314
0.607843
0.619608
0.611765
0.607843
0.560784
0.564706
0.580392
0.611765
0.635294
0.650980
0.654902
0.619608
0.600000
0.596078
0.600000
0.564706
0.482353
0.435294
0.407843
0.388235
0.325490
0.290196
0.219608
0.172549
0.176471
0.129412
0.513725
0.556863
0.576471
0.580392
0.576471
0.580392
0.584314
0.588235
0.588235
0.588235
0.552941
0.552941
0.647059
0.713725
0.741176
0.843137
0.937255
0.956863
0.945098
0.929412
0.921569
0.839216
0.729412
0.615686
0.454902
0.345098
0.309804
0.392157
0.301961
0.235294
0.219608
0.184314
0.454902
0.521569
0.552941
0.560784
0.568627
0.580392
0.580392
0.592157
0.588235
0.580392
0.556863
0.584314
0.580392
0.643137
0.619608
0.639216
0.760784
0.972549
0.917647
0.894118
0.678431
0.450980
0.439216
0.431373
0.368627
0.278431
0.219608
0.329412
0.400000
0.388235
0.435294
0.462745
0.486275
0.525490
0.545098
0.552941
0.560784
0.572549
0.572549
0.584314
0.588235
0.556863
0.600000
0.619608
0.635294
0.682353
0.560784
0.584314
0.835294
0.835294
0.780392
0.733333
0.470588
0.533333
0.537255
0.486275
0.384314
0.270588
0.207843
0.282353
0.470588
0.435294
0.427451
0.431373
0.501961
0.517647
0.537255
0.545098
0.552941
0.560784
0.556863
0.564706
0.517647
0.541176
0.584314
0.572549
0.627451
0.603922
0.490196
0.682353
0.882353
0.752941
0.745098
0.458824
0.349020
0.450980
0.505882
0.494118
0.486275
0.305882
0.282353
0.423529
0.454902
0.400000
0.494118
0.517647
0.482353
0.478431
0.505882
0.521569
0.549020
0.596078
0.647059
0.686275
0.654902
0.780392
0.725490
0.678431
0.654902
0.545098
0.494118
0.854902
0.807843
0.639216
0.556863
0.109804
0.113725
0.141176
0.160784
0.203922
0.278431
0.215686
0.596078
0.666667
0.505882
0.423529
0.439216
0.474510
0.533333
0.643137
0.733333
0.831373
0.905882
0.945098
0.984314
1.000000
1.000000
1.000000
1.000000
0.972549
0.878431
0.729412
0.760784
0.854902
0.796078
0.737255
0.309804
0.223529
0.313725
0.411765
0.478431
0.576471
0.647059
0.478431
0.803922
0.835294
0.772549
0.643137
0.537255
0.333333
0.807843
1.000000
1.000000
1.000000
1.000000
1.000000
1.000000
0.996078
0.992157
0.988235
0.992157
0.984314
0.996078
0.956863
0.937255
0.929412
0.929412
0.882353
0.721569
0.745098
0.815686
0.839216
0.792157
0.741176
0.690196
0.643137
0.584314
0.521569
0.509804
0.537255
0.513725
0.305882
0.364706
0.815686
0.964706
1.000000
0.992157
0.996078
0.992157
0.992157
1.000000
1.000000
0.988235
0.956863
0.949020
0.921569
0.843137
0.764706
0.698039
0.623529
0.596078
0.552941
0.552941
0.533333
0.498039
0.564706
0.552941
0.572549
0.537255
0.490196
0.486275
0.321569
0.419608
0.250980
0.200000
0.396078
0.623529
0.839216
0.976471
0.988235
1.000000
1.000000
0.956863
0.894118
0.815686
0.733333
0.662745
0.607843
0.568627
0.556863
0.568627
0.564706
0.560784
0.564706
0.560784
0.545098
0.541176
0.564706
0.549020
0.560784
0.529412
0.482353
0.349020
0.066667
0.305882
0.168627
0.266667
0.380392
0.321569
0.447059
0.627451
0.705882
0.882353
0.701961
0.611765
0.576471
0.560784
0.560784
0.568627
0.580392
0.580392
0.580392
0.572549
0.564706
0.556863
0.552941
0.556863
0.541176
0.549020
0.556863
0.541176
0.533333
0.501961
0.482353
0.203922
0.121569
0.360784
0.305882
0.270588
0.356863
0.439216
0.349020
0.345098
0.325490
0.482353
0.537255
0.560784
0.564706
0.568627
0.572549
0.572549
0.572549
0.568627
0.560784
0.560784
0.572549
0.568627
0.552941
0.560784
0.541176
0.541176
0.529412
0.533333
0.529412
0.494118
0.349020
0.082353
0.152941
0.466667
0.498039
0.298039
0.305882
0.266667
0.454902
0.400000
0.254902
0.447059
0.552941
0.556863
0.549020
0.556863
0.564706
0.560784
0.560784
0.560784
0.596078
0.603922
0.545098
0.513725
0.541176
0.533333
0.521569
0.545098
0.529412
0.490196
0.368627
0.207843
0.050980
0.086275
0.215686
0.529412
0.513725
0.211765
0.298039
0.403922
0.290196
0.345098
0.337255
0.466667
0.541176
0.545098
0.552941
0.560784
0.552941
0.545098
0.545098
0.572549
0.400000
0.223529
0.074510
0.160784
0.533333
0.541176
0.474510
0.396078
0.270588
0.133333
0.035294
0.003922
0.015686
0.039216
0.078431
0.270588
0.498039
0.156863
0.211765
0.349020
0.396078
0.352941
0.235294
0.407843
0.541176
0.517647
0.564706
0.556863
0.537255
0.533333
0.564706
0.309804
0.109804
0.176471
0.137255
0.176471
0.435294
0.294118
0.149020
0.058824
0.011765
0.019608
0.054902
0.070588
0.054902
0.152941
0.349020
0.509804
0.509804
0.435294
0.266667
0.388235
0.243137
0.290196
0.431373
0.352941
0.376471
0.478431
0.372549
0.509804
0.545098
0.568627
0.368627
0.058824
0.156863
0.164706
0.149020
0.098039
0.082353
0.027451
0.035294
0.058824
0.078431
0.082353
0.090196
0.168627
0.356863
0.541176
0.552941
0.517647
0.509804
0.639216
0.498039
0.411765
0.329412
0.200000
0.172549
0.337255
0.333333
0.462745
0.415686
0.392157
0.368627
0.301961
0.070588
0.078431
0.152941
0.180392
0.141176
0.035294
0.039216
0.054902
0.082353
0.082353
0.090196
0.156863
0.341176
0.517647
0.564706
0.549020
0.529412
0.525490
0.525490
0.603922
0.521569
0.290196
0.137255
0.066667
0.066667
0.125490
0.149020
0.160784
0.129412
0.054902
0.027451
0.019608
0.043137
0.086275
0.196078
0.200000
0.105882
0.054902
0.082353
0.105882
0.094118
0.176471
0.329412
0.513725
0.552941
0.498039
0.513725
0.529412
0.537255
0.533333
0.513725
0.149020
0.062745
0.054902
0.062745
0.054902
0.050980
0.050980
0.047059
0.039216
0.031373
0.050980
0.050980
0.043137
0.035294
0.066667
0.156863
0.176471
0.070588
0.098039
0.113725
0.137255
0.317647
0.517647
0.549020
0.537255
0.517647
0.509804
0.513725
0.525490
0.529412
0.513725
0.541176
0.078431
0.086275
0.094118
0.105882
0.090196
0.066667
0.062745
0.062745
0.062745
0.054902
0.058824
0.058824
0.050980
0.047059
0.039216
0.047059
0.066667
0.109804
0.141176
0.305882
0.486275
0.596078
0.541176
0.549020
0.541176
0.537255
0.529412
0.529412
0.537255
0.529412
0.533333
0.529412
0.121569
0.137255
0.137255
0.113725
0.098039
0.090196
0.078431
0.074510
0.082353
0.078431
0.078431
0.078431
0.090196
0.101961
0.109804
0.098039
0.133333
0.286275
0.505882
0.611765
0.580392
0.596078
0.568627
0.533333
0.560784
0.549020
0.556863
0.556863
0.560784
0.576471
0.564706
0.549020
0.145098
0.164706
0.129412
0.109804
0.094118
0.098039
0.101961
0.101961
0.101961
0.105882
0.109804
0.125490
0.133333
0.141176
0.184314
0.333333
0.513725
0.603922
0.596078
0.576471
0.549020
0.549020
0.572549
0.580392
0.588235
0.580392
0.568627
0.552941
0.549020
0.568627
0.568627
0.584314
0.145098
0.145098
0.125490
0.121569
0.117647
0.113725
0.113725
0.133333
0.125490
0.129412
0.152941
0.149020
0.149020
0.270588
0.580392
0.725490
0.658824
0.580392
0.556863
0.552941
0.568627
0.556863
0.556863
0.572549
0.572549
0.552941
0.580392
0.568627
0.537255
0.560784
0.603922
0.600000
0.160784
0.133333
0.145098
0.152941
0.156863
0.145098
0.145098
0.145098
0.164706
0.168627
0.152941
0.239216
0.411765
0.623529
0.756863
0.701961
0.639216
0.568627
0.545098
0.576471
0.572549
0.568627
0.568627
0.576471
0.580392
0.580392
0.564706
0.552941
0.549020
0.545098
0.568627
0.537255
0.172549
0.164706
0.164706
0.184314
0.180392
0.168627
0.172549
0.172549
0.192157
0.262745
0.494118
0.631373
0.658824
0.698039
0.721569
0.690196
0.631373
0.619608
0.560784
0.564706
0.572549
0.584314
0.588235
0.588235
0.568627
0.549020
0.537255
0.549020
0.552941
0.533333
0.533333
0.443137
0.239216
0.200000
0.192157
0.207843
0.196078
0.188235
0.188235
0.294118
0.458824
0.572549
0.682353
0.713725
0.713725
0.713725
0.713725
0.658824
0.572549
0.592157
0.596078
0.564706
0.596078
0.592157
0.576471
0.552941
0.564706
0.572549
0.552941
0.545098
0.552941
0.533333
0.517647
0.490196
0.458824
0.243137
0.215686
0.203922
0.207843
0.262745
0.458824
0.611765
0.647059
0.662745
0.647059
0.670588
0.690196
0.678431
0.674510
0.639216
0.584314
0.568627
0.596078
0.584314
0.603922
0.568627
0.552941
0.580392
0.588235
0.556863
0.537255
0.537255
0.549020
0.513725
0.513725
0.501961
0.600000
0.462745
0.211765
0.239216
0.415686
0.607843
0.650980
0.647059
0.623529
0.662745
0.662745
0.639216
0.615686
0.615686
0.615686
0.607843
0.596078
0.588235
0.588235
0.580392
0.584314
0.560784
0.580392
0.588235
0.572549
0.564706
0.537255
0.521569
0.541176
0.537255
0.521569
0.513725
0.556863
0.549020
0.423529
0.603922
0.686275
0.666667
0.643137
0.576471
0.635294
0.678431
0.647059
0.647059
0.596078
0.580392
0.584314
0.537255
0.560784
0.576471
0.572549
0.560784
0.576471
0.564706
0.588235
0.603922
0.580392
0.568627
0.568627
0.533333
0.541176
0.541176
0.521569
0.521569
0.129412
0.101961
0.105882
0.129412
0.113725
0.141176
0.156863
0.152941
0.196078
0.200000
0.180392
0.239216
0.207843
0.086275
0.090196
0.160784
0.235294
0.250980
0.200000
0.207843
0.180392
0.172549
0.141176
0.113725
0.062745
0.043137
0.027451
0.031373
0.011765
0.007843
0.011765
0.003922
0.152941
0.094118
0.086275
0.101961
0.090196
0.101961
0.090196
0.109804
0.172549
0.196078
0.282353
0.349020
0.376471
0.384314
0.454902
0.529412
0.592157
0.572549
0.560784
0.545098
0.576471
0.556863
0.494118
0.435294
0.400000
0.360784
0.317647
0.278431
0.219608
0.168627
0.141176
0.062745
0.090196
0.058824
0.078431
0.113725
0.149020
0.231373
0.313725
0.419608
0.478431
0.529412
0.580392
0.600000
0.615686
0.627451
0.635294
0.631373
0.623529
0.580392
0.580392
0.584314
0.611765
0.592157
0.541176
0.501961
0.486275
0.486275
0.458824
0.447059
0.388235
0.329412
0.305882
0.188235
0.254902
0.341176
0.427451
0.501961
0.564706
0.615686
0.635294
0.647059
0.635294
0.627451
0.576471
0.584314
0.600000
0.635294
0.654902
0.666667
0.662745
0.627451
0.615686
0.611765
0.611765
0.584314
0.513725
0.470588
0.447059
0.443137
0.380392
0.368627
0.286275
0.227451
0.231373
0.168627
0.552941
0.596078
0.603922
0.611765
0.603922
0.603922
0.600000
0.603922
0.603922
0.603922
0.572549
0.576471
0.666667
0.721569
0.749020
0.847059
0.933333
0.956863
0.949020
0.929412
0.925490
0.850980
0.749020
0.635294
0.494118
0.407843
0.305882
0.384314
0.282353
0.215686
0.235294
0.203922
0.482353
0.545098
0.580392
0.588235
0.596078
0.603922
0.603922
0.607843
0.607843
0.596078
0.580392
0.611765
0.607843
0.670588
0.650980
0.670588
0.772549
0.960784
0.913725
0.882353
0.682353
0.458824
0.447059
0.439216
0.388235
0.329412
0.184314
0.298039
0.360784
0.352941
0.392157
0.427451
0.521569
0.556863
0.576471
0.580392
0.588235
0.600000
0.592157
0.607843
0.611765
0.580392
0.623529
0.643137
0.654902
0.701961
0.584314
0.600000
0.835294
0.831373
0.780392
0.737255
0.494118
0.541176
0.545098
0.505882
0.376471
0.270588
0.168627
0.270588
0.470588
0.423529
0.392157
0.411765
0.529412
0.545098
0.568627
0.576471
0.580392
0.588235
0.572549
0.580392
0.545098
0.572549
0.607843
0.600000
0.658824
0.631373
0.505882
0.682353
0.886275
0.756863
0.749020
0.470588
0.368627
0.454902
0.509804
0.498039
0.490196
0.305882
0.247059
0.431373
0.470588
0.396078
0.486275
0.525490
0.521569
0.517647
0.541176
0.556863
0.584314
0.627451
0.670588
0.690196
0.666667
0.792157
0.737255
0.694118
0.670588
0.549020
0.498039
0.858824
0.815686
0.647059
0.568627
0.125490
0.129412
0.152941
0.156863
0.200000
0.286275
0.219608
0.580392
0.674510
0.513725
0.411765
0.427451
0.482353
0.568627
0.666667
0.749020
0.843137
0.909804
0.945098
0.984314
0.996078
0.996078
1.000000
1.000000
0.972549
0.882353
0.729412
0.756863
0.854902
0.800000
0.745098
0.321569
0.239216
0.329412
0.431373
0.490196
0.576471
0.650980
0.490196
0.803922
0.831373
0.764706
0.658824
0.556863
0.349020
0.819608
1.000000
1.000000
1.000000
1.000000
1.000000
0.996078
0.992157
0.992157
0.984314
0.980392
0.976471
0.992157
0.949020
0.937255
0.929412
0.921569
0.874510
0.729412
0.756863
0.819608
0.843137
0.803922
0.760784
0.717647
0.674510
0.623529
0.556863
0.549020
0.564706
0.545098
0.329412
0.384314
0.815686
0.968627
1.000000
0.988235
0.996078
0.996078
0.992157
1.000000
1.000000
0.980392
0.952941
0.949020
0.917647
0.839216
0.776471
0.709804
0.635294
0.615686
0.576471
0.568627
0.537255
0.513725
0.596078
0.580392
0.592157
0.560784
0.501961
0.498039
0.333333
0.423529
0.270588
0.196078
0.396078
0.619608
0.831373
0.968627
0.976471
1.000000
0.996078
0.952941
0.894118
0.823529
0.741176
0.678431
0.631373
0.592157
0.572549
0.580392
0.576471
0.584314
0.588235
0.584314
0.556863
0.560784
0.592157
0.568627
0.572549
0.537255
0.486275
0.352941
0.054902
0.286275
0.168627
0.247059
0.376471
0.313725
0.435294
0.611765
0.690196
0.882353
0.725490
0.643137
0.607843
0.588235
0.588235
0.588235
0.592157
0.592157
0.592157
0.584314
0.572549
0.568627
0.564706
0.568627
0.556863
0.564706
0.572549
0.549020
0.533333
0.494118
0.474510
0.203922
0.094118
0.305882
0.254902
0.270588
0.345098
0.419608
0.321569
0.341176
0.325490
0.498039
0.564706
0.584314
0.592157
0.596078
0.592157
0.588235
0.584314
0.580392
0.572549
0.572549
0.580392
0.576471
0.564706
0.568627
0.537255
0.537255
0.533333
0.529412
0.513725
0.466667
0.325490
0.074510
0.129412
0.368627
0.352941
0.301961
0.309804
0.254902
0.447059
0.360784
0.235294
0.470588
0.564706
0.568627
0.564706
0.564706
0.576471
0.576471
0.576471
0.576471
0.603922
0.611765
0.564706
0.525490
0.537255
0.525490
0.505882
0.533333
0.521569
0.470588
0.341176
0.184314
0.043137
0.078431
0.192157
0.435294
0.364706
0.192157
0.294118
0.419608
0.274510
0.317647
0.294118
0.454902
0.549020
0.552941
0.564706
0.580392
0.572549
0.556863
0.545098
0.568627
0.407843
0.223529
0.082353
0.160784
0.513725
0.521569
0.458824
0.388235
0.266667
0.129412
0.027451
0.000000
0.015686
0.039216
0.082353
0.243137
0.447059
0.105882
0.176471
0.345098
0.403922
0.360784
0.219608
0.403922
0.533333
0.486275
0.541176
0.537255
0.517647
0.513725
0.545098
0.301961
0.105882
0.156863
0.117647
0.172549
0.415686
0.278431
0.141176
0.050980
0.003922
0.003922
0.039216
0.066667
0.058824
0.137255
0.321569
0.474510
0.478431
0.325490
0.203922
0.349020
0.215686
0.290196
0.454902
0.380392
0.352941
0.407843
0.333333
0.466667
0.509804
0.541176
0.349020
0.058824
0.149020
0.141176
0.137255
0.094118
0.070588
0.027451
0.031373
0.047059
0.066667
0.074510
0.090196
0.164706
0.345098
0.513725
0.537255
0.501961
0.490196
0.529412
0.427451
0.380392
0.305882
0.180392
0.160784
0.301961
0.286275
0.384314
0.337255
0.270588
0.294118
0.258824
0.058824
0.078431
0.141176
0.176471
0.141176
0.031373
0.039216
0.054902
0.082353
0.082353
0.098039
0.156863
0.329412
0.498039
0.545098
0.521569
0.498039
0.498039
0.501961
0.549020
0.482353
0.270588
0.133333
0.066667
0.058824
0.105882
0.133333
0.133333
0.113725
0.050980
0.031373
0.019608
0.043137
0.082353
0.203922
0.227451
0.117647
0.047059
0.078431
0.105882
0.105882
0.180392
0.321569
0.501961
0.533333
0.474510
0.490196
0.513725
0.521569
0.521569
0.501961
0.156863
0.078431
0.058824
0.062745
0.050980
0.047059
0.054902
0.043137
0.035294
0.039216
0.043137
0.043137
0.043137
0.039216
0.058824
0.160784
0.192157
0.074510
0.105882
0.121569
0.160784
0.317647
0.490196
0.533333
0.517647
0.509804
0.494118
0.494118
0.513725
0.521569
0.501961
0.529412
0.098039
0.090196
0.090196
0.098039
0.082353
0.058824
0.066667
0.058824
0.058824
0.058824
0.058824
0.062745
0.058824
0.043137
0.039216
0.047059
0.066667
0.117647
0.149020
0.286275
0.474510
0.564706
0.517647
0.521569
0.517647
0.521569
0.513725
0.517647
0.529412
0.513725
0.509804
0.509804
0.121569
0.121569
0.117647
0.098039
0.090196
0.086275
0.078431
0.074510
0.082353
0.078431
0.078431
0.066667
0.074510
0.101961
0.117647
0.109804
0.141176
0.282353
0.486275
0.568627
0.533333
0.541176
0.533333
0.521569
0.537255
0.525490
0.537255
0.541176
0.545098
0.556863
0.552941
0.529412
0.129412
0.141176
0.117647
0.105882
0.086275
0.090196
0.101961
0.101961
0.101961
0.105882
0.109804
0.121569
0.137255
0.141176
0.172549
0.309804
0.494118
0.584314
0.572549
0.549020
0.517647
0.513725
0.549020
0.560784
0.564706
0.556863
0.549020
0.533333
0.525490
0.541176
0.552941
0.560784
0.145098
0.141176
0.125490
0.117647
0.113725
0.105882
0.113725
0.133333
0.125490
0.129412
0.152941
0.152941
0.156863
0.258824
0.521569
0.650980
0.603922
0.556863
0.537255
0.537255
0.556863
0.545098
0.537255
0.552941
0.552941
0.533333
0.568627
0.556863
0.521569
0.533333
0.580392
0.584314
0.156863
0.129412
0.137255
0.137255
0.145098
0.137255
0.145098
0.149020
0.164706
0.168627
0.156863
0.227451
0.388235
0.572549
0.662745
0.607843
0.568627
0.529412
0.525490
0.560784
0.556863
0.556863
0.549020
0.556863
0.568627
0.564706
0.552941
0.545098
0.537255
0.533333
0.552941
0.541176
0.160784
0.149020
0.160784
0.172549
0.172549
0.172549
0.172549
0.168627
0.176471
0.254902
0.439216
0.564706
0.588235
0.615686
0.627451
0.607843
0.576471
0.576471
0.537255
0.541176
0.549020
0.564706
0.564706
0.568627
0.560784
0.537255
0.525490
0.537255
0.541176
0.521569
0.529412
0.458824
0.211765
0.196078
0.180392
0.196078
0.184314
0.188235
0.176471
0.258824
0.423529
0.529412
0.596078
0.631373
0.623529
0.627451
0.631373
0.600000
0.529412
0.537255
0.572549
0.549020
0.576471
0.572549
0.560784
0.537255
0.556863
0.564706
0.545098
0.541176
0.549020
0.517647
0.505882
0.494118
0.384314
0.203922
0.203922
0.200000
0.200000
0.243137
0.403922
0.541176
0.603922
0.592157
0.556863
0.588235
0.600000
0.600000
0.600000
0.576471
0.537255
0.537255
0.576471
0.580392
0.592157
0.560784
0.545098
0.572549
0.584314
0.552941
0.537255
0.537255
0.552941
0.505882
0.498039
0.474510
0.517647
0.400000
0.192157
0.215686
0.356863
0.529412
0.584314
0.580392
0.560784
0.568627
0.576471
0.556863
0.525490
0.552941
0.564706
0.572549
0.564706
0.576471
0.568627
0.572549
0.572549
0.552941
0.572549
0.580392
0.568627
0.560784
0.533333
0.517647
0.541176
0.541176
0.517647
0.482353
0.517647
0.490196
0.352941
0.513725
0.588235
0.580392
0.592157
0.537255
0.572549
0.607843
0.603922
0.596078
0.545098
0.537255
0.545098
0.513725
0.541176
0.545098
0.549020
0.545098
0.564706
0.549020
0.572549
0.596078
0.572549
0.560784
0.564706
0.521569
0.533333
0.537255
0.517647
0.501961
