0.082353
0.078431
0.105882
0.105882
0.078431
0.129412
0.164706
0.145098
0.117647
0.125490
0.121569
0.129412
0.203922
0.207843
0.200000
0.196078
0.156863
0.172549
0.176471
0.160784
0.164706
0.207843
0.262745
0.196078
0.168627
0.176471
0.125490
0.109804
0.180392
0.250980
0.203922
0.125490
0.082353
0.090196
0.129412
0.160784
0.121569
0.152941
0.133333
0.145098
0.152941
0.149020
0.121569
0.125490
0.172549
0.168627
0.188235
0.192157
0.152941
0.152941
0.188235
0.180392
0.156863
0.172549
0.203922
0.223529
0.180392
0.156863
0.152941
0.121569
0.254902
0.247059
0.160784
0.156863
0.094118
0.145098
0.164706
0.176471
0.113725
0.121569
0.129412
0.149020
0.149020
0.121569
0.117647
0.141176
0.137255
0.152941
0.211765
0.243137
0.180392
0.129412
0.184314
0.207843
0.278431
0.184314
0.156863
0.258824
0.337255
0.313725
0.250980
0.176471
0.352941
0.180392
0.133333
0.203922
0.137255
0.207843
0.188235
0.152941
0.113725
0.125490
0.152941
0.149020
0.121569
0.121569
0.180392
0.211765
0.223529
0.235294
0.321569
0.380392
0.278431
0.152941
0.164706
0.219608
0.309804
0.196078
0.223529
0.262745
0.474510
0.411765
0.345098
0.250980
0.258824
0.192157
0.184314
0.250980
0.160784
0.188235
0.180392
0.180392
0.156863
0.192157
0.172549
0.141176
0.117647
0.141176
0.215686
0.266667
0.298039
0.270588
0.317647
0.352941
0.286275
0.227451
0.227451
0.223529
0.168627
0.156863
0.215686
0.231373
0.250980
0.247059
0.286275
0.250980
0.200000
0.274510
0.313725
0.360784
0.270588
0.270588
0.207843
0.184314
0.137255
0.137255
0.145098
0.141176
0.133333
0.141176
0.223529
0.282353
0.352941
0.392157
0.403922
0.400000
0.388235
0.380392
0.384314
0.384314
0.360784
0.352941
0.313725
0.305882
0.286275
0.254902
0.266667
0.207843
0.172549
0.223529
0.337255
0.384314
0.341176
0.337255
0.294118
0.227451
0.129412
0.098039
0.101961
0.113725
0.133333
0.133333
0.180392
0.211765
0.309804
0.392157
0.407843
0.415686
0.411765
0.403922
0.400000
0.392157
0.388235
0.380392
0.376471
0.368627
0.376471
0.360784
0.356863
0.329412
0.274510
0.258824
0.298039
0.356863
0.337255
0.325490
0.333333
0.294118
0.152941
0.117647
0.086275
0.070588
0.133333
0.168627
0.192157
0.219608
0.286275
0.364706
0.384314
0.407843
0.396078
0.396078
0.407843
0.396078
0.360784
0.345098
0.325490
0.337255
0.352941
0.349020
0.329412
0.305882
0.290196
0.262745
0.235294
0.239216
0.317647
0.290196
0.309804
0.298039
0.211765
0.156863
0.113725
0.098039
0.145098
0.188235
0.227451
0.235294
0.250980
0.298039
0.294118
0.313725
0.298039
0.286275
0.333333
0.423529
0.298039
0.239216
0.215686
0.219608
0.239216
0.215686
0.168627
0.141176
0.133333
0.125490
0.117647
0.117647
0.211765
0.188235
0.196078
0.231373
0.196078
0.141176
0.129412
0.152941
0.164706
0.156863
0.188235
0.164706
0.137255
0.160784
0.164706
0.172549
0.168627
0.149020
0.200000
0.321569
0.184314
0.098039
0.098039
0.086275
0.149020
0.152941
0.129412
0.109804
0.121569
0.121569
0.113725
0.113725
0.101961
0.101961
0.098039
0.172549
0.145098
0.141176
0.294118
0.388235
0.400000
0.403922
0.403922
0.356863
0.313725
0.356863
0.368627
0.364706
0.400000
0.384314
0.298039
0.317647
0.223529
0.074510
0.086275
0.062745
0.200000
0.164706
0.133333
0.113725
0.129412
0.125490
0.105882
0.078431
0.094118
0.098039
0.105882
0.188235
0.141176
0.247059
0.682353
0.784314
0.780392
0.784314
0.796078
0.784314
0.733333
0.749020
0.713725
0.666667
0.745098
0.729412
0.513725
0.564706
0.376471
0.082353
0.066667
0.058824
0.188235
0.125490
0.074510
0.070588
0.074510
0.070588
0.054902
0.043137
0.098039
0.094118
0.098039
0.176471
0.125490
0.211765
0.686275
0.862745
0.878431
0.862745
0.890196
0.913725
0.882353
0.839216
0.764706
0.709804
0.803922
0.784314
0.596078
0.643137
0.525490
0.211765
0.043137
0.043137
0.121569
0.086275
0.047059
0.047059
0.054902
0.058824
0.058824
0.054902
0.074510
0.066667
0.058824
0.121569
0.101961
0.058824
0.333333
0.662745
0.866667
0.909804
0.882353
0.894118
0.905882
0.854902
0.721569
0.560784
0.670588
0.756863
0.588235
0.584314
0.498039
0.423529
0.203922
0.054902
0.121569
0.109804
0.086275
0.086275
0.113725
0.129412
0.145098
0.137255
0.050980
0.043137
0.035294
0.062745
0.058824
0.039216
0.117647
0.341176
0.627451
0.854902
0.870588
0.886275
0.925490
0.913725
0.647059
0.345098
0.482353
0.721569
0.635294
0.545098
0.392157
0.458824
0.498039
0.196078
0.164706
0.152941
0.137255
0.133333
0.156863
0.180392
0.207843
0.200000
0.050980
0.047059
0.047059
0.062745
0.054902
0.058824
0.086275
0.203922
0.325490
0.564706
0.815686
0.905882
0.933333
0.952941
0.713725
0.431373
0.545098
0.705882
0.670588
0.596078
0.517647
0.556863
0.654902
0.478431
0.298039
0.188235
0.160784
0.160784
0.168627
0.188235
0.200000
0.200000
0.078431
0.082353
0.078431
0.101961
0.086275
0.078431
0.078431
0.168627
0.231373
0.313725
0.556863
0.807843
0.917647
0.929412
0.866667
0.752941
0.725490
0.698039
0.705882
0.698039
0.674510
0.694118
0.686275
0.666667
0.560784
0.380392
0.223529
0.192157
0.192157
0.215686
0.227451
0.211765
0.109804
0.117647
0.109804
0.137255
0.121569
0.094118
0.086275
0.164706
0.211765
0.235294
0.329412
0.537255
0.788235
0.890196
0.913725
0.917647
0.807843
0.709804
0.709804
0.709804
0.705882
0.713725
0.713725
0.705882
0.698039
0.639216
0.470588
0.274510
0.223529
0.258824
0.282353
0.231373
0.129412
0.129412
0.121569
0.149020
0.137255
0.098039
0.098039
0.160784
0.227451
0.207843
0.250980
0.313725
0.498039
0.749020
0.909804
0.941176
0.862745
0.784314
0.760784
0.745098
0.737255
0.741176
0.749020
0.745098
0.733333
0.737255
0.721569
0.564706
0.360784
0.301961
0.317647
0.258824
0.145098
0.141176
0.141176
0.164706
0.141176
0.094118
0.109804
0.149020
0.223529
0.243137
0.223529
0.203922
0.278431
0.462745
0.760784
0.905882
0.886275
0.862745
0.843137
0.815686
0.807843
0.784314
0.776471
0.815686
0.772549
0.772549
0.843137
0.796078
0.580392
0.337255
0.313725
0.266667
0.149020
0.149020
0.145098
0.172549
0.141176
0.090196
0.121569
0.133333
0.172549
0.270588
0.262745
0.203922
0.188235
0.290196
0.454902
0.729412
0.882353
0.890196
0.792157
0.811765
0.874510
0.756863
0.709804
0.843137
0.749020
0.752941
0.874510
0.811765
0.694118
0.427451
0.301961
0.278431
0.145098
0.145098
0.145098
0.156863
0.133333
0.090196
0.125490
0.149020
0.168627
0.231373
0.258824
0.270588
0.196078
0.219608
0.274510
0.450980
0.737255
0.890196
0.792157
0.827451
0.866667
0.800000
0.764706
0.819608
0.776471
0.768627
0.815686
0.784314
0.749020
0.533333
0.305882
0.294118
0.137255
0.141176
0.137255
0.141176
0.129412
0.098039
0.125490
0.145098
0.168627
0.176471
0.196078
0.247059
0.219608
0.207843
0.235294
0.329412
0.466667
0.643137
0.639216
0.698039
0.733333
0.709804
0.709804
0.694118
0.686275
0.674510
0.662745
0.650980
0.639216
0.529412
0.333333
0.278431
0.137255
0.133333
0.125490
0.137255
0.137255
0.098039
0.109804
0.121569
0.145098
0.149020
0.156863
0.168627
0.141176
0.180392
0.215686
0.250980
0.309804
0.333333
0.254902
0.372549
0.494118
0.509804
0.509804
0.490196
0.470588
0.450980
0.423529
0.400000
0.384314
0.372549
0.325490
0.258824
0.125490
0.121569
0.117647
0.129412
0.125490
0.082353
0.117647
0.129412
0.160784
0.156863
0.149020
0.141176
0.105882
0.137255
0.160784
0.164706
0.203922
0.247059
0.137255
0.188235
0.180392
0.168627
0.184314
0.168627
0.149020
0.145098
0.133333
0.129412
0.137255
0.207843
0.309804
0.294118
0.121569
0.121569
0.113725
0.125490
0.125490
0.090196
0.137255
0.176471
0.207843
0.192157
0.176471
0.180392
0.149020
0.168627
0.188235
0.192157
0.184314
0.192157
0.113725
0.125490
0.066667
0.047059
0.050980
0.054902
0.050980
0.054902
0.058824
0.070588
0.090196
0.176471
0.290196
0.301961
0.129412
0.125490
0.113725
0.125490
0.125490
0.105882
0.152941
0.203922
0.250980
0.250980
0.227451
0.231373
0.243137
0.274510
0.270588
0.262745
0.243137
0.207843
0.149020
0.168627
0.117647
0.101961
0.109804
0.141176
0.164706
0.176471
0.215686
0.290196
0.305882
0.294118
0.309804
0.305882
0.117647
0.113725
0.113725
0.121569
0.113725
0.105882
0.152941
0.215686
0.309804
0.352941
0.356863
0.388235
0.403922
0.439216
0.431373
0.403922
0.415686
0.403922
0.349020
0.364706
0.341176
0.329412
0.364706
0.407843
0.415686
0.400000
0.470588
0.521569
0.478431
0.368627
0.301961
0.282353
0.121569
0.109804
0.113725
0.109804
0.101961
0.105882
0.152941
0.235294
0.317647
0.376471
0.435294
0.501961
0.521569
0.478431
0.474510
0.486275
0.529412
0.541176
0.447059
0.419608
0.443137
0.470588
0.462745
0.521569
0.533333
0.498039
0.533333
0.517647
0.474510
0.376471
0.313725
0.262745
0.113725
0.105882
0.117647
0.098039
0.082353
0.101961
0.164706
0.188235
0.298039
0.372549
0.400000
0.509804
0.541176
0.521569
0.501961
0.509804
0.541176
0.525490
0.470588
0.454902
0.462745
0.443137
0.431373
0.486275
0.501961
0.478431
0.498039
0.478431
0.439216
0.356863
0.294118
0.274510
0.105882
0.105882
0.094118
0.086275
0.082353
0.090196
0.137255
0.168627
0.262745
0.321569
0.380392
0.466667
0.525490
0.509804
0.486275
0.494118
0.509804
0.490196
0.423529
0.439216
0.427451
0.396078
0.415686
0.423529
0.423529
0.411765
0.450980
0.462745
0.415686
0.352941
0.313725
0.266667
0.113725
0.101961
0.101961
0.094118
0.094118
0.101961
0.141176
0.227451
0.278431
0.329412
0.419608
0.447059
0.462745
0.474510
0.439216
0.419608
0.466667
0.474510
0.419608
0.431373
0.403922
0.368627
0.360784
0.427451
0.411765
0.431373
0.384314
0.400000
0.407843
0.407843
0.376471
0.349020
0.105882
0.101961
0.129412
0.129412
0.105882
0.156863
0.192157
0.168627
0.129412
0.133333
0.129412
0.133333
0.211765
0.227451
0.231373
0.227451
0.188235
0.203922
0.207843
0.188235
0.196078
0.239216
0.286275
0.215686
0.184314
0.192157
0.145098
0.133333
0.207843
0.282353
0.231373
0.145098
0.105882
0.113725
0.152941
0.184314
0.145098
0.176471
0.152941
0.168627
0.160784
0.152941
0.125490
0.129412
0.180392
0.180392
0.203922
0.211765
0.172549
0.176471
0.211765
0.200000
0.180392
0.192157
0.215686
0.231373
0.188235
0.164706
0.164706
0.141176
0.274510
0.270588
0.184314
0.168627
0.113725
0.164706
0.184314
0.196078
0.129412
0.141176
0.149020
0.168627
0.156863
0.125490
0.125490
0.145098
0.141176
0.156863
0.223529
0.254902
0.188235
0.137255
0.192157
0.215686
0.286275
0.188235
0.160784
0.258824
0.337255
0.317647
0.258824
0.192157
0.368627
0.200000
0.152941
0.211765
0.149020
0.223529
0.200000
0.168627
0.133333
0.141176
0.172549
0.164706
0.133333
0.133333
0.192157
0.231373
0.239216
0.243137
0.333333
0.392157
0.286275
0.152941
0.164706
0.223529
0.309804
0.196078
0.223529
0.262745
0.474510
0.415686
0.356863
0.266667
0.278431
0.215686
0.203922
0.262745
0.180392
0.203922
0.196078
0.200000
0.176471
0.211765
0.192157
0.156863
0.137255
0.164706
0.247059
0.301961
0.325490
0.282353
0.333333
0.364706
0.290196
0.223529
0.227451
0.227451
0.168627
0.156863
0.219608
0.235294
0.258824
0.258824
0.301961
0.274510
0.223529
0.301961
0.337255
0.372549
0.301961
0.298039
0.239216
0.211765
0.160784
0.156863
0.164706
0.160784
0.164706
0.184314
0.270588
0.333333
0.392157
0.407843
0.419608
0.415686
0.396078
0.380392
0.392157
0.396078
0.368627
0.360784
0.325490
0.321569
0.305882
0.274510
0.294118
0.239216
0.203922
0.258824
0.364706
0.396078
0.380392
0.376471
0.329412
0.258824
0.152941
0.121569
0.129412
0.145098
0.168627
0.172549
0.223529
0.258824
0.345098
0.407843
0.427451
0.431373
0.419608
0.411765
0.415686
0.411765
0.403922
0.396078
0.392157
0.388235
0.400000
0.384314
0.384314
0.360784
0.305882
0.294118
0.329412
0.372549
0.368627
0.356863
0.364706
0.321569
0.180392
0.152941
0.129412
0.109804
0.156863
0.184314
0.211765
0.239216
0.301961
0.372549
0.392157
0.415686
0.400000
0.396078
0.407843
0.403922
0.372549
0.360784
0.341176
0.352941
0.368627
0.364706
0.341176
0.317647
0.301961
0.274510
0.250980
0.254902
0.337255
0.309804
0.333333
0.317647
0.239216
0.184314
0.145098
0.125490
0.156863
0.192157
0.231373
0.243137
0.254902
0.298039
0.294118
0.313725
0.294118
0.278431
0.321569
0.419608
0.301961
0.247059
0.219608
0.223529
0.243137
0.223529
0.172549
0.145098
0.137255
0.129412
0.121569
0.133333
0.219608
0.200000
0.203922
0.243137
0.215686
0.156863
0.129412
0.149020
0.164706
0.160784
0.188235
0.168627
0.141176
0.160784
0.164706
0.172549
0.164706
0.133333
0.180392
0.309804
0.184314
0.098039
0.094118
0.082353
0.145098
0.149020
0.125490
0.109804
0.121569
0.121569
0.117647
0.125490
0.101961
0.105882
0.098039
0.176471
0.152941
0.141176
0.282353
0.368627
0.392157
0.400000
0.400000
0.352941
0.313725
0.352941
0.364706
0.360784
0.396078
0.368627
0.282353
0.309804
0.227451
0.082353
0.082353
0.058824
0.196078
0.160784
0.129412
0.109804
0.125490
0.121569
0.105882
0.094118
0.090196
0.094118
0.101961
0.184314
0.137255
0.243137
0.670588
0.768627
0.772549
0.784314
0.792157
0.780392
0.729412
0.745098
0.705882
0.662745
0.741176
0.717647
0.505882
0.568627
0.392157
0.101961
0.066667
0.058824
0.192157
0.129412
0.070588
0.066667
0.070588
0.066667
0.054902
0.054902
0.094118
0.090196
0.098039
0.168627
0.113725
0.207843
0.698039
0.886275
0.882353
0.858824
0.886275
0.909804
0.882353
0.843137
0.764706
0.713725
0.807843
0.780392
0.596078
0.654902
0.545098
0.235294
0.050980
0.047059
0.129412
0.090196
0.047059
0.043137
0.054902
0.058824
0.058824
0.066667
0.074510
0.066667
0.058824
0.109804
0.078431
0.062745
0.372549
0.721569
0.886275
0.909804
0.878431
0.890196
0.901961
0.862745
0.733333
0.572549
0.678431
0.752941
0.584314
0.596078
0.521569
0.443137
0.203922
0.058824
0.121569
0.109804
0.086275
0.086275
0.109804
0.129412
0.149020
0.149020
0.050980
0.047059
0.035294
0.058824
0.047059
0.039216
0.172549
0.447059
0.705882
0.894118
0.890196
0.882353
0.909804
0.898039
0.670588
0.372549
0.490196
0.717647
0.635294
0.552941
0.407843
0.478431
0.501961
0.200000
0.168627
0.156863
0.137255
0.133333
0.160784
0.188235
0.215686
0.215686
0.050980
0.050980
0.047059
0.070588
0.054902
0.047059
0.141176
0.341176
0.486275
0.686275
0.874510
0.917647
0.901961
0.901961
0.733333
0.466667
0.545098
0.701961
0.678431
0.607843
0.533333
0.568627
0.662745
0.490196
0.309804
0.200000
0.164706
0.160784
0.180392
0.207843
0.223529
0.211765
0.082353
0.086275
0.082353
0.113725
0.094118
0.070588
0.129412
0.305882
0.427451
0.486275
0.666667
0.862745
0.921569
0.898039
0.858824
0.756863
0.725490
0.701961
0.721569
0.709804
0.686275
0.705882
0.698039
0.678431
0.576471
0.396078
0.227451
0.192157
0.207843
0.243137
0.254902
0.223529
0.113725
0.121569
0.113725
0.149020
0.129412
0.090196
0.141176
0.290196
0.419608
0.454902
0.501961
0.654902
0.858824
0.909804
0.874510
0.874510
0.807843
0.725490
0.721569
0.721569
0.717647
0.725490
0.725490
0.717647
0.713725
0.654902
0.478431
0.282353
0.239216
0.290196
0.313725
0.250980
0.133333
0.133333
0.125490
0.160784
0.141176
0.101961
0.149020
0.266667
0.431373
0.454902
0.474510
0.486275
0.635294
0.831373
0.886275
0.890196
0.866667
0.803922
0.772549
0.756863
0.749020
0.752941
0.760784
0.756863
0.749020
0.752941
0.733333
0.572549
0.384314
0.337255
0.352941
0.286275
0.149020
0.149020
0.145098
0.172549
0.145098
0.101961
0.160784
0.235294
0.411765
0.498039
0.478431
0.407843
0.454902
0.619608
0.807843
0.901961
0.905882
0.882353
0.854902
0.827451
0.819608
0.796078
0.788235
0.823529
0.784314
0.788235
0.854902
0.811765
0.607843
0.376471
0.356863
0.301961
0.156863
0.156863
0.152941
0.176471
0.145098
0.105882
0.168627
0.200000
0.329412
0.509804
0.521569
0.415686
0.384314
0.509804
0.611765
0.811765
0.913725
0.901961
0.803922
0.823529
0.886275
0.764706
0.717647
0.854902
0.760784
0.764706
0.890196
0.831373
0.721569
0.470588
0.349020
0.317647
0.152941
0.156863
0.152941
0.160784
0.137255
0.113725
0.176471
0.207843
0.301961
0.454902
0.509804
0.478431
0.392157
0.478431
0.525490
0.611765
0.792157
0.901961
0.807843
0.839216
0.878431
0.807843
0.772549
0.827451
0.784314
0.780392
0.831373
0.807843
0.780392
0.580392
0.356863
0.337255
0.152941
0.156863
0.152941
0.152941
0.137255
0.125490
0.184314
0.231373
0.317647
0.396078
0.443137
0.458824
0.423529
0.458824
0.462745
0.505882
0.600000
0.745098
0.690196
0.705882
0.741176
0.733333
0.717647
0.701961
0.694118
0.682353
0.678431
0.670588
0.662745
0.560784
0.372549
0.321569
0.156863
0.156863
0.145098
0.156863
0.152941
0.125490
0.176471
0.231373
0.317647
0.364706
0.392157
0.380392
0.352941
0.407843
0.392157
0.419608
0.513725
0.509804
0.337255
0.380392
0.501961
0.545098
0.521569
0.498039
0.482353
0.462745
0.435294
0.415686
0.400000
0.392157
0.352941
0.305882
0.149020
0.145098
0.141176
0.152941
0.141176
0.105882
0.176471
0.239216
0.321569
0.356863
0.364706
0.337255
0.298039
0.352941
0.325490
0.333333
0.419608
0.427451
0.219608
0.200000
0.192157
0.203922
0.200000
0.184314
0.164706
0.160784
0.149020
0.145098
0.152941
0.223529
0.333333
0.341176
0.145098
0.145098
0.137255
0.149020
0.145098
0.109804
0.184314
0.270588
0.345098
0.364706
0.360784
0.345098
0.321569
0.368627
0.352941
0.356863
0.380392
0.341176
0.184314
0.145098
0.090196
0.086275
0.070588
0.070588
0.070588
0.074510
0.074510
0.086275
0.105882
0.192157
0.313725
0.349020
0.152941
0.149020
0.137255
0.152941
0.149020
0.117647
0.192157
0.282353
0.360784
0.388235
0.380392
0.364706
0.380392
0.439216
0.415686
0.407843
0.403922
0.325490
0.207843
0.196078
0.141176
0.137255
0.129412
0.160784
0.184314
0.196078
0.231373
0.305882
0.321569
0.309804
0.333333
0.349020
0.141176
0.137255
0.137255
0.152941
0.141176
0.109804
0.176471
0.274510
0.388235
0.454902
0.474510
0.490196
0.498039
0.556863
0.545098
0.513725
0.529412
0.486275
0.400000
0.403922
0.372549
0.356863
0.384314
0.427451
0.435294
0.419608
0.486275
0.537255
0.498039
0.384314
0.325490
0.325490
0.145098
0.133333
0.137255
0.141176
0.129412
0.109804
0.168627
0.282353
0.376471
0.447059
0.521569
0.572549
0.576471
0.545098
0.545098
0.560784
0.596078
0.596078
0.490196
0.462745
0.474510
0.490196
0.478431
0.541176
0.552941
0.517647
0.552941
0.537255
0.494118
0.392157
0.341176
0.305882
0.133333
0.129412
0.141176
0.133333
0.109804
0.105882
0.176471
0.231373
0.341176
0.423529
0.466667
0.564706
0.572549
0.552941
0.545098
0.552941
0.572549
0.556863
0.513725
0.501961
0.494118
0.458824
0.447059
0.501961
0.521569
0.494118
0.517647
0.498039
0.458824
0.372549
0.321569
0.321569
0.117647
0.125490
0.125490
0.117647
0.109804
0.105882
0.156863
0.200000
0.301961
0.368627
0.431373
0.513725
0.564706
0.545098
0.529412
0.533333
0.541176
0.521569
0.458824
0.478431
0.458824
0.419608
0.435294
0.443137
0.443137
0.427451
0.466667
0.478431
0.435294
0.372549
0.337255
0.313725
0.121569
0.121569
0.137255
0.125490
0.117647
0.125490
0.164706
0.247059
0.317647
0.376471
0.466667
0.494118
0.505882
0.517647
0.482353
0.462745
0.509804
0.509804
0.450980
0.462745
0.435294
0.400000
0.380392
0.447059
0.431373
0.447059
0.396078
0.415686
0.427451
0.423529
0.400000
0.392157
0.066667
0.062745
0.090196
0.082353
0.043137
0.094118
0.129412
0.105882
0.066667
0.078431
0.078431
0.086275
0.172549
0.184314
0.141176
0.121569
0.094118
0.094118
0.113725
0.121569
0.109804
0.113725
0.149020
0.094118
0.078431
0.105882
0.082353
0.078431
0.137255
0.196078
0.156863
0.121569
0.050980
0.058824
0.098039
0.137255
0.101961
0.133333
0.109804
0.125490
0.137255
0.133333
0.105882
0.109804
0.160784
0.152941
0.137255
0.133333
0.105882
0.086275
0.125490
0.133333
0.098039
0.094118
0.141176
0.172549
0.137255
0.125490
0.137255
0.117647
0.235294
0.219608
0.133333
0.149020
0.086275
0.141176
0.156863
0.172549
0.109804
0.117647
0.129412
0.149020
0.160784
0.137255
0.129412
0.141176
0.129412
0.133333
0.160784
0.188235
0.149020
0.094118
0.149020
0.184314
0.247059
0.149020
0.141176
0.247059
0.333333
0.313725
0.258824
0.192157
0.352941
0.176471
0.121569
0.180392
0.160784
0.231373
0.211765
0.172549
0.125490
0.133333
0.160784
0.160784
0.145098
0.145098
0.188235
0.211765
0.203922
0.188235
0.250980
0.313725
0.239216
0.141176
0.160784
0.211765
0.301961
0.200000
0.223529
0.262745
0.470588
0.403922
0.352941
0.262745
0.258824
0.184314
0.160784
0.196078
0.172549
0.196078
0.192157
0.188235
0.160784
0.196078
0.176471
0.145098
0.133333
0.149020
0.203922
0.239216
0.243137
0.172549
0.203922
0.247059
0.211765
0.192157
0.196078
0.172549
0.133333
0.137255
0.192157
0.203922
0.215686
0.203922
0.258824
0.239216
0.176471
0.239216
0.258824
0.266667
0.211765
0.211765
0.149020
0.145098
0.129412
0.129412
0.137255
0.133333
0.129412
0.125490
0.180392
0.219608
0.250980
0.235294
0.231373
0.247059
0.270588
0.282353
0.262745
0.243137
0.235294
0.266667
0.250980
0.235294
0.200000
0.156863
0.200000
0.156863
0.109804
0.152941
0.243137
0.250980
0.215686
0.215686
0.164706
0.141176
0.105882
0.082353
0.094118
0.109804
0.113725
0.090196
0.117647
0.129412
0.188235
0.211765
0.219608
0.239216
0.262745
0.243137
0.203922
0.188235
0.203922
0.243137
0.282353
0.270588
0.262745
0.235294
0.270588
0.262745
0.196078
0.172549
0.200000
0.235294
0.200000
0.188235
0.196078
0.188235
0.113725
0.094118
0.090196
0.082353
0.105882
0.121569
0.137255
0.160784
0.196078
0.223529
0.239216
0.266667
0.258824
0.227451
0.223529
0.235294
0.231373
0.247059
0.247059
0.254902
0.266667
0.258824
0.266667
0.258824
0.239216
0.207843
0.188235
0.215686
0.211765
0.184314
0.203922
0.215686
0.176471
0.137255
0.113725
0.101961
0.125490
0.152941
0.192157
0.203922
0.200000
0.203922
0.200000
0.223529
0.203922
0.172549
0.219608
0.345098
0.250980
0.211765
0.188235
0.192157
0.211765
0.188235
0.145098
0.121569
0.113725
0.105882
0.105882
0.141176
0.152941
0.133333
0.137255
0.192157
0.184314
0.129412
0.113725
0.133333
0.152941
0.149020
0.180392
0.156863
0.121569
0.129412
0.129412
0.137255
0.129412
0.098039
0.156863
0.305882
0.196078
0.121569
0.117647
0.105882
0.168627
0.172549
0.137255
0.109804
0.121569
0.121569
0.121569
0.137255
0.090196
0.094118
0.086275
0.168627
0.141176
0.133333
0.282353
0.368627
0.403922
0.415686
0.415686
0.368627
0.329412
0.372549
0.380392
0.380392
0.411765
0.372549
0.282353
0.325490
0.254902
0.109804
0.109804
0.082353
0.219608
0.188235
0.152941
0.129412
0.145098
0.145098
0.125490
0.105882
0.109804
0.109804
0.121569
0.192157
0.133333
0.247059
0.690196
0.796078
0.800000
0.811765
0.823529
0.807843
0.764706
0.788235
0.752941
0.705882
0.780392
0.729412
0.498039
0.568627
0.392157
0.101961
0.054902
0.047059
0.176471
0.113725
0.086275
0.094118
0.098039
0.094118
0.078431
0.066667
0.109804
0.105882
0.113725
0.172549
0.101961
0.215686
0.737255
0.933333
0.921569
0.886275
0.917647
0.937255
0.913725
0.882353
0.807843
0.752941
0.847059
0.796078
0.596078
0.654902
0.545098
0.223529
0.023529
0.019608
0.098039
0.058824
0.047059
0.062745
0.074510
0.078431
0.078431
0.082353
0.070588
0.066667
0.058824
0.098039
0.054902
0.070588
0.419608
0.796078
0.929412
0.929412
0.901961
0.913725
0.925490
0.890196
0.760784
0.600000
0.705882
0.796078
0.627451
0.631373
0.552941
0.458824
0.200000
0.050980
0.113725
0.101961
0.086275
0.090196
0.117647
0.137255
0.156863
0.160784
0.039216
0.031373
0.023529
0.039216
0.031373
0.047059
0.207843
0.541176
0.780392
0.929412
0.909804
0.894118
0.921569
0.925490
0.686275
0.388235
0.513725
0.772549
0.698039
0.607843
0.458824
0.513725
0.517647
0.215686
0.180392
0.164706
0.137255
0.125490
0.152941
0.180392
0.211765
0.215686
0.043137
0.039216
0.039216
0.054902
0.054902
0.054902
0.145098
0.435294
0.603922
0.752941
0.909804
0.925490
0.913725
0.945098
0.752941
0.482353
0.572549
0.745098
0.725490
0.650980
0.572549
0.603922
0.686275
0.501961
0.317647
0.196078
0.156863
0.152941
0.168627
0.196078
0.207843
0.207843
0.066667
0.070588
0.070588
0.090196
0.094118
0.078431
0.117647
0.396078
0.564706
0.592157
0.737255
0.898039
0.949020
0.933333
0.882353
0.772549
0.737255
0.729412
0.756863
0.745098
0.721569
0.741176
0.725490
0.694118
0.584314
0.388235
0.223529
0.192157
0.200000
0.231373
0.247059
0.215686
0.094118
0.098039
0.094118
0.117647
0.117647
0.098039
0.121569
0.364706
0.568627
0.592157
0.615686
0.741176
0.913725
0.941176
0.913725
0.894118
0.800000
0.741176
0.760784
0.756863
0.752941
0.760784
0.756863
0.741176
0.725490
0.654902
0.482353
0.290196
0.247059
0.294118
0.313725
0.250980
0.105882
0.105882
0.101961
0.117647
0.125490
0.109804
0.121569
0.317647
0.576471
0.619608
0.631373
0.623529
0.721569
0.882353
0.941176
0.921569
0.854902
0.819608
0.807843
0.792157
0.784314
0.788235
0.796078
0.784314
0.764706
0.764706
0.749020
0.596078
0.400000
0.349020
0.364706
0.286275
0.113725
0.113725
0.109804
0.125490
0.121569
0.109804
0.125490
0.258824
0.541176
0.670588
0.662745
0.568627
0.576471
0.713725
0.890196
0.952941
0.917647
0.901961
0.890196
0.862745
0.854902
0.835294
0.831373
0.862745
0.807843
0.803922
0.878431
0.847059
0.635294
0.400000
0.376471
0.309804
0.109804
0.109804
0.105882
0.117647
0.109804
0.109804
0.125490
0.207843
0.431373
0.674510
0.713725
0.584314
0.525490
0.662745
0.733333
0.886275
0.956863
0.941176
0.839216
0.858824
0.921569
0.807843
0.768627
0.898039
0.788235
0.784314
0.921569
0.878431
0.764706
0.505882
0.380392
0.333333
0.101961
0.105882
0.101961
0.098039
0.098039
0.113725
0.129412
0.200000
0.384314
0.600000
0.694118
0.639216
0.552941
0.678431
0.670588
0.713725
0.870588
0.956863
0.847059
0.874510
0.913725
0.850980
0.831373
0.874510
0.823529
0.811765
0.874510
0.858824
0.827451
0.623529
0.396078
0.352941
0.105882
0.109804
0.105882
0.105882
0.105882
0.098039
0.156863
0.270588
0.423529
0.545098
0.615686
0.615686
0.584314
0.650980
0.600000
0.619608
0.729412
0.835294
0.752941
0.764706
0.796078
0.792157
0.788235
0.768627
0.752941
0.737255
0.733333
0.725490
0.717647
0.611765
0.415686
0.333333
0.109804
0.109804
0.098039
0.125490
0.129412
0.078431
0.172549
0.313725
0.447059
0.513725
0.556863
0.529412
0.501961
0.568627
0.505882
0.529412
0.662745
0.635294
0.427451
0.458824
0.568627
0.607843
0.592157
0.568627
0.549020
0.533333
0.494118
0.466667
0.454902
0.443137
0.392157
0.309804
0.101961
0.101961
0.090196
0.117647
0.117647
0.062745
0.180392
0.321569
0.447059
0.498039
0.517647
0.474510
0.435294
0.490196
0.423529
0.431373
0.556863
0.560784
0.321569
0.270588
0.243137
0.247059
0.247059
0.235294
0.215686
0.207843
0.196078
0.192157
0.200000
0.270588
0.372549
0.341176
0.098039
0.098039
0.086275
0.113725
0.113725
0.074510
0.192157
0.337255
0.450980
0.490196
0.501961
0.470588
0.435294
0.482353
0.435294
0.439216
0.494118
0.474510
0.290196
0.200000
0.113725
0.101961
0.094118
0.098039
0.094118
0.098039
0.113725
0.129412
0.149020
0.239216
0.349020
0.352941
0.105882
0.101961
0.090196
0.109804
0.117647
0.094118
0.196078
0.333333
0.443137
0.494118
0.498039
0.470588
0.470588
0.529412
0.482353
0.474510
0.494118
0.447059
0.298039
0.235294
0.156863
0.145098
0.145098
0.176471
0.200000
0.211765
0.262745
0.345098
0.360784
0.349020
0.364706
0.352941
0.094118
0.090196
0.090196
0.105882
0.105882
0.094118
0.184314
0.305882
0.450980
0.545098
0.576471
0.576471
0.572549
0.623529
0.607843
0.576471
0.600000
0.576471
0.462745
0.423529
0.380392
0.372549
0.396078
0.439216
0.447059
0.435294
0.509804
0.568627
0.525490
0.415686
0.349020
0.325490
0.098039
0.086275
0.090196
0.090196
0.090196
0.098039
0.180392
0.298039
0.423529
0.525490
0.611765
0.647059
0.635294
0.603922
0.603922
0.619608
0.650980
0.650980
0.517647
0.466667
0.490196
0.525490
0.501961
0.564706
0.576471
0.541176
0.572549
0.556863
0.513725
0.411765
0.356863
0.309804
0.086275
0.082353
0.094118
0.082353
0.070588
0.101961
0.184314
0.235294
0.376471
0.490196
0.545098
0.627451
0.619608
0.603922
0.603922
0.611765
0.623529
0.588235
0.517647
0.501961
0.525490
0.513725
0.482353
0.533333
0.556863
0.533333
0.545098
0.517647
0.474510
0.392157
0.333333
0.321569
0.078431
0.070588
0.082353
0.082353
0.082353
0.098039
0.156863
0.207843
0.337255
0.431373
0.498039
0.572549
0.619608
0.607843
0.592157
0.600000
0.603922
0.564706
0.482353
0.501961
0.498039
0.466667
0.454902
0.462745
0.474510
0.470588
0.517647
0.517647
0.450980
0.392157
0.360784
0.313725
0.086275
0.062745
0.098039
0.105882
0.094118
0.113725
0.160784
0.262745
0.360784
0.435294
0.521569
0.549020
0.568627
0.588235
0.549020
0.533333
0.580392
0.560784
0.494118
0.505882
0.478431
0.431373
0.384314
0.458824
0.458824
0.490196
0.462745
0.462745
0.443137
0.443137
0.427451
0.396078
