0.988235
0.952941
0.956863
0.949020
0.949020
0.952941
0.952941
0.952941
0.956863
0.960784
0.964706
0.972549
0.980392
0.980392
0.980392
0.980392
0.980392
0.984314
0.984314
0.984314
0.984314
0.984314
0.984314
0.984314
0.984314
0.984314
0.984314
0.984314
0.988235
0.984314
0.976471
0.984314
0.960784
0.917647
0.929412
0.941176
0.945098
0.952941
0.956863
0.960784
0.968627
0.968627
0.968627
0.968627
0.972549
0.972549
0.972549
0.972549
0.972549
0.972549
0.972549
0.972549
0.972549
0.972549
0.976471
0.972549
0.972549
0.972549
0.972549
0.964706
0.960784
0.960784
0.952941
0.964706
0.988235
0.956863
0.968627
0.972549
0.976471
0.980392
0.980392
0.980392
0.980392
0.980392
0.984314
0.984314
0.984314
0.984314
0.988235
0.984314
0.988235
0.988235
0.984314
0.984314
0.980392
0.980392
0.980392
0.984314
0.980392
0.980392
0.980392
0.976471
0.980392
0.984314
0.984314
0.992157
0.996078
0.960784
0.976471
0.976471
0.976471
0.984314
0.984314
0.984314
0.984314
0.984314
0.984314
0.984314
0.988235
0.988235
0.984314
0.980392
0.980392
0.984314
0.980392
0.980392
0.984314
0.984314
0.984314
0.984314
0.984314
0.980392
0.980392
0.984314
0.984314
0.984314
0.980392
0.988235
1.000000
0.964706
0.976471
0.980392
0.980392
0.988235
0.988235
0.988235
0.984314
0.980392
0.976471
0.976471
0.976471
0.980392
0.980392
0.984314
0.988235
0.984314
0.984314
0.984314
0.984314
0.984314
0.984314
0.980392
0.980392
0.980392
0.980392
0.980392
0.980392
0.980392
0.976471
0.992157
1.000000
0.968627
0.980392
0.976471
0.972549
0.972549
0.972549
0.972549
0.976471
0.976471
0.976471
0.976471
0.976471
0.980392
0.988235
0.988235
0.988235
0.980392
0.980392
0.980392
0.980392
0.984314
0.980392
0.984314
0.984314
0.984314
0.988235
0.988235
0.984314
0.984314
0.980392
0.992157
0.992157
0.956863
0.960784
0.960784
0.968627
0.972549
0.976471
0.980392
0.980392
0.984314
0.984314
0.976471
0.980392
0.988235
0.984314
0.984314
0.980392
0.984314
0.984314
0.984314
0.988235
0.988235
0.988235
0.988235
0.988235
0.984314
0.984314
0.984314
0.980392
0.972549
0.964706
0.984314
0.996078
0.964706
0.972549
0.976471
0.976471
0.976471
0.976471
0.976471
0.980392
0.980392
0.980392
0.980392
0.980392
0.984314
0.988235
0.988235
0.980392
0.984314
0.988235
0.988235
0.988235
0.988235
0.988235
0.984314
0.980392
0.980392
0.980392
0.980392
0.980392
0.980392
0.980392
0.996078
1.000000
0.964706
0.968627
0.972549
0.976471
0.976471
0.980392
0.984314
0.980392
0.984314
0.984314
0.984314
0.988235
0.988235
0.988235
0.988235
0.984314
0.984314
0.988235
0.988235
0.984314
0.984314
0.988235
0.988235
0.984314
0.988235
0.992157
0.996078
0.996078
0.996078
0.992157
1.000000
1.000000
0.964706
0.972549
0.976471
0.976471
0.980392
0.984314
0.984314
0.980392
0.984314
0.980392
0.980392
0.980392
0.980392
0.984314
0.984314
0.984314
0.988235
0.988235
0.984314
0.984314
0.992157
1.000000
1.000000
1.000000
1.000000
0.996078
1.000000
1.000000
1.000000
0.996078
1.000000
1.000000
0.972549
0.980392
0.976471
0.976471
0.972549
0.972549
0.972549
0.972549
0.972549
0.968627
0.968627
0.972549
0.972549
0.984314
0.984314
0.980392
0.972549
0.992157
0.996078
0.980392
0.933333
0.929412
0.909804
0.901961
0.956863
0.996078
0.996078
1.000000
1.000000
0.996078
1.000000
1.000000
0.960784
0.964706
0.960784
0.960784
0.964706
0.972549
0.976471
0.980392
0.984314
0.972549
0.992157
0.988235
0.960784
0.952941
0.937255
0.937255
0.941176
0.870588
0.780392
0.705882
0.615686
0.501961
0.352941
0.274510
0.494118
0.937255
0.992157
0.992157
0.996078
0.992157
1.000000
0.992157
0.960784
0.972549
0.972549
0.976471
0.984314
0.988235
0.988235
0.988235
0.988235
0.976471
0.811765
0.619608
0.588235
0.662745
0.788235
0.827451
0.592157
0.564706
0.427451
0.184314
0.392157
0.533333
0.407843
0.247059
0.133333
0.631373
1.000000
0.988235
0.996078
0.992157
1.000000
1.000000
0.972549
0.980392
0.980392
0.976471
0.976471
0.984314
0.984314
0.976471
0.992157
0.788235
0.407843
0.356863
0.364706
0.270588
0.494118
0.670588
0.239216
0.560784
0.419608
0.121569
0.184314
0.294118
0.474510
0.407843
0.054902
0.145098
0.792157
0.988235
0.988235
0.988235
1.000000
1.000000
0.968627
0.976471
0.980392
0.980392
0.984314
0.984314
0.988235
0.992157
0.921569
0.650980
0.529412
0.486275
0.470588
0.345098
0.611765
0.690196
0.215686
0.231373
0.211765
0.176471
0.121569
0.078431
0.188235
0.207843
0.254902
0.290196
0.490196
0.917647
0.992157
0.988235
1.000000
1.000000
0.972549
0.976471
0.980392
0.980392
0.980392
0.984314
0.901961
0.756863
0.752941
0.768627
0.737255
0.603922
0.494118
0.580392
0.823529
0.737255
0.121569
0.035294
0.211765
0.333333
0.447059
0.552941
0.654902
0.764706
0.823529
0.807843
0.635294
0.670588
0.956863
0.992157
1.000000
1.000000
0.960784
0.964706
0.960784
0.968627
0.976471
0.988235
0.839216
0.592157
0.623529
0.678431
0.764706
0.725490
0.741176
0.854902
0.854902
0.521569
0.223529
0.337255
0.678431
0.800000
0.858824
0.901961
0.827451
0.819608
0.796078
0.807843
0.686275
0.615686
0.890196
0.980392
1.000000
0.992157
0.956863
0.972549
0.980392
0.988235
0.988235
0.988235
0.921569
0.745098
0.741176
0.811765
0.823529
0.823529
0.807843
0.745098
0.466667
0.454902
0.576471
0.490196
0.584314
0.772549
0.764706
0.568627
0.498039
0.439216
0.505882
0.764706
0.772549
0.745098
0.847059
0.988235
1.000000
1.000000
0.976471
0.988235
0.996078
0.992157
0.992157
0.937255
0.874510
0.913725
0.929412
0.847059
0.827451
0.847059
0.831373
0.698039
0.458824
0.525490
0.564706
0.592157
0.623529
0.686275
0.713725
0.596078
0.623529
0.635294
0.635294
0.729412
0.772549
0.780392
0.796078
0.972549
1.000000
1.000000
0.976471
0.988235
0.992157
1.000000
0.960784
0.807843
0.854902
0.847059
0.788235
0.729412
0.701961
0.756863
0.694118
0.709804
0.713725
0.576471
0.541176
0.596078
0.639216
0.674510
0.705882
0.737255
0.788235
0.800000
0.803922
0.776471
0.741176
0.682353
0.701961
0.925490
0.964706
1.000000
0.984314
0.996078
0.996078
1.000000
0.886275
0.482353
0.701961
0.749020
0.709804
0.690196
0.682353
0.654902
0.396078
0.533333
0.701961
0.643137
0.603922
0.627451
0.670588
0.713725
0.733333
0.725490
0.678431
0.603922
0.505882
0.396078
0.313725
0.235294
0.392157
0.835294
0.850980
1.000000
0.976471
0.992157
0.988235
1.000000
0.847059
0.415686
0.584314
0.729412
0.690196
0.678431
0.682353
0.580392
0.427451
0.431373
0.564706
0.513725
0.435294
0.525490
0.517647
0.439216
0.364706
0.305882
0.262745
0.243137
0.219608
0.207843
0.188235
0.149020
0.215686
0.686275
0.760784
0.976471
0.945098
0.952941
0.941176
0.949020
0.776471
0.513725
0.576471
0.745098
0.788235
0.788235
0.796078
0.607843
0.501961
0.411765
0.388235
0.447059
0.392157
0.243137
0.160784
0.188235
0.215686
0.250980
0.250980
0.258824
0.266667
0.282353
0.270588
0.188235
0.200000
0.588235
0.705882
0.898039
0.854902
0.847059
0.839216
0.843137
0.717647
0.545098
0.490196
0.662745
0.682353
0.631373
0.615686
0.545098
0.450980
0.388235
0.321569
0.498039
0.364706
0.168627
0.180392
0.278431
0.333333
0.337255
0.337255
0.345098
0.341176
0.184314
0.066667
0.074510
0.164706
0.596078
0.713725
0.792157
0.760784
0.752941
0.737255
0.733333
0.650980
0.482353
0.490196
0.576471
0.619608
0.588235
0.619608
0.592157
0.443137
0.435294
0.235294
0.427451
0.364706
0.172549
0.152941
0.270588
0.384314
0.431373
0.490196
0.549020
0.619608
0.376471
0.007843
0.047059
0.305882
0.662745
0.690196
0.709804
0.686275
0.690196
0.686275
0.686275
0.662745
0.580392
0.517647
0.317647
0.450980
0.552941
0.482353
0.403922
0.474510
0.498039
0.160784
0.274510
0.243137
0.101961
0.117647
0.137255
0.160784
0.176471
0.184314
0.192157
0.219608
0.254902
0.192157
0.341176
0.596078
0.643137
0.639216
0.694118
0.674510
0.682353
0.686275
0.686275
0.694118
0.603922
0.392157
0.149020
0.294118
0.400000
0.270588
0.192157
0.364706
0.388235
0.090196
0.058824
0.078431
0.082353
0.074510
0.094118
0.137255
0.200000
0.266667
0.349020
0.427451
0.521569
0.607843
0.639216
0.619608
0.600000
0.611765
0.709804
0.682353
0.686275
0.682353
0.690196
0.690196
0.666667
0.568627
0.564706
0.596078
0.580392
0.545098
0.501961
0.482353
0.337255
0.168627
0.192157
0.270588
0.329412
0.396078
0.466667
0.549020
0.611765
0.650980
0.670588
0.686275
0.674510
0.662745
0.643137
0.631373
0.627451
0.635294
0.713725
0.682353
0.686275
0.674510
0.662745
0.654902
0.654902
0.666667
0.654902
0.650980
0.662745
0.654902
0.666667
0.674510
0.631373
0.627451
0.631373
0.654902
0.674510
0.682353
0.682353
0.686275
0.670588
0.658824
0.654902
0.654902
0.654902
0.650980
0.658824
0.658824
0.654902
0.658824
0.670588
0.639216
0.635294
0.635294
0.639216
0.647059
0.635294
0.623529
0.631373
0.643137
0.654902
0.666667
0.670588
0.666667
0.666667
0.674510
0.670588
0.670588
0.682353
0.678431
0.670588
0.666667
0.654902
0.650980
0.654902
0.650980
0.654902
0.647059
0.643137
0.631373
0.623529
0.635294
0.654902
0.647059
0.682353
0.705882
0.717647
0.709804
0.717647
0.725490
0.725490
0.717647
0.705882
0.709804
0.705882
0.698039
0.690196
0.698039
0.694118
0.686275
0.698039
0.698039
0.678431
0.690196
0.682353
0.666667
0.650980
0.647059
0.647059
0.658824
0.654902
0.654902
0.650980
0.666667
0.690196
0.674510
0.698039
0.701961
0.698039
0.686275
0.662745
0.658824
0.658824
0.658824
0.650980
0.647059
0.647059
0.647059
0.650980
0.650980
0.654902
0.674510
0.678431
0.666667
0.654902
0.662745
0.650980
0.647059
0.650980
0.650980
0.654902
0.650980
0.647059
0.639216
0.643137
0.654902
0.988235
0.952941
0.956863
0.949020
0.949020
0.952941
0.952941
0.952941
0.956863
0.960784
0.964706
0.972549
0.980392
0.980392
0.980392
0.980392
0.980392
0.984314
0.984314
0.984314
0.984314
0.984314
0.984314
0.984314
0.984314
0.984314
0.984314
0.984314
0.988235
0.984314
0.976471
0.984314
0.960784
0.917647
0.929412
0.941176
0.945098
0.952941
0.956863
0.960784
0.968627
0.968627
0.968627
0.968627
0.972549
0.972549
0.972549
0.972549
0.972549
0.972549
0.972549
0.972549
0.972549
0.972549
0.976471
0.972549
0.972549
0.972549
0.972549
0.964706
0.960784
0.960784
0.952941
0.964706
0.988235
0.956863
0.968627
0.972549
0.976471
0.980392
0.980392
0.980392
0.980392
0.980392
0.984314
0.984314
0.984314
0.984314
0.988235
0.984314
0.988235
0.988235
0.984314
0.984314
0.980392
0.980392
0.980392
0.984314
0.980392
0.980392
0.980392
0.976471
0.980392
0.984314
0.984314
0.992157
0.996078
0.960784
0.976471
0.976471
0.976471
0.984314
0.984314
0.984314
0.984314
0.984314
0.984314
0.984314
0.988235
0.988235
0.984314
0.980392
0.980392
0.984314
0.980392
0.980392
0.984314
0.984314
0.984314
0.984314
0.984314
0.980392
0.980392
0.984314
0.984314
0.984314
0.980392
0.988235
1.000000
0.964706
0.976471
0.980392
0.980392
0.988235
0.988235
0.988235
0.984314
0.980392
0.976471
0.976471
0.976471
0.980392
0.980392
0.984314
0.988235
0.984314
0.984314
0.984314
0.984314
0.984314
0.984314
0.980392
0.980392
0.980392
0.980392
0.980392
0.980392
0.980392
0.976471
0.992157
1.000000
0.968627
0.980392
0.976471
0.972549
0.972549
0.972549
0.972549
0.976471
0.976471
0.976471
0.976471
0.976471
0.980392
0.988235
0.988235
0.988235
0.980392
0.980392
0.980392
0.980392
0.984314
0.980392
0.984314
0.984314
0.984314
0.988235
0.988235
0.984314
0.984314
0.980392
0.992157
0.992157
0.956863
0.960784
0.960784
0.968627
0.972549
0.976471
0.980392
0.980392
0.984314
0.984314
0.976471
0.980392
0.988235
0.984314
0.984314
0.980392
0.984314
0.984314
0.984314
0.988235
0.988235
0.988235
0.988235
0.988235
0.984314
0.984314
0.984314
0.980392
0.972549
0.964706
0.984314
0.996078
0.964706
0.972549
0.976471
0.976471
0.976471
0.976471
0.976471
0.980392
0.980392
0.980392
0.980392
0.980392
0.984314
0.988235
0.988235
0.980392
0.984314
0.988235
0.988235
0.988235
0.988235
0.988235
0.984314
0.980392
0.980392
0.980392
0.980392
0.980392
0.980392
0.980392
0.996078
1.000000
0.964706
0.968627
0.972549
0.976471
0.976471
0.980392
0.984314
0.980392
0.984314
0.984314
0.984314
0.988235
0.988235
0.988235
0.988235
0.984314
0.984314
0.988235
0.988235
0.984314
0.984314
0.984314
0.988235
0.984314
0.988235
0.992157
0.996078
0.996078
0.996078
0.992157
1.000000
1.000000
0.964706
0.972549
0.976471
0.976471
0.980392
0.984314
0.984314
0.980392
0.984314
0.980392
0.980392
0.980392
0.976471
0.984314
0.984314
0.984314
0.988235
0.988235
0.984314
0.984314
0.992157
1.000000
1.000000
1.000000
1.000000
0.996078
1.000000
1.000000
1.000000
0.996078
1.000000
1.000000
0.972549
0.980392
0.976471
0.976471
0.972549
0.972549
0.972549
0.972549
0.972549
0.968627
0.968627
0.980392
0.980392
0.988235
0.988235
0.984314
0.976471
0.992157
0.992157
0.976471
0.917647
0.913725
0.909804
0.905882
0.952941
0.996078
0.996078
1.000000
1.000000
0.996078
1.000000
1.000000
0.960784
0.964706
0.960784
0.960784
0.964706
0.972549
0.976471
0.980392
0.984314
0.972549
0.992157
0.996078
0.964706
0.956863
0.945098
0.941176
0.945098
0.882353
0.780392
0.678431
0.600000
0.505882
0.360784
0.286275
0.498039
0.937255
0.992157
0.992157
0.996078
0.992157
1.000000
0.992157
0.960784
0.972549
0.972549
0.976471
0.984314
0.988235
0.988235
0.988235
0.988235
0.976471
0.815686
0.643137
0.607843
0.666667
0.792157
0.831373
0.596078
0.623529
0.486275
0.184314
0.454902
0.623529
0.478431
0.298039
0.156863
0.631373
1.000000
0.988235
0.996078
0.992157
1.000000
1.000000
0.972549
0.980392
0.980392
0.976471
0.976471
0.984314
0.984314
0.976471
0.988235
0.796078
0.447059
0.427451
0.431373
0.309804
0.505882
0.670588
0.270588
0.662745
0.498039
0.141176
0.215686
0.356863
0.576471
0.498039
0.086275
0.160784
0.807843
1.000000
0.984314
0.988235
1.000000
1.000000
0.968627
0.976471
0.980392
0.980392
0.984314
0.984314
0.988235
0.992157
0.921569
0.678431
0.615686
0.576471
0.556863
0.419608
0.627451
0.682353
0.243137
0.282353
0.239216
0.184314
0.133333
0.086275
0.215686
0.239216
0.258824
0.294118
0.427451
0.905882
0.996078
0.988235
1.000000
1.000000
0.972549
0.976471
0.980392
0.980392
0.980392
0.984314
0.901961
0.756863
0.760784
0.796078
0.784314
0.650980
0.541176
0.607843
0.835294
0.741176
0.160784
0.062745
0.227451
0.333333
0.450980
0.556863
0.658824
0.760784
0.827451
0.823529
0.376471
0.427451
0.968627
0.992157
1.000000
1.000000
0.960784
0.964706
0.960784
0.968627
0.976471
0.988235
0.839216
0.592157
0.631373
0.690196
0.768627
0.729412
0.752941
0.847059
0.854902
0.509804
0.117647
0.196078
0.674510
0.819608
0.858824
0.905882
0.831373
0.827451
0.800000
0.815686
0.564706
0.415686
0.878431
1.000000
1.000000
0.992157
0.956863
0.972549
0.980392
0.988235
0.988235
0.988235
0.921569
0.745098
0.745098
0.815686
0.827451
0.827451
0.811765
0.717647
0.364706
0.149020
0.152941
0.149020
0.494118
0.788235
0.764706
0.572549
0.501961
0.447059
0.509804
0.756863
0.776471
0.749020
0.854902
0.992157
1.000000
1.000000
0.976471
0.988235
0.996078
0.992157
0.992157
0.937255
0.878431
0.917647
0.937255
0.850980
0.831373
0.850980
0.843137
0.682353
0.258824
0.266667
0.376471
0.505882
0.600000
0.701961
0.717647
0.600000
0.627451
0.643137
0.639216
0.721569
0.760784
0.756863
0.792157
0.972549
1.000000
1.000000
0.976471
0.988235
0.992157
1.000000
0.960784
0.811765
0.858824
0.858824
0.800000
0.741176
0.709804
0.756863
0.701961
0.717647
0.678431
0.580392
0.568627
0.607843
0.639216
0.674510
0.709804
0.741176
0.792157
0.803922
0.807843
0.776471
0.749020
0.690196
0.701961
0.929412
0.964706
1.000000
0.984314
0.996078
0.996078
1.000000
0.890196
0.486275
0.705882
0.760784
0.721569
0.705882
0.690196
0.658824
0.396078
0.529412
0.717647
0.647059
0.603922
0.631373
0.674510
0.717647
0.737255
0.729412
0.682353
0.607843
0.509804
0.400000
0.317647
0.239216
0.392157
0.835294
0.850980
1.000000
0.976471
0.992157
0.988235
1.000000
0.850980
0.423529
0.592157
0.741176
0.701961
0.690196
0.690196
0.584314
0.431373
0.443137
0.568627
0.529412
0.458824
0.533333
0.521569
0.443137
0.368627
0.309804
0.266667
0.247059
0.223529
0.211765
0.192157
0.149020
0.215686
0.686275
0.760784
0.976471
0.945098
0.952941
0.941176
0.949020
0.780392
0.525490
0.588235
0.760784
0.800000
0.792157
0.800000
0.611765
0.505882
0.427451
0.403922
0.462745
0.407843
0.254902
0.168627
0.196078
0.223529
0.258824
0.258824
0.262745
0.274510
0.286275
0.270588
0.188235
0.207843
0.592157
0.709804
0.894118
0.854902
0.847059
0.835294
0.839216
0.721569
0.556863
0.505882
0.678431
0.694118
0.635294
0.615686
0.549020
0.454902
0.403922
0.337255
0.509804
0.376471
0.180392
0.188235
0.286275
0.341176
0.345098
0.345098
0.352941
0.349020
0.192157
0.082353
0.090196
0.168627
0.600000
0.717647
0.792157
0.756863
0.752941
0.733333
0.733333
0.654902
0.494118
0.501961
0.592157
0.635294
0.603922
0.635294
0.607843
0.458824
0.447059
0.250980
0.447059
0.376471
0.180392
0.156863
0.274510
0.388235
0.439216
0.494118
0.552941
0.623529
0.380392
0.023529
0.058824
0.313725
0.670588
0.694118
0.709804
0.690196
0.694118
0.690196
0.690196
0.666667
0.584314
0.525490
0.333333
0.470588
0.584314
0.513725
0.435294
0.498039
0.501961
0.180392
0.305882
0.254902
0.105882
0.121569
0.141176
0.164706
0.180392
0.188235
0.196078
0.223529
0.258824
0.192157
0.345098
0.607843
0.650980
0.639216
0.694118
0.674510
0.686275
0.690196
0.690196
0.698039
0.607843
0.400000
0.164706
0.305882
0.407843
0.278431
0.200000
0.368627
0.388235
0.109804
0.090196
0.090196
0.086275
0.078431
0.098039
0.141176
0.203922
0.270588
0.352941
0.431373
0.525490
0.607843
0.643137
0.631373
0.607843
0.611765
0.709804
0.682353
0.690196
0.686275
0.690196
0.694118
0.670588
0.572549
0.572549
0.600000
0.580392
0.545098
0.501961
0.478431
0.341176
0.180392
0.207843
0.278431
0.333333
0.400000
0.470588
0.549020
0.611765
0.650980
0.674510
0.690196
0.674510
0.658824
0.643137
0.635294
0.631373
0.639216
0.717647
0.682353
0.686275
0.674510
0.662745
0.654902
0.654902
0.666667
0.654902
0.650980
0.662745
0.654902
0.666667
0.674510
0.631373
0.631373
0.635294
0.658824
0.678431
0.686275
0.682353
0.686275
0.670588
0.658824
0.654902
0.654902
0.654902
0.650980
0.658824
0.658824
0.654902
0.658824
0.670588
0.639216
0.635294
0.635294
0.639216
0.647059
0.635294
0.623529
0.631373
0.643137
0.654902
0.666667
0.670588
0.666667
0.670588
0.674510
0.674510
0.674510
0.686275
0.682353
0.674510
0.666667
0.654902
0.650980
0.654902
0.650980
0.654902
0.647059
0.643137
0.631373
0.623529
0.635294
0.658824
0.647059
0.682353
0.709804
0.717647
0.709804
0.721569
0.725490
0.729412
0.721569
0.709804
0.713725
0.705882
0.698039
0.690196
0.698039
0.698039
0.690196
0.701961
0.701961
0.682353
0.690196
0.682353
0.666667
0.650980
0.647059
0.647059
0.658824
0.654902
0.654902
0.650980
0.670588
0.694118
0.674510
0.698039
0.701961
0.701961
0.690196
0.666667
0.658824
0.658824
0.658824
0.650980
0.647059
0.647059
0.647059
0.650980
0.650980
0.658824
0.678431
0.682353
0.670588
0.658824
0.662745
0.650980
0.647059
0.650980
0.650980
0.654902
0.650980
0.647059
0.639216
0.643137
0.658824
0.988235
0.952941
0.956863
0.949020
0.949020
0.952941
0.952941
0.952941
0.956863
0.960784
0.964706
0.972549
0.980392
0.980392
0.980392
0.980392
0.980392
0.984314
0.984314
0.984314
0.984314
0.984314
0.984314
0.984314
0.984314
0.984314
0.984314
0.984314
0.988235
0.984314
0.976471
0.984314
0.960784
0.917647
0.929412
0.941176
0.945098
0.952941
0.956863
0.960784
0.968627
0.968627
0.968627
0.968627
0.972549
0.972549
0.972549
0.972549
0.972549
0.972549
0.972549
0.972549
0.972549
0.972549
0.976471
0.972549
0.972549
0.972549
0.972549
0.964706
0.960784
0.960784
0.952941
0.964706
0.988235
0.956863
0.968627
0.972549
0.976471
0.980392
0.980392
0.980392
0.980392
0.980392
0.984314
0.984314
0.984314
0.984314
0.988235
0.984314
0.988235
0.988235
0.984314
0.984314
0.980392
0.980392
0.980392
0.984314
0.980392
0.980392
0.980392
0.976471
0.980392
0.984314
0.984314
0.992157
0.996078
0.960784
0.976471
0.976471
0.976471
0.984314
0.984314
0.984314
0.984314
0.984314
0.984314
0.984314
0.988235
0.988235
0.984314
0.980392
0.980392
0.984314
0.980392
0.980392
0.984314
0.984314
0.984314
0.984314
0.984314
0.980392
0.980392
0.984314
0.984314
0.984314
0.980392
0.988235
1.000000
0.964706
0.976471
0.980392
0.980392
0.988235
0.988235
0.988235
0.984314
0.980392
0.976471
0.976471
0.976471
0.980392
0.980392
0.984314
0.988235
0.984314
0.984314
0.984314
0.984314
0.984314
0.984314
0.980392
0.980392
0.980392
0.980392
0.980392
0.980392
0.980392
0.976471
0.992157
1.000000
0.968627
0.980392
0.976471
0.972549
0.972549
0.972549
0.972549
0.976471
0.976471
0.976471
0.976471
0.976471
0.980392
0.988235
0.988235
0.988235
0.980392
0.980392
0.980392
0.980392
0.984314
0.980392
0.984314
0.984314
0.984314
0.988235
0.988235
0.984314
0.984314
0.980392
0.992157
0.992157
0.956863
0.960784
0.960784
0.968627
0.972549
0.976471
0.980392
0.980392
0.984314
0.984314
0.976471
0.980392
0.988235
0.984314
0.984314
0.980392
0.984314
0.984314
0.984314
0.988235
0.988235
0.988235
0.988235
0.988235
0.984314
0.984314
0.984314
0.980392
0.972549
0.964706
0.984314
0.996078
0.964706
0.972549
0.976471
0.976471
0.976471
0.976471
0.976471
0.980392
0.980392
0.980392
0.980392
0.980392
0.984314
0.988235
0.988235
0.980392
0.984314
0.988235
0.988235
0.988235
0.988235
0.988235
0.984314
0.980392
0.980392
0.980392
0.980392
0.980392
0.980392
0.980392
0.996078
1.000000
0.964706
0.968627
0.972549
0.976471
0.976471
0.980392
0.984314
0.980392
0.984314
0.984314
0.984314
0.988235
0.988235
0.988235
0.988235
0.984314
0.984314
0.988235
0.988235
0.984314
0.984314
0.984314
0.988235
0.984314
0.988235
0.992157
0.996078
0.996078
0.996078
0.992157
1.000000
1.000000
0.964706
0.972549
0.976471
0.976471
0.980392
0.984314
0.984314
0.980392
0.984314
0.980392
0.980392
0.980392
0.976471
0.984314
0.984314
0.984314
0.988235
0.988235
0.984314
0.984314
0.992157
1.000000
1.000000
1.000000
1.000000
0.996078
1.000000
1.000000
1.000000
0.996078
1.000000
1.000000
0.972549
0.980392
0.976471
0.976471
0.972549
0.972549
0.972549
0.972549
0.972549
0.968627
0.968627
0.976471
0.976471
0.984314
0.984314
0.984314
0.980392
0.996078
1.000000
0.976471
0.921569
0.917647
0.905882
0.901961
0.952941
0.996078
0.996078
1.000000
0.996078
0.996078
1.000000
1.000000
0.960784
0.964706
0.960784
0.960784
0.964706
0.972549
0.976471
0.980392
0.984314
0.972549
0.992157
0.996078
0.968627
0.960784
0.945098
0.949020
0.952941
0.878431
0.776471
0.682353
0.611765
0.517647
0.360784
0.286275
0.498039
0.937255
0.992157
0.996078
0.996078
0.992157
1.000000
0.992157
0.960784
0.972549
0.972549
0.976471
0.984314
0.988235
0.988235
0.988235
0.988235
0.976471
0.815686
0.654902
0.619608
0.682353
0.807843
0.839216
0.600000
0.615686
0.478431
0.192157
0.454902
0.615686
0.474510
0.294118
0.149020
0.631373
1.000000
0.988235
0.996078
0.992157
1.000000
1.000000
0.972549
0.980392
0.980392
0.976471
0.976471
0.984314
0.984314
0.976471
0.988235
0.800000
0.454902
0.443137
0.447059
0.325490
0.517647
0.682353
0.258824
0.647059
0.501961
0.145098
0.211765
0.352941
0.560784
0.478431
0.078431
0.152941
0.803922
1.000000
0.988235
0.988235
1.000000
1.000000
0.968627
0.976471
0.980392
0.980392
0.984314
0.984314
0.988235
0.992157
0.921569
0.682353
0.615686
0.580392
0.560784
0.423529
0.635294
0.694118
0.227451
0.266667
0.243137
0.184314
0.129412
0.086275
0.207843
0.231373
0.258824
0.298039
0.427451
0.894118
0.996078
0.988235
1.000000
1.000000
0.972549
0.976471
0.980392
0.980392
0.980392
0.984314
0.905882
0.756863
0.760784
0.800000
0.796078
0.654902
0.545098
0.623529
0.847059
0.749020
0.149020
0.050980
0.223529
0.333333
0.450980
0.552941
0.647059
0.756863
0.827451
0.823529
0.364706
0.419608
0.968627
0.992157
1.000000
1.000000
0.960784
0.964706
0.960784
0.968627
0.976471
0.988235
0.847059
0.615686
0.650980
0.705882
0.792157
0.749020
0.768627
0.870588
0.862745
0.498039
0.105882
0.203922
0.682353
0.819608
0.866667
0.905882
0.835294
0.827451
0.803922
0.823529
0.560784
0.439216
0.882353
0.996078
1.000000
0.992157
0.956863
0.972549
0.980392
0.988235
0.988235
0.988235
0.925490
0.764706
0.764706
0.835294
0.847059
0.847059
0.831373
0.737255
0.368627
0.152941
0.156863
0.156863
0.509804
0.792157
0.772549
0.580392
0.509804
0.454902
0.517647
0.764706
0.780392
0.764706
0.854902
0.992157
1.000000
1.000000
0.976471
0.988235
0.996078
0.992157
0.992157
0.937255
0.882353
0.925490
0.945098
0.866667
0.850980
0.870588
0.858824
0.686275
0.266667
0.266667
0.403922
0.509804
0.611765
0.709804
0.725490
0.607843
0.635294
0.650980
0.647059
0.729412
0.780392
0.768627
0.792157
0.972549
1.000000
1.000000
0.976471
0.988235
0.992157
1.000000
0.960784
0.819608
0.878431
0.874510
0.819608
0.760784
0.729412
0.780392
0.709804
0.729412
0.694118
0.592157
0.584314
0.623529
0.662745
0.690196
0.713725
0.749020
0.800000
0.811765
0.815686
0.788235
0.756863
0.690196
0.705882
0.933333
0.964706
1.000000
0.984314
0.996078
0.996078
1.000000
0.886275
0.494118
0.725490
0.784314
0.741176
0.725490
0.713725
0.682353
0.407843
0.556863
0.745098
0.670588
0.623529
0.650980
0.694118
0.729412
0.745098
0.741176
0.694118
0.619608
0.521569
0.411765
0.325490
0.247059
0.400000
0.843137
0.862745
1.000000
0.976471
0.992157
0.988235
1.000000
0.850980
0.431373
0.611765
0.756863
0.717647
0.705882
0.705882
0.603922
0.443137
0.450980
0.580392
0.545098
0.470588
0.549020
0.537255
0.450980
0.372549
0.313725
0.266667
0.250980
0.227451
0.211765
0.196078
0.152941
0.223529
0.698039
0.780392
0.976471
0.945098
0.952941
0.941176
0.949020
0.788235
0.545098
0.603922
0.764706
0.803922
0.803922
0.811765
0.619608
0.513725
0.431373
0.407843
0.478431
0.419608
0.254902
0.168627
0.192157
0.219608
0.250980
0.243137
0.250980
0.262745
0.278431
0.262745
0.180392
0.207843
0.607843
0.729412
0.909804
0.870588
0.862745
0.850980
0.854902
0.741176
0.576471
0.517647
0.682353
0.698039
0.643137
0.627451
0.556863
0.462745
0.407843
0.345098
0.533333
0.388235
0.176471
0.184314
0.282353
0.337255
0.341176
0.345098
0.352941
0.349020
0.188235
0.066667
0.074510
0.168627
0.619608
0.737255
0.815686
0.780392
0.772549
0.756863
0.752941
0.678431
0.513725
0.517647
0.596078
0.639216
0.607843
0.639216
0.611765
0.462745
0.450980
0.250980
0.454902
0.388235
0.180392
0.156863
0.278431
0.392157
0.447059
0.513725
0.568627
0.639216
0.392157
0.015686
0.054902
0.325490
0.690196
0.717647
0.733333
0.713725
0.713725
0.709804
0.709804
0.686275
0.603922
0.537255
0.337255
0.470588
0.584314
0.513725
0.435294
0.501961
0.509804
0.164706
0.290196
0.266667
0.117647
0.129412
0.156863
0.184314
0.200000
0.207843
0.215686
0.243137
0.278431
0.203922
0.356863
0.631373
0.682353
0.674510
0.721569
0.698039
0.705882
0.709804
0.709804
0.717647
0.627451
0.415686
0.168627
0.317647
0.431373
0.301961
0.223529
0.392157
0.400000
0.094118
0.074510
0.101961
0.098039
0.086275
0.113725
0.160784
0.223529
0.290196
0.372549
0.450980
0.545098
0.631373
0.670588
0.654902
0.639216
0.650980
0.733333
0.709804
0.713725
0.709804
0.717647
0.717647
0.694118
0.596078
0.588235
0.623529
0.611765
0.576471
0.533333
0.509804
0.352941
0.176471
0.211765
0.294118
0.349020
0.411765
0.490196
0.576471
0.639216
0.678431
0.701961
0.713725
0.701961
0.694118
0.674510
0.666667
0.662745
0.670588
0.741176
0.713725
0.717647
0.705882
0.694118
0.686275
0.686275
0.698039
0.686275
0.682353
0.694118
0.686275
0.698039
0.705882
0.647059
0.643137
0.654902
0.678431
0.698039
0.705882
0.709804
0.717647
0.705882
0.690196
0.686275
0.686275
0.686275
0.682353
0.690196
0.690196
0.686275
0.690196
0.694118
0.670588
0.666667
0.666667
0.670588
0.678431
0.666667
0.654902
0.658824
0.674510
0.686275
0.698039
0.701961
0.698039
0.698039
0.701961
0.694118
0.694118
0.705882
0.701961
0.701961
0.698039
0.686275
0.682353
0.686275
0.682353
0.686275
0.678431
0.674510
0.662745
0.654902
0.666667
0.682353
0.678431
0.713725
0.737255
0.741176
0.733333
0.745098
0.749020
0.749020
0.741176
0.729412
0.737255
0.737255
0.729412
0.721569
0.729412
0.721569
0.709804
0.721569
0.721569
0.705882
0.721569
0.713725
0.698039
0.686275
0.686275
0.686275
0.690196
0.686275
0.686275
0.682353
0.694118
0.717647
0.709804
0.729412
0.725490
0.721569
0.709804
0.686275
0.686275
0.698039
0.698039
0.690196
0.682353
0.678431
0.678431
0.682353
0.682353
0.682353
0.698039
0.701961
0.690196
0.682353
0.694118
0.682353
0.678431
0.682353
0.682353
0.686275
0.682353
0.678431
0.670588
0.670588
0.678431
