0.505882
0.576471
0.505882
0.482353
0.431373
0.400000
0.337255
0.200000
0.156863
0.141176
0.133333
0.129412
0.141176
0.152941
0.125490
0.129412
0.149020
0.117647
0.133333
0.164706
0.196078
0.196078
0.200000
0.211765
0.200000
0.164706
0.137255
0.121569
0.109804
0.113725
0.125490
0.125490
0.501961
0.415686
0.380392
0.415686
0.419608
0.423529
0.384314
0.211765
0.160784
0.145098
0.137255
0.125490
0.137255
0.160784
0.121569
0.117647
0.141176
0.113725
0.129412
0.192157
0.200000
0.184314
0.188235
0.196078
0.207843
0.168627
0.141176
0.121569
0.113725
0.109804
0.105882
0.113725
0.427451
0.333333
0.258824
0.309804
0.360784
0.482353
0.466667
0.219608
0.168627
0.145098
0.133333
0.125490
0.133333
0.168627
0.137255
0.109804
0.129412
0.109804
0.125490
0.184314
0.180392
0.172549
0.160784
0.168627
0.203922
0.180392
0.145098
0.129412
0.117647
0.109804
0.105882
0.109804
0.333333
0.294118
0.192157
0.239216
0.372549
0.556863
0.419608
0.231373
0.172549
0.145098
0.125490
0.121569
0.121569
0.160784
0.168627
0.105882
0.098039
0.101961
0.156863
0.180392
0.160784
0.152941
0.137255
0.141176
0.192157
0.184314
0.149020
0.129412
0.113725
0.105882
0.105882
0.109804
0.239216
0.247059
0.207843
0.219608
0.400000
0.568627
0.364706
0.243137
0.176471
0.137255
0.117647
0.113725
0.109804
0.125490
0.149020
0.101961
0.086275
0.105882
0.168627
0.176471
0.152941
0.137255
0.113725
0.125490
0.200000
0.184314
0.149020
0.125490
0.109804
0.101961
0.105882
0.109804
0.164706
0.196078
0.219608
0.227451
0.294118
0.349020
0.290196
0.266667
0.203922
0.156863
0.125490
0.109804
0.101961
0.090196
0.113725
0.098039
0.078431
0.109804
0.156863
0.168627
0.149020
0.125490
0.101961
0.129412
0.215686
0.188235
0.149020
0.121569
0.105882
0.101961
0.105882
0.109804
0.156863
0.176471
0.192157
0.207843
0.203922
0.207843
0.243137
0.278431
0.231373
0.184314
0.152941
0.125490
0.094118
0.070588
0.117647
0.117647
0.074510
0.105882
0.149020
0.164706
0.149020
0.121569
0.109804
0.137255
0.211765
0.188235
0.145098
0.117647
0.105882
0.101961
0.105882
0.109804
0.152941
0.160784
0.172549
0.188235
0.203922
0.219608
0.239216
0.262745
0.247059
0.215686
0.180392
0.129412
0.101961
0.058824
0.101961
0.184314
0.149020
0.113725
0.133333
0.156863
0.137255
0.109804
0.094118
0.109804
0.156863
0.168627
0.149020
0.117647
0.105882
0.101961
0.105882
0.109804
0.176471
0.152941
0.156863
0.172549
0.184314
0.203922
0.227451
0.243137
0.239216
0.223529
0.192157
0.149020
0.117647
0.082353
0.094118
0.207843
0.325490
0.243137
0.121569
0.149020
0.137255
0.101961
0.090196
0.094118
0.117647
0.137255
0.149020
0.121569
0.105882
0.101961
0.105882
0.105882
0.207843
0.164706
0.152941
0.160784
0.172549
0.188235
0.207843
0.223529
0.219608
0.219608
0.196078
0.211765
0.333333
0.321569
0.305882
0.258824
0.313725
0.372549
0.156863
0.125490
0.133333
0.113725
0.090196
0.086275
0.098039
0.098039
0.137255
0.129412
0.101961
0.098039
0.101961
0.105882
0.192157
0.192157
0.168627
0.152941
0.160784
0.172549
0.180392
0.192157
0.192157
0.211765
0.188235
0.384314
0.631373
0.560784
0.525490
0.407843
0.215686
0.337255
0.200000
0.101961
0.125490
0.129412
0.090196
0.078431
0.078431
0.070588
0.129412
0.137255
0.101961
0.094118
0.101961
0.109804
0.141176
0.156863
0.168627
0.156863
0.145098
0.152941
0.152941
0.160784
0.160784
0.184314
0.184314
0.396078
0.588235
0.556863
0.498039
0.447059
0.376471
0.290196
0.137255
0.109804
0.129412
0.149020
0.090196
0.062745
0.058824
0.082353
0.137255
0.141176
0.101961
0.094118
0.098039
0.109804
0.117647
0.125490
0.137255
0.145098
0.141176
0.137255
0.141176
0.145098
0.137255
0.145098
0.152941
0.317647
0.537255
0.592157
0.545098
0.525490
0.529412
0.290196
0.078431
0.101961
0.176471
0.192157
0.082353
0.047059
0.062745
0.109804
0.129412
0.141176
0.113725
0.094118
0.094118
0.098039
0.113725
0.113725
0.105882
0.105882
0.125490
0.121569
0.117647
0.117647
0.113725
0.113725
0.125490
0.231373
0.454902
0.603922
0.588235
0.556863
0.552941
0.450980
0.137255
0.121569
0.321569
0.243137
0.062745
0.047059
0.090196
0.094118
0.082353
0.121569
0.125490
0.090196
0.086275
0.090196
0.098039
0.094118
0.086275
0.078431
0.086275
0.094118
0.094118
0.090196
0.098039
0.094118
0.117647
0.200000
0.309804
0.462745
0.505882
0.509804
0.494118
0.533333
0.325490
0.172549
0.352941
0.254902
0.074510
0.070588
0.086275
0.054902
0.035294
0.078431
0.117647
0.090196
0.082353
0.082353
0.094118
0.086275
0.082353
0.070588
0.058824
0.058824
0.058824
0.066667
0.082353
0.082353
0.090196
0.172549
0.231373
0.333333
0.356863
0.396078
0.474510
0.513725
0.458824
0.286275
0.301961
0.274510
0.113725
0.082353
0.066667
0.035294
0.031373
0.054902
0.105882
0.090196
0.074510
0.078431
0.086275
0.082353
0.074510
0.066667
0.050980
0.031373
0.027451
0.043137
0.070588
0.074510
0.086275
0.200000
0.219608
0.235294
0.278431
0.325490
0.423529
0.498039
0.482353
0.407843
0.313725
0.286275
0.145098
0.066667
0.050980
0.039216
0.035294
0.039216
0.086275
0.094118
0.074510
0.078431
0.098039
0.074510
0.070588
0.062745
0.047059
0.027451
0.019608
0.027451
0.054902
0.062745
0.090196
0.266667
0.301961
0.203922
0.250980
0.274510
0.341176
0.435294
0.470588
0.411765
0.321569
0.274510
0.145098
0.047059
0.039216
0.039216
0.039216
0.035294
0.066667
0.090196
0.074510
0.074510
0.125490
0.062745
0.066667
0.050980
0.039216
0.035294
0.027451
0.027451
0.035294
0.039216
0.050980
0.156863
0.301961
0.239216
0.192157
0.239216
0.294118
0.396078
0.454902
0.392157
0.321569
0.250980
0.145098
0.050980
0.039216
0.031373
0.039216
0.039216
0.070588
0.094118
0.074510
0.070588
0.105882
0.074510
0.062745
0.047059
0.035294
0.035294
0.035294
0.031373
0.019608
0.023529
0.035294
0.066667
0.145098
0.152941
0.086275
0.180392
0.266667
0.321569
0.384314
0.368627
0.313725
0.247059
0.168627
0.058824
0.027451
0.027451
0.035294
0.043137
0.062745
0.086275
0.078431
0.070588
0.094118
0.086275
0.062745
0.043137
0.035294
0.035294
0.039216
0.027451
0.019608
0.027451
0.035294
0.047059
0.047059
0.047059
0.035294
0.094118
0.219608
0.254902
0.286275
0.317647
0.294118
0.231373
0.172549
0.054902
0.019608
0.023529
0.027451
0.043137
0.050980
0.070588
0.078431
0.070588
0.098039
0.082353
0.062745
0.050980
0.035294
0.039216
0.039216
0.031373
0.031373
0.043137
0.039216
0.043137
0.039216
0.027451
0.011765
0.031373
0.160784
0.243137
0.247059
0.254902
0.254902
0.196078
0.129412
0.043137
0.019608
0.027451
0.031373
0.043137
0.043137
0.050980
0.074510
0.066667
0.082353
0.066667
0.062745
0.058824
0.039216
0.039216
0.039216
0.027451
0.031373
0.039216
0.023529
0.019608
0.023529
0.027451
0.113725
0.294118
0.356863
0.325490
0.274510
0.243137
0.215686
0.117647
0.050980
0.031373
0.027451
0.031373
0.031373
0.039216
0.039216
0.039216
0.062745
0.066667
0.082353
0.074510
0.078431
0.074510
0.054902
0.050980
0.043137
0.035294
0.054902
0.074510
0.062745
0.039216
0.035294
0.074510
0.309804
0.521569
0.537255
0.494118
0.411765
0.309804
0.164706
0.050980
0.027451
0.023529
0.031373
0.031373
0.031373
0.035294
0.031373
0.027451
0.047059
0.062745
0.141176
0.137255
0.137255
0.117647
0.101961
0.086275
0.058824
0.047059
0.137255
0.192157
0.180392
0.125490
0.070588
0.094118
0.243137
0.415686
0.470588
0.478431
0.462745
0.415686
0.321569
0.121569
0.019608
0.023529
0.031373
0.039216
0.039216
0.035294
0.027451
0.019608
0.031373
0.054902
0.176471
0.192157
0.176471
0.137255
0.105882
0.086275
0.070588
0.050980
0.152941
0.258824
0.243137
0.172549
0.098039
0.078431
0.101961
0.247059
0.321569
0.356863
0.380392
0.368627
0.388235
0.188235
0.019608
0.031373
0.039216
0.047059
0.050980
0.035294
0.023529
0.019608
0.027451
0.047059
0.090196
0.109804
0.109804
0.090196
0.074510
0.066667
0.058824
0.050980
0.094118
0.223529
0.239216
0.180392
0.105882
0.066667
0.062745
0.141176
0.160784
0.219608
0.239216
0.188235
0.149020
0.066667
0.027451
0.035294
0.043137
0.054902
0.054902
0.047059
0.035294
0.035294
0.035294
0.047059
0.054902
0.047059
0.050980
0.058824
0.050980
0.050980
0.047059
0.047059
0.054902
0.156863
0.219608
0.203922
0.129412
0.070588
0.050980
0.101961
0.054902
0.035294
0.050980
0.039216
0.027451
0.027451
0.035294
0.039216
0.047059
0.054902
0.058824
0.054902
0.050980
0.047059
0.047059
0.050980
0.035294
0.027451
0.023529
0.031373
0.047059
0.039216
0.031373
0.035294
0.027451
0.094118
0.200000
0.239216
0.176471
0.094118
0.062745
0.090196
0.039216
0.019608
0.015686
0.011765
0.019608
0.035294
0.047059
0.047059
0.047059
0.062745
0.062745
0.058824
0.062745
0.058824
0.054902
0.054902
0.015686
0.015686
0.007843
0.007843
0.054902
0.035294
0.019608
0.023529
0.019608
0.039216
0.160784
0.243137
0.196078
0.125490
0.117647
0.117647
0.058824
0.031373
0.007843
0.000000
0.015686
0.043137
0.058824
0.047059
0.043137
0.062745
0.070588
0.066667
0.066667
0.062745
0.062745
0.058824
0.019608
0.007843
0.003922
0.003922
0.043137
0.047059
0.019608
0.043137
0.043137
0.015686
0.109804
0.235294
0.200000
0.156863
0.152941
0.145098
0.082353
0.035294
0.003922
0.000000
0.015686
0.039216
0.050980
0.043137
0.035294
0.050980
0.062745
0.062745
0.066667
0.062745
0.058824
0.054902
0.023529
0.019608
0.015686
0.011765
0.023529
0.047059
0.039216
0.082353
0.062745
0.007843
0.074510
0.215686
0.196078
0.164706
0.164706
0.160784
0.094118
0.023529
0.003922
0.003922
0.007843
0.015686
0.023529
0.027451
0.035294
0.047059
0.054902
0.058824
0.062745
0.054902
0.050980
0.050980
0.443137
0.509804
0.431373
0.411765
0.376471
0.345098
0.313725
0.235294
0.192157
0.152941
0.145098
0.137255
0.149020
0.160784
0.133333
0.137255
0.152941
0.117647
0.121569
0.168627
0.227451
0.235294
0.239216
0.247059
0.235294
0.196078
0.160784
0.141176
0.133333
0.137255
0.149020
0.149020
0.419608
0.345098
0.325490
0.368627
0.372549
0.372549
0.356863
0.239216
0.192157
0.152941
0.141176
0.129412
0.141176
0.168627
0.129412
0.125490
0.145098
0.109804
0.117647
0.196078
0.227451
0.219608
0.223529
0.231373
0.243137
0.200000
0.164706
0.145098
0.137255
0.133333
0.129412
0.137255
0.356863
0.286275
0.231373
0.290196
0.329412
0.439216
0.439216
0.231373
0.192157
0.152941
0.141176
0.129412
0.137255
0.176471
0.141176
0.113725
0.129412
0.105882
0.113725
0.188235
0.203922
0.203922
0.192157
0.200000
0.239216
0.211765
0.172549
0.149020
0.141176
0.133333
0.129412
0.137255
0.317647
0.282353
0.188235
0.235294
0.352941
0.517647
0.384314
0.227451
0.180392
0.149020
0.129412
0.125490
0.121569
0.164706
0.172549
0.105882
0.101961
0.098039
0.141176
0.180392
0.180392
0.184314
0.164706
0.164706
0.223529
0.211765
0.176471
0.152941
0.137255
0.129412
0.129412
0.133333
0.286275
0.274510
0.223529
0.227451
0.388235
0.537255
0.329412
0.227451
0.180392
0.141176
0.121569
0.113725
0.109804
0.125490
0.152941
0.101961
0.086275
0.105882
0.156863
0.176471
0.172549
0.160784
0.137255
0.149020
0.227451
0.211765
0.176471
0.149020
0.133333
0.125490
0.129412
0.133333
0.219608
0.239216
0.250980
0.254902
0.309804
0.337255
0.258824
0.231373
0.176471
0.137255
0.113725
0.105882
0.101961
0.098039
0.125490
0.109804
0.090196
0.117647
0.149020
0.164706
0.156863
0.133333
0.105882
0.133333
0.235294
0.215686
0.176471
0.145098
0.125490
0.121569
0.125490
0.133333
0.188235
0.211765
0.231373
0.247059
0.235294
0.215686
0.223529
0.227451
0.180392
0.145098
0.125490
0.109804
0.090196
0.082353
0.137255
0.133333
0.082353
0.109804
0.137255
0.156863
0.137255
0.105882
0.086275
0.121569
0.219608
0.211765
0.176471
0.141176
0.125490
0.121569
0.125490
0.129412
0.180392
0.188235
0.203922
0.215686
0.231373
0.231373
0.223529
0.227451
0.211765
0.192157
0.156863
0.113725
0.090196
0.070588
0.117647
0.180392
0.121569
0.082353
0.117647
0.145098
0.125490
0.090196
0.074510
0.094118
0.160784
0.192157
0.180392
0.141176
0.125490
0.121569
0.125490
0.129412
0.200000
0.172549
0.172549
0.188235
0.207843
0.215686
0.223529
0.227451
0.227451
0.211765
0.176471
0.129412
0.098039
0.078431
0.086275
0.176471
0.270588
0.188235
0.101961
0.137255
0.125490
0.086275
0.066667
0.078431
0.117647
0.152941
0.176471
0.145098
0.125490
0.121569
0.125490
0.125490
0.219608
0.172549
0.156863
0.164706
0.188235
0.200000
0.219608
0.231373
0.227451
0.219608
0.180392
0.192157
0.313725
0.290196
0.262745
0.211765
0.250980
0.317647
0.137255
0.113725
0.121569
0.094118
0.066667
0.066667
0.090196
0.113725
0.160784
0.152941
0.121569
0.117647
0.121569
0.121569
0.184314
0.184314
0.160784
0.149020
0.168627
0.184314
0.203922
0.219608
0.219608
0.219608
0.176471
0.360784
0.607843
0.494118
0.443137
0.345098
0.168627
0.301961
0.180392
0.086275
0.109804
0.109804
0.066667
0.054902
0.066667
0.078431
0.152941
0.160784
0.121569
0.113725
0.121569
0.117647
0.133333
0.152941
0.164706
0.152941
0.145098
0.160784
0.168627
0.180392
0.184314
0.196078
0.176471
0.372549
0.549020
0.478431
0.415686
0.392157
0.341176
0.266667
0.117647
0.090196
0.109804
0.129412
0.070588
0.047059
0.054902
0.090196
0.164706
0.164706
0.121569
0.113725
0.121569
0.117647
0.117647
0.125490
0.141176
0.145098
0.133333
0.129412
0.133333
0.141176
0.141176
0.152941
0.152941
0.282353
0.466667
0.521569
0.494118
0.490196
0.494118
0.254902
0.047059
0.074510
0.156863
0.172549
0.066667
0.050980
0.070588
0.125490
0.152941
0.164706
0.133333
0.113725
0.113725
0.113725
0.113725
0.113725
0.105882
0.105882
0.117647
0.113725
0.109804
0.109804
0.113725
0.121569
0.125490
0.196078
0.376471
0.517647
0.521569
0.501961
0.498039
0.403922
0.105882
0.094118
0.301961
0.219608
0.047059
0.058824
0.101961
0.109804
0.098039
0.141176
0.145098
0.109804
0.105882
0.109804
0.098039
0.094118
0.086275
0.074510
0.082353
0.094118
0.090196
0.090196
0.094118
0.098039
0.121569
0.168627
0.235294
0.356863
0.407843
0.431373
0.427451
0.474510
0.298039
0.149020
0.333333
0.231373
0.058824
0.086275
0.101961
0.066667
0.047059
0.094118
0.137255
0.105882
0.098039
0.101961
0.094118
0.082353
0.078431
0.066667
0.062745
0.062745
0.066667
0.074510
0.078431
0.078431
0.098039
0.152941
0.168627
0.227451
0.250980
0.309804
0.407843
0.466667
0.435294
0.262745
0.282353
0.243137
0.098039
0.098039
0.082353
0.047059
0.039216
0.066667
0.121569
0.105882
0.090196
0.094118
0.086275
0.078431
0.066667
0.062745
0.054902
0.035294
0.031373
0.050980
0.058824
0.066667
0.098039
0.200000
0.176471
0.141176
0.180392
0.250980
0.368627
0.458824
0.462745
0.380392
0.290196
0.247059
0.121569
0.078431
0.062745
0.047059
0.043137
0.050980
0.101961
0.105882
0.086275
0.090196
0.098039
0.070588
0.058824
0.054902
0.054902
0.035294
0.027451
0.039216
0.047059
0.054902
0.105882
0.274510
0.278431
0.133333
0.168627
0.215686
0.298039
0.407843
0.443137
0.376471
0.290196
0.227451
0.113725
0.054902
0.047059
0.043137
0.043137
0.043137
0.078431
0.101961
0.086275
0.086275
0.125490
0.058824
0.054902
0.047059
0.047059
0.043137
0.035294
0.035294
0.039216
0.047059
0.058824
0.152941
0.282353
0.196078
0.137255
0.184314
0.243137
0.352941
0.419608
0.356863
0.290196
0.215686
0.125490
0.047059
0.031373
0.023529
0.027451
0.023529
0.058824
0.101961
0.090196
0.086275
0.105882
0.066667
0.054902
0.043137
0.043137
0.043137
0.039216
0.035294
0.031373
0.035294
0.039216
0.058824
0.129412
0.129412
0.054902
0.137255
0.219608
0.278431
0.337255
0.329412
0.282353
0.219608
0.149020
0.050980
0.015686
0.011765
0.015686
0.015686
0.047059
0.090196
0.090196
0.082353
0.094118
0.078431
0.050980
0.039216
0.043137
0.043137
0.043137
0.031373
0.023529
0.031373
0.035294
0.035294
0.031373
0.035294
0.019608
0.074510
0.196078
0.223529
0.239216
0.278431
0.270588
0.211765
0.160784
0.047059
0.007843
0.007843
0.011765
0.019608
0.031373
0.070588
0.086275
0.086275
0.094118
0.074510
0.054902
0.047059
0.047059
0.047059
0.047059
0.035294
0.031373
0.035294
0.031373
0.031373
0.031373
0.027451
0.015686
0.031373
0.152941
0.227451
0.203922
0.219608
0.235294
0.184314
0.117647
0.031373
0.007843
0.015686
0.015686
0.019608
0.019608
0.047059
0.082353
0.086275
0.078431
0.062745
0.054902
0.058824
0.047059
0.047059
0.043137
0.035294
0.023529
0.015686
0.011765
0.019608
0.031373
0.035294
0.117647
0.298039
0.352941
0.309804
0.243137
0.215686
0.200000
0.101961
0.039216
0.019608
0.015686
0.019608
0.019608
0.015686
0.015686
0.031373
0.070588
0.082353
0.074510
0.070588
0.074510
0.070588
0.062745
0.058824
0.047059
0.043137
0.039216
0.043137
0.050980
0.047059
0.050980
0.082353
0.305882
0.521569
0.529412
0.474510
0.388235
0.290196
0.152941
0.035294
0.007843
0.007843
0.019608
0.019608
0.019608
0.015686
0.007843
0.015686
0.050980
0.074510
0.113725
0.113725
0.109804
0.101961
0.101961
0.086275
0.058824
0.047059
0.129412
0.188235
0.188235
0.137255
0.078431
0.082353
0.227451
0.400000
0.447059
0.447059
0.427451
0.388235
0.305882
0.105882
0.000000
0.003922
0.007843
0.015686
0.019608
0.019608
0.011765
0.011765
0.031373
0.062745
0.129412
0.145098
0.129412
0.101961
0.101961
0.082353
0.066667
0.047059
0.156863
0.278431
0.266667
0.184314
0.094118
0.062745
0.086275
0.227451
0.298039
0.317647
0.333333
0.333333
0.364706
0.168627
0.000000
0.000000
0.003922
0.015686
0.019608
0.023529
0.019608
0.015686
0.023529
0.047059
0.050980
0.074510
0.070588
0.062745
0.066667
0.058824
0.050980
0.043137
0.094118
0.235294
0.258824
0.196078
0.105882
0.078431
0.078431
0.141176
0.149020
0.192157
0.200000
0.156863
0.125490
0.043137
0.003922
0.003922
0.011765
0.023529
0.023529
0.027451
0.023529
0.023529
0.023529
0.039216
0.027451
0.019608
0.023529
0.035294
0.043137
0.039216
0.035294
0.035294
0.047059
0.160784
0.231373
0.219608
0.137255
0.098039
0.086275
0.117647
0.054902
0.019608
0.027451
0.015686
0.007843
0.003922
0.007843
0.007843
0.015686
0.023529
0.027451
0.027451
0.027451
0.023529
0.023529
0.031373
0.023529
0.015686
0.011765
0.019608
0.031373
0.027451
0.019608
0.019608
0.015686
0.086275
0.207843
0.250980
0.184314
0.125490
0.105882
0.109804
0.043137
0.007843
0.007843
0.000000
0.003922
0.007843
0.015686
0.015686
0.015686
0.031373
0.031373
0.023529
0.027451
0.023529
0.019608
0.027451
0.023529
0.019608
0.015686
0.011765
0.043137
0.019608
0.003922
0.007843
0.003922
0.023529
0.164706
0.254902
0.207843
0.152941
0.149020
0.133333
0.054902
0.015686
0.011765
0.000000
0.000000
0.019608
0.027451
0.015686
0.011765
0.031373
0.039216
0.027451
0.023529
0.023529
0.019608
0.023529
0.023529
0.011765
0.007843
0.007843
0.035294
0.031373
0.000000
0.019608
0.023529
0.007843
0.113725
0.250980
0.219608
0.180392
0.180392
0.160784
0.078431
0.023529
0.011765
0.000000
0.003922
0.019608
0.027451
0.019608
0.007843
0.019608
0.027451
0.023529
0.027451
0.019608
0.019608
0.019608
0.015686
0.007843
0.003922
0.000000
0.015686
0.031373
0.015686
0.047059
0.043137
0.011765
0.082353
0.243137
0.223529
0.192157
0.196078
0.184314
0.105882
0.023529
0.003922
0.003922
0.003922
0.011765
0.019608
0.019608
0.011765
0.015686
0.011765
0.023529
0.031373
0.023529
0.015686
0.015686
0.203922
0.274510
0.192157
0.172549
0.129412
0.086275
0.066667
0.011765
0.003922
0.000000
0.000000
0.000000
0.011765
0.011765
0.000000
0.007843
0.027451
0.007843
0.015686
0.011765
0.007843
0.003922
0.015686
0.031373
0.015686
0.007843
0.019608
0.015686
0.003922
0.003922
0.015686
0.015686
0.184314
0.113725
0.094118
0.137255
0.129412
0.121569
0.113725
0.019608
0.007843
0.000000
0.000000
0.000000
0.011765
0.023529
0.000000
0.003922
0.023529
0.003922
0.011765
0.035294
0.015686
0.003922
0.019608
0.027451
0.027451
0.011765
0.019608
0.015686
0.003922
0.000000
0.003922
0.003922
0.117647
0.058824
0.023529
0.066667
0.090196
0.196078
0.203922
0.027451
0.019608
0.003922
0.000000
0.003922
0.011765
0.039216
0.015686
0.003922
0.019608
0.007843
0.007843
0.027451
0.007843
0.003922
0.015686
0.019608
0.039216
0.027451
0.023529
0.019608
0.007843
0.000000
0.000000
0.003922
0.058824
0.054902
0.007843
0.035294
0.117647
0.278431
0.160784
0.039216
0.023529
0.007843
0.000000
0.003922
0.007843
0.039216
0.047059
0.003922
0.003922
0.003922
0.031373
0.027451
0.000000
0.003922
0.007843
0.011765
0.035294
0.031373
0.023529
0.019608
0.007843
0.000000
0.000000
0.000000
0.019608
0.039216
0.035294
0.031373
0.160784
0.301961
0.113725
0.047059
0.027451
0.007843
0.000000
0.003922
0.007843
0.011765
0.031373
0.003922
0.000000
0.011765
0.039216
0.023529
0.000000
0.000000
0.003922
0.015686
0.050980
0.035294
0.019608
0.011765
0.003922
0.000000
0.000000
0.003922
0.011765
0.019608
0.031373
0.031373
0.090196
0.117647
0.050980
0.039216
0.019608
0.007843
0.000000
0.007843
0.015686
0.003922
0.007843
0.007843
0.003922
0.019608
0.023529
0.015686
0.000000
0.003922
0.003922
0.023529
0.066667
0.027451
0.011765
0.011765
0.003922
0.003922
0.003922
0.003922
0.023529
0.015686
0.003922
0.015686
0.031373
0.015686
0.019608
0.019608
0.007843
0.003922
0.003922
0.019608
0.023529
0.003922
0.031373
0.023529
0.000000
0.015686
0.015686
0.007843
0.000000
0.003922
0.011765
0.027451
0.058824
0.023529
0.003922
0.007843
0.007843
0.003922
0.007843
0.007843
0.003922
0.007843
0.011765
0.023529
0.035294
0.031373
0.023529
0.019608
0.011765
0.011765
0.015686
0.011765
0.015686
0.003922
0.039216
0.086275
0.039216
0.003922
0.003922
0.007843
0.000000
0.003922
0.003922
0.007843
0.023529
0.027451
0.015686
0.007843
0.007843
0.003922
0.007843
0.007843
0.007843
0.003922
0.023529
0.035294
0.023529
0.023529
0.027451
0.027451
0.011765
0.007843
0.027451
0.015686
0.003922
0.000000
0.011765
0.086275
0.164706
0.094118
0.000000
0.011765
0.003922
0.003922
0.003922
0.003922
0.011765
0.019608
0.023529
0.011765
0.007843
0.003922
0.007843
0.007843
0.035294
0.015686
0.023529
0.031373
0.015686
0.019608
0.023529
0.031373
0.011765
0.015686
0.027451
0.050980
0.141176
0.125490
0.113725
0.078431
0.125490
0.180392
0.039216
0.003922
0.007843
0.015686
0.011765
0.007843
0.019608
0.007843
0.019608
0.019608
0.003922
0.003922
0.003922
0.003922
0.023529
0.035294
0.023529
0.011765
0.007843
0.007843
0.011765
0.019608
0.003922
0.023529
0.027451
0.180392
0.345098
0.211765
0.184314
0.137255
0.027451
0.133333
0.086275
0.000000
0.003922
0.039216
0.015686
0.007843
0.023529
0.003922
0.023529
0.027451
0.007843
0.000000
0.003922
0.003922
0.003922
0.019608
0.023529
0.015686
0.000000
0.003922
0.000000
0.000000
0.000000
0.027451
0.035294
0.164706
0.235294
0.129412
0.078431
0.094118
0.113725
0.094118
0.039216
0.011765
0.015686
0.050980
0.023529
0.007843
0.015686
0.015686
0.027451
0.031373
0.007843
0.000000
0.003922
0.003922
0.003922
0.007843
0.015686
0.019608
0.003922
0.000000
0.000000
0.000000
0.000000
0.019608
0.019608
0.086275
0.160784
0.172549
0.125490
0.129412
0.219608
0.101961
0.000000
0.027451
0.047059
0.058824
0.023529
0.007843
0.007843
0.019608
0.015686
0.031373
0.015686
0.000000
0.000000
0.003922
0.003922
0.003922
0.000000
0.003922
0.003922
0.000000
0.000000
0.000000
0.000000
0.003922
0.011765
0.039216
0.137255
0.227451
0.184314
0.149020
0.196078
0.192157
0.027451
0.023529
0.145098
0.082353
0.000000
0.003922
0.023529
0.019608
0.003922
0.031373
0.027451
0.000000
0.000000
0.000000
0.000000
0.000000
0.000000
0.000000
0.000000
0.003922
0.000000
0.000000
0.000000
0.000000
0.027451
0.058824
0.082353
0.141176
0.129412
0.109804
0.098039
0.184314
0.121569
0.023529
0.129412
0.066667
0.000000
0.003922
0.015686
0.003922
0.000000
0.011765
0.027451
0.003922
0.000000
0.000000
0.000000
0.000000
0.003922
0.003922
0.000000
0.000000
0.000000
0.003922
0.003922
0.003922
0.015686
0.062745
0.062745
0.070588
0.031373
0.035294
0.086275
0.141176
0.176471
0.078431
0.050980
0.062745
0.011765
0.003922
0.003922
0.000000
0.003922
0.003922
0.023529
0.011765
0.000000
0.003922
0.000000
0.000000
0.011765
0.019608
0.011765
0.000000
0.000000
0.007843
0.011765
0.003922
0.011765
0.090196
0.074510
0.023529
0.015686
0.027451
0.086275
0.137255
0.168627
0.145098
0.043137
0.070588
0.039216
0.003922
0.000000
0.000000
0.003922
0.000000
0.019608
0.019608
0.000000
0.003922
0.007843
0.000000
0.015686
0.027451
0.023529
0.007843
0.003922
0.007843
0.015686
0.007843
0.015686
0.145098
0.145098
0.011765
0.031373
0.035294
0.054902
0.105882
0.145098
0.129412
0.050980
0.062745
0.047059
0.000000
0.000000
0.000000
0.003922
0.000000
0.007843
0.015686
0.003922
0.007843
0.027451
0.000000
0.019608
0.023529
0.007843
0.003922
0.000000
0.007843
0.015686
0.011765
0.000000
0.050980
0.129412
0.058824
0.027451
0.035294
0.027451
0.074510
0.145098
0.101961
0.050980
0.039216
0.027451
0.000000
0.000000
0.007843
0.023529
0.007843
0.003922
0.007843
0.000000
0.011765
0.011765
0.007843
0.015686
0.011765
0.000000
0.000000
0.000000
0.007843
0.007843
0.003922
0.000000
0.000000
0.031373
0.039216
0.003922
0.035294
0.047059
0.050980
0.105882
0.090196
0.054902
0.035294
0.035294
0.007843
0.000000
0.007843
0.027451
0.015686
0.000000
0.000000
0.000000
0.011765
0.007843
0.015686
0.007843
0.003922
0.000000
0.000000
0.003922
0.007843
0.000000
0.000000
0.000000
0.003922
0.003922
0.007843
0.000000
0.023529
0.070588
0.050980
0.050980
0.070588
0.058824
0.031373
0.050980
0.015686
0.000000
0.003922
0.015686
0.007843
0.000000
0.003922
0.007843
0.011765
0.011765
0.011765
0.003922
0.000000
0.000000
0.000000
0.003922
0.011765
0.003922
0.000000
0.003922
0.011765
0.019608
0.015686
0.000000
0.000000
0.043137
0.074510
0.039216
0.035294
0.050980
0.035294
0.035294
0.011765
0.000000
0.000000
0.003922
0.003922
0.000000
0.007843
0.019608
0.003922
0.007843
0.003922
0.000000
0.000000
0.000000
0.000000
0.003922
0.007843
0.000000
0.000000
0.000000
0.003922
0.007843
0.003922
0.054902
0.164706
0.176471
0.125490
0.066667
0.039216
0.047059
0.019608
0.003922
0.003922
0.000000
0.000000
0.000000
0.000000
0.000000
0.011765
0.019608
0.003922
0.011765
0.007843
0.007843
0.003922
0.007843
0.011765
0.007843
0.015686
0.015686
0.015686
0.019608
0.007843
0.000000
0.000000
0.160784
0.294118
0.282353
0.239216
0.188235
0.109804
0.039216
0.003922
0.003922
0.000000
0.000000
0.000000
0.000000
0.000000
0.000000
0.011765
0.011765
0.003922
0.023529
0.023529
0.015686
0.011765
0.031373
0.023529
0.003922
0.011765
0.047059
0.054902
0.039216
0.015686
0.003922
0.003922
0.086275
0.184314
0.207843
0.219608
0.243137
0.215686
0.184314
0.070588
0.003922
0.000000
0.000000
0.003922
0.000000
0.000000
0.000000
0.003922
0.003922
0.007843
0.031373
0.047059
0.031373
0.011765
0.027451
0.011765
0.000000
0.000000
0.027451
0.058824
0.031373
0.007843
0.007843
0.011765
0.000000
0.078431
0.129412
0.164706
0.196078
0.188235
0.247059
0.129412
0.000000
0.000000
0.000000
0.007843
0.007843
0.003922
0.000000
0.000000
0.003922
0.019608
0.003922
0.015686
0.011765
0.003922
0.007843
0.003922
0.000000
0.000000
0.007843
0.058824
0.043137
0.015686
0.003922
0.007843
0.000000
0.039216
0.066667
0.129412
0.125490
0.078431
0.070588
0.035294
0.007843
0.000000
0.003922
0.011765
0.011765
0.011765
0.007843
0.003922
0.007843
0.015686
0.007843
0.000000
0.000000
0.007843
0.003922
0.003922
0.003922
0.000000
0.003922
0.047059
0.047059
0.039216
0.015686
0.007843
0.000000
0.043137
0.031373
0.023529
0.007843
0.003922
0.000000
0.007843
0.007843
0.000000
0.003922
0.011765
0.015686
0.015686
0.011765
0.011765
0.007843
0.011765
0.007843
0.003922
0.000000
0.007843
0.015686
0.011765
0.003922
0.000000
0.000000
0.031373
0.058824
0.070588
0.039216
0.007843
0.000000
0.023529
0.023529
0.031373
0.011765
0.011765
0.011765
0.007843
0.003922
0.003922
0.003922
0.019608
0.019608
0.015686
0.015686
0.015686
0.011765
0.007843
0.003922
0.003922
0.000000
0.003922
0.035294
0.019608
0.003922
0.003922
0.019608
0.019608
0.043137
0.074510
0.039216
0.007843
0.003922
0.015686
0.007843
0.011765
0.015686
0.023529
0.023529
0.003922
0.003922
0.003922
0.000000
0.019608
0.027451
0.015686
0.015686
0.015686
0.011765
0.007843
0.003922
0.000000
0.000000
0.000000
0.031373
0.031373
0.000000
0.015686
0.031373
0.011765
0.027451
0.070588
0.039216
0.019608
0.011765
0.007843
0.003922
0.003922
0.011765
0.023529
0.019608
0.003922
0.003922
0.007843
0.000000
0.007843
0.019608
0.015686
0.015686
0.011765
0.007843
0.007843
0.000000
0.003922
0.003922
0.003922
0.011765
0.023529
0.003922
0.023529
0.019608
0.007843
0.027451
0.062745
0.039216
0.031373
0.007843
0.011765
0.011765
0.007843
0.003922
0.007843
0.007843
0.007843
0.007843
0.003922
0.003922
0.007843
0.007843
0.015686
0.019608
0.011765
0.007843
0.003922
