0.949020
0.964706
0.976471
0.988235
1.000000
1.000000
1.000000
1.000000
1.000000
1.000000
1.000000
1.000000
1.000000
0.996078
0.988235
0.980392
0.964706
0.952941
0.945098
0.952941
0.949020
0.941176
0.925490
0.905882
0.866667
0.835294
0.807843
0.772549
0.741176
0.717647
0.705882
0.682353
0.956863
0.968627
0.984314
0.996078
1.000000
1.000000
1.000000
1.000000
1.000000
1.000000
1.000000
1.000000
1.000000
0.996078
0.988235
0.980392
0.964706
0.952941
0.945098
0.952941
0.945098
0.937255
0.925490
0.901961
0.858824
0.835294
0.811765
0.776471
0.745098
0.717647
0.705882
0.678431
0.964706
0.976471
0.992157
1.000000
1.000000
1.000000
1.000000
1.000000
1.000000
1.000000
1.000000
1.000000
1.000000
0.996078
0.988235
0.980392
0.964706
0.952941
0.945098
0.949020
0.941176
0.929412
0.921569
0.894118
0.850980
0.835294
0.811765
0.780392
0.749020
0.717647
0.705882
0.674510
0.972549
0.988235
1.000000
1.000000
1.000000
1.000000
1.000000
1.000000
1.000000
1.000000
1.000000
1.000000
0.996078
0.988235
0.984314
0.976471
0.964706
0.952941
0.945098
0.941176
0.937255
0.921569
0.909804
0.890196
0.862745
0.839216
0.811765
0.780392
0.752941
0.717647
0.701961
0.674510
0.976471
0.996078
1.000000
1.000000
1.000000
1.000000
1.000000
1.000000
1.000000
1.000000
1.000000
1.000000
0.992157
0.988235
0.984314
0.976471
0.964706
0.952941
0.941176
0.937255
0.929412
0.917647
0.901961
0.890196
0.870588
0.843137
0.811765
0.780392
0.752941
0.717647
0.701961
0.670588
0.984314
1.000000
1.000000
1.000000
1.000000
1.000000
1.000000
1.000000
1.000000
1.000000
1.000000
1.000000
0.992157
0.988235
0.984314
0.976471
0.964706
0.952941
0.937255
0.925490
0.921569
0.913725
0.898039
0.886275
0.866667
0.843137
0.811765
0.780392
0.752941
0.717647
0.701961
0.666667
0.984314
1.000000
1.000000
1.000000
1.000000
1.000000
1.000000
1.000000
1.000000
1.000000
1.000000
1.000000
0.992157
0.988235
0.984314
0.976471
0.964706
0.952941
0.937255
0.917647
0.913725
0.909804
0.898039
0.882353
0.866667
0.843137
0.811765
0.780392
0.752941
0.717647
0.701961
0.662745
0.988235
1.000000
1.000000
1.000000
1.000000
1.000000
1.000000
1.000000
1.000000
1.000000
1.000000
1.000000
0.996078
0.992157
0.984314
0.980392
0.972549
0.964706
0.949020
0.921569
0.913725
0.905882
0.898039
0.882353
0.862745
0.835294
0.807843
0.776471
0.756863
0.729412
0.694118
0.662745
0.992157
1.000000
1.000000
1.000000
1.000000
1.000000
1.000000
1.000000
1.000000
1.000000
1.000000
1.000000
1.000000
0.996078
0.980392
0.980392
0.980392
0.976471
0.960784
0.933333
0.917647
0.905882
0.901961
0.886275
0.862745
0.839216
0.807843
0.776471
0.760784
0.733333
0.694118
0.658824
0.996078
1.000000
1.000000
1.000000
1.000000
1.000000
1.000000
1.000000
1.000000
1.000000
1.000000
1.000000
1.000000
0.996078
0.984314
0.984314
0.984314
0.980392
0.964706
0.941176
0.929412
0.917647
0.913725
0.901961
0.874510
0.854902
0.815686
0.784314
0.760784
0.733333
0.701961
0.666667
1.000000
1.000000
1.000000
1.000000
1.000000
1.000000
1.000000
1.000000
1.000000
1.000000
1.000000
1.000000
1.000000
0.996078
0.992157
0.992157
0.988235
0.984314
0.972549
0.952941
0.941176
0.929412
0.925490
0.913725
0.894118
0.870588
0.827451
0.800000
0.772549
0.733333
0.709804
0.682353
1.000000
1.000000
1.000000
1.000000
1.000000
1.000000
0.996078
0.996078
1.000000
1.000000
0.996078
1.000000
1.000000
1.000000
0.992157
0.992157
0.992157
0.988235
0.980392
0.968627
0.960784
0.949020
0.941176
0.929412
0.913725
0.886275
0.847059
0.819608
0.792157
0.749020
0.729412
0.705882
1.000000
1.000000
0.988235
0.988235
0.992157
0.996078
0.992157
0.996078
0.996078
0.992157
0.992157
0.996078
0.996078
0.992157
0.992157
0.992157
0.988235
0.988235
0.988235
0.984314
0.976471
0.960784
0.956863
0.956863
0.933333
0.901961
0.870588
0.843137
0.803922
0.776471
0.760784
0.737255
1.000000
0.992157
0.968627
0.960784
0.976471
0.996078
0.976471
0.988235
0.992157
0.964706
0.960784
0.980392
0.992157
0.964706
0.964706
0.984314
0.996078
0.980392
0.984314
0.992157
0.964706
0.949020
0.952941
0.960784
0.933333
0.898039
0.878431
0.854902
0.803922
0.792157
0.796078
0.768627
1.000000
0.984314
0.956863
0.956863
0.964706
0.988235
0.960784
0.972549
0.988235
0.960784
0.960784
0.968627
0.972549
0.960784
0.972549
0.992157
1.000000
0.976471
0.992157
0.988235
0.960784
0.949020
0.949020
0.949020
0.929412
0.909804
0.882353
0.854902
0.815686
0.803922
0.811765
0.796078
1.000000
0.976471
0.956863
0.972549
0.976471
0.988235
0.976471
0.968627
0.972549
0.968627
0.960784
0.968627
0.960784
0.972549
0.921569
0.756863
0.701961
0.698039
0.827451
0.976471
0.956863
0.952941
0.956863
0.949020
0.949020
0.937255
0.898039
0.858824
0.847059
0.843137
0.835294
0.819608
1.000000
0.972549
0.956863
0.976471
0.984314
0.988235
0.996078
0.988235
0.980392
0.976471
0.964706
0.976471
0.980392
0.878431
0.478431
0.329412
0.431373
0.411765
0.788235
0.964706
0.988235
0.964706
0.960784
0.964706
0.960784
0.945098
0.913725
0.878431
0.878431
0.866667
0.850980
0.847059
1.000000
0.984314
0.960784
0.960784
0.968627
0.968627
0.984314
0.980392
0.972549
0.976471
0.984314
0.968627
0.819608
0.431373
0.266667
0.325490
0.349020
0.627451
0.870588
0.874510
0.647059
0.803922
0.956863
0.952941
0.917647
0.937255
0.917647
0.894118
0.890196
0.874510
0.866667
0.854902
1.000000
0.992157
0.976471
0.968627
0.968627
0.960784
0.956863
0.956863
0.964706
0.949020
0.921569
0.823529
0.549020
0.309804
0.247059
0.270588
0.266667
0.478431
0.407843
0.670588
0.380392
0.678431
0.772549
0.788235
0.690196
0.886275
0.960784
0.949020
0.913725
0.894118
0.886275
0.862745
1.000000
0.996078
0.988235
0.988235
0.984314
0.960784
0.894118
0.780392
0.662745
0.552941
0.474510
0.400000
0.337255
0.286275
0.250980
0.235294
0.243137
0.262745
0.262745
0.490196
0.474510
0.403922
0.349020
0.392157
0.368627
0.466667
0.533333
0.650980
0.835294
0.913725
0.909804
0.870588
1.000000
0.996078
0.992157
0.984314
0.866667
0.827451
0.807843
0.564706
0.337255
0.247059
0.215686
0.223529
0.215686
0.231373
0.254902
0.247059
0.243137
0.239216
0.235294
0.239216
0.254902
0.219608
0.215686
0.219608
0.231373
0.223529
0.211765
0.235294
0.352941
0.521569
0.847059
0.886275
1.000000
1.000000
0.992157
0.937255
0.596078
0.741176
0.890196
0.647059
0.494118
0.333333
0.254902
0.231373
0.231373
0.270588
0.294118
0.286275
0.278431
0.278431
0.270588
0.266667
0.262745
0.247059
0.243137
0.243137
0.243137
0.243137
0.231373
0.235294
0.215686
0.223529
0.564706
0.898039
1.000000
1.000000
0.996078
0.945098
0.835294
0.784314
0.556863
0.376471
0.345098
0.278431
0.239216
0.211765
0.203922
0.235294
0.258824
0.250980
0.258824
0.258824
0.258824
0.262745
0.262745
0.266667
0.270588
0.270588
0.266667
0.270588
0.262745
0.250980
0.254902
0.227451
0.443137
0.898039
0.996078
0.996078
0.992157
0.898039
0.823529
0.686275
0.266667
0.219608
0.223529
0.235294
0.223529
0.250980
0.309804
0.219608
0.243137
0.235294
0.239216
0.239216
0.231373
0.227451
0.227451
0.223529
0.227451
0.231373
0.239216
0.243137
0.239216
0.235294
0.274510
0.254902
0.458824
0.909804
0.980392
0.972549
0.968627
0.694118
0.443137
0.372549
0.266667
0.250980
0.262745
0.254902
0.262745
0.352941
0.415686
0.231373
0.227451
0.243137
0.219608
0.215686
0.211765
0.207843
0.203922
0.200000
0.207843
0.211765
0.203922
0.203922
0.200000
0.203922
0.227451
0.231373
0.443137
0.898039
1.000000
0.992157
0.984314
0.870588
0.639216
0.501961
0.372549
0.239216
0.250980
0.227451
0.309804
0.462745
0.376471
0.360784
0.211765
0.215686
0.211765
0.211765
0.211765
0.215686
0.207843
0.203922
0.207843
0.207843
0.196078
0.200000
0.325490
0.325490
0.211765
0.207843
0.278431
0.811765
0.905882
0.937255
0.956863
0.992157
0.984314
0.894118
0.537255
0.250980
0.247059
0.231373
0.250980
0.380392
0.372549
0.329412
0.203922
0.207843
0.203922
0.200000
0.203922
0.203922
0.211765
0.223529
0.223529
0.219608
0.211765
0.203922
0.301961
0.325490
0.231373
0.227451
0.282353
0.839216
0.560784
0.623529
0.654902
0.709804
0.776471
0.811765
0.737255
0.313725
0.235294
0.250980
0.298039
0.486275
0.352941
0.266667
0.266667
0.337255
0.325490
0.309804
0.294118
0.298039
0.250980
0.223529
0.227451
0.215686
0.203922
0.211765
0.309804
0.305882
0.247059
0.254902
0.443137
0.921569
0.458824
0.505882
0.556863
0.564706
0.592157
0.580392
0.541176
0.392157
0.254902
0.266667
0.250980
0.321569
0.286275
0.243137
0.349020
0.462745
0.509804
0.529412
0.545098
0.580392
0.509804
0.254902
0.282353
0.517647
0.509804
0.262745
0.270588
0.290196
0.470588
0.678431
0.788235
0.862745
0.529412
0.552941
0.568627
0.588235
0.639216
0.639216
0.600000
0.549020
0.478431
0.388235
0.325490
0.270588
0.243137
0.231373
0.239216
0.235294
0.239216
0.266667
0.282353
0.298039
0.325490
0.250980
0.274510
0.388235
0.380392
0.254902
0.231373
0.243137
0.447059
0.556863
0.584314
0.635294
0.517647
0.501961
0.501961
0.498039
0.568627
0.643137
0.639216
0.584314
0.600000
0.588235
0.572549
0.505882
0.435294
0.384314
0.341176
0.317647
0.305882
0.278431
0.270588
0.243137
0.243137
0.250980
0.254902
0.235294
0.227451
0.223529
0.231373
0.231373
0.239216
0.247059
0.254902
0.274510
0.443137
0.466667
0.498039
0.509804
0.560784
0.600000
0.596078
0.572549
0.572549
0.607843
0.615686
0.607843
0.603922
0.611765
0.580392
0.556863
0.552941
0.509804
0.439216
0.349020
0.309804
0.286275
0.270588
0.262745
0.258824
0.247059
0.250980
0.247059
0.250980
0.239216
0.243137
0.250980
0.992157
0.992157
0.996078
1.000000
1.000000
1.000000
1.000000
1.000000
1.000000
1.000000
1.000000
1.000000
1.000000
1.000000
0.992157
0.996078
0.992157
0.992157
0.988235
0.988235
0.992157
0.996078
0.992157
0.992157
0.996078
0.992157
0.996078
0.992157
0.988235
0.988235
0.980392
0.968627
0.996078
1.000000
1.000000
1.000000
1.000000
1.000000
1.000000
1.000000
1.000000
1.000000
1.000000
1.000000
1.000000
1.000000
0.992157
0.996078
0.992157
0.992157
0.992157
0.988235
0.992157
0.996078
0.992157
0.988235
0.988235
0.992157
0.996078
0.996078
0.992157
0.988235
0.980392
0.960784
0.996078
1.000000
1.000000
1.000000
1.000000
1.000000
1.000000
1.000000
1.000000
1.000000
1.000000
1.000000
1.000000
1.000000
0.992157
0.996078
0.992157
0.992157
0.992157
0.992157
0.996078
1.000000
0.996078
0.988235
0.980392
0.992157
1.000000
1.000000
0.992157
0.988235
0.980392
0.960784
0.996078
1.000000
1.000000
1.000000
1.000000
1.000000
1.000000
1.000000
1.000000
1.000000
1.000000
1.000000
0.996078
0.992157
0.988235
0.992157
0.992157
0.992157
0.992157
0.996078
0.996078
0.996078
0.992157
0.988235
0.992157
0.996078
1.000000
1.000000
0.996078
0.988235
0.980392
0.960784
0.992157
1.000000
1.000000
0.996078
1.000000
1.000000
1.000000
1.000000
1.000000
1.000000
1.000000
1.000000
0.992157
0.988235
0.988235
0.992157
0.992157
0.992157
0.992157
0.992157
0.996078
0.996078
0.992157
0.992157
1.000000
0.996078
1.000000
1.000000
0.996078
0.988235
0.980392
0.956863
0.992157
0.996078
0.996078
0.996078
1.000000
1.000000
1.000000
1.000000
1.000000
1.000000
1.000000
1.000000
0.992157
0.988235
0.988235
0.992157
0.992157
0.992157
0.992157
0.988235
0.992157
0.996078
0.996078
0.996078
0.996078
0.996078
1.000000
1.000000
0.996078
0.988235
0.976471
0.952941
0.988235
0.996078
0.996078
0.996078
1.000000
1.000000
1.000000
1.000000
1.000000
1.000000
1.000000
1.000000
0.992157
0.988235
0.988235
0.992157
0.992157
0.992157
0.988235
0.988235
0.992157
0.996078
1.000000
0.996078
1.000000
0.996078
1.000000
1.000000
0.996078
0.988235
0.976471
0.949020
0.988235
1.000000
0.996078
0.996078
1.000000
1.000000
1.000000
1.000000
1.000000
1.000000
1.000000
1.000000
0.996078
0.996078
0.992157
0.996078
0.996078
0.992157
0.988235
0.988235
0.988235
0.988235
0.992157
0.992157
0.992157
0.992157
0.996078
0.996078
0.996078
0.984314
0.960784
0.945098
0.992157
1.000000
1.000000
1.000000
1.000000
1.000000
1.000000
1.000000
1.000000
1.000000
1.000000
1.000000
1.000000
1.000000
0.996078
0.996078
0.996078
0.992157
0.988235
0.988235
0.984314
0.984314
0.988235
0.992157
0.992157
0.992157
0.992157
0.992157
0.992157
0.980392
0.956863
0.945098
0.996078
1.000000
1.000000
1.000000
1.000000
1.000000
1.000000
1.000000
1.000000
1.000000
1.000000
1.000000
1.000000
1.000000
0.996078
0.996078
0.996078
0.992157
0.988235
0.992157
0.988235
0.988235
0.992157
0.992157
0.992157
0.992157
0.988235
0.988235
0.988235
0.984314
0.968627
0.956863
1.000000
1.000000
1.000000
1.000000
1.000000
1.000000
1.000000
1.000000
1.000000
1.000000
1.000000
1.000000
1.000000
1.000000
0.996078
0.996078
0.992157
0.988235
0.984314
0.992157
0.988235
0.988235
0.992157
0.996078
0.992157
0.992157
0.984314
0.984314
0.984314
0.984314
0.980392
0.976471
1.000000
1.000000
1.000000
1.000000
1.000000
1.000000
0.996078
0.996078
1.000000
1.000000
0.996078
1.000000
1.000000
1.000000
0.992157
0.992157
0.992157
0.988235
0.988235
0.992157
0.992157
0.992157
0.996078
0.996078
0.984314
0.988235
0.984314
0.984314
0.988235
0.988235
0.984314
0.988235
1.000000
1.000000
0.988235
0.988235
0.992157
0.996078
0.992157
0.996078
0.996078
0.992157
0.992157
0.996078
0.996078
0.988235
0.992157
0.992157
0.984314
0.984314
0.988235
0.996078
0.992157
0.992157
1.000000
1.000000
0.984314
0.980392
0.984314
0.988235
0.984314
0.992157
0.992157
0.988235
1.000000
0.992157
0.968627
0.960784
0.976471
0.996078
0.976471
0.988235
0.992157
0.964706
0.960784
0.980392
0.992157
0.964706
0.956863
0.972549
0.988235
0.968627
0.976471
0.992157
0.972549
0.968627
0.988235
0.992157
0.968627
0.956863
0.972549
0.984314
0.956863
0.972549
0.992157
0.988235
1.000000
0.984314
0.956863
0.956863
0.964706
0.988235
0.960784
0.972549
0.988235
0.964706
0.960784
0.968627
0.972549
0.956863
0.956863
0.980392
0.996078
0.960784
0.976471
0.980392
0.960784
0.960784
0.972549
0.972549
0.949020
0.956863
0.964706
0.968627
0.949020
0.956863
0.976471
0.984314
1.000000
0.976471
0.956863
0.968627
0.968627
0.984314
0.968627
0.964706
0.968627
0.960784
0.952941
0.960784
0.952941
0.964706
0.905882
0.737255
0.686275
0.682353
0.815686
0.968627
0.956863
0.960784
0.968627
0.960784
0.956863
0.968627
0.964706
0.960784
0.960784
0.960784
0.972549
0.988235
1.000000
0.972549
0.956863
0.976471
0.972549
0.972549
0.984314
0.976471
0.964706
0.960784
0.945098
0.960784
0.964706
0.866667
0.458824
0.309804
0.411765
0.392157
0.776471
0.964706
0.988235
0.964706
0.960784
0.960784
0.952941
0.956863
0.956863
0.949020
0.960784
0.956863
0.968627
0.996078
1.000000
0.984314
0.960784
0.960784
0.964706
0.964706
0.980392
0.976471
0.968627
0.968627
0.976471
0.960784
0.815686
0.419608
0.247059
0.305882
0.329412
0.607843
0.858824
0.874510
0.647059
0.803922
0.956863
0.949020
0.909804
0.945098
0.952941
0.952941
0.960784
0.956863
0.972549
0.996078
1.000000
0.992157
0.976471
0.968627
0.976471
0.968627
0.964706
0.964706
0.972549
0.952941
0.925490
0.831373
0.556863
0.309804
0.231373
0.250980
0.247059
0.458824
0.396078
0.670588
0.380392
0.678431
0.772549
0.784314
0.682353
0.894118
0.984314
0.992157
0.972549
0.964706
0.980392
0.988235
1.000000
0.996078
0.988235
0.992157
1.000000
0.976471
0.909804
0.796078
0.678431
0.568627
0.490196
0.415686
0.352941
0.294118
0.235294
0.215686
0.223529
0.243137
0.247059
0.486275
0.470588
0.403922
0.349020
0.388235
0.360784
0.466667
0.549020
0.678431
0.874510
0.964706
0.992157
0.988235
1.000000
0.996078
0.992157
0.988235
0.882353
0.843137
0.827451
0.580392
0.352941
0.262745
0.231373
0.239216
0.231373
0.239216
0.235294
0.227451
0.223529
0.219608
0.223529
0.235294
0.250980
0.215686
0.211765
0.215686
0.227451
0.223529
0.215686
0.243137
0.372549
0.556863
0.909804
0.988235
1.000000
1.000000
0.992157
0.937255
0.603922
0.745098
0.894118
0.654902
0.501961
0.337255
0.258824
0.235294
0.235294
0.270588
0.274510
0.266667
0.258824
0.258824
0.258824
0.262745
0.258824
0.243137
0.239216
0.239216
0.239216
0.239216
0.227451
0.231373
0.215686
0.239216
0.615686
0.984314
1.000000
1.000000
0.996078
0.945098
0.831373
0.780392
0.549020
0.368627
0.337255
0.270588
0.231373
0.203922
0.192157
0.223529
0.239216
0.231373
0.239216
0.239216
0.243137
0.258824
0.258824
0.262745
0.266667
0.266667
0.266667
0.266667
0.250980
0.235294
0.247059
0.235294
0.482353
0.972549
1.000000
0.996078
0.996078
0.901961
0.815686
0.674510
0.254902
0.203922
0.207843
0.215686
0.207843
0.235294
0.298039
0.207843
0.223529
0.215686
0.219608
0.219608
0.219608
0.223529
0.223529
0.219608
0.223529
0.231373
0.239216
0.239216
0.227451
0.215686
0.262745
0.254902
0.490196
0.976471
1.000000
0.992157
0.988235
0.721569
0.466667
0.392157
0.282353
0.250980
0.254902
0.247059
0.258824
0.356863
0.427451
0.243137
0.223529
0.235294
0.211765
0.207843
0.207843
0.207843
0.207843
0.203922
0.207843
0.211765
0.215686
0.215686
0.211765
0.211765
0.227451
0.227451
0.466667
0.956863
1.000000
1.000000
0.992157
0.878431
0.639216
0.505882
0.372549
0.235294
0.235294
0.219608
0.305882
0.474510
0.396078
0.384314
0.207843
0.211765
0.207843
0.207843
0.211765
0.215686
0.207843
0.200000
0.203922
0.207843
0.207843
0.207843
0.333333
0.333333
0.207843
0.192157
0.290196
0.850980
0.878431
0.913725
0.929412
0.952941
0.921569
0.835294
0.490196
0.215686
0.215686
0.207843
0.239216
0.376471
0.380392
0.337255
0.196078
0.192157
0.192157
0.188235
0.192157
0.192157
0.196078
0.207843
0.200000
0.203922
0.207843
0.196078
0.294118
0.317647
0.211765
0.192157
0.266667
0.850980
0.486275
0.549020
0.580392
0.627451
0.650980
0.698039
0.654902
0.250980
0.184314
0.211765
0.270588
0.474510
0.349020
0.266667
0.250980
0.317647
0.309804
0.290196
0.274510
0.266667
0.215686
0.188235
0.192157
0.184314
0.188235
0.196078
0.294118
0.286275
0.215686
0.215686
0.423529
0.917647
0.360784
0.411765
0.462745
0.458824
0.439216
0.443137
0.439216
0.309804
0.188235
0.211765
0.207843
0.294118
0.270588
0.227451
0.325490
0.435294
0.486275
0.505882
0.517647
0.545098
0.474510
0.215686
0.243137
0.486275
0.490196
0.239216
0.247059
0.266667
0.439216
0.650980
0.768627
0.850980
0.439216
0.462745
0.478431
0.486275
0.498039
0.509804
0.501961
0.470588
0.407843
0.329412
0.274510
0.231373
0.215686
0.207843
0.207843
0.200000
0.207843
0.235294
0.254902
0.274510
0.301961
0.223529
0.243137
0.364706
0.368627
0.243137
0.215686
0.227451
0.431373
0.545098
0.572549
0.623529
0.447059
0.431373
0.431373
0.423529
0.466667
0.549020
0.564706
0.513725
0.529412
0.517647
0.513725
0.458824
0.400000
0.352941
0.305882
0.278431
0.270588
0.243137
0.243137
0.235294
0.231373
0.239216
0.239216
0.227451
0.227451
0.223529
0.227451
0.227451
0.231373
0.239216
0.250980
0.262745
0.392157
0.419608
0.450980
0.458824
0.498039
0.541176
0.541176
0.509804
0.501961
0.537255
0.552941
0.556863
0.564706
0.576471
0.541176
0.517647
0.513725
0.466667
0.411765
0.349020
0.309804
0.286275
0.266667
0.266667
0.274510
0.258824
0.262745
0.254902
0.254902
0.243137
0.239216
0.243137
0.988235
0.984314
0.980392
0.980392
1.000000
1.000000
1.000000
1.000000
1.000000
1.000000
1.000000
1.000000
1.000000
1.000000
1.000000
1.000000
1.000000
0.996078
0.992157
1.000000
1.000000
1.000000
1.000000
0.996078
0.992157
0.988235
0.984314
0.984314
0.980392
0.988235
0.996078
1.000000
0.992157
0.988235
0.984314
0.984314
1.000000
1.000000
1.000000
1.000000
1.000000
1.000000
1.000000
1.000000
1.000000
1.000000
1.000000
1.000000
1.000000
0.996078
0.992157
1.000000
1.000000
1.000000
1.000000
0.992157
0.984314
0.988235
0.988235
0.988235
0.984314
0.988235
0.996078
1.000000
0.996078
0.992157
0.988235
0.984314
1.000000
1.000000
1.000000
1.000000
1.000000
1.000000
1.000000
1.000000
1.000000
1.000000
1.000000
1.000000
1.000000
0.996078
0.992157
1.000000
1.000000
1.000000
1.000000
0.992157
0.976471
0.988235
0.992157
0.992157
0.984314
0.988235
0.996078
0.996078
0.996078
0.996078
0.992157
0.984314
1.000000
1.000000
1.000000
1.000000
1.000000
1.000000
1.000000
1.000000
0.996078
0.992157
1.000000
1.000000
1.000000
0.996078
0.992157
1.000000
1.000000
1.000000
0.996078
0.992157
0.988235
0.992157
0.992157
0.992157
0.992157
0.988235
0.992157
0.996078
1.000000
1.000000
0.992157
0.984314
1.000000
1.000000
1.000000
1.000000
1.000000
1.000000
1.000000
1.000000
0.992157
0.992157
1.000000
1.000000
1.000000
0.996078
0.992157
1.000000
1.000000
1.000000
0.996078
0.992157
0.996078
0.996078
0.992157
0.992157
0.992157
0.988235
0.992157
0.996078
1.000000
1.000000
0.992157
0.984314
1.000000
1.000000
1.000000
1.000000
1.000000
1.000000
1.000000
1.000000
0.992157
0.992157
1.000000
1.000000
1.000000
0.996078
0.992157
1.000000
1.000000
1.000000
0.996078
0.992157
0.992157
0.996078
0.992157
0.992157
0.992157
0.988235
0.992157
0.992157
1.000000
1.000000
0.992157
0.988235
1.000000
1.000000
1.000000
1.000000
1.000000
1.000000
1.000000
1.000000
0.992157
0.992157
1.000000
1.000000
1.000000
0.996078
0.992157
0.996078
0.996078
1.000000
0.996078
0.992157
0.992157
0.996078
0.992157
0.992157
0.992157
0.992157
0.996078
0.988235
0.992157
1.000000
0.996078
0.996078
1.000000
1.000000
1.000000
1.000000
1.000000
1.000000
1.000000
1.000000
0.996078
0.996078
0.996078
0.996078
0.996078
0.992157
0.988235
0.996078
0.992157
0.992157
0.992157
0.988235
0.992157
0.992157
0.988235
0.996078
0.996078
1.000000
0.992157
0.984314
0.992157
1.000000
1.000000
1.000000
1.000000
1.000000
1.000000
1.000000
1.000000
1.000000
1.000000
1.000000
1.000000
1.000000
0.992157
0.992157
0.992157
0.988235
0.988235
1.000000
0.992157
0.988235
0.992157
0.992157
0.992157
0.992157
0.992157
0.992157
0.996078
1.000000
0.992157
0.984314
0.996078
1.000000
1.000000
1.000000
1.000000
1.000000
1.000000
1.000000
1.000000
1.000000
1.000000
1.000000
1.000000
1.000000
0.992157
0.992157
0.992157
0.988235
0.988235
1.000000
0.996078
0.992157
0.992157
0.992157
0.992157
0.992157
0.988235
0.988235
0.996078
1.000000
0.996078
0.984314
1.000000
1.000000
1.000000
1.000000
1.000000
1.000000
1.000000
1.000000
1.000000
1.000000
1.000000
1.000000
1.000000
1.000000
0.992157
0.992157
0.992157
0.984314
0.988235
1.000000
0.992157
0.988235
0.988235
0.988235
0.992157
0.988235
0.980392
0.984314
0.988235
0.996078
0.992157
0.992157
1.000000
1.000000
1.000000
1.000000
1.000000
1.000000
0.996078
0.996078
1.000000
1.000000
0.996078
1.000000
1.000000
1.000000
0.992157
0.992157
0.992157
0.988235
0.988235
0.996078
0.996078
0.992157
0.992157
0.988235
0.984314
0.984314
0.984314
0.980392
0.988235
0.988235
0.988235
0.996078
1.000000
1.000000
0.988235
0.988235
0.992157
0.996078
0.992157
0.996078
0.996078
0.992157
0.992157
0.996078
0.996078
0.988235
0.992157
0.992157
0.988235
0.988235
0.988235
0.996078
0.992157
0.988235
0.988235
0.992157
0.984314
0.976471
0.984314
0.984314
0.976471
0.984314
0.992157
0.992157
1.000000
0.992157
0.968627
0.960784
0.976471
0.996078
0.976471
0.988235
0.992157
0.964706
0.960784
0.980392
0.992157
0.964706
0.960784
0.976471
0.992157
0.972549
0.980392
0.992157
0.972549
0.960784
0.976471
0.984314
0.968627
0.956863
0.972549
0.984314
0.952941
0.964706
0.988235
0.992157
1.000000
0.984314
0.956863
0.956863
0.964706
0.988235
0.960784
0.972549
0.988235
0.964706
0.960784
0.968627
0.976471
0.956863
0.960784
0.984314
0.996078
0.964706
0.980392
0.980392
0.956863
0.952941
0.964706
0.964706
0.949020
0.956863
0.964706
0.968627
0.949020
0.952941
0.976471
0.988235
1.000000
0.976471
0.956863
0.968627
0.964706
0.976471
0.964706
0.956863
0.960784
0.960784
0.952941
0.964706
0.952941
0.964706
0.913725
0.749020
0.698039
0.694118
0.819608
0.960784
0.945098
0.949020
0.956863
0.949020
0.952941
0.968627
0.960784
0.952941
0.952941
0.949020
0.968627
0.988235
1.000000
0.972549
0.956863
0.972549
0.956863
0.960784
0.968627
0.960784
0.952941
0.956863
0.945098
0.956863
0.960784
0.870588
0.482353
0.333333
0.435294
0.415686
0.788235
0.956863
0.980392
0.960784
0.952941
0.952941
0.949020
0.956863
0.956863
0.945098
0.949020
0.929412
0.952941
0.996078
1.000000
0.984314
0.960784
0.956863
0.960784
0.960784
0.976471
0.972549
0.964706
0.976471
0.988235
0.968627
0.823529
0.435294
0.270588
0.329412
0.352941
0.631373
0.870588
0.874510
0.647059
0.800000
0.956863
0.945098
0.905882
0.949020
0.960784
0.956863
0.956863
0.933333
0.964706
0.996078
1.000000
0.992157
0.976471
0.972549
0.980392
0.976471
0.972549
0.972549
0.984314
0.976471
0.949020
0.854902
0.580392
0.333333
0.254902
0.274510
0.270588
0.482353
0.411765
0.674510
0.380392
0.682353
0.772549
0.788235
0.686275
0.905882
0.992157
1.000000
0.980392
0.952941
0.976471
0.996078
1.000000
0.996078
0.988235
0.992157
1.000000
0.992157
0.925490
0.811765
0.698039
0.603922
0.525490
0.450980
0.384314
0.321569
0.258824
0.239216
0.247059
0.266667
0.266667
0.498039
0.482353
0.415686
0.356863
0.400000
0.372549
0.486275
0.572549
0.705882
0.890196
0.968627
0.992157
0.996078
1.000000
0.996078
0.992157
0.992157
0.890196
0.858824
0.843137
0.596078
0.372549
0.294118
0.262745
0.270588
0.262745
0.270588
0.262745
0.250980
0.247059
0.243137
0.247059
0.254902
0.270588
0.235294
0.231373
0.235294
0.247059
0.243137
0.247059
0.286275
0.407843
0.576471
0.921569
0.996078
1.000000
1.000000
0.992157
0.937255
0.607843
0.752941
0.901961
0.658824
0.509804
0.356863
0.278431
0.258824
0.258824
0.290196
0.298039
0.290196
0.282353
0.282353
0.282353
0.286275
0.282353
0.266667
0.262745
0.262745
0.262745
0.266667
0.266667
0.282353
0.262745
0.274510
0.635294
0.996078
1.000000
1.000000
0.996078
0.945098
0.823529
0.772549
0.545098
0.360784
0.333333
0.274510
0.239216
0.211765
0.200000
0.235294
0.262745
0.254902
0.262745
0.262745
0.266667
0.286275
0.290196
0.294118
0.298039
0.294118
0.294118
0.301961
0.301961
0.298039
0.305882
0.282353
0.513725
0.984314
0.996078
0.992157
0.992157
0.894118
0.800000
0.654902
0.231373
0.188235
0.196078
0.215686
0.203922
0.231373
0.294118
0.207843
0.243137
0.239216
0.239216
0.239216
0.239216
0.250980
0.250980
0.250980
0.254902
0.262745
0.270588
0.278431
0.278431
0.278431
0.321569
0.301961
0.517647
0.984314
0.976471
0.968627
0.964706
0.694118
0.435294
0.345098
0.231373
0.231373
0.254902
0.235294
0.243137
0.341176
0.407843
0.227451
0.223529
0.235294
0.211765
0.207843
0.211765
0.219608
0.223529
0.231373
0.243137
0.247059
0.235294
0.243137
0.247059
0.262745
0.266667
0.239216
0.466667
0.945098
0.968627
0.964706
0.952941
0.839216
0.592157
0.439216
0.313725
0.211765
0.243137
0.211765
0.298039
0.458824
0.380392
0.364706
0.200000
0.203922
0.196078
0.200000
0.200000
0.211765
0.211765
0.219608
0.231373
0.231373
0.211765
0.223529
0.360784
0.368627
0.239216
0.207843
0.294118
0.847059
0.823529
0.858824
0.874510
0.898039
0.858824
0.756863
0.423529
0.192157
0.227451
0.219608
0.247059
0.380392
0.380392
0.337255
0.184314
0.184314
0.180392
0.176471
0.180392
0.172549
0.184314
0.207843
0.215686
0.215686
0.200000
0.200000
0.309804
0.341176
0.239216
0.219608
0.286275
0.862745
0.431373
0.494118
0.525490
0.568627
0.576471
0.611765
0.580392
0.223529
0.200000
0.231373
0.286275
0.486275
0.360784
0.266667
0.235294
0.301961
0.294118
0.278431
0.254902
0.239216
0.200000
0.180392
0.196078
0.184314
0.172549
0.184314
0.294118
0.301961
0.227451
0.211765
0.411765
0.901961
0.301961
0.352941
0.403922
0.400000
0.368627
0.360784
0.360784
0.274510
0.188235
0.227451
0.219608
0.298039
0.270588
0.223529
0.305882
0.415686
0.462745
0.486275
0.494118
0.517647
0.454902
0.203922
0.243137
0.482353
0.470588
0.227451
0.247059
0.278431
0.431373
0.588235
0.698039
0.780392
0.384314
0.403922
0.419608
0.431373
0.447059
0.439216
0.423529
0.419608
0.388235
0.321569
0.262745
0.215686
0.196078
0.184314
0.180392
0.176471
0.180392
0.207843
0.223529
0.250980
0.286275
0.215686
0.250980
0.368627
0.356863
0.235294
0.223529
0.247059
0.419608
0.462745
0.490196
0.541176
0.392157
0.376471
0.376471
0.376471
0.443137
0.498039
0.486275
0.447059
0.486275
0.482353
0.474510
0.415686
0.356863
0.309804
0.270588
0.247059
0.239216
0.207843
0.215686
0.219608
0.227451
0.247059
0.262745
0.243137
0.227451
0.235294
0.247059
0.258824
0.247059
0.211765
0.219608
0.235294
0.341176
0.368627
0.396078
0.415686
0.494118
0.501961
0.466667
0.435294
0.443137
0.482353
0.494118
0.494118
0.498039
0.517647
0.501961
0.482353
0.478431
0.431373
0.384314
0.349020
0.321569
0.309804
0.298039
0.294118
0.286275
0.278431
0.294118
0.298039
0.301961
0.282353
0.282353
0.290196
