0.984314
0.952941
0.937255
0.933333
0.941176
0.941176
0.937255
0.933333
0.933333
0.933333
0.933333
0.929412
0.925490
0.929412
0.929412
0.929412
0.925490
0.921569
0.929412
0.929412
0.929412
0.929412
0.933333
0.933333
0.933333
0.937255
0.945098
0.952941
0.956863
0.952941
0.952941
0.956863
0.968627
0.941176
0.925490
0.917647
0.925490
0.929412
0.929412
0.925490
0.921569
0.921569
0.925490
0.925490
0.921569
0.917647
0.917647
0.917647
0.917647
0.913725
0.917647
0.917647
0.917647
0.917647
0.925490
0.925490
0.921569
0.921569
0.933333
0.941176
0.941176
0.937255
0.937255
0.941176
0.976471
0.945098
0.933333
0.925490
0.929412
0.929412
0.929412
0.929412
0.925490
0.925490
0.933333
0.929412
0.921569
0.921569
0.917647
0.917647
0.917647
0.917647
0.917647
0.917647
0.917647
0.921569
0.925490
0.933333
0.929412
0.925490
0.933333
0.941176
0.937255
0.933333
0.941176
0.941176
0.980392
0.952941
0.941176
0.933333
0.929412
0.929412
0.929412
0.929412
0.929412
0.929412
0.933333
0.925490
0.921569
0.921569
0.917647
0.917647
0.917647
0.917647
0.917647
0.917647
0.925490
0.925490
0.925490
0.933333
0.929412
0.925490
0.933333
0.941176
0.937255
0.937255
0.937255
0.937255
0.984314
0.956863
0.949020
0.945098
0.937255
0.933333
0.929412
0.933333
0.941176
0.937255
0.933333
0.929412
0.925490
0.921569
0.921569
0.921569
0.917647
0.917647
0.921569
0.921569
0.929412
0.929412
0.929412
0.929412
0.925490
0.929412
0.937255
0.941176
0.941176
0.945098
0.941176
0.941176
0.984314
0.956863
0.949020
0.945098
0.941176
0.937255
0.937255
0.937255
0.941176
0.937255
0.933333
0.933333
0.929412
0.925490
0.925490
0.925490
0.921569
0.921569
0.925490
0.925490
0.929412
0.929412
0.933333
0.933333
0.929412
0.937255
0.937255
0.941176
0.945098
0.945098
0.945098
0.945098
0.984314
0.956863
0.949020
0.949020
0.941176
0.945098
0.945098
0.945098
0.941176
0.941176
0.937255
0.937255
0.933333
0.933333
0.929412
0.929412
0.929412
0.929412
0.933333
0.933333
0.929412
0.929412
0.937255
0.937255
0.937255
0.937255
0.937255
0.941176
0.945098
0.945098
0.945098
0.945098
0.984314
0.960784
0.952941
0.949020
0.945098
0.945098
0.945098
0.945098
0.945098
0.945098
0.941176
0.937255
0.937255
0.933333
0.933333
0.929412
0.937255
0.937255
0.937255
0.937255
0.933333
0.937255
0.937255
0.937255
0.937255
0.941176
0.945098
0.945098
0.949020
0.945098
0.945098
0.945098
0.984314
0.964706
0.956863
0.952941
0.945098
0.945098
0.945098
0.945098
0.945098
0.945098
0.941176
0.937255
0.941176
0.941176
0.937255
0.937255
0.941176
0.941176
0.937255
0.937255
0.941176
0.941176
0.937255
0.937255
0.937255
0.941176
0.945098
0.949020
0.949020
0.945098
0.945098
0.945098
0.988235
0.964706
0.960784
0.952941
0.945098
0.949020
0.945098
0.945098
0.945098
0.945098
0.945098
0.941176
0.945098
0.945098
0.941176
0.937255
0.937255
0.941176
0.941176
0.941176
0.945098
0.945098
0.941176
0.941176
0.941176
0.945098
0.945098
0.949020
0.949020
0.949020
0.945098
0.949020
0.988235
0.964706
0.964706
0.956863
0.949020
0.949020
0.949020
0.945098
0.945098
0.945098
0.945098
0.945098
0.945098
0.945098
0.941176
0.937255
0.933333
0.941176
0.945098
0.945098
0.945098
0.945098
0.945098
0.945098
0.945098
0.945098
0.945098
0.949020
0.949020
0.949020
0.949020
0.949020
0.988235
0.964706
0.964706
0.960784
0.952941
0.949020
0.949020
0.945098
0.945098
0.945098
0.945098
0.945098
0.945098
0.945098
0.945098
0.937255
0.937255
0.941176
0.945098
0.945098
0.945098
0.945098
0.945098
0.945098
0.945098
0.945098
0.945098
0.949020
0.949020
0.949020
0.949020
0.949020
0.988235
0.964706
0.964706
0.964706
0.956863
0.949020
0.949020
0.945098
0.945098
0.945098
0.945098
0.945098
0.945098
0.945098
0.945098
0.945098
0.945098
0.945098
0.945098
0.945098
0.945098
0.945098
0.945098
0.949020
0.945098
0.945098
0.937255
0.945098
0.949020
0.949020
0.949020
0.952941
0.988235
0.964706
0.964706
0.964706
0.956863
0.949020
0.949020
0.945098
0.945098
0.945098
0.945098
0.945098
0.945098
0.945098
0.945098
0.945098
0.945098
0.945098
0.945098
0.945098
0.945098
0.945098
0.941176
0.949020
0.952941
0.952941
0.960784
0.945098
0.949020
0.949020
0.949020
0.956863
0.992157
0.968627
0.968627
0.960784
0.952941
0.952941
0.949020
0.945098
0.945098
0.949020
0.945098
0.945098
0.945098
0.941176
0.945098
0.949020
0.941176
0.941176
0.945098
0.945098
0.945098
0.945098
0.949020
0.956863
0.913725
0.682353
0.792157
0.941176
0.949020
0.949020
0.949020
0.956863
0.992157
0.945098
0.949020
0.968627
0.960784
0.956863
0.952941
0.949020
0.949020
0.949020
0.945098
0.941176
0.945098
0.937255
0.937255
0.968627
0.956863
0.945098
0.937255
0.941176
0.945098
0.945098
0.949020
0.964706
0.737255
0.403922
0.619608
0.933333
0.949020
0.949020
0.949020
0.952941
0.996078
0.913725
0.901961
0.960784
0.858824
0.949020
0.949020
0.949020
0.949020
0.952941
0.956863
0.972549
0.847059
0.670588
0.792157
0.796078
0.788235
0.913725
0.933333
0.941176
0.941176
0.945098
0.949020
0.921569
0.458824
0.411765
0.749020
0.949020
0.949020
0.949020
0.949020
0.952941
0.996078
0.941176
0.929412
0.972549
0.643137
0.854902
0.976471
0.964706
0.960784
0.968627
0.925490
0.882353
0.701961
0.415686
0.678431
0.674510
0.494118
0.592157
0.729412
0.894118
0.952941
0.941176
0.949020
0.870588
0.592157
0.568627
0.768627
0.956863
0.945098
0.949020
0.945098
0.949020
0.949020
0.925490
0.968627
1.000000
0.800000
0.705882
0.827451
0.862745
0.956863
0.976471
0.909804
0.862745
0.807843
0.533333
0.690196
0.768627
0.627451
0.588235
0.513725
0.525490
0.847059
0.992157
0.964706
0.964706
0.976471
0.964706
0.933333
0.941176
0.949020
0.949020
0.949020
0.952941
0.839216
0.811765
0.772549
0.733333
0.745098
0.800000
0.549020
0.796078
0.984314
0.894118
0.807843
0.733333
0.635294
0.643137
0.866667
0.560784
0.376471
0.423529
0.494118
0.552941
0.815686
0.909804
0.976471
0.996078
0.968627
0.941176
0.807843
0.874510
0.898039
0.890196
0.870588
0.878431
0.909804
0.913725
0.870588
0.803922
0.745098
0.588235
0.333333
0.729412
0.913725
0.498039
0.431373
0.368627
0.215686
0.313725
0.698039
0.458824
0.298039
0.356863
0.400000
0.529412
0.647059
0.517647
0.627451
0.596078
0.400000
0.407843
0.364706
0.392157
0.415686
0.435294
0.447059
0.592157
0.984314
0.972549
0.980392
0.980392
0.964706
0.827451
0.513725
0.549020
0.576471
0.239216
0.243137
0.196078
0.270588
0.223529
0.211765
0.141176
0.129412
0.196078
0.231373
0.231373
0.192157
0.196078
0.223529
0.239216
0.309804
0.423529
0.505882
0.584314
0.674510
0.745098
0.788235
0.843137
1.000000
0.980392
0.976471
0.972549
0.960784
0.976471
0.850980
0.870588
0.741176
0.400000
0.180392
0.133333
0.196078
0.184314
0.117647
0.137255
0.078431
0.070588
0.105882
0.054902
0.278431
0.572549
0.662745
0.729412
0.807843
0.905882
0.941176
0.956863
0.968627
0.972549
0.945098
0.929412
0.996078
0.980392
0.960784
0.949020
0.952941
0.964706
0.968627
0.992157
0.980392
0.819608
0.423529
0.168627
0.556863
0.745098
0.674510
0.556863
0.478431
0.611765
0.498039
0.121569
0.564706
0.933333
0.960784
0.976471
0.968627
0.949020
0.945098
0.933333
0.937255
0.941176
0.929412
0.917647
0.988235
0.956863
0.894118
0.835294
0.800000
0.792157
0.800000
0.803922
0.839216
0.894118
0.564706
0.200000
0.815686
0.964706
0.980392
0.952941
0.925490
0.949020
0.462745
0.156863
0.741176
0.909804
0.874510
0.858824
0.815686
0.894118
0.925490
0.917647
0.933333
0.945098
0.941176
0.937255
0.980392
0.949020
0.929412
0.894118
0.827451
0.784314
0.666667
0.533333
0.560784
0.643137
0.419608
0.309804
0.509804
0.525490
0.537255
0.470588
0.458824
0.427451
0.145098
0.301961
0.619608
0.674510
0.674510
0.749020
0.776471
0.858824
0.913725
0.925490
0.937255
0.956863
0.952941
0.941176
0.980392
0.960784
0.964706
0.968627
0.972549
0.972549
0.945098
0.874510
0.823529
0.854902
0.847059
0.858824
0.843137
0.803922
0.737255
0.611765
0.592157
0.631373
0.654902
0.698039
0.639216
0.615686
0.552941
0.572549
0.694118
0.713725
0.741176
0.752941
0.780392
0.819608
0.850980
0.894118
0.984314
0.972549
0.968627
0.956863
0.949020
0.952941
0.960784
0.952941
0.964706
0.956863
0.960784
0.960784
0.964706
0.968627
0.972549
0.964706
0.964706
0.976471
0.984314
0.980392
0.972549
0.964706
0.933333
0.882353
0.850980
0.823529
0.796078
0.756863
0.729412
0.713725
0.745098
0.839216
0.984314
0.972549
0.968627
0.960784
0.952941
0.952941
0.949020
0.945098
0.941176
0.937255
0.933333
0.945098
0.941176
0.937255
0.929412
0.909804
0.913725
0.929412
0.937255
0.933333
0.941176
0.949020
0.937255
0.937255
0.937255
0.929412
0.929412
0.921569
0.909804
0.890196
0.890196
0.890196
0.996078
0.984314
0.980392
0.968627
0.968627
0.964706
0.952941
0.956863
0.949020
0.933333
0.921569
0.921569
0.921569
0.921569
0.909804
0.882353
0.917647
0.929412
0.925490
0.929412
0.941176
0.941176
0.929412
0.929412
0.921569
0.901961
0.905882
0.901961
0.898039
0.890196
0.894118
0.901961
0.992157
0.980392
0.976471
0.968627
0.964706
0.952941
0.929412
0.925490
0.929412
0.905882
0.901961
0.901961
0.909804
0.913725
0.909804
0.901961
0.901961
0.905882
0.921569
0.921569
0.925490
0.917647
0.937255
0.945098
0.937255
0.901961
0.901961
0.909804
0.898039
0.894118
0.894118
0.886275
0.976471
0.964706
0.972549
0.956863
0.941176
0.945098
0.933333
0.913725
0.905882
0.878431
0.874510
0.878431
0.894118
0.905882
0.901961
0.905882
0.886275
0.901961
0.925490
0.921569
0.917647
0.909804
0.909804
0.901961
0.894118
0.878431
0.890196
0.898039
0.866667
0.870588
0.882353
0.854902
0.984314
0.952941
0.937255
0.933333
0.941176
0.941176
0.937255
0.933333
0.933333
0.933333
0.933333
0.929412
0.925490
0.929412
0.929412
0.929412
0.925490
0.921569
0.929412
0.929412
0.929412
0.929412
0.933333
0.933333
0.933333
0.937255
0.945098
0.952941
0.956863
0.952941
0.952941
0.956863
0.968627
0.941176
0.925490
0.917647
0.925490
0.929412
0.929412
0.925490
0.921569
0.921569
0.925490
0.925490
0.921569
0.917647
0.917647
0.917647
0.917647
0.913725
0.917647
0.917647
0.917647
0.917647
0.925490
0.925490
0.921569
0.921569
0.933333
0.941176
0.941176
0.937255
0.937255
0.941176
0.976471
0.945098
0.933333
0.925490
0.929412
0.929412
0.929412
0.929412
0.925490
0.925490
0.933333
0.929412
0.921569
0.921569
0.917647
0.917647
0.917647
0.917647
0.917647
0.917647
0.917647
0.921569
0.925490
0.933333
0.929412
0.925490
0.933333
0.941176
0.937255
0.933333
0.941176
0.941176
0.980392
0.952941
0.941176
0.933333
0.929412
0.929412
0.929412
0.929412
0.929412
0.929412
0.933333
0.925490
0.921569
0.921569
0.917647
0.917647
0.917647
0.917647
0.917647
0.917647
0.925490
0.925490
0.925490
0.933333
0.929412
0.925490
0.933333
0.941176
0.937255
0.937255
0.937255
0.937255
0.984314
0.956863
0.949020
0.945098
0.937255
0.933333
0.929412
0.933333
0.941176
0.937255
0.933333
0.929412
0.925490
0.921569
0.921569
0.921569
0.917647
0.917647
0.921569
0.921569
0.929412
0.929412
0.929412
0.929412
0.925490
0.929412
0.937255
0.941176
0.941176
0.945098
0.941176
0.941176
0.984314
0.956863
0.949020
0.945098
0.941176
0.937255
0.937255
0.937255
0.941176
0.937255
0.933333
0.933333
0.929412
0.925490
0.925490
0.925490
0.921569
0.921569
0.925490
0.925490
0.929412
0.929412
0.933333
0.933333
0.929412
0.937255
0.937255
0.941176
0.945098
0.945098
0.945098
0.945098
0.984314
0.956863
0.949020
0.949020
0.941176
0.945098
0.945098
0.945098
0.941176
0.941176
0.937255
0.937255
0.933333
0.933333
0.929412
0.929412
0.929412
0.929412
0.933333
0.933333
0.929412
0.929412
0.937255
0.937255
0.937255
0.937255
0.937255
0.941176
0.945098
0.945098
0.945098
0.945098
0.984314
0.960784
0.952941
0.949020
0.945098
0.945098
0.945098
0.945098
0.945098
0.945098
0.941176
0.937255
0.937255
0.933333
0.933333
0.929412
0.937255
0.937255
0.937255
0.937255
0.933333
0.937255
0.937255
0.937255
0.937255
0.941176
0.945098
0.945098
0.949020
0.945098
0.945098
0.945098
0.984314
0.964706
0.956863
0.952941
0.945098
0.945098
0.945098
0.945098
0.945098
0.945098
0.941176
0.937255
0.941176
0.941176
0.937255
0.937255
0.941176
0.941176
0.937255
0.937255
0.941176
0.941176
0.937255
0.937255
0.937255
0.941176
0.945098
0.949020
0.949020
0.945098
0.945098
0.945098
0.988235
0.964706
0.960784
0.952941
0.945098
0.949020
0.945098
0.945098
0.945098
0.945098
0.945098
0.941176
0.945098
0.945098
0.941176
0.937255
0.937255
0.941176
0.941176
0.941176
0.945098
0.945098
0.941176
0.941176
0.941176
0.945098
0.945098
0.949020
0.949020
0.949020
0.945098
0.949020
0.988235
0.964706
0.964706
0.956863
0.949020
0.949020
0.949020
0.945098
0.945098
0.945098
0.945098
0.945098
0.945098
0.945098
0.941176
0.937255
0.933333
0.941176
0.945098
0.945098
0.945098
0.945098
0.945098
0.945098
0.945098
0.945098
0.945098
0.949020
0.949020
0.949020
0.949020
0.949020
0.988235
0.964706
0.964706
0.960784
0.952941
0.949020
0.949020
0.945098
0.945098
0.945098
0.945098
0.945098
0.945098
0.945098
0.945098
0.937255
0.937255
0.941176
0.945098
0.945098
0.945098
0.945098
0.945098
0.945098
0.945098
0.945098
0.945098
0.949020
0.949020
0.949020
0.949020
0.949020
0.988235
0.964706
0.964706
0.964706
0.956863
0.949020
0.949020
0.945098
0.945098
0.945098
0.945098
0.945098
0.945098
0.945098
0.945098
0.945098
0.945098
0.945098
0.945098
0.945098
0.945098
0.945098
0.945098
0.949020
0.945098
0.945098
0.937255
0.945098
0.949020
0.949020
0.949020
0.952941
0.988235
0.964706
0.964706
0.964706
0.956863
0.949020
0.949020
0.945098
0.945098
0.945098
0.945098
0.945098
0.945098
0.945098
0.945098
0.945098
0.945098
0.945098
0.945098
0.945098
0.945098
0.945098
0.941176
0.949020
0.952941
0.952941
0.960784
0.945098
0.949020
0.949020
0.949020
0.956863
0.992157
0.968627
0.968627
0.960784
0.952941
0.952941
0.949020
0.945098
0.945098
0.949020
0.945098
0.945098
0.945098
0.941176
0.945098
0.949020
0.941176
0.941176
0.945098
0.945098
0.945098
0.945098
0.949020
0.956863
0.913725
0.682353
0.792157
0.941176
0.949020
0.949020
0.949020
0.956863
0.992157
0.945098
0.949020
0.968627
0.960784
0.956863
0.952941
0.949020
0.949020
0.949020
0.945098
0.941176
0.945098
0.937255
0.937255
0.968627
0.956863
0.945098
0.937255
0.941176
0.945098
0.945098
0.949020
0.964706
0.737255
0.403922
0.619608
0.933333
0.949020
0.949020
0.949020
0.952941
0.996078
0.913725
0.901961
0.960784
0.858824
0.949020
0.949020
0.949020
0.949020
0.952941
0.956863
0.972549
0.847059
0.670588
0.792157
0.796078
0.788235
0.913725
0.933333
0.941176
0.941176
0.945098
0.949020
0.921569
0.458824
0.411765
0.749020
0.949020
0.949020
0.949020
0.949020
0.952941
0.996078
0.941176
0.929412
0.972549
0.643137
0.854902
0.976471
0.964706
0.960784
0.968627
0.925490
0.882353
0.701961
0.415686
0.678431
0.674510
0.494118
0.592157
0.729412
0.894118
0.952941
0.941176
0.949020
0.870588
0.592157
0.568627
0.768627
0.956863
0.945098
0.949020
0.945098
0.949020
0.949020
0.925490
0.968627
1.000000
0.800000
0.705882
0.827451
0.862745
0.956863
0.976471
0.909804
0.862745
0.807843
0.533333
0.690196
0.768627
0.627451
0.588235
0.513725
0.525490
0.847059
0.992157
0.964706
0.964706
0.976471
0.964706
0.933333
0.941176
0.949020
0.949020
0.949020
0.952941
0.839216
0.811765
0.772549
0.733333
0.745098
0.800000
0.549020
0.796078
0.984314
0.894118
0.807843
0.733333
0.635294
0.643137
0.866667
0.560784
0.376471
0.423529
0.494118
0.552941
0.815686
0.909804
0.976471
0.996078
0.968627
0.941176
0.807843
0.874510
0.898039
0.890196
0.870588
0.878431
0.909804
0.913725
0.870588
0.803922
0.745098
0.588235
0.333333
0.729412
0.913725
0.498039
0.431373
0.368627
0.215686
0.313725
0.698039
0.458824
0.298039
0.356863
0.400000
0.529412
0.647059
0.517647
0.627451
0.596078
0.400000
0.407843
0.364706
0.392157
0.415686
0.435294
0.447059
0.592157
0.984314
0.972549
0.980392
0.980392
0.964706
0.827451
0.513725
0.549020
0.576471
0.239216
0.243137
0.196078
0.270588
0.223529
0.211765
0.141176
0.129412
0.196078
0.231373
0.231373
0.192157
0.196078
0.223529
0.239216
0.309804
0.423529
0.505882
0.584314
0.674510
0.745098
0.788235
0.843137
1.000000
0.980392
0.976471
0.972549
0.960784
0.976471
0.850980
0.870588
0.741176
0.400000
0.180392
0.133333
0.196078
0.184314
0.117647
0.137255
0.078431
0.070588
0.105882
0.054902
0.278431
0.572549
0.662745
0.729412
0.807843
0.905882
0.941176
0.956863
0.968627
0.972549
0.945098
0.929412
0.996078
0.980392
0.960784
0.949020
0.952941
0.964706
0.968627
0.992157
0.980392
0.819608
0.423529
0.168627
0.556863
0.745098
0.674510
0.556863
0.478431
0.611765
0.498039
0.121569
0.564706
0.933333
0.960784
0.976471
0.968627
0.949020
0.945098
0.933333
0.937255
0.941176
0.929412
0.917647
0.988235
0.956863
0.894118
0.835294
0.800000
0.792157
0.800000
0.803922
0.839216
0.894118
0.564706
0.200000
0.815686
0.964706
0.980392
0.952941
0.925490
0.949020
0.462745
0.156863
0.741176
0.909804
0.874510
0.858824
0.815686
0.894118
0.925490
0.917647
0.933333
0.945098
0.941176
0.937255
0.980392
0.949020
0.929412
0.894118
0.827451
0.784314
0.666667
0.533333
0.560784
0.643137
0.419608
0.309804
0.509804
0.525490
0.537255
0.470588
0.458824
0.427451
0.145098
0.301961
0.619608
0.674510
0.674510
0.749020
0.776471
0.858824
0.913725
0.925490
0.937255
0.956863
0.952941
0.941176
0.980392
0.960784
0.964706
0.968627
0.972549
0.972549
0.945098
0.874510
0.823529
0.854902
0.847059
0.858824
0.843137
0.803922
0.737255
0.611765
0.592157
0.631373
0.654902
0.698039
0.639216
0.615686
0.552941
0.572549
0.694118
0.713725
0.741176
0.752941
0.780392
0.819608
0.850980
0.894118
0.984314
0.972549
0.968627
0.956863
0.949020
0.952941
0.960784
0.952941
0.964706
0.956863
0.960784
0.960784
0.964706
0.968627
0.972549
0.964706
0.964706
0.976471
0.984314
0.980392
0.972549
0.964706
0.933333
0.882353
0.850980
0.823529
0.796078
0.756863
0.729412
0.713725
0.745098
0.839216
0.984314
0.972549
0.968627
0.960784
0.952941
0.952941
0.949020
0.945098
0.941176
0.937255
0.933333
0.945098
0.941176
0.937255
0.929412
0.909804
0.913725
0.929412
0.937255
0.933333
0.941176
0.949020
0.937255
0.937255
0.937255
0.929412
0.929412
0.921569
0.909804
0.890196
0.890196
0.890196
0.996078
0.984314
0.980392
0.968627
0.968627
0.964706
0.952941
0.956863
0.949020
0.933333
0.921569
0.921569
0.921569
0.921569
0.909804
0.882353
0.917647
0.929412
0.925490
0.929412
0.941176
0.941176
0.929412
0.929412
0.921569
0.901961
0.905882
0.901961
0.898039
0.890196
0.894118
0.901961
0.992157
0.980392
0.976471
0.968627
0.964706
0.952941
0.929412
0.925490
0.929412
0.905882
0.901961
0.901961
0.909804
0.913725
0.909804
0.901961
0.901961
0.905882
0.921569
0.921569
0.925490
0.917647
0.937255
0.945098
0.937255
0.901961
0.901961
0.909804
0.898039
0.894118
0.894118
0.886275
0.976471
0.964706
0.972549
0.956863
0.941176
0.945098
0.933333
0.913725
0.905882
0.878431
0.874510
0.878431
0.894118
0.905882
0.901961
0.905882
0.886275
0.901961
0.925490
0.921569
0.917647
0.909804
0.909804
0.901961
0.894118
0.878431
0.890196
0.898039
0.866667
0.870588
0.882353
0.854902
0.984314
0.952941
0.937255
0.933333
0.941176
0.941176
0.937255
0.933333
0.933333
0.933333
0.933333
0.929412
0.925490
0.929412
0.929412
0.929412
0.925490
0.921569
0.929412
0.929412
0.929412
0.929412
0.933333
0.933333
0.933333
0.937255
0.945098
0.952941
0.956863
0.952941
0.952941
0.956863
0.968627
0.941176
0.925490
0.917647
0.925490
0.929412
0.929412
0.925490
0.921569
0.921569
0.925490
0.925490
0.921569
0.917647
0.917647
0.917647
0.917647
0.913725
0.917647
0.917647
0.917647
0.917647
0.925490
0.925490
0.921569
0.921569
0.933333
0.941176
0.941176
0.937255
0.937255
0.941176
0.976471
0.945098
0.933333
0.925490
0.929412
0.929412
0.929412
0.929412
0.925490
0.925490
0.933333
0.929412
0.921569
0.921569
0.917647
0.917647
0.917647
0.917647
0.917647
0.917647
0.917647
0.921569
0.925490
0.933333
0.929412
0.925490
0.933333
0.941176
0.937255
0.933333
0.941176
0.941176
0.980392
0.952941
0.941176
0.933333
0.929412
0.929412
0.929412
0.929412
0.929412
0.929412
0.933333
0.925490
0.921569
0.921569
0.917647
0.917647
0.917647
0.917647
0.917647
0.917647
0.925490
0.925490
0.925490
0.933333
0.929412
0.925490
0.933333
0.941176
0.937255
0.937255
0.937255
0.937255
0.984314
0.956863
0.949020
0.945098
0.937255
0.933333
0.929412
0.933333
0.941176
0.937255
0.933333
0.929412
0.925490
0.921569
0.921569
0.921569
0.917647
0.917647
0.921569
0.921569
0.929412
0.929412
0.929412
0.929412
0.925490
0.929412
0.937255
0.941176
0.941176
0.945098
0.941176
0.941176
0.984314
0.956863
0.949020
0.945098
0.941176
0.937255
0.937255
0.937255
0.941176
0.937255
0.933333
0.933333
0.929412
0.925490
0.925490
0.925490
0.921569
0.921569
0.925490
0.925490
0.929412
0.929412
0.933333
0.933333
0.929412
0.937255
0.937255
0.941176
0.945098
0.945098
0.945098
0.945098
0.984314
0.956863
0.949020
0.949020
0.941176
0.945098
0.945098
0.945098
0.941176
0.941176
0.937255
0.937255
0.933333
0.933333
0.929412
0.929412
0.929412
0.929412
0.933333
0.933333
0.929412
0.929412
0.937255
0.937255
0.937255
0.937255
0.937255
0.941176
0.945098
0.945098
0.945098
0.945098
0.984314
0.960784
0.952941
0.949020
0.945098
0.945098
0.945098
0.945098
0.945098
0.945098
0.941176
0.937255
0.937255
0.933333
0.933333
0.929412
0.937255
0.937255
0.937255
0.937255
0.933333
0.937255
0.937255
0.937255
0.937255
0.941176
0.945098
0.945098
0.949020
0.945098
0.945098
0.945098
0.984314
0.964706
0.956863
0.952941
0.945098
0.945098
0.945098
0.945098
0.945098
0.945098
0.941176
0.937255
0.941176
0.941176
0.937255
0.937255
0.941176
0.941176
0.937255
0.937255
0.941176
0.941176
0.937255
0.937255
0.937255
0.941176
0.945098
0.949020
0.949020
0.945098
0.945098
0.945098
0.988235
0.964706
0.960784
0.952941
0.945098
0.949020
0.945098
0.945098
0.945098
0.945098
0.945098
0.941176
0.945098
0.945098
0.941176
0.937255
0.937255
0.941176
0.941176
0.941176
0.945098
0.945098
0.941176
0.941176
0.941176
0.945098
0.945098
0.949020
0.949020
0.949020
0.945098
0.949020
0.988235
0.964706
0.964706
0.956863
0.949020
0.949020
0.949020
0.945098
0.945098
0.945098
0.945098
0.945098
0.945098
0.945098
0.941176
0.937255
0.933333
0.941176
0.945098
0.945098
0.945098
0.945098
0.945098
0.945098
0.945098
0.945098
0.945098
0.949020
0.949020
0.949020
0.949020
0.949020
0.988235
0.964706
0.964706
0.960784
0.952941
0.949020
0.949020
0.945098
0.945098
0.945098
0.945098
0.945098
0.945098
0.945098
0.945098
0.937255
0.937255
0.941176
0.945098
0.945098
0.945098
0.945098
0.945098
0.945098
0.945098
0.945098
0.945098
0.949020
0.949020
0.949020
0.949020
0.949020
0.988235
0.964706
0.964706
0.964706
0.956863
0.949020
0.949020
0.945098
0.945098
0.945098
0.945098
0.945098
0.945098
0.945098
0.945098
0.945098
0.945098
0.945098
0.945098
0.945098
0.945098
0.945098
0.945098
0.949020
0.945098
0.945098
0.937255
0.945098
0.949020
0.949020
0.949020
0.952941
0.988235
0.964706
0.964706
0.964706
0.956863
0.949020
0.949020
0.945098
0.945098
0.945098
0.945098
0.945098
0.945098
0.945098
0.945098
0.945098
0.945098
0.945098
0.945098
0.945098
0.945098
0.945098
0.941176
0.949020
0.952941
0.952941
0.960784
0.945098
0.949020
0.949020
0.949020
0.956863
0.992157
0.968627
0.968627
0.960784
0.952941
0.952941
0.949020
0.945098
0.945098
0.949020
0.945098
0.945098
0.945098
0.941176
0.945098
0.949020
0.941176
0.941176
0.945098
0.945098
0.945098
0.945098
0.949020
0.956863
0.913725
0.682353
0.792157
0.941176
0.949020
0.949020
0.949020
0.956863
0.992157
0.945098
0.949020
0.968627
0.960784
0.956863
0.952941
0.949020
0.949020
0.949020
0.945098
0.941176
0.945098
0.937255
0.937255
0.968627
0.956863
0.945098
0.937255
0.941176
0.945098
0.945098
0.949020
0.964706
0.737255
0.403922
0.619608
0.933333
0.949020
0.949020
0.949020
0.952941
0.996078
0.913725
0.901961
0.960784
0.858824
0.949020
0.949020
0.949020
0.949020
0.952941
0.956863
0.972549
0.847059
0.670588
0.792157
0.796078
0.788235
0.913725
0.933333
0.941176
0.941176
0.945098
0.949020
0.921569
0.458824
0.411765
0.749020
0.949020
0.949020
0.949020
0.949020
0.952941
0.996078
0.941176
0.929412
0.972549
0.643137
0.854902
0.976471
0.964706
0.960784
0.968627
0.925490
0.882353
0.701961
0.415686
0.678431
0.674510
0.494118
0.592157
0.729412
0.894118
0.952941
0.941176
0.949020
0.870588
0.592157
0.568627
0.768627
0.956863
0.945098
0.949020
0.945098
0.949020
0.949020
0.925490
0.968627
1.000000
0.800000
0.705882
0.827451
0.862745
0.956863
0.976471
0.909804
0.862745
0.807843
0.533333
0.690196
0.768627
0.627451
0.588235
0.513725
0.525490
0.847059
0.992157
0.964706
0.964706
0.976471
0.964706
0.933333
0.941176
0.949020
0.949020
0.949020
0.952941
0.839216
0.811765
0.772549
0.733333
0.745098
0.800000
0.549020
0.796078
0.984314
0.894118
0.807843
0.733333
0.635294
0.643137
0.866667
0.560784
0.376471
0.423529
0.494118
0.552941
0.815686
0.909804
0.976471
0.996078
0.968627
0.941176
0.807843
0.874510
0.898039
0.890196
0.870588
0.878431
0.909804
0.913725
0.870588
0.803922
0.745098
0.588235
0.333333
0.729412
0.913725
0.498039
0.431373
0.368627
0.215686
0.313725
0.698039
0.458824
0.298039
0.356863
0.400000
0.529412
0.647059
0.517647
0.627451
0.596078
0.400000
0.407843
0.364706
0.392157
0.415686
0.435294
0.447059
0.592157
0.984314
0.972549
0.980392
0.980392
0.964706
0.827451
0.513725
0.549020
0.576471
0.239216
0.243137
0.196078
0.270588
0.223529
0.211765
0.141176
0.129412
0.196078
0.231373
0.231373
0.192157
0.196078
0.223529
0.239216
0.309804
0.423529
0.505882
0.584314
0.674510
0.745098
0.788235
0.843137
1.000000
0.980392
0.976471
0.972549
0.960784
0.976471
0.850980
0.870588
0.741176
0.400000
0.180392
0.133333
0.196078
0.184314
0.117647
0.137255
0.078431
0.070588
0.105882
0.054902
0.278431
0.572549
0.662745
0.729412
0.807843
0.905882
0.941176
0.956863
0.968627
0.972549
0.945098
0.929412
0.996078
0.980392
0.960784
0.949020
0.952941
0.964706
0.968627
0.992157
0.980392
0.819608
0.423529
0.168627
0.556863
0.745098
0.674510
0.556863
0.478431
0.611765
0.498039
0.121569
0.564706
0.933333
0.960784
0.976471
0.968627
0.949020
0.945098
0.933333
0.937255
0.941176
0.929412
0.917647
0.988235
0.956863
0.894118
0.835294
0.800000
0.792157
0.800000
0.803922
0.839216
0.894118
0.564706
0.200000
0.815686
0.964706
0.980392
0.952941
0.925490
0.949020
0.462745
0.156863
0.741176
0.909804
0.874510
0.858824
0.815686
0.894118
0.925490
0.917647
0.933333
0.945098
0.941176
0.937255
0.980392
0.949020
0.929412
0.894118
0.827451
0.784314
0.666667
0.533333
0.560784
0.643137
0.419608
0.309804
0.509804
0.525490
0.537255
0.470588
0.458824
0.427451
0.145098
0.301961
0.619608
0.674510
0.674510
0.749020
0.776471
0.858824
0.913725
0.925490
0.937255
0.956863
0.952941
0.941176
0.980392
0.960784
0.964706
0.968627
0.972549
0.972549
0.945098
0.874510
0.823529
0.854902
0.847059
0.858824
0.843137
0.803922
0.737255
0.611765
0.592157
0.631373
0.654902
0.698039
0.639216
0.615686
0.552941
0.572549
0.694118
0.713725
0.741176
0.752941
0.780392
0.819608
0.850980
0.894118
0.984314
0.972549
0.968627
0.956863
0.949020
0.952941
0.960784
0.952941
0.964706
0.956863
0.960784
0.960784
0.964706
0.968627
0.972549
0.964706
0.964706
0.976471
0.984314
0.980392
0.972549
0.964706
0.933333
0.882353
0.850980
0.823529
0.796078
0.756863
0.729412
0.713725
0.745098
0.839216
0.984314
0.972549
0.968627
0.960784
0.952941
0.952941
0.949020
0.945098
0.941176
0.937255
0.933333
0.945098
0.941176
0.937255
0.929412
0.909804
0.913725
0.929412
0.937255
0.933333
0.941176
0.949020
0.937255
0.937255
0.937255
0.929412
0.929412
0.921569
0.909804
0.890196
0.890196
0.890196
0.996078
0.984314
0.980392
0.968627
0.968627
0.964706
0.952941
0.956863
0.949020
0.933333
0.921569
0.921569
0.921569
0.921569
0.909804
0.882353
0.917647
0.929412
0.925490
0.929412
0.941176
0.941176
0.929412
0.929412
0.921569
0.901961
0.905882
0.901961
0.898039
0.890196
0.894118
0.901961
0.992157
0.980392
0.976471
0.968627
0.964706
0.952941
0.929412
0.925490
0.929412
0.905882
0.901961
0.901961
0.909804
0.913725
0.909804
0.901961
0.901961
0.905882
0.921569
0.921569
0.925490
0.917647
0.937255
0.945098
0.937255
0.901961
0.901961
0.909804
0.898039
0.894118
0.894118
0.886275
0.976471
0.964706
0.972549
0.956863
0.941176
0.945098
0.933333
0.913725
0.905882
0.878431
0.874510
0.878431
0.894118
0.905882
0.901961
0.905882
0.886275
0.901961
0.925490
0.921569
0.917647
0.909804
0.909804
0.901961
0.894118
0.878431
0.890196
0.898039
0.866667
0.870588
0.882353
0.854902
