0.168627
0.149020
0.113725
0.180392
0.321569
0.427451
0.478431
0.572549
0.454902
0.560784
0.811765
0.725490
0.788235
0.831373
0.835294
0.858824
0.901961
0.737255
0.705882
0.576471
0.474510
0.341176
0.415686
0.486275
0.458824
0.356863
0.407843
0.294118
0.545098
0.184314
0.486275
0.403922
0.145098
0.215686
0.149020
0.196078
0.141176
0.145098
0.466667
0.650980
0.572549
0.615686
0.631373
0.713725
0.733333
0.745098
0.792157
0.717647
0.713725
0.682353
0.521569
0.435294
0.337255
0.317647
0.352941
0.321569
0.564706
0.392157
0.329412
0.282353
0.498039
0.207843
0.501961
0.486275
0.196078
0.313725
0.243137
0.227451
0.121569
0.227451
0.474510
0.580392
0.549020
0.537255
0.776471
0.698039
0.592157
0.780392
0.807843
0.835294
0.725490
0.611765
0.556863
0.278431
0.321569
0.317647
0.321569
0.278431
0.501961
0.470588
0.231373
0.243137
0.250980
0.164706
0.415686
0.474510
0.200000
0.286275
0.196078
0.176471
0.168627
0.403922
0.576471
0.631373
0.537255
0.698039
0.474510
0.333333
0.615686
0.847059
0.686275
0.745098
0.756863
0.560784
0.596078
0.145098
0.137255
0.439216
0.517647
0.235294
0.321569
0.341176
0.196078
0.286275
0.200000
0.094118
0.368627
0.423529
0.121569
0.113725
0.160784
0.149020
0.360784
0.498039
0.576471
0.466667
0.454902
0.756863
0.450980
0.525490
0.831373
0.427451
0.576471
0.788235
0.800000
0.756863
0.345098
0.168627
0.243137
0.564706
0.619608
0.192157
0.243137
0.396078
0.156863
0.372549
0.231373
0.058824
0.286275
0.372549
0.137255
0.054902
0.176471
0.168627
0.458824
0.517647
0.764706
0.694118
0.713725
0.807843
0.741176
0.780392
0.843137
0.745098
0.729412
0.635294
0.709804
0.682353
0.552941
0.772549
0.831373
0.552941
0.470588
0.356863
0.286275
0.474510
0.215686
0.349020
0.352941
0.070588
0.176471
0.380392
0.086275
0.074510
0.109804
0.137255
0.364706
0.549020
0.839216
0.745098
0.792157
0.658824
0.615686
0.745098
0.737255
0.568627
0.709804
0.760784
0.729412
0.635294
0.870588
0.933333
0.941176
0.658824
0.450980
0.482353
0.423529
0.443137
0.427451
0.231373
0.333333
0.207843
0.113725
0.270588
0.054902
0.082353
0.082353
0.098039
0.243137
0.337255
0.701961
0.862745
0.815686
0.419608
0.388235
0.545098
0.788235
0.717647
0.466667
0.498039
0.788235
0.509804
0.627451
0.819608
0.756863
0.862745
0.631373
0.423529
0.474510
0.400000
0.364706
0.309804
0.192157
0.313725
0.215686
0.164706
0.031373
0.109804
0.054902
0.078431
0.239216
0.341176
0.466667
0.698039
0.831373
0.541176
0.058824
0.341176
0.854902
0.964706
0.894118
0.458824
0.537255
0.572549
0.388235
0.670588
0.486275
0.815686
0.729412
0.305882
0.517647
0.482353
0.247059
0.282353
0.223529
0.258824
0.254902
0.160784
0.039216
0.133333
0.031373
0.062745
0.215686
0.517647
0.639216
0.674510
0.772549
0.682353
0.400000
0.572549
0.745098
0.709804
0.784314
0.843137
0.670588
0.647059
0.654902
0.709804
0.666667
0.592157
0.745098
0.352941
0.462745
0.549020
0.266667
0.117647
0.290196
0.215686
0.211765
0.227451
0.137255
0.180392
0.015686
0.050980
0.200000
0.403922
0.709804
0.600000
0.572549
0.603922
0.886275
0.650980
0.643137
0.494118
0.552941
0.768627
0.933333
0.768627
0.533333
0.278431
0.615686
0.494118
0.388235
0.400000
0.356863
0.407843
0.247059
0.215686
0.149020
0.294118
0.172549
0.274510
0.168627
0.137255
0.054902
0.184314
0.360784
0.227451
0.647059
0.392157
0.250980
0.498039
0.850980
0.788235
0.490196
0.384314
0.698039
0.478431
0.482353
0.811765
0.823529
0.443137
0.372549
0.439216
0.313725
0.662745
0.364706
0.262745
0.243137
0.309804
0.231373
0.309804
0.270588
0.337255
0.156863
0.152941
0.215686
0.235294
0.337255
0.588235
0.733333
0.411765
0.266667
0.188235
0.509804
0.835294
0.733333
0.658824
0.764706
0.427451
0.286275
0.552941
0.650980
0.831373
0.827451
0.431373
0.250980
0.525490
0.458824
0.317647
0.270588
0.337255
0.349020
0.172549
0.337255
0.160784
0.149020
0.133333
0.078431
0.203922
0.262745
0.698039
0.760784
0.729412
0.450980
0.184314
0.094118
0.392157
0.392157
0.396078
0.796078
0.588235
0.541176
0.705882
0.545098
0.356863
0.807843
0.403922
0.188235
0.258824
0.423529
0.345098
0.239216
0.443137
0.286275
0.141176
0.200000
0.262745
0.098039
0.113725
0.039216
0.227451
0.133333
0.439216
0.847059
0.894118
0.815686
0.560784
0.384314
0.129412
0.447059
0.552941
0.874510
0.882353
0.882353
0.792157
0.486275
0.247059
0.427451
0.560784
0.266667
0.145098
0.235294
0.270588
0.282353
0.474510
0.274510
0.149020
0.258824
0.262745
0.039216
0.101961
0.188235
0.231373
0.105882
0.290196
0.698039
0.917647
0.760784
0.580392
0.454902
0.101961
0.305882
0.717647
0.874510
0.945098
0.835294
0.792157
0.752941
0.560784
0.321569
0.376471
0.631373
0.321569
0.149020
0.168627
0.325490
0.529412
0.266667
0.172549
0.278431
0.156863
0.066667
0.109804
0.364706
0.180392
0.082353
0.247059
0.662745
0.650980
0.498039
0.521569
0.196078
0.090196
0.109804
0.368627
0.682353
0.929412
0.929412
0.717647
0.854902
0.807843
0.568627
0.482353
0.513725
0.654902
0.141176
0.207843
0.329412
0.466667
0.282353
0.188235
0.215686
0.086275
0.082353
0.149020
0.352941
0.074510
0.168627
0.482353
0.678431
0.482353
0.384314
0.517647
0.513725
0.247059
0.050980
0.101961
0.325490
0.827451
0.815686
0.588235
0.862745
0.796078
0.772549
0.768627
0.541176
0.384314
0.172549
0.117647
0.258824
0.329412
0.282353
0.258824
0.278431
0.090196
0.062745
0.113725
0.219608
0.168627
0.450980
0.658824
0.529412
0.250980
0.466667
0.411765
0.603922
0.505882
0.125490
0.050980
0.058824
0.431373
0.678431
0.678431
0.682353
0.537255
0.686275
0.815686
0.847059
0.494118
0.121569
0.027451
0.192157
0.266667
0.301961
0.172549
0.223529
0.086275
0.050980
0.219608
0.098039
0.396078
0.741176
0.454902
0.274510
0.360784
0.274510
0.388235
0.729412
0.415686
0.580392
0.490196
0.364706
0.141176
0.698039
0.847059
0.603922
0.568627
0.737255
0.956863
0.839216
0.466667
0.176471
0.047059
0.129412
0.219608
0.243137
0.082353
0.160784
0.070588
0.184314
0.294118
0.211765
0.305882
0.411765
0.152941
0.200000
0.403922
0.117647
0.403922
0.639216
0.568627
0.380392
0.909804
0.713725
0.635294
0.843137
0.819608
0.400000
0.572549
0.878431
0.639216
0.729412
0.345098
0.133333
0.101961
0.105882
0.156863
0.207843
0.129412
0.133333
0.035294
0.278431
0.254902
0.337255
0.313725
0.329412
0.247059
0.207843
0.235294
0.176471
0.368627
0.466667
0.474510
0.564706
0.635294
0.611765
0.925490
0.749020
0.631373
0.474510
0.623529
0.917647
0.752941
0.466667
0.349020
0.384314
0.419608
0.262745
0.239216
0.309804
0.207843
0.152941
0.054902
0.239216
0.278431
0.250980
0.482353
0.427451
0.235294
0.203922
0.180392
0.423529
0.380392
0.329412
0.192157
0.749020
0.423529
0.427451
0.796078
0.847059
0.450980
0.533333
0.776471
0.901961
0.749020
0.462745
0.658824
0.509804
0.270588
0.321569
0.243137
0.223529
0.294118
0.203922
0.074510
0.298039
0.145098
0.352941
0.529412
0.243137
0.196078
0.137255
0.113725
0.474510
0.490196
0.239216
0.521569
0.670588
0.752941
0.654902
0.894118
0.909804
0.584314
0.486275
0.752941
0.776471
0.541176
0.313725
0.588235
0.443137
0.200000
0.145098
0.168627
0.196078
0.388235
0.309804
0.062745
0.180392
0.356863
0.603922
0.368627
0.027451
0.098039
0.172549
0.160784
0.211765
0.345098
0.266667
0.694118
0.396078
0.494118
0.898039
0.847059
0.698039
0.568627
0.392157
0.890196
0.666667
0.615686
0.513725
0.333333
0.298039
0.184314
0.176471
0.200000
0.266667
0.333333
0.435294
0.098039
0.180392
0.541176
0.529412
0.211765
0.137255
0.200000
0.164706
0.145098
0.113725
0.278431
0.478431
0.541176
0.258824
0.403922
0.858824
0.749020
0.517647
0.141176
0.396078
0.945098
0.607843
0.376471
0.600000
0.619608
0.458824
0.486275
0.345098
0.239216
0.200000
0.192157
0.415686
0.192157
0.301961
0.415686
0.247059
0.176471
0.168627
0.227451
0.227451
0.121569
0.125490
0.250980
0.521569
0.392157
0.215686
0.403922
0.603922
0.764706
0.313725
0.047059
0.278431
0.796078
0.741176
0.592157
0.564706
0.494118
0.478431
0.792157
0.400000
0.239216
0.207843
0.219608
0.411765
0.352941
0.278431
0.439216
0.305882
0.188235
0.192157
0.023529
0.086275
0.239216
0.262745
0.227451
0.227451
0.321569
0.156863
0.341176
0.400000
0.768627
0.427451
0.121569
0.070588
0.486275
0.749020
0.501961
0.278431
0.462745
0.227451
0.678431
0.462745
0.250980
0.517647
0.435294
0.298039
0.313725
0.501961
0.494118
0.121569
0.168627
0.098039
0.050980
0.160784
0.082353
0.129412
0.243137
0.270588
0.180392
0.219608
0.290196
0.341176
0.474510
0.725490
0.572549
0.239216
0.592157
0.603922
0.223529
0.384314
0.262745
0.529412
0.717647
0.349020
0.227451
0.443137
0.580392
0.207843
0.203922
0.478431
0.160784
0.223529
0.498039
0.572549
0.407843
0.145098
0.262745
0.298039
0.450980
0.454902
0.133333
0.149020
0.098039
0.207843
0.376471
0.556863
0.811765
0.321569
0.262745
0.388235
0.356863
0.596078
0.537255
0.576471
0.356863
0.407843
0.231373
0.549020
0.533333
0.223529
0.113725
0.313725
0.054902
0.149020
0.356863
0.537255
0.309804
0.184314
0.333333
0.447059
0.580392
0.411765
0.243137
0.098039
0.074510
0.090196
0.329412
0.466667
0.588235
0.662745
0.278431
0.349020
0.600000
0.462745
0.435294
0.309804
0.223529
0.427451
0.274510
0.576471
0.584314
0.290196
0.141176
0.152941
0.050980
0.125490
0.192157
0.247059
0.231373
0.184314
0.337255
0.431373
0.415686
0.368627
0.376471
0.274510
0.352941
0.211765
0.231373
0.713725
0.768627
0.800000
0.713725
0.450980
0.482353
0.290196
0.631373
0.588235
0.560784
0.392157
0.341176
0.552941
0.529412
0.380392
0.309804
0.419608
0.482353
0.254902
0.392157
0.615686
0.658824
0.650980
0.725490
0.623529
0.690196
0.858824
0.756863
0.858824
0.882353
0.823529
0.839216
0.937255
0.843137
0.862745
0.780392
0.694118
0.549020
0.607843
0.717647
0.854902
0.827451
0.764706
0.533333
0.745098
0.396078
0.690196
0.576471
0.454902
0.509804
0.329412
0.501961
0.427451
0.372549
0.619608
0.776471
0.717647
0.729412
0.662745
0.721569
0.796078
0.815686
0.823529
0.764706
0.831373
0.878431
0.741176
0.658824
0.552941
0.509804
0.541176
0.572549
0.866667
0.784314
0.764706
0.615686
0.725490
0.411765
0.725490
0.705882
0.552941
0.560784
0.474510
0.607843
0.384314
0.427451
0.600000
0.670588
0.662745
0.627451
0.788235
0.678431
0.635294
0.854902
0.870588
0.917647
0.905882
0.874510
0.807843
0.498039
0.509804
0.486275
0.505882
0.517647
0.705882
0.776471
0.717647
0.674510
0.513725
0.392157
0.654902
0.737255
0.564706
0.490196
0.466667
0.560784
0.388235
0.572549
0.670588
0.678431
0.611765
0.760784
0.470588
0.282353
0.631373
0.901961
0.741176
0.839216
0.945098
0.819608
0.815686
0.317647
0.282353
0.584314
0.698039
0.466667
0.478431
0.607843
0.678431
0.772549
0.509804
0.313725
0.615686
0.713725
0.439216
0.278431
0.466667
0.466667
0.529412
0.639216
0.627451
0.470588
0.490196
0.792157
0.431373
0.454902
0.823529
0.454902
0.596078
0.843137
0.941176
0.945098
0.486275
0.262745
0.333333
0.698039
0.807843
0.419608
0.427451
0.666667
0.556863
0.839216
0.592157
0.294118
0.549020
0.670588
0.380392
0.196078
0.505882
0.372549
0.572549
0.639216
0.780392
0.658824
0.717647
0.823529
0.713725
0.709804
0.819608
0.741176
0.709804
0.635294
0.776471
0.776471
0.596078
0.776471
0.870588
0.694118
0.686275
0.600000
0.560784
0.784314
0.545098
0.741176
0.756863
0.368627
0.470588
0.674510
0.262745
0.200000
0.450980
0.239216
0.443137
0.654902
0.835294
0.690196
0.772549
0.658824
0.584314
0.670588
0.709804
0.541176
0.658824
0.709804
0.729412
0.643137
0.839216
0.878431
0.952941
0.811765
0.698039
0.745098
0.768627
0.784314
0.682353
0.545098
0.760784
0.549020
0.431373
0.552941
0.211765
0.262745
0.345098
0.160784
0.400000
0.509804
0.749020
0.858824
0.823529
0.447059
0.384314
0.482353
0.749020
0.686275
0.411765
0.458824
0.760784
0.454902
0.572549
0.772549
0.737255
0.925490
0.823529
0.745098
0.792157
0.733333
0.611765
0.584314
0.619608
0.674510
0.525490
0.419608
0.203922
0.360784
0.227451
0.152941
0.505882
0.568627
0.564706
0.725490
0.878431
0.596078
0.062745
0.286275
0.800000
0.921569
0.870588
0.439216
0.501961
0.486275
0.345098
0.647059
0.439216
0.796078
0.843137
0.650980
0.784314
0.784314
0.537255
0.545098
0.631373
0.631373
0.568627
0.403922
0.250980
0.411765
0.160784
0.145098
0.529412
0.705882
0.709804
0.717647
0.839216
0.713725
0.360784
0.498039
0.674510
0.654902
0.741176
0.807843
0.619608
0.549020
0.603922
0.670588
0.611765
0.564706
0.823529
0.647059
0.780392
0.882353
0.615686
0.443137
0.654902
0.596078
0.545098
0.498039
0.407843
0.478431
0.109804
0.156863
0.564706
0.572549
0.784314
0.686275
0.682353
0.647059
0.831373
0.572549
0.564706
0.423529
0.490196
0.717647
0.870588
0.662745
0.466667
0.227451
0.552941
0.458824
0.435294
0.623529
0.745098
0.800000
0.662745
0.619608
0.447059
0.639216
0.498039
0.545098
0.462745
0.423529
0.133333
0.329412
0.745098
0.403922
0.756863
0.541176
0.427451
0.592157
0.819608
0.721569
0.423529
0.317647
0.635294
0.411765
0.400000
0.698039
0.760784
0.392157
0.301961
0.403922
0.329412
0.819608
0.764706
0.670588
0.698039
0.776471
0.509804
0.580392
0.529412
0.556863
0.427451
0.372549
0.298039
0.431373
0.682353
0.772549
0.874510
0.588235
0.486275
0.325490
0.533333
0.800000
0.690196
0.615686
0.717647
0.376471
0.215686
0.447059
0.592157
0.800000
0.784314
0.400000
0.266667
0.631373
0.803922
0.725490
0.745098
0.819608
0.619608
0.360784
0.513725
0.313725
0.360784
0.247059
0.176471
0.447059
0.521569
0.866667
0.886275
0.862745
0.639216
0.337255
0.160784
0.396078
0.392157
0.388235
0.780392
0.564706
0.498039
0.623529
0.501961
0.333333
0.772549
0.392157
0.219608
0.333333
0.670588
0.737255
0.686275
0.886275
0.584314
0.290196
0.329412
0.384314
0.243137
0.117647
0.152941
0.517647
0.282353
0.560784
0.917647
0.941176
0.917647
0.678431
0.458824
0.168627
0.486275
0.584314
0.894118
0.890196
0.866667
0.729412
0.462745
0.235294
0.403922
0.568627
0.325490
0.207843
0.380392
0.635294
0.725490
0.870588
0.619608
0.305882
0.392157
0.396078
0.160784
0.098039
0.356863
0.533333
0.203922
0.380392
0.737255
0.921569
0.811765
0.678431
0.552941
0.184314
0.372549
0.764706
0.913725
0.960784
0.823529
0.749020
0.749020
0.572549
0.329412
0.403922
0.705882
0.376471
0.215686
0.450980
0.713725
0.878431
0.627451
0.329412
0.415686
0.298039
0.239216
0.298039
0.600000
0.400000
0.200000
0.329412
0.760784
0.760784
0.596078
0.658824
0.376471
0.235294
0.184314
0.403922
0.717647
0.925490
0.878431
0.682353
0.870588
0.862745
0.639216
0.549020
0.568627
0.690196
0.180392
0.337255
0.576471
0.792157
0.607843
0.301961
0.321569
0.219608
0.243137
0.368627
0.584314
0.254902
0.301961
0.580392
0.811765
0.627451
0.486275
0.639216
0.686275
0.411765
0.121569
0.133333
0.364706
0.823529
0.752941
0.549020
0.882353
0.890196
0.882353
0.835294
0.564706
0.403922
0.200000
0.196078
0.454902
0.647059
0.603922
0.372549
0.380392
0.235294
0.180392
0.301961
0.443137
0.364706
0.607843
0.784314
0.690196
0.403922
0.552941
0.486275
0.721569
0.647059
0.192157
0.082353
0.098039
0.439216
0.615686
0.611765
0.709804
0.662745
0.815686
0.858824
0.831373
0.494118
0.137255
0.101961
0.372549
0.568627
0.611765
0.298039
0.337255
0.219608
0.160784
0.427451
0.345098
0.639216
0.941176
0.623529
0.474510
0.533333
0.352941
0.423529
0.800000
0.525490
0.635294
0.513725
0.403922
0.152941
0.643137
0.768627
0.635294
0.701961
0.858824
0.972549
0.784314
0.443137
0.176471
0.094118
0.278431
0.498039
0.537255
0.223529
0.286275
0.196078
0.352941
0.560784
0.509804
0.607843
0.674510
0.368627
0.447059
0.611765
0.211765
0.427451
0.674510
0.643137
0.403922
0.917647
0.752941
0.654902
0.796078
0.737255
0.415686
0.678431
0.964706
0.627451
0.643137
0.305882
0.113725
0.137255
0.247059
0.411765
0.486275
0.274510
0.254902
0.149020
0.501961
0.552941
0.666667
0.627451
0.611765
0.494118
0.490196
0.490196
0.305882
0.411765
0.501961
0.525490
0.568627
0.635294
0.647059
0.945098
0.709804
0.564706
0.478431
0.674510
0.960784
0.717647
0.380392
0.294118
0.349020
0.443137
0.388235
0.470588
0.564706
0.341176
0.254902
0.149020
0.454902
0.541176
0.533333
0.745098
0.666667
0.505882
0.525490
0.466667
0.600000
0.454902
0.380392
0.227451
0.741176
0.419608
0.466667
0.827451
0.827451
0.423529
0.525490
0.776471
0.894118
0.709804
0.396078
0.600000
0.462745
0.282353
0.431373
0.462745
0.458824
0.403922
0.286275
0.156863
0.466667
0.345098
0.572549
0.717647
0.411765
0.466667
0.486275
0.435294
0.682353
0.596078
0.317647
0.560784
0.662745
0.752941
0.701961
0.929412
0.909804
0.588235
0.474510
0.713725
0.725490
0.498039
0.278431
0.529412
0.388235
0.203922
0.250980
0.372549
0.415686
0.482353
0.376471
0.125490
0.313725
0.517647
0.780392
0.537255
0.176471
0.352941
0.541176
0.537255
0.498039
0.505882
0.360784
0.780392
0.435294
0.505882
0.917647
0.850980
0.682353
0.588235
0.392157
0.858824
0.615686
0.552941
0.439216
0.254902
0.247059
0.188235
0.274510
0.384314
0.466667
0.431373
0.513725
0.172549
0.298039
0.678431
0.686275
0.384314
0.321569
0.458824
0.501961
0.505882
0.447059
0.521569
0.643137
0.698039
0.368627
0.454902
0.858824
0.721569
0.486275
0.160784
0.411765
0.952941
0.584314
0.301961
0.494118
0.545098
0.423529
0.505882
0.439216
0.403922
0.380392
0.294118
0.509804
0.286275
0.403922
0.541176
0.380392
0.309804
0.317647
0.431373
0.478431
0.396078
0.435294
0.572549
0.819608
0.623529
0.376471
0.494118
0.635294
0.760784
0.301961
0.066667
0.305882
0.819608
0.745098
0.556863
0.498039
0.454902
0.466667
0.827451
0.494118
0.392157
0.372549
0.313725
0.509804
0.478431
0.372549
0.537255
0.403922
0.282353
0.298039
0.164706
0.239216
0.427451
0.513725
0.564706
0.607843
0.623529
0.384314
0.482353
0.474510
0.800000
0.439216
0.149020
0.109804
0.533333
0.792157
0.517647
0.270588
0.462745
0.247059
0.729412
0.552941
0.384314
0.654902
0.517647
0.403922
0.462745
0.580392
0.568627
0.192157
0.239216
0.168627
0.176471
0.262745
0.164706
0.254902
0.494118
0.615686
0.517647
0.486275
0.466667
0.447059
0.537255
0.760784
0.611765
0.286275
0.658824
0.678431
0.282353
0.415686
0.294118
0.572549
0.776471
0.431373
0.341176
0.552941
0.635294
0.301961
0.364706
0.533333
0.215686
0.286275
0.564706
0.650980
0.560784
0.227451
0.282353
0.345098
0.596078
0.709804
0.458824
0.419608
0.282353
0.329412
0.462745
0.611765
0.854902
0.376471
0.341176
0.478431
0.435294
0.643137
0.572549
0.619608
0.411765
0.482353
0.321569
0.627451
0.568627
0.305882
0.274510
0.349020
0.101961
0.207843
0.443137
0.647059
0.466667
0.286275
0.372549
0.494118
0.709804
0.627451
0.537255
0.325490
0.219608
0.207843
0.423529
0.541176
0.647059
0.737255
0.364706
0.439216
0.670588
0.501961
0.450980
0.333333
0.254902
0.478431
0.337255
0.627451
0.607843
0.360784
0.286275
0.168627
0.086275
0.200000
0.309804
0.392157
0.380392
0.305882
0.439216
0.564706
0.623529
0.635294
0.631373
0.462745
0.486275
0.313725
0.321569
0.796078
0.831373
0.878431
0.800000
0.533333
0.533333
0.305882
0.623529
0.588235
0.572549
0.427451
0.392157
0.592157
0.545098
0.458824
0.466667
0.203922
0.164706
0.176471
0.219608
0.313725
0.407843
0.431373
0.478431
0.309804
0.400000
0.643137
0.529412
0.631373
0.698039
0.701961
0.749020
0.839216
0.694118
0.654902
0.517647
0.415686
0.286275
0.368627
0.439216
0.349020
0.211765
0.290196
0.250980
0.521569
0.145098
0.400000
0.301961
0.137255
0.180392
0.152941
0.188235
0.117647
0.082353
0.364706
0.517647
0.407843
0.462745
0.470588
0.482353
0.545098
0.592157
0.647059
0.611765
0.662745
0.658824
0.478431
0.360784
0.223529
0.180392
0.211765
0.211765
0.439216
0.250980
0.215686
0.239216
0.494118
0.164706
0.407843
0.376471
0.156863
0.231373
0.188235
0.176471
0.066667
0.101961
0.313725
0.400000
0.360784
0.380392
0.623529
0.466667
0.403922
0.639216
0.678431
0.749020
0.701961
0.627451
0.545098
0.211765
0.200000
0.141176
0.129412
0.164706
0.403922
0.364706
0.121569
0.168627
0.231373
0.149020
0.352941
0.384314
0.149020
0.192157
0.117647
0.101961
0.090196
0.235294
0.376471
0.411765
0.329412
0.533333
0.341176
0.149020
0.450980
0.721569
0.580392
0.678431
0.752941
0.600000
0.603922
0.109804
0.039216
0.266667
0.329412
0.168627
0.274510
0.278431
0.101961
0.145098
0.117647
0.125490
0.360784
0.368627
0.078431
0.062745
0.101961
0.078431
0.258824
0.305882
0.352941
0.231373
0.227451
0.588235
0.325490
0.341176
0.686275
0.325490
0.462745
0.701961
0.768627
0.760784
0.333333
0.125490
0.152941
0.400000
0.458824
0.156863
0.223529
0.345098
0.086275
0.184314
0.082353
0.086275
0.301961
0.341176
0.121569
0.058824
0.156863
0.117647
0.333333
0.321569
0.537255
0.447059
0.482353
0.635294
0.607843
0.596078
0.682353
0.596078
0.568627
0.478431
0.592157
0.592157
0.462745
0.670588
0.709804
0.396078
0.317647
0.286275
0.235294
0.419608
0.168627
0.211765
0.172549
0.047059
0.172549
0.364706
0.098039
0.117647
0.129412
0.113725
0.231373
0.352941
0.615686
0.501961
0.552941
0.486275
0.478431
0.525490
0.537255
0.368627
0.478431
0.525490
0.517647
0.439216
0.694118
0.772549
0.784314
0.498039
0.286275
0.349020
0.317647
0.372549
0.372549
0.152941
0.168627
0.090196
0.062745
0.254902
0.062745
0.109804
0.117647
0.113725
0.168627
0.235294
0.556863
0.690196
0.631373
0.309804
0.301961
0.333333
0.560784
0.490196
0.215686
0.262745
0.552941
0.258824
0.411765
0.623529
0.541176
0.658824
0.474510
0.294118
0.313725
0.337255
0.345098
0.227451
0.066667
0.137255
0.105882
0.141176
0.023529
0.094118
0.094118
0.133333
0.219608
0.282353
0.372549
0.564706
0.694118
0.466667
0.003922
0.149020
0.611765
0.713725
0.654902
0.243137
0.309804
0.266667
0.176471
0.466667
0.239216
0.584314
0.580392
0.188235
0.333333
0.407843
0.250980
0.200000
0.109804
0.105882
0.141176
0.129412
0.023529
0.113725
0.066667
0.109804
0.176471
0.407843
0.509804
0.537255
0.639216
0.584314
0.305882
0.341176
0.478431
0.439216
0.521569
0.603922
0.419608
0.317647
0.415686
0.501961
0.415686
0.360784
0.572549
0.196078
0.286275
0.439216
0.243137
0.086275
0.180392
0.090196
0.125490
0.211765
0.113725
0.152941
0.050980
0.082353
0.141176
0.286275
0.572549
0.482353
0.462745
0.509804
0.780392
0.407843
0.364706
0.219608
0.270588
0.509804
0.670588
0.439216
0.313725
0.101961
0.364706
0.250980
0.203922
0.203922
0.200000
0.258824
0.184314
0.207843
0.086275
0.176471
0.101961
0.254902
0.145098
0.109804
0.090196
0.203922
0.282353
0.109804
0.533333
0.313725
0.180392
0.427451
0.749020
0.560784
0.223529
0.117647
0.419608
0.239216
0.215686
0.486275
0.596078
0.247059
0.156863
0.203922
0.129412
0.454902
0.231373
0.133333
0.176471
0.298039
0.172549
0.203922
0.196078
0.290196
0.133333
0.129412
0.243137
0.235294
0.262745
0.486275
0.662745
0.372549
0.227451
0.149020
0.439216
0.650980
0.513725
0.419608
0.525490
0.231373
0.070588
0.239216
0.431373
0.650980
0.596078
0.207843
0.066667
0.333333
0.356863
0.207843
0.196078
0.305882
0.278431
0.078431
0.247059
0.101961
0.133333
0.117647
0.094118
0.184314
0.200000
0.654902
0.729412
0.690196
0.400000
0.149020
0.050980
0.270588
0.243137
0.231373
0.627451
0.431373
0.376471
0.415686
0.345098
0.200000
0.584314
0.200000
0.047059
0.129412
0.360784
0.282353
0.168627
0.356863
0.219608
0.070588
0.129412
0.200000
0.090196
0.117647
0.050980
0.192157
0.086275
0.431373
0.819608
0.823529
0.717647
0.482353
0.337255
0.082353
0.372549
0.458824
0.768627
0.796078
0.760784
0.521569
0.305882
0.109804
0.227451
0.372549
0.156863
0.078431
0.207843
0.266667
0.196078
0.325490
0.219608
0.133333
0.231373
0.231373
0.043137
0.105882
0.180392
0.200000
0.074510
0.282353
0.658824
0.823529
0.631373
0.474510
0.403922
0.098039
0.286275
0.678431
0.827451
0.894118
0.737255
0.560784
0.584314
0.411765
0.133333
0.203922
0.509804
0.254902
0.125490
0.188235
0.243137
0.360784
0.207843
0.184314
0.282353
0.156863
0.086275
0.094118
0.329412
0.156863
0.062745
0.203922
0.615686
0.584314
0.392157
0.419608
0.141176
0.105882
0.113725
0.372549
0.678431
0.866667
0.792157
0.549020
0.705882
0.658824
0.392157
0.301961
0.321569
0.501961
0.098039
0.219608
0.286275
0.352941
0.200000
0.176471
0.207843
0.094118
0.109804
0.133333
0.317647
0.058824
0.149020
0.431373
0.639216
0.435294
0.305882
0.435294
0.466667
0.243137
0.043137
0.094118
0.305882
0.721569
0.627451
0.392157
0.686275
0.639216
0.596078
0.545098
0.301961
0.215686
0.125490
0.125490
0.231373
0.247059
0.200000
0.239216
0.270588
0.105882
0.090196
0.109804
0.196078
0.149020
0.431373
0.619608
0.513725
0.231373
0.407843
0.349020
0.568627
0.474510
0.082353
0.019608
0.007843
0.313725
0.458824
0.415686
0.474510
0.384314
0.521569
0.588235
0.584314
0.317647
0.070588
0.039216
0.168627
0.203922
0.231373
0.160784
0.223529
0.109804
0.070588
0.219608
0.086275
0.376471
0.721569
0.431373
0.282353
0.368627
0.247059
0.352941
0.709804
0.376471
0.509804
0.427451
0.298039
0.058824
0.498039
0.568627
0.400000
0.443137
0.611765
0.752941
0.588235
0.294118
0.117647
0.050980
0.113725
0.172549
0.196078
0.070588
0.176471
0.105882
0.196078
0.298039
0.203922
0.294118
0.392157
0.137255
0.227451
0.435294
0.113725
0.384314
0.627451
0.545098
0.333333
0.850980
0.658824
0.556863
0.682353
0.568627
0.227451
0.494118
0.800000
0.478431
0.490196
0.176471
0.070588
0.094118
0.082353
0.121569
0.176471
0.105882
0.141176
0.078431
0.286275
0.262745
0.337255
0.301961
0.309804
0.231373
0.239216
0.282353
0.180392
0.349020
0.454902
0.454902
0.513725
0.580392
0.572549
0.858824
0.619608
0.431373
0.341176
0.564706
0.854902
0.611765
0.262745
0.152941
0.294118
0.384314
0.219608
0.188235
0.278431
0.164706
0.145098
0.101961
0.250980
0.294118
0.266667
0.490196
0.419608
0.219608
0.235294
0.215686
0.427451
0.345098
0.298039
0.160784
0.666667
0.341176
0.360784
0.717647
0.721569
0.282353
0.403922
0.690196
0.807843
0.600000
0.274510
0.431373
0.380392
0.219608
0.254902
0.188235
0.184314
0.227451
0.188235
0.129412
0.313725
0.176471
0.388235
0.556863
0.250980
0.176471
0.160784
0.152941
0.466667
0.439216
0.188235
0.443137
0.549020
0.623529
0.545098
0.780392
0.764706
0.411765
0.337255
0.619608
0.623529
0.372549
0.113725
0.356863
0.294118
0.129412
0.082353
0.105882
0.149020
0.301961
0.286275
0.113725
0.200000
0.368627
0.611765
0.376471
0.031373
0.086275
0.192157
0.215686
0.239216
0.321569
0.215686
0.635294
0.317647
0.380392
0.752941
0.701961
0.564706
0.466667
0.305882
0.776471
0.490196
0.396078
0.278431
0.121569
0.145098
0.105882
0.133333
0.156863
0.235294
0.290196
0.435294
0.149020
0.192157
0.525490
0.501961
0.200000
0.129412
0.172549
0.176471
0.196078
0.172549
0.313725
0.474510
0.525490
0.247059
0.341176
0.713725
0.596078
0.415686
0.113725
0.392157
0.894118
0.462745
0.176471
0.376471
0.400000
0.305882
0.415686
0.321569
0.219608
0.180392
0.180392
0.419608
0.215686
0.301961
0.396078
0.219608
0.164706
0.160784
0.203922
0.231373
0.149020
0.176471
0.321569
0.576471
0.380392
0.203922
0.352941
0.478431
0.635294
0.231373
0.019608
0.278431
0.760784
0.615686
0.419608
0.396078
0.329412
0.364706
0.737255
0.372549
0.203922
0.156863
0.149020
0.364706
0.345098
0.262745
0.415686
0.282353
0.176471
0.192157
0.023529
0.082353
0.243137
0.290196
0.290196
0.290196
0.301961
0.149020
0.309804
0.309804
0.670588
0.372549
0.101961
0.078431
0.466667
0.650980
0.364706
0.176471
0.364706
0.172549
0.635294
0.427451
0.196078
0.431373
0.321569
0.219608
0.290196
0.470588
0.466667
0.109804
0.168627
0.109804
0.082353
0.168627
0.062745
0.101961
0.227451
0.266667
0.145098
0.211765
0.278431
0.278431
0.415686
0.694118
0.552941
0.254902
0.588235
0.537255
0.149020
0.325490
0.219608
0.494118
0.682353
0.309804
0.164706
0.349020
0.462745
0.137255
0.200000
0.435294
0.141176
0.219608
0.509804
0.596078
0.482353
0.164706
0.219608
0.207843
0.341176
0.356863
0.066667
0.141176
0.094118
0.172549
0.349020
0.545098
0.796078
0.337255
0.274510
0.341176
0.286275
0.545098
0.501961
0.552941
0.325490
0.368627
0.172549
0.466667
0.431373
0.180392
0.145098
0.274510
0.050980
0.160784
0.384314
0.576471
0.388235
0.219608
0.301961
0.349020
0.443137
0.262745
0.152941
0.082353
0.074510
0.074510
0.309804
0.470588
0.576471
0.690196
0.294118
0.309804
0.537255
0.423529
0.392157
0.270588
0.188235
0.380392
0.235294
0.505882
0.490196
0.254902
0.176471
0.129412
0.054902
0.164706
0.235294
0.294118
0.290196
0.227451
0.345098
0.384314
0.313725
0.239216
0.270588
0.250980
0.360784
0.203922
0.223529
0.725490
0.760784
0.835294
0.733333
0.407843
0.415686
0.239216
0.568627
0.521569
0.498039
0.341176
0.313725
0.498039
0.415686
0.321569
0.329412
