1.000000
1.000000
1.000000
1.000000
1.000000
1.000000
1.000000
1.000000
1.000000
1.000000
1.000000
1.000000
1.000000
1.000000
1.000000
1.000000
1.000000
1.000000
1.000000
1.000000
1.000000
1.000000
1.000000
1.000000
1.000000
1.000000
1.000000
1.000000
1.000000
1.000000
1.000000
1.000000
1.000000
1.000000
1.000000
1.000000
1.000000
1.000000
1.000000
1.000000
1.000000
1.000000
1.000000
1.000000
1.000000
1.000000
1.000000
1.000000
1.000000
1.000000
1.000000
1.000000
1.000000
1.000000
1.000000
1.000000
1.000000
1.000000
1.000000
1.000000
1.000000
1.000000
1.000000
1.000000
1.000000
1.000000
1.000000
1.000000
1.000000
1.000000
1.000000
1.000000
1.000000
1.000000
1.000000
1.000000
1.000000
1.000000
1.000000
1.000000
1.000000
1.000000
1.000000
1.000000
1.000000
1.000000
1.000000
1.000000
1.000000
1.000000
1.000000
1.000000
1.000000
1.000000
1.000000
1.000000
1.000000
1.000000
1.000000
1.000000
1.000000
1.000000
1.000000
1.000000
1.000000
1.000000
1.000000
1.000000
1.000000
1.000000
1.000000
1.000000
1.000000
1.000000
1.000000
1.000000
1.000000
1.000000
1.000000
1.000000
1.000000
1.000000
1.000000
1.000000
1.000000
1.000000
1.000000
1.000000
0.996078
0.996078
0.996078
1.000000
1.000000
1.000000
1.000000
1.000000
1.000000
1.000000
0.996078
1.000000
1.000000
1.000000
1.000000
0.996078
0.996078
1.000000
1.000000
1.000000
1.000000
1.000000
1.000000
1.000000
1.000000
1.000000
1.000000
1.000000
1.000000
1.000000
1.000000
1.000000
0.992157
0.992157
0.992157
0.992157
0.996078
1.000000
1.000000
1.000000
1.000000
1.000000
0.992157
0.996078
0.992157
0.988235
0.992157
0.988235
0.988235
0.996078
1.000000
1.000000
1.000000
1.000000
1.000000
1.000000
1.000000
1.000000
1.000000
1.000000
1.000000
1.000000
1.000000
1.000000
1.000000
0.996078
1.000000
0.988235
0.996078
1.000000
1.000000
1.000000
1.000000
0.996078
0.992157
0.980392
0.980392
0.992157
0.988235
0.996078
0.992157
0.996078
1.000000
1.000000
1.000000
1.000000
1.000000
1.000000
1.000000
1.000000
1.000000
1.000000
1.000000
1.000000
1.000000
1.000000
1.000000
0.996078
0.988235
0.996078
1.000000
1.000000
1.000000
1.000000
1.000000
1.000000
0.976471
0.937255
0.988235
0.988235
0.988235
0.980392
0.964706
0.996078
1.000000
1.000000
1.000000
1.000000
1.000000
1.000000
1.000000
1.000000
1.000000
1.000000
1.000000
1.000000
1.000000
1.000000
0.988235
0.992157
0.988235
0.984314
0.980392
1.000000
1.000000
1.000000
1.000000
0.996078
0.984314
0.968627
0.992157
0.988235
0.996078
0.949020
0.925490
0.996078
1.000000
1.000000
1.000000
1.000000
1.000000
1.000000
1.000000
1.000000
1.000000
1.000000
1.000000
1.000000
1.000000
1.000000
0.980392
1.000000
1.000000
0.988235
0.968627
1.000000
1.000000
1.000000
1.000000
0.996078
0.996078
1.000000
0.984314
0.933333
0.980392
0.964706
0.913725
1.000000
1.000000
0.996078
1.000000
0.996078
0.996078
1.000000
0.996078
1.000000
1.000000
1.000000
1.000000
1.000000
1.000000
1.000000
0.858824
0.854902
0.843137
0.882353
0.890196
0.941176
0.949020
0.956863
0.952941
0.972549
0.956863
0.886275
0.819608
0.792157
0.827451
0.811765
0.854902
0.909804
0.937255
0.952941
0.949020
0.972549
0.980392
0.972549
0.996078
0.996078
0.996078
1.000000
0.996078
0.996078
1.000000
1.000000
0.584314
0.564706
0.592157
0.647059
0.662745
0.705882
0.709804
0.741176
0.709804
0.623529
0.670588
0.701961
0.666667
0.713725
0.713725
0.600000
0.623529
0.627451
0.631373
0.658824
0.674510
0.701961
0.811765
0.796078
0.850980
0.917647
0.929412
0.952941
0.984314
0.984314
0.988235
0.984314
0.529412
0.517647
0.556863
0.588235
0.592157
0.607843
0.588235
0.623529
0.627451
0.501961
0.494118
0.560784
0.603922
0.619608
0.623529
0.580392
0.521569
0.541176
0.521569
0.521569
0.521569
0.494118
0.549020
0.529412
0.572549
0.647059
0.623529
0.666667
0.756863
0.819608
0.847059
0.819608
0.690196
0.666667
0.611765
0.635294
0.654902
0.666667
0.650980
0.658824
0.596078
0.541176
0.529412
0.486275
0.592157
0.654902
0.639216
0.662745
0.694118
0.682353
0.552941
0.541176
0.521569
0.478431
0.505882
0.533333
0.533333
0.552941
0.501961
0.482353
0.474510
0.552941
0.572549
0.572549
0.760784
0.764706
0.670588
0.678431
0.623529
0.592157
0.592157
0.631373
0.525490
0.407843
0.423529
0.458824
0.639216
0.756863
0.717647
0.827451
0.886275
0.756863
0.568627
0.517647
0.509804
0.454902
0.474510
0.552941
0.564706
0.525490
0.415686
0.443137
0.431373
0.458824
0.419608
0.411765
0.596078
0.580392
0.576471
0.650980
0.619608
0.627451
0.611765
0.650980
0.635294
0.631373
0.631373
0.643137
0.752941
0.843137
0.760784
0.796078
0.811765
0.658824
0.580392
0.662745
0.647059
0.592157
0.596078
0.607843
0.615686
0.588235
0.517647
0.513725
0.482353
0.525490
0.517647
0.501961
0.666667
0.619608
0.615686
0.647059
0.639216
0.690196
0.686275
0.784314
0.847059
0.890196
0.882353
0.752941
0.760784
0.682353
0.701961
0.650980
0.678431
0.647059
0.686275
0.929412
0.913725
0.843137
0.843137
0.745098
0.772549
0.733333
0.803922
0.823529
0.831373
0.854902
0.870588
0.866667
0.956863
0.945098
0.933333
0.925490
0.890196
0.874510
0.854902
0.901961
0.894118
0.937255
0.898039
0.784314
0.709804
0.423529
0.529412
0.490196
0.450980
0.600000
0.756863
0.949020
0.776471
0.768627
0.870588
0.823529
0.749020
0.709804
0.847059
0.882353
0.976471
1.000000
1.000000
1.000000
0.988235
0.992157
0.992157
0.992157
0.980392
0.956863
0.968627
0.972549
0.949020
0.929412
0.835294
0.870588
0.796078
0.501961
0.525490
0.486275
0.376471
0.490196
0.733333
0.921569
0.784314
0.745098
0.713725
0.737255
0.607843
0.682353
0.654902
0.694118
0.949020
1.000000
0.996078
0.996078
0.988235
0.988235
0.980392
0.976471
0.858824
0.788235
0.827451
0.878431
0.921569
0.862745
0.803922
0.882353
0.796078
0.674510
0.643137
0.647059
0.572549
0.521569
0.713725
0.811765
0.756863
0.737255
0.694118
0.639216
0.627451
0.654902
0.603922
0.686275
0.952941
1.000000
1.000000
1.000000
0.996078
0.992157
0.976471
0.890196
0.788235
0.800000
0.764706
0.658824
0.588235
0.647059
0.588235
0.643137
0.686275
0.674510
0.584314
0.619608
0.654902
0.537255
0.631373
0.745098
0.776471
0.800000
0.796078
0.666667
0.721569
0.619608
0.615686
0.776471
0.972549
0.992157
0.996078
1.000000
0.996078
0.980392
0.839216
0.717647
0.698039
0.717647
0.674510
0.635294
0.592157
0.654902
0.533333
0.462745
0.501961
0.576471
0.576471
0.603922
0.560784
0.462745
0.584314
0.788235
0.819608
0.800000
0.694118
0.494118
0.682353
0.662745
0.670588
0.835294
0.964706
0.980392
0.988235
0.992157
0.996078
0.976471
0.717647
0.552941
0.529412
0.517647
0.525490
0.584314
0.647059
0.674510
0.686275
0.588235
0.313725
0.439216
0.756863
0.811765
0.807843
0.768627
0.749020
0.776471
0.788235
0.745098
0.541176
0.400000
0.678431
0.694118
0.709804
0.874510
0.976471
0.996078
1.000000
1.000000
1.000000
0.980392
0.772549
0.498039
0.454902
0.439216
0.443137
0.462745
0.486275
0.525490
0.529412
0.431373
0.266667
0.333333
0.658824
0.776471
0.823529
0.807843
0.768627
0.784314
0.764706
0.611765
0.372549
0.337255
0.513725
0.466667
0.427451
0.764706
1.000000
1.000000
1.000000
1.000000
1.000000
0.984314
0.847059
0.494118
0.427451
0.388235
0.372549
0.392157
0.427451
0.411765
0.333333
0.243137
0.254902
0.282353
0.411765
0.729412
0.725490
0.670588
0.588235
0.521569
0.427451
0.301961
0.239216
0.278431
0.270588
0.270588
0.329412
0.729412
0.996078
1.000000
1.000000
1.000000
1.000000
0.984314
0.921569
0.501961
0.301961
0.266667
0.286275
0.290196
0.278431
0.250980
0.211765
0.211765
0.247059
0.262745
0.219608
0.321569
0.258824
0.247059
0.235294
0.231373
0.227451
0.239216
0.290196
0.329412
0.435294
0.501961
0.576471
0.823529
0.992157
1.000000
1.000000
1.000000
1.000000
0.988235
0.886275
0.368627
0.364706
0.164706
0.145098
0.149020
0.149020
0.168627
0.172549
0.164706
0.184314
0.188235
0.227451
0.247059
0.243137
0.305882
0.396078
0.501961
0.552941
0.635294
0.694118
0.698039
0.768627
0.815686
0.890196
0.952941
0.984314
1.000000
1.000000
1.000000
1.000000
0.984314
0.913725
0.474510
0.380392
0.184314
0.211765
0.305882
0.352941
0.298039
0.352941
0.321569
0.333333
0.333333
0.380392
0.431373
0.454902
0.525490
0.686275
0.831373
0.843137
0.913725
0.945098
0.937255
0.960784
0.968627
0.976471
0.984314
0.992157
1.000000
1.000000
1.000000
1.000000
0.992157
0.956863
0.741176
0.619608
0.576471
0.647059
0.729412
0.760784
0.764706
0.792157
0.721569
0.647059
0.619608
0.615686
0.623529
0.674510
0.756863
0.882353
0.964706
0.972549
0.984314
0.988235
0.984314
0.988235
0.980392
0.980392
0.988235
1.000000
1.000000
1.000000
1.000000
1.000000
0.996078
0.980392
0.972549
0.956863
0.937255
0.933333
0.949020
0.968627
0.968627
0.952941
0.933333
0.882353
0.815686
0.776471
0.764706
0.847059
0.925490
0.968627
0.984314
0.984314
0.992157
0.992157
0.992157
0.992157
0.992157
0.988235
0.992157
1.000000
1.000000
1.000000
1.000000
1.000000
1.000000
0.992157
1.000000
0.980392
0.984314
0.976471
0.984314
0.988235
0.984314
0.980392
0.980392
0.968627
0.960784
0.933333
0.901961
0.929412
0.960784
0.988235
0.980392
0.984314
1.000000
1.000000
1.000000
1.000000
0.996078
0.992157
0.992157
1.000000
1.000000
1.000000
1.000000
1.000000
0.996078
0.992157
0.988235
0.996078
0.988235
0.988235
0.992157
0.992157
0.988235
0.984314
0.988235
0.988235
0.988235
0.976471
0.968627
0.964706
0.980392
0.992157
0.984314
0.992157
1.000000
1.000000
1.000000
1.000000
1.000000
0.992157
0.992157
1.000000
1.000000
1.000000
1.000000
1.000000
1.000000
1.000000
1.000000
1.000000
1.000000
1.000000
1.000000
1.000000
1.000000
1.000000
1.000000
1.000000
1.000000
1.000000
1.000000
1.000000
1.000000
1.000000
1.000000
1.000000
1.000000
1.000000
1.000000
1.000000
1.000000
1.000000
1.000000
1.000000
1.000000
1.000000
1.000000
1.000000
1.000000
1.000000
1.000000
1.000000
1.000000
1.000000
1.000000
1.000000
1.000000
1.000000
1.000000
1.000000
1.000000
1.000000
1.000000
1.000000
1.000000
1.000000
1.000000
1.000000
1.000000
1.000000
1.000000
1.000000
1.000000
1.000000
1.000000
1.000000
1.000000
1.000000
1.000000
1.000000
1.000000
1.000000
1.000000
1.000000
1.000000
1.000000
1.000000
1.000000
1.000000
1.000000
1.000000
1.000000
1.000000
1.000000
1.000000
1.000000
1.000000
1.000000
1.000000
1.000000
1.000000
1.000000
1.000000
1.000000
1.000000
1.000000
1.000000
1.000000
1.000000
1.000000
1.000000
1.000000
1.000000
1.000000
1.000000
1.000000
1.000000
1.000000
1.000000
1.000000
1.000000
1.000000
1.000000
1.000000
1.000000
1.000000
1.000000
1.000000
1.000000
1.000000
1.000000
1.000000
1.000000
1.000000
1.000000
1.000000
1.000000
1.000000
1.000000
1.000000
1.000000
1.000000
1.000000
0.996078
0.996078
0.996078
1.000000
1.000000
1.000000
1.000000
1.000000
1.000000
1.000000
0.996078
1.000000
1.000000
1.000000
1.000000
0.996078
0.996078
1.000000
1.000000
1.000000
1.000000
1.000000
1.000000
1.000000
1.000000
1.000000
1.000000
1.000000
1.000000
1.000000
1.000000
1.000000
0.992157
0.992157
0.992157
0.992157
0.996078
1.000000
1.000000
1.000000
1.000000
1.000000
0.992157
0.996078
0.992157
0.988235
0.992157
0.988235
0.988235
0.996078
1.000000
1.000000
1.000000
1.000000
1.000000
1.000000
1.000000
1.000000
1.000000
1.000000
1.000000
1.000000
1.000000
1.000000
1.000000
0.996078
1.000000
0.988235
0.996078
1.000000
1.000000
1.000000
1.000000
0.996078
0.992157
0.980392
0.980392
0.992157
0.988235
0.996078
0.992157
0.996078
1.000000
1.000000
1.000000
1.000000
1.000000
1.000000
1.000000
1.000000
1.000000
1.000000
1.000000
1.000000
1.000000
1.000000
1.000000
0.996078
0.988235
0.996078
1.000000
1.000000
1.000000
1.000000
1.000000
1.000000
0.976471
0.937255
0.988235
0.988235
0.988235
0.980392
0.964706
0.996078
1.000000
1.000000
1.000000
1.000000
1.000000
1.000000
1.000000
1.000000
1.000000
1.000000
1.000000
1.000000
1.000000
1.000000
0.988235
0.992157
0.988235
0.984314
0.980392
1.000000
1.000000
1.000000
1.000000
0.996078
0.984314
0.968627
0.988235
0.988235
1.000000
0.949020
0.925490
0.996078
1.000000
1.000000
1.000000
1.000000
1.000000
1.000000
1.000000
1.000000
1.000000
1.000000
1.000000
1.000000
1.000000
1.000000
0.980392
1.000000
1.000000
0.988235
0.968627
1.000000
1.000000
1.000000
1.000000
0.992157
0.996078
1.000000
0.984314
0.933333
0.980392
0.964706
0.913725
1.000000
1.000000
0.996078
1.000000
0.996078
0.996078
1.000000
0.996078
1.000000
1.000000
1.000000
1.000000
1.000000
1.000000
1.000000
0.886275
0.882353
0.870588
0.905882
0.909804
0.949020
0.952941
0.956863
0.952941
0.972549
0.972549
0.909804
0.839216
0.792157
0.803922
0.796078
0.854902
0.929412
0.964706
0.976471
0.972549
1.000000
1.000000
0.984314
1.000000
0.992157
0.996078
1.000000
0.996078
0.992157
0.988235
0.992157
0.643137
0.623529
0.650980
0.701961
0.705882
0.737255
0.733333
0.752941
0.717647
0.631373
0.705882
0.752941
0.709804
0.717647
0.674510
0.568627
0.627451
0.662745
0.690196
0.705882
0.721569
0.764706
0.862745
0.823529
0.858824
0.913725
0.941176
0.964706
0.988235
0.980392
0.972549
0.976471
0.592157
0.576471
0.611765
0.643137
0.650980
0.666667
0.639216
0.666667
0.662745
0.537255
0.549020
0.623529
0.662745
0.635294
0.600000
0.549020
0.513725
0.568627
0.572549
0.568627
0.568627
0.556863
0.600000
0.556863
0.576471
0.643137
0.662745
0.717647
0.800000
0.850980
0.866667
0.847059
0.745098
0.717647
0.662745
0.686275
0.725490
0.752941
0.725490
0.725490
0.658824
0.600000
0.588235
0.549020
0.647059
0.678431
0.627451
0.627451
0.674510
0.698039
0.592157
0.576471
0.556863
0.541176
0.552941
0.560784
0.541176
0.552941
0.568627
0.572549
0.556863
0.619608
0.623529
0.635294
0.807843
0.811765
0.713725
0.721569
0.698039
0.686275
0.674510
0.705882
0.592157
0.466667
0.466667
0.501961
0.674510
0.768627
0.701961
0.784314
0.862745
0.764706
0.596078
0.541176
0.537255
0.509804
0.517647
0.584314
0.576471
0.533333
0.498039
0.549020
0.529412
0.545098
0.498039
0.490196
0.635294
0.615686
0.611765
0.686275
0.674510
0.694118
0.674510
0.705882
0.678431
0.662745
0.635294
0.643137
0.737255
0.815686
0.717647
0.741176
0.772549
0.662745
0.600000
0.678431
0.670588
0.650980
0.643137
0.643137
0.639216
0.607843
0.596078
0.611765
0.568627
0.600000
0.584314
0.568627
0.698039
0.650980
0.643137
0.670588
0.666667
0.721569
0.709804
0.796078
0.854902
0.890196
0.850980
0.698039
0.694118
0.607843
0.623529
0.584314
0.639216
0.647059
0.705882
0.945098
0.937255
0.901961
0.898039
0.792157
0.815686
0.768627
0.862745
0.886275
0.882353
0.894118
0.905882
0.898039
0.980392
0.964706
0.949020
0.941176
0.898039
0.870588
0.843137
0.878431
0.862745
0.905882
0.835294
0.694118
0.603922
0.313725
0.435294
0.419608
0.415686
0.603922
0.780392
0.968627
0.803922
0.831373
0.929412
0.878431
0.807843
0.760784
0.882353
0.909804
0.996078
1.000000
1.000000
1.000000
1.000000
1.000000
1.000000
1.000000
0.976471
0.937255
0.941176
0.941176
0.913725
0.882353
0.772549
0.780392
0.690196
0.403922
0.447059
0.427451
0.352941
0.498039
0.768627
0.952941
0.827451
0.807843
0.776471
0.796078
0.670588
0.741176
0.678431
0.701961
0.952941
1.000000
0.996078
0.992157
0.992157
0.992157
0.984314
0.980392
0.850980
0.772549
0.807843
0.850980
0.890196
0.823529
0.776471
0.831373
0.725490
0.615686
0.615686
0.615686
0.556863
0.541176
0.760784
0.862745
0.803922
0.800000
0.752941
0.705882
0.694118
0.721569
0.631373
0.690196
0.956863
1.000000
1.000000
1.000000
0.996078
0.996078
0.976471
0.890196
0.796078
0.807843
0.768627
0.654902
0.572549
0.639216
0.615686
0.647059
0.666667
0.674510
0.619608
0.615686
0.647059
0.572549
0.694118
0.803922
0.827451
0.854902
0.854902
0.729412
0.788235
0.690196
0.658824
0.803922
0.992157
1.000000
1.000000
1.000000
0.996078
0.984314
0.843137
0.725490
0.721569
0.749020
0.698039
0.650980
0.600000
0.674510
0.600000
0.501961
0.529412
0.619608
0.654902
0.631373
0.572549
0.505882
0.654902
0.854902
0.878431
0.847059
0.749020
0.552941
0.745098
0.725490
0.713725
0.870588
0.992157
1.000000
1.000000
1.000000
1.000000
0.992157
0.749020
0.600000
0.572549
0.549020
0.556863
0.611765
0.674510
0.705882
0.737255
0.627451
0.349020
0.482353
0.807843
0.858824
0.854902
0.827451
0.815686
0.843137
0.847059
0.792157
0.588235
0.447059
0.729412
0.749020
0.737255
0.886275
0.984314
1.000000
1.000000
1.000000
1.000000
1.000000
0.819608
0.564706
0.505882
0.470588
0.474510
0.494118
0.517647
0.556863
0.564706
0.466667
0.301961
0.368627
0.694118
0.827451
0.886275
0.870588
0.831373
0.847059
0.823529
0.658824
0.419608
0.384314
0.560784
0.513725
0.443137
0.768627
0.996078
0.996078
1.000000
1.000000
1.000000
1.000000
0.886275
0.556863
0.478431
0.419608
0.403922
0.423529
0.458824
0.447059
0.368627
0.278431
0.290196
0.317647
0.447059
0.780392
0.784314
0.725490
0.647059
0.580392
0.482353
0.349020
0.286275
0.325490
0.317647
0.317647
0.345098
0.733333
0.992157
1.000000
1.000000
1.000000
1.000000
1.000000
0.952941
0.552941
0.345098
0.298039
0.317647
0.317647
0.305882
0.282353
0.243137
0.247059
0.278431
0.298039
0.250980
0.364706
0.313725
0.298039
0.290196
0.282353
0.278431
0.282353
0.329412
0.368627
0.478431
0.541176
0.592157
0.827451
0.992157
1.000000
1.000000
1.000000
1.000000
1.000000
0.913725
0.411765
0.400000
0.192157
0.172549
0.176471
0.176471
0.196078
0.200000
0.196078
0.215686
0.215686
0.254902
0.286275
0.290196
0.349020
0.443137
0.545098
0.592157
0.670588
0.725490
0.729412
0.803922
0.847059
0.905882
0.960784
0.984314
1.000000
1.000000
1.000000
1.000000
0.996078
0.933333
0.505882
0.407843
0.207843
0.235294
0.329412
0.376471
0.321569
0.380392
0.349020
0.356863
0.356863
0.403922
0.466667
0.490196
0.560784
0.725490
0.866667
0.878431
0.945098
0.972549
0.968627
0.988235
0.996078
0.992157
0.992157
0.992157
1.000000
0.996078
1.000000
1.000000
1.000000
0.968627
0.764706
0.639216
0.592157
0.662745
0.745098
0.776471
0.784314
0.811765
0.741176
0.666667
0.639216
0.635294
0.647059
0.701961
0.784314
0.909804
0.988235
0.996078
1.000000
1.000000
1.000000
1.000000
0.996078
0.996078
1.000000
1.000000
1.000000
0.996078
1.000000
1.000000
0.996078
0.984314
0.980392
0.972549
0.952941
0.952941
0.968627
0.984314
0.988235
0.968627
0.949020
0.894118
0.831373
0.792157
0.780392
0.866667
0.945098
0.984314
1.000000
1.000000
1.000000
1.000000
1.000000
1.000000
1.000000
1.000000
1.000000
1.000000
1.000000
0.996078
0.996078
1.000000
1.000000
0.992157
1.000000
0.988235
0.996078
0.988235
0.992157
1.000000
0.996078
0.992157
0.992157
0.980392
0.968627
0.945098
0.909804
0.941176
0.972549
1.000000
0.992157
0.992157
1.000000
1.000000
1.000000
1.000000
1.000000
1.000000
1.000000
1.000000
1.000000
0.996078
0.996078
1.000000
0.996078
0.992157
0.984314
0.996078
0.992157
0.992157
0.996078
0.996078
0.992157
0.988235
0.992157
0.992157
0.992157
0.980392
0.972549
0.968627
0.984314
0.996078
0.992157
0.996078
0.996078
0.996078
0.996078
0.996078
0.996078
1.000000
1.000000
1.000000
1.000000
0.996078
0.996078
1.000000
1.000000
1.000000
1.000000
1.000000
1.000000
1.000000
1.000000
1.000000
1.000000
1.000000
1.000000
1.000000
1.000000
1.000000
1.000000
1.000000
1.000000
1.000000
1.000000
1.000000
1.000000
1.000000
1.000000
1.000000
1.000000
1.000000
1.000000
1.000000
1.000000
1.000000
1.000000
1.000000
1.000000
1.000000
1.000000
1.000000
1.000000
1.000000
1.000000
1.000000
1.000000
1.000000
1.000000
1.000000
1.000000
1.000000
1.000000
1.000000
1.000000
1.000000
1.000000
1.000000
1.000000
1.000000
1.000000
1.000000
1.000000
1.000000
1.000000
1.000000
1.000000
1.000000
1.000000
1.000000
1.000000
1.000000
1.000000
1.000000
1.000000
1.000000
1.000000
1.000000
1.000000
1.000000
1.000000
1.000000
1.000000
1.000000
1.000000
1.000000
1.000000
1.000000
1.000000
1.000000
1.000000
1.000000
1.000000
1.000000
1.000000
1.000000
1.000000
1.000000
1.000000
1.000000
1.000000
1.000000
1.000000
1.000000
1.000000
1.000000
1.000000
1.000000
1.000000
1.000000
1.000000
1.000000
1.000000
1.000000
1.000000
1.000000
1.000000
1.000000
1.000000
1.000000
1.000000
1.000000
1.000000
1.000000
1.000000
1.000000
1.000000
1.000000
1.000000
1.000000
1.000000
1.000000
1.000000
0.996078
0.996078
0.996078
1.000000
1.000000
1.000000
1.000000
1.000000
1.000000
1.000000
0.996078
1.000000
1.000000
1.000000
1.000000
0.996078
0.996078
1.000000
1.000000
1.000000
1.000000
1.000000
1.000000
1.000000
1.000000
1.000000
1.000000
1.000000
1.000000
1.000000
1.000000
1.000000
0.992157
0.992157
0.992157
0.992157
0.996078
1.000000
1.000000
1.000000
1.000000
1.000000
0.992157
0.996078
0.992157
0.988235
0.992157
0.988235
0.988235
0.996078
1.000000
1.000000
1.000000
1.000000
1.000000
1.000000
1.000000
1.000000
1.000000
1.000000
1.000000
1.000000
1.000000
1.000000
1.000000
0.996078
0.996078
0.988235
0.996078
1.000000
1.000000
1.000000
1.000000
0.996078
0.992157
0.980392
0.980392
0.992157
0.988235
0.996078
0.992157
0.996078
1.000000
1.000000
1.000000
1.000000
1.000000
1.000000
1.000000
1.000000
1.000000
1.000000
1.000000
1.000000
1.000000
1.000000
1.000000
0.996078
0.988235
0.996078
1.000000
1.000000
1.000000
1.000000
1.000000
1.000000
0.976471
0.937255
0.988235
0.988235
0.988235
0.980392
0.960784
0.996078
1.000000
1.000000
1.000000
1.000000
1.000000
1.000000
1.000000
1.000000
1.000000
1.000000
1.000000
1.000000
1.000000
1.000000
0.988235
0.992157
0.988235
0.984314
0.980392
1.000000
1.000000
1.000000
1.000000
0.996078
0.984314
0.968627
0.988235
0.988235
0.996078
0.949020
0.925490
0.996078
1.000000
1.000000
1.000000
1.000000
1.000000
1.000000
1.000000
1.000000
1.000000
1.000000
1.000000
1.000000
1.000000
1.000000
0.980392
1.000000
1.000000
0.984314
0.968627
1.000000
1.000000
1.000000
1.000000
0.992157
0.996078
1.000000
0.984314
0.933333
0.980392
0.964706
0.909804
1.000000
0.996078
0.996078
0.996078
0.996078
0.996078
1.000000
1.000000
1.000000
1.000000
1.000000
1.000000
1.000000
1.000000
1.000000
0.929412
0.921569
0.917647
0.949020
0.949020
0.972549
0.976471
0.980392
0.972549
0.992157
0.996078
0.960784
0.901961
0.843137
0.831373
0.819608
0.886275
0.972549
0.996078
1.000000
1.000000
1.000000
1.000000
0.988235
0.996078
0.984314
0.996078
1.000000
1.000000
1.000000
1.000000
1.000000
0.729412
0.721569
0.756863
0.815686
0.803922
0.815686
0.811765
0.823529
0.776471
0.686275
0.764706
0.854902
0.843137
0.819608
0.721569
0.615686
0.701961
0.772549
0.807843
0.823529
0.823529
0.811765
0.894118
0.847059
0.866667
0.909804
0.949020
0.984314
1.000000
1.000000
1.000000
1.000000
0.678431
0.674510
0.721569
0.756863
0.756863
0.764706
0.729412
0.745098
0.737255
0.600000
0.603922
0.717647
0.780392
0.729412
0.631373
0.588235
0.588235
0.674510
0.701961
0.701961
0.686275
0.650980
0.678431
0.615686
0.619608
0.674510
0.701961
0.768627
0.858824
0.917647
0.941176
0.905882
0.823529
0.803922
0.760784
0.792157
0.831373
0.850980
0.823529
0.811765
0.737255
0.666667
0.623529
0.623529
0.741176
0.749020
0.650980
0.658824
0.741176
0.796078
0.705882
0.686275
0.666667
0.654902
0.658824
0.650980
0.619608
0.615686
0.643137
0.654902
0.643137
0.713725
0.725490
0.721569
0.874510
0.886275
0.803922
0.819608
0.792157
0.776471
0.760784
0.788235
0.662745
0.521569
0.490196
0.560784
0.752941
0.827451
0.721569
0.811765
0.917647
0.850980
0.698039
0.635294
0.631373
0.635294
0.635294
0.686275
0.666667
0.615686
0.592157
0.647059
0.631373
0.647059
0.600000
0.584314
0.690196
0.686275
0.690196
0.772549
0.752941
0.760784
0.729412
0.752941
0.725490
0.694118
0.654902
0.694118
0.811765
0.874510
0.745098
0.772549
0.827451
0.733333
0.686275
0.752941
0.749020
0.749020
0.737255
0.725490
0.717647
0.678431
0.682353
0.705882
0.658824
0.686275
0.666667
0.650980
0.741176
0.705882
0.709804
0.741176
0.721569
0.749020
0.733333
0.811765
0.862745
0.894118
0.878431
0.752941
0.768627
0.674510
0.670588
0.623529
0.690196
0.717647
0.772549
0.980392
0.972549
0.956863
0.945098
0.839216
0.854902
0.807843
0.905882
0.933333
0.917647
0.921569
0.929412
0.921569
0.984314
0.980392
0.968627
0.956863
0.917647
0.874510
0.843137
0.870588
0.847059
0.894118
0.870588
0.749020
0.682353
0.392157
0.494118
0.466667
0.470588
0.674510
0.843137
0.992157
0.835294
0.850980
0.945098
0.890196
0.811765
0.768627
0.909804
0.941176
1.000000
1.000000
1.000000
1.000000
1.000000
1.000000
1.000000
1.000000
0.984314
0.941176
0.937255
0.933333
0.894118
0.874510
0.807843
0.835294
0.760784
0.482353
0.521569
0.490196
0.411765
0.576471
0.831373
0.988235
0.854902
0.811765
0.776471
0.796078
0.670588
0.745098
0.701961
0.725490
0.960784
0.988235
0.972549
0.972549
1.000000
1.000000
0.996078
0.996078
0.874510
0.796078
0.823529
0.858824
0.890196
0.827451
0.807843
0.878431
0.788235
0.690196
0.694118
0.686275
0.631373
0.627451
0.835294
0.909804
0.831373
0.815686
0.776471
0.729412
0.717647
0.745098
0.662745
0.721569
0.964706
0.984314
0.968627
0.968627
1.000000
1.000000
0.996078
0.917647
0.839216
0.866667
0.815686
0.694118
0.603922
0.670588
0.639216
0.678431
0.717647
0.737255
0.694118
0.694118
0.733333
0.662745
0.768627
0.854902
0.866667
0.901961
0.909804
0.792157
0.850980
0.749020
0.709804
0.839216
0.996078
0.992157
0.980392
0.980392
0.996078
0.992157
0.866667
0.760784
0.784314
0.831373
0.776471
0.721569
0.666667
0.729412
0.623529
0.533333
0.568627
0.674510
0.717647
0.709804
0.658824
0.603922
0.737255
0.917647
0.929412
0.929412
0.835294
0.643137
0.835294
0.823529
0.788235
0.905882
1.000000
1.000000
0.992157
0.992157
0.996078
0.996078
0.780392
0.650980
0.647059
0.639216
0.647059
0.694118
0.760784
0.784314
0.788235
0.682353
0.407843
0.545098
0.874510
0.937255
0.945098
0.917647
0.905882
0.921569
0.929412
0.894118
0.690196
0.556863
0.839216
0.850980
0.815686
0.925490
1.000000
1.000000
0.984314
0.988235
0.996078
1.000000
0.850980
0.619608
0.576471
0.552941
0.556863
0.580392
0.603922
0.639216
0.627451
0.529412
0.368627
0.431373
0.756863
0.905882
0.972549
0.956863
0.917647
0.933333
0.913725
0.756863
0.517647
0.486275
0.658824
0.611765
0.513725
0.807843
1.000000
1.000000
0.984314
0.984314
0.996078
1.000000
0.909804
0.603922
0.541176
0.490196
0.478431
0.498039
0.533333
0.517647
0.427451
0.337255
0.345098
0.376471
0.505882
0.850980
0.862745
0.807843
0.725490
0.658824
0.560784
0.431373
0.368627
0.407843
0.396078
0.396078
0.411765
0.772549
1.000000
0.996078
0.980392
0.984314
0.996078
1.000000
0.964706
0.596078
0.400000
0.360784
0.380392
0.384314
0.368627
0.345098
0.298039
0.298039
0.329412
0.349020
0.305882
0.431373
0.384314
0.368627
0.356863
0.352941
0.341176
0.337255
0.384314
0.423529
0.533333
0.596078
0.643137
0.862745
1.000000
0.996078
0.984314
0.984314
0.996078
1.000000
0.925490
0.443137
0.443137
0.247059
0.223529
0.227451
0.231373
0.247059
0.247059
0.239216
0.258824
0.258824
0.301961
0.341176
0.349020
0.407843
0.501961
0.607843
0.647059
0.705882
0.760784
0.764706
0.839216
0.878431
0.925490
0.976471
0.992157
0.996078
0.984314
0.988235
0.996078
1.000000
0.945098
0.529412
0.443137
0.250980
0.278431
0.372549
0.419608
0.364706
0.415686
0.384314
0.396078
0.392157
0.439216
0.505882
0.537255
0.607843
0.772549
0.909804
0.913725
0.956863
0.980392
0.980392
0.992157
1.000000
1.000000
1.000000
0.996078
0.996078
0.984314
0.988235
1.000000
1.000000
0.976471
0.780392
0.662745
0.619608
0.694118
0.776471
0.807843
0.811765
0.839216
0.768627
0.694118
0.666667
0.662745
0.682353
0.737255
0.823529
0.945098
1.000000
1.000000
1.000000
1.000000
1.000000
1.000000
0.996078
0.996078
1.000000
1.000000
0.992157
0.984314
0.988235
1.000000
0.996078
0.988235
0.984314
0.980392
0.964706
0.964706
0.980392
0.992157
0.996078
0.984314
0.968627
0.917647
0.854902
0.811765
0.807843
0.894118
0.968627
0.996078
1.000000
1.000000
1.000000
1.000000
1.000000
1.000000
1.000000
1.000000
0.996078
0.996078
0.992157
0.988235
0.992157
1.000000
1.000000
0.992157
0.996078
0.988235
1.000000
0.988235
0.996078
1.000000
1.000000
1.000000
1.000000
0.996078
0.984314
0.960784
0.929412
0.956863
0.984314
1.000000
1.000000
1.000000
1.000000
1.000000
1.000000
1.000000
1.000000
0.992157
0.988235
0.992157
0.992157
0.992157
0.992157
1.000000
0.992157
0.984314
0.976471
0.988235
0.984314
0.984314
0.988235
0.988235
0.988235
0.996078
1.000000
0.996078
1.000000
0.988235
0.984314
0.976471
0.992157
1.000000
0.996078
1.000000
1.000000
1.000000
1.000000
1.000000
1.000000
0.984314
0.980392
0.984314
0.988235
0.992157
0.996078
