0.803922
0.803922
0.807843
0.807843
0.815686
0.823529
0.819608
0.819608
0.823529
0.835294
0.831373
0.823529
0.823529
0.823529
0.823529
0.823529
0.827451
0.831373
0.827451
0.823529
0.823529
0.815686
0.807843
0.811765
0.815686
0.815686
0.819608
0.827451
0.827451
0.819608
0.811765
0.807843
0.807843
0.807843
0.803922
0.800000
0.803922
0.807843
0.800000
0.803922
0.811765
0.827451
0.835294
0.831373
0.831373
0.835294
0.835294
0.839216
0.843137
0.839216
0.835294
0.835294
0.835294
0.823529
0.815686
0.819608
0.823529
0.823529
0.823529
0.819608
0.823529
0.827451
0.819608
0.815686
0.796078
0.796078
0.792157
0.780392
0.780392
0.788235
0.800000
0.803922
0.803922
0.811765
0.815686
0.800000
0.811765
0.827451
0.827451
0.835294
0.835294
0.831373
0.823529
0.819608
0.819608
0.815686
0.803922
0.807843
0.811765
0.811765
0.807843
0.800000
0.803922
0.807843
0.803922
0.800000
0.792157
0.792157
0.792157
0.796078
0.803922
0.811765
0.815686
0.819608
0.811765
0.811765
0.807843
0.800000
0.819608
0.831373
0.823529
0.823529
0.827451
0.827451
0.819608
0.815686
0.819608
0.811765
0.807843
0.811765
0.815686
0.815686
0.803922
0.803922
0.811765
0.807843
0.803922
0.803922
0.776471
0.772549
0.776471
0.788235
0.803922
0.807843
0.803922
0.807843
0.800000
0.800000
0.800000
0.803922
0.823529
0.827451
0.823529
0.823529
0.827451
0.827451
0.823529
0.815686
0.764706
0.768627
0.803922
0.800000
0.811765
0.811765
0.803922
0.803922
0.811765
0.811765
0.807843
0.800000
0.780392
0.780392
0.780392
0.784314
0.792157
0.784314
0.788235
0.788235
0.776471
0.768627
0.768627
0.772549
0.784314
0.800000
0.807843
0.807843
0.803922
0.803922
0.811765
0.749020
0.454902
0.529412
0.792157
0.792157
0.811765
0.807843
0.803922
0.796078
0.792157
0.803922
0.796078
0.784314
0.772549
0.764706
0.756863
0.760784
0.772549
0.776471
0.780392
0.772549
0.776471
0.776471
0.776471
0.784314
0.776471
0.780392
0.788235
0.784314
0.776471
0.772549
0.772549
0.674510
0.262745
0.423529
0.756863
0.764706
0.780392
0.788235
0.768627
0.764706
0.768627
0.776471
0.784314
0.772549
0.756863
0.752941
0.752941
0.745098
0.760784
0.772549
0.768627
0.772549
0.772549
0.760784
0.729412
0.737255
0.784314
0.788235
0.780392
0.760784
0.733333
0.756863
0.776471
0.635294
0.250980
0.517647
0.764706
0.729412
0.729412
0.741176
0.729412
0.741176
0.764706
0.764706
0.768627
0.768627
0.749020
0.749020
0.749020
0.749020
0.752941
0.756863
0.760784
0.713725
0.564706
0.407843
0.333333
0.368627
0.588235
0.784314
0.776471
0.752941
0.737255
0.733333
0.768627
0.603922
0.207843
0.513725
0.760784
0.741176
0.737255
0.721569
0.737255
0.749020
0.764706
0.756863
0.745098
0.749020
0.749020
0.745098
0.745098
0.741176
0.733333
0.705882
0.607843
0.419608
0.250980
0.184314
0.192157
0.231373
0.396078
0.607843
0.556863
0.611765
0.729412
0.733333
0.737255
0.580392
0.207843
0.431373
0.737255
0.741176
0.745098
0.725490
0.729412
0.737255
0.741176
0.745098
0.733333
0.729412
0.717647
0.705882
0.713725
0.713725
0.698039
0.580392
0.309804
0.172549
0.180392
0.184314
0.184314
0.207843
0.247059
0.333333
0.337255
0.345098
0.501961
0.627451
0.705882
0.486275
0.164706
0.384314
0.729412
0.749020
0.741176
0.729412
0.721569
0.721569
0.725490
0.741176
0.741176
0.737255
0.686275
0.690196
0.705882
0.709804
0.654902
0.388235
0.176471
0.160784
0.176471
0.176471
0.172549
0.192157
0.207843
0.223529
0.266667
0.282353
0.317647
0.360784
0.478431
0.337255
0.117647
0.356863
0.713725
0.749020
0.729412
0.737255
0.721569
0.670588
0.686275
0.721569
0.725490
0.729412
0.682353
0.678431
0.701961
0.709804
0.525490
0.211765
0.149020
0.156863
0.160784
0.152941
0.168627
0.192157
0.196078
0.203922
0.219608
0.239216
0.258824
0.243137
0.258824
0.219608
0.109804
0.333333
0.701961
0.733333
0.721569
0.737255
0.721569
0.658824
0.670588
0.709804
0.701961
0.682353
0.670588
0.670588
0.709804
0.670588
0.337255
0.149020
0.156863
0.145098
0.156863
0.156863
0.172549
0.196078
0.200000
0.196078
0.203922
0.207843
0.231373
0.219608
0.203922
0.188235
0.125490
0.376471
0.709804
0.713725
0.701961
0.713725
0.713725
0.701961
0.705882
0.713725
0.705882
0.666667
0.678431
0.682353
0.713725
0.564706
0.215686
0.172549
0.164706
0.145098
0.156863
0.168627
0.184314
0.207843
0.203922
0.196078
0.203922
0.192157
0.200000
0.215686
0.203922
0.200000
0.176471
0.431373
0.682353
0.690196
0.674510
0.674510
0.682353
0.686275
0.709804
0.713725
0.701961
0.686275
0.666667
0.658824
0.643137
0.384314
0.168627
0.192157
0.160784
0.141176
0.152941
0.176471
0.184314
0.200000
0.188235
0.188235
0.203922
0.200000
0.172549
0.196078
0.200000
0.215686
0.270588
0.482353
0.678431
0.698039
0.705882
0.698039
0.682353
0.678431
0.713725
0.701961
0.694118
0.701961
0.639216
0.658824
0.505882
0.223529
0.180392
0.184314
0.152941
0.137255
0.156863
0.184314
0.200000
0.196078
0.192157
0.192157
0.192157
0.192157
0.149020
0.172549
0.203922
0.250980
0.360784
0.529412
0.670588
0.694118
0.694118
0.670588
0.662745
0.674510
0.682353
0.674510
0.698039
0.690196
0.674510
0.607843
0.349020
0.188235
0.184314
0.176471
0.160784
0.156863
0.168627
0.188235
0.188235
0.188235
0.188235
0.192157
0.188235
0.184314
0.168627
0.176471
0.219608
0.317647
0.439216
0.584314
0.674510
0.662745
0.662745
0.666667
0.662745
0.654902
0.643137
0.650980
0.678431
0.682353
0.670588
0.486275
0.247059
0.200000
0.176471
0.180392
0.180392
0.172549
0.180392
0.192157
0.176471
0.176471
0.172549
0.184314
0.184314
0.176471
0.196078
0.243137
0.309804
0.423529
0.545098
0.635294
0.662745
0.670588
0.674510
0.670588
0.658824
0.666667
0.682353
0.658824
0.666667
0.678431
0.627451
0.411765
0.211765
0.211765
0.172549
0.180392
0.192157
0.172549
0.172549
0.203922
0.184314
0.160784
0.152941
0.168627
0.203922
0.274510
0.352941
0.462745
0.537255
0.592157
0.643137
0.666667
0.682353
0.686275
0.682353
0.682353
0.666667
0.666667
0.686275
0.682353
0.662745
0.650980
0.603922
0.376471
0.203922
0.200000
0.180392
0.192157
0.196078
0.180392
0.196078
0.211765
0.180392
0.156863
0.160784
0.250980
0.423529
0.545098
0.603922
0.639216
0.650980
0.674510
0.678431
0.678431
0.694118
0.686275
0.666667
0.654902
0.643137
0.658824
0.678431
0.674510
0.662745
0.639216
0.619608
0.380392
0.184314
0.184314
0.188235
0.203922
0.219608
0.223529
0.274510
0.258824
0.156863
0.239216
0.368627
0.498039
0.631373
0.647059
0.654902
0.658824
0.647059
0.662745
0.643137
0.647059
0.658824
0.650980
0.666667
0.650980
0.643137
0.654902
0.662745
0.654902
0.643137
0.631373
0.631373
0.458824
0.250980
0.196078
0.196078
0.203922
0.321569
0.349020
0.419608
0.352941
0.188235
0.419608
0.603922
0.631373
0.654902
0.662745
0.654902
0.643137
0.631373
0.647059
0.650980
0.643137
0.631373
0.639216
0.662745
0.647059
0.650980
0.639216
0.623529
0.643137
0.654902
0.658824
0.631373
0.600000
0.486275
0.384314
0.329412
0.286275
0.474510
0.525490
0.560784
0.431373
0.223529
0.352941
0.576471
0.639216
0.643137
0.666667
0.635294
0.627451
0.627451
0.643137
0.650980
0.623529
0.611765
0.631373
0.658824
0.650980
0.639216
0.619608
0.611765
0.619608
0.631373
0.647059
0.627451
0.619608
0.615686
0.600000
0.521569
0.494118
0.588235
0.603922
0.607843
0.462745
0.376471
0.411765
0.396078
0.584314
0.650980
0.647059
0.611765
0.627451
0.647059
0.639216
0.623529
0.611765
0.623529
0.619608
0.635294
0.647059
0.647059
0.631373
0.627451
0.635294
0.623529
0.639216
0.623529
0.639216
0.623529
0.615686
0.603922
0.584314
0.588235
0.564706
0.607843
0.462745
0.450980
0.635294
0.466667
0.403922
0.549020
0.631373
0.623529
0.619608
0.631373
0.619608
0.615686
0.619608
0.631373
0.647059
0.635294
0.635294
0.635294
0.623529
0.596078
0.596078
0.619608
0.611765
0.600000
0.627451
0.619608
0.607843
0.607843
0.600000
0.611765
0.584314
0.600000
0.431373
0.435294
0.592157
0.592157
0.490196
0.360784
0.478431
0.607843
0.623529
0.619608
0.631373
0.603922
0.619608
0.650980
0.650980
0.650980
0.654902
0.643137
0.619608
0.615686
0.603922
0.596078
0.572549
0.592157
0.611765
0.592157
0.584314
0.584314
0.572549
0.596078
0.580392
0.568627
0.407843
0.482353
0.631373
0.615686
0.643137
0.458824
0.352941
0.517647
0.615686
0.643137
0.607843
0.572549
0.596078
0.607843
0.639216
0.643137
0.643137
0.650980
0.635294
0.623529
0.619608
0.635294
0.611765
0.600000
0.607843
0.572549
0.572549
0.572549
0.541176
0.564706
0.572549
0.560784
0.376471
0.498039
0.654902
0.619608
0.631373
0.545098
0.419608
0.458824
0.552941
0.600000
0.592157
0.584314
0.572549
0.580392
0.611765
0.611765
0.627451
0.639216
0.623529
0.623529
0.627451
0.662745
0.631373
0.588235
0.592157
0.568627
0.576471
0.600000
0.572549
0.592157
0.576471
0.564706
0.364706
0.490196
0.623529
0.600000
0.576471
0.470588
0.364706
0.454902
0.580392
0.596078
0.580392
0.568627
0.580392
0.592157
0.584314
0.584314
0.600000
0.615686
0.623529
0.619608
0.619608
0.631373
0.600000
0.596078
0.560784
0.560784
0.564706
0.584314
0.596078
0.588235
0.564706
0.541176
0.345098
0.474510
0.580392
0.525490
0.521569
0.368627
0.294118
0.494118
0.596078
0.588235
0.584314
0.564706
0.580392
0.588235
0.572549
0.572549
0.580392
0.592157
0.600000
0.607843
0.600000
0.611765
0.603922
0.592157
0.552941
0.545098
0.549020
0.556863
0.576471
0.564706
0.537255
0.505882
0.294118
0.368627
0.443137
0.474510
0.482353
0.262745
0.360784
0.533333
0.556863
0.560784
0.564706
0.560784
0.568627
0.564706
0.596078
0.623529
0.572549
0.537255
0.533333
0.513725
0.509804
0.572549
0.576471
0.890196
0.890196
0.894118
0.894118
0.901961
0.909804
0.905882
0.905882
0.909804
0.921569
0.917647
0.909804
0.909804
0.909804
0.909804
0.909804
0.913725
0.913725
0.905882
0.901961
0.901961
0.894118
0.886275
0.890196
0.894118
0.898039
0.901961
0.905882
0.901961
0.894118
0.886275
0.882353
0.898039
0.894118
0.890196
0.886275
0.890196
0.894118
0.890196
0.894118
0.901961
0.913725
0.925490
0.921569
0.921569
0.925490
0.925490
0.929412
0.929412
0.925490
0.925490
0.921569
0.917647
0.909804
0.898039
0.901961
0.905882
0.905882
0.905882
0.901961
0.901961
0.901961
0.894118
0.894118
0.886275
0.882353
0.878431
0.870588
0.870588
0.878431
0.886275
0.894118
0.890196
0.901961
0.905882
0.894118
0.901961
0.921569
0.921569
0.925490
0.925490
0.921569
0.917647
0.909804
0.905882
0.901961
0.890196
0.898039
0.898039
0.894118
0.890196
0.882353
0.886275
0.886275
0.878431
0.878431
0.882353
0.882353
0.882353
0.882353
0.894118
0.901961
0.909804
0.913725
0.901961
0.901961
0.901961
0.894118
0.913725
0.921569
0.917647
0.917647
0.917647
0.921569
0.913725
0.901961
0.898039
0.894118
0.894118
0.905882
0.905882
0.901961
0.890196
0.890196
0.894118
0.890196
0.886275
0.882353
0.866667
0.862745
0.866667
0.878431
0.898039
0.901961
0.898039
0.901961
0.894118
0.894118
0.894118
0.898039
0.917647
0.921569
0.913725
0.913725
0.917647
0.921569
0.913725
0.898039
0.835294
0.843137
0.890196
0.894118
0.905882
0.901961
0.890196
0.894118
0.898039
0.898039
0.890196
0.882353
0.870588
0.870588
0.870588
0.874510
0.882353
0.878431
0.882353
0.882353
0.870588
0.862745
0.858824
0.862745
0.874510
0.890196
0.898039
0.898039
0.898039
0.898039
0.901961
0.823529
0.513725
0.592157
0.870588
0.886275
0.905882
0.898039
0.890196
0.886275
0.882353
0.890196
0.882353
0.866667
0.862745
0.858824
0.850980
0.854902
0.862745
0.858824
0.862745
0.858824
0.858824
0.858824
0.854902
0.858824
0.850980
0.850980
0.854902
0.862745
0.870588
0.866667
0.862745
0.741176
0.305882
0.482353
0.839216
0.854902
0.866667
0.870588
0.858824
0.854902
0.858824
0.866667
0.870588
0.858824
0.854902
0.847059
0.847059
0.839216
0.847059
0.850980
0.843137
0.847059
0.839216
0.823529
0.784314
0.788235
0.831373
0.831373
0.819608
0.823529
0.819608
0.847059
0.866667
0.698039
0.282353
0.572549
0.847059
0.819608
0.815686
0.827451
0.819608
0.835294
0.854902
0.854902
0.854902
0.850980
0.843137
0.843137
0.843137
0.843137
0.843137
0.843137
0.835294
0.772549
0.611765
0.450980
0.364706
0.392157
0.611765
0.800000
0.788235
0.788235
0.803922
0.815686
0.858824
0.666667
0.239216
0.560784
0.839216
0.831373
0.823529
0.803922
0.827451
0.843137
0.854902
0.847059
0.835294
0.831373
0.843137
0.839216
0.839216
0.835294
0.827451
0.792157
0.674510
0.466667
0.282353
0.207843
0.207843
0.247059
0.407843
0.607843
0.556863
0.623529
0.772549
0.803922
0.819608
0.639216
0.231373
0.474510
0.811765
0.831373
0.831373
0.807843
0.823529
0.831373
0.831373
0.835294
0.823529
0.815686
0.811765
0.800000
0.807843
0.807843
0.792157
0.658824
0.368627
0.211765
0.207843
0.203922
0.207843
0.231373
0.262745
0.341176
0.337255
0.352941
0.529412
0.678431
0.772549
0.533333
0.180392
0.419608
0.803922
0.839216
0.827451
0.815686
0.811765
0.815686
0.815686
0.831373
0.831373
0.823529
0.784314
0.784314
0.800000
0.803922
0.741176
0.458824
0.227451
0.200000
0.207843
0.211765
0.207843
0.227451
0.235294
0.239216
0.274510
0.294118
0.333333
0.388235
0.521569
0.372549
0.133333
0.388235
0.784314
0.839216
0.819608
0.823529
0.815686
0.764706
0.776471
0.811765
0.811765
0.815686
0.780392
0.772549
0.796078
0.803922
0.607843
0.274510
0.196078
0.196078
0.203922
0.200000
0.211765
0.231373
0.227451
0.223529
0.231373
0.254902
0.274510
0.250980
0.278431
0.243137
0.125490
0.360784
0.768627
0.823529
0.815686
0.827451
0.811765
0.749020
0.760784
0.800000
0.788235
0.768627
0.764706
0.768627
0.807843
0.752941
0.396078
0.188235
0.188235
0.176471
0.188235
0.192157
0.203922
0.223529
0.227451
0.215686
0.219608
0.223529
0.247059
0.231373
0.215686
0.203922
0.141176
0.411765
0.780392
0.807843
0.796078
0.800000
0.803922
0.792157
0.796078
0.803922
0.796078
0.756863
0.772549
0.780392
0.811765
0.631373
0.247059
0.196078
0.184314
0.168627
0.180392
0.188235
0.200000
0.223529
0.223529
0.215686
0.223529
0.211765
0.219608
0.231373
0.219608
0.211765
0.196078
0.482353
0.756863
0.780392
0.768627
0.764706
0.772549
0.776471
0.800000
0.803922
0.792157
0.776471
0.756863
0.752941
0.729412
0.439216
0.192157
0.211765
0.180392
0.160784
0.172549
0.192157
0.203922
0.219608
0.207843
0.207843
0.219608
0.215686
0.188235
0.215686
0.223529
0.239216
0.301961
0.541176
0.756863
0.788235
0.800000
0.788235
0.772549
0.768627
0.803922
0.792157
0.784314
0.788235
0.733333
0.741176
0.568627
0.258824
0.200000
0.203922
0.176471
0.156863
0.176471
0.203922
0.219608
0.219608
0.211765
0.211765
0.207843
0.203922
0.164706
0.192157
0.227451
0.282353
0.403922
0.600000
0.752941
0.784314
0.788235
0.760784
0.752941
0.764706
0.772549
0.764706
0.788235
0.776471
0.764706
0.682353
0.400000
0.211765
0.200000
0.200000
0.184314
0.180392
0.192157
0.211765
0.211765
0.207843
0.207843
0.211765
0.207843
0.200000
0.180392
0.196078
0.250980
0.352941
0.490196
0.662745
0.760784
0.752941
0.756863
0.756863
0.752941
0.745098
0.733333
0.741176
0.768627
0.768627
0.760784
0.556863
0.282353
0.219608
0.196078
0.203922
0.203922
0.200000
0.203922
0.215686
0.196078
0.196078
0.188235
0.203922
0.211765
0.203922
0.223529
0.278431
0.356863
0.478431
0.607843
0.721569
0.752941
0.760784
0.764706
0.760784
0.749020
0.756863
0.772549
0.749020
0.756863
0.764706
0.721569
0.478431
0.243137
0.227451
0.196078
0.203922
0.215686
0.196078
0.196078
0.227451
0.203922
0.172549
0.172549
0.192157
0.239216
0.321569
0.407843
0.521569
0.603922
0.666667
0.725490
0.760784
0.776471
0.780392
0.772549
0.772549
0.756863
0.756863
0.776471
0.772549
0.752941
0.741176
0.690196
0.439216
0.231373
0.215686
0.203922
0.207843
0.215686
0.203922
0.223529
0.231373
0.200000
0.176471
0.184314
0.290196
0.486275
0.623529
0.686275
0.721569
0.737255
0.764706
0.772549
0.776471
0.788235
0.780392
0.760784
0.745098
0.733333
0.749020
0.768627
0.764706
0.752941
0.725490
0.701961
0.435294
0.215686
0.203922
0.203922
0.211765
0.235294
0.254902
0.305882
0.278431
0.184314
0.274510
0.415686
0.568627
0.721569
0.745098
0.749020
0.749020
0.741176
0.756863
0.737255
0.741176
0.752941
0.749020
0.760784
0.741176
0.733333
0.745098
0.752941
0.741176
0.729412
0.717647
0.713725
0.521569
0.298039
0.235294
0.231373
0.227451
0.352941
0.400000
0.474510
0.392157
0.223529
0.470588
0.682353
0.729412
0.752941
0.756863
0.749020
0.737255
0.725490
0.741176
0.745098
0.733333
0.721569
0.733333
0.760784
0.737255
0.741176
0.729412
0.713725
0.729412
0.741176
0.741176
0.721569
0.674510
0.552941
0.447059
0.388235
0.341176
0.533333
0.603922
0.643137
0.498039
0.270588
0.415686
0.666667
0.741176
0.741176
0.756863
0.725490
0.721569
0.721569
0.737255
0.741176
0.713725
0.705882
0.729412
0.756863
0.741176
0.729412
0.709804
0.701961
0.705882
0.717647
0.733333
0.721569
0.705882
0.698039
0.682353
0.607843
0.576471
0.674510
0.705882
0.717647
0.552941
0.443137
0.478431
0.466667
0.666667
0.737255
0.737255
0.701961
0.721569
0.745098
0.737255
0.713725
0.701961
0.717647
0.713725
0.729412
0.737255
0.737255
0.721569
0.717647
0.721569
0.709804
0.725490
0.717647
0.733333
0.713725
0.709804
0.701961
0.690196
0.694118
0.682353
0.725490
0.560784
0.533333
0.705882
0.529412
0.466667
0.623529
0.709804
0.705882
0.713725
0.729412
0.713725
0.705882
0.709804
0.725490
0.745098
0.729412
0.725490
0.725490
0.713725
0.686275
0.682353
0.705882
0.698039
0.694118
0.721569
0.713725
0.701961
0.709804
0.717647
0.725490
0.709804
0.717647
0.529412
0.521569
0.678431
0.674510
0.564706
0.419608
0.541176
0.690196
0.717647
0.717647
0.725490
0.694118
0.709804
0.745098
0.749020
0.749020
0.745098
0.733333
0.709804
0.705882
0.690196
0.682353
0.654902
0.694118
0.709804
0.690196
0.682353
0.690196
0.682353
0.701961
0.694118
0.674510
0.490196
0.564706
0.729412
0.717647
0.737255
0.529412
0.415686
0.596078
0.701961
0.737255
0.698039
0.658824
0.686275
0.701961
0.737255
0.741176
0.737255
0.741176
0.725490
0.709804
0.709804
0.725490
0.698039
0.705882
0.713725
0.682353
0.682353
0.674510
0.639216
0.658824
0.670588
0.647059
0.435294
0.572549
0.745098
0.725490
0.741176
0.639216
0.498039
0.529412
0.631373
0.690196
0.678431
0.670588
0.662745
0.674510
0.709804
0.709804
0.725490
0.733333
0.713725
0.713725
0.717647
0.752941
0.721569
0.698039
0.698039
0.678431
0.686275
0.701961
0.662745
0.682353
0.666667
0.639216
0.415686
0.549020
0.701961
0.694118
0.682353
0.568627
0.443137
0.525490
0.658824
0.682353
0.666667
0.654902
0.670588
0.682353
0.678431
0.682353
0.694118
0.705882
0.713725
0.705882
0.709804
0.717647
0.686275
0.705882
0.670588
0.670588
0.678431
0.690196
0.690196
0.682353
0.658824
0.619608
0.396078
0.521569
0.647059
0.615686
0.611765
0.454902
0.368627
0.564706
0.674510
0.678431
0.674510
0.654902
0.666667
0.678431
0.666667
0.666667
0.666667
0.674510
0.682353
0.694118
0.686275
0.698039
0.686275
0.701961
0.658824
0.650980
0.658824
0.662745
0.670588
0.654902
0.631373
0.584314
0.337255
0.403922
0.505882
0.560784
0.564706
0.337255
0.435294
0.611765
0.639216
0.650980
0.654902
0.647059
0.654902
0.654902
0.690196
0.713725
0.658824
0.619608
0.611765
0.600000
0.596078
0.650980
0.654902
0.470588
0.470588
0.474510
0.474510
0.474510
0.474510
0.474510
0.470588
0.474510
0.490196
0.490196
0.486275
0.482353
0.482353
0.482353
0.474510
0.478431
0.498039
0.505882
0.509804
0.513725
0.513725
0.509804
0.513725
0.513725
0.501961
0.513725
0.529412
0.533333
0.537255
0.537255
0.537255
0.462745
0.462745
0.458824
0.454902
0.450980
0.447059
0.443137
0.443137
0.450980
0.466667
0.470588
0.466667
0.466667
0.470588
0.470588
0.482353
0.490196
0.482353
0.482353
0.490196
0.494118
0.490196
0.478431
0.482353
0.498039
0.505882
0.505882
0.505882
0.513725
0.529412
0.533333
0.529412
0.447059
0.447059
0.443137
0.431373
0.423529
0.423529
0.435294
0.439216
0.439216
0.447059
0.435294
0.419608
0.431373
0.447059
0.447059
0.474510
0.486275
0.458824
0.450980
0.462745
0.478431
0.470588
0.447059
0.447059
0.466667
0.490196
0.486275
0.474510
0.486275
0.498039
0.501961
0.501961
0.431373
0.435294
0.431373
0.435294
0.443137
0.439216
0.447059
0.450980
0.439216
0.439216
0.423529
0.411765
0.431373
0.443137
0.439216
0.458824
0.470588
0.443137
0.439216
0.470588
0.501961
0.490196
0.450980
0.435294
0.447059
0.478431
0.470588
0.466667
0.478431
0.482353
0.490196
0.490196
0.411765
0.407843
0.411765
0.423529
0.435294
0.435294
0.427451
0.435294
0.427451
0.423529
0.423529
0.427451
0.447059
0.454902
0.447059
0.458824
0.462745
0.439216
0.447059
0.505882
0.505882
0.494118
0.474510
0.423529
0.431373
0.462745
0.458824
0.454902
0.466667
0.474510
0.478431
0.482353
0.411765
0.415686
0.411765
0.419608
0.419608
0.407843
0.407843
0.407843
0.396078
0.392157
0.403922
0.411765
0.419608
0.431373
0.439216
0.443137
0.431373
0.411765
0.450980
0.474510
0.250980
0.305882
0.486275
0.427451
0.427451
0.450980
0.447059
0.439216
0.443137
0.458824
0.462745
0.462745
0.415686
0.411765
0.403922
0.407843
0.411765
0.400000
0.400000
0.396078
0.403922
0.419608
0.454902
0.462745
0.431373
0.407843
0.396078
0.392157
0.396078
0.384314
0.411765
0.435294
0.137255
0.227451
0.447059
0.403922
0.431373
0.447059
0.419608
0.419608
0.431373
0.443137
0.458824
0.454902
0.411765
0.407843
0.407843
0.400000
0.407843
0.407843
0.415686
0.447059
0.470588
0.494118
0.521569
0.525490
0.533333
0.501961
0.462745
0.423529
0.392157
0.388235
0.403922
0.411765
0.176471
0.341176
0.439216
0.372549
0.407843
0.415686
0.388235
0.407843
0.435294
0.443137
0.454902
0.454902
0.400000
0.403922
0.403922
0.403922
0.400000
0.415686
0.466667
0.494118
0.407843
0.301961
0.290196
0.325490
0.509804
0.666667
0.635294
0.576471
0.498039
0.407843
0.403922
0.392157
0.164706
0.360784
0.447059
0.376471
0.403922
0.392157
0.396078
0.411765
0.435294
0.435294
0.431373
0.439216
0.403922
0.403922
0.400000
0.396078
0.396078
0.411765
0.400000
0.321569
0.235294
0.223529
0.258824
0.294118
0.431373
0.611765
0.541176
0.560784
0.603922
0.486275
0.415686
0.400000
0.192157
0.317647
0.443137
0.372549
0.400000
0.392157
0.392157
0.400000
0.411765
0.423529
0.419608
0.427451
0.372549
0.360784
0.368627
0.368627
0.392157
0.360784
0.196078
0.172549
0.254902
0.286275
0.278431
0.290196
0.309804
0.372549
0.356863
0.352941
0.470588
0.486275
0.478431
0.352941
0.168627
0.301961
0.458824
0.376471
0.384314
0.388235
0.380392
0.388235
0.396078
0.415686
0.427451
0.435294
0.341176
0.345098
0.360784
0.360784
0.392157
0.266667
0.145098
0.215686
0.262745
0.258824
0.243137
0.258824
0.254902
0.254902
0.286275
0.298039
0.329412
0.329412
0.376471
0.262745
0.129412
0.301961
0.458824
0.372549
0.360784
0.388235
0.380392
0.333333
0.360784
0.400000
0.411765
0.423529
0.337255
0.329412
0.352941
0.364706
0.305882
0.172549
0.180392
0.231373
0.223529
0.188235
0.219608
0.243137
0.235294
0.231373
0.239216
0.247059
0.294118
0.294118
0.258824
0.196078
0.125490
0.290196
0.458824
0.356863
0.349020
0.388235
0.380392
0.321569
0.341176
0.384314
0.388235
0.368627
0.329412
0.309804
0.337255
0.380392
0.223529
0.168627
0.203922
0.207843
0.200000
0.184314
0.223529
0.235294
0.219608
0.207843
0.223529
0.211765
0.250980
0.278431
0.247059
0.219608
0.149020
0.294118
0.470588
0.364706
0.337255
0.368627
0.380392
0.368627
0.376471
0.388235
0.388235
0.345098
0.345098
0.317647
0.345098
0.360784
0.200000
0.215686
0.207843
0.192157
0.200000
0.211765
0.227451
0.223529
0.196078
0.188235
0.223529
0.203922
0.203922
0.231373
0.227451
0.235294
0.180392
0.294118
0.435294
0.364706
0.321569
0.341176
0.360784
0.360784
0.384314
0.388235
0.376471
0.360784
0.329412
0.325490
0.349020
0.262745
0.188235
0.227451
0.200000
0.180392
0.192157
0.211765
0.207843
0.200000
0.176471
0.188235
0.223529
0.223529
0.176471
0.192157
0.188235
0.196078
0.215686
0.309804
0.419608
0.376471
0.356863
0.368627
0.360784
0.352941
0.388235
0.376471
0.368627
0.380392
0.305882
0.368627
0.309804
0.180392
0.223529
0.215686
0.188235
0.168627
0.188235
0.211765
0.200000
0.188235
0.188235
0.196078
0.215686
0.227451
0.184314
0.180392
0.172549
0.192157
0.258824
0.313725
0.388235
0.368627
0.349020
0.337255
0.337255
0.349020
0.356863
0.349020
0.372549
0.376471
0.337255
0.352941
0.243137
0.207843
0.231373
0.203922
0.184314
0.180392
0.196078
0.207843
0.184314
0.180392
0.188235
0.192157
0.192157
0.207843
0.203922
0.172549
0.168627
0.223529
0.290196
0.321569
0.364706
0.333333
0.325490
0.333333
0.337255
0.329412
0.317647
0.325490
0.349020
0.368627
0.333333
0.258824
0.200000
0.247059
0.211765
0.196078
0.200000
0.192157
0.196078
0.203922
0.176471
0.180392
0.180392
0.172549
0.145098
0.141176
0.152941
0.160784
0.176471
0.247059
0.317647
0.325490
0.329412
0.337255
0.337255
0.337255
0.333333
0.341176
0.356863
0.333333
0.337255
0.364706
0.298039
0.200000
0.200000
0.258824
0.188235
0.196078
0.203922
0.184314
0.184314
0.215686
0.200000
0.180392
0.172549
0.145098
0.125490
0.141176
0.176471
0.250980
0.278431
0.294118
0.317647
0.313725
0.333333
0.352941
0.349020
0.349020
0.337255
0.341176
0.360784
0.356863
0.337255
0.333333
0.294118
0.207843
0.203922
0.250980
0.200000
0.207843
0.200000
0.152941
0.168627
0.207843
0.180392
0.172549
0.164706
0.164706
0.227451
0.274510
0.305882
0.325490
0.317647
0.317647
0.309804
0.325490
0.345098
0.341176
0.329412
0.321569
0.313725
0.329412
0.352941
0.356863
0.345098
0.329412
0.333333
0.239216
0.164706
0.207843
0.200000
0.203922
0.192157
0.117647
0.164706
0.215686
0.137255
0.200000
0.266667
0.282353
0.298039
0.278431
0.301961
0.313725
0.305882
0.313725
0.294118
0.313725
0.317647
0.294118
0.317647
0.321569
0.317647
0.329412
0.341176
0.345098
0.337255
0.337255
0.329412
0.278431
0.149020
0.129412
0.129412
0.141176
0.223529
0.160784
0.215686
0.235294
0.152941
0.294118
0.333333
0.278431
0.286275
0.305882
0.301961
0.294118
0.282353
0.301961
0.309804
0.317647
0.290196
0.278431
0.317647
0.321569
0.325490
0.313725
0.305882
0.333333
0.352941
0.368627
0.301961
0.349020
0.286275
0.192157
0.149020
0.133333
0.282353
0.239216
0.254902
0.223529
0.129412
0.176471
0.247059
0.247059
0.278431
0.337255
0.305882
0.278431
0.270588
0.294118
0.313725
0.298039
0.270588
0.274510
0.309804
0.325490
0.313725
0.294118
0.290196
0.309804
0.329412
0.356863
0.282353
0.313725
0.325490
0.313725
0.250980
0.254902
0.317647
0.247059
0.247059
0.196078
0.188235
0.223529
0.160784
0.298039
0.325490
0.333333
0.301961
0.282353
0.282353
0.290196
0.290196
0.286275
0.282353
0.262745
0.286275
0.321569
0.321569
0.305882
0.305882
0.325490
0.321569
0.349020
0.270588
0.298039
0.286275
0.282353
0.278431
0.286275
0.274510
0.188235
0.250980
0.192157
0.196078
0.407843
0.286275
0.207843
0.298039
0.356863
0.333333
0.282353
0.266667
0.270588
0.290196
0.298039
0.290196
0.290196
0.286275
0.305882
0.309804
0.294118
0.274510
0.286275
0.317647
0.321569
0.250980
0.278431
0.274510
0.266667
0.266667
0.274510
0.290196
0.227451
0.278431
0.211765
0.164706
0.282353
0.305882
0.254902
0.184314
0.282353
0.337255
0.286275
0.247059
0.278431
0.282353
0.301961
0.309804
0.294118
0.301961
0.325490
0.317647
0.294118
0.294118
0.294118
0.290196
0.282353
0.250980
0.266667
0.250980
0.250980
0.247059
0.243137
0.274510
0.239216
0.286275
0.223529
0.200000
0.258824
0.215686
0.313725
0.282353
0.192157
0.266667
0.298039
0.290196
0.270588
0.258824
0.278431
0.266667
0.278431
0.286275
0.305882
0.317647
0.305882
0.301961
0.309804
0.325490
0.313725
0.262745
0.270588
0.239216
0.243137
0.235294
0.219608
0.247059
0.235294
0.305882
0.219608
0.207843
0.290196
0.231373
0.266667
0.301961
0.235294
0.227451
0.274510
0.290196
0.282353
0.286275
0.262745
0.239216
0.243137
0.243137
0.270588
0.301961
0.294118
0.305882
0.313725
0.337255
0.321569
0.254902
0.258824
0.235294
0.243137
0.262745
0.243137
0.270588
0.235294
0.313725
0.223529
0.235294
0.301961
0.254902
0.258824
0.243137
0.180392
0.235294
0.309804
0.290196
0.266667
0.262745
0.278431
0.262745
0.227451
0.227451
0.254902
0.294118
0.309804
0.309804
0.309804
0.313725
0.298039
0.258824
0.227451
0.223529
0.231373
0.239216
0.250980
0.250980
0.215686
0.286275
0.223529
0.294118
0.301961
0.219608
0.270588
0.203922
0.125490
0.262745
0.313725
0.270588
0.250980
0.243137
0.274510
0.266667
0.231373
0.231373
0.254902
0.290196
0.305882
0.301961
0.294118
0.313725
0.317647
0.258824
0.223529
0.211765
0.219608
0.207843
0.215686
0.219608
0.188235
0.250980
0.188235
0.254902
0.207843
0.203922
0.294118
0.145098
0.192157
0.278431
0.262745
0.235294
0.231373
0.239216
0.262745
0.250980
0.266667
0.298039
0.270588
0.270588
0.266667
0.223529
0.219608
0.301961
0.317647
