0.537255
0.486275
0.466667
0.513725
0.552941
0.564706
0.545098
0.529412
0.525490
0.529412
0.450980
0.400000
0.286275
0.121569
0.149020
0.290196
0.282353
0.364706
0.372549
0.301961
0.294118
0.317647
0.286275
0.266667
0.290196
0.274510
0.333333
0.403922
0.396078
0.360784
0.341176
0.364706
0.458824
0.482353
0.517647
0.537255
0.525490
0.513725
0.490196
0.498039
0.513725
0.427451
0.372549
0.341176
0.184314
0.094118
0.101961
0.168627
0.301961
0.349020
0.333333
0.258824
0.262745
0.298039
0.215686
0.200000
0.219608
0.258824
0.321569
0.427451
0.364706
0.298039
0.294118
0.223529
0.419608
0.435294
0.474510
0.478431
0.490196
0.466667
0.415686
0.470588
0.466667
0.329412
0.286275
0.250980
0.278431
0.521569
0.509804
0.274510
0.360784
0.341176
0.341176
0.309804
0.301961
0.305882
0.215686
0.235294
0.243137
0.266667
0.376471
0.435294
0.415686
0.337255
0.333333
0.274510
0.345098
0.388235
0.439216
0.458824
0.450980
0.423529
0.427451
0.427451
0.466667
0.333333
0.258824
0.270588
0.352941
0.588235
0.682353
0.313725
0.250980
0.290196
0.392157
0.305882
0.254902
0.223529
0.176471
0.207843
0.231373
0.223529
0.270588
0.380392
0.352941
0.298039
0.317647
0.317647
0.341176
0.388235
0.423529
0.411765
0.431373
0.345098
0.321569
0.294118
0.400000
0.368627
0.223529
0.192157
0.309804
0.341176
0.454902
0.121569
0.105882
0.243137
0.415686
0.309804
0.192157
0.152941
0.141176
0.145098
0.176471
0.164706
0.188235
0.313725
0.333333
0.317647
0.270588
0.231373
0.380392
0.415686
0.427451
0.423529
0.443137
0.411765
0.254902
0.400000
0.392157
0.231373
0.172549
0.141176
0.145098
0.149020
0.105882
0.027451
0.050980
0.235294
0.349020
0.211765
0.105882
0.113725
0.113725
0.164706
0.141176
0.188235
0.180392
0.196078
0.325490
0.286275
0.262745
0.211765
0.372549
0.372549
0.415686
0.435294
0.517647
0.537255
0.349020
0.474510
0.501961
0.309804
0.207843
0.180392
0.180392
0.086275
0.047059
0.027451
0.043137
0.192157
0.250980
0.223529
0.168627
0.133333
0.137255
0.184314
0.121569
0.168627
0.176471
0.152941
0.262745
0.254902
0.223529
0.196078
0.301961
0.317647
0.427451
0.470588
0.568627
0.588235
0.403922
0.325490
0.388235
0.427451
0.286275
0.223529
0.223529
0.066667
0.050980
0.039216
0.043137
0.141176
0.203922
0.219608
0.192157
0.149020
0.168627
0.160784
0.090196
0.156863
0.247059
0.211765
0.247059
0.239216
0.184314
0.160784
0.298039
0.329412
0.470588
0.513725
0.564706
0.549020
0.435294
0.301961
0.333333
0.407843
0.368627
0.282353
0.176471
0.125490
0.231373
0.086275
0.050980
0.082353
0.200000
0.180392
0.176471
0.203922
0.184314
0.168627
0.117647
0.192157
0.227451
0.258824
0.254902
0.184314
0.121569
0.180392
0.423529
0.419608
0.415686
0.439216
0.513725
0.494118
0.349020
0.274510
0.337255
0.403922
0.384314
0.372549
0.211765
0.200000
0.325490
0.137255
0.035294
0.035294
0.109804
0.133333
0.207843
0.168627
0.168627
0.180392
0.141176
0.168627
0.137255
0.180392
0.184314
0.168627
0.160784
0.207843
0.384314
0.372549
0.352941
0.458824
0.443137
0.411765
0.313725
0.223529
0.286275
0.423529
0.454902
0.494118
0.407843
0.219608
0.215686
0.105882
0.031373
0.023529
0.078431
0.176471
0.325490
0.329412
0.345098
0.337255
0.262745
0.184314
0.160784
0.141176
0.137255
0.164706
0.196078
0.172549
0.301961
0.325490
0.349020
0.392157
0.313725
0.298039
0.286275
0.282353
0.258824
0.364706
0.470588
0.509804
0.498039
0.258824
0.090196
0.066667
0.200000
0.341176
0.152941
0.250980
0.560784
0.580392
0.588235
0.600000
0.517647
0.254902
0.176471
0.160784
0.125490
0.125490
0.141176
0.117647
0.345098
0.396078
0.388235
0.392157
0.411765
0.345098
0.274510
0.360784
0.286275
0.305882
0.427451
0.482353
0.501961
0.396078
0.207843
0.160784
0.678431
0.968627
0.501961
0.250980
0.564706
0.639216
0.619608
0.607843
0.615686
0.450980
0.254902
0.196078
0.160784
0.145098
0.141176
0.109804
0.235294
0.266667
0.243137
0.247059
0.270588
0.219608
0.168627
0.356863
0.341176
0.333333
0.462745
0.549020
0.560784
0.580392
0.364706
0.227451
0.772549
0.913725
0.439216
0.478431
0.647059
0.670588
0.654902
0.592157
0.576471
0.603922
0.380392
0.180392
0.172549
0.105882
0.137255
0.125490
0.164706
0.121569
0.121569
0.125490
0.152941
0.172549
0.149020
0.352941
0.380392
0.376471
0.505882
0.564706
0.592157
0.635294
0.403922
0.180392
0.615686
0.662745
0.341176
0.576471
0.701961
0.682353
0.619608
0.580392
0.572549
0.603922
0.392157
0.129412
0.180392
0.113725
0.156863
0.152941
0.392157
0.380392
0.380392
0.384314
0.388235
0.368627
0.345098
0.454902
0.403922
0.411765
0.509804
0.564706
0.592157
0.615686
0.396078
0.129412
0.243137
0.207843
0.239216
0.533333
0.690196
0.694118
0.576471
0.556863
0.580392
0.568627
0.345098
0.149020
0.184314
0.101961
0.109804
0.113725
0.545098
0.549020
0.552941
0.541176
0.529412
0.537255
0.556863
0.584314
0.458824
0.478431
0.533333
0.560784
0.537255
0.580392
0.411765
0.133333
0.023529
0.074510
0.286275
0.549020
0.623529
0.647059
0.564706
0.529412
0.568627
0.509804
0.345098
0.266667
0.247059
0.180392
0.160784
0.137255
0.537255
0.529412
0.537255
0.525490
0.525490
0.541176
0.549020
0.556863
0.525490
0.576471
0.552941
0.509804
0.494118
0.545098
0.411765
0.168627
0.062745
0.086275
0.368627
0.552941
0.541176
0.545098
0.450980
0.458824
0.501961
0.407843
0.380392
0.482353
0.466667
0.458824
0.431373
0.419608
0.525490
0.517647
0.517647
0.525490
0.529412
0.541176
0.537255
0.537255
0.533333
0.474510
0.478431
0.447059
0.435294
0.407843
0.313725
0.184314
0.141176
0.113725
0.309804
0.450980
0.403922
0.325490
0.207843
0.274510
0.349020
0.341176
0.274510
0.470588
0.533333
0.533333
0.513725
0.509804
0.529412
0.537255
0.533333
0.549020
0.549020
0.552941
0.525490
0.517647
0.541176
0.368627
0.341176
0.411765
0.462745
0.294118
0.168627
0.149020
0.227451
0.235294
0.231373
0.301961
0.325490
0.188235
0.121569
0.243137
0.305882
0.305882
0.152941
0.380392
0.580392
0.556863
0.529412
0.525490
0.525490
0.521569
0.525490
0.541176
0.541176
0.541176
0.521569
0.525490
0.560784
0.392157
0.250980
0.376471
0.498039
0.317647
0.149020
0.184314
0.282353
0.278431
0.278431
0.447059
0.580392
0.321569
0.196078
0.415686
0.415686
0.396078
0.149020
0.298039
0.556863
0.545098
0.521569
0.521569
0.521569
0.509804
0.509804
0.517647
0.521569
0.513725
0.525490
0.541176
0.564706
0.447059
0.282353
0.494118
0.450980
0.407843
0.462745
0.490196
0.462745
0.372549
0.521569
0.541176
0.549020
0.439216
0.196078
0.380392
0.474510
0.411765
0.247059
0.223529
0.529412
0.537255
0.509804
0.490196
0.541176
0.513725
0.509804
0.517647
0.529412
0.525490
0.525490
0.525490
0.533333
0.466667
0.298039
0.533333
0.407843
0.435294
0.580392
0.564706
0.560784
0.525490
0.537255
0.517647
0.509804
0.541176
0.298039
0.254902
0.415686
0.317647
0.262745
0.196078
0.498039
0.517647
0.513725
0.521569
0.517647
0.525490
0.521569
0.533333
0.529412
0.549020
0.537255
0.513725
0.517647
0.458824
0.250980
0.505882
0.333333
0.400000
0.572549
0.549020
0.556863
0.549020
0.549020
0.541176
0.513725
0.580392
0.470588
0.184314
0.360784
0.290196
0.168627
0.223529
0.505882
0.529412
0.525490
0.545098
0.490196
0.490196
0.474510
0.509804
0.517647
0.525490
0.517647
0.505882
0.517647
0.439216
0.207843
0.482353
0.219608
0.321569
0.525490
0.509804
0.525490
0.525490
0.537255
0.525490
0.513725
0.525490
0.501961
0.192157
0.360784
0.266667
0.180392
0.231373
0.486275
0.537255
0.521569
0.521569
0.509804
0.509804
0.505882
0.517647
0.521569
0.498039
0.490196
0.513725
0.513725
0.384314
0.172549
0.482353
0.180392
0.313725
0.501961
0.509804
0.517647
0.490196
0.478431
0.486275
0.517647
0.486275
0.501961
0.239216
0.341176
0.294118
0.180392
0.278431
0.466667
0.525490
0.513725
0.513725
0.513725
0.513725
0.521569
0.529412
0.525490
0.517647
0.517647
0.525490
0.521569
0.400000
0.203922
0.549020
0.239216
0.368627
0.517647
0.501961
0.525490
0.505882
0.470588
0.474510
0.521569
0.482353
0.494118
0.254902
0.329412
0.333333
0.176471
0.364706
0.482353
0.494118
0.486275
0.486275
0.501961
0.490196
0.501961
0.513725
0.521569
0.533333
0.533333
0.521569
0.525490
0.431373
0.207843
0.564706
0.333333
0.392157
0.549020
0.525490
0.541176
0.541176
0.521569
0.525490
0.533333
0.521569
0.537255
0.266667
0.298039
0.329412
0.200000
0.419608
0.490196
0.494118
0.490196
0.470588
0.486275
0.470588
0.466667
0.474510
0.494118
0.513725
0.509804
0.501961
0.517647
0.411765
0.188235
0.545098
0.352941
0.341176
0.533333
0.517647
0.529412
0.529412
0.517647
0.509804
0.517647
0.501961
0.529412
0.258824
0.266667
0.337255
0.231373
0.498039
0.470588
0.490196
0.509804
0.501961
0.470588
0.466667
0.454902
0.474510
0.490196
0.505882
0.501961
0.498039
0.494118
0.301961
0.215686
0.537255
0.278431
0.290196
0.498039
0.513725
0.505882
0.490196
0.462745
0.470588
0.482353
0.494118
0.498039
0.231373
0.321569
0.258824
0.301961
0.545098
0.462745
0.494118
0.513725
0.505882
0.509804
0.501961
0.498039
0.505882
0.505882
0.501961
0.501961
0.513725
0.466667
0.270588
0.415686
0.486275
0.258824
0.411765
0.478431
0.474510
0.478431
0.482353
0.462745
0.466667
0.470588
0.478431
0.490196
0.372549
0.439216
0.337255
0.415686
0.498039
0.470588
0.494118
0.501961
0.498039
0.474510
0.474510
0.478431
0.470588
0.498039
0.513725
0.498039
0.501961
0.490196
0.482353
0.513725
0.490196
0.478431
0.498039
0.478431
0.490196
0.498039
0.501961
0.498039
0.501961
0.509804
0.501961
0.474510
0.470588
0.462745
0.490196
0.505882
0.501961
0.486275
0.478431
0.482353
0.478431
0.635294
0.592157
0.580392
0.623529
0.666667
0.686275
0.662745
0.635294
0.619608
0.623529
0.545098
0.494118
0.356863
0.141176
0.172549
0.384314
0.396078
0.470588
0.482353
0.411765
0.400000
0.415686
0.372549
0.341176
0.352941
0.333333
0.415686
0.509804
0.517647
0.478431
0.458824
0.482353
0.560784
0.580392
0.611765
0.643137
0.647059
0.635294
0.615686
0.607843
0.607843
0.521569
0.466667
0.435294
0.231373
0.039216
0.050980
0.215686
0.403922
0.454902
0.443137
0.368627
0.360784
0.384314
0.294118
0.270588
0.278431
0.317647
0.400000
0.537255
0.486275
0.415686
0.403922
0.317647
0.517647
0.517647
0.545098
0.560784
0.580392
0.564706
0.517647
0.568627
0.560784
0.427451
0.384314
0.352941
0.317647
0.396078
0.372549
0.274510
0.454902
0.447059
0.447059
0.415686
0.396078
0.380392
0.282353
0.290196
0.294118
0.329412
0.458824
0.545098
0.541176
0.462745
0.443137
0.352941
0.439216
0.466667
0.498039
0.533333
0.521569
0.462745
0.458824
0.490196
0.560784
0.439216
0.352941
0.352941
0.392157
0.490196
0.560784
0.298039
0.317647
0.388235
0.498039
0.407843
0.325490
0.270588
0.219608
0.243137
0.262745
0.266667
0.337255
0.478431
0.474510
0.423529
0.415686
0.380392
0.407843
0.458824
0.478431
0.494118
0.486275
0.317647
0.243137
0.235294
0.419608
0.462745
0.313725
0.243137
0.364706
0.352941
0.447059
0.117647
0.137255
0.333333
0.525490
0.400000
0.227451
0.164706
0.152941
0.156863
0.176471
0.164706
0.219608
0.380392
0.439216
0.427451
0.337255
0.266667
0.443137
0.486275
0.478431
0.458824
0.462745
0.372549
0.109804
0.164706
0.207843
0.223529
0.239216
0.200000
0.215686
0.168627
0.109804
0.043137
0.082353
0.317647
0.454902
0.301961
0.145098
0.125490
0.129412
0.184314
0.149020
0.192157
0.207843
0.250980
0.415686
0.384314
0.313725
0.235294
0.439216
0.447059
0.466667
0.470588
0.513725
0.439216
0.137255
0.172549
0.207843
0.149020
0.176471
0.219608
0.239216
0.094118
0.043137
0.039216
0.074510
0.262745
0.356863
0.317647
0.211765
0.160784
0.168627
0.211765
0.141176
0.184314
0.211765
0.196078
0.337255
0.333333
0.258824
0.200000
0.372549
0.392157
0.482353
0.564706
0.568627
0.407843
0.152941
0.090196
0.125490
0.133333
0.113725
0.223529
0.250980
0.050980
0.027451
0.027451
0.062745
0.203922
0.301961
0.309804
0.243137
0.188235
0.203922
0.196078
0.113725
0.188235
0.286275
0.254902
0.305882
0.305882
0.200000
0.152941
0.364706
0.403922
0.545098
0.639216
0.533333
0.313725
0.184314
0.082353
0.074510
0.086275
0.105882
0.156863
0.156863
0.078431
0.105882
0.047059
0.078431
0.117647
0.278431
0.243137
0.215686
0.258824
0.231373
0.211765
0.156863
0.235294
0.270588
0.309804
0.313725
0.223529
0.133333
0.188235
0.505882
0.513725
0.521569
0.541176
0.431373
0.266667
0.149020
0.070588
0.074510
0.101961
0.082353
0.117647
0.086275
0.141176
0.200000
0.090196
0.054902
0.058824
0.188235
0.196078
0.250980
0.231373
0.227451
0.235294
0.188235
0.211765
0.176471
0.219608
0.215686
0.184314
0.172549
0.223529
0.494118
0.490196
0.482353
0.533333
0.356863
0.266667
0.215686
0.101961
0.070588
0.129412
0.125490
0.172549
0.160784
0.129412
0.160784
0.070588
0.019608
0.031373
0.145098
0.219608
0.274510
0.254902
0.282353
0.278431
0.227451
0.184314
0.176471
0.152941
0.129412
0.164706
0.200000
0.176471
0.411765
0.443137
0.478431
0.478431
0.294118
0.270588
0.298039
0.227451
0.086275
0.101961
0.164706
0.196078
0.196078
0.082353
0.035294
0.047059
0.168627
0.329412
0.192157
0.223529
0.349020
0.305882
0.337255
0.368627
0.341176
0.180392
0.172549
0.172549
0.121569
0.117647
0.133333
0.105882
0.447059
0.498039
0.501961
0.501961
0.470588
0.411765
0.356863
0.341176
0.129412
0.066667
0.152941
0.207843
0.207843
0.141176
0.101961
0.149020
0.662745
0.960784
0.501961
0.125490
0.270588
0.305882
0.305882
0.317647
0.364706
0.290196
0.219608
0.231373
0.180392
0.137255
0.133333
0.098039
0.309804
0.333333
0.305882
0.305882
0.325490
0.270588
0.227451
0.341176
0.160784
0.070588
0.180392
0.235294
0.247059
0.294118
0.200000
0.196078
0.772549
0.909804
0.364706
0.247059
0.337255
0.341176
0.313725
0.270588
0.278431
0.345098
0.286275
0.227451
0.196078
0.101961
0.137255
0.125490
0.196078
0.141176
0.133333
0.137255
0.168627
0.184314
0.164706
0.321569
0.196078
0.090196
0.211765
0.239216
0.270588
0.329412
0.211765
0.125490
0.580392
0.670588
0.301961
0.333333
0.372549
0.356863
0.282353
0.254902
0.247059
0.294118
0.254902
0.149020
0.180392
0.101961
0.149020
0.145098
0.490196
0.466667
0.454902
0.458824
0.466667
0.443137
0.427451
0.466667
0.223529
0.105882
0.196078
0.243137
0.266667
0.301961
0.184314
0.047059
0.192157
0.211765
0.203922
0.286275
0.345098
0.368627
0.258824
0.243137
0.243137
0.247059
0.196078
0.164706
0.188235
0.098039
0.109804
0.113725
0.698039
0.694118
0.682353
0.674510
0.658824
0.670588
0.698039
0.631373
0.270588
0.149020
0.203922
0.247059
0.215686
0.258824
0.184314
0.039216
0.015686
0.043137
0.149020
0.254902
0.274510
0.329412
0.262745
0.211765
0.231373
0.219608
0.243137
0.341176
0.309804
0.219608
0.200000
0.176471
0.674510
0.658824
0.662745
0.647059
0.647059
0.666667
0.686275
0.635294
0.368627
0.243137
0.250980
0.180392
0.152941
0.231373
0.164706
0.058824
0.047059
0.035294
0.168627
0.227451
0.196078
0.227451
0.196078
0.176471
0.176471
0.141176
0.298039
0.600000
0.576471
0.549020
0.529412
0.521569
0.658824
0.650980
0.654902
0.650980
0.650980
0.674510
0.682353
0.670588
0.447059
0.180392
0.215686
0.121569
0.117647
0.137255
0.101961
0.078431
0.074510
0.047059
0.117647
0.152941
0.121569
0.086275
0.062745
0.090196
0.074510
0.078431
0.184314
0.584314
0.650980
0.650980
0.647059
0.654902
0.662745
0.670588
0.674510
0.674510
0.670588
0.690196
0.670588
0.670588
0.533333
0.141176
0.090196
0.137255
0.176471
0.062745
0.035294
0.050980
0.137255
0.160784
0.078431
0.098039
0.200000
0.062745
0.019608
0.121569
0.082353
0.078431
0.078431
0.447059
0.686275
0.674510
0.666667
0.670588
0.662745
0.654902
0.666667
0.670588
0.666667
0.674510
0.666667
0.674510
0.603922
0.239216
0.043137
0.180392
0.192157
0.090196
0.105882
0.129412
0.227451
0.266667
0.235294
0.427451
0.619608
0.250980
0.058824
0.286275
0.211765
0.211765
0.098039
0.313725
0.647059
0.666667
0.658824
0.666667
0.650980
0.643137
0.647059
0.643137
0.647059
0.647059
0.670588
0.678431
0.627451
0.345098
0.121569
0.388235
0.188235
0.250980
0.568627
0.572549
0.494118
0.450980
0.603922
0.686275
0.733333
0.450980
0.082353
0.274510
0.305882
0.254902
0.207843
0.203922
0.611765
0.662745
0.643137
0.635294
0.647059
0.619608
0.619608
0.631373
0.643137
0.654902
0.666667
0.654902
0.635294
0.419608
0.156863
0.482353
0.200000
0.325490
0.705882
0.721569
0.682353
0.662745
0.686275
0.698039
0.701961
0.635294
0.231373
0.149020
0.301961
0.164706
0.223529
0.156863
0.564706
0.647059
0.643137
0.654902
0.631373
0.639216
0.635294
0.647059
0.639216
0.674510
0.674510
0.650980
0.654902
0.466667
0.156863
0.509804
0.203922
0.337255
0.678431
0.701961
0.698039
0.698039
0.709804
0.705882
0.674510
0.709804
0.454902
0.090196
0.282353
0.168627
0.121569
0.141176
0.533333
0.662745
0.658824
0.674510
0.623529
0.623529
0.611765
0.627451
0.627451
0.650980
0.654902
0.647059
0.682353
0.501961
0.168627
0.545098
0.196078
0.333333
0.666667
0.654902
0.658824
0.674510
0.698039
0.694118
0.670588
0.678431
0.560784
0.152941
0.325490
0.207843
0.141176
0.129412
0.498039
0.674510
0.658824
0.658824
0.623529
0.623529
0.619608
0.631373
0.631373
0.627451
0.631373
0.650980
0.678431
0.478431
0.164706
0.564706
0.196078
0.360784
0.658824
0.658824
0.654902
0.643137
0.643137
0.658824
0.670588
0.674510
0.631373
0.250980
0.352941
0.294118
0.176471
0.211765
0.525490
0.686275
0.666667
0.666667
0.611765
0.611765
0.623529
0.635294
0.635294
0.639216
0.647059
0.647059
0.670588
0.494118
0.215686
0.639216
0.266667
0.419608
0.666667
0.650980
0.654902
0.647059
0.627451
0.635294
0.654902
0.666667
0.662745
0.301961
0.372549
0.372549
0.188235
0.341176
0.576471
0.658824
0.643137
0.639216
0.603922
0.592157
0.607843
0.619608
0.631373
0.643137
0.643137
0.635294
0.654902
0.509804
0.243137
0.670588
0.376471
0.431373
0.674510
0.654902
0.650980
0.658824
0.654902
0.666667
0.658824
0.666667
0.686275
0.325490
0.345098
0.396078
0.188235
0.423529
0.568627
0.627451
0.631373
0.607843
0.588235
0.576471
0.572549
0.584314
0.603922
0.623529
0.619608
0.611765
0.635294
0.474510
0.211765
0.647059
0.392157
0.376471
0.650980
0.639216
0.635294
0.643137
0.647059
0.647059
0.666667
0.658824
0.658824
0.301961
0.290196
0.376471
0.231373
0.549020
0.592157
0.623529
0.643137
0.635294
0.576471
0.568627
0.560784
0.580392
0.600000
0.615686
0.611765
0.603922
0.596078
0.352941
0.231373
0.631373
0.313725
0.325490
0.615686
0.635294
0.611765
0.603922
0.592157
0.611765
0.635294
0.643137
0.607843
0.278431
0.352941
0.298039
0.337255
0.639216
0.607843
0.615686
0.627451
0.623529
0.611765
0.603922
0.603922
0.615686
0.615686
0.611765
0.611765
0.615686
0.564706
0.317647
0.427451
0.576471
0.301961
0.450980
0.603922
0.600000
0.584314
0.596078
0.592157
0.607843
0.600000
0.596078
0.588235
0.458824
0.521569
0.403922
0.482353
0.603922
0.600000
0.603922
0.611765
0.607843
0.584314
0.580392
0.588235
0.572549
0.596078
0.619608
0.611765
0.607843
0.592157
0.560784
0.576471
0.588235
0.552941
0.572549
0.588235
0.600000
0.603922
0.611765
0.611765
0.619608
0.615686
0.596078
0.572549
0.572549
0.572549
0.584314
0.584314
0.592157
0.592157
0.580392
0.584314
0.580392
0.537255
0.501961
0.498039
0.549020
0.549020
0.529412
0.525490
0.517647
0.486275
0.490196
0.415686
0.356863
0.254902
0.141176
0.168627
0.266667
0.235294
0.309804
0.309804
0.227451
0.219608
0.239216
0.200000
0.172549
0.200000
0.200000
0.254902
0.321569
0.301961
0.247059
0.231373
0.266667
0.427451
0.458824
0.501961
0.525490
0.498039
0.466667
0.447059
0.458824
0.470588
0.384314
0.329412
0.305882
0.172549
0.070588
0.078431
0.141176
0.250980
0.282353
0.258824
0.176471
0.172549
0.203922
0.113725
0.094118
0.121569
0.176471
0.235294
0.337255
0.262745
0.176471
0.180392
0.121569
0.396078
0.411765
0.454902
0.447059
0.439216
0.411765
0.352941
0.407843
0.407843
0.274510
0.231373
0.203922
0.231373
0.423529
0.423529
0.247059
0.317647
0.286275
0.278431
0.239216
0.223529
0.215686
0.121569
0.133333
0.141176
0.172549
0.278431
0.333333
0.305882
0.207843
0.211765
0.164706
0.290196
0.333333
0.384314
0.411765
0.407843
0.364706
0.352941
0.368627
0.423529
0.282353
0.196078
0.203922
0.286275
0.482353
0.607843
0.345098
0.290196
0.258824
0.341176
0.250980
0.172549
0.137255
0.094118
0.117647
0.137255
0.121569
0.172549
0.278431
0.231373
0.164706
0.188235
0.200000
0.270588
0.333333
0.368627
0.376471
0.403922
0.294118
0.239216
0.219608
0.356863
0.329412
0.164706
0.117647
0.278431
0.349020
0.490196
0.262745
0.266667
0.247059
0.364706
0.250980
0.105882
0.078431
0.062745
0.062745
0.090196
0.062745
0.094118
0.235294
0.200000
0.192157
0.141176
0.109804
0.325490
0.376471
0.384314
0.372549
0.411765
0.372549
0.152941
0.223529
0.231373
0.160784
0.137255
0.090196
0.133333
0.239216
0.203922
0.149020
0.207843
0.282353
0.305882
0.141176
0.054902
0.074510
0.062745
0.094118
0.074510
0.109804
0.101961
0.145098
0.219608
0.172549
0.152941
0.113725
0.309804
0.325490
0.364706
0.384314
0.470588
0.462745
0.200000
0.243137
0.258824
0.160784
0.133333
0.129412
0.184314
0.184314
0.137255
0.117647
0.196078
0.298039
0.223529
0.145098
0.121569
0.098039
0.094118
0.129412
0.074510
0.101961
0.094118
0.105882
0.180392
0.152941
0.141176
0.125490
0.215686
0.247059
0.349020
0.435294
0.505882
0.439216
0.211765
0.117647
0.145098
0.188235
0.121569
0.156863
0.239216
0.101961
0.058824
0.101961
0.200000
0.294118
0.192157
0.133333
0.121569
0.074510
0.105882
0.117647
0.054902
0.078431
0.141176
0.149020
0.168627
0.145098
0.125490
0.113725
0.200000
0.250980
0.400000
0.494118
0.474510
0.356863
0.235294
0.094118
0.070588
0.113725
0.125490
0.152941
0.223529
0.125490
0.086275
0.129412
0.250980
0.227451
0.262745
0.152941
0.086275
0.113725
0.113725
0.113725
0.074510
0.121569
0.133333
0.176471
0.172549
0.101961
0.070588
0.121569
0.352941
0.364706
0.376471
0.431373
0.419608
0.321569
0.180392
0.078431
0.078431
0.109804
0.105882
0.164706
0.184314
0.188235
0.176471
0.188235
0.200000
0.164706
0.262745
0.149020
0.101961
0.082353
0.090196
0.105882
0.078431
0.105882
0.074510
0.117647
0.113725
0.098039
0.101961
0.137255
0.337255
0.345098
0.341176
0.454902
0.372549
0.298039
0.200000
0.078431
0.074510
0.141176
0.160784
0.227451
0.227451
0.156863
0.172549
0.176471
0.141176
0.180392
0.313725
0.239216
0.203922
0.207843
0.235294
0.243137
0.180392
0.117647
0.113725
0.098039
0.082353
0.098039
0.129412
0.105882
0.262745
0.305882
0.349020
0.380392
0.258824
0.243137
0.235294
0.188235
0.098039
0.117647
0.192157
0.247059
0.243137
0.117647
0.090196
0.137255
0.274510
0.462745
0.368627
0.329412
0.400000
0.376471
0.411765
0.443137
0.392157
0.176471
0.133333
0.113725
0.062745
0.062745
0.070588
0.054902
0.305882
0.364706
0.372549
0.368627
0.368627
0.329412
0.270588
0.301961
0.149020
0.078431
0.168627
0.239216
0.239216
0.196078
0.188235
0.215686
0.701961
0.984314
0.564706
0.215686
0.325490
0.349020
0.356863
0.368627
0.415686
0.325490
0.188235
0.137255
0.082353
0.090196
0.074510
0.054902
0.192157
0.219608
0.192157
0.207843
0.243137
0.196078
0.149020
0.298039
0.176471
0.078431
0.188235
0.258824
0.270588
0.337255
0.278431
0.278431
0.807843
0.949020
0.443137
0.309804
0.360784
0.360784
0.337255
0.294118
0.286275
0.341176
0.250980
0.141176
0.113725
0.066667
0.098039
0.090196
0.133333
0.082353
0.078431
0.070588
0.094118
0.109804
0.086275
0.266667
0.188235
0.090196
0.215686
0.266667
0.301961
0.380392
0.286275
0.211765
0.635294
0.729412
0.376471
0.384314
0.403922
0.384314
0.290196
0.243137
0.211765
0.254902
0.211765
0.090196
0.137255
0.082353
0.129412
0.125490
0.368627
0.352941
0.345098
0.345098
0.349020
0.329412
0.309804
0.372549
0.184314
0.090196
0.192157
0.266667
0.294118
0.341176
0.243137
0.109804
0.239216
0.258824
0.247059
0.305882
0.364706
0.384314
0.247059
0.200000
0.180392
0.180392
0.145098
0.113725
0.160784
0.074510
0.086275
0.090196
0.529412
0.529412
0.525490
0.521569
0.509804
0.517647
0.541176
0.505882
0.203922
0.121569
0.196078
0.258824
0.211765
0.258824
0.196078
0.054902
0.011765
0.070588
0.184314
0.239216
0.243137
0.305882
0.227451
0.172549
0.172549
0.141176
0.168627
0.254902
0.235294
0.156863
0.133333
0.109804
0.533333
0.513725
0.513725
0.490196
0.482353
0.505882
0.521569
0.482353
0.278431
0.215686
0.227451
0.188235
0.149020
0.203922
0.145098
0.039216
0.027451
0.043137
0.188235
0.192157
0.141176
0.196078
0.160784
0.141176
0.141176
0.105882
0.239216
0.486275
0.454902
0.435294
0.415686
0.407843
0.517647
0.498039
0.490196
0.486275
0.486275
0.505882
0.509804
0.490196
0.333333
0.149020
0.184314
0.117647
0.117647
0.113725
0.086275
0.074510
0.086275
0.054902
0.125490
0.121569
0.086275
0.094118
0.062745
0.078431
0.062745
0.086275
0.164706
0.478431
0.505882
0.513725
0.509804
0.513725
0.517647
0.517647
0.505882
0.509804
0.505882
0.517647
0.498039
0.490196
0.403922
0.094118
0.058824
0.121569
0.160784
0.054902
0.047059
0.094118
0.176471
0.168627
0.074510
0.062745
0.149020
0.062745
0.035294
0.121569
0.062745
0.062745
0.062745
0.368627
0.549020
0.541176
0.529412
0.525490
0.517647
0.501961
0.498039
0.501961
0.498039
0.505882
0.494118
0.498039
0.466667
0.176471
0.015686
0.141176
0.164706
0.078431
0.082353
0.129412
0.231373
0.231373
0.168627
0.333333
0.494118
0.184314
0.047059
0.243137
0.145098
0.160784
0.090196
0.270588
0.517647
0.529412
0.517647
0.525490
0.509804
0.486275
0.482353
0.474510
0.482353
0.478431
0.494118
0.505882
0.486275
0.274510
0.086275
0.321569
0.125490
0.188235
0.439216
0.447059
0.423529
0.345098
0.462745
0.525490
0.552941
0.360784
0.066667
0.227451
0.223529
0.184314
0.200000
0.180392
0.486275
0.521569
0.505882
0.486275
0.509804
0.474510
0.462745
0.466667
0.482353
0.486275
0.498039
0.482353
0.466667
0.345098
0.149020
0.396078
0.137255
0.227451
0.529412
0.549020
0.537255
0.509804
0.513725
0.521569
0.505882
0.501961
0.200000
0.129412
0.243137
0.125490
0.200000
0.125490
0.443137
0.486275
0.482353
0.494118
0.490196
0.490196
0.474510
0.482353
0.478431
0.509804
0.501961
0.474510
0.466667
0.376471
0.145098
0.411765
0.176471
0.254902
0.513725
0.525490
0.529412
0.529412
0.537255
0.533333
0.482353
0.545098
0.388235
0.066667
0.239216
0.145098
0.109804
0.129412
0.439216
0.513725
0.509804
0.525490
0.478431
0.466667
0.447059
0.462745
0.466667
0.482353
0.486275
0.470588
0.486275
0.396078
0.133333
0.439216
0.180392
0.262745
0.501961
0.474510
0.482353
0.498039
0.513725
0.509804
0.486275
0.509804
0.450980
0.113725
0.278431
0.168627
0.133333
0.125490
0.415686
0.541176
0.529412
0.525490
0.486275
0.474510
0.462745
0.470588
0.470588
0.458824
0.458824
0.474510
0.482353
0.364706
0.125490
0.454902
0.164706
0.274510
0.486275
0.478431
0.474510
0.454902
0.450980
0.462745
0.494118
0.494118
0.486275
0.192157
0.286275
0.219608
0.137255
0.176471
0.403922
0.525490
0.509804
0.509804
0.474510
0.466667
0.466667
0.474510
0.474510
0.470588
0.478431
0.474510
0.474510
0.372549
0.168627
0.513725
0.207843
0.317647
0.486275
0.466667
0.474510
0.462745
0.435294
0.443137
0.494118
0.482353
0.482353
0.223529
0.290196
0.270588
0.125490
0.262745
0.427451
0.482353
0.470588
0.466667
0.458824
0.435294
0.443137
0.458824
0.470588
0.482353
0.482353
0.466667
0.466667
0.396078
0.196078
0.541176
0.294118
0.333333
0.505882
0.466667
0.482353
0.494118
0.482353
0.494118
0.501961
0.486275
0.498039
0.247059
0.278431
0.305882
0.137255
0.313725
0.435294
0.474510
0.470588
0.450980
0.443137
0.419608
0.403922
0.419608
0.443137
0.462745
0.458824
0.454902
0.482353
0.388235
0.180392
0.529412
0.325490
0.298039
0.509804
0.474510
0.474510
0.482353
0.478431
0.474510
0.490196
0.474510
0.505882
0.254902
0.254902
0.317647
0.180392
0.403922
0.423529
0.466667
0.486275
0.478431
0.427451
0.411765
0.396078
0.415686
0.443137
0.454902
0.450980
0.454902
0.462745
0.278431
0.196078
0.509804
0.254902
0.250980
0.478431
0.474510
0.450980
0.443137
0.423529
0.439216
0.450980
0.462745
0.470588
0.219608
0.301961
0.243137
0.278431
0.478431
0.423529
0.462745
0.478431
0.474510
0.462745
0.450980
0.439216
0.450980
0.454902
0.450980
0.450980
0.466667
0.423529
0.227451
0.364706
0.423529
0.215686
0.352941
0.439216
0.415686
0.419608
0.435294
0.423529
0.435294
0.423529
0.431373
0.443137
0.325490
0.388235
0.313725
0.403922
0.454902
0.447059
0.458824
0.462745
0.454902
0.427451
0.423529
0.423529
0.411765
0.435294
0.454902
0.447059
0.443137
0.431373
0.431373
0.454902
0.415686
0.407843
0.427451
0.423529
0.427451
0.443137
0.450980
0.450980
0.458824
0.462745
0.450980
0.419608
0.403922
0.400000
0.443137
0.458824
0.443137
0.443137
0.431373
0.435294
0.427451
