0.066667
0.047059
0.047059
0.066667
0.086275
0.090196
0.074510
0.031373
0.094118
0.176471
0.215686
0.235294
0.266667
0.164706
0.223529
0.407843
0.423529
0.462745
0.752941
0.968627
0.968627
0.901961
0.650980
0.878431
0.980392
0.968627
0.972549
0.968627
0.972549
0.941176
0.882353
0.717647
0.039216
0.019608
0.047059
0.105882
0.105882
0.078431
0.109804
0.039216
0.094118
0.196078
0.192157
0.192157
0.219608
0.286275
0.317647
0.368627
0.411765
0.419608
0.588235
0.925490
0.996078
0.705882
0.384314
0.890196
0.988235
0.980392
0.984314
0.984314
0.992157
0.952941
0.701961
0.513725
0.035294
0.011765
0.023529
0.070588
0.094118
0.082353
0.105882
0.078431
0.117647
0.235294
0.172549
0.168627
0.196078
0.203922
0.211765
0.282353
0.380392
0.415686
0.450980
0.752941
0.752941
0.294118
0.266667
0.882353
0.976471
0.976471
0.980392
0.976471
0.992157
0.909804
0.603922
0.482353
0.078431
0.035294
0.058824
0.094118
0.094118
0.066667
0.058824
0.101961
0.145098
0.247059
0.184314
0.215686
0.180392
0.098039
0.066667
0.149020
0.274510
0.384314
0.419608
0.450980
0.258824
0.043137
0.164706
0.792157
1.000000
0.980392
0.984314
0.984314
1.000000
0.823529
0.545098
0.494118
0.141176
0.117647
0.160784
0.200000
0.211765
0.101961
0.031373
0.125490
0.160784
0.211765
0.188235
0.211765
0.090196
0.023529
0.039216
0.070588
0.117647
0.211765
0.270588
0.156863
0.039216
0.031373
0.043137
0.521569
0.996078
0.988235
0.984314
0.992157
0.980392
0.721569
0.513725
0.494118
0.278431
0.290196
0.294118
0.266667
0.298039
0.149020
0.023529
0.133333
0.160784
0.160784
0.133333
0.141176
0.035294
0.023529
0.043137
0.050980
0.047059
0.047059
0.070588
0.062745
0.043137
0.062745
0.062745
0.247059
0.854902
1.000000
0.984314
0.992157
0.952941
0.658824
0.505882
0.478431
0.341176
0.317647
0.396078
0.368627
0.325490
0.203922
0.058824
0.074510
0.172549
0.133333
0.086275
0.105882
0.019608
0.007843
0.019608
0.047059
0.043137
0.043137
0.043137
0.090196
0.050980
0.149020
0.133333
0.074510
0.584314
0.992157
0.984314
0.984314
0.929412
0.615686
0.486275
0.458824
0.309804
0.278431
0.419608
0.431373
0.337255
0.349020
0.141176
0.090196
0.290196
0.121569
0.070588
0.062745
0.007843
0.011765
0.015686
0.035294
0.035294
0.035294
0.066667
0.117647
0.113725
0.086275
0.094118
0.062745
0.325490
0.819608
0.952941
0.992157
0.886275
0.552941
0.486275
0.400000
0.352941
0.356863
0.337255
0.313725
0.392157
0.439216
0.196078
0.243137
0.360784
0.203922
0.121569
0.039216
0.000000
0.015686
0.015686
0.050980
0.035294
0.007843
0.058824
0.254902
0.164706
0.031373
0.247059
0.258824
0.262745
0.678431
0.894118
0.988235
0.835294
0.529412
0.474510
0.298039
0.392157
0.462745
0.337255
0.243137
0.400000
0.384314
0.101961
0.105882
0.235294
0.321569
0.282353
0.082353
0.000000
0.003922
0.003922
0.023529
0.015686
0.000000
0.035294
0.352941
0.364706
0.286275
0.349020
0.286275
0.670588
0.949020
0.968627
0.988235
0.803922
0.513725
0.439216
0.266667
0.396078
0.494118
0.486275
0.360784
0.427451
0.400000
0.113725
0.011765
0.043137
0.101961
0.329412
0.270588
0.027451
0.007843
0.003922
0.003922
0.003922
0.003922
0.019608
0.388235
0.600000
0.580392
0.305882
0.250980
0.776471
0.945098
0.968627
0.964706
0.772549
0.498039
0.325490
0.243137
0.364706
0.439216
0.525490
0.462745
0.407843
0.439216
0.278431
0.133333
0.078431
0.070588
0.231373
0.356863
0.101961
0.011765
0.011765
0.003922
0.003922
0.007843
0.015686
0.231373
0.400000
0.407843
0.298039
0.325490
0.517647
0.635294
0.760784
0.721569
0.482353
0.286275
0.156863
0.223529
0.349020
0.384314
0.478431
0.478431
0.411765
0.435294
0.396078
0.345098
0.294118
0.282353
0.282353
0.305882
0.211765
0.047059
0.015686
0.011765
0.003922
0.015686
0.082353
0.070588
0.105882
0.250980
0.352941
0.388235
0.474510
0.411765
0.454902
0.345098
0.129412
0.054902
0.090196
0.227451
0.364706
0.376471
0.423529
0.435294
0.411765
0.419608
0.419608
0.415686
0.419608
0.411765
0.380392
0.278431
0.196078
0.121569
0.043137
0.039216
0.023529
0.003922
0.082353
0.113725
0.137255
0.294118
0.360784
0.384314
0.466667
0.498039
0.376471
0.211765
0.078431
0.031373
0.086275
0.243137
0.396078
0.400000
0.411765
0.419608
0.415686
0.423529
0.427451
0.427451
0.435294
0.435294
0.435294
0.372549
0.235294
0.094118
0.027451
0.082353
0.156863
0.062745
0.007843
0.050980
0.196078
0.349020
0.368627
0.400000
0.423529
0.541176
0.474510
0.274510
0.137255
0.074510
0.078431
0.243137
0.419608
0.423529
0.415686
0.411765
0.423529
0.431373
0.439216
0.447059
0.450980
0.466667
0.458824
0.447059
0.360784
0.133333
0.039216
0.070588
0.176471
0.227451
0.039216
0.250980
0.423529
0.509804
0.470588
0.415686
0.439216
0.513725
0.521569
0.380392
0.239216
0.149020
0.101961
0.219608
0.419608
0.419608
0.415686
0.431373
0.439216
0.447059
0.458824
0.466667
0.478431
0.486275
0.470588
0.454902
0.431373
0.368627
0.266667
0.254902
0.133333
0.074510
0.152941
0.674510
0.803922
0.756863
0.588235
0.431373
0.474510
0.509804
0.513725
0.466667
0.368627
0.223529
0.137255
0.192157
0.407843
0.415686
0.427451
0.443137
0.450980
0.458824
0.470588
0.486275
0.498039
0.498039
0.486275
0.486275
0.470588
0.450980
0.400000
0.427451
0.447059
0.188235
0.184314
0.666667
0.823529
0.705882
0.505882
0.466667
0.482353
0.498039
0.509804
0.517647
0.450980
0.266667
0.168627
0.211765
0.419608
0.427451
0.439216
0.450980
0.462745
0.482353
0.494118
0.505882
0.509804
0.505882
0.501961
0.501961
0.474510
0.447059
0.447059
0.541176
0.815686
0.619608
0.450980
0.843137
0.913725
0.627451
0.482353
0.501961
0.505882
0.501961
0.509804
0.552941
0.486275
0.321569
0.219608
0.298039
0.427451
0.439216
0.454902
0.466667
0.478431
0.494118
0.501961
0.513725
0.521569
0.517647
0.505882
0.486275
0.470588
0.474510
0.494118
0.564706
0.850980
0.890196
0.819608
0.980392
0.984314
0.733333
0.545098
0.533333
0.513725
0.509804
0.505882
0.529412
0.529412
0.396078
0.360784
0.505882
0.419608
0.450980
0.474510
0.486275
0.490196
0.498039
0.509804
0.517647
0.517647
0.505882
0.490196
0.478431
0.490196
0.505882
0.529412
0.580392
0.768627
0.964706
0.980392
0.988235
0.996078
0.803922
0.647059
0.670588
0.541176
0.509804
0.490196
0.478431
0.537255
0.513725
0.588235
0.694118
0.447059
0.474510
0.486275
0.490196
0.498039
0.505882
0.513725
0.509804
0.490196
0.490196
0.494118
0.494118
0.498039
0.513725
0.556863
0.603922
0.709804
0.925490
1.000000
0.992157
1.000000
0.890196
0.694118
0.803922
0.749020
0.541176
0.494118
0.470588
0.478431
0.501961
0.619608
0.733333
0.470588
0.482353
0.486275
0.494118
0.505882
0.509804
0.490196
0.478431
0.482353
0.490196
0.498039
0.505882
0.513725
0.529412
0.572549
0.627451
0.682353
0.866667
0.996078
0.996078
0.996078
0.964706
0.760784
0.749020
0.941176
0.717647
0.501961
0.474510
0.462745
0.435294
0.529412
0.721569
0.470588
0.478431
0.490196
0.509804
0.505882
0.466667
0.462745
0.478431
0.482353
0.486275
0.498039
0.513725
0.529412
0.564706
0.603922
0.647059
0.686275
0.788235
0.968627
0.992157
0.992157
0.992157
0.874510
0.698039
0.870588
0.929412
0.643137
0.482353
0.458824
0.458824
0.533333
0.752941
0.474510
0.494118
0.501961
0.494118
0.462745
0.458824
0.466667
0.474510
0.478431
0.486275
0.505882
0.529412
0.564706
0.580392
0.611765
0.647059
0.682353
0.725490
0.898039
0.992157
0.988235
0.996078
0.964706
0.733333
0.729412
0.972549
0.886275
0.537255
0.447059
0.521569
0.501961
0.737255
0.490196
0.490196
0.466667
0.443137
0.454902
0.462745
0.466667
0.466667
0.482353
0.505882
0.533333
0.560784
0.572549
0.588235
0.611765
0.639216
0.678431
0.698039
0.792157
0.968627
0.992157
0.988235
1.000000
0.835294
0.650980
0.870588
1.000000
0.721569
0.450980
0.529412
0.525490
0.623529
0.474510
0.447059
0.435294
0.447059
0.458824
0.462745
0.466667
0.474510
0.501961
0.533333
0.560784
0.576471
0.584314
0.592157
0.611765
0.627451
0.650980
0.666667
0.717647
0.905882
1.000000
0.988235
0.992157
0.929412
0.682353
0.737255
0.976471
0.898039
0.556863
0.474510
0.584314
0.607843
0.431373
0.427451
0.439216
0.450980
0.462745
0.466667
0.482353
0.505882
0.537255
0.556863
0.568627
0.580392
0.584314
0.596078
0.603922
0.607843
0.623529
0.658824
0.678431
0.811765
0.984314
0.996078
0.988235
0.980392
0.800000
0.662745
0.886275
0.972549
0.717647
0.521569
0.596078
0.796078
0.427451
0.439216
0.443137
0.447059
0.458824
0.482353
0.509804
0.537255
0.549020
0.564706
0.572549
0.576471
0.580392
0.588235
0.592157
0.596078
0.615686
0.643137
0.662745
0.721569
0.925490
0.996078
0.992157
0.996078
0.929412
0.682353
0.741176
0.960784
0.862745
0.592157
0.580392
0.807843
0.431373
0.435294
0.439216
0.443137
0.478431
0.513725
0.529412
0.545098
0.556863
0.560784
0.568627
0.572549
0.576471
0.576471
0.580392
0.592157
0.603922
0.623529
0.647059
0.666667
0.815686
0.980392
0.988235
0.992157
0.988235
0.776471
0.639216
0.882353
0.952941
0.666667
0.568627
0.741176
0.435294
0.435294
0.450980
0.486275
0.521569
0.533333
0.545098
0.552941
0.560784
0.568627
0.564706
0.564706
0.572549
0.580392
0.584314
0.596078
0.603922
0.615686
0.635294
0.635294
0.701961
0.937255
1.000000
0.996078
1.000000
0.901961
0.654902
0.760784
0.984314
0.788235
0.568627
0.666667
0.431373
0.443137
0.486275
0.513725
0.529412
0.529412
0.541176
0.549020
0.552941
0.552941
0.549020
0.552941
0.560784
0.572549
0.576471
0.584314
0.592157
0.596078
0.592157
0.600000
0.627451
0.839216
0.988235
0.984314
0.980392
0.964706
0.749020
0.662745
0.898039
0.901961
0.627451
0.600000
0.066667
0.054902
0.062745
0.070588
0.082353
0.094118
0.078431
0.031373
0.078431
0.113725
0.145098
0.149020
0.160784
0.113725
0.133333
0.227451
0.243137
0.270588
0.600000
0.945098
0.968627
0.850980
0.549020
0.847059
0.964706
0.949020
0.952941
0.949020
0.929412
0.764706
0.678431
0.513725
0.047059
0.023529
0.054902
0.101961
0.094118
0.090196
0.105882
0.047059
0.070588
0.109804
0.117647
0.117647
0.152941
0.196078
0.184314
0.207843
0.239216
0.239216
0.407843
0.866667
0.992157
0.639216
0.305882
0.862745
0.972549
0.964706
0.968627
0.964706
0.968627
0.835294
0.486275
0.305882
0.035294
0.015686
0.035294
0.078431
0.086275
0.082353
0.098039
0.074510
0.086275
0.149020
0.113725
0.113725
0.156863
0.156863
0.133333
0.168627
0.215686
0.239216
0.266667
0.643137
0.729412
0.235294
0.207843
0.854902
0.964706
0.956863
0.960784
0.960784
0.964706
0.792157
0.403922
0.290196
0.062745
0.035294
0.062745
0.090196
0.090196
0.070588
0.062745
0.090196
0.105882
0.184314
0.145098
0.168627
0.137255
0.074510
0.062745
0.101961
0.152941
0.211765
0.231373
0.317647
0.235294
0.035294
0.125490
0.760784
0.992157
0.964706
0.964706
0.972549
0.972549
0.674510
0.341176
0.301961
0.105882
0.090196
0.121569
0.137255
0.149020
0.094118
0.039216
0.101961
0.121569
0.164706
0.152941
0.156863
0.058824
0.031373
0.050980
0.062745
0.082353
0.121569
0.156863
0.098039
0.035294
0.043137
0.039216
0.498039
0.980392
0.972549
0.972549
0.984314
0.921569
0.541176
0.317647
0.301961
0.219608
0.227451
0.211765
0.156863
0.184314
0.117647
0.031373
0.101961
0.133333
0.125490
0.101961
0.101961
0.031373
0.031373
0.047059
0.050980
0.047059
0.039216
0.058824
0.058824
0.043137
0.070588
0.070588
0.235294
0.839216
0.996078
0.968627
0.988235
0.870588
0.470588
0.321569
0.282353
0.258824
0.243137
0.290196
0.243137
0.196078
0.137255
0.050980
0.078431
0.156863
0.113725
0.074510
0.090196
0.019608
0.015686
0.027451
0.058824
0.050980
0.050980
0.047059
0.086275
0.062745
0.137255
0.121569
0.082353
0.568627
0.984314
0.980392
0.992157
0.839216
0.419608
0.278431
0.254902
0.223529
0.203922
0.298039
0.333333
0.274510
0.305882
0.137255
0.086275
0.231373
0.094118
0.058824
0.054902
0.011765
0.019608
0.023529
0.047059
0.039216
0.035294
0.066667
0.125490
0.121569
0.086275
0.098039
0.070588
0.341176
0.815686
0.941176
0.984314
0.756863
0.333333
0.258824
0.227451
0.231373
0.274510
0.270588
0.254902
0.376471
0.439216
0.200000
0.215686
0.294118
0.168627
0.109804
0.039216
0.007843
0.019608
0.023529
0.058824
0.039216
0.015686
0.058824
0.215686
0.156863
0.031373
0.207843
0.215686
0.243137
0.654902
0.858824
0.945098
0.643137
0.290196
0.258824
0.176471
0.258824
0.396078
0.309804
0.184314
0.345098
0.384314
0.105882
0.117647
0.203922
0.250980
0.235294
0.078431
0.011765
0.011765
0.011765
0.027451
0.019608
0.011765
0.031373
0.286275
0.286275
0.219608
0.282353
0.235294
0.600000
0.894118
0.933333
0.941176
0.600000
0.278431
0.243137
0.180392
0.258824
0.419608
0.454902
0.309804
0.349020
0.360784
0.101961
0.011765
0.047059
0.090196
0.282353
0.235294
0.035294
0.015686
0.011765
0.007843
0.011765
0.011765
0.023529
0.333333
0.486275
0.462745
0.258824
0.192157
0.666667
0.882353
0.937255
0.909804
0.576471
0.274510
0.192157
0.188235
0.223529
0.329412
0.462745
0.400000
0.313725
0.345098
0.192157
0.082353
0.054902
0.047059
0.168627
0.298039
0.094118
0.015686
0.015686
0.011765
0.011765
0.011765
0.015686
0.211765
0.345098
0.337255
0.239216
0.188235
0.329412
0.478431
0.623529
0.576471
0.325490
0.164706
0.113725
0.203922
0.203922
0.250980
0.368627
0.376471
0.247059
0.278431
0.231373
0.192157
0.160784
0.152941
0.145098
0.223529
0.192157
0.047059
0.023529
0.015686
0.011765
0.023529
0.066667
0.058824
0.098039
0.172549
0.211765
0.215686
0.313725
0.266667
0.282353
0.207843
0.086275
0.047059
0.090196
0.223529
0.207843
0.219608
0.266667
0.286275
0.231373
0.239216
0.235294
0.231373
0.231373
0.223529
0.200000
0.164706
0.172549
0.117647
0.047059
0.047059
0.031373
0.011765
0.062745
0.078431
0.094118
0.168627
0.196078
0.207843
0.282353
0.364706
0.282353
0.172549
0.086275
0.039216
0.094118
0.243137
0.231373
0.235294
0.239216
0.243137
0.235294
0.239216
0.239216
0.243137
0.247059
0.250980
0.250980
0.207843
0.152941
0.090196
0.031373
0.070588
0.129412
0.054902
0.007843
0.035294
0.117647
0.188235
0.192157
0.200000
0.215686
0.380392
0.384314
0.235294
0.137255
0.082353
0.086275
0.250980
0.247059
0.247059
0.239216
0.231373
0.239216
0.243137
0.250980
0.262745
0.258824
0.270588
0.266667
0.258824
0.215686
0.086275
0.035294
0.058824
0.149020
0.184314
0.035294
0.188235
0.282353
0.360784
0.301961
0.211765
0.243137
0.349020
0.431373
0.317647
0.219608
0.152941
0.105882
0.227451
0.243137
0.235294
0.235294
0.247059
0.250980
0.262745
0.274510
0.278431
0.286275
0.286275
0.278431
0.270588
0.258824
0.227451
0.164706
0.188235
0.113725
0.050980
0.137255
0.564706
0.607843
0.596078
0.419608
0.227451
0.278431
0.325490
0.407843
0.372549
0.325490
0.227451
0.141176
0.200000
0.231373
0.239216
0.247059
0.262745
0.266667
0.274510
0.286275
0.298039
0.309804
0.301961
0.294118
0.290196
0.274510
0.258824
0.203922
0.235294
0.329412
0.141176
0.125490
0.509804
0.690196
0.529412
0.301961
0.250980
0.274510
0.298039
0.360784
0.403922
0.392157
0.262745
0.168627
0.223529
0.235294
0.250980
0.262745
0.274510
0.278431
0.294118
0.305882
0.313725
0.325490
0.325490
0.317647
0.301961
0.262745
0.227451
0.211765
0.286275
0.623529
0.513725
0.345098
0.717647
0.870588
0.466667
0.250980
0.278431
0.294118
0.301961
0.329412
0.411765
0.400000
0.294118
0.223529
0.313725
0.243137
0.254902
0.278431
0.290196
0.298039
0.301961
0.317647
0.325490
0.341176
0.337255
0.309804
0.270588
0.239216
0.239216
0.250980
0.305882
0.666667
0.827451
0.764706
0.960784
0.984314
0.600000
0.301961
0.301961
0.294118
0.301961
0.298039
0.352941
0.396078
0.333333
0.364706
0.525490
0.235294
0.266667
0.298039
0.309804
0.313725
0.317647
0.329412
0.341176
0.333333
0.298039
0.270588
0.247059
0.254902
0.262745
0.282353
0.325490
0.549020
0.921569
0.988235
0.992157
0.992157
0.647059
0.403922
0.462745
0.317647
0.282353
0.270588
0.274510
0.360784
0.431373
0.600000
0.713725
0.266667
0.298039
0.309804
0.313725
0.321569
0.333333
0.337255
0.317647
0.278431
0.258824
0.258824
0.262745
0.266667
0.274510
0.305882
0.364706
0.486275
0.831373
1.000000
0.992157
1.000000
0.745098
0.447059
0.627451
0.596078
0.321569
0.266667
0.258824
0.278431
0.392157
0.627451
0.749020
0.294118
0.305882
0.313725
0.321569
0.341176
0.337255
0.290196
0.254902
0.250980
0.254902
0.258824
0.266667
0.274510
0.290196
0.356863
0.431373
0.478431
0.713725
0.984314
0.996078
1.000000
0.898039
0.525490
0.541176
0.850980
0.568627
0.266667
0.258824
0.254902
0.309804
0.529412
0.745098
0.294118
0.305882
0.325490
0.341176
0.329412
0.270588
0.239216
0.243137
0.250980
0.250980
0.258824
0.270588
0.305882
0.360784
0.415686
0.466667
0.498039
0.600000
0.905882
1.000000
0.996078
0.976471
0.701961
0.450980
0.717647
0.862745
0.447059
0.254902
0.258824
0.345098
0.529412
0.772549
0.301961
0.329412
0.345098
0.309804
0.254902
0.235294
0.239216
0.239216
0.239216
0.250980
0.266667
0.309804
0.376471
0.407843
0.431373
0.462745
0.498039
0.529412
0.768627
0.988235
0.992157
1.000000
0.886275
0.509804
0.505882
0.898039
0.811765
0.313725
0.250980
0.411765
0.482353
0.752941
0.321569
0.321569
0.286275
0.239216
0.235294
0.239216
0.235294
0.231373
0.247059
0.278431
0.337255
0.392157
0.411765
0.419608
0.439216
0.458824
0.494118
0.505882
0.611765
0.917647
1.000000
0.996078
0.984314
0.666667
0.419608
0.721569
0.968627
0.552941
0.239216
0.396078
0.470588
0.635294
0.301961
0.258824
0.231373
0.239216
0.243137
0.239216
0.239216
0.247059
0.294118
0.356863
0.392157
0.415686
0.423529
0.427451
0.431373
0.443137
0.462745
0.474510
0.501961
0.784314
1.000000
0.992157
1.000000
0.839216
0.454902
0.521569
0.901961
0.807843
0.321569
0.282353
0.482353
0.592157
0.239216
0.227451
0.231373
0.239216
0.239216
0.235294
0.258824
0.313725
0.372549
0.400000
0.407843
0.419608
0.423529
0.431373
0.419608
0.407843
0.419608
0.458824
0.470588
0.635294
0.949020
0.996078
0.992157
0.949020
0.603922
0.415686
0.717647
0.921569
0.537255
0.266667
0.400000
0.741176
0.227451
0.231373
0.231373
0.235294
0.239216
0.274510
0.321569
0.372549
0.396078
0.407843
0.415686
0.423529
0.419608
0.415686
0.396078
0.392157
0.415686
0.447059
0.462745
0.517647
0.835294
0.996078
0.992157
0.992157
0.807843
0.435294
0.505882
0.874510
0.756863
0.337255
0.329412
0.682353
0.227451
0.227451
0.227451
0.235294
0.290196
0.345098
0.368627
0.388235
0.400000
0.403922
0.415686
0.415686
0.407843
0.396078
0.392157
0.400000
0.415686
0.427451
0.447059
0.458824
0.654902
0.952941
0.996078
0.996078
0.941176
0.560784
0.380392
0.729412
0.882353
0.450980
0.301961
0.564706
0.223529
0.223529
0.250980
0.305882
0.356863
0.380392
0.384314
0.392157
0.403922
0.411765
0.411765
0.400000
0.392157
0.400000
0.403922
0.407843
0.411765
0.423529
0.439216
0.423529
0.482353
0.850980
1.000000
0.996078
1.000000
0.760784
0.400000
0.541176
0.894118
0.643137
0.298039
0.447059
0.227451
0.258824
0.321569
0.360784
0.380392
0.384314
0.384314
0.392157
0.396078
0.388235
0.384314
0.388235
0.384314
0.392157
0.396078
0.396078
0.400000
0.403922
0.392157
0.392157
0.407843
0.698039
0.988235
0.984314
0.992157
0.898039
0.533333
0.415686
0.733333
0.803922
0.396078
0.349020
0.050980
0.039216
0.050980
0.050980
0.050980
0.070588
0.047059
0.023529
0.043137
0.035294
0.050980
0.058824
0.078431
0.058824
0.050980
0.078431
0.094118
0.098039
0.305882
0.654902
0.717647
0.552941
0.309804
0.560784
0.643137
0.635294
0.631373
0.603922
0.564706
0.400000
0.329412
0.223529
0.031373
0.011765
0.039216
0.070588
0.050980
0.058824
0.058824
0.031373
0.027451
0.019608
0.035294
0.035294
0.062745
0.105882
0.074510
0.062745
0.082353
0.082353
0.172549
0.549020
0.709804
0.407843
0.156863
0.568627
0.647059
0.627451
0.631373
0.615686
0.623529
0.478431
0.188235
0.098039
0.019608
0.011765
0.023529
0.047059
0.054902
0.058824
0.054902
0.047059
0.035294
0.043137
0.031373
0.050980
0.082353
0.078431
0.058824
0.062745
0.074510
0.086275
0.090196
0.360784
0.486275
0.145098
0.113725
0.560784
0.647059
0.639216
0.643137
0.647059
0.682353
0.478431
0.152941
0.094118
0.035294
0.023529
0.035294
0.047059
0.058824
0.054902
0.035294
0.043137
0.050980
0.094118
0.058824
0.082353
0.070588
0.031373
0.035294
0.043137
0.050980
0.074510
0.078431
0.149020
0.141176
0.031373
0.082353
0.501961
0.694118
0.658824
0.662745
0.725490
0.737255
0.380392
0.109804
0.098039
0.058824
0.050980
0.054902
0.050980
0.078431
0.058824
0.023529
0.047059
0.054902
0.082353
0.074510
0.062745
0.023529
0.015686
0.027451
0.031373
0.035294
0.039216
0.050980
0.043137
0.027451
0.039216
0.031373
0.325490
0.686275
0.701961
0.701961
0.756863
0.662745
0.258824
0.098039
0.101961
0.129412
0.145098
0.121569
0.058824
0.086275
0.058824
0.019608
0.054902
0.062745
0.043137
0.047059
0.035294
0.019608
0.019608
0.027451
0.035294
0.031373
0.023529
0.039216
0.050980
0.035294
0.054902
0.058824
0.160784
0.607843
0.752941
0.729412
0.756863
0.580392
0.203922
0.109804
0.098039
0.149020
0.149020
0.180392
0.133333
0.098039
0.066667
0.039216
0.054902
0.098039
0.058824
0.043137
0.050980
0.011765
0.003922
0.019608
0.047059
0.039216
0.039216
0.039216
0.070588
0.058824
0.090196
0.094118
0.066667
0.439216
0.764706
0.756863
0.772549
0.545098
0.172549
0.086275
0.086275
0.117647
0.117647
0.192157
0.215686
0.196078
0.250980
0.109804
0.058824
0.160784
0.058824
0.039216
0.035294
0.007843
0.007843
0.011765
0.031373
0.035294
0.027451
0.050980
0.117647
0.113725
0.054902
0.074510
0.050980
0.294118
0.658824
0.733333
0.784314
0.466667
0.101961
0.082353
0.090196
0.117647
0.172549
0.184314
0.176471
0.345098
0.435294
0.188235
0.160784
0.203922
0.109804
0.082353
0.031373
0.003922
0.007843
0.011765
0.035294
0.023529
0.011765
0.050980
0.152941
0.129412
0.035294
0.152941
0.145098
0.188235
0.572549
0.670588
0.631373
0.298039
0.082353
0.082353
0.070588
0.145098
0.298039
0.254902
0.125490
0.298039
0.372549
0.098039
0.109804
0.149020
0.160784
0.168627
0.058824
0.003922
0.003922
0.003922
0.011765
0.007843
0.003922
0.023529
0.192157
0.207843
0.164706
0.188235
0.145098
0.396078
0.627451
0.607843
0.560784
0.274510
0.078431
0.074510
0.090196
0.149020
0.337255
0.403922
0.262745
0.301961
0.317647
0.078431
0.007843
0.035294
0.066667
0.215686
0.176471
0.027451
0.011765
0.000000
0.003922
0.003922
0.000000
0.015686
0.250980
0.360784
0.345098
0.188235
0.109804
0.415686
0.541176
0.580392
0.541176
0.258824
0.078431
0.066667
0.117647
0.109804
0.235294
0.403922
0.329412
0.239216
0.262745
0.109804
0.031373
0.027451
0.015686
0.098039
0.207843
0.074510
0.011765
0.003922
0.000000
0.000000
0.000000
0.011765
0.160784
0.254902
0.247059
0.160784
0.074510
0.137255
0.243137
0.345098
0.298039
0.133333
0.062745
0.047059
0.129412
0.086275
0.141176
0.290196
0.274510
0.125490
0.145098
0.094118
0.062745
0.050980
0.043137
0.039216
0.137255
0.149020
0.035294
0.011765
0.003922
0.000000
0.007843
0.047059
0.043137
0.070588
0.121569
0.113725
0.078431
0.164706
0.149020
0.117647
0.082353
0.043137
0.031373
0.058824
0.145098
0.090196
0.098039
0.149020
0.156863
0.086275
0.090196
0.082353
0.074510
0.074510
0.070588
0.058824
0.066667
0.125490
0.086275
0.031373
0.031373
0.015686
0.003922
0.039216
0.039216
0.050980
0.086275
0.078431
0.062745
0.129412
0.254902
0.200000
0.101961
0.054902
0.027451
0.070588
0.172549
0.105882
0.105882
0.105882
0.101961
0.090196
0.090196
0.078431
0.082353
0.090196
0.086275
0.082353
0.066667
0.070588
0.054902
0.027451
0.054902
0.094118
0.031373
0.003922
0.011765
0.047059
0.078431
0.058824
0.058824
0.062745
0.247059
0.313725
0.164706
0.090196
0.062745
0.058824
0.188235
0.113725
0.113725
0.101961
0.086275
0.086275
0.086275
0.090196
0.098039
0.090196
0.101961
0.098039
0.086275
0.086275
0.035294
0.019608
0.047059
0.101961
0.117647
0.035294
0.129412
0.156863
0.203922
0.156863
0.058824
0.078431
0.184314
0.321569
0.223529
0.156863
0.121569
0.078431
0.176471
0.105882
0.098039
0.098039
0.098039
0.094118
0.101961
0.109804
0.109804
0.109804
0.109804
0.101961
0.098039
0.098039
0.094118
0.062745
0.113725
0.086275
0.031373
0.113725
0.450980
0.423529
0.403922
0.266667
0.070588
0.094118
0.145098
0.266667
0.243137
0.227451
0.176471
0.105882
0.152941
0.094118
0.098039
0.105882
0.113725
0.109804
0.109804
0.113725
0.117647
0.121569
0.117647
0.109804
0.105882
0.101961
0.094118
0.058824
0.090196
0.180392
0.086275
0.090196
0.403922
0.552941
0.372549
0.121569
0.070588
0.086275
0.105882
0.192157
0.243137
0.282353
0.200000
0.125490
0.172549
0.101961
0.105882
0.113725
0.117647
0.117647
0.121569
0.125490
0.129412
0.137255
0.133333
0.129412
0.121569
0.098039
0.074510
0.070588
0.090196
0.305882
0.325490
0.290196
0.662745
0.819608
0.298039
0.058824
0.086275
0.086275
0.094118
0.141176
0.231373
0.262745
0.211765
0.168627
0.250980
0.105882
0.109804
0.121569
0.133333
0.137255
0.137255
0.133333
0.137255
0.152941
0.145098
0.125490
0.105882
0.082353
0.078431
0.082353
0.090196
0.325490
0.572549
0.682353
0.945098
0.968627
0.435294
0.062745
0.090196
0.078431
0.094118
0.109804
0.164706
0.223529
0.219608
0.290196
0.447059
0.098039
0.117647
0.141176
0.145098
0.152941
0.152941
0.145098
0.145098
0.149020
0.121569
0.098039
0.086275
0.082353
0.082353
0.086275
0.086275
0.231373
0.666667
0.905882
0.972549
0.933333
0.419608
0.113725
0.200000
0.094118
0.086275
0.090196
0.090196
0.176471
0.286275
0.494118
0.619608
0.125490
0.145098
0.149020
0.149020
0.156863
0.160784
0.156863
0.137255
0.109804
0.090196
0.090196
0.090196
0.086275
0.082353
0.094118
0.113725
0.184314
0.572549
0.909804
0.952941
0.898039
0.466667
0.137255
0.305882
0.321569
0.113725
0.086275
0.078431
0.101961
0.239216
0.517647
0.650980
0.152941
0.152941
0.149020
0.156863
0.168627
0.168627
0.129412
0.105882
0.094118
0.090196
0.090196
0.090196
0.086275
0.090196
0.129412
0.168627
0.184314
0.419608
0.847059
0.949020
0.925490
0.654902
0.196078
0.203922
0.533333
0.325490
0.058824
0.078431
0.082353
0.156863
0.419608
0.650980
0.152941
0.149020
0.160784
0.172549
0.164706
0.113725
0.094118
0.101961
0.094118
0.090196
0.094118
0.090196
0.101961
0.141176
0.176471
0.196078
0.219608
0.301961
0.698039
0.949020
0.941176
0.776471
0.352941
0.133333
0.376471
0.596078
0.215686
0.054902
0.086275
0.200000
0.423529
0.682353
0.156863
0.168627
0.176471
0.152941
0.113725
0.094118
0.094118
0.098039
0.090196
0.094118
0.094118
0.109804
0.152941
0.172549
0.188235
0.203922
0.231373
0.243137
0.498039
0.874510
0.909804
0.850980
0.576471
0.180392
0.176471
0.596078
0.592157
0.105882
0.090196
0.250980
0.380392
0.670588
0.164706
0.160784
0.137255
0.101961
0.105882
0.098039
0.094118
0.090196
0.094118
0.101961
0.137255
0.168627
0.176471
0.184314
0.192157
0.203922
0.231373
0.231373
0.305882
0.682353
0.890196
0.874510
0.768627
0.341176
0.101961
0.396078
0.701961
0.321569
0.070588
0.227451
0.333333
0.556863
0.152941
0.117647
0.101961
0.109804
0.109804
0.098039
0.094118
0.101961
0.125490
0.156863
0.176471
0.184314
0.188235
0.192157
0.188235
0.192157
0.196078
0.200000
0.203922
0.478431
0.839216
0.890196
0.874510
0.556863
0.145098
0.200000
0.572549
0.560784
0.113725
0.129412
0.321569
0.486275
0.105882
0.094118
0.101961
0.105882
0.101961
0.098039
0.109804
0.141176
0.180392
0.192157
0.188235
0.188235
0.188235
0.192157
0.176471
0.156863
0.156863
0.172549
0.180392
0.321569
0.713725
0.894118
0.894118
0.721569
0.290196
0.129412
0.388235
0.639216
0.294118
0.062745
0.196078
0.619608
0.094118
0.101961
0.101961
0.098039
0.101961
0.121569
0.145098
0.180392
0.196078
0.203922
0.200000
0.192157
0.180392
0.180392
0.149020
0.141176
0.156863
0.168627
0.172549
0.211765
0.556863
0.870588
0.882353
0.819608
0.501961
0.152941
0.203922
0.556863
0.505882
0.125490
0.094118
0.486275
0.098039
0.098039
0.098039
0.098039
0.129412
0.164706
0.172549
0.188235
0.200000
0.200000
0.200000
0.188235
0.172549
0.164706
0.149020
0.152941
0.160784
0.164706
0.164706
0.168627
0.356863
0.768627
0.874510
0.854902
0.666667
0.262745
0.101961
0.407843
0.611765
0.223529
0.074510
0.313725
0.094118
0.090196
0.109804
0.141176
0.176471
0.184314
0.184314
0.192157
0.200000
0.203922
0.196078
0.172549
0.156863
0.160784
0.160784
0.160784
0.160784
0.164706
0.168627
0.156863
0.196078
0.603922
0.878431
0.862745
0.800000
0.458824
0.121569
0.235294
0.576471
0.376471
0.074510
0.192157
0.094118
0.109804
0.156863
0.184314
0.196078
0.192157
0.188235
0.196078
0.200000
0.192157
0.180392
0.172549
0.160784
0.160784
0.164706
0.156863
0.156863
0.164706
0.152941
0.145098
0.145098
0.427451
0.796078
0.843137
0.850980
0.650980
0.227451
0.129412
0.407843
0.498039
0.156863
0.109804
