0.274510
0.188235
0.180392
0.200000
0.188235
0.141176
0.137255
0.152941
0.149020
0.152941
0.156863
0.172549
0.156863
0.137255
0.137255
0.141176
0.145098
0.145098
0.223529
0.407843
0.400000
0.360784
0.341176
0.392157
0.568627
0.611765
0.525490
0.498039
0.462745
0.400000
0.360784
0.352941
0.180392
0.149020
0.141176
0.117647
0.137255
0.149020
0.176471
0.137255
0.098039
0.105882
0.125490
0.168627
0.141176
0.129412
0.145098
0.164706
0.149020
0.160784
0.141176
0.109804
0.098039
0.094118
0.129412
0.223529
0.396078
0.474510
0.349020
0.203922
0.156863
0.137255
0.145098
0.149020
0.341176
0.309804
0.274510
0.243137
0.235294
0.215686
0.211765
0.207843
0.192157
0.168627
0.141176
0.133333
0.172549
0.227451
0.180392
0.164706
0.180392
0.168627
0.196078
0.211765
0.188235
0.164706
0.219608
0.258824
0.317647
0.329412
0.258824
0.188235
0.227451
0.196078
0.196078
0.180392
0.474510
0.454902
0.474510
0.486275
0.458824
0.423529
0.423529
0.439216
0.443137
0.443137
0.411765
0.364706
0.333333
0.333333
0.282353
0.301961
0.341176
0.325490
0.396078
0.466667
0.450980
0.376471
0.360784
0.419608
0.419608
0.290196
0.274510
0.247059
0.243137
0.184314
0.184314
0.160784
0.450980
0.447059
0.466667
0.478431
0.486275
0.494118
0.498039
0.494118
0.490196
0.486275
0.478431
0.447059
0.403922
0.372549
0.384314
0.372549
0.376471
0.407843
0.443137
0.474510
0.474510
0.482353
0.501961
0.537255
0.541176
0.505882
0.486275
0.443137
0.423529
0.380392
0.368627
0.345098
0.454902
0.462745
0.482353
0.486275
0.490196
0.498039
0.498039
0.494118
0.486275
0.474510
0.462745
0.435294
0.400000
0.392157
0.494118
0.478431
0.423529
0.431373
0.450980
0.466667
0.474510
0.501961
0.529412
0.552941
0.572549
0.576471
0.560784
0.545098
0.533333
0.521569
0.509804
0.509804
0.450980
0.458824
0.478431
0.490196
0.498039
0.505882
0.505882
0.505882
0.494118
0.470588
0.450980
0.423529
0.380392
0.396078
0.580392
0.615686
0.486275
0.447059
0.454902
0.474510
0.490196
0.509804
0.537255
0.560784
0.572549
0.560784
0.541176
0.517647
0.501961
0.490196
0.474510
0.470588
0.427451
0.435294
0.447059
0.466667
0.478431
0.490196
0.501961
0.505882
0.486275
0.458824
0.447059
0.431373
0.403922
0.411765
0.615686
0.682353
0.513725
0.435294
0.439216
0.454902
0.474510
0.501961
0.529412
0.549020
0.556863
0.537255
0.521569
0.501961
0.482353
0.466667
0.458824
0.450980
0.396078
0.403922
0.419608
0.439216
0.454902
0.462745
0.470588
0.474510
0.458824
0.427451
0.431373
0.443137
0.407843
0.423529
0.690196
0.580392
0.423529
0.380392
0.396078
0.415686
0.435294
0.466667
0.498039
0.525490
0.533333
0.521569
0.498039
0.482353
0.462745
0.450980
0.435294
0.423529
0.356863
0.356863
0.356863
0.380392
0.384314
0.400000
0.415686
0.423529
0.423529
0.396078
0.400000
0.435294
0.400000
0.392157
0.666667
0.521569
0.356863
0.333333
0.349020
0.364706
0.372549
0.411765
0.450980
0.474510
0.486275
0.474510
0.454902
0.435294
0.407843
0.396078
0.364706
0.345098
0.321569
0.329412
0.321569
0.352941
0.360784
0.372549
0.392157
0.380392
0.372549
0.360784
0.396078
0.415686
0.380392
0.364706
0.611765
0.454902
0.290196
0.282353
0.282353
0.298039
0.298039
0.313725
0.356863
0.407843
0.419608
0.458824
0.415686
0.360784
0.341176
0.337255
0.325490
0.313725
0.274510
0.250980
0.274510
0.298039
0.325490
0.356863
0.396078
0.419608
0.400000
0.388235
0.403922
0.403922
0.396078
0.411765
0.603922
0.462745
0.227451
0.239216
0.235294
0.250980
0.258824
0.270588
0.298039
0.352941
0.533333
0.576471
0.427451
0.321569
0.305882
0.305882
0.298039
0.278431
0.231373
0.262745
0.278431
0.341176
0.462745
0.431373
0.474510
0.701961
0.772549
0.811765
0.701961
0.580392
0.588235
0.549020
0.670588
0.560784
0.247059
0.180392
0.192157
0.227451
0.235294
0.250980
0.294118
0.356863
0.678431
0.780392
0.533333
0.317647
0.278431
0.262745
0.223529
0.192157
0.286275
0.298039
0.282353
0.568627
0.862745
0.796078
0.807843
0.854902
0.921569
0.949020
0.952941
0.886275
0.847059
0.823529
0.901961
0.788235
0.352941
0.121569
0.176471
0.200000
0.215686
0.247059
0.282353
0.345098
0.721569
0.717647
0.494118
0.274510
0.196078
0.184314
0.164706
0.145098
0.462745
0.435294
0.403922
0.729412
1.000000
0.905882
0.960784
0.886275
0.890196
0.968627
0.976471
0.964706
0.866667
0.862745
0.866667
0.800000
0.443137
0.117647
0.164706
0.180392
0.176471
0.188235
0.223529
0.317647
0.764706
0.650980
0.505882
0.247059
0.145098
0.141176
0.133333
0.125490
0.658824
0.650980
0.631373
0.800000
0.890196
0.721569
0.733333
0.737255
0.725490
0.898039
0.968627
0.960784
0.913725
0.878431
0.882353
0.815686
0.419608
0.133333
0.160784
0.141176
0.137255
0.145098
0.172549
0.294118
0.745098
0.678431
0.549020
0.184314
0.105882
0.133333
0.141176
0.129412
0.760784
0.674510
0.564706
0.662745
0.784314
0.694118
0.674510
0.670588
0.607843
0.850980
0.960784
0.933333
0.949020
0.933333
0.878431
0.701961
0.345098
0.133333
0.121569
0.141176
0.152941
0.149020
0.137255
0.286275
0.737255
0.678431
0.607843
0.188235
0.125490
0.125490
0.133333
0.137255
0.803922
0.764706
0.690196
0.729412
0.807843
0.780392
0.843137
0.835294
0.839216
0.854902
0.827451
0.905882
0.878431
0.827451
0.784314
0.788235
0.635294
0.376471
0.372549
0.321569
0.243137
0.188235
0.125490
0.301961
0.737255
0.690196
0.576471
0.168627
0.121569
0.101961
0.101961
0.121569
0.694118
0.647059
0.788235
0.854902
0.886275
0.870588
0.862745
0.866667
0.874510
0.796078
0.854902
0.886275
0.792157
0.800000
0.874510
0.854902
0.678431
0.545098
0.545098
0.525490
0.576471
0.572549
0.443137
0.560784
0.850980
0.870588
0.741176
0.454902
0.360784
0.321569
0.235294
0.172549
0.631373
0.721569
0.807843
0.874510
0.905882
0.894118
0.878431
0.874510
0.827451
0.843137
0.952941
0.905882
0.839216
0.850980
0.823529
0.694118
0.686275
0.745098
0.686275
0.658824
0.733333
0.745098
0.686275
0.780392
0.913725
0.803922
0.717647
0.737255
0.698039
0.674510
0.662745
0.560784
0.152941
0.278431
0.415686
0.427451
0.494118
0.705882
0.800000
0.796078
0.800000
0.894118
0.925490
0.847059
0.831373
0.811765
0.815686
0.772549
0.733333
0.741176
0.741176
0.698039
0.800000
0.796078
0.729412
0.776471
0.811765
0.733333
0.721569
0.760784
0.721569
0.639216
0.584314
0.439216
0.109804
0.113725
0.129412
0.109804
0.137255
0.235294
0.274510
0.313725
0.419608
0.556863
0.756863
0.858824
0.850980
0.819608
0.831373
0.831373
0.839216
0.823529
0.764706
0.792157
0.831373
0.823529
0.807843
0.823529
0.807843
0.788235
0.807843
0.796078
0.749020
0.592157
0.447059
0.274510
0.145098
0.129412
0.133333
0.145098
0.160784
0.152941
0.137255
0.125490
0.101961
0.141176
0.239216
0.333333
0.521569
0.615686
0.682353
0.705882
0.717647
0.713725
0.658824
0.756863
0.815686
0.776471
0.745098
0.709804
0.709804
0.709804
0.737255
0.737255
0.760784
0.686275
0.549020
0.274510
0.129412
0.125490
0.129412
0.133333
0.141176
0.145098
0.145098
0.141176
0.145098
0.141176
0.109804
0.090196
0.105882
0.145098
0.160784
0.160784
0.184314
0.219608
0.243137
0.380392
0.600000
0.650980
0.631373
0.690196
0.729412
0.654902
0.768627
0.725490
0.674510
0.666667
0.494118
0.215686
0.121569
0.125490
0.133333
0.137255
0.137255
0.133333
0.133333
0.133333
0.129412
0.117647
0.117647
0.133333
0.152941
0.160784
0.141176
0.133333
0.145098
0.141176
0.129412
0.117647
0.145098
0.168627
0.172549
0.215686
0.211765
0.160784
0.207843
0.196078
0.152941
0.121569
0.098039
0.109804
0.125490
0.125490
0.133333
0.133333
0.133333
0.133333
0.133333
0.133333
0.133333
0.129412
0.129412
0.137255
0.137255
0.141176
0.152941
0.152941
0.145098
0.141176
0.145098
0.141176
0.129412
0.121569
0.121569
0.109804
0.109804
0.121569
0.113725
0.117647
0.121569
0.121569
0.133333
0.141176
0.133333
0.133333
0.133333
0.133333
0.133333
0.133333
0.133333
0.133333
0.133333
0.133333
0.141176
0.133333
0.129412
0.121569
0.129412
0.133333
0.129412
0.125490
0.125490
0.129412
0.133333
0.133333
0.129412
0.133333
0.141176
0.145098
0.141176
0.137255
0.137255
0.133333
0.137255
0.141176
0.137255
0.137255
0.133333
0.133333
0.133333
0.133333
0.133333
0.133333
0.133333
0.133333
0.137255
0.133333
0.133333
0.133333
0.133333
0.133333
0.133333
0.133333
0.133333
0.133333
0.133333
0.133333
0.133333
0.133333
0.133333
0.133333
0.133333
0.133333
0.133333
0.133333
0.133333
0.133333
0.137255
0.137255
0.133333
0.133333
0.133333
0.133333
0.133333
0.133333
0.133333
0.133333
0.133333
0.133333
0.133333
0.133333
0.133333
0.133333
0.133333
0.133333
0.133333
0.133333
0.133333
0.133333
0.133333
0.133333
0.133333
0.133333
0.133333
0.133333
0.133333
0.133333
0.133333
0.133333
0.133333
0.133333
0.133333
0.133333
0.133333
0.133333
0.133333
0.133333
0.133333
0.133333
0.133333
0.133333
0.133333
0.133333
0.133333
0.133333
0.133333
0.133333
0.133333
0.133333
0.133333
0.133333
0.133333
0.133333
0.133333
0.133333
0.133333
0.133333
0.133333
0.133333
0.133333
0.133333
0.133333
0.133333
0.133333
0.133333
0.133333
0.133333
0.133333
0.133333
0.133333
0.133333
0.133333
0.133333
0.133333
0.133333
0.133333
0.133333
0.133333
0.133333
0.133333
0.133333
0.133333
0.133333
0.133333
0.133333
0.133333
0.133333
0.133333
0.133333
0.133333
0.133333
0.133333
0.133333
0.137255
0.133333
0.133333
0.133333
0.133333
0.133333
0.133333
0.133333
0.133333
0.133333
0.133333
0.133333
0.133333
0.133333
0.133333
0.133333
0.133333
0.133333
0.133333
0.133333
0.133333
0.133333
0.133333
0.133333
0.133333
0.133333
0.133333
0.133333
0.133333
0.133333
0.133333
0.133333
0.396078
0.349020
0.364706
0.392157
0.396078
0.356863
0.345098
0.360784
0.345098
0.309804
0.286275
0.282353
0.250980
0.223529
0.247059
0.262745
0.247059
0.227451
0.294118
0.482353
0.490196
0.470588
0.447059
0.470588
0.596078
0.619608
0.549020
0.537255
0.513725
0.454902
0.427451
0.435294
0.345098
0.325490
0.313725
0.278431
0.290196
0.286275
0.290196
0.235294
0.180392
0.192157
0.219608
0.254902
0.223529
0.207843
0.231373
0.254902
0.235294
0.243137
0.223529
0.215686
0.227451
0.243137
0.274510
0.341176
0.439216
0.486275
0.388235
0.278431
0.254902
0.243137
0.266667
0.286275
0.474510
0.439216
0.388235
0.337255
0.333333
0.309804
0.286275
0.266667
0.239216
0.231373
0.219608
0.223529
0.274510
0.337255
0.290196
0.270588
0.282353
0.270588
0.290196
0.286275
0.270588
0.266667
0.313725
0.333333
0.356863
0.360784
0.317647
0.274510
0.337255
0.317647
0.329412
0.329412
0.600000
0.580392
0.584314
0.572549
0.572549
0.552941
0.545098
0.560784
0.560784
0.533333
0.505882
0.478431
0.470588
0.490196
0.450980
0.462745
0.482353
0.450980
0.498039
0.521569
0.498039
0.443137
0.423529
0.462745
0.466667
0.352941
0.345098
0.325490
0.333333
0.282353
0.286275
0.278431
0.596078
0.588235
0.596078
0.588235
0.576471
0.580392
0.584314
0.588235
0.588235
0.576471
0.572549
0.568627
0.552941
0.541176
0.549020
0.533333
0.533333
0.541176
0.549020
0.549020
0.549020
0.556863
0.564706
0.584314
0.588235
0.560784
0.541176
0.501961
0.486275
0.443137
0.435294
0.423529
0.588235
0.584314
0.600000
0.596078
0.580392
0.576471
0.576471
0.572549
0.564706
0.552941
0.549020
0.541176
0.533333
0.533333
0.588235
0.568627
0.549020
0.560784
0.549020
0.552941
0.564706
0.576471
0.584314
0.596078
0.603922
0.600000
0.596078
0.588235
0.580392
0.576471
0.564706
0.572549
0.568627
0.568627
0.580392
0.584314
0.576471
0.572549
0.576471
0.576471
0.560784
0.552941
0.549020
0.533333
0.505882
0.525490
0.600000
0.623529
0.564706
0.552941
0.549020
0.556863
0.560784
0.572549
0.580392
0.592157
0.600000
0.592157
0.584314
0.568627
0.560784
0.549020
0.541176
0.545098
0.545098
0.545098
0.549020
0.564706
0.556863
0.560784
0.576471
0.576471
0.560784
0.552941
0.552941
0.541176
0.529412
0.525490
0.572549
0.627451
0.564706
0.533333
0.537255
0.537255
0.549020
0.560784
0.568627
0.576471
0.588235
0.580392
0.572549
0.560784
0.549020
0.537255
0.529412
0.529412
0.537255
0.533333
0.541176
0.556863
0.556863
0.556863
0.564706
0.568627
0.552941
0.533333
0.545098
0.556863
0.521569
0.521569
0.639216
0.529412
0.490196
0.505882
0.513725
0.517647
0.529412
0.549020
0.560784
0.576471
0.576471
0.568627
0.556863
0.549020
0.537255
0.525490
0.509804
0.505882
0.517647
0.505882
0.501961
0.517647
0.513725
0.517647
0.525490
0.537255
0.549020
0.517647
0.521569
0.549020
0.509804
0.490196
0.623529
0.501961
0.466667
0.486275
0.486275
0.490196
0.494118
0.517647
0.537255
0.545098
0.549020
0.533333
0.517647
0.509804
0.486275
0.470588
0.443137
0.435294
0.498039
0.494118
0.474510
0.501961
0.517647
0.505882
0.490196
0.486275
0.509804
0.494118
0.517647
0.537255
0.501961
0.470588
0.564706
0.478431
0.454902
0.443137
0.435294
0.447059
0.439216
0.447059
0.466667
0.486275
0.490196
0.509804
0.470588
0.450980
0.431373
0.423529
0.423529
0.415686
0.466667
0.427451
0.435294
0.447059
0.454902
0.478431
0.501961
0.505882
0.470588
0.482353
0.517647
0.513725
0.509804
0.509804
0.568627
0.505882
0.407843
0.419608
0.407843
0.415686
0.407843
0.415686
0.415686
0.435294
0.572549
0.572549
0.447059
0.419608
0.415686
0.415686
0.419608
0.407843
0.427451
0.435294
0.431373
0.466667
0.533333
0.509804
0.572549
0.749020
0.752941
0.819608
0.729412
0.603922
0.615686
0.568627
0.639216
0.603922
0.415686
0.392157
0.384314
0.392157
0.392157
0.403922
0.419608
0.443137
0.658824
0.698039
0.513725
0.407843
0.407843
0.396078
0.364706
0.345098
0.454902
0.431373
0.392157
0.643137
0.878431
0.807843
0.831373
0.839216
0.866667
0.898039
0.905882
0.843137
0.803922
0.776471
0.866667
0.803922
0.486275
0.345098
0.372549
0.360784
0.380392
0.403922
0.411765
0.439216
0.674510
0.588235
0.447059
0.364706
0.341176
0.325490
0.305882
0.298039
0.588235
0.525490
0.454902
0.752941
0.992157
0.850980
0.882353
0.800000
0.835294
0.937255
0.956863
0.941176
0.839216
0.839216
0.843137
0.788235
0.541176
0.329412
0.345098
0.333333
0.349020
0.356863
0.360784
0.415686
0.721569
0.513725
0.454902
0.337255
0.294118
0.278431
0.266667
0.266667
0.647059
0.596078
0.568627
0.709804
0.796078
0.517647
0.407843
0.419608
0.517647
0.843137
0.992157
0.968627
0.890196
0.866667
0.843137
0.823529
0.517647
0.266667
0.290196
0.286275
0.305882
0.317647
0.305882
0.376471
0.717647
0.564706
0.501961
0.274510
0.247059
0.223529
0.215686
0.211765
0.400000
0.262745
0.325490
0.431373
0.600000
0.498039
0.392157
0.372549
0.384314
0.803922
0.988235
0.968627
0.976471
0.909804
0.796078
0.662745
0.396078
0.254902
0.278431
0.247059
0.235294
0.274510
0.274510
0.384314
0.717647
0.560784
0.541176
0.231373
0.219608
0.188235
0.192157
0.196078
0.450980
0.203922
0.125490
0.196078
0.317647
0.294118
0.368627
0.411765
0.486275
0.670588
0.733333
0.870588
0.862745
0.737255
0.713725
0.643137
0.494118
0.388235
0.372549
0.337255
0.286275
0.243137
0.219608
0.337255
0.682353
0.592157
0.509804
0.172549
0.176471
0.168627
0.180392
0.196078
0.627451
0.349020
0.239216
0.168627
0.098039
0.149020
0.254902
0.235294
0.215686
0.345098
0.705882
0.780392
0.572549
0.658824
0.823529
0.635294
0.435294
0.454902
0.415686
0.411765
0.458824
0.486275
0.478431
0.556863
0.772549
0.796078
0.674510
0.396078
0.352941
0.313725
0.227451
0.196078
0.615686
0.658824
0.662745
0.584314
0.474510
0.427451
0.400000
0.349020
0.301961
0.584314
0.937255
0.686275
0.262745
0.356863
0.431373
0.290196
0.388235
0.588235
0.564706
0.368627
0.258824
0.368627
0.556863
0.662745
0.650980
0.521569
0.431373
0.403922
0.415686
0.427451
0.474510
0.474510
0.188235
0.258824
0.360784
0.450980
0.505882
0.647059
0.639216
0.545098
0.545098
0.737255
0.741176
0.400000
0.129412
0.121569
0.129412
0.149020
0.192157
0.211765
0.266667
0.215686
0.168627
0.180392
0.266667
0.262745
0.200000
0.176471
0.164706
0.149020
0.156863
0.160784
0.219608
0.247059
0.137255
0.117647
0.113725
0.117647
0.141176
0.219608
0.254902
0.294118
0.384314
0.509804
0.682353
0.709804
0.607843
0.470588
0.380392
0.309804
0.250980
0.196078
0.152941
0.145098
0.121569
0.105882
0.109804
0.105882
0.098039
0.121569
0.160784
0.168627
0.156863
0.109804
0.117647
0.101961
0.152941
0.141176
0.141176
0.141176
0.141176
0.137255
0.117647
0.101961
0.082353
0.113725
0.239216
0.364706
0.529412
0.580392
0.619608
0.580392
0.537255
0.482353
0.419608
0.392157
0.368627
0.341176
0.298039
0.266667
0.274510
0.274510
0.321569
0.337255
0.380392
0.392157
0.360784
0.184314
0.141176
0.133333
0.133333
0.133333
0.133333
0.133333
0.133333
0.129412
0.129412
0.129412
0.121569
0.125490
0.137255
0.164706
0.211765
0.207843
0.192157
0.211765
0.239216
0.349020
0.545098
0.603922
0.572549
0.631373
0.690196
0.615686
0.733333
0.686275
0.631373
0.615686
0.450980
0.196078
0.137255
0.137255
0.133333
0.133333
0.129412
0.129412
0.129412
0.129412
0.129412
0.137255
0.145098
0.141176
0.133333
0.121569
0.121569
0.125490
0.125490
0.121569
0.109804
0.086275
0.105882
0.129412
0.137255
0.180392
0.203922
0.168627
0.207843
0.188235
0.137255
0.117647
0.105882
0.121569
0.145098
0.141176
0.133333
0.129412
0.133333
0.133333
0.133333
0.133333
0.133333
0.133333
0.133333
0.129412
0.129412
0.129412
0.125490
0.129412
0.129412
0.133333
0.133333
0.133333
0.125490
0.117647
0.117647
0.105882
0.101961
0.113725
0.109804
0.117647
0.125490
0.125490
0.129412
0.137255
0.141176
0.137255
0.133333
0.133333
0.133333
0.133333
0.133333
0.133333
0.133333
0.129412
0.133333
0.133333
0.137255
0.141176
0.133333
0.133333
0.133333
0.137255
0.133333
0.133333
0.137255
0.133333
0.133333
0.137255
0.133333
0.129412
0.133333
0.133333
0.137255
0.133333
0.129412
0.133333
0.137255
0.137255
0.133333
0.133333
0.133333
0.133333
0.133333
0.133333
0.133333
0.133333
0.137255
0.133333
0.133333
0.133333
0.133333
0.133333
0.133333
0.133333
0.133333
0.133333
0.133333
0.133333
0.133333
0.133333
0.133333
0.133333
0.133333
0.133333
0.133333
0.133333
0.133333
0.133333
0.137255
0.137255
0.133333
0.133333
0.133333
0.133333
0.133333
0.133333
0.133333
0.133333
0.133333
0.133333
0.133333
0.133333
0.133333
0.133333
0.133333
0.133333
0.133333
0.133333
0.133333
0.133333
0.133333
0.133333
0.133333
0.133333
0.133333
0.133333
0.133333
0.133333
0.133333
0.133333
0.133333
0.133333
0.133333
0.133333
0.133333
0.133333
0.133333
0.133333
0.133333
0.133333
0.133333
0.133333
0.133333
0.133333
0.133333
0.133333
0.133333
0.133333
0.133333
0.133333
0.133333
0.133333
0.133333
0.133333
0.133333
0.133333
0.133333
0.133333
0.133333
0.133333
0.133333
0.133333
0.133333
0.133333
0.133333
0.133333
0.133333
0.133333
0.133333
0.133333
0.133333
0.133333
0.133333
0.133333
0.133333
0.133333
0.133333
0.133333
0.133333
0.133333
0.133333
0.133333
0.133333
0.133333
0.133333
0.133333
0.133333
0.133333
0.133333
0.133333
0.133333
0.133333
0.133333
0.133333
0.137255
0.133333
0.133333
0.133333
0.133333
0.133333
0.133333
0.133333
0.133333
0.133333
0.133333
0.133333
0.133333
0.133333
0.133333
0.133333
0.133333
0.133333
0.133333
0.133333
0.133333
0.133333
0.133333
0.133333
0.133333
0.133333
0.133333
0.133333
0.133333
0.133333
0.133333
0.133333
0.431373
0.384314
0.388235
0.400000
0.411765
0.364706
0.329412
0.317647
0.290196
0.262745
0.243137
0.227451
0.180392
0.145098
0.172549
0.188235
0.180392
0.168627
0.243137
0.439216
0.454902
0.427451
0.403922
0.439216
0.576471
0.607843
0.537255
0.533333
0.509804
0.447059
0.411765
0.403922
0.400000
0.376471
0.345098
0.286275
0.298039
0.294118
0.290196
0.219608
0.152941
0.152941
0.168627
0.196078
0.152941
0.129412
0.149020
0.164706
0.145098
0.145098
0.121569
0.117647
0.129412
0.141176
0.172549
0.247059
0.368627
0.427451
0.329412
0.211765
0.188235
0.172549
0.184314
0.188235
0.552941
0.521569
0.458824
0.384314
0.372549
0.345098
0.317647
0.290196
0.258824
0.235294
0.211765
0.211765
0.250980
0.309804
0.254902
0.231373
0.231373
0.203922
0.219608
0.215686
0.196078
0.188235
0.235294
0.262745
0.294118
0.301961
0.258824
0.215686
0.274510
0.247059
0.247059
0.235294
0.674510
0.678431
0.682353
0.662745
0.647059
0.619608
0.607843
0.619608
0.615686
0.600000
0.572549
0.545098
0.529412
0.545098
0.501961
0.509804
0.517647
0.470588
0.513725
0.521569
0.486275
0.427451
0.407843
0.454902
0.450980
0.333333
0.333333
0.317647
0.329412
0.274510
0.270588
0.247059
0.658824
0.662745
0.674510
0.666667
0.666667
0.674510
0.674510
0.674510
0.670588
0.670588
0.674510
0.662745
0.639216
0.623529
0.635294
0.615686
0.603922
0.603922
0.607843
0.596078
0.584314
0.592157
0.600000
0.619608
0.619608
0.588235
0.572549
0.537255
0.525490
0.486275
0.478431
0.458824
0.658824
0.650980
0.654902
0.650980
0.647059
0.650980
0.650980
0.647059
0.643137
0.643137
0.639216
0.623529
0.607843
0.600000
0.647059
0.623529
0.603922
0.619608
0.619608
0.619608
0.623529
0.631373
0.639216
0.647059
0.654902
0.654902
0.643137
0.635294
0.627451
0.623529
0.619608
0.635294
0.650980
0.643137
0.647059
0.650980
0.647059
0.650980
0.654902
0.654902
0.639216
0.639216
0.635294
0.615686
0.584314
0.592157
0.607843
0.631373
0.611765
0.627451
0.631373
0.627451
0.627451
0.631373
0.639216
0.643137
0.650980
0.643137
0.631373
0.615686
0.603922
0.588235
0.580392
0.588235
0.635294
0.627451
0.627451
0.635294
0.631373
0.639216
0.650980
0.654902
0.639216
0.635294
0.635294
0.623529
0.607843
0.588235
0.537255
0.592157
0.615686
0.627451
0.623529
0.607843
0.611765
0.623529
0.627451
0.631373
0.639216
0.627451
0.615686
0.603922
0.588235
0.572549
0.564706
0.572549
0.627451
0.615686
0.619608
0.631373
0.627451
0.627451
0.635294
0.635294
0.623529
0.611765
0.623529
0.635294
0.603922
0.588235
0.576471
0.474510
0.556863
0.615686
0.588235
0.572549
0.584314
0.600000
0.611765
0.623529
0.623529
0.615686
0.600000
0.588235
0.576471
0.572549
0.568627
0.568627
0.603922
0.588235
0.576471
0.592157
0.580392
0.584314
0.592157
0.603922
0.615686
0.596078
0.600000
0.631373
0.596078
0.556863
0.556863
0.458824
0.552941
0.600000
0.556863
0.541176
0.549020
0.568627
0.584314
0.588235
0.592157
0.580392
0.564706
0.556863
0.529412
0.533333
0.525490
0.521569
0.580392
0.572549
0.552941
0.576471
0.584314
0.580392
0.576471
0.572549
0.592157
0.572549
0.600000
0.615686
0.584314
0.537255
0.521569
0.478431
0.552941
0.529412
0.525490
0.541176
0.529412
0.537255
0.537255
0.537255
0.533333
0.545098
0.529412
0.545098
0.505882
0.498039
0.521569
0.513725
0.576471
0.533333
0.537255
0.541176
0.537255
0.549020
0.564706
0.568627
0.529412
0.537255
0.564706
0.564706
0.560784
0.549020
0.529412
0.509804
0.494118
0.501961
0.505882
0.521569
0.513725
0.521569
0.498039
0.486275
0.564706
0.537255
0.466667
0.501961
0.490196
0.490196
0.517647
0.505882
0.556863
0.552941
0.541176
0.572549
0.611765
0.556863
0.588235
0.756863
0.772549
0.843137
0.756863
0.631373
0.643137
0.588235
0.611765
0.600000
0.486275
0.494118
0.490196
0.498039
0.501961
0.513725
0.505882
0.494118
0.584314
0.568627
0.466667
0.466667
0.490196
0.478431
0.462745
0.439216
0.552941
0.517647
0.462745
0.698039
0.905882
0.811765
0.815686
0.815686
0.850980
0.905882
0.925490
0.858824
0.819608
0.792157
0.858824
0.803922
0.552941
0.474510
0.490196
0.470588
0.498039
0.517647
0.505882
0.494118
0.560784
0.407843
0.376471
0.423529
0.447059
0.431373
0.411765
0.400000
0.627451
0.549020
0.458824
0.745098
0.960784
0.815686
0.858824
0.768627
0.796078
0.921569
0.949020
0.937255
0.835294
0.835294
0.850980
0.784314
0.603922
0.486275
0.482353
0.447059
0.474510
0.474510
0.458824
0.474510
0.600000
0.329412
0.388235
0.411765
0.427451
0.400000
0.376471
0.376471
0.643137
0.584314
0.560784
0.686275
0.741176
0.482353
0.400000
0.400000
0.458824
0.803922
0.984314
0.960784
0.882353
0.866667
0.878431
0.850980
0.603922
0.462745
0.462745
0.400000
0.403922
0.427451
0.423529
0.431373
0.603922
0.376471
0.376471
0.368627
0.352941
0.352941
0.333333
0.329412
0.419608
0.274510
0.298039
0.376471
0.537255
0.447059
0.360784
0.333333
0.329412
0.752941
0.980392
0.956863
0.941176
0.921569
0.843137
0.670588
0.431373
0.356863
0.380392
0.380392
0.376471
0.403922
0.392157
0.403922
0.619608
0.407843
0.388235
0.345098
0.301961
0.317647
0.309804
0.309804
0.435294
0.211765
0.129412
0.149020
0.286275
0.298039
0.384314
0.427451
0.494118
0.654902
0.737255
0.862745
0.815686
0.756863
0.725490
0.588235
0.423529
0.352941
0.396078
0.427451
0.380392
0.337255
0.309804
0.360784
0.611765
0.478431
0.403922
0.262745
0.254902
0.278431
0.278431
0.298039
0.588235
0.329412
0.282353
0.200000
0.109804
0.145098
0.239216
0.239216
0.247059
0.368627
0.705882
0.756863
0.545098
0.639216
0.788235
0.560784
0.329412
0.372549
0.400000
0.360784
0.380392
0.447059
0.486275
0.568627
0.709804
0.682353
0.568627
0.403922
0.372549
0.364706
0.286275
0.254902
0.654902
0.662745
0.682353
0.596078
0.466667
0.407843
0.376471
0.321569
0.270588
0.525490
0.866667
0.650980
0.266667
0.345098
0.403922
0.219608
0.298039
0.513725
0.486275
0.266667
0.160784
0.290196
0.505882
0.631373
0.584314
0.423529
0.349020
0.356863
0.396078
0.419608
0.466667
0.478431
0.235294
0.286275
0.396078
0.431373
0.494118
0.654902
0.639216
0.533333
0.517647
0.694118
0.729412
0.419608
0.149020
0.129412
0.117647
0.094118
0.152941
0.219608
0.227451
0.156863
0.137255
0.149020
0.235294
0.243137
0.160784
0.113725
0.113725
0.090196
0.133333
0.125490
0.180392
0.223529
0.176471
0.129412
0.117647
0.117647
0.145098
0.231373
0.262745
0.290196
0.384314
0.517647
0.686275
0.705882
0.596078
0.466667
0.380392
0.309804
0.266667
0.207843
0.141176
0.129412
0.121569
0.105882
0.109804
0.105882
0.101961
0.121569
0.156863
0.152941
0.137255
0.090196
0.101961
0.101961
0.215686
0.160784
0.137255
0.137255
0.145098
0.141176
0.125490
0.109804
0.086275
0.125490
0.231373
0.337255
0.498039
0.556863
0.615686
0.596078
0.556863
0.490196
0.407843
0.392157
0.372549
0.345098
0.305882
0.270588
0.286275
0.290196
0.329412
0.341176
0.380392
0.400000
0.372549
0.196078
0.211765
0.156863
0.133333
0.129412
0.133333
0.137255
0.137255
0.133333
0.133333
0.129412
0.113725
0.113725
0.133333
0.172549
0.219608
0.219608
0.207843
0.223529
0.239216
0.345098
0.545098
0.603922
0.572549
0.627451
0.678431
0.600000
0.717647
0.674510
0.619608
0.631373
0.474510
0.211765
0.176471
0.141176
0.129412
0.137255
0.137255
0.133333
0.133333
0.133333
0.129412
0.133333
0.141176
0.149020
0.160784
0.156863
0.141176
0.133333
0.133333
0.129412
0.113725
0.117647
0.149020
0.168627
0.176471
0.219608
0.227451
0.184314
0.223529
0.207843
0.160784
0.156863
0.137255
0.125490
0.133333
0.117647
0.125490
0.145098
0.141176
0.133333
0.133333
0.133333
0.133333
0.145098
0.145098
0.141176
0.137255
0.133333
0.125490
0.125490
0.129412
0.129412
0.133333
0.141176
0.133333
0.125490
0.125490
0.113725
0.113725
0.125490
0.121569
0.125490
0.133333
0.152941
0.152941
0.125490
0.125490
0.125490
0.129412
0.141176
0.137255
0.133333
0.133333
0.133333
0.133333
0.137255
0.145098
0.133333
0.129412
0.129412
0.129412
0.129412
0.133333
0.133333
0.133333
0.129412
0.129412
0.129412
0.125490
0.129412
0.133333
0.133333
0.137255
0.137255
0.137255
0.141176
0.137255
0.125490
0.137255
0.137255
0.133333
0.133333
0.133333
0.133333
0.133333
0.133333
0.133333
0.133333
0.137255
0.133333
0.133333
0.133333
0.133333
0.133333
0.133333
0.133333
0.133333
0.133333
0.133333
0.133333
0.133333
0.133333
0.133333
0.133333
0.133333
0.133333
0.133333
0.133333
0.133333
0.133333
0.137255
0.137255
0.133333
0.133333
0.133333
0.133333
0.133333
0.133333
0.133333
0.133333
0.133333
0.133333
0.133333
0.133333
0.133333
0.133333
0.133333
0.133333
0.133333
0.133333
0.133333
0.133333
0.133333
0.133333
0.133333
0.133333
0.133333
0.133333
0.133333
0.133333
0.133333
0.133333
0.133333
0.133333
0.133333
0.133333
0.133333
0.133333
0.133333
0.133333
0.133333
0.133333
0.133333
0.133333
0.133333
0.133333
0.133333
0.133333
0.133333
0.133333
0.133333
0.133333
0.133333
0.133333
0.133333
0.133333
0.133333
0.133333
0.133333
0.133333
0.133333
0.133333
0.133333
0.133333
0.133333
0.133333
0.133333
0.133333
0.133333
0.133333
0.133333
0.133333
0.133333
0.133333
0.133333
0.133333
0.133333
0.133333
0.133333
0.133333
0.133333
0.133333
0.133333
0.133333
0.133333
0.133333
0.133333
0.133333
0.133333
0.133333
0.133333
0.133333
0.133333
0.133333
0.133333
0.133333
0.137255
0.133333
0.133333
0.133333
0.133333
0.133333
0.133333
0.133333
0.133333
0.133333
0.133333
0.133333
0.133333
0.133333
0.133333
0.133333
0.133333
0.133333
0.133333
0.133333
0.133333
0.133333
0.133333
0.133333
0.133333
0.133333
0.133333
0.133333
0.133333
0.133333
0.133333
0.133333
