0.811765
0.870588
0.827451
0.749020
0.882353
0.874510
0.850980
0.858824
0.870588
0.870588
0.870588
0.870588
0.866667
0.866667
0.870588
0.870588
0.870588
0.870588
0.866667
0.862745
0.862745
0.858824
0.854902
0.858824
0.854902
0.850980
0.850980
0.847059
0.858824
0.741176
0.776471
0.847059
0.854902
0.847059
0.823529
0.498039
0.678431
0.862745
0.862745
0.858824
0.878431
0.866667
0.858824
0.862745
0.866667
0.866667
0.870588
0.866667
0.866667
0.866667
0.862745
0.858824
0.858824
0.854902
0.854902
0.854902
0.854902
0.850980
0.847059
0.843137
0.850980
0.741176
0.784314
0.843137
0.850980
0.850980
0.831373
0.431373
0.435294
0.701961
0.694118
0.670588
0.815686
0.886275
0.870588
0.858824
0.866667
0.870588
0.874510
0.870588
0.866667
0.866667
0.862745
0.862745
0.858824
0.858824
0.854902
0.854902
0.854902
0.854902
0.850980
0.847059
0.850980
0.741176
0.788235
0.847059
0.792157
0.858824
0.764706
0.474510
0.486275
0.611765
0.560784
0.529412
0.607843
0.733333
0.847059
0.886275
0.874510
0.866667
0.870588
0.866667
0.866667
0.866667
0.862745
0.862745
0.858824
0.858824
0.854902
0.858824
0.858824
0.854902
0.854902
0.847059
0.850980
0.745098
0.792157
0.847059
0.741176
0.843137
0.635294
0.474510
0.490196
0.541176
0.513725
0.505882
0.541176
0.529412
0.600000
0.717647
0.811765
0.882353
0.878431
0.870588
0.862745
0.866667
0.862745
0.854902
0.854902
0.854902
0.850980
0.854902
0.850980
0.847059
0.843137
0.843137
0.847059
0.745098
0.803922
0.847059
0.741176
0.796078
0.474510
0.482353
0.513725
0.478431
0.384314
0.403922
0.458824
0.490196
0.498039
0.498039
0.552941
0.713725
0.733333
0.800000
0.866667
0.862745
0.858824
0.854902
0.843137
0.831373
0.835294
0.862745
0.874510
0.866667
0.854902
0.835294
0.843137
0.737255
0.815686
0.854902
0.752941
0.752941
0.521569
0.549020
0.505882
0.415686
0.341176
0.415686
0.474510
0.454902
0.462745
0.494118
0.482353
0.509804
0.537255
0.623529
0.705882
0.835294
0.866667
0.866667
0.862745
0.850980
0.847059
0.800000
0.729412
0.737255
0.788235
0.847059
0.854902
0.733333
0.807843
0.862745
0.729412
0.678431
0.509804
0.501961
0.454902
0.325490
0.301961
0.439216
0.529412
0.517647
0.517647
0.568627
0.576471
0.564706
0.623529
0.647059
0.611765
0.670588
0.784314
0.807843
0.772549
0.698039
0.639216
0.564706
0.556863
0.619608
0.619608
0.721569
0.858824
0.749020
0.807843
0.862745
0.737255
0.556863
0.482353
0.388235
0.329412
0.454902
0.447059
0.407843
0.498039
0.533333
0.549020
0.588235
0.584314
0.607843
0.650980
0.627451
0.615686
0.615686
0.607843
0.603922
0.560784
0.537255
0.549020
0.568627
0.596078
0.592157
0.607843
0.576471
0.686275
0.729412
0.811765
0.847059
0.690196
0.564706
0.423529
0.388235
0.411765
0.564706
0.549020
0.411765
0.423529
0.513725
0.545098
0.556863
0.545098
0.603922
0.639216
0.615686
0.607843
0.619608
0.600000
0.584314
0.576471
0.572549
0.568627
0.560784
0.541176
0.501961
0.584314
0.545098
0.545098
0.670588
0.862745
0.870588
0.552941
0.411765
0.356863
0.525490
0.705882
0.686275
0.658824
0.607843
0.415686
0.388235
0.513725
0.568627
0.541176
0.611765
0.635294
0.611765
0.603922
0.615686
0.619608
0.619608
0.607843
0.592157
0.572549
0.549020
0.533333
0.513725
0.545098
0.537255
0.478431
0.596078
0.654902
0.654902
0.545098
0.396078
0.505882
0.572549
0.686275
0.721569
0.721569
0.737255
0.596078
0.325490
0.450980
0.588235
0.564706
0.631373
0.635294
0.623529
0.615686
0.615686
0.603922
0.600000
0.580392
0.549020
0.572549
0.549020
0.501961
0.494118
0.521569
0.525490
0.470588
0.498039
0.368627
0.329412
0.596078
0.568627
0.560784
0.552941
0.592157
0.627451
0.647059
0.658824
0.650980
0.415686
0.392157
0.576471
0.576471
0.627451
0.631373
0.627451
0.592157
0.576471
0.580392
0.572549
0.556863
0.513725
0.552941
0.537255
0.478431
0.447059
0.521569
0.541176
0.486275
0.450980
0.447059
0.427451
0.505882
0.494118
0.478431
0.482353
0.498039
0.533333
0.568627
0.576471
0.552941
0.478431
0.360784
0.513725
0.615686
0.619608
0.615686
0.603922
0.541176
0.525490
0.552941
0.556863
0.552941
0.533333
0.549020
0.545098
0.478431
0.403922
0.537255
0.576471
0.486275
0.400000
0.384314
0.360784
0.486275
0.486275
0.486275
0.462745
0.466667
0.486275
0.494118
0.498039
0.470588
0.458824
0.384314
0.454902
0.596078
0.572549
0.584314
0.576471
0.498039
0.490196
0.501961
0.525490
0.509804
0.498039
0.513725
0.549020
0.466667
0.384314
0.517647
0.556863
0.474510
0.380392
0.368627
0.345098
0.470588
0.454902
0.458824
0.450980
0.450980
0.458824
0.458824
0.466667
0.462745
0.478431
0.494118
0.435294
0.490196
0.509804
0.568627
0.568627
0.462745
0.431373
0.447059
0.458824
0.454902
0.458824
0.490196
0.443137
0.298039
0.247059
0.388235
0.498039
0.443137
0.356863
0.380392
0.356863
0.435294
0.423529
0.427451
0.443137
0.439216
0.439216
0.454902
0.470588
0.466667
0.486275
0.478431
0.368627
0.392157
0.447059
0.521569
0.509804
0.454902
0.411765
0.400000
0.384314
0.376471
0.384314
0.372549
0.309804
0.196078
0.101961
0.200000
0.368627
0.368627
0.305882
0.360784
0.345098
0.435294
0.431373
0.427451
0.435294
0.431373
0.443137
0.470588
0.474510
0.454902
0.470588
0.427451
0.274510
0.262745
0.388235
0.396078
0.341176
0.309804
0.282353
0.254902
0.250980
0.227451
0.215686
0.254902
0.364706
0.380392
0.156863
0.145098
0.270588
0.270588
0.243137
0.352941
0.376471
0.454902
0.447059
0.435294
0.435294
0.423529
0.447059
0.466667
0.470588
0.443137
0.447059
0.462745
0.352941
0.184314
0.384314
0.400000
0.258824
0.207843
0.184314
0.180392
0.223529
0.235294
0.282353
0.392157
0.419608
0.392157
0.247059
0.156863
0.400000
0.309804
0.180392
0.333333
0.368627
0.478431
0.466667
0.466667
0.466667
0.454902
0.454902
0.474510
0.478431
0.466667
0.466667
0.466667
0.443137
0.211765
0.309804
0.482353
0.415686
0.415686
0.403922
0.380392
0.407843
0.419608
0.431373
0.419608
0.411765
0.403922
0.313725
0.137255
0.415686
0.360784
0.149020
0.305882
0.376471
0.490196
0.498039
0.498039
0.498039
0.517647
0.501961
0.490196
0.478431
0.478431
0.486275
0.478431
0.470588
0.294118
0.211765
0.427451
0.447059
0.458824
0.423529
0.411765
0.411765
0.419608
0.423529
0.423529
0.431373
0.439216
0.407843
0.172549
0.235294
0.325490
0.156863
0.286275
0.415686
0.486275
0.513725
0.521569
0.505882
0.509804
0.509804
0.498039
0.478431
0.458824
0.470588
0.478431
0.482353
0.376471
0.160784
0.321569
0.435294
0.478431
0.427451
0.415686
0.435294
0.447059
0.454902
0.450980
0.450980
0.454902
0.474510
0.325490
0.176471
0.325490
0.168627
0.278431
0.435294
0.482353
0.498039
0.517647
0.494118
0.474510
0.478431
0.474510
0.458824
0.447059
0.443137
0.462745
0.466667
0.407843
0.180392
0.321569
0.470588
0.498039
0.443137
0.431373
0.454902
0.462745
0.478431
0.466667
0.482353
0.482353
0.490196
0.431373
0.254902
0.349020
0.207843
0.250980
0.435294
0.474510
0.482353
0.490196
0.474510
0.447059
0.454902
0.447059
0.431373
0.435294
0.443137
0.454902
0.450980
0.435294
0.227451
0.301961
0.501961
0.513725
0.462745
0.450980
0.478431
0.486275
0.505882
0.501961
0.513725
0.505882
0.501961
0.490196
0.286275
0.305882
0.305882
0.258824
0.431373
0.498039
0.482353
0.470588
0.458824
0.450980
0.454902
0.458824
0.462745
0.470588
0.474510
0.466667
0.478431
0.494118
0.301961
0.235294
0.474510
0.521569
0.513725
0.501961
0.494118
0.443137
0.372549
0.360784
0.388235
0.403922
0.411765
0.494118
0.313725
0.317647
0.400000
0.294118
0.411765
0.501961
0.490196
0.470588
0.474510
0.498039
0.415686
0.301961
0.341176
0.360784
0.352941
0.376471
0.388235
0.419608
0.337255
0.207843
0.376471
0.423529
0.368627
0.321569
0.258824
0.160784
0.098039
0.086275
0.094118
0.109804
0.117647
0.215686
0.333333
0.450980
0.450980
0.364706
0.415686
0.501961
0.509804
0.498039
0.462745
0.372549
0.164706
0.054902
0.105882
0.125490
0.078431
0.078431
0.101961
0.125490
0.192157
0.247059
0.372549
0.223529
0.070588
0.066667
0.062745
0.050980
0.050980
0.039216
0.031373
0.027451
0.027451
0.035294
0.298039
0.647059
0.517647
0.427451
0.439216
0.478431
0.490196
0.490196
0.384314
0.227451
0.219608
0.254902
0.337255
0.368627
0.282353
0.219608
0.094118
0.039216
0.145098
0.333333
0.439216
0.239216
0.023529
0.027451
0.058824
0.066667
0.078431
0.156863
0.231373
0.180392
0.094118
0.070588
0.419608
0.670588
0.454902
0.462745
0.454902
0.419608
0.415686
0.458824
0.447059
0.450980
0.474510
0.490196
0.509804
0.498039
0.505882
0.501961
0.325490
0.137255
0.231373
0.494118
0.509804
0.411765
0.203922
0.207843
0.262745
0.294118
0.349020
0.454902
0.509804
0.462745
0.384314
0.325490
0.678431
0.564706
0.329412
0.423529
0.474510
0.427451
0.419608
0.427451
0.478431
0.498039
0.474510
0.482353
0.482353
0.498039
0.513725
0.525490
0.494118
0.415686
0.564706
0.619608
0.462745
0.537255
0.498039
0.505882
0.517647
0.505882
0.505882
0.537255
0.525490
0.513725
0.486275
0.490196
0.709804
0.537255
0.415686
0.427451
0.466667
0.474510
0.447059
0.439216
0.450980
0.450980
0.458824
0.486275
0.474510
0.478431
0.513725
0.517647
0.513725
0.517647
0.600000
0.615686
0.584314
0.509804
0.509804
0.517647
0.549020
0.537255
0.529412
0.549020
0.537255
0.533333
0.486275
0.494118
0.513725
0.470588
0.458824
0.454902
0.466667
0.486275
0.482353
0.494118
0.470588
0.474510
0.494118
0.486275
0.462745
0.466667
0.490196
0.501961
0.525490
0.541176
0.517647
0.533333
0.588235
0.501961
0.482353
0.513725
0.541176
0.537255
0.549020
0.549020
0.529412
0.505882
0.490196
0.482353
0.466667
0.478431
0.486275
0.486275
0.462745
0.784314
0.878431
0.839216
0.725490
0.866667
0.878431
0.870588
0.870588
0.870588
0.866667
0.866667
0.866667
0.862745
0.862745
0.866667
0.866667
0.866667
0.866667
0.862745
0.858824
0.866667
0.866667
0.858824
0.862745
0.858824
0.854902
0.854902
0.850980
0.862745
0.756863
0.803922
0.854902
0.831373
0.866667
0.827451
0.423529
0.592157
0.815686
0.854902
0.858824
0.866667
0.862745
0.862745
0.866667
0.862745
0.862745
0.866667
0.862745
0.862745
0.862745
0.858824
0.854902
0.858824
0.858824
0.858824
0.858824
0.858824
0.854902
0.850980
0.847059
0.854902
0.760784
0.807843
0.850980
0.831373
0.858824
0.796078
0.278431
0.258824
0.564706
0.588235
0.592157
0.764706
0.862745
0.878431
0.870588
0.862745
0.866667
0.870588
0.866667
0.862745
0.862745
0.858824
0.858824
0.862745
0.862745
0.858824
0.858824
0.858824
0.858824
0.854902
0.850980
0.854902
0.760784
0.811765
0.850980
0.768627
0.850980
0.678431
0.282353
0.278431
0.415686
0.372549
0.356863
0.462745
0.643137
0.815686
0.882353
0.874510
0.862745
0.866667
0.862745
0.862745
0.862745
0.858824
0.858824
0.862745
0.862745
0.858824
0.862745
0.862745
0.858824
0.858824
0.850980
0.854902
0.760784
0.815686
0.850980
0.733333
0.831373
0.529412
0.286275
0.274510
0.329412
0.309804
0.282353
0.329412
0.368627
0.478431
0.631373
0.776471
0.858824
0.866667
0.870588
0.862745
0.854902
0.854902
0.858824
0.858824
0.858824
0.854902
0.850980
0.854902
0.854902
0.850980
0.843137
0.847059
0.756863
0.815686
0.850980
0.745098
0.776471
0.356863
0.278431
0.274510
0.274510
0.188235
0.172549
0.239216
0.298039
0.305882
0.321569
0.427451
0.611765
0.654902
0.760784
0.878431
0.866667
0.850980
0.854902
0.854902
0.854902
0.854902
0.862745
0.870588
0.866667
0.858824
0.839216
0.843137
0.760784
0.819608
0.850980
0.733333
0.686275
0.356863
0.313725
0.282353
0.247059
0.141176
0.164706
0.239216
0.247059
0.258824
0.286275
0.274510
0.305882
0.345098
0.450980
0.596078
0.800000
0.874510
0.870588
0.858824
0.850980
0.831373
0.752941
0.650980
0.662745
0.749020
0.835294
0.854902
0.772549
0.827451
0.843137
0.686275
0.556863
0.317647
0.270588
0.266667
0.215686
0.137255
0.192157
0.290196
0.290196
0.298039
0.341176
0.337255
0.321569
0.380392
0.396078
0.388235
0.549020
0.713725
0.717647
0.662745
0.584314
0.505882
0.396078
0.356863
0.439216
0.482353
0.623529
0.811765
0.776471
0.831373
0.847059
0.666667
0.411765
0.305882
0.231373
0.223529
0.419608
0.376471
0.235294
0.286275
0.305882
0.317647
0.360784
0.356863
0.384314
0.431373
0.415686
0.439216
0.439216
0.396078
0.352941
0.341176
0.333333
0.333333
0.329412
0.345098
0.352941
0.400000
0.400000
0.552941
0.705882
0.831373
0.839216
0.607843
0.427451
0.290196
0.305882
0.372549
0.572549
0.549020
0.313725
0.243137
0.298039
0.305882
0.321569
0.321569
0.392157
0.435294
0.411765
0.388235
0.384314
0.372549
0.372549
0.360784
0.364706
0.364706
0.337255
0.301961
0.270588
0.368627
0.341176
0.356863
0.580392
0.874510
0.874510
0.486275
0.321569
0.270588
0.450980
0.639216
0.631373
0.611765
0.533333
0.286275
0.203922
0.282353
0.321569
0.301961
0.407843
0.435294
0.388235
0.368627
0.380392
0.396078
0.403922
0.384314
0.388235
0.368627
0.313725
0.278431
0.290196
0.341176
0.325490
0.266667
0.431373
0.647059
0.674510
0.470588
0.321569
0.431373
0.509804
0.627451
0.650980
0.643137
0.654902
0.486275
0.168627
0.243137
0.345098
0.325490
0.431373
0.447059
0.419608
0.407843
0.403922
0.384314
0.368627
0.345098
0.337255
0.356863
0.305882
0.235294
0.262745
0.309804
0.301961
0.231373
0.286275
0.364706
0.372549
0.560784
0.545098
0.545098
0.549020
0.580392
0.588235
0.588235
0.584314
0.580392
0.321569
0.223529
0.345098
0.345098
0.431373
0.450980
0.443137
0.400000
0.372549
0.360784
0.345098
0.321569
0.286275
0.329412
0.298039
0.223529
0.211765
0.298039
0.309804
0.235294
0.254902
0.498039
0.549020
0.552941
0.549020
0.541176
0.537255
0.541176
0.549020
0.560784
0.556863
0.560784
0.474510
0.243137
0.298039
0.392157
0.415686
0.423529
0.411765
0.341176
0.309804
0.325490
0.317647
0.305882
0.298039
0.317647
0.313725
0.243137
0.176471
0.313725
0.349020
0.250980
0.243137
0.501961
0.556863
0.560784
0.549020
0.549020
0.545098
0.552941
0.552941
0.545098
0.545098
0.560784
0.541176
0.309804
0.247059
0.380392
0.352941
0.364706
0.364706
0.286275
0.262745
0.254902
0.262745
0.254902
0.250980
0.270588
0.317647
0.250980
0.172549
0.305882
0.345098
0.243137
0.227451
0.494118
0.545098
0.549020
0.537255
0.545098
0.545098
0.556863
0.568627
0.556863
0.556863
0.576471
0.568627
0.423529
0.235294
0.274510
0.282353
0.329412
0.341176
0.235294
0.188235
0.188235
0.188235
0.180392
0.184314
0.239216
0.243137
0.152941
0.117647
0.231373
0.286275
0.200000
0.223529
0.486275
0.537255
0.537255
0.545098
0.560784
0.560784
0.556863
0.568627
0.568627
0.564706
0.572549
0.568627
0.431373
0.207843
0.196078
0.235294
0.298039
0.290196
0.227451
0.172549
0.152941
0.133333
0.125490
0.137255
0.180392
0.203922
0.168627
0.058824
0.101961
0.200000
0.156863
0.215686
0.466667
0.517647
0.541176
0.549020
0.556863
0.564706
0.564706
0.572549
0.568627
0.564706
0.568627
0.580392
0.458824
0.203922
0.113725
0.207843
0.200000
0.149020
0.133333
0.109804
0.082353
0.074510
0.078431
0.098039
0.203922
0.407843
0.470588
0.172549
0.054902
0.129412
0.109804
0.180392
0.466667
0.541176
0.552941
0.552941
0.545098
0.549020
0.549020
0.560784
0.549020
0.549020
0.552941
0.564706
0.549020
0.372549
0.105882
0.231373
0.215686
0.094118
0.145098
0.156863
0.160784
0.196078
0.219608
0.301961
0.474510
0.572549
0.584314
0.333333
0.062745
0.200000
0.137255
0.129412
0.435294
0.529412
0.552941
0.537255
0.537255
0.541176
0.541176
0.545098
0.537255
0.545098
0.560784
0.564706
0.564706
0.521569
0.200000
0.172549
0.278431
0.254902
0.458824
0.509804
0.505882
0.513725
0.517647
0.541176
0.556863
0.568627
0.576471
0.427451
0.094118
0.211765
0.172549
0.086275
0.384314
0.525490
0.549020
0.549020
0.541176
0.537255
0.564706
0.564706
0.545098
0.545098
0.560784
0.564706
0.564706
0.572549
0.329412
0.098039
0.219608
0.270588
0.517647
0.572549
0.572549
0.556863
0.560784
0.564706
0.552941
0.549020
0.549020
0.517647
0.203922
0.109804
0.152941
0.070588
0.329412
0.545098
0.556863
0.572549
0.568627
0.556863
0.564706
0.568627
0.560784
0.568627
0.564706
0.560784
0.556863
0.572549
0.447059
0.113725
0.149020
0.235294
0.505882
0.576471
0.560784
0.552941
0.560784
0.564706
0.556863
0.552941
0.552941
0.556863
0.364706
0.078431
0.141176
0.082353
0.262745
0.533333
0.552941
0.560784
0.572549
0.564706
0.556863
0.568627
0.568627
0.572549
0.568627
0.549020
0.552941
0.568627
0.498039
0.156863
0.156863
0.262745
0.498039
0.564706
0.541176
0.545098
0.545098
0.556863
0.545098
0.564706
0.552941
0.549020
0.470588
0.164706
0.180392
0.137255
0.223529
0.517647
0.541176
0.545098
0.552941
0.560784
0.556863
0.568627
0.568627
0.552941
0.556863
0.560784
0.560784
0.560784
0.529412
0.215686
0.145098
0.298039
0.498039
0.552941
0.533333
0.549020
0.552941
0.568627
0.564706
0.576471
0.556863
0.552941
0.541176
0.219608
0.172549
0.266667
0.235294
0.501961
0.556863
0.549020
0.541176
0.549020
0.556863
0.564706
0.572549
0.572549
0.576471
0.576471
0.568627
0.572549
0.568627
0.305882
0.098039
0.278431
0.498039
0.584314
0.564706
0.556863
0.509804
0.439216
0.423529
0.450980
0.462745
0.474510
0.560784
0.270588
0.215686
0.388235
0.274510
0.470588
0.560784
0.556863
0.549020
0.549020
0.568627
0.494118
0.384314
0.419608
0.431373
0.427451
0.454902
0.454902
0.470588
0.345098
0.090196
0.196078
0.400000
0.423529
0.368627
0.313725
0.231373
0.168627
0.156863
0.168627
0.180392
0.188235
0.282353
0.294118
0.372549
0.458824
0.345098
0.466667
0.552941
0.564706
0.545098
0.517647
0.435294
0.231373
0.133333
0.180392
0.207843
0.168627
0.160784
0.168627
0.184314
0.200000
0.137255
0.211765
0.203922
0.149020
0.133333
0.117647
0.121569
0.129412
0.121569
0.117647
0.109804
0.113725
0.113725
0.301961
0.603922
0.513725
0.427451
0.486275
0.545098
0.556863
0.541176
0.431373
0.282353
0.290196
0.337255
0.419608
0.454902
0.384314
0.309804
0.176471
0.113725
0.152941
0.243137
0.298039
0.231373
0.125490
0.129412
0.137255
0.152941
0.160784
0.239216
0.309804
0.258824
0.184314
0.137255
0.419608
0.654902
0.466667
0.498039
0.509804
0.517647
0.521569
0.549020
0.505882
0.501961
0.537255
0.568627
0.568627
0.552941
0.576471
0.576471
0.407843
0.215686
0.247059
0.423529
0.396078
0.392157
0.290196
0.301961
0.352941
0.392157
0.435294
0.529412
0.568627
0.533333
0.450980
0.360784
0.647059
0.568627
0.392157
0.486275
0.537255
0.525490
0.533333
0.533333
0.552941
0.560784
0.545098
0.560784
0.545098
0.545098
0.560784
0.580392
0.568627
0.486275
0.580392
0.564706
0.364706
0.498039
0.549020
0.552941
0.576471
0.588235
0.580392
0.592157
0.568627
0.568627
0.545098
0.513725
0.690196
0.572549
0.505882
0.509804
0.541176
0.545098
0.545098
0.533333
0.533333
0.533333
0.545098
0.572549
0.564706
0.556863
0.564706
0.572549
0.576471
0.564706
0.607843
0.556863
0.490196
0.494118
0.560784
0.552941
0.588235
0.588235
0.576471
0.588235
0.572549
0.580392
0.537255
0.541176
0.552941
0.533333
0.549020
0.545098
0.549020
0.541176
0.541176
0.556863
0.549020
0.549020
0.572549
0.564706
0.556863
0.564706
0.556863
0.564706
0.584314
0.572549
0.529412
0.505882
0.533333
0.517647
0.556863
0.572549
0.592157
0.572549
0.572549
0.576471
0.564706
0.560784
0.560784
0.556863
0.533333
0.549020
0.556863
0.560784
0.545098
0.803922
0.894118
0.850980
0.745098
0.878431
0.901961
0.909804
0.901961
0.890196
0.882353
0.882353
0.886275
0.886275
0.886275
0.890196
0.890196
0.890196
0.890196
0.886275
0.882353
0.886275
0.886275
0.878431
0.882353
0.878431
0.874510
0.874510
0.870588
0.882353
0.772549
0.815686
0.874510
0.854902
0.894118
0.835294
0.403922
0.568627
0.807843
0.862745
0.878431
0.890196
0.882353
0.886275
0.890196
0.886275
0.886275
0.890196
0.886275
0.886275
0.886275
0.882353
0.878431
0.878431
0.878431
0.878431
0.878431
0.878431
0.874510
0.870588
0.866667
0.874510
0.776471
0.823529
0.870588
0.847059
0.898039
0.792157
0.211765
0.172549
0.490196
0.525490
0.564706
0.768627
0.878431
0.905882
0.901961
0.886275
0.890196
0.894118
0.890196
0.886275
0.886275
0.882353
0.882353
0.882353
0.882353
0.878431
0.878431
0.878431
0.878431
0.874510
0.870588
0.874510
0.776471
0.827451
0.874510
0.772549
0.886275
0.662745
0.172549
0.149020
0.298039
0.266667
0.266667
0.400000
0.607843
0.807843
0.898039
0.898039
0.886275
0.890196
0.886275
0.886275
0.886275
0.882353
0.882353
0.882353
0.882353
0.878431
0.882353
0.882353
0.878431
0.878431
0.870588
0.874510
0.780392
0.831373
0.874510
0.729412
0.847059
0.490196
0.164706
0.125490
0.200000
0.207843
0.184314
0.231373
0.290196
0.415686
0.596078
0.772549
0.870588
0.886275
0.886275
0.874510
0.874510
0.874510
0.866667
0.858824
0.866667
0.866667
0.866667
0.878431
0.874510
0.862745
0.862745
0.874510
0.776471
0.831373
0.870588
0.745098
0.760784
0.286275
0.145098
0.105882
0.141176
0.094118
0.082353
0.145098
0.203922
0.211765
0.231373
0.360784
0.576471
0.635294
0.733333
0.862745
0.878431
0.878431
0.866667
0.858824
0.870588
0.878431
0.882353
0.890196
0.874510
0.862745
0.862745
0.882353
0.784314
0.839216
0.870588
0.733333
0.647059
0.262745
0.160784
0.121569
0.149020
0.066667
0.058824
0.121569
0.129412
0.156863
0.180392
0.156863
0.203922
0.247059
0.364706
0.572549
0.800000
0.890196
0.894118
0.882353
0.878431
0.850980
0.752941
0.619608
0.627451
0.729412
0.850980
0.890196
0.792157
0.850980
0.870588
0.662745
0.494118
0.207843
0.141176
0.156863
0.168627
0.094118
0.094118
0.160784
0.152941
0.180392
0.231373
0.207843
0.192157
0.254902
0.286275
0.317647
0.494118
0.678431
0.694118
0.623529
0.541176
0.443137
0.305882
0.239216
0.329412
0.415686
0.584314
0.800000
0.780392
0.850980
0.870588
0.600000
0.321569
0.200000
0.133333
0.117647
0.333333
0.298039
0.137255
0.160784
0.160784
0.184314
0.250980
0.243137
0.254902
0.305882
0.305882
0.309804
0.337255
0.313725
0.274510
0.231373
0.207843
0.196078
0.164706
0.180392
0.219608
0.298039
0.309804
0.494118
0.678431
0.835294
0.862745
0.505882
0.325490
0.192157
0.211765
0.231373
0.411765
0.400000
0.192157
0.129412
0.156863
0.172549
0.200000
0.192157
0.254902
0.309804
0.309804
0.286275
0.290196
0.262745
0.235294
0.223529
0.231373
0.219608
0.172549
0.145098
0.145098
0.266667
0.235294
0.262745
0.525490
0.862745
0.898039
0.384314
0.250980
0.192157
0.352941
0.513725
0.494118
0.466667
0.396078
0.164706
0.086275
0.160784
0.184314
0.156863
0.286275
0.325490
0.278431
0.274510
0.290196
0.301961
0.294118
0.262745
0.270588
0.247059
0.160784
0.117647
0.137255
0.227451
0.215686
0.129412
0.337255
0.603922
0.670588
0.392157
0.270588
0.364706
0.407843
0.509804
0.529412
0.517647
0.533333
0.380392
0.074510
0.133333
0.207843
0.176471
0.321569
0.352941
0.317647
0.301961
0.301961
0.286275
0.274510
0.227451
0.223529
0.239216
0.160784
0.074510
0.094118
0.180392
0.184314
0.066667
0.137255
0.223529
0.239216
0.435294
0.431373
0.419608
0.407843
0.439216
0.450980
0.454902
0.470588
0.478431
0.219608
0.121569
0.215686
0.200000
0.317647
0.364706
0.352941
0.294118
0.266667
0.254902
0.235294
0.200000
0.172549
0.211765
0.160784
0.078431
0.047059
0.160784
0.184314
0.074510
0.078431
0.262745
0.290196
0.349020
0.349020
0.333333
0.341176
0.356863
0.372549
0.400000
0.403922
0.403922
0.325490
0.125490
0.176471
0.254902
0.294118
0.321569
0.317647
0.243137
0.203922
0.215686
0.200000
0.188235
0.176471
0.192157
0.184314
0.117647
0.027451
0.172549
0.219608
0.109804
0.078431
0.243137
0.262745
0.341176
0.333333
0.333333
0.317647
0.321569
0.337255
0.345098
0.329412
0.325490
0.333333
0.164706
0.129412
0.247059
0.223529
0.243137
0.250980
0.192157
0.160784
0.145098
0.149020
0.133333
0.121569
0.149020
0.196078
0.145098
0.039216
0.168627
0.215686
0.109804
0.066667
0.239216
0.266667
0.333333
0.317647
0.317647
0.298039
0.301961
0.317647
0.317647
0.305882
0.317647
0.333333
0.266667
0.129412
0.149020
0.149020
0.203922
0.207843
0.141176
0.098039
0.090196
0.086275
0.066667
0.070588
0.125490
0.125490
0.070588
0.035294
0.109804
0.164706
0.098039
0.074510
0.235294
0.294118
0.298039
0.294118
0.298039
0.298039
0.298039
0.301961
0.305882
0.317647
0.321569
0.329412
0.258824
0.105882
0.094118
0.101961
0.172549
0.160784
0.121569
0.070588
0.050980
0.039216
0.047059
0.066667
0.082353
0.078431
0.070588
0.027451
0.035294
0.094118
0.078431
0.094118
0.223529
0.282353
0.286275
0.290196
0.290196
0.298039
0.301961
0.313725
0.317647
0.325490
0.313725
0.325490
0.254902
0.082353
0.047059
0.090196
0.078431
0.070588
0.078431
0.058824
0.027451
0.023529
0.027451
0.023529
0.078431
0.223529
0.274510
0.098039
0.035294
0.043137
0.023529
0.090196
0.231373
0.286275
0.298039
0.301961
0.294118
0.298039
0.294118
0.313725
0.309804
0.317647
0.301961
0.301961
0.313725
0.211765
0.043137
0.145098
0.094118
0.027451
0.078431
0.078431
0.078431
0.109804
0.105882
0.149020
0.258824
0.298039
0.282353
0.164706
0.035294
0.117647
0.035294
0.074510
0.227451
0.262745
0.321569
0.317647
0.321569
0.317647
0.305882
0.309804
0.313725
0.321569
0.317647
0.305882
0.313725
0.305882
0.101961
0.117647
0.145098
0.113725
0.243137
0.270588
0.258824
0.274510
0.282353
0.290196
0.282353
0.274510
0.282353
0.207843
0.031373
0.129412
0.062745
0.058824
0.200000
0.262745
0.333333
0.345098
0.349020
0.329412
0.345098
0.341176
0.325490
0.317647
0.317647
0.309804
0.313725
0.317647
0.184314
0.058824
0.086275
0.101961
0.262745
0.286275
0.286275
0.274510
0.274510
0.286275
0.282353
0.286275
0.301961
0.294118
0.101961
0.039216
0.047059
0.054902
0.180392
0.294118
0.329412
0.360784
0.368627
0.333333
0.329412
0.337255
0.333333
0.325490
0.305882
0.309804
0.313725
0.317647
0.262745
0.047059
0.039216
0.094118
0.270588
0.298039
0.290196
0.290196
0.294118
0.305882
0.305882
0.294118
0.298039
0.333333
0.243137
0.023529
0.062745
0.054902
0.160784
0.286275
0.321569
0.341176
0.360784
0.325490
0.301961
0.305882
0.301961
0.301961
0.298039
0.290196
0.305882
0.301961
0.282353
0.082353
0.066667
0.117647
0.290196
0.313725
0.294118
0.301961
0.301961
0.329412
0.321569
0.325490
0.317647
0.321569
0.309804
0.109804
0.109804
0.082353
0.121569
0.282353
0.313725
0.317647
0.325490
0.313725
0.290196
0.294118
0.286275
0.262745
0.262745
0.274510
0.286275
0.274510
0.294118
0.133333
0.078431
0.137255
0.290196
0.309804
0.286275
0.301961
0.317647
0.349020
0.349020
0.349020
0.341176
0.305882
0.329412
0.129412
0.078431
0.160784
0.105882
0.278431
0.329412
0.317647
0.301961
0.298039
0.298039
0.309804
0.321569
0.305882
0.294118
0.301961
0.298039
0.309804
0.345098
0.196078
0.043137
0.137255
0.290196
0.356863
0.341176
0.337255
0.309804
0.258824
0.247059
0.262745
0.278431
0.254902
0.352941
0.149020
0.090196
0.231373
0.117647
0.254902
0.333333
0.317647
0.298039
0.309804
0.345098
0.290196
0.200000
0.227451
0.235294
0.235294
0.266667
0.274510
0.278431
0.203922
0.035294
0.094118
0.239216
0.258824
0.227451
0.188235
0.125490
0.078431
0.070588
0.066667
0.078431
0.074510
0.176471
0.196078
0.231373
0.266667
0.172549
0.258824
0.329412
0.337255
0.325490
0.317647
0.266667
0.098039
0.007843
0.058824
0.082353
0.043137
0.062745
0.098039
0.090196
0.086275
0.058824
0.109804
0.098039
0.054902
0.062745
0.050980
0.074510
0.082353
0.062745
0.043137
0.047059
0.058824
0.058824
0.227451
0.490196
0.345098
0.239216
0.274510
0.313725
0.321569
0.329412
0.250980
0.129412
0.152941
0.192157
0.258824
0.282353
0.211765
0.172549
0.086275
0.047059
0.078431
0.137255
0.164706
0.133333
0.039216
0.054902
0.050980
0.058824
0.058824
0.117647
0.180392
0.137255
0.082353
0.058824
0.364706
0.556863
0.305882
0.298039
0.290196
0.262745
0.258824
0.301961
0.301961
0.313725
0.341176
0.360784
0.345098
0.313725
0.345098
0.360784
0.223529
0.090196
0.172549
0.317647
0.231373
0.250980
0.149020
0.168627
0.203922
0.211765
0.243137
0.329412
0.364706
0.325490
0.274510
0.247059
0.596078
0.458824
0.192157
0.266667
0.317647
0.274510
0.266667
0.274510
0.325490
0.337255
0.305882
0.309804
0.294118
0.301961
0.333333
0.360784
0.345098
0.309804
0.478431
0.454902
0.196078
0.301961
0.337255
0.349020
0.360784
0.349020
0.341176
0.356863
0.333333
0.329412
0.321569
0.352941
0.600000
0.419608
0.278431
0.270588
0.313725
0.321569
0.290196
0.282353
0.301961
0.290196
0.282353
0.317647
0.309804
0.313725
0.345098
0.349020
0.341176
0.356863
0.454902
0.435294
0.356863
0.290196
0.329412
0.325490
0.360784
0.360784
0.349020
0.364706
0.356863
0.364706
0.317647
0.333333
0.376471
0.329412
0.298039
0.294118
0.321569
0.325490
0.313725
0.329412
0.317647
0.317647
0.325490
0.329412
0.309804
0.305882
0.325490
0.325490
0.341176
0.356863
0.345098
0.364706
0.407843
0.329412
0.337255
0.356863
0.376471
0.364706
0.372549
0.388235
0.368627
0.356863
0.345098
0.325490
0.305882
0.317647
0.317647
0.317647
0.317647
