0.352941
0.321569
0.290196
0.278431
0.258824
0.247059
0.176471
0.184314
0.254902
0.294118
0.188235
0.321569
0.450980
0.396078
0.266667
0.321569
0.545098
0.498039
0.392157
0.290196
0.274510
0.313725
0.227451
0.247059
0.223529
0.200000
0.243137
0.321569
0.364706
0.360784
0.396078
0.247059
0.309804
0.223529
0.243137
0.364706
0.309804
0.247059
0.196078
0.180392
0.274510
0.301961
0.211765
0.274510
0.294118
0.337255
0.278431
0.400000
0.619608
0.627451
0.419608
0.274510
0.290196
0.423529
0.282353
0.196078
0.152941
0.149020
0.219608
0.290196
0.337255
0.337255
0.356863
0.243137
0.368627
0.305882
0.360784
0.439216
0.403922
0.258824
0.250980
0.188235
0.247059
0.333333
0.231373
0.223529
0.286275
0.309804
0.274510
0.329412
0.458824
0.678431
0.564706
0.282353
0.294118
0.627451
0.439216
0.207843
0.184314
0.200000
0.266667
0.274510
0.301961
0.290196
0.341176
0.266667
0.447059
0.443137
0.439216
0.333333
0.325490
0.270588
0.231373
0.203922
0.211765
0.352941
0.211765
0.192157
0.329412
0.352941
0.270588
0.270588
0.258824
0.392157
0.596078
0.345098
0.266667
0.568627
0.521569
0.274510
0.200000
0.235294
0.254902
0.274510
0.325490
0.298039
0.333333
0.243137
0.462745
0.454902
0.443137
0.274510
0.223529
0.262745
0.223529
0.192157
0.203922
0.364706
0.254902
0.215686
0.309804
0.474510
0.498039
0.360784
0.396078
0.388235
0.349020
0.298039
0.270588
0.466667
0.466667
0.247059
0.207843
0.250980
0.301961
0.282353
0.282353
0.290196
0.317647
0.250980
0.341176
0.349020
0.454902
0.282353
0.196078
0.215686
0.215686
0.192157
0.235294
0.313725
0.278431
0.235294
0.243137
0.482353
0.662745
0.529412
0.513725
0.533333
0.419608
0.278431
0.270588
0.384314
0.274510
0.168627
0.176471
0.239216
0.286275
0.278431
0.239216
0.309804
0.266667
0.219608
0.301961
0.337255
0.450980
0.266667
0.141176
0.168627
0.200000
0.200000
0.286275
0.278431
0.278431
0.250980
0.368627
0.474510
0.705882
0.584314
0.462745
0.454902
0.458824
0.341176
0.235294
0.262745
0.223529
0.192157
0.278431
0.211765
0.235294
0.250980
0.235294
0.243137
0.203922
0.223529
0.227451
0.345098
0.454902
0.345098
0.176471
0.160784
0.168627
0.223529
0.337255
0.250980
0.250980
0.200000
0.392157
0.517647
0.662745
0.482353
0.439216
0.462745
0.521569
0.396078
0.231373
0.227451
0.200000
0.282353
0.435294
0.215686
0.200000
0.184314
0.176471
0.188235
0.227451
0.294118
0.376471
0.352941
0.501961
0.392157
0.243137
0.180392
0.250980
0.258824
0.298039
0.266667
0.231373
0.164706
0.329412
0.541176
0.572549
0.337255
0.439216
0.478431
0.521569
0.435294
0.223529
0.188235
0.196078
0.262745
0.282353
0.200000
0.180392
0.149020
0.196078
0.243137
0.266667
0.321569
0.533333
0.388235
0.541176
0.450980
0.278431
0.258824
0.321569
0.278431
0.298039
0.356863
0.250980
0.137255
0.317647
0.564706
0.486275
0.262745
0.384314
0.490196
0.529412
0.435294
0.247059
0.172549
0.274510
0.294118
0.164706
0.180392
0.156863
0.184314
0.239216
0.274510
0.341176
0.270588
0.474510
0.466667
0.501961
0.576471
0.400000
0.270588
0.349020
0.325490
0.360784
0.392157
0.231373
0.137255
0.258824
0.580392
0.435294
0.294118
0.384314
0.525490
0.533333
0.419608
0.258824
0.207843
0.290196
0.341176
0.211765
0.164706
0.152941
0.207843
0.247059
0.266667
0.215686
0.164706
0.411765
0.478431
0.458824
0.509804
0.478431
0.482353
0.509804
0.435294
0.466667
0.576471
0.415686
0.282353
0.458824
0.607843
0.400000
0.345098
0.423529
0.545098
0.521569
0.403922
0.243137
0.243137
0.309804
0.368627
0.286275
0.294118
0.168627
0.258824
0.227451
0.168627
0.164706
0.172549
0.415686
0.431373
0.427451
0.458824
0.443137
0.509804
0.627451
0.713725
0.682353
0.694118
0.603922
0.501961
0.588235
0.494118
0.298039
0.368627
0.482353
0.533333
0.556863
0.423529
0.211765
0.258824
0.294118
0.352941
0.298039
0.337255
0.200000
0.223529
0.160784
0.152941
0.176471
0.192157
0.407843
0.400000
0.450980
0.470588
0.392157
0.435294
0.690196
0.874510
0.835294
0.615686
0.427451
0.447059
0.376471
0.211765
0.215686
0.462745
0.560784
0.545098
0.568627
0.384314
0.200000
0.231373
0.239216
0.294118
0.266667
0.231373
0.149020
0.145098
0.152941
0.211765
0.188235
0.196078
0.431373
0.435294
0.466667
0.462745
0.266667
0.341176
0.647059
0.858824
0.819608
0.533333
0.411765
0.529412
0.435294
0.329412
0.352941
0.470588
0.556863
0.572549
0.525490
0.321569
0.203922
0.227451
0.192157
0.211765
0.290196
0.258824
0.168627
0.141176
0.156863
0.196078
0.219608
0.200000
0.494118
0.474510
0.447059
0.427451
0.247059
0.254902
0.619608
0.858824
0.792157
0.572549
0.462745
0.568627
0.486275
0.419608
0.333333
0.337255
0.525490
0.549020
0.454902
0.262745
0.215686
0.223529
0.184314
0.192157
0.219608
0.270588
0.239216
0.141176
0.156863
0.207843
0.231373
0.215686
0.533333
0.501961
0.509804
0.435294
0.239216
0.243137
0.490196
0.619608
0.709804
0.658824
0.650980
0.549020
0.333333
0.262745
0.180392
0.274510
0.474510
0.521569
0.431373
0.239216
0.227451
0.235294
0.200000
0.203922
0.203922
0.196078
0.196078
0.137255
0.176471
0.219608
0.239216
0.235294
0.498039
0.521569
0.525490
0.498039
0.235294
0.239216
0.392157
0.447059
0.607843
0.686275
0.666667
0.494118
0.384314
0.266667
0.168627
0.254902
0.439216
0.482353
0.407843
0.219608
0.247059
0.239216
0.180392
0.184314
0.184314
0.196078
0.196078
0.164706
0.184314
0.200000
0.227451
0.247059
0.568627
0.592157
0.607843
0.537255
0.235294
0.227451
0.388235
0.435294
0.584314
0.713725
0.635294
0.537255
0.576471
0.262745
0.145098
0.262745
0.505882
0.517647
0.368627
0.196078
0.282353
0.313725
0.313725
0.309804
0.372549
0.556863
0.611765
0.537255
0.384314
0.223529
0.250980
0.247059
0.572549
0.639216
0.682353
0.517647
0.207843
0.219608
0.458824
0.533333
0.647059
0.764706
0.662745
0.603922
0.694118
0.556863
0.450980
0.486275
0.709804
0.725490
0.568627
0.564706
0.701961
0.768627
0.819608
0.800000
0.847059
0.929412
0.921569
0.913725
0.866667
0.631373
0.349020
0.254902
0.552941
0.568627
0.600000
0.423529
0.180392
0.211765
0.462745
0.584314
0.670588
0.807843
0.811765
0.760784
0.858824
0.933333
0.921569
0.901961
0.898039
0.878431
0.831373
0.839216
0.905882
0.949020
0.952941
0.952941
0.937255
0.921569
0.901961
0.854902
0.850980
0.890196
0.596078
0.270588
0.517647
0.545098
0.541176
0.305882
0.188235
0.203922
0.376471
0.537255
0.635294
0.764706
0.819608
0.796078
0.878431
0.901961
0.917647
0.909804
0.886275
0.843137
0.756863
0.733333
0.815686
0.886275
0.909804
0.921569
0.933333
0.909804
0.925490
0.866667
0.780392
0.839216
0.749020
0.325490
0.549020
0.549020
0.447059
0.274510
0.211765
0.203922
0.325490
0.509804
0.596078
0.674510
0.721569
0.788235
0.870588
0.858824
0.835294
0.819608
0.850980
0.831373
0.721569
0.713725
0.776471
0.815686
0.811765
0.815686
0.870588
0.760784
0.815686
0.921569
0.803922
0.819608
0.713725
0.317647
0.588235
0.525490
0.435294
0.290196
0.211765
0.200000
0.282353
0.458824
0.533333
0.584314
0.658824
0.764706
0.827451
0.827451
0.752941
0.737255
0.800000
0.796078
0.713725
0.709804
0.701961
0.729412
0.717647
0.690196
0.713725
0.615686
0.631373
0.909804
0.839216
0.780392
0.600000
0.286275
0.525490
0.560784
0.474510
0.270588
0.227451
0.200000
0.262745
0.396078
0.466667
0.505882
0.631373
0.749020
0.733333
0.768627
0.698039
0.690196
0.741176
0.756863
0.705882
0.694118
0.670588
0.686275
0.654902
0.650980
0.654902
0.576471
0.505882
0.788235
0.835294
0.721569
0.490196
0.258824
0.513725
0.588235
0.447059
0.278431
0.247059
0.200000
0.278431
0.352941
0.431373
0.482353
0.596078
0.741176
0.678431
0.682353
0.635294
0.650980
0.701961
0.717647
0.701961
0.682353
0.666667
0.658824
0.631373
0.627451
0.627451
0.552941
0.498039
0.713725
0.760784
0.631373
0.423529
0.243137
0.533333
0.584314
0.454902
0.270588
0.258824
0.250980
0.305882
0.321569
0.352941
0.419608
0.556863
0.713725
0.650980
0.600000
0.584314
0.611765
0.647059
0.670588
0.694118
0.647059
0.631373
0.627451
0.627451
0.631373
0.627451
0.556863
0.541176
0.686275
0.678431
0.596078
0.427451
0.235294
0.592157
0.619608
0.454902
0.282353
0.278431
0.266667
0.329412
0.341176
0.298039
0.313725
0.509804
0.674510
0.639216
0.552941
0.513725
0.564706
0.600000
0.615686
0.650980
0.607843
0.580392
0.600000
0.615686
0.623529
0.596078
0.494118
0.541176
0.686275
0.698039
0.607843
0.415686
0.243137
0.654902
0.709804
0.443137
0.301961
0.262745
0.266667
0.333333
0.337255
0.329412
0.247059
0.415686
0.611765
0.631373
0.537255
0.470588
0.521569
0.568627
0.588235
0.588235
0.568627
0.552941
0.596078
0.603922
0.611765
0.537255
0.482353
0.576471
0.529412
0.615686
0.568627
0.392157
0.250980
0.400000
0.631373
0.419608
0.313725
0.278431
0.286275
0.345098
0.333333
0.313725
0.254902
0.329412
0.498039
0.600000
0.576471
0.498039
0.494118
0.529412
0.549020
0.529412
0.478431
0.509804
0.580392
0.580392
0.584314
0.470588
0.525490
0.580392
0.341176
0.447059
0.482353
0.360784
0.266667
0.309804
0.403922
0.403922
0.372549
0.376471
0.321569
0.337255
0.309804
0.309804
0.270588
0.262745
0.427451
0.552941
0.607843
0.529412
0.470588
0.498039
0.501961
0.478431
0.462745
0.466667
0.556863
0.576471
0.568627
0.466667
0.572549
0.596078
0.352941
0.411765
0.407843
0.301961
0.286275
0.552941
0.376471
0.321569
0.388235
0.376471
0.337255
0.341176
0.290196
0.333333
0.294118
0.227451
0.329412
0.513725
0.611765
0.482353
0.431373
0.466667
0.458824
0.454902
0.474510
0.431373
0.505882
0.580392
0.584314
0.501961
0.592157
0.627451
0.435294
0.419608
0.400000
0.294118
0.282353
0.356863
0.325490
0.294118
0.278431
0.258824
0.247059
0.176471
0.184314
0.258824
0.301961
0.196078
0.333333
0.482353
0.419608
0.290196
0.356863
0.603922
0.556863
0.431373
0.301961
0.294118
0.349020
0.247059
0.243137
0.219608
0.200000
0.254902
0.345098
0.392157
0.388235
0.423529
0.262745
0.317647
0.223529
0.239216
0.364706
0.309804
0.247059
0.196078
0.180392
0.278431
0.309804
0.219608
0.286275
0.309804
0.349020
0.294118
0.427451
0.674510
0.682353
0.447059
0.282353
0.305882
0.462745
0.305882
0.196078
0.149020
0.149020
0.231373
0.317647
0.368627
0.364706
0.384314
0.254902
0.388235
0.305882
0.349020
0.431373
0.403922
0.258824
0.250980
0.188235
0.250980
0.337255
0.239216
0.231373
0.290196
0.313725
0.282353
0.345098
0.494118
0.717647
0.588235
0.282353
0.305882
0.666667
0.466667
0.211765
0.180392
0.200000
0.278431
0.298039
0.333333
0.317647
0.364706
0.274510
0.478431
0.443137
0.411765
0.321569
0.325490
0.270588
0.231373
0.203922
0.215686
0.360784
0.219608
0.200000
0.325490
0.356863
0.274510
0.274510
0.274510
0.411765
0.607843
0.337255
0.278431
0.611765
0.556863
0.282353
0.196078
0.235294
0.262745
0.298039
0.352941
0.321569
0.356863
0.250980
0.486275
0.458824
0.423529
0.262745
0.223529
0.262745
0.223529
0.192157
0.207843
0.368627
0.258824
0.219608
0.313725
0.470588
0.490196
0.368627
0.407843
0.415686
0.380392
0.298039
0.274510
0.494118
0.486275
0.250980
0.207843
0.250980
0.305882
0.294118
0.298039
0.313725
0.341176
0.266667
0.352941
0.360784
0.443137
0.274510
0.200000
0.215686
0.215686
0.192157
0.235294
0.309804
0.278431
0.239216
0.250980
0.470588
0.647059
0.549020
0.533333
0.572549
0.478431
0.294118
0.274510
0.392157
0.282353
0.172549
0.180392
0.243137
0.286275
0.278431
0.247059
0.325490
0.286275
0.239216
0.321569
0.349020
0.431373
0.254902
0.149020
0.172549
0.200000
0.200000
0.286275
0.278431
0.278431
0.254902
0.384314
0.470588
0.694118
0.600000
0.482353
0.478431
0.494118
0.356863
0.239216
0.266667
0.223529
0.192157
0.278431
0.215686
0.235294
0.250980
0.235294
0.247059
0.207843
0.231373
0.247059
0.356863
0.439216
0.333333
0.180392
0.160784
0.168627
0.223529
0.337255
0.250980
0.250980
0.203922
0.411765
0.517647
0.650980
0.494118
0.458824
0.470588
0.529412
0.407843
0.235294
0.223529
0.200000
0.282353
0.439216
0.219608
0.200000
0.184314
0.180392
0.188235
0.227451
0.294118
0.407843
0.372549
0.486275
0.380392
0.247059
0.184314
0.250980
0.258824
0.301961
0.266667
0.231373
0.168627
0.345098
0.541176
0.560784
0.349020
0.458824
0.470588
0.505882
0.443137
0.227451
0.188235
0.200000
0.266667
0.286275
0.203922
0.180392
0.149020
0.200000
0.235294
0.258824
0.317647
0.572549
0.415686
0.537255
0.443137
0.290196
0.266667
0.325490
0.278431
0.294118
0.356863
0.258824
0.141176
0.325490
0.560784
0.478431
0.278431
0.400000
0.466667
0.498039
0.443137
0.250980
0.176471
0.278431
0.301961
0.172549
0.184314
0.156863
0.184314
0.239216
0.258824
0.321569
0.250980
0.509804
0.505882
0.541176
0.588235
0.427451
0.325490
0.360784
0.301961
0.337255
0.388235
0.250980
0.156863
0.254902
0.576471
0.443137
0.309804
0.376471
0.501961
0.529412
0.427451
0.258824
0.207843
0.294118
0.349020
0.227451
0.180392
0.156863
0.203922
0.235294
0.235294
0.184314
0.133333
0.447059
0.525490
0.517647
0.525490
0.494118
0.521569
0.501961
0.392157
0.435294
0.556863
0.403922
0.270588
0.443137
0.603922
0.407843
0.356863
0.407843
0.525490
0.533333
0.419608
0.243137
0.243137
0.313725
0.372549
0.301961
0.313725
0.172549
0.250980
0.211765
0.133333
0.129412
0.137255
0.454902
0.486275
0.494118
0.486275
0.443137
0.505882
0.588235
0.658824
0.647059
0.654902
0.552941
0.454902
0.564706
0.486275
0.298039
0.372549
0.474510
0.533333
0.580392
0.450980
0.219608
0.258824
0.298039
0.356863
0.309804
0.352941
0.200000
0.207843
0.137255
0.129412
0.152941
0.168627
0.454902
0.462745
0.525490
0.513725
0.400000
0.415686
0.635294
0.815686
0.788235
0.568627
0.376471
0.403922
0.345098
0.192157
0.207843
0.462745
0.560784
0.560784
0.607843
0.423529
0.211765
0.231373
0.239216
0.294118
0.270588
0.231373
0.141176
0.121569
0.125490
0.200000
0.180392
0.188235
0.490196
0.505882
0.552941
0.529412
0.290196
0.317647
0.596078
0.803922
0.764706
0.494118
0.392157
0.513725
0.403922
0.301961
0.333333
0.462745
0.568627
0.600000
0.572549
0.360784
0.215686
0.227451
0.192157
0.211765
0.286275
0.247059
0.145098
0.109804
0.129412
0.188235
0.215686
0.196078
0.568627
0.552941
0.529412
0.513725
0.286275
0.243137
0.600000
0.827451
0.737255
0.529412
0.443137
0.556863
0.439216
0.376471
0.313725
0.341176
0.568627
0.607843
0.509804
0.294118
0.219608
0.223529
0.184314
0.192157
0.219608
0.262745
0.223529
0.121569
0.141176
0.203922
0.231373
0.215686
0.603922
0.568627
0.576471
0.513725
0.274510
0.227451
0.478431
0.603922
0.662745
0.611765
0.619608
0.521569
0.290196
0.227451
0.172549
0.298039
0.545098
0.600000
0.482353
0.250980
0.227451
0.235294
0.200000
0.207843
0.203922
0.196078
0.196078
0.137255
0.176471
0.219608
0.239216
0.235294
0.552941
0.572549
0.576471
0.545098
0.243137
0.215686
0.364706
0.407843
0.556863
0.650980
0.639216
0.470588
0.380392
0.266667
0.180392
0.290196
0.513725
0.556863
0.447059
0.223529
0.243137
0.239216
0.180392
0.184314
0.184314
0.196078
0.196078
0.164706
0.184314
0.200000
0.227451
0.247059
0.615686
0.643137
0.654902
0.564706
0.235294
0.203922
0.349020
0.376471
0.533333
0.694118
0.615686
0.509804
0.592157
0.282353
0.164706
0.298039
0.576471
0.584314
0.400000
0.196078
0.278431
0.313725
0.313725
0.309804
0.372549
0.556863
0.611765
0.533333
0.384314
0.223529
0.250980
0.247059
0.639216
0.705882
0.752941
0.549020
0.207843
0.215686
0.427451
0.462745
0.588235
0.749020
0.643137
0.568627
0.709804
0.572549
0.462745
0.505882
0.760784
0.776471
0.584314
0.549020
0.694118
0.772549
0.819608
0.800000
0.847059
0.925490
0.917647
0.909804
0.862745
0.631373
0.349020
0.254902
0.635294
0.650980
0.678431
0.458824
0.196078
0.223529
0.439216
0.513725
0.611765
0.796078
0.796078
0.721569
0.858824
0.933333
0.917647
0.901961
0.921569
0.898039
0.827451
0.819608
0.894118
0.949020
0.949020
0.949020
0.933333
0.921569
0.898039
0.850980
0.847059
0.890196
0.596078
0.270588
0.596078
0.615686
0.596078
0.345098
0.215686
0.219608
0.349020
0.474510
0.588235
0.752941
0.815686
0.776471
0.874510
0.898039
0.917647
0.909804
0.886275
0.847059
0.752941
0.729412
0.807843
0.874510
0.901961
0.913725
0.929412
0.909804
0.921569
0.862745
0.776471
0.839216
0.749020
0.325490
0.623529
0.611765
0.486275
0.301961
0.239216
0.219608
0.298039
0.454902
0.549020
0.658824
0.717647
0.780392
0.862745
0.850980
0.831373
0.815686
0.850980
0.831373
0.721569
0.713725
0.780392
0.819608
0.815686
0.823529
0.874510
0.756863
0.811765
0.917647
0.800000
0.819608
0.713725
0.321569
0.658824
0.580392
0.466667
0.305882
0.231373
0.211765
0.262745
0.415686
0.494118
0.560784
0.650980
0.760784
0.815686
0.819608
0.749020
0.733333
0.796078
0.796078
0.713725
0.709804
0.713725
0.752941
0.745098
0.717647
0.725490
0.607843
0.623529
0.905882
0.835294
0.780392
0.600000
0.290196
0.592157
0.611765
0.505882
0.278431
0.239216
0.215686
0.254902
0.368627
0.431373
0.470588
0.619608
0.752941
0.725490
0.760784
0.690196
0.686275
0.741176
0.756863
0.705882
0.694118
0.690196
0.717647
0.686275
0.686275
0.674510
0.572549
0.501961
0.784314
0.827451
0.721569
0.494118
0.262745
0.576471
0.639216
0.478431
0.282353
0.254902
0.215686
0.274510
0.333333
0.400000
0.443137
0.584314
0.752941
0.674510
0.674510
0.631373
0.647059
0.701961
0.717647
0.701961
0.682353
0.678431
0.674510
0.650980
0.650980
0.639216
0.556863
0.498039
0.705882
0.749020
0.627451
0.423529
0.247059
0.580392
0.623529
0.466667
0.270588
0.262745
0.254902
0.301961
0.313725
0.341176
0.407843
0.549020
0.713725
0.654902
0.596078
0.556863
0.568627
0.607843
0.647059
0.690196
0.654902
0.639216
0.627451
0.631373
0.631373
0.623529
0.545098
0.529412
0.678431
0.658824
0.572549
0.427451
0.239216
0.631373
0.650980
0.462745
0.282353
0.278431
0.266667
0.325490
0.337255
0.301961
0.313725
0.509804
0.670588
0.643137
0.541176
0.474510
0.498039
0.545098
0.580392
0.635294
0.615686
0.584314
0.600000
0.615686
0.623529
0.584314
0.466667
0.521569
0.678431
0.678431
0.572549
0.411765
0.247059
0.694118
0.741176
0.458824
0.301961
0.258824
0.266667
0.337255
0.337255
0.325490
0.247059
0.415686
0.611765
0.627451
0.521569
0.431373
0.466667
0.521569
0.552941
0.572549
0.564706
0.552941
0.596078
0.603922
0.611765
0.525490
0.450980
0.556863
0.521569
0.600000
0.537255
0.392157
0.262745
0.431373
0.654902
0.423529
0.301961
0.266667
0.290196
0.360784
0.345098
0.313725
0.254902
0.333333
0.501961
0.592157
0.556863
0.466667
0.450980
0.490196
0.513725
0.501961
0.458824
0.501961
0.584314
0.580392
0.584314
0.458824
0.494118
0.556863
0.337255
0.443137
0.466667
0.368627
0.286275
0.341176
0.419608
0.400000
0.345098
0.356863
0.325490
0.364706
0.337255
0.309804
0.266667
0.262745
0.431373
0.537255
0.580392
0.498039
0.435294
0.466667
0.466667
0.443137
0.423529
0.454902
0.560784
0.580392
0.572549
0.454902
0.541176
0.576471
0.352941
0.415686
0.407843
0.325490
0.317647
0.592157
0.392157
0.321569
0.376471
0.360784
0.341176
0.372549
0.325490
0.345098
0.298039
0.227451
0.329412
0.501961
0.592157
0.454902
0.407843
0.439216
0.427451
0.419608
0.435294
0.411765
0.501961
0.576471
0.588235
0.490196
0.560784
0.603922
0.431373
0.419608
0.403922
0.317647
0.321569
0.329412
0.305882
0.282353
0.278431
0.258824
0.247059
0.176471
0.192157
0.274510
0.298039
0.188235
0.298039
0.415686
0.396078
0.270588
0.278431
0.423529
0.372549
0.313725
0.266667
0.274510
0.266667
0.200000
0.254902
0.215686
0.188235
0.235294
0.305882
0.352941
0.337255
0.356863
0.211765
0.282353
0.200000
0.227451
0.360784
0.309804
0.247059
0.196078
0.188235
0.290196
0.309804
0.207843
0.266667
0.301961
0.356863
0.274510
0.352941
0.501961
0.490196
0.317647
0.250980
0.294118
0.364706
0.231373
0.188235
0.137255
0.125490
0.196078
0.262745
0.313725
0.317647
0.325490
0.211765
0.341176
0.274510
0.329412
0.423529
0.403922
0.258824
0.250980
0.196078
0.262745
0.337255
0.223529
0.219608
0.305882
0.321569
0.258824
0.282353
0.376471
0.560784
0.458824
0.250980
0.294118
0.549020
0.356863
0.184314
0.168627
0.176471
0.243137
0.250980
0.282353
0.278431
0.317647
0.239216
0.415686
0.400000
0.392157
0.313725
0.325490
0.270588
0.231373
0.211765
0.227451
0.360784
0.207843
0.188235
0.329412
0.341176
0.239216
0.235294
0.235294
0.317647
0.494118
0.305882
0.262745
0.474510
0.415686
0.239216
0.188235
0.231373
0.250980
0.266667
0.317647
0.294118
0.313725
0.219608
0.454902
0.435294
0.403922
0.247059
0.215686
0.258824
0.223529
0.196078
0.215686
0.368627
0.250980
0.211765
0.309804
0.462745
0.478431
0.313725
0.352941
0.333333
0.262745
0.254902
0.250980
0.392157
0.388235
0.215686
0.196078
0.247059
0.305882
0.278431
0.274510
0.290196
0.309804
0.243137
0.364706
0.372549
0.431373
0.250980
0.176471
0.203922
0.215686
0.192157
0.235294
0.309804
0.278431
0.239216
0.239216
0.478431
0.670588
0.466667
0.415686
0.474510
0.349020
0.231373
0.247059
0.345098
0.250980
0.156863
0.160784
0.227451
0.294118
0.278431
0.223529
0.309804
0.270588
0.223529
0.317647
0.364706
0.443137
0.243137
0.125490
0.160784
0.200000
0.203922
0.286275
0.278431
0.282353
0.247059
0.325490
0.431373
0.701961
0.537255
0.372549
0.396078
0.388235
0.290196
0.219608
0.243137
0.215686
0.188235
0.266667
0.200000
0.239216
0.247059
0.215686
0.235294
0.200000
0.219608
0.211765
0.360784
0.450980
0.321569
0.160784
0.149020
0.168627
0.227451
0.337255
0.250980
0.250980
0.192157
0.329412
0.447059
0.650980
0.454902
0.364706
0.415686
0.454902
0.337255
0.223529
0.223529
0.200000
0.278431
0.423529
0.203922
0.203922
0.180392
0.160784
0.180392
0.219608
0.286275
0.317647
0.341176
0.478431
0.364706
0.223529
0.172549
0.250980
0.262745
0.301961
0.266667
0.231373
0.164706
0.294118
0.478431
0.560784
0.321569
0.376471
0.439216
0.458824
0.364706
0.203922
0.184314
0.180392
0.239216
0.254902
0.188235
0.184314
0.145098
0.176471
0.227451
0.250980
0.309804
0.439216
0.349020
0.505882
0.419608
0.262745
0.250980
0.325490
0.282353
0.294118
0.356863
0.250980
0.145098
0.313725
0.521569
0.478431
0.250980
0.337255
0.454902
0.462745
0.364706
0.223529
0.160784
0.247059
0.250980
0.125490
0.168627
0.164706
0.184314
0.219608
0.250980
0.317647
0.247059
0.388235
0.411765
0.466667
0.537255
0.384314
0.282353
0.356863
0.313725
0.329412
0.376471
0.227451
0.145098
0.262745
0.568627
0.423529
0.278431
0.364706
0.501961
0.458824
0.352941
0.250980
0.203922
0.266667
0.298039
0.172549
0.149020
0.156863
0.211765
0.227451
0.239216
0.188235
0.133333
0.356863
0.435294
0.419608
0.458824
0.450980
0.486275
0.505882
0.407843
0.427451
0.545098
0.388235
0.262745
0.450980
0.600000
0.388235
0.329412
0.415686
0.521569
0.431373
0.321569
0.239216
0.247059
0.294118
0.333333
0.239216
0.254902
0.156863
0.258824
0.215686
0.137255
0.133333
0.141176
0.400000
0.400000
0.380392
0.400000
0.403922
0.498039
0.600000
0.670588
0.639216
0.650980
0.552941
0.454902
0.564706
0.478431
0.286275
0.356863
0.470588
0.490196
0.439216
0.329412
0.203922
0.262745
0.282353
0.333333
0.254902
0.282353
0.180392
0.215686
0.141176
0.129412
0.152941
0.168627
0.396078
0.368627
0.400000
0.411765
0.360784
0.427451
0.654902
0.819608
0.788235
0.568627
0.376471
0.400000
0.337255
0.180392
0.203922
0.454902
0.521569
0.462745
0.427451
0.305882
0.203922
0.231373
0.235294
0.286275
0.243137
0.196078
0.137255
0.133333
0.125490
0.192157
0.176471
0.180392
0.400000
0.396078
0.419608
0.411765
0.247059
0.345098
0.619608
0.800000
0.764706
0.490196
0.380392
0.501961
0.388235
0.290196
0.337255
0.462745
0.486275
0.447059
0.372549
0.266667
0.223529
0.227451
0.196078
0.219608
0.294118
0.266667
0.180392
0.125490
0.121569
0.180392
0.207843
0.188235
0.431373
0.419608
0.396078
0.384314
0.247059
0.266667
0.607843
0.831373
0.745098
0.529412
0.447059
0.560784
0.439216
0.388235
0.321569
0.325490
0.450980
0.423529
0.321569
0.215686
0.223529
0.219608
0.188235
0.196078
0.231373
0.282353
0.247059
0.129412
0.133333
0.200000
0.227451
0.211765
0.447059
0.427451
0.443137
0.376471
0.239216
0.243137
0.466667
0.603922
0.666667
0.619608
0.631373
0.533333
0.282353
0.239216
0.176471
0.262745
0.415686
0.423529
0.345098
0.207843
0.231373
0.235294
0.200000
0.203922
0.203922
0.196078
0.192157
0.133333
0.172549
0.219608
0.239216
0.235294
0.400000
0.427451
0.431373
0.407843
0.207843
0.215686
0.333333
0.388235
0.541176
0.643137
0.635294
0.450980
0.317647
0.235294
0.172549
0.254902
0.360784
0.372549
0.333333
0.207843
0.254902
0.239216
0.180392
0.184314
0.188235
0.200000
0.200000
0.168627
0.188235
0.200000
0.227451
0.247059
0.458824
0.486275
0.498039
0.435294
0.207843
0.200000
0.309804
0.345098
0.509804
0.690196
0.611765
0.478431
0.509804
0.239216
0.152941
0.258824
0.392157
0.380392
0.282353
0.160784
0.278431
0.313725
0.313725
0.309804
0.376471
0.572549
0.627451
0.549020
0.396078
0.223529
0.250980
0.247059
0.474510
0.533333
0.568627
0.419608
0.203922
0.219608
0.392157
0.439216
0.580392
0.772549
0.662745
0.549020
0.658824
0.552941
0.458824
0.470588
0.631373
0.647059
0.521569
0.545098
0.698039
0.768627
0.819608
0.800000
0.854902
0.945098
0.937255
0.929412
0.882353
0.635294
0.349020
0.254902
0.458824
0.462745
0.486275
0.356863
0.211765
0.235294
0.411765
0.494118
0.611765
0.835294
0.835294
0.725490
0.854902
0.945098
0.925490
0.882353
0.886275
0.890196
0.854902
0.870588
0.921569
0.952941
0.952941
0.949020
0.941176
0.937255
0.917647
0.874510
0.866667
0.894118
0.588235
0.266667
0.411765
0.427451
0.447059
0.301961
0.247059
0.235294
0.325490
0.439216
0.580392
0.788235
0.862745
0.811765
0.898039
0.921569
0.929412
0.913725
0.913725
0.882353
0.796078
0.776471
0.850980
0.909804
0.925490
0.929412
0.937255
0.913725
0.933333
0.882353
0.796078
0.839216
0.729412
0.305882
0.454902
0.454902
0.400000
0.294118
0.266667
0.231373
0.278431
0.415686
0.537255
0.682353
0.756863
0.823529
0.913725
0.894118
0.862745
0.839216
0.886275
0.870588
0.760784
0.752941
0.831373
0.874510
0.858824
0.854902
0.901961
0.788235
0.835294
0.937255
0.815686
0.819608
0.690196
0.298039
0.513725
0.466667
0.431373
0.317647
0.247059
0.223529
0.247059
0.388235
0.470588
0.560784
0.682353
0.807843
0.878431
0.870588
0.792157
0.764706
0.835294
0.835294
0.752941
0.749020
0.768627
0.811765
0.792157
0.756863
0.764706
0.658824
0.666667
0.937255
0.858824
0.780392
0.576471
0.266667
0.474510
0.513725
0.482353
0.290196
0.250980
0.227451
0.247059
0.345098
0.403922
0.454902
0.635294
0.800000
0.784314
0.807843
0.725490
0.717647
0.776471
0.796078
0.745098
0.733333
0.741176
0.764706
0.725490
0.713725
0.694118
0.596078
0.533333
0.819608
0.866667
0.725490
0.470588
0.239216
0.474510
0.537255
0.431373
0.274510
0.258824
0.227451
0.270588
0.313725
0.368627
0.415686
0.588235
0.792157
0.709804
0.701961
0.647059
0.658824
0.733333
0.756863
0.741176
0.721569
0.717647
0.709804
0.674510
0.666667
0.631373
0.529412
0.498039
0.745098
0.803922
0.635294
0.400000
0.223529
0.478431
0.509804
0.435294
0.278431
0.266667
0.262745
0.305882
0.309804
0.317647
0.380392
0.568627
0.780392
0.701961
0.600000
0.541176
0.560784
0.627451
0.670588
0.705882
0.666667
0.654902
0.650980
0.647059
0.650980
0.611765
0.501961
0.517647
0.709804
0.709804
0.584314
0.411765
0.219608
0.498039
0.505882
0.400000
0.278431
0.282353
0.266667
0.329412
0.341176
0.298039
0.301961
0.525490
0.725490
0.690196
0.541176
0.447059
0.482353
0.549020
0.580392
0.631373
0.603922
0.588235
0.615686
0.631373
0.639216
0.580392
0.443137
0.513725
0.694118
0.705882
0.588235
0.407843
0.243137
0.568627
0.596078
0.368627
0.274510
0.254902
0.258824
0.329412
0.345098
0.345098
0.247059
0.407843
0.615686
0.650980
0.517647
0.411765
0.443137
0.513725
0.545098
0.556863
0.545098
0.545098
0.600000
0.607843
0.615686
0.521569
0.435294
0.545098
0.517647
0.603922
0.545098
0.403922
0.270588
0.352941
0.576471
0.392157
0.294118
0.254902
0.274510
0.341176
0.337255
0.329412
0.262745
0.313725
0.474510
0.588235
0.549020
0.447059
0.419608
0.462745
0.490196
0.478431
0.431373
0.490196
0.580392
0.580392
0.580392
0.454902
0.486275
0.545098
0.305882
0.411765
0.447059
0.372549
0.286275
0.254902
0.368627
0.403922
0.349020
0.341176
0.301961
0.333333
0.309804
0.305882
0.282353
0.254902
0.384314
0.509804
0.576471
0.486275
0.400000
0.423529
0.427451
0.403922
0.384314
0.431373
0.549020
0.564706
0.556863
0.450980
0.545098
0.556863
0.305882
0.345098
0.345098
0.301961
0.290196
0.466667
0.325490
0.313725
0.372549
0.345098
0.313725
0.337255
0.278431
0.309804
0.294118
0.219608
0.298039
0.466667
0.580392
0.443137
0.360784
0.388235
0.372549
0.364706
0.388235
0.380392
0.482353
0.564706
0.568627
0.482353
0.576471
0.596078
0.372549
0.345098
0.325490
0.270588
0.278431
