0.984314
0.984314
0.984314
0.988235
0.968627
0.956863
0.964706
0.984314
0.988235
0.984314
0.972549
0.964706
0.960784
0.964706
0.968627
0.968627
0.741176
0.533333
0.898039
0.964706
0.956863
0.964706
0.960784
0.949020
0.952941
0.956863
0.952941
0.952941
0.960784
0.960784
0.956863
0.952941
0.984314
0.980392
0.980392
0.980392
0.972549
0.968627
0.972549
0.980392
0.980392
0.972549
0.968627
0.968627
0.964706
0.960784
0.956863
0.952941
0.482353
0.282353
0.756863
0.952941
0.949020
0.952941
0.952941
0.933333
0.929412
0.925490
0.913725
0.913725
0.905882
0.905882
0.909804
0.913725
0.980392
0.976471
0.980392
0.980392
0.972549
0.968627
0.968627
0.976471
0.976471
0.968627
0.964706
0.964706
0.968627
0.964706
0.956863
0.929412
0.458824
0.356863
0.847059
0.917647
0.909804
0.909804
0.913725
0.894118
0.874510
0.870588
0.862745
0.866667
0.858824
0.858824
0.843137
0.843137
0.980392
0.984314
0.984314
0.980392
0.980392
0.976471
0.972549
0.964706
0.972549
0.956863
0.952941
0.937255
0.941176
0.937255
0.933333
0.905882
0.560784
0.462745
0.862745
0.882353
0.874510
0.878431
0.870588
0.847059
0.831373
0.843137
0.827451
0.839216
0.827451
0.835294
0.819608
0.815686
0.980392
0.980392
0.984314
0.976471
0.968627
0.949020
0.945098
0.937255
0.917647
0.921569
0.917647
0.913725
0.909804
0.886275
0.878431
0.831373
0.517647
0.427451
0.800000
0.839216
0.858824
0.831373
0.835294
0.843137
0.847059
0.843137
0.831373
0.811765
0.749020
0.682353
0.701961
0.745098
0.972549
0.968627
0.968627
0.964706
0.945098
0.921569
0.917647
0.909804
0.882353
0.866667
0.792157
0.733333
0.690196
0.709804
0.811765
0.650980
0.262745
0.419608
0.631373
0.792157
0.701961
0.584314
0.537255
0.600000
0.709804
0.627451
0.505882
0.458824
0.380392
0.329412
0.376471
0.435294
0.984314
0.976471
0.972549
0.968627
0.956863
0.925490
0.803922
0.584314
0.482353
0.490196
0.419608
0.360784
0.356863
0.333333
0.435294
0.364706
0.207843
0.337255
0.337255
0.380392
0.313725
0.290196
0.262745
0.250980
0.321569
0.321569
0.321569
0.298039
0.235294
0.239216
0.333333
0.317647
0.827451
0.819608
0.776471
0.803922
0.764706
0.721569
0.572549
0.403922
0.388235
0.356863
0.341176
0.341176
0.345098
0.325490
0.313725
0.368627
0.207843
0.262745
0.243137
0.317647
0.396078
0.392157
0.356863
0.333333
0.423529
0.423529
0.309804
0.250980
0.219608
0.207843
0.270588
0.317647
0.454902
0.450980
0.458824
0.533333
0.537255
0.486275
0.447059
0.427451
0.407843
0.372549
0.372549
0.376471
0.403922
0.431373
0.419608
0.403922
0.235294
0.239216
0.250980
0.274510
0.427451
0.372549
0.403922
0.584314
0.466667
0.333333
0.258824
0.219608
0.207843
0.176471
0.168627
0.219608
0.450980
0.466667
0.478431
0.521569
0.517647
0.509804
0.443137
0.372549
0.352941
0.380392
0.380392
0.317647
0.301961
0.376471
0.415686
0.345098
0.160784
0.149020
0.239216
0.196078
0.235294
0.403922
0.635294
0.584314
0.345098
0.309804
0.254902
0.200000
0.172549
0.270588
0.274510
0.141176
0.501961
0.529412
0.549020
0.549020
0.513725
0.470588
0.458824
0.447059
0.423529
0.384314
0.384314
0.309804
0.274510
0.337255
0.400000
0.286275
0.145098
0.133333
0.149020
0.203922
0.286275
0.552941
0.545098
0.352941
0.278431
0.247059
0.250980
0.196078
0.180392
0.305882
0.235294
0.121569
0.517647
0.505882
0.494118
0.517647
0.580392
0.549020
0.490196
0.439216
0.462745
0.384314
0.372549
0.345098
0.466667
0.501961
0.415686
0.203922
0.227451
0.270588
0.168627
0.215686
0.337255
0.435294
0.364706
0.329412
0.294118
0.270588
0.282353
0.329412
0.345098
0.301961
0.203922
0.125490
0.439216
0.419608
0.431373
0.466667
0.501961
0.458824
0.454902
0.435294
0.439216
0.458824
0.552941
0.701961
0.639216
0.525490
0.584314
0.376471
0.368627
0.435294
0.227451
0.282353
0.258824
0.317647
0.317647
0.274510
0.266667
0.215686
0.239216
0.333333
0.329412
0.286275
0.247059
0.192157
0.341176
0.298039
0.376471
0.411765
0.376471
0.356863
0.392157
0.419608
0.478431
0.647059
0.776471
0.647059
0.443137
0.427451
0.635294
0.654902
0.341176
0.368627
0.200000
0.254902
0.270588
0.321569
0.254902
0.227451
0.243137
0.207843
0.184314
0.278431
0.313725
0.313725
0.325490
0.286275
0.356863
0.360784
0.388235
0.392157
0.396078
0.388235
0.403922
0.521569
0.607843
0.658824
0.623529
0.388235
0.341176
0.411765
0.584314
0.600000
0.286275
0.160784
0.211765
0.243137
0.274510
0.313725
0.223529
0.286275
0.337255
0.298039
0.172549
0.286275
0.333333
0.329412
0.325490
0.298039
0.384314
0.396078
0.403922
0.403922
0.400000
0.392157
0.474510
0.654902
0.529412
0.525490
0.447059
0.325490
0.305882
0.368627
0.517647
0.533333
0.262745
0.141176
0.262745
0.258824
0.286275
0.282353
0.231373
0.321569
0.337255
0.333333
0.301961
0.333333
0.337255
0.329412
0.325490
0.321569
0.372549
0.376471
0.376471
0.368627
0.364706
0.411765
0.615686
0.670588
0.423529
0.415686
0.388235
0.309804
0.278431
0.325490
0.396078
0.403922
0.223529
0.145098
0.219608
0.262745
0.274510
0.274510
0.274510
0.352941
0.360784
0.364706
0.372549
0.372549
0.368627
0.360784
0.356863
0.356863
0.380392
0.372549
0.372549
0.376471
0.380392
0.443137
0.729412
0.631373
0.447059
0.388235
0.368627
0.301961
0.243137
0.274510
0.290196
0.286275
0.200000
0.094118
0.172549
0.278431
0.278431
0.262745
0.294118
0.356863
0.368627
0.380392
0.376471
0.372549
0.372549
0.364706
0.360784
0.360784
0.384314
0.376471
0.380392
0.376471
0.376471
0.490196
0.737255
0.588235
0.529412
0.403922
0.368627
0.298039
0.200000
0.184314
0.254902
0.266667
0.231373
0.149020
0.172549
0.247059
0.254902
0.243137
0.301961
0.345098
0.352941
0.352941
0.345098
0.341176
0.341176
0.341176
0.337255
0.345098
0.372549
0.364706
0.368627
0.364706
0.376471
0.458824
0.619608
0.596078
0.572549
0.384314
0.349020
0.298039
0.188235
0.145098
0.231373
0.243137
0.215686
0.160784
0.156863
0.235294
0.219608
0.211765
0.294118
0.325490
0.333333
0.329412
0.329412
0.321569
0.325490
0.333333
0.333333
0.337255
0.345098
0.341176
0.337255
0.337255
0.341176
0.400000
0.505882
0.521569
0.533333
0.352941
0.356863
0.298039
0.227451
0.207843
0.286275
0.270588
0.239216
0.203922
0.227451
0.290196
0.215686
0.231373
0.286275
0.298039
0.305882
0.305882
0.313725
0.301961
0.305882
0.309804
0.313725
0.313725
0.305882
0.313725
0.317647
0.325490
0.325490
0.364706
0.443137
0.447059
0.470588
0.352941
0.380392
0.290196
0.262745
0.298039
0.321569
0.309804
0.298039
0.286275
0.294118
0.333333
0.282353
0.270588
0.286275
0.290196
0.301961
0.298039
0.294118
0.290196
0.286275
0.294118
0.294118
0.290196
0.294118
0.298039
0.298039
0.298039
0.301961
0.305882
0.309804
0.341176
0.337255
0.313725
0.345098
0.282353
0.294118
0.298039
0.294118
0.301961
0.298039
0.286275
0.286275
0.305882
0.321569
0.286275
0.274510
0.278431
0.294118
0.290196
0.286275
0.294118
0.282353
0.282353
0.278431
0.278431
0.305882
0.305882
0.305882
0.301961
0.301961
0.301961
0.298039
0.301961
0.298039
0.317647
0.329412
0.294118
0.309804
0.301961
0.298039
0.290196
0.290196
0.294118
0.290196
0.290196
0.329412
0.301961
0.274510
0.274510
0.286275
0.278431
0.282353
0.286275
0.282353
0.286275
0.278431
0.274510
0.313725
0.317647
0.313725
0.321569
0.313725
0.309804
0.309804
0.317647
0.321569
0.321569
0.309804
0.286275
0.301961
0.309804
0.309804
0.305882
0.298039
0.294118
0.278431
0.278431
0.337255
0.298039
0.286275
0.278431
0.274510
0.286275
0.286275
0.286275
0.286275
0.278431
0.274510
0.274510
0.305882
0.309804
0.309804
0.313725
0.309804
0.305882
0.305882
0.313725
0.309804
0.305882
0.290196
0.278431
0.294118
0.309804
0.313725
0.309804
0.298039
0.290196
0.286275
0.294118
0.341176
0.262745
0.274510
0.270588
0.270588
0.282353
0.282353
0.278431
0.278431
0.270588
0.270588
0.274510
0.305882
0.298039
0.294118
0.298039
0.301961
0.301961
0.301961
0.305882
0.286275
0.286275
0.298039
0.321569
0.298039
0.294118
0.305882
0.305882
0.290196
0.278431
0.286275
0.352941
0.290196
0.254902
0.258824
0.266667
0.266667
0.266667
0.262745
0.262745
0.262745
0.266667
0.262745
0.258824
0.294118
0.294118
0.294118
0.298039
0.298039
0.301961
0.305882
0.305882
0.282353
0.282353
0.278431
0.309804
0.270588
0.278431
0.294118
0.294118
0.274510
0.266667
0.219608
0.262745
0.235294
0.239216
0.250980
0.250980
0.243137
0.250980
0.247059
0.243137
0.239216
0.235294
0.243137
0.250980
0.290196
0.298039
0.294118
0.298039
0.301961
0.305882
0.298039
0.290196
0.274510
0.282353
0.286275
0.298039
0.274510
0.282353
0.286275
0.274510
0.270588
0.266667
0.219608
0.231373
0.262745
0.278431
0.258824
0.243137
0.247059
0.247059
0.239216
0.247059
0.250980
0.239216
0.239216
0.239216
0.278431
0.286275
0.286275
0.282353
0.286275
0.290196
0.282353
0.270588
0.270588
0.278431
0.254902
0.250980
0.231373
0.231373
0.250980
0.250980
0.247059
0.243137
0.239216
0.239216
0.207843
0.223529
0.227451
0.243137
0.247059
0.243137
0.239216
0.239216
0.243137
0.239216
0.235294
0.231373
0.290196
0.301961
0.290196
0.278431
0.270588
0.258824
0.262745
0.266667
0.258824
0.258824
0.223529
0.200000
0.196078
0.203922
0.219608
0.207843
0.196078
0.192157
0.200000
0.184314
0.168627
0.160784
0.172549
0.172549
0.176471
0.176471
0.188235
0.192157
0.200000
0.207843
0.223529
0.231373
0.270588
0.282353
0.290196
0.282353
0.270588
0.258824
0.270588
0.270588
0.239216
0.239216
0.223529
0.215686
0.227451
0.231373
0.235294
0.219608
0.207843
0.207843
0.203922
0.200000
0.180392
0.180392
0.180392
0.180392
0.168627
0.172549
0.180392
0.184314
0.184314
0.180392
0.188235
0.192157
0.984314
0.984314
0.984314
0.984314
0.988235
0.992157
0.992157
0.992157
0.992157
0.988235
0.988235
0.980392
0.976471
0.980392
0.984314
0.984314
0.756863
0.549020
0.909804
0.980392
0.964706
0.968627
0.960784
0.949020
0.956863
0.960784
0.960784
0.960784
0.968627
0.964706
0.964706
0.960784
0.984314
0.980392
0.980392
0.980392
0.980392
0.984314
0.984314
0.980392
0.976471
0.972549
0.976471
0.976471
0.972549
0.968627
0.968627
0.972549
0.505882
0.305882
0.776471
0.976471
0.968627
0.960784
0.964706
0.945098
0.941176
0.937255
0.941176
0.941176
0.937255
0.937255
0.937255
0.941176
0.980392
0.976471
0.980392
0.980392
0.972549
0.968627
0.968627
0.972549
0.968627
0.964706
0.968627
0.972549
0.976471
0.972549
0.964706
0.960784
0.494118
0.388235
0.878431
0.949020
0.941176
0.933333
0.933333
0.913725
0.894118
0.890196
0.898039
0.909804
0.898039
0.901961
0.886275
0.886275
0.980392
0.984314
0.984314
0.980392
0.980392
0.976471
0.972549
0.972549
0.980392
0.964706
0.968627
0.952941
0.956863
0.949020
0.949020
0.941176
0.603922
0.501961
0.901961
0.925490
0.913725
0.909804
0.901961
0.878431
0.862745
0.874510
0.870588
0.882353
0.874510
0.878431
0.866667
0.862745
0.980392
0.980392
0.984314
0.976471
0.968627
0.956863
0.956863
0.952941
0.941176
0.949020
0.949020
0.945098
0.941176
0.917647
0.913725
0.882353
0.568627
0.474510
0.847059
0.894118
0.913725
0.874510
0.878431
0.886275
0.890196
0.882353
0.874510
0.850980
0.788235
0.725490
0.741176
0.792157
0.972549
0.968627
0.968627
0.964706
0.956863
0.945098
0.949020
0.949020
0.933333
0.921569
0.850980
0.792157
0.752941
0.768627
0.870588
0.713725
0.325490
0.474510
0.686275
0.850980
0.764706
0.643137
0.592157
0.654902
0.764706
0.682353
0.549020
0.498039
0.419608
0.372549
0.415686
0.478431
0.984314
0.976471
0.976471
0.968627
0.972549
0.964706
0.850980
0.639216
0.549020
0.560784
0.494118
0.435294
0.431373
0.407843
0.509804
0.435294
0.274510
0.392157
0.396078
0.443137
0.380392
0.349020
0.317647
0.309804
0.380392
0.380392
0.368627
0.341176
0.282353
0.286275
0.376471
0.360784
0.854902
0.839216
0.792157
0.811765
0.780392
0.749020
0.603922
0.443137
0.439216
0.419608
0.415686
0.411765
0.403922
0.376471
0.356863
0.411765
0.250980
0.290196
0.266667
0.337255
0.415686
0.411765
0.384314
0.372549
0.466667
0.470588
0.349020
0.286275
0.250980
0.239216
0.301961
0.349020
0.490196
0.474510
0.474510
0.537255
0.549020
0.505882
0.466667
0.454902
0.447059
0.423529
0.431373
0.431373
0.447059
0.462745
0.439216
0.431373
0.266667
0.258824
0.254902
0.270588
0.423529
0.368627
0.415686
0.607843
0.498039
0.368627
0.294118
0.250980
0.235294
0.203922
0.196078
0.247059
0.466667
0.474510
0.478431
0.517647
0.525490
0.533333
0.470588
0.403922
0.392157
0.423529
0.423529
0.356863
0.333333
0.400000
0.431373
0.376471
0.200000
0.168627
0.250980
0.200000
0.239216
0.407843
0.647059
0.603922
0.368627
0.337255
0.294118
0.243137
0.211765
0.305882
0.309804
0.176471
0.505882
0.525490
0.537255
0.537255
0.517647
0.494118
0.486275
0.474510
0.462745
0.423529
0.411765
0.333333
0.290196
0.349020
0.407843
0.313725
0.176471
0.156863
0.168627
0.215686
0.294118
0.560784
0.560784
0.372549
0.294118
0.258824
0.286275
0.243137
0.227451
0.349020
0.278431
0.152941
0.513725
0.498039
0.482353
0.505882
0.588235
0.576471
0.517647
0.466667
0.494118
0.407843
0.384314
0.356863
0.478431
0.513725
0.431373
0.223529
0.258824
0.298039
0.200000
0.239216
0.356863
0.450980
0.384314
0.345098
0.305882
0.278431
0.313725
0.372549
0.392157
0.349020
0.247059
0.156863
0.447059
0.419608
0.427451
0.458824
0.513725
0.490196
0.486275
0.454902
0.454902
0.470588
0.560784
0.713725
0.658824
0.549020
0.615686
0.400000
0.396078
0.466667
0.262745
0.321569
0.290196
0.341176
0.341176
0.294118
0.278431
0.223529
0.258824
0.364706
0.368627
0.325490
0.278431
0.215686
0.368627
0.317647
0.388235
0.415686
0.396078
0.388235
0.423529
0.435294
0.482353
0.647059
0.792157
0.670588
0.478431
0.466667
0.682353
0.678431
0.360784
0.400000
0.243137
0.305882
0.321569
0.356863
0.286275
0.250980
0.262745
0.215686
0.192157
0.294118
0.337255
0.341176
0.345098
0.301961
0.403922
0.400000
0.415686
0.411765
0.423529
0.427451
0.435294
0.533333
0.603922
0.647059
0.643137
0.419608
0.384314
0.466667
0.647059
0.627451
0.298039
0.196078
0.262745
0.301961
0.333333
0.356863
0.258824
0.317647
0.360784
0.309804
0.172549
0.286275
0.345098
0.341176
0.329412
0.305882
0.415686
0.423529
0.427451
0.423529
0.431373
0.431373
0.505882
0.674510
0.541176
0.537255
0.470588
0.349020
0.337255
0.407843
0.556863
0.552941
0.282353
0.168627
0.305882
0.313725
0.337255
0.313725
0.266667
0.352941
0.364706
0.356863
0.305882
0.341176
0.349020
0.341176
0.333333
0.337255
0.388235
0.392157
0.392157
0.384314
0.392157
0.443137
0.643137
0.694118
0.450980
0.443137
0.411765
0.325490
0.298039
0.345098
0.407843
0.415686
0.243137
0.168627
0.250980
0.305882
0.313725
0.290196
0.305882
0.384314
0.392157
0.388235
0.392157
0.388235
0.388235
0.380392
0.376471
0.380392
0.400000
0.388235
0.388235
0.392157
0.403922
0.462745
0.741176
0.639216
0.458824
0.403922
0.392157
0.317647
0.262745
0.294118
0.305882
0.298039
0.215686
0.117647
0.203922
0.313725
0.313725
0.282353
0.325490
0.388235
0.400000
0.403922
0.392157
0.388235
0.388235
0.380392
0.376471
0.380392
0.403922
0.396078
0.403922
0.396078
0.392157
0.494118
0.737255
0.588235
0.529412
0.411765
0.388235
0.313725
0.219608
0.211765
0.274510
0.274510
0.243137
0.172549
0.200000
0.282353
0.282353
0.266667
0.337255
0.380392
0.380392
0.376471
0.360784
0.356863
0.356863
0.356863
0.352941
0.364706
0.396078
0.388235
0.392157
0.388235
0.384314
0.454902
0.611765
0.588235
0.564706
0.388235
0.364706
0.309804
0.203922
0.168627
0.247059
0.250980
0.227451
0.180392
0.184314
0.266667
0.243137
0.235294
0.329412
0.360784
0.360784
0.349020
0.345098
0.337255
0.341176
0.349020
0.349020
0.356863
0.368627
0.360784
0.360784
0.356863
0.352941
0.403922
0.501961
0.521569
0.537255
0.360784
0.364706
0.301961
0.235294
0.227451
0.301961
0.274510
0.250980
0.223529
0.258824
0.317647
0.243137
0.258824
0.325490
0.333333
0.333333
0.321569
0.325490
0.317647
0.317647
0.321569
0.329412
0.333333
0.325490
0.329412
0.333333
0.341176
0.341176
0.380392
0.454902
0.462745
0.490196
0.372549
0.384314
0.290196
0.270588
0.321569
0.337255
0.317647
0.313725
0.313725
0.325490
0.360784
0.309804
0.301961
0.329412
0.329412
0.329412
0.313725
0.305882
0.301961
0.298039
0.305882
0.305882
0.305882
0.309804
0.313725
0.313725
0.313725
0.325490
0.333333
0.337255
0.372549
0.368627
0.345098
0.349020
0.282353
0.305882
0.321569
0.313725
0.313725
0.313725
0.313725
0.317647
0.333333
0.349020
0.325490
0.321569
0.317647
0.321569
0.301961
0.298039
0.305882
0.294118
0.294118
0.290196
0.294118
0.317647
0.321569
0.317647
0.313725
0.325490
0.333333
0.325490
0.333333
0.337255
0.349020
0.341176
0.294118
0.317647
0.321569
0.313725
0.305882
0.309804
0.321569
0.317647
0.313725
0.349020
0.329412
0.313725
0.309804
0.313725
0.298039
0.294118
0.301961
0.294118
0.301961
0.290196
0.286275
0.329412
0.329412
0.329412
0.333333
0.329412
0.325490
0.325490
0.333333
0.341176
0.341176
0.333333
0.301961
0.317647
0.337255
0.329412
0.325490
0.321569
0.317647
0.301961
0.290196
0.352941
0.313725
0.309804
0.305882
0.301961
0.309804
0.309804
0.309804
0.309804
0.301961
0.298039
0.290196
0.321569
0.325490
0.325490
0.329412
0.325490
0.321569
0.321569
0.329412
0.325490
0.325490
0.313725
0.290196
0.305882
0.333333
0.329412
0.329412
0.321569
0.317647
0.305882
0.305882
0.352941
0.278431
0.294118
0.294118
0.294118
0.301961
0.301961
0.298039
0.298039
0.290196
0.290196
0.290196
0.321569
0.313725
0.309804
0.313725
0.317647
0.317647
0.317647
0.321569
0.301961
0.305882
0.321569
0.333333
0.305882
0.313725
0.313725
0.321569
0.309804
0.301961
0.305882
0.364706
0.301961
0.270588
0.278431
0.290196
0.290196
0.286275
0.282353
0.282353
0.282353
0.286275
0.282353
0.274510
0.309804
0.309804
0.309804
0.313725
0.313725
0.317647
0.321569
0.321569
0.298039
0.301961
0.305882
0.321569
0.278431
0.294118
0.298039
0.305882
0.298039
0.286275
0.239216
0.274510
0.243137
0.250980
0.266667
0.270588
0.262745
0.270588
0.266667
0.262745
0.258824
0.254902
0.262745
0.270588
0.301961
0.309804
0.305882
0.309804
0.313725
0.317647
0.309804
0.301961
0.286275
0.298039
0.317647
0.313725
0.286275
0.294118
0.286275
0.290196
0.290196
0.286275
0.235294
0.243137
0.270588
0.286275
0.274510
0.262745
0.266667
0.262745
0.254902
0.262745
0.266667
0.254902
0.254902
0.254902
0.290196
0.298039
0.298039
0.294118
0.298039
0.298039
0.294118
0.282353
0.282353
0.294118
0.290196
0.270588
0.243137
0.243137
0.250980
0.262745
0.266667
0.262745
0.254902
0.250980
0.215686
0.231373
0.239216
0.258824
0.262745
0.258824
0.254902
0.254902
0.258824
0.254902
0.250980
0.250980
0.301961
0.313725
0.301961
0.294118
0.282353
0.270588
0.274510
0.278431
0.270588
0.274510
0.262745
0.223529
0.207843
0.219608
0.223529
0.215686
0.215686
0.211765
0.215686
0.196078
0.172549
0.164706
0.184314
0.188235
0.188235
0.188235
0.200000
0.207843
0.215686
0.223529
0.239216
0.250980
0.282353
0.290196
0.294118
0.286275
0.274510
0.266667
0.278431
0.282353
0.254902
0.258824
0.258824
0.235294
0.243137
0.247059
0.243137
0.231373
0.227451
0.227451
0.219608
0.211765
0.188235
0.188235
0.192157
0.196078
0.184314
0.184314
0.196078
0.200000
0.200000
0.200000
0.207843
0.223529
0.984314
0.984314
0.984314
0.984314
0.992157
0.996078
0.984314
0.984314
0.972549
0.968627
0.984314
0.976471
0.972549
0.976471
0.980392
0.984314
0.752941
0.545098
0.909804
0.980392
0.972549
0.984314
0.980392
0.968627
0.972549
0.976471
0.968627
0.964706
0.968627
0.968627
0.968627
0.968627
0.984314
0.980392
0.980392
0.980392
0.988235
0.992157
0.988235
0.980392
0.968627
0.960784
0.964706
0.964706
0.964706
0.956863
0.956863
0.976471
0.513725
0.313725
0.784314
0.984314
0.980392
0.980392
0.984314
0.964706
0.960784
0.956863
0.933333
0.929412
0.925490
0.921569
0.925490
0.941176
0.980392
0.976471
0.980392
0.980392
0.980392
0.984314
0.976471
0.980392
0.976471
0.964706
0.960784
0.960784
0.964706
0.960784
0.956863
0.960784
0.509804
0.419608
0.901961
0.964706
0.952941
0.952941
0.956863
0.937255
0.917647
0.913725
0.913725
0.917647
0.909804
0.909804
0.894118
0.898039
0.980392
0.984314
0.984314
0.980392
0.984314
0.984314
0.984314
0.984314
0.992157
0.976471
0.968627
0.952941
0.956863
0.952941
0.952941
0.949020
0.631373
0.556863
0.952941
0.952941
0.929412
0.937255
0.929412
0.905882
0.890196
0.901961
0.913725
0.933333
0.921569
0.925490
0.913725
0.898039
0.980392
0.980392
0.984314
0.976471
0.972549
0.960784
0.968627
0.968627
0.960784
0.968627
0.964706
0.964706
0.956863
0.933333
0.929412
0.898039
0.611765
0.552941
0.925490
0.933333
0.929412
0.898039
0.901961
0.909804
0.913725
0.909804
0.913725
0.898039
0.835294
0.768627
0.788235
0.815686
0.972549
0.968627
0.968627
0.964706
0.956863
0.949020
0.956863
0.964706
0.956863
0.949020
0.882353
0.819608
0.780392
0.800000
0.901961
0.737255
0.372549
0.572549
0.788235
0.905882
0.788235
0.670588
0.623529
0.682353
0.792157
0.705882
0.552941
0.490196
0.415686
0.364706
0.411765
0.466667
0.984314
0.976471
0.976471
0.968627
0.968627
0.960784
0.858824
0.654902
0.572549
0.596078
0.541176
0.482353
0.478431
0.450980
0.552941
0.466667
0.329412
0.498039
0.501961
0.501961
0.400000
0.372549
0.341176
0.333333
0.407843
0.400000
0.321569
0.266667
0.207843
0.211765
0.301961
0.301961
0.854902
0.847059
0.803922
0.835294
0.772549
0.733333
0.635294
0.505882
0.509804
0.482353
0.462745
0.450980
0.439216
0.403922
0.380392
0.431373
0.290196
0.360784
0.325490
0.360784
0.407843
0.403922
0.364706
0.349020
0.458824
0.478431
0.278431
0.192157
0.176471
0.176471
0.239216
0.309804
0.498039
0.482353
0.486275
0.560784
0.533333
0.486275
0.501961
0.525490
0.517647
0.482353
0.466667
0.454902
0.462745
0.470588
0.447059
0.439216
0.294118
0.301961
0.298039
0.286275
0.411765
0.356863
0.388235
0.580392
0.498039
0.392157
0.243137
0.176471
0.184314
0.168627
0.164706
0.235294
0.486275
0.486275
0.478431
0.513725
0.501961
0.513725
0.486275
0.435294
0.415686
0.439216
0.439216
0.372549
0.341176
0.403922
0.427451
0.376471
0.211765
0.207843
0.298039
0.235294
0.254902
0.411765
0.643137
0.607843
0.403922
0.400000
0.282353
0.200000
0.176471
0.282353
0.294118
0.180392
0.529412
0.533333
0.521569
0.501961
0.486275
0.470588
0.470588
0.462745
0.435294
0.400000
0.415686
0.337255
0.290196
0.345098
0.400000
0.309804
0.184314
0.188235
0.215686
0.266667
0.337255
0.580392
0.576471
0.392157
0.352941
0.349020
0.309804
0.227451
0.207843
0.337255
0.278431
0.176471
0.533333
0.498039
0.454902
0.458824
0.549020
0.549020
0.478431
0.423529
0.439216
0.360784
0.376471
0.352941
0.474510
0.509804
0.431373
0.227451
0.270588
0.321569
0.239216
0.298039
0.415686
0.482353
0.403922
0.368627
0.360784
0.356863
0.349020
0.368627
0.364706
0.321569
0.243137
0.172549
0.439216
0.400000
0.392157
0.407843
0.478431
0.450980
0.427451
0.392157
0.396078
0.427451
0.552941
0.713725
0.658824
0.552941
0.623529
0.427451
0.427451
0.490196
0.298039
0.376471
0.352941
0.380392
0.356863
0.298039
0.294118
0.262745
0.286275
0.352941
0.317647
0.270588
0.254902
0.207843
0.333333
0.278431
0.345098
0.368627
0.356863
0.341176
0.352941
0.364706
0.435294
0.623529
0.788235
0.674510
0.486275
0.486275
0.705882
0.737255
0.415686
0.427451
0.266667
0.345098
0.368627
0.388235
0.286275
0.219608
0.219608
0.188235
0.192157
0.258824
0.250980
0.247059
0.290196
0.258824
0.341176
0.341176
0.368627
0.368627
0.380392
0.368627
0.360784
0.466667
0.572549
0.647059
0.650980
0.431373
0.403922
0.494118
0.686275
0.705882
0.376471
0.227451
0.274510
0.329412
0.372549
0.380392
0.243137
0.250980
0.270588
0.227451
0.137255
0.231373
0.227451
0.215686
0.243137
0.231373
0.333333
0.345098
0.356863
0.356863
0.356863
0.349020
0.435294
0.619608
0.501961
0.509804
0.466667
0.380392
0.372549
0.435294
0.615686
0.627451
0.337255
0.207843
0.333333
0.345098
0.376471
0.345098
0.231373
0.247059
0.227451
0.215686
0.203922
0.227451
0.207843
0.196078
0.207843
0.211765
0.290196
0.294118
0.294118
0.286275
0.278431
0.337255
0.572549
0.643137
0.392157
0.380392
0.396078
0.368627
0.333333
0.364706
0.474510
0.470588
0.278431
0.211765
0.298039
0.341176
0.360784
0.333333
0.254902
0.254902
0.223529
0.223529
0.239216
0.239216
0.235294
0.227451
0.223529
0.223529
0.282353
0.274510
0.274510
0.278431
0.278431
0.349020
0.662745
0.576471
0.384314
0.325490
0.372549
0.356863
0.286275
0.294118
0.349020
0.341176
0.243137
0.156863
0.247059
0.356863
0.356863
0.309804
0.266667
0.250980
0.235294
0.247059
0.243137
0.243137
0.243137
0.235294
0.231373
0.231373
0.278431
0.270588
0.274510
0.266667
0.258824
0.372549
0.647059
0.505882
0.435294
0.309804
0.364706
0.341176
0.223529
0.180392
0.282353
0.301961
0.258824
0.188235
0.227451
0.325490
0.329412
0.270588
0.262745
0.239216
0.215686
0.227451
0.219608
0.215686
0.215686
0.215686
0.211765
0.215686
0.262745
0.254902
0.258824
0.254902
0.250980
0.333333
0.509804
0.490196
0.450980
0.270588
0.333333
0.329412
0.188235
0.101961
0.215686
0.250980
0.215686
0.164706
0.180392
0.298039
0.282353
0.215686
0.239216
0.215686
0.200000
0.211765
0.211765
0.203922
0.207843
0.215686
0.215686
0.219608
0.239216
0.231373
0.231373
0.227451
0.227451
0.286275
0.403922
0.419608
0.411765
0.235294
0.329412
0.305882
0.196078
0.129412
0.231373
0.239216
0.200000
0.156863
0.211765
0.321569
0.262745
0.215686
0.215686
0.180392
0.180392
0.192157
0.203922
0.192157
0.192157
0.196078
0.203922
0.200000
0.207843
0.211765
0.215686
0.223529
0.223529
0.274510
0.364706
0.360784
0.360784
0.239216
0.345098
0.286275
0.211765
0.188235
0.227451
0.239216
0.215686
0.192157
0.227451
0.329412
0.305882
0.239216
0.203922
0.168627
0.180392
0.200000
0.192157
0.180392
0.176471
0.184314
0.184314
0.180392
0.211765
0.215686
0.211765
0.211765
0.223529
0.239216
0.250980
0.274510
0.239216
0.211765
0.305882
0.270588
0.231373
0.172549
0.180392
0.207843
0.176471
0.152941
0.184314
0.278431
0.325490
0.247059
0.184314
0.152941
0.176471
0.196078
0.188235
0.184314
0.176471
0.176471
0.172549
0.168627
0.215686
0.215686
0.211765
0.207843
0.215686
0.227451
0.223529
0.223529
0.203922
0.219608
0.282353
0.270588
0.235294
0.152941
0.149020
0.172549
0.164706
0.152941
0.176471
0.235294
0.301961
0.235294
0.172549
0.145098
0.160784
0.180392
0.180392
0.180392
0.176471
0.180392
0.172549
0.164706
0.192157
0.196078
0.196078
0.200000
0.196078
0.192157
0.192157
0.196078
0.200000
0.211765
0.254902
0.266667
0.231373
0.152941
0.133333
0.176471
0.176471
0.168627
0.172549
0.200000
0.278431
0.207843
0.172549
0.145098
0.149020
0.172549
0.180392
0.176471
0.176471
0.168627
0.164706
0.164706
0.188235
0.188235
0.188235
0.192157
0.192157
0.188235
0.188235
0.196078
0.192157
0.196078
0.239216
0.266667
0.227451
0.164706
0.152941
0.188235
0.180392
0.168627
0.180392
0.219608
0.282353
0.176471
0.164706
0.141176
0.149020
0.172549
0.176471
0.172549
0.172549
0.164706
0.164706
0.164706
0.192157
0.184314
0.180392
0.184314
0.188235
0.188235
0.188235
0.192157
0.172549
0.180392
0.250980
0.313725
0.247059
0.172549
0.168627
0.192157
0.176471
0.164706
0.188235
0.282353
0.235294
0.184314
0.156863
0.149020
0.152941
0.164706
0.160784
0.156863
0.156863
0.160784
0.156863
0.152941
0.184314
0.180392
0.180392
0.188235
0.188235
0.188235
0.192157
0.192157
0.168627
0.176471
0.227451
0.301961
0.227451
0.172549
0.180392
0.192157
0.168627
0.156863
0.125490
0.200000
0.188235
0.176471
0.160784
0.145098
0.141176
0.160784
0.152941
0.149020
0.145098
0.137255
0.149020
0.149020
0.184314
0.188235
0.188235
0.188235
0.192157
0.200000
0.188235
0.180392
0.164706
0.176471
0.219608
0.274510
0.227451
0.176471
0.180392
0.184314
0.168627
0.160784
0.125490
0.172549
0.223529
0.223529
0.180392
0.145098
0.156863
0.168627
0.152941
0.156863
0.160784
0.149020
0.149020
0.141176
0.176471
0.184314
0.184314
0.180392
0.184314
0.188235
0.180392
0.172549
0.172549
0.172549
0.164706
0.207843
0.172549
0.125490
0.152941
0.164706
0.149020
0.137255
0.152941
0.184314
0.172549
0.180392
0.160784
0.156863
0.164706
0.172549
0.156863
0.149020
0.152941
0.149020
0.145098
0.137255
0.192157
0.207843
0.196078
0.184314
0.176471
0.164706
0.168627
0.172549
0.164706
0.152941
0.105882
0.137255
0.125490
0.094118
0.117647
0.125490
0.101961
0.094118
0.121569
0.137255
0.141176
0.125490
0.113725
0.098039
0.101961
0.113725
0.109804
0.109804
0.117647
0.125490
0.141176
0.141176
0.176471
0.188235
0.192157
0.184314
0.172549
0.164706
0.172549
0.176471
0.145098
0.133333
0.101961
0.133333
0.141176
0.117647
0.137255
0.137255
0.117647
0.109804
0.125490
0.141176
0.137255
0.137255
0.113725
0.101961
0.094118
0.101961
0.101961
0.101961
0.105882
0.101961
0.101961
0.101961
