0.945098
0.964706
0.972549
0.956863
0.952941
0.952941
0.968627
0.980392
0.956863
0.917647
0.807843
0.603922
0.768627
0.705882
0.643137
0.811765
0.905882
0.823529
0.741176
0.815686
0.886275
0.784314
0.870588
0.894118
0.819608
0.823529
0.725490
0.623529
0.560784
0.592157
0.556863
0.501961
0.925490
0.952941
0.956863
0.952941
0.905882
0.905882
0.937255
0.929412
0.850980
0.803922
0.760784
0.537255
0.686275
0.705882
0.807843
0.835294
0.929412
0.913725
0.780392
0.811765
0.886275
0.823529
0.839216
0.898039
0.862745
0.878431
0.796078
0.666667
0.572549
0.521569
0.525490
0.541176
0.952941
0.949020
0.945098
0.913725
0.882353
0.933333
0.909804
0.847059
0.823529
0.815686
0.807843
0.686275
0.674510
0.815686
0.921569
0.831373
0.929412
0.909804
0.815686
0.788235
0.803922
0.854902
0.866667
0.866667
0.831373
0.886275
0.815686
0.721569
0.666667
0.525490
0.517647
0.517647
0.952941
0.949020
0.925490
0.886275
0.862745
0.925490
0.874510
0.800000
0.803922
0.764706
0.572549
0.509804
0.501961
0.572549
0.666667
0.717647
0.811765
0.843137
0.827451
0.803922
0.780392
0.862745
0.878431
0.882353
0.823529
0.913725
0.835294
0.682353
0.733333
0.568627
0.443137
0.482353
0.866667
0.772549
0.654902
0.713725
0.835294
0.878431
0.800000
0.556863
0.458824
0.462745
0.227451
0.149020
0.309804
0.282353
0.290196
0.380392
0.458824
0.521569
0.588235
0.603922
0.650980
0.831373
0.811765
0.850980
0.823529
0.827451
0.713725
0.631373
0.749020
0.623529
0.403922
0.458824
0.670588
0.521569
0.450980
0.509804
0.811765
0.882353
0.756863
0.274510
0.129412
0.325490
0.690196
0.419608
0.541176
0.431373
0.301961
0.372549
0.462745
0.470588
0.490196
0.435294
0.447059
0.745098
0.788235
0.803922
0.705882
0.733333
0.737255
0.690196
0.729412
0.639216
0.384314
0.419608
0.513725
0.407843
0.431373
0.537255
0.784314
0.921569
0.792157
0.250980
0.105882
0.376471
0.956863
0.607843
0.749020
0.564706
0.282353
0.337255
0.576471
0.768627
0.862745
0.749020
0.592157
0.721569
0.752941
0.803922
0.776471
0.847059
0.858824
0.756863
0.705882
0.643137
0.376471
0.364706
0.690196
0.658824
0.647059
0.686275
0.788235
0.917647
0.831373
0.247059
0.094118
0.176471
0.341176
0.329412
0.505882
0.411765
0.309804
0.368627
0.564706
0.835294
0.945098
0.764706
0.666667
0.831373
0.839216
0.866667
0.843137
0.898039
0.835294
0.796078
0.709804
0.639216
0.384314
0.345098
0.980392
0.972549
0.913725
0.827451
0.815686
0.866667
0.866667
0.286275
0.086275
0.082353
0.054902
0.156863
0.305882
0.254902
0.313725
0.400000
0.517647
0.874510
0.925490
0.701961
0.454902
0.694118
0.827451
0.862745
0.701961
0.827451
0.815686
0.780392
0.752941
0.705882
0.419608
0.356863
0.992157
0.988235
0.992157
0.976471
0.925490
0.784314
0.811765
0.341176
0.121569
0.078431
0.066667
0.137255
0.247059
0.172549
0.278431
0.329412
0.321569
0.533333
0.560784
0.560784
0.478431
0.674510
0.890196
0.917647
0.780392
0.807843
0.823529
0.870588
0.847059
0.772549
0.490196
0.368627
0.996078
0.984314
0.980392
0.984314
0.988235
0.898039
0.701961
0.298039
0.086275
0.082353
0.074510
0.149020
0.247059
0.125490
0.184314
0.317647
0.207843
0.196078
0.219608
0.250980
0.309804
0.400000
0.858824
0.898039
0.847059
0.913725
0.937255
0.956863
0.917647
0.858824
0.603922
0.482353
1.000000
0.984314
0.988235
0.988235
1.000000
0.945098
0.588235
0.254902
0.066667
0.074510
0.070588
0.156863
0.305882
0.207843
0.211765
0.309804
0.192157
0.156863
0.172549
0.168627
0.156863
0.196078
0.701961
0.827451
0.862745
0.984314
0.984314
0.980392
0.968627
0.878431
0.780392
0.666667
1.000000
0.984314
0.988235
0.968627
0.980392
0.956863
0.588235
0.262745
0.129412
0.125490
0.149020
0.184314
0.274510
0.301961
0.298039
0.282353
0.176471
0.133333
0.152941
0.156863
0.184314
0.184314
0.588235
0.741176
0.847059
0.945098
0.949020
0.972549
0.988235
0.858824
0.850980
0.643137
1.000000
0.980392
0.984314
0.949020
0.968627
1.000000
0.623529
0.207843
0.270588
0.282353
0.278431
0.282353
0.223529
0.270588
0.341176
0.305882
0.180392
0.141176
0.164706
0.176471
0.176471
0.133333
0.486275
0.698039
0.666667
0.870588
0.945098
0.972549
0.894118
0.803922
0.858824
0.662745
1.000000
0.976471
0.980392
0.917647
0.882353
0.905882
0.564706
0.176471
0.298039
0.266667
0.211765
0.301961
0.270588
0.192157
0.305882
0.239216
0.141176
0.149020
0.200000
0.156863
0.211765
0.211765
0.380392
0.521569
0.533333
0.843137
0.945098
0.968627
0.745098
0.768627
0.835294
0.796078
1.000000
0.976471
0.972549
0.866667
0.713725
0.831373
0.529412
0.137255
0.247059
0.223529
0.192157
0.207843
0.145098
0.192157
0.247059
0.211765
0.172549
0.215686
0.290196
0.215686
0.556863
0.474510
0.309804
0.317647
0.458824
0.831373
0.941176
0.956863
0.898039
0.921569
0.705882
0.698039
1.000000
0.972549
0.956863
0.721569
0.529412
0.803922
0.580392
0.141176
0.196078
0.200000
0.168627
0.141176
0.094118
0.192157
0.192157
0.200000
0.180392
0.227451
0.239216
0.388235
0.811765
0.384314
0.203922
0.192157
0.341176
0.827451
0.945098
0.964706
0.913725
0.968627
0.662745
0.509804
1.000000
0.968627
0.929412
0.580392
0.407843
0.737255
0.670588
0.227451
0.192157
0.180392
0.137255
0.121569
0.105882
0.176471
0.176471
0.192157
0.215686
0.325490
0.309804
0.349020
0.537255
0.184314
0.145098
0.145098
0.270588
0.596078
0.674510
0.717647
0.694118
0.898039
0.623529
0.474510
1.000000
0.960784
0.882353
0.498039
0.376471
0.682353
0.701961
0.396078
0.380392
0.207843
0.149020
0.125490
0.098039
0.156863
0.137255
0.188235
0.349020
0.462745
0.509804
0.482353
0.431373
0.176471
0.149020
0.149020
0.235294
0.474510
0.521569
0.533333
0.545098
0.729412
0.611765
0.576471
1.000000
0.968627
0.866667
0.498039
0.380392
0.600000
0.745098
0.376471
0.345098
0.305882
0.133333
0.133333
0.117647
0.243137
0.270588
0.337255
0.458824
0.352941
0.384314
0.478431
0.600000
0.274510
0.243137
0.219608
0.180392
0.501961
0.698039
0.423529
0.458824
0.564706
0.580392
0.529412
0.909804
0.890196
0.898039
0.780392
0.658824
0.670588
0.788235
0.325490
0.258824
0.478431
0.239216
0.176471
0.156863
0.278431
0.454902
0.576471
0.443137
0.364706
0.196078
0.556863
0.819608
0.490196
0.380392
0.270588
0.168627
0.450980
0.564706
0.098039
0.227451
0.580392
0.572549
0.450980
0.490196
0.482353
0.764706
0.854902
0.882353
0.843137
0.792157
0.603922
0.431373
0.474510
0.419608
0.196078
0.090196
0.070588
0.145098
0.466667
0.541176
0.439216
0.309804
0.529412
0.941176
0.537255
0.223529
0.176471
0.176471
0.243137
0.321569
0.109804
0.196078
0.376471
0.603922
0.662745
0.478431
0.470588
0.709804
0.811765
0.862745
0.839216
0.749020
0.768627
0.545098
0.360784
0.352941
0.098039
0.039216
0.141176
0.176471
0.141176
0.403922
0.494118
0.419608
0.423529
0.741176
0.345098
0.149020
0.168627
0.188235
0.176471
0.254902
0.164706
0.305882
0.305882
0.611765
0.807843
0.545098
0.545098
0.650980
0.796078
0.839216
0.670588
0.552941
0.745098
0.580392
0.321569
0.200000
0.050980
0.082353
0.509804
0.505882
0.215686
0.203922
0.454902
0.450980
0.372549
0.247059
0.180392
0.211765
0.219608
0.160784
0.105882
0.192157
0.188235
0.403922
0.388235
0.576471
0.682353
0.458824
0.478431
0.529412
0.466667
0.466667
0.286275
0.278431
0.713725
0.717647
0.313725
0.137255
0.090196
0.239216
0.384314
0.298039
0.349020
0.239216
0.231373
0.329412
0.243137
0.168627
0.290196
0.356863
0.380392
0.239216
0.192157
0.227451
0.211765
0.474510
0.462745
0.478431
0.501961
0.427451
0.415686
0.447059
0.188235
0.101961
0.090196
0.223529
0.713725
0.839216
0.396078
0.156863
0.137255
0.364706
0.274510
0.188235
0.223529
0.301961
0.160784
0.133333
0.156863
0.200000
0.333333
0.580392
0.611765
0.325490
0.294118
0.250980
0.192157
0.458824
0.439216
0.411765
0.525490
0.439216
0.372549
0.380392
0.305882
0.098039
0.101961
0.188235
0.635294
0.803922
0.439216
0.172549
0.172549
0.435294
0.396078
0.235294
0.152941
0.270588
0.262745
0.125490
0.164706
0.207843
0.270588
0.521569
0.474510
0.286275
0.227451
0.160784
0.200000
0.407843
0.301961
0.384314
0.556863
0.443137
0.384314
0.403922
0.396078
0.137255
0.105882
0.121569
0.325490
0.423529
0.301961
0.168627
0.176471
0.368627
0.392157
0.290196
0.168627
0.235294
0.360784
0.235294
0.203922
0.203922
0.278431
0.301961
0.266667
0.207843
0.137255
0.156863
0.250980
0.286275
0.262745
0.435294
0.517647
0.447059
0.419608
0.439216
0.396078
0.129412
0.090196
0.078431
0.172549
0.192157
0.239216
0.207843
0.180392
0.298039
0.400000
0.266667
0.192157
0.215686
0.360784
0.341176
0.262745
0.274510
0.227451
0.192157
0.223529
0.235294
0.192157
0.211765
0.227451
0.207843
0.294118
0.470588
0.513725
0.427451
0.400000
0.403922
0.364706
0.105882
0.098039
0.078431
0.176471
0.254902
0.301961
0.309804
0.239216
0.294118
0.376471
0.250980
0.192157
0.219608
0.321569
0.368627
0.266667
0.258824
0.223529
0.227451
0.258824
0.325490
0.388235
0.368627
0.301961
0.294118
0.380392
0.454902
0.478431
0.329412
0.364706
0.388235
0.360784
0.105882
0.078431
0.054902
0.176471
0.282353
0.411765
0.529412
0.439216
0.388235
0.407843
0.321569
0.164706
0.231373
0.294118
0.360784
0.250980
0.243137
0.301961
0.407843
0.482353
0.462745
0.462745
0.482353
0.501961
0.517647
0.580392
0.572549
0.552941
0.352941
0.349020
0.423529
0.435294
0.231373
0.176471
0.145098
0.247059
0.403922
0.549020
0.619608
0.454902
0.352941
0.282353
0.211765
0.172549
0.231373
0.270588
0.352941
0.301961
0.313725
0.376471
0.482353
0.619608
0.545098
0.513725
0.596078
0.694118
0.764706
0.819608
0.831373
0.760784
0.949020
0.964706
0.968627
0.956863
0.956863
0.952941
0.968627
0.976471
0.956863
0.921569
0.811765
0.603922
0.764706
0.701961
0.639216
0.807843
0.921569
0.854902
0.772549
0.843137
0.898039
0.788235
0.874510
0.901961
0.827451
0.831373
0.741176
0.647059
0.576471
0.580392
0.537255
0.482353
0.929412
0.952941
0.956863
0.956863
0.909804
0.905882
0.937255
0.929412
0.854902
0.807843
0.768627
0.549020
0.686275
0.705882
0.807843
0.839216
0.945098
0.941176
0.811765
0.839216
0.894118
0.823529
0.843137
0.898039
0.866667
0.882353
0.803922
0.686275
0.588235
0.505882
0.505882
0.521569
0.956863
0.949020
0.949020
0.917647
0.882353
0.933333
0.905882
0.847059
0.839216
0.831373
0.827451
0.701961
0.682353
0.823529
0.929412
0.839216
0.945098
0.937255
0.847059
0.815686
0.815686
0.854902
0.866667
0.866667
0.831373
0.886275
0.827451
0.737255
0.678431
0.513725
0.498039
0.498039
0.956863
0.949020
0.921569
0.890196
0.862745
0.925490
0.870588
0.807843
0.827451
0.792157
0.603922
0.537255
0.517647
0.588235
0.682353
0.733333
0.831373
0.870588
0.862745
0.835294
0.796078
0.866667
0.882353
0.890196
0.827451
0.917647
0.843137
0.698039
0.749020
0.552941
0.423529
0.458824
0.878431
0.784314
0.670588
0.721569
0.835294
0.882353
0.807843
0.568627
0.478431
0.482353
0.250980
0.176471
0.329412
0.305882
0.313725
0.400000
0.474510
0.541176
0.615686
0.631373
0.662745
0.835294
0.819608
0.854902
0.819608
0.827451
0.729412
0.647059
0.752941
0.611765
0.388235
0.443137
0.705882
0.552941
0.486275
0.521569
0.815686
0.901961
0.788235
0.298039
0.129412
0.329412
0.694118
0.427451
0.560784
0.454902
0.329412
0.400000
0.478431
0.482353
0.501961
0.450980
0.450980
0.741176
0.788235
0.800000
0.701961
0.737255
0.752941
0.705882
0.729412
0.635294
0.380392
0.415686
0.533333
0.407843
0.415686
0.509804
0.772549
0.945098
0.839216
0.282353
0.105882
0.376471
0.952941
0.611765
0.768627
0.592157
0.313725
0.364706
0.588235
0.776471
0.870588
0.756863
0.592157
0.713725
0.749020
0.796078
0.788235
0.843137
0.788235
0.717647
0.737255
0.643137
0.372549
0.364706
0.694118
0.627451
0.588235
0.631373
0.768627
0.933333
0.874510
0.278431
0.098039
0.176471
0.341176
0.333333
0.525490
0.435294
0.333333
0.392157
0.576471
0.839216
0.949020
0.768627
0.662745
0.823529
0.831373
0.854902
0.850980
0.835294
0.615686
0.639216
0.713725
0.639216
0.376471
0.341176
0.980392
0.949020
0.866667
0.788235
0.800000
0.866667
0.878431
0.298039
0.086275
0.082353
0.050980
0.156863
0.321569
0.274510
0.337255
0.423529
0.521569
0.878431
0.925490
0.705882
0.447059
0.678431
0.811765
0.850980
0.686275
0.721569
0.556863
0.584314
0.717647
0.701961
0.411765
0.349020
0.988235
0.984314
0.984314
0.976471
0.929412
0.776471
0.780392
0.317647
0.121569
0.078431
0.066667
0.141176
0.266667
0.192157
0.298039
0.349020
0.325490
0.533333
0.560784
0.560784
0.466667
0.658824
0.874510
0.905882
0.780392
0.776471
0.717647
0.796078
0.850980
0.768627
0.482353
0.360784
0.996078
0.984314
0.988235
0.984314
0.980392
0.878431
0.674510
0.282353
0.086275
0.082353
0.074510
0.149020
0.254902
0.137255
0.196078
0.329412
0.211765
0.196078
0.219608
0.250980
0.305882
0.392157
0.850980
0.890196
0.854902
0.929412
0.937255
0.968627
0.941176
0.854902
0.592157
0.474510
1.000000
0.984314
0.988235
0.984314
0.980392
0.921569
0.592157
0.270588
0.066667
0.074510
0.070588
0.160784
0.317647
0.223529
0.227451
0.325490
0.196078
0.156863
0.172549
0.168627
0.156863
0.200000
0.701961
0.827451
0.858824
0.980392
0.984314
0.984314
0.968627
0.866667
0.768627
0.658824
1.000000
0.984314
0.988235
0.976471
0.972549
0.941176
0.607843
0.294118
0.129412
0.125490
0.149020
0.192157
0.309804
0.341176
0.337255
0.317647
0.188235
0.133333
0.152941
0.156863
0.184314
0.184314
0.592157
0.741176
0.847059
0.945098
0.949020
0.972549
0.984314
0.850980
0.839216
0.635294
1.000000
0.980392
0.984314
0.968627
0.964706
0.980392
0.643137
0.243137
0.270588
0.282353
0.278431
0.290196
0.270588
0.321569
0.392157
0.352941
0.192157
0.141176
0.164706
0.172549
0.176471
0.133333
0.486275
0.698039
0.674510
0.882353
0.949020
0.964706
0.878431
0.792157
0.850980
0.654902
1.000000
0.976471
0.980392
0.933333
0.854902
0.839216
0.560784
0.211765
0.298039
0.266667
0.211765
0.309804
0.301961
0.227451
0.337255
0.270588
0.149020
0.149020
0.200000
0.156863
0.211765
0.211765
0.380392
0.521569
0.545098
0.870588
0.952941
0.956863
0.721569
0.752941
0.823529
0.788235
0.996078
0.976471
0.976471
0.870588
0.650980
0.721569
0.494118
0.156863
0.247059
0.223529
0.188235
0.207843
0.156863
0.200000
0.258824
0.219608
0.172549
0.215686
0.290196
0.211765
0.552941
0.474510
0.313725
0.313725
0.474510
0.862745
0.945098
0.937255
0.870588
0.909804
0.694118
0.686275
0.984314
0.976471
0.968627
0.721569
0.462745
0.674510
0.521569
0.141176
0.192157
0.196078
0.164706
0.137255
0.094118
0.192157
0.192157
0.200000
0.180392
0.219608
0.223529
0.376471
0.803922
0.384314
0.207843
0.188235
0.349020
0.850980
0.949020
0.941176
0.882353
0.972549
0.650980
0.501961
0.984314
0.980392
0.945098
0.588235
0.364706
0.627451
0.603922
0.215686
0.192157
0.176471
0.137255
0.121569
0.105882
0.176471
0.176471
0.188235
0.184314
0.290196
0.286275
0.337255
0.533333
0.184314
0.149020
0.145098
0.286275
0.631373
0.690196
0.705882
0.682353
0.909804
0.615686
0.466667
0.992157
0.992157
0.890196
0.490196
0.337255
0.580392
0.627451
0.376471
0.388235
0.215686
0.152941
0.133333
0.098039
0.156863
0.137255
0.180392
0.286275
0.403922
0.490196
0.478431
0.431373
0.176471
0.152941
0.149020
0.258824
0.533333
0.560784
0.549020
0.552941
0.741176
0.603922
0.568627
0.996078
0.996078
0.839216
0.396078
0.247059
0.443137
0.627451
0.333333
0.360784
0.321569
0.152941
0.145098
0.117647
0.239216
0.274510
0.329412
0.392157
0.313725
0.392157
0.482353
0.596078
0.278431
0.250980
0.219608
0.196078
0.545098
0.733333
0.447059
0.478431
0.580392
0.572549
0.521569
0.866667
0.890196
0.811765
0.533333
0.372549
0.427451
0.615686
0.262745
0.290196
0.505882
0.274510
0.200000
0.160784
0.278431
0.454902
0.572549
0.407843
0.372549
0.239216
0.560784
0.811765
0.498039
0.388235
0.274510
0.168627
0.454902
0.572549
0.109804
0.243137
0.596078
0.564706
0.443137
0.447059
0.470588
0.615686
0.545098
0.521569
0.521569
0.576471
0.490196
0.454902
0.537255
0.443137
0.227451
0.094118
0.070588
0.145098
0.466667
0.549020
0.490196
0.372549
0.545098
0.933333
0.537255
0.231373
0.180392
0.168627
0.231373
0.313725
0.109804
0.200000
0.388235
0.596078
0.650980
0.501961
0.490196
0.513725
0.505882
0.486275
0.466667
0.529412
0.576471
0.509804
0.470588
0.341176
0.125490
0.047059
0.141176
0.176471
0.145098
0.443137
0.545098
0.462745
0.450980
0.749020
0.360784
0.176471
0.188235
0.196078
0.176471
0.254902
0.164706
0.309804
0.309804
0.603922
0.792157
0.596078
0.600000
0.517647
0.447059
0.423529
0.368627
0.380392
0.494118
0.439216
0.380392
0.192157
0.078431
0.090196
0.509804
0.505882
0.219608
0.247059
0.501961
0.482353
0.396078
0.294118
0.227451
0.239216
0.231373
0.160784
0.109804
0.196078
0.192157
0.407843
0.396078
0.576471
0.670588
0.525490
0.560784
0.498039
0.250980
0.239216
0.176471
0.137255
0.384314
0.462745
0.286275
0.133333
0.109804
0.243137
0.384314
0.298039
0.352941
0.270588
0.270588
0.356863
0.258824
0.192157
0.278431
0.290196
0.294118
0.192157
0.196078
0.231373
0.215686
0.478431
0.478431
0.490196
0.498039
0.490196
0.509804
0.498039
0.196078
0.129412
0.125490
0.109804
0.356863
0.525490
0.313725
0.168627
0.129412
0.364706
0.274510
0.188235
0.227451
0.329412
0.188235
0.152941
0.164706
0.176471
0.239216
0.423529
0.458824
0.250980
0.298039
0.254902
0.196078
0.466667
0.462745
0.431373
0.533333
0.478431
0.458824
0.478431
0.368627
0.133333
0.117647
0.105882
0.341176
0.494118
0.341176
0.200000
0.145098
0.431373
0.396078
0.235294
0.156863
0.290196
0.286275
0.137255
0.164706
0.188235
0.192157
0.392157
0.384314
0.262745
0.231373
0.164706
0.203922
0.415686
0.333333
0.407843
0.572549
0.482353
0.447059
0.482353
0.439216
0.129412
0.086275
0.086275
0.211765
0.282353
0.258824
0.184314
0.152941
0.364706
0.392157
0.290196
0.172549
0.243137
0.368627
0.239216
0.203922
0.207843
0.258824
0.262745
0.258824
0.223529
0.149020
0.168627
0.262745
0.301961
0.286275
0.454902
0.529412
0.494118
0.466667
0.486275
0.447059
0.149020
0.082353
0.074510
0.196078
0.215686
0.250980
0.207843
0.172549
0.301961
0.403922
0.270588
0.196078
0.219608
0.360784
0.341176
0.270588
0.282353
0.235294
0.200000
0.235294
0.243137
0.211765
0.231373
0.247059
0.223529
0.301961
0.478431
0.517647
0.474510
0.447059
0.450980
0.415686
0.125490
0.086275
0.074510
0.192157
0.266667
0.309804
0.298039
0.223529
0.298039
0.384314
0.254902
0.196078
0.223529
0.321569
0.368627
0.270588
0.266667
0.231373
0.235294
0.266667
0.333333
0.396078
0.376471
0.309804
0.301961
0.380392
0.454902
0.482353
0.376471
0.411765
0.435294
0.411765
0.125490
0.066667
0.054902
0.188235
0.286275
0.403922
0.505882
0.415686
0.388235
0.415686
0.325490
0.168627
0.231373
0.290196
0.360784
0.254902
0.250980
0.309804
0.415686
0.490196
0.470588
0.466667
0.486275
0.505882
0.517647
0.576471
0.568627
0.549020
0.403922
0.396078
0.470588
0.482353
0.250980
0.164706
0.141176
0.254902
0.396078
0.533333
0.588235
0.423529
0.352941
0.286275
0.215686
0.176471
0.231373
0.270588
0.352941
0.305882
0.325490
0.384314
0.490196
0.627451
0.549020
0.509804
0.592157
0.690196
0.760784
0.803922
0.811765
0.741176
0.925490
0.956863
0.972549
0.949020
0.941176
0.952941
0.980392
0.988235
0.956863
0.905882
0.788235
0.572549
0.725490
0.658824
0.596078
0.764706
0.874510
0.776471
0.686275
0.788235
0.866667
0.756863
0.843137
0.870588
0.796078
0.788235
0.662745
0.525490
0.443137
0.478431
0.454902
0.411765
0.905882
0.945098
0.960784
0.945098
0.898039
0.905882
0.949020
0.945098
0.866667
0.803922
0.752941
0.517647
0.654902
0.674510
0.776471
0.807843
0.913725
0.874510
0.721569
0.772549
0.870588
0.819608
0.835294
0.894118
0.854902
0.850980
0.737255
0.576471
0.458824
0.407843
0.423529
0.450980
0.929412
0.941176
0.949020
0.909804
0.870588
0.933333
0.917647
0.866667
0.854902
0.835294
0.815686
0.682353
0.658824
0.800000
0.905882
0.819608
0.925490
0.878431
0.756863
0.737255
0.784314
0.850980
0.862745
0.858824
0.823529
0.866667
0.768627
0.639216
0.560784
0.415686
0.415686
0.427451
0.929412
0.937255
0.921569
0.878431
0.850980
0.925490
0.882353
0.827451
0.847059
0.803922
0.596078
0.521569
0.501961
0.572549
0.666667
0.721569
0.823529
0.819608
0.768627
0.741176
0.745098
0.839216
0.854902
0.858824
0.807843
0.905882
0.796078
0.607843
0.635294
0.454902
0.341176
0.392157
0.850980
0.776471
0.678431
0.721569
0.827451
0.874510
0.807843
0.580392
0.494118
0.494118
0.250980
0.164706
0.305882
0.278431
0.282353
0.372549
0.458824
0.490196
0.525490
0.541176
0.592157
0.776471
0.760784
0.796078
0.788235
0.815686
0.678431
0.564706
0.658824
0.521569
0.305882
0.372549
0.678431
0.545098
0.490196
0.533333
0.803922
0.866667
0.760784
0.294118
0.133333
0.329412
0.694118
0.415686
0.517647
0.400000
0.262745
0.325490
0.415686
0.419608
0.431373
0.380392
0.380392
0.670588
0.717647
0.725490
0.654902
0.701961
0.678431
0.627451
0.662745
0.552941
0.298039
0.333333
0.533333
0.407843
0.415686
0.490196
0.721569
0.882353
0.803922
0.278431
0.105882
0.372549
0.956863
0.603922
0.729412
0.537255
0.243137
0.286275
0.529412
0.725490
0.815686
0.705882
0.533333
0.650980
0.686275
0.737255
0.737255
0.792157
0.725490
0.643137
0.654902
0.564706
0.294118
0.282353
0.709804
0.631373
0.580392
0.588235
0.690196
0.858824
0.847059
0.282353
0.098039
0.176471
0.341176
0.325490
0.494118
0.392157
0.278431
0.329412
0.533333
0.807843
0.917647
0.737255
0.623529
0.780392
0.792157
0.815686
0.811765
0.800000
0.596078
0.596078
0.635294
0.572549
0.309804
0.270588
0.988235
0.952941
0.866667
0.756863
0.733333
0.803922
0.858824
0.305882
0.086275
0.082353
0.054902
0.152941
0.301961
0.243137
0.290196
0.368627
0.498039
0.866667
0.913725
0.694118
0.431373
0.662745
0.796078
0.831373
0.670588
0.721569
0.568627
0.568627
0.670588
0.647059
0.356863
0.294118
0.984314
0.988235
0.996078
0.976471
0.905882
0.741176
0.772549
0.329412
0.121569
0.074510
0.066667
0.137255
0.250980
0.168627
0.258824
0.305882
0.317647
0.541176
0.564706
0.564706
0.466667
0.654902
0.874510
0.901961
0.780392
0.780392
0.709804
0.776471
0.815686
0.717647
0.431373
0.313725
0.988235
0.988235
0.996078
0.988235
0.988235
0.882353
0.674510
0.282353
0.086275
0.082353
0.074510
0.149020
0.243137
0.121569
0.172549
0.301961
0.207843
0.200000
0.223529
0.254902
0.309804
0.392157
0.854902
0.890196
0.854902
0.925490
0.921569
0.952941
0.925490
0.823529
0.552941
0.427451
1.000000
0.988235
0.988235
0.988235
0.996078
0.945098
0.600000
0.266667
0.066667
0.074510
0.070588
0.160784
0.317647
0.219608
0.223529
0.321569
0.196078
0.156863
0.172549
0.168627
0.156863
0.200000
0.701961
0.831373
0.854902
0.972549
0.984314
0.988235
0.972549
0.850980
0.737255
0.611765
1.000000
0.984314
0.988235
0.988235
0.992157
0.956863
0.619608
0.298039
0.129412
0.125490
0.149020
0.196078
0.325490
0.352941
0.352941
0.333333
0.188235
0.129412
0.152941
0.156863
0.184314
0.184314
0.592157
0.741176
0.847059
0.949020
0.952941
0.968627
0.976471
0.831373
0.807843
0.584314
1.000000
0.980392
0.984314
0.976471
0.972549
0.972549
0.643137
0.247059
0.270588
0.282353
0.274510
0.294118
0.290196
0.341176
0.415686
0.372549
0.196078
0.141176
0.164706
0.172549
0.176471
0.133333
0.486275
0.698039
0.678431
0.898039
0.952941
0.956863
0.862745
0.772549
0.819608
0.607843
1.000000
0.976471
0.980392
0.937255
0.831373
0.796078
0.525490
0.203922
0.298039
0.266667
0.211765
0.309804
0.309804
0.235294
0.345098
0.278431
0.149020
0.145098
0.200000
0.156863
0.211765
0.211765
0.380392
0.521569
0.556863
0.890196
0.956863
0.941176
0.698039
0.733333
0.792157
0.741176
1.000000
0.976471
0.976471
0.862745
0.607843
0.639216
0.435294
0.141176
0.247059
0.223529
0.192157
0.207843
0.149020
0.196078
0.250980
0.215686
0.176471
0.215686
0.290196
0.215686
0.556863
0.474510
0.309804
0.313725
0.494118
0.894118
0.952941
0.917647
0.839216
0.890196
0.662745
0.639216
1.000000
0.980392
0.968627
0.709804
0.439216
0.596078
0.443137
0.133333
0.196078
0.196078
0.164706
0.141176
0.094118
0.188235
0.188235
0.200000
0.196078
0.231373
0.223529
0.380392
0.819608
0.384314
0.192157
0.192157
0.388235
0.901961
0.968627
0.921569
0.843137
0.949020
0.611765
0.458824
1.000000
0.980392
0.941176
0.568627
0.349020
0.549020
0.517647
0.207843
0.196078
0.176471
0.137255
0.121569
0.105882
0.176471
0.176471
0.188235
0.176471
0.282353
0.282353
0.341176
0.552941
0.184314
0.125490
0.141176
0.313725
0.666667
0.705882
0.698039
0.662745
0.890196
0.572549
0.423529
0.992157
0.976471
0.878431
0.454902
0.309804
0.505882
0.537255
0.356863
0.388235
0.211765
0.152941
0.129412
0.098039
0.156863
0.137255
0.172549
0.239216
0.364706
0.486275
0.482353
0.439216
0.164706
0.121569
0.137255
0.262745
0.521569
0.556863
0.560784
0.564706
0.725490
0.560784
0.529412
0.984314
0.968627
0.831373
0.372549
0.243137
0.396078
0.541176
0.305882
0.356863
0.317647
0.145098
0.141176
0.117647
0.239216
0.274510
0.321569
0.341176
0.278431
0.396078
0.478431
0.592157
0.254902
0.207843
0.200000
0.188235
0.529412
0.733333
0.462745
0.498039
0.564706
0.529412
0.478431
0.850980
0.862745
0.815686
0.541176
0.415686
0.415686
0.541176
0.235294
0.278431
0.494118
0.262745
0.192157
0.160784
0.278431
0.454902
0.564706
0.372549
0.368627
0.262745
0.545098
0.788235
0.466667
0.337255
0.243137
0.168627
0.470588
0.584314
0.121569
0.250980
0.580392
0.525490
0.400000
0.454902
0.458824
0.627451
0.552941
0.564706
0.541176
0.517647
0.462745
0.447059
0.521569
0.443137
0.215686
0.094118
0.070588
0.145098
0.462745
0.545098
0.509804
0.400000
0.529412
0.909804
0.513725
0.188235
0.152941
0.172549
0.250980
0.325490
0.109804
0.192157
0.368627
0.556863
0.607843
0.552941
0.513725
0.541176
0.498039
0.505882
0.505882
0.501961
0.560784
0.513725
0.454902
0.364706
0.117647
0.043137
0.141176
0.176471
0.149020
0.462745
0.572549
0.482353
0.454902
0.745098
0.345098
0.152941
0.172549
0.184314
0.164706
0.239216
0.149020
0.290196
0.282353
0.568627
0.749020
0.666667
0.639216
0.564706
0.482353
0.474510
0.403922
0.349020
0.498039
0.462745
0.372549
0.211765
0.062745
0.086275
0.509804
0.505882
0.223529
0.266667
0.521569
0.494118
0.400000
0.270588
0.196078
0.215686
0.211765
0.145098
0.090196
0.176471
0.172549
0.388235
0.368627
0.545098
0.631373
0.600000
0.603922
0.552941
0.298039
0.266667
0.176471
0.117647
0.407843
0.490196
0.286275
0.137255
0.094118
0.239216
0.384314
0.298039
0.356863
0.286275
0.286275
0.360784
0.254902
0.168627
0.258824
0.290196
0.298039
0.188235
0.176471
0.211765
0.196078
0.458824
0.458824
0.462745
0.466667
0.549020
0.537255
0.545098
0.207843
0.113725
0.105882
0.101961
0.380392
0.541176
0.309804
0.156863
0.121569
0.360784
0.274510
0.188235
0.227451
0.337255
0.196078
0.149020
0.149020
0.156863
0.231373
0.443137
0.474510
0.247059
0.278431
0.235294
0.176471
0.450980
0.450980
0.407843
0.505882
0.521569
0.458824
0.505882
0.388235
0.145098
0.125490
0.101961
0.341176
0.486275
0.325490
0.172549
0.137255
0.431373
0.396078
0.235294
0.156863
0.298039
0.286275
0.125490
0.145098
0.156863
0.172549
0.388235
0.368627
0.239216
0.211765
0.149020
0.184314
0.400000
0.329412
0.392157
0.549020
0.525490
0.470588
0.517647
0.474510
0.164706
0.109804
0.082353
0.200000
0.266667
0.223529
0.145098
0.137255
0.352941
0.384314
0.282353
0.164706
0.239216
0.372549
0.235294
0.176471
0.164706
0.219608
0.231373
0.215686
0.188235
0.129412
0.149020
0.243137
0.286275
0.270588
0.435294
0.505882
0.549020
0.521569
0.541176
0.478431
0.168627
0.098039
0.078431
0.192157
0.203922
0.203922
0.160784
0.149020
0.282353
0.384314
0.250980
0.176471
0.203922
0.368627
0.345098
0.235294
0.235294
0.192157
0.156863
0.188235
0.211765
0.196078
0.215686
0.231373
0.203922
0.278431
0.450980
0.494118
0.529412
0.501961
0.505882
0.443137
0.145098
0.105882
0.074510
0.188235
0.258824
0.262745
0.254902
0.203922
0.278431
0.364706
0.235294
0.176471
0.207843
0.329412
0.372549
0.235294
0.219608
0.188235
0.192157
0.223529
0.298039
0.376471
0.352941
0.290196
0.278431
0.349020
0.423529
0.447059
0.431373
0.462745
0.490196
0.439216
0.145098
0.082353
0.054902
0.188235
0.278431
0.364706
0.466667
0.400000
0.368627
0.392157
0.305882
0.149020
0.215686
0.298039
0.364706
0.219608
0.203922
0.266667
0.372549
0.447059
0.431373
0.435294
0.458824
0.478431
0.486275
0.533333
0.521569
0.501961
0.458824
0.450980
0.525490
0.513725
0.270588
0.180392
0.141176
0.254902
0.392157
0.498039
0.552941
0.407843
0.337255
0.266667
0.196078
0.156863
0.215686
0.278431
0.356863
0.270588
0.274510
0.341176
0.447059
0.584314
0.509804
0.470588
0.552941
0.650980
0.721569
0.756863
0.764706
0.694118
