0.694118
0.717647
0.721569
0.721569
0.725490
0.729412
0.729412
0.729412
0.729412
0.729412
0.745098
0.749020
0.745098
0.745098
0.749020
0.752941
0.756863
0.756863
0.752941
0.752941
0.756863
0.752941
0.749020
0.756863
0.756863
0.760784
0.760784
0.760784
0.760784
0.760784
0.760784
0.760784
0.717647
0.725490
0.725490
0.725490
0.729412
0.733333
0.733333
0.733333
0.733333
0.737255
0.749020
0.749020
0.752941
0.752941
0.745098
0.749020
0.752941
0.752941
0.752941
0.760784
0.756863
0.752941
0.749020
0.752941
0.760784
0.756863
0.760784
0.764706
0.764706
0.768627
0.764706
0.768627
0.737255
0.737255
0.737255
0.741176
0.749020
0.752941
0.752941
0.752941
0.756863
0.760784
0.764706
0.768627
0.760784
0.760784
0.760784
0.760784
0.760784
0.760784
0.764706
0.768627
0.768627
0.729412
0.760784
0.768627
0.717647
0.764706
0.772549
0.784314
0.784314
0.788235
0.788235
0.792157
0.674510
0.741176
0.741176
0.749020
0.756863
0.760784
0.760784
0.760784
0.768627
0.772549
0.768627
0.784314
0.737255
0.733333
0.776471
0.772549
0.768627
0.768627
0.768627
0.752941
0.807843
0.521569
0.498039
0.564706
0.490196
0.784314
0.780392
0.792157
0.792157
0.796078
0.800000
0.796078
0.658824
0.745098
0.752941
0.764706
0.768627
0.768627
0.768627
0.768627
0.772549
0.772549
0.772549
0.780392
0.752941
0.752941
0.784314
0.784314
0.776471
0.776471
0.776471
0.780392
0.639216
0.313725
0.235294
0.231373
0.521569
0.811765
0.796078
0.800000
0.800000
0.803922
0.803922
0.803922
0.701961
0.760784
0.764706
0.776471
0.780392
0.780392
0.780392
0.776471
0.776471
0.780392
0.780392
0.788235
0.756863
0.768627
0.800000
0.792157
0.784314
0.800000
0.788235
0.509804
0.231373
0.364706
0.321569
0.294118
0.509804
0.784314
0.796078
0.811765
0.807843
0.803922
0.807843
0.811765
0.670588
0.784314
0.776471
0.792157
0.788235
0.784314
0.788235
0.780392
0.792157
0.792157
0.796078
0.807843
0.776471
0.764706
0.792157
0.807843
0.788235
0.788235
0.580392
0.160784
0.278431
0.396078
0.231373
0.215686
0.266667
0.725490
0.827451
0.811765
0.815686
0.815686
0.815686
0.815686
0.603922
0.784314
0.780392
0.768627
0.792157
0.788235
0.772549
0.619608
0.674510
0.811765
0.811765
0.788235
0.678431
0.631373
0.705882
0.745098
0.717647
0.674510
0.262745
0.113725
0.301961
0.345098
0.247059
0.203922
0.223529
0.666667
0.764706
0.819608
0.831373
0.800000
0.807843
0.835294
0.721569
0.803922
0.792157
0.682353
0.768627
0.803922
0.717647
0.619608
0.647059
0.788235
0.705882
0.537255
0.462745
0.466667
0.615686
0.658824
0.631373
0.372549
0.094118
0.129412
0.164706
0.250980
0.258824
0.274510
0.337255
0.580392
0.737255
0.819608
0.792157
0.670588
0.705882
0.803922
0.803922
0.835294
0.823529
0.752941
0.713725
0.721569
0.733333
0.741176
0.733333
0.662745
0.494118
0.313725
0.352941
0.466667
0.588235
0.662745
0.466667
0.250980
0.294118
0.235294
0.082353
0.156863
0.360784
0.486275
0.474510
0.815686
0.909804
0.854902
0.850980
0.788235
0.749020
0.729412
0.721569
0.741176
0.698039
0.670588
0.662745
0.662745
0.533333
0.521569
0.654902
0.584314
0.435294
0.372549
0.439216
0.509804
0.529412
0.490196
0.376471
0.443137
0.396078
0.325490
0.117647
0.062745
0.325490
0.513725
0.329412
0.709804
0.890196
0.819608
0.874510
0.878431
0.815686
0.792157
0.454902
0.619608
0.552941
0.337255
0.564706
0.423529
0.298039
0.525490
0.678431
0.498039
0.376471
0.419608
0.494118
0.521569
0.509804
0.372549
0.427451
0.490196
0.325490
0.305882
0.152941
0.050980
0.270588
0.427451
0.168627
0.380392
0.745098
0.501961
0.431373
0.615686
0.478431
0.482353
0.415686
0.682353
0.643137
0.301961
0.380392
0.137255
0.286275
0.564706
0.603922
0.427451
0.380392
0.509804
0.572549
0.572549
0.501961
0.392157
0.450980
0.470588
0.356863
0.184314
0.152941
0.086275
0.313725
0.435294
0.278431
0.403922
0.862745
0.501961
0.266667
0.443137
0.384314
0.380392
0.678431
0.772549
0.752941
0.611765
0.278431
0.023529
0.258824
0.505882
0.537255
0.427451
0.423529
0.556863
0.635294
0.631373
0.533333
0.462745
0.490196
0.462745
0.325490
0.141176
0.164706
0.078431
0.333333
0.596078
0.580392
0.674510
0.776471
0.596078
0.450980
0.498039
0.517647
0.486275
0.843137
0.819608
0.737255
0.654902
0.290196
0.019608
0.172549
0.427451
0.498039
0.513725
0.498039
0.501961
0.552941
0.619608
0.576471
0.501961
0.513725
0.403922
0.250980
0.152941
0.133333
0.050980
0.278431
0.756863
0.807843
0.866667
0.788235
0.831373
0.800000
0.752941
0.752941
0.756863
0.572549
0.600000
0.525490
0.286275
0.188235
0.062745
0.082353
0.341176
0.458824
0.545098
0.556863
0.431373
0.411765
0.509804
0.537255
0.490196
0.435294
0.333333
0.231373
0.125490
0.082353
0.054902
0.207843
0.733333
0.780392
0.796078
0.705882
0.627451
0.741176
0.807843
0.780392
0.847059
0.513725
0.592157
0.490196
0.176471
0.215686
0.070588
0.047059
0.223529
0.419608
0.439216
0.454902
0.419608
0.352941
0.396078
0.525490
0.490196
0.337255
0.337255
0.278431
0.180392
0.133333
0.074510
0.247059
0.721569
0.733333
0.701961
0.819608
0.439216
0.435294
0.631373
0.662745
0.768627
0.807843
0.776471
0.670588
0.545098
0.376471
0.054902
0.058824
0.282353
0.470588
0.345098
0.219608
0.262745
0.258824
0.309804
0.407843
0.482353
0.349020
0.317647
0.215686
0.145098
0.101961
0.078431
0.439216
0.745098
0.721569
0.737255
0.866667
0.494118
0.474510
0.670588
0.694118
0.717647
0.866667
0.815686
0.741176
0.486275
0.203922
0.039216
0.188235
0.674510
0.678431
0.372549
0.360784
0.462745
0.137255
0.160784
0.270588
0.376471
0.372549
0.301961
0.121569
0.086275
0.062745
0.062745
0.443137
0.768627
0.741176
0.784314
0.854902
0.733333
0.725490
0.776471
0.690196
0.682353
0.717647
0.709804
0.560784
0.235294
0.086275
0.152941
0.486275
0.764706
0.643137
0.329412
0.372549
0.623529
0.184314
0.050980
0.360784
0.568627
0.443137
0.305882
0.278431
0.407843
0.105882
0.105882
0.384314
0.772549
0.768627
0.815686
0.803922
0.639216
0.631373
0.713725
0.662745
0.654902
0.584314
0.670588
0.439216
0.211765
0.427451
0.639216
0.764706
0.788235
0.580392
0.215686
0.298039
0.490196
0.200000
0.050980
0.337255
0.564706
0.490196
0.317647
0.454902
0.572549
0.400000
0.400000
0.384314
0.564706
0.501961
0.627451
0.713725
0.392157
0.470588
0.443137
0.313725
0.352941
0.713725
0.768627
0.584314
0.568627
0.819608
0.803922
0.807843
0.850980
0.678431
0.243137
0.407843
0.654902
0.325490
0.215686
0.588235
0.643137
0.443137
0.305882
0.541176
0.545098
0.572549
0.466667
0.329412
0.549020
0.482353
0.650980
0.862745
0.411765
0.392157
0.301961
0.207843
0.227451
0.862745
0.898039
0.913725
0.815686
0.760784
0.741176
0.780392
0.792157
0.756863
0.423529
0.482353
0.878431
0.521569
0.305882
0.705882
0.784314
0.490196
0.321569
0.721569
0.717647
0.745098
0.533333
0.258824
0.662745
0.764706
0.819608
0.831373
0.556863
0.549020
0.525490
0.505882
0.509804
0.878431
0.815686
0.764706
0.725490
0.776471
0.796078
0.831373
0.815686
0.843137
0.760784
0.592157
0.886275
0.705882
0.388235
0.733333
0.850980
0.607843
0.294118
0.760784
0.874510
0.921569
0.627451
0.254902
0.752941
0.905882
0.909804
0.819608
0.807843
0.831373
0.811765
0.788235
0.780392
0.886275
0.756863
0.501961
0.615686
0.866667
0.854902
0.882353
0.894118
0.898039
0.925490
0.658824
0.666667
0.827451
0.537255
0.764706
0.949020
0.705882
0.262745
0.788235
0.925490
0.937255
0.568627
0.427451
0.901961
0.933333
0.854902
0.690196
0.690196
0.839216
0.886275
0.874510
0.866667
0.611765
0.776471
0.580392
0.549020
0.698039
0.690196
0.698039
0.717647
0.729412
0.752941
0.576471
0.388235
0.682353
0.521569
0.603922
0.831373
0.635294
0.384314
0.772549
0.823529
0.772549
0.423529
0.654902
0.878431
0.866667
0.850980
0.725490
0.435294
0.729412
0.898039
0.882353
0.901961
0.650980
0.772549
0.682353
0.592157
0.666667
0.705882
0.654902
0.662745
0.674510
0.568627
0.388235
0.250980
0.403922
0.415686
0.392157
0.619608
0.392157
0.247059
0.392157
0.439216
0.341176
0.227451
0.415686
0.450980
0.388235
0.627451
0.835294
0.368627
0.423529
0.556863
0.533333
0.556863
0.815686
0.819608
0.823529
0.819608
0.823529
0.827451
0.827451
0.831373
0.843137
0.800000
0.745098
0.545098
0.584314
0.686275
0.478431
0.733333
0.435294
0.345098
0.666667
0.647059
0.337255
0.486275
0.658824
0.588235
0.372549
0.596078
0.815686
0.360784
0.184314
0.223529
0.384314
0.427451
0.768627
0.776471
0.776471
0.784314
0.784314
0.788235
0.796078
0.800000
0.807843
0.796078
0.827451
0.752941
0.674510
0.752941
0.713725
0.772549
0.450980
0.396078
0.698039
0.619608
0.419608
0.588235
0.627451
0.552941
0.458824
0.443137
0.349020
0.211765
0.109804
0.117647
0.321569
0.447059
0.733333
0.745098
0.760784
0.752941
0.756863
0.776471
0.776471
0.780392
0.772549
0.776471
0.803922
0.788235
0.756863
0.737255
0.788235
0.815686
0.662745
0.552941
0.690196
0.690196
0.623529
0.643137
0.549020
0.447059
0.482353
0.498039
0.450980
0.411765
0.286275
0.231373
0.211765
0.223529
0.713725
0.694118
0.729412
0.737255
0.721569
0.745098
0.741176
0.756863
0.760784
0.741176
0.764706
0.772549
0.784314
0.733333
0.745098
0.796078
0.792157
0.800000
0.807843
0.780392
0.741176
0.741176
0.729412
0.733333
0.772549
0.788235
0.792157
0.784314
0.725490
0.690196
0.674510
0.678431
0.694118
0.678431
0.670588
0.701961
0.694118
0.721569
0.741176
0.725490
0.721569
0.729412
0.745098
0.729412
0.733333
0.737255
0.733333
0.741176
0.733333
0.729412
0.752941
0.760784
0.745098
0.752941
0.756863
0.741176
0.737255
0.745098
0.749020
0.752941
0.756863
0.741176
0.749020
0.780392
0.811765
0.874510
0.898039
0.890196
0.894118
0.898039
0.898039
0.898039
0.898039
0.898039
0.898039
0.898039
0.898039
0.898039
0.898039
0.901961
0.905882
0.905882
0.905882
0.901961
0.905882
0.905882
0.905882
0.913725
0.909804
0.913725
0.913725
0.913725
0.913725
0.913725
0.913725
0.917647
0.796078
0.858824
0.894118
0.890196
0.894118
0.898039
0.898039
0.898039
0.898039
0.898039
0.898039
0.898039
0.898039
0.894118
0.898039
0.898039
0.898039
0.898039
0.901961
0.905882
0.905882
0.909804
0.898039
0.901961
0.917647
0.909804
0.913725
0.913725
0.913725
0.913725
0.913725
0.913725
0.807843
0.866667
0.894118
0.894118
0.898039
0.898039
0.898039
0.898039
0.901961
0.905882
0.905882
0.913725
0.886275
0.878431
0.909804
0.909804
0.901961
0.901961
0.905882
0.909804
0.909804
0.854902
0.874510
0.890196
0.827451
0.909804
0.913725
0.913725
0.913725
0.917647
0.917647
0.917647
0.721569
0.882353
0.898039
0.901961
0.905882
0.901961
0.901961
0.901961
0.905882
0.913725
0.909804
0.929412
0.858824
0.835294
0.909804
0.909804
0.909804
0.909804
0.909804
0.898039
0.941176
0.576471
0.560784
0.607843
0.537255
0.913725
0.909804
0.913725
0.917647
0.921569
0.925490
0.921569
0.705882
0.882353
0.898039
0.901961
0.905882
0.905882
0.905882
0.909804
0.913725
0.917647
0.917647
0.929412
0.870588
0.847059
0.909804
0.909804
0.913725
0.909804
0.917647
0.901961
0.725490
0.309804
0.188235
0.203922
0.584314
0.937255
0.913725
0.921569
0.921569
0.925490
0.925490
0.925490
0.752941
0.886275
0.894118
0.894118
0.901961
0.905882
0.905882
0.909804
0.913725
0.917647
0.921569
0.937255
0.858824
0.835294
0.921569
0.913725
0.921569
0.913725
0.901961
0.580392
0.196078
0.215686
0.184314
0.196078
0.513725
0.894118
0.917647
0.929412
0.925490
0.921569
0.925490
0.925490
0.701961
0.898039
0.901961
0.909804
0.913725
0.913725
0.913725
0.901961
0.909804
0.909804
0.917647
0.941176
0.847059
0.776471
0.874510
0.921569
0.913725
0.886275
0.643137
0.180392
0.149020
0.239216
0.152941
0.133333
0.258824
0.823529
0.941176
0.929412
0.933333
0.937255
0.933333
0.929412
0.619608
0.921569
0.905882
0.870588
0.909804
0.921569
0.886275
0.682353
0.752941
0.941176
0.945098
0.905882
0.694118
0.588235
0.756863
0.819608
0.827451
0.745098
0.266667
0.086275
0.160784
0.192157
0.152941
0.101961
0.227451
0.737255
0.843137
0.933333
0.941176
0.894118
0.909804
0.945098
0.725490
0.874510
0.847059
0.749020
0.839216
0.886275
0.776471
0.631373
0.698039
0.788235
0.647059
0.470588
0.333333
0.341176
0.580392
0.631373
0.650980
0.415686
0.082353
0.098039
0.109804
0.141176
0.141176
0.129412
0.254902
0.588235
0.780392
0.898039
0.847059
0.662745
0.729412
0.870588
0.749020
0.768627
0.752941
0.733333
0.674510
0.682353
0.678431
0.686275
0.568627
0.411765
0.254902
0.113725
0.129412
0.207843
0.376471
0.517647
0.321569
0.152941
0.137255
0.105882
0.094118
0.105882
0.164706
0.235294
0.305882
0.772549
0.886275
0.780392
0.745098
0.658824
0.627451
0.635294
0.603922
0.623529
0.600000
0.603922
0.584314
0.549020
0.431373
0.345098
0.360784
0.294118
0.188235
0.156863
0.196078
0.223529
0.235294
0.258824
0.180392
0.200000
0.149020
0.133333
0.109804
0.082353
0.180392
0.274510
0.192157
0.643137
0.819608
0.690196
0.725490
0.729412
0.650980
0.635294
0.352941
0.525490
0.478431
0.313725
0.509804
0.356863
0.219608
0.294118
0.388235
0.247059
0.137255
0.160784
0.219608
0.231373
0.231373
0.160784
0.203922
0.227451
0.145098
0.129412
0.117647
0.094118
0.203922
0.286275
0.121569
0.341176
0.654902
0.415686
0.345098
0.474510
0.333333
0.356863
0.349020
0.611765
0.592157
0.286275
0.325490
0.125490
0.168627
0.286275
0.317647
0.172549
0.117647
0.176471
0.247059
0.262745
0.223529
0.184314
0.223529
0.192157
0.152941
0.105882
0.109804
0.094118
0.250980
0.317647
0.231373
0.352941
0.749020
0.419608
0.200000
0.321569
0.258824
0.270588
0.654902
0.701961
0.654902
0.541176
0.247059
0.062745
0.149020
0.223529
0.262745
0.160784
0.133333
0.203922
0.298039
0.305882
0.231373
0.235294
0.270588
0.200000
0.149020
0.098039
0.121569
0.094118
0.274510
0.498039
0.509804
0.576471
0.654902
0.505882
0.380392
0.411765
0.392157
0.403922
0.776471
0.709804
0.588235
0.509804
0.247059
0.054902
0.109804
0.176471
0.223529
0.203922
0.168627
0.180392
0.215686
0.270588
0.254902
0.258824
0.270588
0.192157
0.133333
0.105882
0.109804
0.078431
0.250980
0.623529
0.654902
0.713725
0.607843
0.647059
0.658824
0.631373
0.611765
0.631373
0.423529
0.466667
0.407843
0.207843
0.152941
0.070588
0.094118
0.160784
0.180392
0.219608
0.215686
0.141176
0.109804
0.172549
0.223529
0.231373
0.196078
0.164706
0.133333
0.098039
0.082353
0.074510
0.196078
0.611765
0.654902
0.686275
0.552941
0.439216
0.584314
0.662745
0.635294
0.705882
0.396078
0.474510
0.392157
0.133333
0.164706
0.086275
0.082353
0.133333
0.188235
0.172549
0.188235
0.176471
0.113725
0.121569
0.211765
0.211765
0.137255
0.152941
0.149020
0.117647
0.109804
0.078431
0.227451
0.619608
0.619608
0.596078
0.690196
0.333333
0.360784
0.529412
0.572549
0.682353
0.643137
0.623529
0.572549
0.478431
0.305882
0.070588
0.090196
0.254902
0.274510
0.125490
0.145098
0.164706
0.105882
0.113725
0.160784
0.219608
0.152941
0.149020
0.133333
0.109804
0.090196
0.086275
0.396078
0.662745
0.635294
0.654902
0.737255
0.415686
0.427451
0.580392
0.615686
0.635294
0.623529
0.611765
0.568627
0.396078
0.172549
0.062745
0.184314
0.603922
0.478431
0.121569
0.278431
0.392157
0.117647
0.101961
0.172549
0.219608
0.164706
0.149020
0.101961
0.101961
0.082353
0.090196
0.372549
0.647059
0.662745
0.729412
0.749020
0.611765
0.615686
0.670588
0.584314
0.545098
0.513725
0.525490
0.396078
0.164706
0.078431
0.156863
0.415686
0.643137
0.462745
0.121569
0.282353
0.517647
0.176471
0.074510
0.298039
0.447059
0.227451
0.145098
0.235294
0.329412
0.109804
0.086275
0.286275
0.596078
0.596078
0.690196
0.639216
0.458824
0.454902
0.517647
0.478431
0.454902
0.427451
0.545098
0.333333
0.192157
0.384314
0.545098
0.635294
0.682353
0.466667
0.101961
0.211765
0.349020
0.164706
0.074510
0.278431
0.443137
0.262745
0.149020
0.372549
0.462745
0.278431
0.156863
0.247059
0.443137
0.349020
0.478431
0.545098
0.278431
0.345098
0.313725
0.227451
0.247059
0.576471
0.658824
0.501961
0.525490
0.729412
0.690196
0.694118
0.752941
0.588235
0.137255
0.317647
0.501961
0.247059
0.156863
0.486275
0.529412
0.254902
0.168627
0.447059
0.450980
0.415686
0.207843
0.219608
0.439216
0.349020
0.529412
0.713725
0.329412
0.321569
0.231373
0.160784
0.164706
0.752941
0.768627
0.800000
0.701961
0.639216
0.627451
0.666667
0.682353
0.666667
0.313725
0.384314
0.752941
0.423529
0.207843
0.607843
0.701961
0.352941
0.227451
0.635294
0.615686
0.650980
0.380392
0.188235
0.545098
0.635294
0.701961
0.666667
0.415686
0.411765
0.388235
0.380392
0.380392
0.756863
0.682353
0.631373
0.592157
0.611765
0.619608
0.670588
0.658824
0.713725
0.607843
0.443137
0.749020
0.564706
0.250980
0.592157
0.717647
0.482353
0.219608
0.662745
0.690196
0.733333
0.498039
0.184314
0.635294
0.788235
0.780392
0.576471
0.529412
0.576471
0.568627
0.549020
0.545098
0.752941
0.596078
0.345098
0.521569
0.749020
0.717647
0.737255
0.741176
0.772549
0.780392
0.513725
0.545098
0.674510
0.356863
0.619608
0.819608
0.588235
0.219608
0.674510
0.745098
0.756863
0.435294
0.349020
0.796078
0.823529
0.701961
0.462745
0.482353
0.631373
0.674510
0.666667
0.662745
0.525490
0.615686
0.423529
0.470588
0.615686
0.600000
0.600000
0.623529
0.623529
0.658824
0.498039
0.309804
0.580392
0.403922
0.505882
0.737255
0.525490
0.321569
0.662745
0.713725
0.658824
0.325490
0.580392
0.760784
0.760784
0.701961
0.517647
0.317647
0.627451
0.780392
0.768627
0.788235
0.568627
0.658824
0.580392
0.509804
0.560784
0.588235
0.549020
0.572549
0.572549
0.466667
0.317647
0.180392
0.321569
0.337255
0.309804
0.501961
0.298039
0.196078
0.333333
0.372549
0.270588
0.196078
0.392157
0.400000
0.352941
0.513725
0.600000
0.274510
0.396078
0.498039
0.474510
0.498039
0.733333
0.733333
0.741176
0.737255
0.749020
0.756863
0.760784
0.745098
0.749020
0.709804
0.654902
0.443137
0.482353
0.596078
0.384314
0.615686
0.376471
0.309804
0.584314
0.552941
0.274510
0.400000
0.560784
0.509804
0.349020
0.501961
0.619608
0.286275
0.192157
0.200000
0.337255
0.396078
0.701961
0.694118
0.698039
0.701961
0.713725
0.725490
0.729412
0.725490
0.729412
0.717647
0.741176
0.658824
0.576471
0.678431
0.635294
0.678431
0.392157
0.337255
0.596078
0.505882
0.325490
0.494118
0.533333
0.470588
0.411765
0.384314
0.270588
0.180392
0.105882
0.105882
0.274510
0.400000
0.666667
0.674510
0.694118
0.686275
0.694118
0.713725
0.713725
0.713725
0.705882
0.705882
0.721569
0.698039
0.670588
0.674510
0.729412
0.741176
0.584314
0.462745
0.600000
0.592157
0.521569
0.556863
0.490196
0.403922
0.439216
0.454902
0.423529
0.388235
0.254902
0.231373
0.211765
0.211765
0.639216
0.627451
0.666667
0.678431
0.662745
0.686275
0.682353
0.690196
0.690196
0.670588
0.686275
0.686275
0.705882
0.666667
0.678431
0.721569
0.705882
0.713725
0.729412
0.698039
0.654902
0.658824
0.666667
0.666667
0.686275
0.701961
0.709804
0.709804
0.647059
0.627451
0.619608
0.623529
0.623529
0.603922
0.603922
0.639216
0.631373
0.658824
0.678431
0.658824
0.647059
0.654902
0.670588
0.658824
0.662745
0.666667
0.662745
0.666667
0.650980
0.647059
0.678431
0.690196
0.674510
0.682353
0.678431
0.662745
0.662745
0.666667
0.670588
0.678431
0.682353
0.670588
0.686275
0.713725
0.839216
0.929412
0.964706
0.956863
0.960784
0.964706
0.964706
0.964706
0.964706
0.964706
0.972549
0.972549
0.972549
0.972549
0.972549
0.976471
0.980392
0.980392
0.980392
0.980392
0.980392
0.968627
0.964706
0.972549
0.968627
0.972549
0.972549
0.972549
0.972549
0.972549
0.972549
0.976471
0.807843
0.917647
0.964706
0.952941
0.960784
0.964706
0.964706
0.964706
0.964706
0.964706
0.968627
0.972549
0.964706
0.964706
0.968627
0.968627
0.972549
0.972549
0.972549
0.976471
0.976471
0.968627
0.952941
0.964706
0.976471
0.964706
0.968627
0.968627
0.968627
0.972549
0.972549
0.972549
0.807843
0.925490
0.956863
0.952941
0.960784
0.960784
0.960784
0.960784
0.964706
0.968627
0.968627
0.980392
0.925490
0.913725
0.972549
0.956863
0.968627
0.964706
0.960784
0.956863
0.964706
0.898039
0.913725
0.933333
0.854902
0.949020
0.960784
0.964706
0.964706
0.968627
0.968627
0.972549
0.701961
0.925490
0.960784
0.960784
0.964706
0.964706
0.964706
0.964706
0.968627
0.976471
0.972549
1.000000
0.882353
0.835294
0.972549
0.964706
0.972549
0.972549
0.960784
0.945098
0.988235
0.603922
0.568627
0.619608
0.533333
0.945098
0.964706
0.968627
0.968627
0.972549
0.976471
0.976471
0.690196
0.929412
0.964706
0.964706
0.964706
0.960784
0.960784
0.968627
0.980392
0.980392
0.968627
0.992157
0.874510
0.835294
0.968627
0.976471
0.972549
0.968627
0.968627
0.941176
0.760784
0.309804
0.164706
0.211765
0.607843
0.976471
0.960784
0.972549
0.968627
0.972549
0.972549
0.972549
0.745098
0.937255
0.964706
0.964706
0.964706
0.956863
0.956863
0.968627
0.976471
0.980392
0.960784
0.980392
0.847059
0.823529
0.972549
0.964706
0.964706
0.972549
0.937255
0.603922
0.200000
0.172549
0.145098
0.184314
0.505882
0.921569
0.960784
0.972549
0.968627
0.964706
0.968627
0.968627
0.674510
0.933333
0.972549
0.980392
0.976471
0.960784
0.964706
0.945098
0.956863
0.956863
0.964706
0.988235
0.858824
0.717647
0.894118
0.960784
0.972549
0.909804
0.619608
0.184314
0.117647
0.172549
0.129412
0.125490
0.231373
0.827451
0.984314
0.972549
0.976471
0.976471
0.976471
0.972549
0.592157
0.980392
0.952941
0.901961
0.956863
0.960784
0.917647
0.674510
0.776471
0.992157
0.992157
0.898039
0.607843
0.486275
0.729412
0.819608
0.843137
0.752941
0.262745
0.090196
0.133333
0.172549
0.156863
0.109804
0.219608
0.701961
0.835294
0.976471
0.968627
0.917647
0.941176
0.988235
0.678431
0.870588
0.839216
0.717647
0.827451
0.886275
0.760784
0.592157
0.658824
0.768627
0.615686
0.439216
0.270588
0.266667
0.490196
0.549020
0.607843
0.431373
0.094118
0.117647
0.109804
0.137255
0.160784
0.125490
0.239216
0.552941
0.745098
0.882353
0.815686
0.619608
0.698039
0.858824
0.576471
0.592157
0.596078
0.611765
0.572549
0.588235
0.568627
0.568627
0.474510
0.313725
0.180392
0.090196
0.125490
0.176471
0.298039
0.447059
0.290196
0.137255
0.105882
0.109804
0.094118
0.109804
0.160784
0.160784
0.227451
0.701961
0.780392
0.588235
0.556863
0.462745
0.462745
0.501961
0.447059
0.435294
0.400000
0.466667
0.447059
0.411765
0.341176
0.254902
0.274510
0.207843
0.129412
0.117647
0.152941
0.164706
0.172549
0.215686
0.141176
0.152941
0.125490
0.105882
0.090196
0.098039
0.156863
0.180392
0.129412
0.560784
0.690196
0.462745
0.450980
0.458824
0.427451
0.439216
0.247059
0.313725
0.290196
0.274510
0.411765
0.301961
0.203922
0.196078
0.262745
0.180392
0.098039
0.101961
0.156863
0.160784
0.168627
0.133333
0.168627
0.172549
0.121569
0.121569
0.098039
0.086275
0.156863
0.200000
0.117647
0.266667
0.462745
0.262745
0.219608
0.317647
0.239216
0.270588
0.250980
0.392157
0.396078
0.231373
0.254902
0.141176
0.149020
0.200000
0.207843
0.121569
0.094118
0.133333
0.180392
0.172549
0.164706
0.164706
0.180392
0.137255
0.121569
0.109804
0.117647
0.082353
0.196078
0.219608
0.200000
0.254902
0.482353
0.262745
0.145098
0.211765
0.196078
0.196078
0.533333
0.521569
0.462745
0.427451
0.207843
0.066667
0.121569
0.160784
0.164706
0.109804
0.105882
0.149020
0.200000
0.196078
0.160784
0.188235
0.207843
0.149020
0.121569
0.109804
0.121569
0.078431
0.219608
0.380392
0.423529
0.423529
0.423529
0.349020
0.298039
0.313725
0.305882
0.305882
0.647059
0.525490
0.384314
0.384314
0.196078
0.066667
0.101961
0.125490
0.149020
0.137255
0.117647
0.109804
0.133333
0.180392
0.172549
0.192157
0.227451
0.168627
0.113725
0.098039
0.098039
0.066667
0.188235
0.431373
0.447059
0.462745
0.368627
0.411765
0.443137
0.419608
0.423529
0.431373
0.341176
0.290196
0.247059
0.184314
0.141176
0.078431
0.082353
0.117647
0.121569
0.145098
0.145098
0.098039
0.101961
0.125490
0.156863
0.164706
0.149020
0.141176
0.121569
0.098039
0.074510
0.078431
0.145098
0.431373
0.462745
0.466667
0.341176
0.250980
0.360784
0.403922
0.403922
0.470588
0.243137
0.258824
0.243137
0.145098
0.172549
0.078431
0.070588
0.113725
0.149020
0.117647
0.141176
0.117647
0.090196
0.101961
0.145098
0.145098
0.098039
0.109804
0.113725
0.105882
0.098039
0.090196
0.176471
0.458824
0.454902
0.411765
0.454902
0.211765
0.274510
0.388235
0.407843
0.490196
0.403922
0.388235
0.384314
0.396078
0.274510
0.066667
0.082353
0.227451
0.211765
0.074510
0.105882
0.125490
0.094118
0.094118
0.121569
0.160784
0.125490
0.113725
0.101961
0.078431
0.090196
0.086275
0.305882
0.509804
0.490196
0.486275
0.505882
0.274510
0.333333
0.454902
0.478431
0.486275
0.392157
0.372549
0.372549
0.321569
0.160784
0.078431
0.156863
0.490196
0.376471
0.070588
0.219608
0.329412
0.090196
0.082353
0.149020
0.180392
0.133333
0.117647
0.098039
0.078431
0.090196
0.082353
0.282353
0.513725
0.517647
0.560784
0.525490
0.411765
0.439216
0.490196
0.431373
0.415686
0.313725
0.333333
0.254902
0.168627
0.098039
0.129412
0.305882
0.454902
0.341176
0.098039
0.207843
0.372549
0.137255
0.058824
0.239216
0.349020
0.176471
0.101961
0.180392
0.278431
0.101961
0.066667
0.207843
0.431373
0.419608
0.501961
0.435294
0.313725
0.298039
0.337255
0.313725
0.313725
0.266667
0.333333
0.211765
0.141176
0.258824
0.384314
0.431373
0.431373
0.309804
0.078431
0.149020
0.247059
0.117647
0.066667
0.211765
0.309804
0.196078
0.113725
0.270588
0.352941
0.196078
0.109804
0.192157
0.313725
0.262745
0.325490
0.317647
0.184314
0.254902
0.223529
0.160784
0.196078
0.400000
0.403922
0.345098
0.372549
0.498039
0.505882
0.501961
0.529412
0.431373
0.117647
0.231373
0.368627
0.192157
0.117647
0.333333
0.372549
0.188235
0.137255
0.321569
0.341176
0.290196
0.149020
0.172549
0.309804
0.247059
0.333333
0.423529
0.215686
0.239216
0.188235
0.149020
0.149020
0.556863
0.529412
0.572549
0.545098
0.494118
0.490196
0.498039
0.505882
0.521569
0.258824
0.290196
0.584314
0.337255
0.156863
0.474510
0.541176
0.270588
0.172549
0.466667
0.470588
0.505882
0.321569
0.156863
0.384314
0.458824
0.505882
0.435294
0.270588
0.294118
0.274510
0.270588
0.270588
0.529412
0.478431
0.443137
0.419608
0.427451
0.443137
0.458824
0.435294
0.474510
0.427451
0.329412
0.494118
0.380392
0.196078
0.396078
0.505882
0.364706
0.164706
0.466667
0.447059
0.466667
0.356863
0.156863
0.447059
0.521569
0.529412
0.352941
0.278431
0.317647
0.337255
0.321569
0.321569
0.529412
0.352941
0.196078
0.349020
0.505882
0.513725
0.498039
0.482353
0.482353
0.513725
0.376471
0.372549
0.423529
0.258824
0.400000
0.541176
0.419608
0.149020
0.482353
0.478431
0.470588
0.301961
0.254902
0.537255
0.529412
0.435294
0.247059
0.247059
0.356863
0.388235
0.384314
0.388235
0.419608
0.372549
0.247059
0.368627
0.462745
0.462745
0.462745
0.466667
0.454902
0.482353
0.380392
0.247059
0.419608
0.321569
0.419608
0.533333
0.376471
0.219608
0.478431
0.525490
0.474510
0.247059
0.427451
0.525490
0.525490
0.447059
0.270588
0.203922
0.439216
0.533333
0.533333
0.552941
0.415686
0.419608
0.407843
0.403922
0.419608
0.447059
0.427451
0.415686
0.396078
0.349020
0.274510
0.192157
0.286275
0.286275
0.250980
0.360784
0.247059
0.184314
0.278431
0.329412
0.243137
0.168627
0.317647
0.333333
0.329412
0.360784
0.317647
0.207843
0.337255
0.415686
0.396078
0.423529
0.533333
0.517647
0.556863
0.568627
0.552941
0.556863
0.556863
0.549020
0.537255
0.498039
0.470588
0.345098
0.352941
0.439216
0.282353
0.419608
0.270588
0.231373
0.407843
0.423529
0.215686
0.258824
0.396078
0.364706
0.258824
0.321569
0.352941
0.192157
0.164706
0.168627
0.254902
0.290196
0.521569
0.513725
0.521569
0.537255
0.525490
0.537255
0.545098
0.537255
0.552941
0.513725
0.529412
0.478431
0.411765
0.498039
0.505882
0.490196
0.309804
0.258824
0.435294
0.380392
0.243137
0.349020
0.376471
0.345098
0.305882
0.274510
0.184314
0.145098
0.117647
0.109804
0.192157
0.266667
0.505882
0.517647
0.533333
0.529412
0.525490
0.541176
0.537255
0.525490
0.521569
0.521569
0.533333
0.525490
0.505882
0.486275
0.541176
0.552941
0.450980
0.368627
0.462745
0.454902
0.388235
0.403922
0.364706
0.305882
0.341176
0.360784
0.333333
0.298039
0.215686
0.200000
0.176471
0.180392
0.501961
0.486275
0.525490
0.537255
0.513725
0.529412
0.529412
0.541176
0.537255
0.513725
0.525490
0.521569
0.537255
0.498039
0.509804
0.556863
0.537255
0.541176
0.545098
0.529412
0.505882
0.509804
0.509804
0.490196
0.498039
0.513725
0.541176
0.533333
0.501961
0.490196
0.478431
0.478431
0.490196
0.482353
0.482353
0.509804
0.498039
0.525490
0.541176
0.521569
0.529412
0.533333
0.533333
0.505882
0.505882
0.517647
0.513725
0.517647
0.509804
0.505882
0.509804
0.525490
0.521569
0.525490
0.521569
0.509804
0.498039
0.509804
0.529412
0.525490
0.529412
0.521569
0.525490
0.556863
