0.525490
0.521569
0.525490
0.533333
0.525490
0.521569
0.525490
0.525490
0.525490
0.517647
0.521569
0.560784
0.580392
0.564706
0.545098
0.541176
0.592157
0.666667
0.701961
0.705882
0.670588
0.654902
0.639216
0.623529
0.611765
0.607843
0.600000
0.596078
0.596078
0.592157
0.600000
0.600000
0.521569
0.517647
0.517647
0.529412
0.525490
0.517647
0.521569
0.533333
0.537255
0.529412
0.529412
0.600000
0.662745
0.647059
0.588235
0.533333
0.619608
0.737255
0.776471
0.788235
0.760784
0.733333
0.698039
0.666667
0.639216
0.611765
0.600000
0.600000
0.596078
0.596078
0.600000
0.600000
0.521569
0.517647
0.517647
0.521569
0.517647
0.521569
0.525490
0.529412
0.525490
0.454902
0.392157
0.627451
0.823529
0.807843
0.627451
0.490196
0.592157
0.721569
0.807843
0.854902
0.858824
0.847059
0.788235
0.729412
0.690196
0.623529
0.600000
0.600000
0.600000
0.600000
0.600000
0.600000
0.521569
0.517647
0.517647
0.517647
0.517647
0.521569
0.529412
0.494118
0.329412
0.184314
0.200000
0.674510
0.964706
0.929412
0.803922
0.745098
0.776471
0.733333
0.733333
0.843137
0.890196
0.901961
0.862745
0.800000
0.741176
0.627451
0.592157
0.600000
0.600000
0.600000
0.600000
0.600000
0.525490
0.517647
0.517647
0.517647
0.509804
0.525490
0.529412
0.360784
0.117647
0.101961
0.196078
0.658824
1.000000
0.941176
0.874510
0.792157
0.678431
0.603922
0.505882
0.592157
0.819608
0.901961
0.886275
0.862745
0.803922
0.670588
0.603922
0.603922
0.596078
0.603922
0.603922
0.600000
0.529412
0.521569
0.525490
0.521569
0.513725
0.494118
0.337255
0.137255
0.078431
0.125490
0.200000
0.639216
0.996078
0.729412
0.435294
0.325490
0.258824
0.313725
0.301961
0.286275
0.521569
0.843137
0.909804
0.901961
0.866667
0.768627
0.643137
0.596078
0.588235
0.603922
0.607843
0.600000
0.533333
0.525490
0.529412
0.529412
0.525490
0.333333
0.113725
0.109804
0.145098
0.211765
0.258824
0.549020
0.772549
0.376471
0.149020
0.188235
0.172549
0.239216
0.274510
0.200000
0.223529
0.466667
0.800000
0.925490
0.913725
0.839216
0.686275
0.607843
0.592157
0.596078
0.603922
0.600000
0.529412
0.525490
0.525490
0.533333
0.427451
0.164706
0.176471
0.345098
0.384314
0.458824
0.349020
0.345098
0.525490
0.403922
0.176471
0.196078
0.172549
0.207843
0.290196
0.239216
0.223529
0.200000
0.435294
0.839216
0.945098
0.890196
0.729412
0.592157
0.596078
0.596078
0.596078
0.600000
0.517647
0.517647
0.521569
0.501961
0.270588
0.113725
0.254902
0.501961
0.713725
0.788235
0.498039
0.552941
0.811765
0.572549
0.290196
0.231373
0.152941
0.176471
0.266667
0.290196
0.258824
0.223529
0.215686
0.580392
0.913725
0.945098
0.819608
0.576471
0.521569
0.596078
0.596078
0.596078
0.517647
0.509804
0.513725
0.462745
0.203922
0.129412
0.192157
0.552941
0.945098
0.964706
0.894118
0.941176
0.988235
0.631373
0.364706
0.447059
0.184314
0.129412
0.184314
0.262745
0.305882
0.294118
0.235294
0.380392
0.811765
0.984314
0.921569
0.694118
0.415686
0.494118
0.588235
0.588235
0.513725
0.501961
0.521569
0.450980
0.192157
0.117647
0.223529
0.745098
1.000000
0.996078
0.976471
0.960784
0.964706
0.815686
0.509804
0.447059
0.164706
0.137255
0.231373
0.286275
0.298039
0.294118
0.243137
0.356863
0.760784
0.976471
0.917647
0.745098
0.403922
0.325490
0.545098
0.600000
0.521569
0.501961
0.525490
0.454902
0.180392
0.101961
0.247059
0.807843
1.000000
0.847059
0.811765
0.968627
0.984314
0.866667
0.470588
0.223529
0.137255
0.176471
0.290196
0.313725
0.250980
0.207843
0.168627
0.396078
0.823529
0.960784
0.882353
0.701961
0.423529
0.282353
0.478431
0.592157
0.525490
0.509804
0.529412
0.419608
0.180392
0.141176
0.184314
0.666667
0.890196
0.654902
0.686275
0.913725
1.000000
0.898039
0.615686
0.349020
0.211765
0.243137
0.345098
0.278431
0.207843
0.160784
0.133333
0.431373
0.894118
0.952941
0.835294
0.650980
0.419608
0.329412
0.450980
0.568627
0.537255
0.521569
0.525490
0.337255
0.200000
0.215686
0.211765
0.462745
0.819608
0.913725
0.894118
0.898039
0.984314
0.980392
0.709804
0.380392
0.290196
0.227451
0.305882
0.274510
0.184314
0.125490
0.109804
0.388235
0.878431
0.929412
0.764706
0.584314
0.498039
0.572549
0.584314
0.572549
0.545098
0.533333
0.450980
0.250980
0.219608
0.266667
0.325490
0.588235
0.843137
0.964706
0.988235
0.984314
0.988235
0.976471
0.635294
0.309804
0.337255
0.254902
0.262745
0.250980
0.160784
0.113725
0.094118
0.301961
0.760784
0.901961
0.686275
0.529412
0.639216
0.776471
0.737255
0.603922
0.525490
0.474510
0.313725
0.180392
0.196078
0.235294
0.435294
0.784314
0.937255
0.976471
0.996078
0.996078
0.984314
0.964706
0.635294
0.321569
0.294118
0.278431
0.298039
0.231373
0.137255
0.133333
0.109804
0.231373
0.584314
0.749020
0.619608
0.564706
0.772549
0.847059
0.776471
0.631373
0.529412
0.454902
0.321569
0.168627
0.133333
0.290196
0.694118
0.921569
0.968627
0.980392
0.992157
0.996078
0.984314
1.000000
0.831373
0.478431
0.356863
0.262745
0.290196
0.231373
0.149020
0.129412
0.121569
0.168627
0.407843
0.537255
0.580392
0.701961
0.847059
0.839216
0.764706
0.643137
0.556863
0.513725
0.333333
0.149020
0.203922
0.611765
0.925490
0.972549
0.972549
0.968627
0.984314
0.992157
0.992157
0.988235
0.925490
0.760784
0.494118
0.243137
0.207843
0.219608
0.219608
0.176471
0.125490
0.137255
0.286275
0.466667
0.701961
0.866667
0.874510
0.800000
0.713725
0.615686
0.592157
0.521569
0.266667
0.152941
0.423529
0.862745
0.968627
0.976471
0.960784
0.964706
0.988235
0.992157
0.984314
0.976471
0.956863
0.925490
0.682353
0.298039
0.200000
0.180392
0.243137
0.266667
0.176471
0.168627
0.337255
0.611765
0.870588
0.960784
0.886275
0.752941
0.639216
0.568627
0.611765
0.517647
0.239216
0.203922
0.611765
0.952941
0.980392
0.976471
0.964706
0.968627
0.988235
0.992157
0.980392
0.980392
0.972549
0.984314
0.862745
0.490196
0.352941
0.152941
0.192157
0.227451
0.192157
0.200000
0.466667
0.792157
0.952941
0.960784
0.843137
0.674510
0.588235
0.549020
0.615686
0.521569
0.243137
0.329412
0.764706
0.968627
0.984314
0.972549
0.972549
0.984314
0.992157
0.992157
0.984314
0.988235
0.988235
0.980392
0.921569
0.713725
0.486275
0.207843
0.223529
0.207843
0.172549
0.329412
0.670588
0.862745
0.909804
0.858824
0.733333
0.611765
0.564706
0.537255
0.611765
0.509804
0.266667
0.521569
0.898039
0.980392
0.988235
0.988235
0.992157
0.988235
0.976471
0.984314
0.992157
0.992157
0.988235
0.980392
0.960784
0.870588
0.615686
0.298039
0.235294
0.215686
0.196078
0.494118
0.811765
0.850980
0.792157
0.717647
0.639216
0.584314
0.556863
0.537255
0.615686
0.545098
0.384314
0.721569
0.952941
0.968627
0.984314
0.992157
0.996078
0.980392
0.968627
0.984314
0.996078
0.984314
0.980392
0.980392
0.980392
0.917647
0.682353
0.305882
0.192157
0.172549
0.262745
0.584314
0.768627
0.733333
0.662745
0.623529
0.596078
0.576471
0.556863
0.545098
0.654902
0.678431
0.658824
0.854902
0.941176
0.952941
0.964706
0.976471
0.980392
0.984314
0.984314
0.980392
0.980392
0.972549
0.972549
0.976471
0.976471
0.941176
0.690196
0.278431
0.192157
0.172549
0.356863
0.580392
0.623529
0.600000
0.572549
0.576471
0.580392
0.580392
0.556863
0.545098
0.670588
0.784314
0.839216
0.886275
0.941176
0.960784
0.964706
0.972549
0.980392
0.988235
0.988235
0.964706
0.964706
0.972549
0.972549
0.968627
0.968627
0.941176
0.733333
0.400000
0.215686
0.282353
0.486275
0.525490
0.545098
0.549020
0.541176
0.552941
0.568627
0.576471
0.560784
0.545098
0.662745
0.768627
0.823529
0.890196
0.956863
0.972549
0.976471
0.984314
0.996078
0.988235
0.952941
0.949020
0.976471
0.988235
0.984314
0.964706
0.960784
0.929412
0.831373
0.556863
0.290196
0.411765
0.509804
0.513725
0.529412
0.549020
0.552941
0.552941
0.560784
0.572549
0.564706
0.552941
0.658824
0.749020
0.807843
0.894118
0.960784
0.968627
0.952941
0.960784
0.956863
0.945098
0.929412
0.952941
0.984314
0.992157
0.984314
0.980392
0.964706
0.929412
0.854902
0.584314
0.415686
0.498039
0.505882
0.509804
0.525490
0.549020
0.564706
0.568627
0.568627
0.568627
0.560784
0.556863
0.658824
0.788235
0.878431
0.929412
0.968627
0.960784
0.933333
0.894118
0.878431
0.921569
0.949020
0.964706
0.976471
0.976471
0.968627
0.988235
0.949020
0.882353
0.756863
0.576471
0.521569
0.525490
0.521569
0.529412
0.541176
0.556863
0.564706
0.564706
0.564706
0.564706
0.560784
0.560784
0.650980
0.811765
0.945098
0.980392
0.988235
0.980392
0.925490
0.823529
0.862745
0.933333
0.960784
0.976471
0.992157
0.988235
0.960784
0.929412
0.843137
0.768627
0.662745
0.576471
0.560784
0.537255
0.533333
0.549020
0.560784
0.572549
0.568627
0.564706
0.568627
0.568627
0.564706
0.556863
0.631373
0.811765
0.968627
0.992157
0.992157
0.945098
0.823529
0.815686
0.894118
0.949020
0.972549
0.976471
0.960784
0.933333
0.886275
0.776471
0.698039
0.658824
0.619608
0.580392
0.576471
0.568627
0.560784
0.568627
0.572549
0.580392
0.572549
0.568627
0.576471
0.576471
0.564706
0.556863
0.611765
0.745098
0.929412
0.964706
0.901961
0.784314
0.729412
0.831373
0.929412
0.964706
0.976471
0.952941
0.854902
0.784314
0.752941
0.662745
0.631373
0.615686
0.600000
0.588235
0.592157
0.584314
0.584314
0.588235
0.584314
0.584314
0.576471
0.568627
0.580392
0.552941
0.529412
0.513725
0.619608
0.662745
0.788235
0.827451
0.717647
0.662745
0.701961
0.819608
0.952941
0.980392
0.905882
0.819608
0.709804
0.647059
0.647059
0.639216
0.619608
0.600000
0.600000
0.603922
0.596078
0.592157
0.592157
0.596078
0.588235
0.584314
0.576471
0.576471
0.576471
0.545098
0.517647
0.545098
0.619608
0.615686
0.619608
0.627451
0.619608
0.615686
0.619608
0.623529
0.619608
0.627451
0.627451
0.615686
0.607843
0.611765
0.615686
0.611765
0.647059
0.698039
0.698039
0.678431
0.674510
0.674510
0.670588
0.670588
0.666667
0.670588
0.670588
0.666667
0.666667
0.662745
0.666667
0.666667
0.619608
0.611765
0.611765
0.623529
0.619608
0.615686
0.615686
0.619608
0.615686
0.615686
0.607843
0.619608
0.635294
0.615686
0.580392
0.552941
0.619608
0.701961
0.698039
0.686275
0.686275
0.686275
0.674510
0.670588
0.666667
0.666667
0.670588
0.670588
0.666667
0.666667
0.666667
0.662745
0.619608
0.611765
0.611765
0.615686
0.619608
0.623529
0.615686
0.607843
0.588235
0.517647
0.439216
0.607843
0.752941
0.729412
0.572549
0.462745
0.549020
0.650980
0.705882
0.733333
0.749020
0.756863
0.721569
0.686275
0.674510
0.662745
0.670588
0.670588
0.670588
0.670588
0.670588
0.666667
0.615686
0.611765
0.611765
0.611765
0.615686
0.623529
0.619608
0.564706
0.388235
0.231373
0.215686
0.631373
0.874510
0.839216
0.737255
0.694118
0.717647
0.658824
0.647059
0.752941
0.788235
0.800000
0.772549
0.725490
0.682353
0.650980
0.666667
0.666667
0.670588
0.670588
0.670588
0.666667
0.619608
0.611765
0.611765
0.611765
0.615686
0.631373
0.607843
0.415686
0.156863
0.133333
0.200000
0.619608
0.937255
0.882353
0.827451
0.737255
0.619608
0.549020
0.454902
0.545098
0.749020
0.811765
0.788235
0.772549
0.733333
0.670588
0.658824
0.670588
0.670588
0.670588
0.666667
0.666667
0.619608
0.611765
0.615686
0.615686
0.619608
0.592157
0.392157
0.156863
0.086275
0.137255
0.207843
0.615686
0.956863
0.705882
0.415686
0.286275
0.215686
0.274510
0.274510
0.266667
0.482353
0.772549
0.811765
0.807843
0.792157
0.733333
0.662745
0.662745
0.670588
0.666667
0.666667
0.666667
0.627451
0.615686
0.619608
0.619608
0.615686
0.400000
0.137255
0.101961
0.129412
0.200000
0.254902
0.525490
0.737255
0.345098
0.129412
0.176471
0.160784
0.227451
0.254902
0.176471
0.207843
0.427451
0.725490
0.831373
0.823529
0.792157
0.698039
0.666667
0.670588
0.666667
0.666667
0.666667
0.619608
0.615686
0.615686
0.623529
0.494118
0.192157
0.172549
0.317647
0.349020
0.431373
0.329412
0.317647
0.490196
0.356863
0.141176
0.192157
0.180392
0.215686
0.278431
0.211765
0.215686
0.192157
0.392157
0.760784
0.847059
0.831373
0.725490
0.627451
0.658824
0.666667
0.666667
0.666667
0.607843
0.603922
0.611765
0.596078
0.321569
0.113725
0.231373
0.462745
0.674510
0.749020
0.462745
0.529412
0.788235
0.529412
0.231373
0.192157
0.149020
0.192157
0.266667
0.266667
0.247059
0.219608
0.203922
0.537255
0.839216
0.870588
0.776471
0.564706
0.549020
0.654902
0.662745
0.662745
0.607843
0.600000
0.607843
0.552941
0.250980
0.125490
0.164706
0.513725
0.917647
0.933333
0.858824
0.921569
0.968627
0.580392
0.282353
0.364706
0.149020
0.133333
0.192157
0.243137
0.274510
0.282353
0.235294
0.364706
0.764706
0.905882
0.843137
0.643137
0.411765
0.529412
0.647059
0.654902
0.607843
0.600000
0.619608
0.537255
0.223529
0.105882
0.200000
0.709804
0.976471
0.968627
0.949020
0.933333
0.933333
0.741176
0.423529
0.400000
0.145098
0.133333
0.231373
0.274510
0.270588
0.278431
0.235294
0.325490
0.701961
0.894118
0.843137
0.698039
0.392157
0.341176
0.584314
0.650980
0.619608
0.603922
0.615686
0.529412
0.211765
0.101961
0.227451
0.768627
0.949020
0.756863
0.694118
0.890196
0.949020
0.835294
0.443137
0.215686
0.133333
0.168627
0.282353
0.305882
0.235294
0.196078
0.156863
0.360784
0.756863
0.882353
0.819608
0.658824
0.407843
0.290196
0.501961
0.635294
0.623529
0.603922
0.611765
0.478431
0.219608
0.152941
0.172549
0.607843
0.803922
0.513725
0.509804
0.815686
0.964706
0.890196
0.615686
0.345098
0.203922
0.235294
0.337255
0.270588
0.196078
0.156863
0.129412
0.400000
0.835294
0.878431
0.772549
0.600000
0.392157
0.321569
0.462745
0.615686
0.631373
0.615686
0.600000
0.380392
0.227451
0.223529
0.188235
0.396078
0.721569
0.811765
0.807843
0.835294
0.945098
0.921569
0.650980
0.364706
0.282353
0.215686
0.298039
0.266667
0.180392
0.129412
0.113725
0.368627
0.827451
0.858824
0.701961
0.533333
0.458824
0.541176
0.588235
0.615686
0.647059
0.627451
0.517647
0.286275
0.223529
0.247059
0.286275
0.525490
0.756863
0.886275
0.941176
0.952941
0.964706
0.929412
0.580392
0.294118
0.329412
0.243137
0.254902
0.247059
0.160784
0.125490
0.105882
0.290196
0.717647
0.835294
0.619608
0.474510
0.592157
0.733333
0.729412
0.647059
0.627451
0.560784
0.372549
0.203922
0.180392
0.192157
0.380392
0.717647
0.870588
0.901961
0.929412
0.960784
0.972549
0.956863
0.615686
0.298039
0.278431
0.270588
0.286275
0.211765
0.137255
0.145098
0.117647
0.223529
0.545098
0.698039
0.568627
0.505882
0.713725
0.792157
0.760784
0.666667
0.615686
0.529412
0.360784
0.172549
0.113725
0.250980
0.623529
0.847059
0.917647
0.933333
0.941176
0.964706
0.964706
0.972549
0.780392
0.427451
0.333333
0.262745
0.274510
0.200000
0.141176
0.129412
0.113725
0.149020
0.380392
0.513725
0.545098
0.643137
0.780392
0.784314
0.741176
0.666667
0.635294
0.580392
0.364706
0.141176
0.176471
0.572549
0.866667
0.913725
0.933333
0.933333
0.941176
0.968627
0.968627
0.952941
0.866667
0.690196
0.450980
0.227451
0.203922
0.207843
0.215686
0.176471
0.113725
0.117647
0.262745
0.431373
0.650980
0.800000
0.807843
0.745098
0.701961
0.654902
0.662745
0.580392
0.294118
0.141176
0.380392
0.815686
0.925490
0.941176
0.937255
0.933333
0.952941
0.972549
0.972549
0.952941
0.905882
0.843137
0.615686
0.258824
0.192157
0.184314
0.247059
0.266667
0.164706
0.145098
0.309804
0.564706
0.803922
0.886275
0.831373
0.725490
0.658824
0.631373
0.674510
0.568627
0.258824
0.184314
0.556863
0.898039
0.952941
0.968627
0.956863
0.945098
0.960784
0.980392
0.976471
0.960784
0.929412
0.917647
0.788235
0.431373
0.325490
0.152941
0.196078
0.227451
0.180392
0.180392
0.439216
0.741176
0.886275
0.901961
0.819608
0.690196
0.639216
0.635294
0.678431
0.568627
0.254902
0.301961
0.698039
0.909804
0.972549
0.980392
0.972549
0.964706
0.972549
0.988235
0.984314
0.976471
0.960784
0.937255
0.854902
0.635294
0.435294
0.192157
0.223529
0.207843
0.164706
0.309804
0.643137
0.819608
0.858824
0.827451
0.745098
0.670588
0.647059
0.635294
0.690196
0.564706
0.270588
0.470588
0.815686
0.913725
0.960784
0.976471
0.972549
0.980392
0.992157
0.988235
0.984314
0.980392
0.976471
0.945098
0.898039
0.796078
0.556863
0.266667
0.239216
0.223529
0.192157
0.470588
0.776471
0.823529
0.780392
0.725490
0.682353
0.658824
0.647059
0.635294
0.686275
0.584314
0.368627
0.647059
0.854902
0.894118
0.949020
0.976471
0.980392
0.988235
0.996078
0.984314
0.972549
0.968627
0.968627
0.949020
0.925490
0.850980
0.627451
0.270588
0.192157
0.184314
0.266667
0.576471
0.756863
0.749020
0.701961
0.674510
0.658824
0.647059
0.639216
0.635294
0.698039
0.682353
0.607843
0.756863
0.831373
0.878431
0.937255
0.976471
0.992157
0.996078
0.984314
0.956863
0.941176
0.945098
0.952941
0.945098
0.921569
0.870588
0.635294
0.243137
0.188235
0.180392
0.380392
0.611765
0.658824
0.670588
0.662745
0.654902
0.650980
0.643137
0.635294
0.639216
0.694118
0.756863
0.760784
0.776471
0.831373
0.886275
0.933333
0.968627
0.984314
0.976471
0.949020
0.909804
0.901961
0.929412
0.945098
0.933333
0.913725
0.870588
0.678431
0.364706
0.219608
0.309804
0.529412
0.588235
0.627451
0.654902
0.650980
0.647059
0.643137
0.635294
0.635294
0.635294
0.694118
0.733333
0.741176
0.780392
0.854902
0.901961
0.929412
0.949020
0.952941
0.929412
0.882353
0.866667
0.894118
0.929412
0.945098
0.929412
0.905882
0.858824
0.772549
0.521569
0.321569
0.466667
0.576471
0.596078
0.627451
0.647059
0.643137
0.635294
0.631373
0.635294
0.639216
0.643137
0.690196
0.709804
0.721569
0.796078
0.878431
0.901961
0.890196
0.886275
0.854902
0.839216
0.835294
0.858824
0.901961
0.937255
0.949020
0.937255
0.905882
0.862745
0.811765
0.572549
0.470588
0.576471
0.588235
0.600000
0.623529
0.631373
0.635294
0.639216
0.639216
0.635294
0.639216
0.643137
0.682353
0.733333
0.784314
0.835294
0.898039
0.898039
0.850980
0.788235
0.752941
0.792157
0.827451
0.870588
0.913725
0.949020
0.945098
0.925490
0.874510
0.831373
0.760784
0.631373
0.603922
0.615686
0.611765
0.619608
0.631373
0.635294
0.635294
0.639216
0.639216
0.639216
0.635294
0.635294
0.678431
0.768627
0.862745
0.898039
0.913725
0.898039
0.835294
0.717647
0.749020
0.815686
0.843137
0.874510
0.913725
0.929412
0.917647
0.886275
0.803922
0.760784
0.701961
0.658824
0.650980
0.627451
0.623529
0.639216
0.647059
0.650980
0.643137
0.639216
0.643137
0.643137
0.639216
0.631373
0.678431
0.803922
0.921569
0.937255
0.925490
0.866667
0.741176
0.725490
0.796078
0.850980
0.878431
0.886275
0.882353
0.862745
0.835294
0.776471
0.717647
0.701961
0.690196
0.670588
0.658824
0.650980
0.643137
0.647059
0.650980
0.658824
0.647059
0.643137
0.650980
0.650980
0.639216
0.631373
0.670588
0.768627
0.917647
0.937255
0.870588
0.749020
0.678431
0.756863
0.839216
0.882353
0.913725
0.905882
0.815686
0.760784
0.745098
0.698039
0.694118
0.698039
0.686275
0.666667
0.662745
0.654902
0.654902
0.658824
0.650980
0.654902
0.650980
0.643137
0.654902
0.627451
0.603922
0.588235
0.690196
0.709804
0.807843
0.823529
0.737255
0.690196
0.694118
0.768627
0.862745
0.909804
0.878431
0.811765
0.733333
0.698039
0.705882
0.694118
0.701961
0.698039
0.686275
0.666667
0.662745
0.658824
0.658824
0.662745
0.654902
0.654902
0.650980
0.650980
0.650980
0.619608
0.592157
0.619608
0.752941
0.749020
0.752941
0.760784
0.760784
0.760784
0.764706
0.768627
0.768627
0.764706
0.752941
0.737255
0.725490
0.729412
0.745098
0.737255
0.721569
0.729412
0.745098
0.756863
0.729412
0.721569
0.733333
0.741176
0.745098
0.760784
0.768627
0.760784
0.760784
0.756863
0.764706
0.768627
0.752941
0.745098
0.745098
0.756863
0.749020
0.749020
0.760784
0.772549
0.780392
0.764706
0.721569
0.713725
0.713725
0.686275
0.658824
0.643137
0.674510
0.721569
0.713725
0.709804
0.690196
0.690196
0.701961
0.717647
0.729412
0.752941
0.764706
0.764706
0.760784
0.760784
0.764706
0.764706
0.752941
0.745098
0.745098
0.749020
0.745098
0.749020
0.749020
0.741176
0.729412
0.635294
0.517647
0.662745
0.788235
0.752941
0.600000
0.505882
0.580392
0.658824
0.705882
0.729412
0.729412
0.737255
0.721569
0.709804
0.713725
0.737255
0.764706
0.764706
0.764706
0.764706
0.768627
0.768627
0.752941
0.745098
0.745098
0.745098
0.749020
0.749020
0.729412
0.658824
0.470588
0.290196
0.247059
0.639216
0.866667
0.827451
0.721569
0.686275
0.717647
0.662745
0.647059
0.745098
0.768627
0.780392
0.764706
0.725490
0.694118
0.717647
0.760784
0.760784
0.764706
0.764706
0.768627
0.768627
0.749020
0.741176
0.745098
0.745098
0.752941
0.756863
0.709804
0.486275
0.207843
0.164706
0.203922
0.603922
0.909804
0.862745
0.811765
0.729412
0.615686
0.549020
0.454902
0.545098
0.745098
0.807843
0.788235
0.764706
0.725490
0.713725
0.741176
0.768627
0.772549
0.760784
0.760784
0.768627
0.745098
0.737255
0.741176
0.745098
0.752941
0.701961
0.470588
0.207843
0.125490
0.168627
0.219608
0.607843
0.937255
0.694118
0.427451
0.313725
0.239216
0.286275
0.278431
0.270588
0.486275
0.780392
0.819608
0.807843
0.784314
0.749020
0.721569
0.764706
0.784314
0.760784
0.756863
0.768627
0.752941
0.745098
0.745098
0.745098
0.713725
0.462745
0.168627
0.113725
0.133333
0.215686
0.282353
0.533333
0.737255
0.349020
0.141176
0.192157
0.180392
0.250980
0.282353
0.200000
0.215686
0.431373
0.733333
0.839216
0.827451
0.811765
0.752941
0.756863
0.784314
0.768627
0.764706
0.768627
0.756863
0.745098
0.737255
0.737255
0.564706
0.215686
0.168627
0.298039
0.325490
0.431373
0.352941
0.341176
0.505882
0.372549
0.141176
0.172549
0.184314
0.247059
0.321569
0.250980
0.227451
0.196078
0.400000
0.768627
0.858824
0.850980
0.764706
0.698039
0.752941
0.772549
0.768627
0.768627
0.756863
0.737255
0.725490
0.694118
0.376471
0.133333
0.227451
0.447059
0.654902
0.745098
0.470588
0.545098
0.796078
0.521569
0.200000
0.137255
0.129412
0.219608
0.309804
0.301961
0.266667
0.227451
0.207843
0.541176
0.847059
0.874510
0.788235
0.607843
0.619608
0.745098
0.764706
0.764706
0.760784
0.733333
0.721569
0.647059
0.309804
0.156863
0.176471
0.517647
0.921569
0.929412
0.843137
0.917647
0.960784
0.556863
0.227451
0.286275
0.117647
0.152941
0.219608
0.266667
0.301961
0.298039
0.239216
0.368627
0.768627
0.894118
0.831373
0.654902
0.450980
0.600000
0.737255
0.756863
0.749020
0.745098
0.741176
0.627451
0.270588
0.129412
0.215686
0.721569
0.984314
0.960784
0.929412
0.917647
0.913725
0.725490
0.392157
0.356863
0.121569
0.137255
0.247059
0.294118
0.298039
0.298039
0.243137
0.329412
0.709804
0.890196
0.835294
0.701961
0.419608
0.388235
0.650980
0.741176
0.760784
0.760784
0.752941
0.619608
0.250980
0.113725
0.239216
0.776471
0.956863
0.764706
0.698039
0.882353
0.929412
0.823529
0.431373
0.200000
0.125490
0.168627
0.298039
0.325490
0.258824
0.211765
0.160784
0.368627
0.760784
0.890196
0.823529
0.678431
0.435294
0.321569
0.556863
0.717647
0.780392
0.768627
0.749020
0.568627
0.250980
0.164706
0.180392
0.623529
0.819608
0.525490
0.509804
0.815686
0.960784
0.894118
0.623529
0.345098
0.211765
0.243137
0.349020
0.282353
0.215686
0.168627
0.129412
0.403922
0.839216
0.890196
0.784314
0.627451
0.419608
0.349020
0.517647
0.698039
0.784314
0.764706
0.717647
0.450980
0.250980
0.235294
0.200000
0.415686
0.741176
0.811765
0.788235
0.827451
0.952941
0.952941
0.690196
0.388235
0.301961
0.235294
0.309804
0.278431
0.196078
0.137255
0.113725
0.368627
0.831373
0.878431
0.725490
0.560784
0.486275
0.568627
0.639216
0.698039
0.772549
0.749020
0.600000
0.317647
0.239216
0.270588
0.301961
0.545098
0.772549
0.894118
0.941176
0.952941
0.968627
0.945098
0.611765
0.333333
0.360784
0.270588
0.270588
0.254902
0.176471
0.133333
0.101961
0.286275
0.717647
0.858824
0.654902
0.501961
0.615686
0.752941
0.776471
0.733333
0.737255
0.666667
0.439216
0.219608
0.184314
0.207843
0.392157
0.729412
0.874510
0.913725
0.949020
0.968627
0.968627
0.945098
0.619608
0.337255
0.313725
0.290196
0.301961
0.223529
0.149020
0.152941
0.117647
0.223529
0.549020
0.725490
0.600000
0.533333
0.737255
0.819608
0.807843
0.745098
0.737255
0.635294
0.427451
0.200000
0.105882
0.239216
0.619608
0.843137
0.905882
0.917647
0.933333
0.964706
0.968627
0.964706
0.772549
0.439216
0.345098
0.270588
0.294118
0.223529
0.152941
0.137255
0.125490
0.164706
0.396078
0.533333
0.560784
0.654902
0.800000
0.819608
0.792157
0.729412
0.760784
0.682353
0.427451
0.168627
0.168627
0.552941
0.854902
0.901961
0.913725
0.909804
0.925490
0.964706
0.972549
0.945098
0.854902
0.678431
0.443137
0.231373
0.223529
0.243137
0.231373
0.184314
0.129412
0.133333
0.278431
0.447059
0.658824
0.800000
0.819608
0.780392
0.756863
0.729412
0.784314
0.674510
0.352941
0.160784
0.376471
0.800000
0.909804
0.921569
0.913725
0.909804
0.937255
0.968627
0.972549
0.941176
0.882353
0.815686
0.600000
0.266667
0.219608
0.219608
0.262745
0.270588
0.176471
0.160784
0.325490
0.580392
0.807843
0.894118
0.850980
0.764706
0.725490
0.725490
0.788235
0.658824
0.313725
0.200000
0.552941
0.882353
0.929412
0.941176
0.929412
0.917647
0.941176
0.976471
0.976471
0.949020
0.901961
0.882353
0.772549
0.435294
0.345098
0.176471
0.207843
0.235294
0.192157
0.196078
0.458824
0.760784
0.905882
0.921569
0.854902
0.749020
0.729412
0.749020
0.788235
0.658824
0.309804
0.313725
0.694118
0.898039
0.945098
0.949020
0.945098
0.937255
0.952941
0.976471
0.980392
0.960784
0.937255
0.917647
0.847059
0.643137
0.439216
0.188235
0.227451
0.215686
0.172549
0.325490
0.662745
0.850980
0.898039
0.866667
0.800000
0.752941
0.756863
0.760784
0.807843
0.662745
0.329412
0.478431
0.796078
0.886275
0.933333
0.956863
0.972549
0.964706
0.960784
0.972549
0.980392
0.972549
0.964706
0.937255
0.890196
0.792157
0.556863
0.274510
0.250980
0.223529
0.180392
0.474510
0.803922
0.866667
0.831373
0.792157
0.772549
0.776471
0.772549
0.756863
0.803922
0.674510
0.411765
0.643137
0.827451
0.862745
0.921569
0.960784
0.984314
0.976471
0.956863
0.960784
0.964706
0.964706
0.964706
0.941176
0.905882
0.835294
0.631373
0.294118
0.211765
0.180392
0.258824
0.596078
0.811765
0.819608
0.780392
0.768627
0.772549
0.776471
0.768627
0.756863
0.792157
0.745098
0.627451
0.737255
0.803922
0.854902
0.913725
0.952941
0.976471
0.972549
0.949020
0.933333
0.929412
0.937255
0.949020
0.937255
0.905882
0.858824
0.639216
0.266667
0.203922
0.196078
0.407843
0.670588
0.749020
0.776471
0.772549
0.772549
0.772549
0.768627
0.756863
0.760784
0.776471
0.796078
0.760784
0.749020
0.807843
0.874510
0.913725
0.945098
0.960784
0.952941
0.917647
0.886275
0.894118
0.921569
0.937255
0.921569
0.898039
0.858824
0.682353
0.388235
0.250980
0.356863
0.607843
0.686275
0.737255
0.780392
0.780392
0.772549
0.768627
0.760784
0.752941
0.756863
0.772549
0.764706
0.729412
0.756863
0.847059
0.901961
0.917647
0.929412
0.941176
0.909804
0.854902
0.847059
0.882353
0.921569
0.937255
0.921569
0.890196
0.847059
0.776471
0.549020
0.380392
0.560784
0.698039
0.721569
0.741176
0.760784
0.764706
0.756863
0.756863
0.760784
0.764706
0.764706
0.776471
0.737255
0.709804
0.780392
0.874510
0.898039
0.882353
0.878431
0.854902
0.827451
0.815686
0.843137
0.890196
0.921569
0.933333
0.921569
0.890196
0.858824
0.823529
0.615686
0.564706
0.701961
0.729412
0.737255
0.737255
0.733333
0.741176
0.752941
0.760784
0.764706
0.764706
0.764706
0.772549
0.760784
0.780392
0.835294
0.894118
0.890196
0.843137
0.784314
0.749020
0.792157
0.827451
0.862745
0.901961
0.929412
0.921569
0.905882
0.878431
0.870588
0.823529
0.717647
0.721569
0.749020
0.745098
0.752941
0.756863
0.756863
0.756863
0.760784
0.764706
0.764706
0.760784
0.760784
0.768627
0.803922
0.874510
0.901961
0.917647
0.894118
0.827451
0.705882
0.733333
0.803922
0.839216
0.870588
0.909804
0.929412
0.917647
0.894118
0.843137
0.827451
0.796078
0.768627
0.772549
0.752941
0.749020
0.760784
0.772549
0.776471
0.768627
0.764706
0.768627
0.768627
0.764706
0.756863
0.772549
0.854902
0.949020
0.956863
0.945098
0.882353
0.745098
0.717647
0.776471
0.835294
0.874510
0.894118
0.898039
0.890196
0.874510
0.835294
0.788235
0.796078
0.803922
0.792157
0.784314
0.772549
0.764706
0.768627
0.772549
0.780392
0.772549
0.768627
0.776471
0.776471
0.764706
0.756863
0.768627
0.835294
0.964706
0.968627
0.909804
0.792157
0.705882
0.768627
0.831373
0.874510
0.925490
0.929412
0.858824
0.815686
0.823529
0.796078
0.796078
0.803922
0.807843
0.796078
0.784314
0.772549
0.768627
0.776471
0.768627
0.780392
0.776471
0.768627
0.776471
0.752941
0.729412
0.713725
0.788235
0.792157
0.866667
0.866667
0.792157
0.756863
0.749020
0.807843
0.890196
0.933333
0.913725
0.862745
0.800000
0.780392
0.807843
0.811765
0.815686
0.807843
0.800000
0.788235
0.776471
0.768627
0.772549
0.772549
0.768627
0.776471
0.776471
0.776471
0.776471
0.745098
0.717647
0.745098
