0.482353
0.501961
0.509804
0.525490
0.529412
0.509804
0.400000
0.364706
0.368627
0.360784
0.364706
0.345098
0.349020
0.376471
0.403922
0.403922
0.396078
0.400000
0.403922
0.388235
0.372549
0.364706
0.345098
0.329412
0.317647
0.325490
0.329412
0.333333
0.345098
0.341176
0.317647
0.301961
0.341176
0.372549
0.380392
0.396078
0.403922
0.400000
0.384314
0.380392
0.392157
0.376471
0.372549
0.349020
0.360784
0.396078
0.419608
0.415686
0.400000
0.403922
0.415686
0.396078
0.368627
0.356863
0.345098
0.329412
0.329412
0.325490
0.325490
0.329412
0.345098
0.345098
0.329412
0.309804
0.356863
0.380392
0.396078
0.407843
0.415686
0.396078
0.384314
0.400000
0.407843
0.384314
0.376471
0.352941
0.368627
0.411765
0.431373
0.431373
0.411765
0.403922
0.411765
0.403922
0.364706
0.356863
0.345098
0.333333
0.341176
0.333333
0.321569
0.329412
0.337255
0.329412
0.333333
0.321569
0.372549
0.392157
0.415686
0.427451
0.439216
0.419608
0.396078
0.407843
0.403922
0.392157
0.403922
0.376471
0.364706
0.415686
0.474510
0.498039
0.466667
0.407843
0.392157
0.396078
0.360784
0.360784
0.356863
0.349020
0.345098
0.333333
0.325490
0.341176
0.333333
0.325490
0.337255
0.329412
0.388235
0.407843
0.427451
0.439216
0.447059
0.443137
0.419608
0.407843
0.400000
0.396078
0.415686
0.388235
0.349020
0.431373
0.600000
0.698039
0.678431
0.560784
0.427451
0.372549
0.356863
0.360784
0.368627
0.352941
0.337255
0.325490
0.337255
0.356863
0.337255
0.333333
0.341176
0.333333
0.400000
0.419608
0.439216
0.447059
0.454902
0.447059
0.439216
0.427451
0.419608
0.403922
0.403922
0.396078
0.376471
0.454902
0.670588
0.843137
0.874510
0.800000
0.600000
0.403922
0.349020
0.356863
0.368627
0.360784
0.337255
0.337255
0.368627
0.372549
0.349020
0.349020
0.341176
0.341176
0.403922
0.435294
0.435294
0.439216
0.450980
0.439216
0.443137
0.447059
0.435294
0.419608
0.400000
0.431373
0.470588
0.517647
0.662745
0.835294
0.925490
0.921569
0.784314
0.513725
0.325490
0.333333
0.380392
0.388235
0.372549
0.388235
0.407843
0.396078
0.384314
0.376471
0.356863
0.364706
0.411765
0.443137
0.439216
0.431373
0.443137
0.431373
0.431373
0.447059
0.423529
0.458824
0.470588
0.494118
0.533333
0.584314
0.623529
0.666667
0.784314
0.905882
0.788235
0.486275
0.305882
0.309804
0.384314
0.403922
0.396078
0.407843
0.403922
0.396078
0.388235
0.372549
0.364706
0.364706
0.400000
0.407843
0.419608
0.419608
0.423529
0.419608
0.419608
0.431373
0.400000
0.419608
0.494118
0.513725
0.517647
0.529412
0.486275
0.403922
0.509804
0.772549
0.717647
0.388235
0.254902
0.274510
0.317647
0.329412
0.325490
0.325490
0.321569
0.317647
0.305882
0.298039
0.294118
0.282353
0.317647
0.313725
0.321569
0.337255
0.349020
0.349020
0.352941
0.364706
0.317647
0.325490
0.435294
0.529412
0.603922
0.549020
0.384314
0.305882
0.494118
0.764706
0.737255
0.517647
0.333333
0.231373
0.282353
0.305882
0.301961
0.298039
0.294118
0.294118
0.282353
0.274510
0.274510
0.270588
0.301961
0.290196
0.274510
0.266667
0.278431
0.266667
0.266667
0.258824
0.219608
0.298039
0.388235
0.501961
0.564706
0.439216
0.364706
0.498039
0.709804
0.843137
0.839216
0.780392
0.588235
0.321569
0.305882
0.349020
0.349020
0.352941
0.333333
0.325490
0.317647
0.298039
0.305882
0.298039
0.360784
0.360784
0.352941
0.356863
0.380392
0.392157
0.352941
0.227451
0.219608
0.309804
0.360784
0.450980
0.552941
0.478431
0.482353
0.701961
0.831373
0.784314
0.760784
0.803922
0.756863
0.525490
0.352941
0.356863
0.349020
0.345098
0.337255
0.325490
0.317647
0.305882
0.309804
0.313725
0.364706
0.364706
0.372549
0.411765
0.431373
0.521569
0.600000
0.396078
0.294118
0.380392
0.454902
0.439216
0.407843
0.501961
0.721569
0.858824
0.760784
0.537255
0.443137
0.627451
0.803922
0.647059
0.407843
0.384314
0.419608
0.435294
0.396078
0.345098
0.321569
0.321569
0.321569
0.325490
0.360784
0.364706
0.396078
0.431373
0.423529
0.529412
0.725490
0.701961
0.592157
0.647059
0.666667
0.486275
0.309804
0.494118
0.796078
0.878431
0.741176
0.505882
0.411765
0.592157
0.776471
0.654902
0.458824
0.490196
0.619608
0.690196
0.568627
0.411765
0.345098
0.305882
0.341176
0.341176
0.360784
0.380392
0.427451
0.419608
0.376471
0.580392
0.764706
0.823529
0.827451
0.831373
0.831373
0.709804
0.470588
0.486275
0.709804
0.815686
0.760784
0.682353
0.654902
0.670588
0.666667
0.592157
0.556863
0.643137
0.709804
0.737255
0.654902
0.560784
0.462745
0.352941
0.368627
0.345098
0.368627
0.396078
0.423529
0.372549
0.380392
0.654902
0.815686
0.858824
0.878431
0.882353
0.878431
0.866667
0.741176
0.647059
0.725490
0.800000
0.792157
0.784314
0.764706
0.705882
0.615686
0.552941
0.619608
0.729412
0.772549
0.764706
0.741176
0.674510
0.592157
0.419608
0.380392
0.341176
0.380392
0.400000
0.400000
0.372549
0.498039
0.709804
0.835294
0.878431
0.894118
0.913725
0.917647
0.909804
0.890196
0.862745
0.854902
0.854902
0.831373
0.803922
0.788235
0.752941
0.650980
0.580392
0.658824
0.733333
0.768627
0.756863
0.741176
0.698039
0.600000
0.411765
0.368627
0.345098
0.415686
0.427451
0.435294
0.447059
0.549020
0.745098
0.858824
0.886275
0.894118
0.913725
0.921569
0.917647
0.921569
0.921569
0.909804
0.890196
0.866667
0.843137
0.827451
0.792157
0.682353
0.592157
0.662745
0.721569
0.749020
0.752941
0.709804
0.670588
0.564706
0.423529
0.376471
0.349020
0.454902
0.458824
0.474510
0.482353
0.541176
0.713725
0.843137
0.886275
0.898039
0.909804
0.909804
0.909804
0.925490
0.937255
0.925490
0.909804
0.898039
0.874510
0.847059
0.803922
0.705882
0.619608
0.666667
0.737255
0.745098
0.737255
0.698039
0.631373
0.517647
0.411765
0.372549
0.356863
0.439216
0.435294
0.435294
0.454902
0.600000
0.776471
0.870588
0.909804
0.917647
0.925490
0.913725
0.905882
0.917647
0.925490
0.921569
0.913725
0.894118
0.862745
0.847059
0.815686
0.737255
0.698039
0.737255
0.745098
0.721569
0.705882
0.662745
0.619608
0.482353
0.392157
0.380392
0.384314
0.400000
0.423529
0.415686
0.443137
0.580392
0.784314
0.898039
0.929412
0.929412
0.921569
0.905882
0.901961
0.917647
0.925490
0.917647
0.901961
0.850980
0.823529
0.854902
0.843137
0.772549
0.800000
0.878431
0.819608
0.741176
0.745098
0.647059
0.556863
0.486275
0.396078
0.372549
0.364706
0.600000
0.639216
0.650980
0.658824
0.607843
0.647059
0.807843
0.905882
0.921569
0.909804
0.882353
0.878431
0.890196
0.898039
0.886275
0.854902
0.835294
0.862745
0.882353
0.803922
0.705882
0.772549
0.890196
0.909804
0.901961
0.878431
0.737255
0.509804
0.498039
0.403922
0.380392
0.360784
0.737255
0.725490
0.772549
0.796078
0.729412
0.627451
0.772549
0.894118
0.933333
0.933333
0.905882
0.882353
0.898039
0.901961
0.874510
0.850980
0.874510
0.921569
0.894118
0.745098
0.635294
0.705882
0.780392
0.854902
0.874510
0.858824
0.796078
0.705882
0.592157
0.584314
0.600000
0.552941
0.709804
0.698039
0.698039
0.725490
0.737255
0.682353
0.772549
0.886275
0.941176
0.949020
0.921569
0.874510
0.870588
0.866667
0.843137
0.862745
0.913725
0.929412
0.870588
0.709804
0.639216
0.756863
0.768627
0.784314
0.772549
0.756863
0.741176
0.752941
0.698039
0.709804
0.741176
0.709804
0.705882
0.713725
0.713725
0.717647
0.729412
0.698039
0.725490
0.870588
0.937255
0.941176
0.917647
0.827451
0.776471
0.784314
0.796078
0.854902
0.917647
0.925490
0.882353
0.788235
0.741176
0.768627
0.780392
0.800000
0.800000
0.784314
0.764706
0.760784
0.670588
0.713725
0.741176
0.717647
0.721569
0.737255
0.733333
0.729412
0.745098
0.745098
0.796078
0.894118
0.933333
0.929412
0.901961
0.819608
0.784314
0.772549
0.803922
0.870588
0.901961
0.905882
0.886275
0.839216
0.800000
0.788235
0.788235
0.792157
0.780392
0.764706
0.752941
0.752941
0.701961
0.729412
0.729412
0.701961
0.733333
0.749020
0.756863
0.756863
0.772549
0.780392
0.800000
0.850980
0.890196
0.886275
0.878431
0.866667
0.847059
0.819608
0.823529
0.835294
0.843137
0.850980
0.843137
0.827451
0.811765
0.803922
0.803922
0.800000
0.788235
0.788235
0.784314
0.772549
0.768627
0.764706
0.768627
0.756863
0.749020
0.760784
0.768627
0.776471
0.796078
0.807843
0.800000
0.811765
0.823529
0.819608
0.823529
0.823529
0.811765
0.807843
0.807843
0.803922
0.803922
0.807843
0.807843
0.807843
0.803922
0.803922
0.803922
0.803922
0.792157
0.788235
0.792157
0.796078
0.796078
0.784314
0.788235
0.788235
0.764706
0.772549
0.772549
0.780392
0.796078
0.807843
0.807843
0.815686
0.811765
0.811765
0.815686
0.811765
0.811765
0.815686
0.811765
0.811765
0.811765
0.811765
0.815686
0.815686
0.815686
0.811765
0.807843
0.807843
0.803922
0.803922
0.803922
0.803922
0.800000
0.784314
0.788235
0.788235
0.788235
0.792157
0.784314
0.784314
0.792157
0.796078
0.803922
0.815686
0.819608
0.831373
0.831373
0.827451
0.823529
0.823529
0.815686
0.815686
0.819608
0.819608
0.811765
0.815686
0.819608
0.819608
0.807843
0.803922
0.803922
0.811765
0.815686
0.807843
0.803922
0.788235
0.807843
0.807843
0.811765
0.815686
0.807843
0.800000
0.792157
0.796078
0.800000
0.819608
0.831373
0.839216
0.839216
0.839216
0.843137
0.847059
0.835294
0.823529
0.823529
0.827451
0.827451
0.823529
0.827451
0.835294
0.831373
0.823529
0.823529
0.835294
0.843137
0.835294
0.831373
0.819608
0.819608
0.827451
0.784314
0.788235
0.784314
0.796078
0.788235
0.784314
0.788235
0.784314
0.796078
0.803922
0.807843
0.811765
0.819608
0.823529
0.819608
0.811765
0.807843
0.811765
0.815686
0.815686
0.819608
0.819608
0.819608
0.811765
0.815686
0.823529
0.835294
0.843137
0.831373
0.807843
0.815686
0.811765
0.392157
0.423529
0.435294
0.454902
0.470588
0.439216
0.305882
0.262745
0.266667
0.262745
0.262745
0.243137
0.247059
0.274510
0.301961
0.298039
0.290196
0.298039
0.298039
0.286275
0.270588
0.262745
0.243137
0.227451
0.211765
0.215686
0.219608
0.223529
0.235294
0.231373
0.207843
0.192157
0.231373
0.270588
0.286275
0.305882
0.321569
0.305882
0.270588
0.274510
0.286275
0.274510
0.270588
0.247059
0.258824
0.294118
0.317647
0.309804
0.294118
0.298039
0.309804
0.294118
0.266667
0.254902
0.243137
0.223529
0.219608
0.215686
0.215686
0.219608
0.235294
0.235294
0.219608
0.203922
0.239216
0.274510
0.298039
0.305882
0.317647
0.294118
0.270588
0.294118
0.309804
0.286275
0.278431
0.247059
0.262745
0.309804
0.333333
0.329412
0.313725
0.305882
0.313725
0.305882
0.262745
0.250980
0.235294
0.223529
0.231373
0.219608
0.211765
0.219608
0.231373
0.223529
0.223529
0.215686
0.262745
0.290196
0.321569
0.329412
0.337255
0.317647
0.294118
0.309804
0.309804
0.294118
0.301961
0.262745
0.254902
0.321569
0.396078
0.427451
0.396078
0.329412
0.301961
0.301961
0.262745
0.254902
0.239216
0.231373
0.235294
0.223529
0.219608
0.235294
0.231373
0.223529
0.235294
0.223529
0.278431
0.305882
0.337255
0.341176
0.345098
0.341176
0.321569
0.313725
0.305882
0.301961
0.317647
0.278431
0.247059
0.356863
0.552941
0.666667
0.647059
0.505882
0.352941
0.290196
0.270588
0.266667
0.262745
0.247059
0.239216
0.227451
0.243137
0.254902
0.235294
0.231373
0.239216
0.227451
0.290196
0.317647
0.341176
0.349020
0.352941
0.345098
0.341176
0.329412
0.325490
0.313725
0.313725
0.309804
0.301961
0.396078
0.627451
0.815686
0.854902
0.776471
0.568627
0.352941
0.278431
0.274510
0.278431
0.266667
0.250980
0.247059
0.278431
0.278431
0.250980
0.247059
0.239216
0.239216
0.298039
0.333333
0.337255
0.337255
0.349020
0.337255
0.341176
0.352941
0.356863
0.349020
0.325490
0.356863
0.403922
0.458824
0.611765
0.803922
0.913725
0.917647
0.780392
0.494118
0.278431
0.270588
0.301961
0.305882
0.282353
0.301961
0.317647
0.305882
0.290196
0.282353
0.262745
0.270588
0.309804
0.341176
0.337255
0.329412
0.341176
0.329412
0.329412
0.352941
0.356863
0.403922
0.411765
0.427451
0.466667
0.525490
0.576471
0.635294
0.776471
0.909804
0.796078
0.482353
0.270588
0.254902
0.309804
0.317647
0.305882
0.317647
0.313725
0.305882
0.298039
0.282353
0.274510
0.274510
0.298039
0.305882
0.317647
0.317647
0.321569
0.317647
0.317647
0.345098
0.341176
0.376471
0.443137
0.450980
0.458824
0.478431
0.447059
0.380392
0.501961
0.772549
0.729412
0.396078
0.235294
0.223529
0.235294
0.231373
0.235294
0.235294
0.231373
0.227451
0.215686
0.207843
0.203922
0.196078
0.219608
0.215686
0.223529
0.239216
0.250980
0.254902
0.262745
0.298039
0.270588
0.290196
0.392157
0.478431
0.556863
0.509804
0.356863
0.282353
0.486275
0.768627
0.749020
0.525490
0.313725
0.180392
0.192157
0.203922
0.203922
0.200000
0.196078
0.192157
0.184314
0.180392
0.180392
0.176471
0.207843
0.196078
0.184314
0.180392
0.184314
0.176471
0.200000
0.223529
0.188235
0.262745
0.341176
0.454902
0.521569
0.411765
0.349020
0.486275
0.701961
0.847059
0.854902
0.784314
0.564706
0.266667
0.219608
0.250980
0.250980
0.247059
0.219608
0.207843
0.207843
0.188235
0.200000
0.192157
0.254902
0.254902
0.247059
0.247059
0.266667
0.294118
0.286275
0.192157
0.192157
0.270588
0.313725
0.400000
0.509804
0.450980
0.470588
0.698039
0.823529
0.780392
0.760784
0.807843
0.749020
0.478431
0.262745
0.250980
0.243137
0.231373
0.215686
0.203922
0.203922
0.196078
0.203922
0.203922
0.250980
0.250980
0.254902
0.290196
0.313725
0.427451
0.545098
0.364706
0.266667
0.341176
0.407843
0.388235
0.364706
0.474510
0.709804
0.854902
0.752941
0.517647
0.419608
0.607843
0.788235
0.611765
0.345098
0.309804
0.345098
0.349020
0.301961
0.243137
0.215686
0.215686
0.219608
0.219608
0.247059
0.247059
0.282353
0.317647
0.309804
0.447059
0.686275
0.678431
0.564706
0.615686
0.627451
0.443137
0.274510
0.474510
0.788235
0.870588
0.713725
0.462745
0.368627
0.549020
0.717647
0.568627
0.329412
0.345098
0.501961
0.588235
0.478431
0.301961
0.219608
0.200000
0.231373
0.231373
0.247059
0.266667
0.309804
0.298039
0.266667
0.509804
0.733333
0.800000
0.807843
0.807843
0.807843
0.674510
0.435294
0.458824
0.690196
0.776471
0.694118
0.607843
0.588235
0.592157
0.556863
0.439216
0.254902
0.172549
0.250980
0.337255
0.290196
0.215686
0.168627
0.137255
0.219608
0.231373
0.254902
0.282353
0.301961
0.239216
0.282353
0.603922
0.800000
0.843137
0.858824
0.862745
0.858824
0.835294
0.701961
0.607843
0.682353
0.741176
0.717647
0.709804
0.690196
0.623529
0.513725
0.411765
0.364706
0.305882
0.313725
0.345098
0.341176
0.309804
0.258824
0.129412
0.223529
0.227451
0.266667
0.286275
0.274510
0.239216
0.411765
0.682353
0.831373
0.862745
0.878431
0.898039
0.901961
0.894118
0.870588
0.835294
0.819608
0.807843
0.792157
0.772549
0.749020
0.705882
0.576471
0.384314
0.325490
0.427451
0.505882
0.490196
0.490196
0.470588
0.360784
0.160784
0.239216
0.223529
0.301961
0.313725
0.317647
0.329412
0.466667
0.709804
0.847059
0.878431
0.886275
0.901961
0.913725
0.913725
0.917647
0.913725
0.898039
0.874510
0.854902
0.831373
0.796078
0.749020
0.600000
0.301961
0.133333
0.243137
0.345098
0.321569
0.278431
0.231373
0.156863
0.152941
0.250980
0.227451
0.341176
0.345098
0.360784
0.372549
0.458824
0.666667
0.827451
0.878431
0.894118
0.905882
0.905882
0.905882
0.921569
0.933333
0.921569
0.905882
0.890196
0.854902
0.815686
0.772549
0.615686
0.298039
0.090196
0.188235
0.305882
0.254902
0.129412
0.094118
0.101961
0.192157
0.270588
0.254902
0.325490
0.321569
0.321569
0.345098
0.517647
0.729412
0.854902
0.901961
0.913725
0.921569
0.909804
0.901961
0.913725
0.921569
0.917647
0.909804
0.886275
0.843137
0.815686
0.788235
0.678431
0.494118
0.368627
0.411765
0.541176
0.478431
0.298039
0.384314
0.364706
0.298039
0.286275
0.274510
0.278431
0.301961
0.294118
0.333333
0.490196
0.733333
0.878431
0.925490
0.925490
0.917647
0.901961
0.894118
0.909804
0.917647
0.909804
0.890196
0.843137
0.811765
0.831373
0.811765
0.749020
0.772549
0.823529
0.760784
0.682353
0.674510
0.619608
0.576471
0.482353
0.317647
0.262745
0.262745
0.443137
0.482353
0.525490
0.564706
0.517647
0.580392
0.776471
0.894118
0.917647
0.905882
0.874510
0.862745
0.874510
0.878431
0.866667
0.827451
0.819608
0.862745
0.882353
0.788235
0.694118
0.768627
0.874510
0.905882
0.886275
0.874510
0.768627
0.529412
0.478431
0.325490
0.278431
0.274510
0.572549
0.584314
0.682353
0.752941
0.674510
0.568627
0.737255
0.882353
0.925490
0.929412
0.898039
0.866667
0.878431
0.882353
0.854902
0.827451
0.866667
0.925490
0.890196
0.729412
0.607843
0.627451
0.635294
0.725490
0.772549
0.776471
0.721569
0.650980
0.560784
0.494118
0.478431
0.443137
0.556863
0.568627
0.600000
0.647059
0.643137
0.592157
0.709804
0.866667
0.933333
0.945098
0.913725
0.858824
0.847059
0.843137
0.823529
0.850980
0.913725
0.929412
0.854902
0.678431
0.611765
0.694118
0.654902
0.654902
0.619608
0.596078
0.592157
0.639216
0.639216
0.592157
0.588235
0.576471
0.564706
0.584314
0.592157
0.584314
0.580392
0.564706
0.635294
0.843137
0.933333
0.937255
0.909804
0.796078
0.725490
0.733333
0.764706
0.843137
0.913725
0.921569
0.858824
0.729412
0.666667
0.694118
0.701961
0.733333
0.733333
0.721569
0.713725
0.713725
0.592157
0.580392
0.592157
0.592157
0.584314
0.611765
0.619608
0.615686
0.615686
0.615686
0.698039
0.858824
0.921569
0.921569
0.890196
0.784314
0.709804
0.686275
0.745098
0.839216
0.882353
0.886275
0.858824
0.772549
0.694118
0.670588
0.662745
0.658824
0.650980
0.650980
0.658824
0.662745
0.592157
0.592157
0.596078
0.584314
0.600000
0.627451
0.647059
0.654902
0.654902
0.662745
0.705882
0.796078
0.847059
0.847059
0.839216
0.823529
0.780392
0.729412
0.729412
0.760784
0.780392
0.788235
0.776471
0.745098
0.705882
0.686275
0.674510
0.666667
0.654902
0.650980
0.647059
0.635294
0.623529
0.623529
0.627451
0.615686
0.615686
0.639216
0.654902
0.662745
0.666667
0.678431
0.690196
0.713725
0.725490
0.725490
0.729412
0.729412
0.713725
0.694118
0.678431
0.674510
0.678431
0.682353
0.686275
0.694118
0.694118
0.682353
0.678431
0.674510
0.666667
0.666667
0.670588
0.662745
0.654902
0.658824
0.654902
0.643137
0.639216
0.650980
0.650980
0.654902
0.662745
0.674510
0.678431
0.690196
0.678431
0.674510
0.674510
0.678431
0.686275
0.690196
0.682353
0.670588
0.670588
0.674510
0.674510
0.690196
0.698039
0.690196
0.682353
0.674510
0.666667
0.674510
0.682353
0.682353
0.678431
0.670588
0.670588
0.662745
0.666667
0.670588
0.662745
0.666667
0.674510
0.682353
0.686275
0.698039
0.690196
0.694118
0.690196
0.694118
0.698039
0.698039
0.690196
0.686275
0.690196
0.690196
0.686275
0.690196
0.698039
0.698039
0.686275
0.678431
0.674510
0.690196
0.701961
0.701961
0.690196
0.674510
0.694118
0.694118
0.690196
0.690196
0.686275
0.686275
0.678431
0.682353
0.686275
0.705882
0.713725
0.709804
0.705882
0.709804
0.717647
0.717647
0.709804
0.694118
0.694118
0.698039
0.698039
0.694118
0.705882
0.713725
0.709804
0.701961
0.705882
0.725490
0.741176
0.737255
0.717647
0.705882
0.705882
0.713725
0.662745
0.666667
0.662745
0.666667
0.654902
0.654902
0.658824
0.670588
0.682353
0.686275
0.686275
0.686275
0.698039
0.701961
0.690196
0.682353
0.678431
0.682353
0.686275
0.690196
0.694118
0.698039
0.698039
0.694118
0.705882
0.725490
0.745098
0.749020
0.721569
0.698039
0.701961
0.701961
0.352941
0.376471
0.392157
0.423529
0.431373
0.388235
0.254902
0.211765
0.215686
0.211765
0.211765
0.196078
0.196078
0.223529
0.250980
0.250980
0.247059
0.254902
0.254902
0.239216
0.219608
0.211765
0.192157
0.176471
0.164706
0.168627
0.172549
0.176471
0.188235
0.184314
0.160784
0.145098
0.176471
0.211765
0.227451
0.254902
0.274510
0.258824
0.227451
0.227451
0.239216
0.223529
0.219608
0.196078
0.207843
0.243137
0.266667
0.262745
0.250980
0.254902
0.266667
0.247059
0.215686
0.203922
0.192157
0.176471
0.172549
0.168627
0.168627
0.172549
0.188235
0.184314
0.172549
0.152941
0.176471
0.211765
0.235294
0.250980
0.266667
0.247059
0.227451
0.247059
0.258824
0.235294
0.227451
0.196078
0.211765
0.258824
0.286275
0.286275
0.266667
0.254902
0.262745
0.250980
0.211765
0.200000
0.188235
0.176471
0.184314
0.176471
0.164706
0.172549
0.176471
0.172549
0.172549
0.164706
0.196078
0.235294
0.266667
0.278431
0.286275
0.266667
0.247059
0.262745
0.262745
0.247059
0.254902
0.215686
0.207843
0.278431
0.356863
0.384314
0.352941
0.278431
0.250980
0.247059
0.211765
0.207843
0.196078
0.188235
0.188235
0.176471
0.168627
0.184314
0.176471
0.164706
0.176471
0.164706
0.211765
0.250980
0.282353
0.290196
0.294118
0.290196
0.270588
0.262745
0.258824
0.254902
0.270588
0.235294
0.207843
0.317647
0.513725
0.635294
0.619608
0.478431
0.321569
0.247059
0.215686
0.211765
0.211765
0.200000
0.188235
0.176471
0.188235
0.203922
0.176471
0.172549
0.180392
0.168627
0.227451
0.262745
0.290196
0.298039
0.301961
0.294118
0.290196
0.282353
0.278431
0.266667
0.266667
0.262745
0.262745
0.360784
0.600000
0.800000
0.850980
0.768627
0.549020
0.317647
0.227451
0.219608
0.227451
0.211765
0.196078
0.192157
0.223529
0.223529
0.192157
0.188235
0.180392
0.184314
0.243137
0.278431
0.282353
0.286275
0.298039
0.286275
0.290196
0.301961
0.301961
0.294118
0.270588
0.309804
0.364706
0.427451
0.588235
0.796078
0.909804
0.909804
0.768627
0.474510
0.250980
0.231373
0.258824
0.250980
0.227451
0.247059
0.262745
0.250980
0.235294
0.223529
0.203922
0.215686
0.258824
0.290196
0.286275
0.278431
0.290196
0.278431
0.282353
0.305882
0.305882
0.349020
0.356863
0.384314
0.435294
0.501961
0.560784
0.627451
0.768627
0.898039
0.784314
0.466667
0.254902
0.227451
0.270588
0.266667
0.250980
0.262745
0.258824
0.250980
0.243137
0.227451
0.219608
0.219608
0.247059
0.254902
0.266667
0.266667
0.270588
0.266667
0.270588
0.305882
0.298039
0.329412
0.400000
0.419608
0.435294
0.462745
0.439216
0.372549
0.494118
0.764706
0.713725
0.376471
0.215686
0.196078
0.196078
0.184314
0.180392
0.180392
0.176471
0.172549
0.160784
0.152941
0.149020
0.141176
0.168627
0.164706
0.168627
0.188235
0.200000
0.200000
0.219608
0.262745
0.235294
0.247059
0.352941
0.447059
0.537255
0.501961
0.356863
0.282353
0.482353
0.756863
0.737255
0.509804
0.294118
0.149020
0.152941
0.152941
0.145098
0.141176
0.137255
0.137255
0.133333
0.125490
0.121569
0.117647
0.152941
0.141176
0.129412
0.125490
0.121569
0.117647
0.156863
0.200000
0.164706
0.231373
0.305882
0.415686
0.494118
0.407843
0.360784
0.494118
0.698039
0.835294
0.839216
0.772549
0.552941
0.235294
0.168627
0.192157
0.192157
0.192157
0.168627
0.160784
0.160784
0.133333
0.133333
0.117647
0.196078
0.196078
0.188235
0.180392
0.192157
0.231373
0.247059
0.172549
0.168627
0.243137
0.282353
0.368627
0.490196
0.443137
0.478431
0.698039
0.819608
0.772549
0.749020
0.796078
0.729412
0.450980
0.231373
0.207843
0.196078
0.184314
0.172549
0.160784
0.156863
0.141176
0.129412
0.133333
0.184314
0.180392
0.188235
0.227451
0.254902
0.388235
0.529412
0.349020
0.243137
0.313725
0.376471
0.364706
0.352941
0.466667
0.705882
0.847059
0.745098
0.513725
0.419608
0.603922
0.776471
0.592157
0.321569
0.274510
0.294118
0.298039
0.254902
0.196078
0.164706
0.160784
0.149020
0.145098
0.176471
0.176471
0.215686
0.262745
0.266667
0.423529
0.686275
0.670588
0.549020
0.592157
0.603922
0.427451
0.266667
0.462745
0.772549
0.858824
0.709804
0.466667
0.368627
0.545098
0.717647
0.572549
0.333333
0.345098
0.498039
0.588235
0.474510
0.298039
0.200000
0.164706
0.172549
0.152941
0.176471
0.196078
0.247059
0.247059
0.219608
0.482353
0.725490
0.792157
0.796078
0.796078
0.796078
0.666667
0.431373
0.450980
0.678431
0.764706
0.686275
0.603922
0.580392
0.584314
0.556863
0.447059
0.286275
0.243137
0.325490
0.396078
0.349020
0.270588
0.203922
0.149020
0.180392
0.156863
0.184314
0.211765
0.235294
0.184314
0.239216
0.576471
0.780392
0.831373
0.847059
0.854902
0.847059
0.827451
0.698039
0.607843
0.678431
0.729412
0.705882
0.694118
0.674510
0.615686
0.517647
0.423529
0.388235
0.360784
0.380392
0.407843
0.407843
0.364706
0.298039
0.141176
0.180392
0.164706
0.196078
0.215686
0.207843
0.180392
0.372549
0.658824
0.803922
0.847059
0.862745
0.882353
0.886275
0.882353
0.858824
0.827451
0.815686
0.800000
0.776471
0.756863
0.733333
0.694118
0.576471
0.415686
0.372549
0.450980
0.537255
0.537255
0.537255
0.505882
0.384314
0.164706
0.184314
0.164706
0.243137
0.254902
0.258824
0.274510
0.431373
0.690196
0.831373
0.862745
0.870588
0.890196
0.898039
0.898039
0.901961
0.901961
0.882353
0.862745
0.843137
0.819608
0.788235
0.749020
0.600000
0.337255
0.200000
0.270588
0.376471
0.392157
0.337255
0.282353
0.207843
0.156863
0.192157
0.156863
0.286275
0.290196
0.305882
0.321569
0.423529
0.650980
0.815686
0.866667
0.878431
0.890196
0.890196
0.890196
0.905882
0.917647
0.905882
0.890196
0.874510
0.847059
0.811765
0.772549
0.623529
0.329412
0.152941
0.219608
0.301961
0.274510
0.196078
0.168627
0.145098
0.149020
0.192157
0.196078
0.270588
0.266667
0.266667
0.294118
0.482353
0.713725
0.847059
0.890196
0.898039
0.905882
0.894118
0.886275
0.898039
0.905882
0.901961
0.894118
0.874510
0.831373
0.811765
0.784314
0.674510
0.509804
0.403922
0.403922
0.439216
0.396078
0.333333
0.364706
0.317647
0.215686
0.215686
0.231373
0.235294
0.258824
0.250980
0.294118
0.462745
0.717647
0.866667
0.909804
0.909804
0.901961
0.886275
0.878431
0.894118
0.901961
0.898039
0.878431
0.827451
0.796078
0.819608
0.803922
0.737255
0.756863
0.811765
0.713725
0.580392
0.615686
0.623529
0.509804
0.419608
0.282353
0.215686
0.192157
0.450980
0.490196
0.521569
0.556863
0.513725
0.568627
0.760784
0.878431
0.901961
0.890196
0.858824
0.850980
0.862745
0.866667
0.854902
0.819608
0.807843
0.847059
0.866667
0.776471
0.682353
0.752941
0.866667
0.894118
0.870588
0.866667
0.803922
0.603922
0.521569
0.313725
0.223529
0.207843
0.596078
0.600000
0.682353
0.737255
0.662745
0.556863
0.721569
0.866667
0.909804
0.913725
0.882353
0.854902
0.866667
0.870588
0.843137
0.819608
0.850980
0.905882
0.874510
0.717647
0.600000
0.635294
0.670588
0.760784
0.796078
0.784314
0.745098
0.698039
0.584314
0.490196
0.470588
0.439216
0.588235
0.592157
0.611765
0.643137
0.643137
0.592157
0.701961
0.850980
0.917647
0.929412
0.901961
0.847059
0.835294
0.835294
0.811765
0.839216
0.894118
0.913725
0.843137
0.670588
0.603922
0.698039
0.678431
0.678431
0.647059
0.627451
0.627451
0.670588
0.650980
0.619608
0.623529
0.603922
0.592157
0.603922
0.607843
0.600000
0.600000
0.580392
0.635294
0.831373
0.917647
0.921569
0.894118
0.788235
0.721569
0.729412
0.752941
0.827451
0.898039
0.901961
0.847059
0.729412
0.670588
0.694118
0.705882
0.729412
0.729412
0.725490
0.725490
0.725490
0.615686
0.619608
0.627451
0.611765
0.600000
0.623529
0.627451
0.623529
0.627451
0.627451
0.701961
0.850980
0.909804
0.905882
0.874510
0.768627
0.705882
0.686275
0.737255
0.827451
0.870588
0.874510
0.850980
0.772549
0.701961
0.678431
0.678431
0.678431
0.674510
0.670588
0.674510
0.678431
0.611765
0.623529
0.623529
0.607843
0.611765
0.635294
0.650980
0.654902
0.662745
0.670588
0.709804
0.796078
0.843137
0.843137
0.835294
0.811765
0.772549
0.729412
0.729412
0.760784
0.784314
0.792157
0.780392
0.749020
0.709804
0.694118
0.686275
0.686275
0.682353
0.678431
0.678431
0.662745
0.654902
0.654902
0.654902
0.647059
0.631373
0.650980
0.666667
0.670588
0.678431
0.690196
0.698039
0.725490
0.741176
0.737255
0.741176
0.737255
0.717647
0.701961
0.694118
0.694118
0.701961
0.705882
0.709804
0.709804
0.701961
0.694118
0.690196
0.694118
0.694118
0.690196
0.694118
0.690196
0.682353
0.682353
0.682353
0.674510
0.658824
0.670588
0.670588
0.674510
0.686275
0.694118
0.701961
0.705882
0.698039
0.698039
0.694118
0.694118
0.698039
0.701961
0.698039
0.694118
0.701961
0.701961
0.705882
0.713725
0.717647
0.709804
0.701961
0.698039
0.694118
0.698039
0.705882
0.705882
0.701961
0.690196
0.690196
0.686275
0.690196
0.694118
0.686275
0.690196
0.698039
0.701961
0.705882
0.709804
0.701961
0.709804
0.705882
0.705882
0.709804
0.709804
0.705882
0.705882
0.717647
0.717647
0.713725
0.717647
0.721569
0.721569
0.709804
0.705882
0.701961
0.713725
0.721569
0.721569
0.709804
0.694118
0.713725
0.713725
0.713725
0.713725
0.709804
0.705882
0.698039
0.701961
0.705882
0.717647
0.721569
0.721569
0.721569
0.721569
0.729412
0.729412
0.721569
0.713725
0.717647
0.725490
0.725490
0.721569
0.729412
0.737255
0.733333
0.725490
0.725490
0.745098
0.760784
0.752941
0.737255
0.725490
0.725490
0.733333
0.686275
0.690196
0.686275
0.694118
0.682353
0.678431
0.682353
0.682353
0.690196
0.694118
0.694118
0.698039
0.709804
0.713725
0.709804
0.705882
0.705882
0.709804
0.713725
0.713725
0.717647
0.721569
0.721569
0.713725
0.725490
0.741176
0.760784
0.764706
0.741176
0.717647
0.721569
0.721569
