0.988235
0.952941
0.933333
0.929412
0.917647
0.909804
0.917647
0.921569
0.929412
0.937255
0.937255
0.925490
0.921569
0.913725
0.925490
0.917647
0.937255
0.937255
0.929412
0.909804
0.901961
0.929412
0.925490
0.909804
0.925490
0.921569
0.898039
0.909804
0.921569
0.925490
0.929412
0.956863
0.976471
0.811765
0.725490
0.721569
0.694118
0.694118
0.705882
0.721569
0.729412
0.741176
0.760784
0.737255
0.709804
0.709804
0.674510
0.584314
0.721569
0.741176
0.717647
0.690196
0.686275
0.709804
0.698039
0.678431
0.701961
0.701961
0.662745
0.686275
0.698039
0.698039
0.713725
0.827451
0.941176
0.678431
0.568627
0.568627
0.549020
0.556863
0.568627
0.580392
0.603922
0.607843
0.607843
0.603922
0.588235
0.592157
0.419608
0.262745
0.529412
0.588235
0.576471
0.568627
0.568627
0.556863
0.552941
0.549020
0.552941
0.556863
0.541176
0.545098
0.552941
0.552941
0.556863
0.666667
0.937255
0.674510
0.560784
0.552941
0.541176
0.552941
0.568627
0.584314
0.607843
0.607843
0.600000
0.600000
0.584314
0.498039
0.250980
0.184314
0.470588
0.588235
0.580392
0.576471
0.568627
0.560784
0.552941
0.549020
0.549020
0.545098
0.545098
0.549020
0.552941
0.556863
0.552941
0.650980
0.933333
0.686275
0.556863
0.552941
0.537255
0.549020
0.564706
0.580392
0.600000
0.607843
0.607843
0.584314
0.474510
0.282353
0.133333
0.145098
0.341176
0.576471
0.588235
0.580392
0.576471
0.564706
0.556863
0.552941
0.549020
0.549020
0.549020
0.552941
0.556863
0.556863
0.560784
0.686275
0.937255
0.662745
0.545098
0.545098
0.533333
0.545098
0.560784
0.572549
0.596078
0.580392
0.537255
0.439216
0.294118
0.156863
0.160784
0.176471
0.215686
0.545098
0.611765
0.584314
0.580392
0.564706
0.556863
0.552941
0.549020
0.552941
0.552941
0.556863
0.556863
0.560784
0.556863
0.686275
0.941176
0.658824
0.529412
0.529412
0.525490
0.549020
0.568627
0.576471
0.482353
0.352941
0.254902
0.231373
0.207843
0.176471
0.290196
0.223529
0.156863
0.521569
0.639216
0.580392
0.568627
0.560784
0.556863
0.552941
0.556863
0.560784
0.552941
0.552941
0.556863
0.560784
0.560784
0.670588
0.949020
0.662745
0.521569
0.517647
0.525490
0.556863
0.576471
0.568627
0.309804
0.141176
0.145098
0.172549
0.192157
0.258824
0.313725
0.184314
0.160784
0.478431
0.650980
0.568627
0.568627
0.556863
0.556863
0.552941
0.560784
0.560784
0.552941
0.552941
0.556863
0.556863
0.560784
0.654902
0.937255
0.596078
0.498039
0.513725
0.525490
0.556863
0.572549
0.588235
0.443137
0.250980
0.180392
0.152941
0.160784
0.211765
0.172549
0.145098
0.200000
0.450980
0.658824
0.525490
0.537255
0.568627
0.560784
0.556863
0.564706
0.564706
0.552941
0.552941
0.556863
0.560784
0.552941
0.654902
0.917647
0.580392
0.494118
0.505882
0.525490
0.556863
0.568627
0.588235
0.592157
0.513725
0.298039
0.121569
0.137255
0.196078
0.109804
0.121569
0.223529
0.466667
0.678431
0.545098
0.466667
0.549020
0.572549
0.564706
0.564706
0.564706
0.552941
0.552941
0.556863
0.560784
0.556863
0.701961
0.917647
0.564706
0.482353
0.501961
0.525490
0.556863
0.572549
0.592157
0.603922
0.603922
0.392157
0.133333
0.176471
0.180392
0.078431
0.137255
0.290196
0.533333
0.729412
0.603922
0.450980
0.498039
0.576471
0.572549
0.564706
0.560784
0.552941
0.552941
0.556863
0.560784
0.556863
0.705882
0.913725
0.588235
0.486275
0.490196
0.525490
0.560784
0.572549
0.596078
0.603922
0.607843
0.454902
0.168627
0.141176
0.109804
0.098039
0.207843
0.403922
0.647059
0.780392
0.627451
0.470588
0.454902
0.568627
0.580392
0.568627
0.560784
0.549020
0.549020
0.552941
0.560784
0.560784
0.690196
0.913725
0.603922
0.490196
0.490196
0.529412
0.560784
0.572549
0.600000
0.611765
0.607843
0.537255
0.247059
0.094118
0.086275
0.149020
0.321569
0.584314
0.772549
0.768627
0.623529
0.486275
0.423529
0.517647
0.572549
0.576471
0.560784
0.545098
0.545098
0.556863
0.568627
0.560784
0.654902
0.921569
0.611765
0.482353
0.498039
0.533333
0.560784
0.576471
0.603922
0.611765
0.607843
0.596078
0.388235
0.117647
0.101961
0.235294
0.537255
0.768627
0.807843
0.749020
0.635294
0.486275
0.435294
0.470588
0.505882
0.572549
0.572549
0.552941
0.545098
0.533333
0.517647
0.549020
0.694118
0.894118
0.596078
0.482353
0.498039
0.537255
0.560784
0.580392
0.603922
0.615686
0.611765
0.607843
0.486275
0.184314
0.156863
0.384314
0.662745
0.756863
0.772549
0.733333
0.619608
0.490196
0.470588
0.568627
0.474510
0.427451
0.505882
0.513725
0.431373
0.290196
0.247059
0.384314
0.701961
0.905882
0.611765
0.486275
0.490196
0.537255
0.560784
0.580392
0.607843
0.615686
0.611765
0.607843
0.552941
0.349020
0.294118
0.513725
0.650980
0.694118
0.721569
0.682353
0.611765
0.525490
0.490196
0.650980
0.607843
0.325490
0.247059
0.262745
0.160784
0.090196
0.082353
0.141176
0.568627
0.886275
0.600000
0.474510
0.494118
0.541176
0.560784
0.580392
0.611765
0.619608
0.615686
0.592157
0.576471
0.572549
0.513725
0.525490
0.615686
0.635294
0.623529
0.654902
0.643137
0.580392
0.505882
0.654902
0.698039
0.466667
0.321569
0.274510
0.137255
0.074510
0.082353
0.168627
0.600000
0.909804
0.603922
0.458824
0.498039
0.541176
0.568627
0.588235
0.611765
0.619608
0.615686
0.596078
0.584314
0.600000
0.568627
0.505882
0.541176
0.529412
0.580392
0.670588
0.647059
0.588235
0.529412
0.623529
0.580392
0.439216
0.337255
0.286275
0.239216
0.129412
0.247059
0.498039
0.701961
0.945098
0.658824
0.454902
0.490196
0.549020
0.572549
0.592157
0.615686
0.615686
0.619608
0.607843
0.603922
0.600000
0.568627
0.498039
0.474510
0.513725
0.662745
0.717647
0.658824
0.572549
0.537255
0.541176
0.470588
0.392157
0.223529
0.109804
0.145098
0.180392
0.352941
0.545098
0.705882
0.933333
0.647059
0.447059
0.494118
0.552941
0.572549
0.580392
0.521569
0.494118
0.560784
0.580392
0.549020
0.466667
0.431373
0.494118
0.466667
0.533333
0.713725
0.717647
0.647059
0.549020
0.478431
0.450980
0.447059
0.392157
0.231373
0.070588
0.078431
0.192157
0.427451
0.564706
0.713725
0.921569
0.615686
0.447059
0.494118
0.549020
0.576471
0.517647
0.301961
0.250980
0.349020
0.388235
0.341176
0.231373
0.200000
0.372549
0.490196
0.541176
0.682353
0.666667
0.584314
0.505882
0.403922
0.411765
0.450980
0.388235
0.305882
0.129412
0.066667
0.282353
0.643137
0.784314
0.823529
0.921569
0.607843
0.443137
0.501961
0.552941
0.584314
0.431373
0.160784
0.156863
0.215686
0.250980
0.215686
0.274510
0.360784
0.294118
0.447059
0.537255
0.643137
0.576471
0.431373
0.400000
0.364706
0.411765
0.447059
0.368627
0.384314
0.180392
0.137255
0.545098
0.831373
0.835294
0.815686
0.921569
0.600000
0.435294
0.505882
0.549020
0.596078
0.403922
0.145098
0.180392
0.203922
0.215686
0.274510
0.513725
0.635294
0.447059
0.356863
0.478431
0.572549
0.447059
0.258824
0.301961
0.313725
0.360784
0.415686
0.266667
0.419608
0.333333
0.278431
0.721569
0.847059
0.725490
0.721569
0.913725
0.623529
0.443137
0.509804
0.549020
0.596078
0.439216
0.164706
0.164706
0.176471
0.156863
0.431373
0.674510
0.635294
0.427451
0.223529
0.372549
0.505882
0.325490
0.137255
0.215686
0.239216
0.294118
0.380392
0.270588
0.615686
0.572549
0.392157
0.658824
0.819608
0.784314
0.803922
0.917647
0.619608
0.435294
0.513725
0.556863
0.592157
0.513725
0.203922
0.145098
0.215686
0.176471
0.305882
0.666667
0.560784
0.282353
0.137255
0.247059
0.443137
0.258824
0.082353
0.137255
0.172549
0.301961
0.349020
0.239216
0.556863
0.560784
0.462745
0.678431
0.874510
0.898039
0.862745
0.952941
0.603922
0.419608
0.521569
0.560784
0.584314
0.556863
0.227451
0.176471
0.239216
0.203922
0.133333
0.301961
0.325490
0.376471
0.149020
0.137255
0.360784
0.345098
0.356863
0.337255
0.188235
0.309804
0.286275
0.129412
0.270588
0.439216
0.513725
0.690196
0.870588
0.874510
0.839216
0.952941
0.631373
0.435294
0.525490
0.556863
0.568627
0.513725
0.215686
0.188235
0.192157
0.184314
0.149020
0.094118
0.235294
0.407843
0.145098
0.074510
0.290196
0.517647
0.568627
0.490196
0.258824
0.294118
0.270588
0.168627
0.372549
0.584314
0.537255
0.682353
0.858824
0.839216
0.819608
0.933333
0.572549
0.427451
0.537255
0.498039
0.419608
0.298039
0.125490
0.200000
0.176471
0.176471
0.176471
0.090196
0.200000
0.298039
0.250980
0.290196
0.345098
0.580392
0.552941
0.403922
0.270588
0.278431
0.286275
0.266667
0.411765
0.572549
0.600000
0.741176
0.835294
0.831373
0.827451
0.929412
0.564706
0.447059
0.513725
0.345098
0.203922
0.121569
0.074510
0.152941
0.145098
0.113725
0.105882
0.101961
0.176471
0.215686
0.501961
0.666667
0.419608
0.513725
0.501961
0.396078
0.415686
0.286275
0.325490
0.407843
0.443137
0.658824
0.792157
0.811765
0.792157
0.835294
0.835294
0.956863
0.627451
0.474510
0.450980
0.262745
0.188235
0.125490
0.101961
0.164706
0.180392
0.117647
0.101961
0.149020
0.223529
0.290196
0.647059
0.631373
0.352941
0.486275
0.549020
0.517647
0.654902
0.400000
0.427451
0.607843
0.725490
0.854902
0.909804
0.843137
0.780392
0.788235
0.819608
0.980392
0.752941
0.650980
0.623529
0.525490
0.533333
0.458824
0.435294
0.443137
0.450980
0.368627
0.384314
0.431373
0.450980
0.572549
0.741176
0.603922
0.494118
0.678431
0.701961
0.701961
0.749020
0.619608
0.643137
0.792157
0.850980
0.866667
0.866667
0.847059
0.807843
0.776471
0.854902
0.980392
0.917647
0.901961
0.894118
0.878431
0.901961
0.866667
0.870588
0.854902
0.847059
0.788235
0.807843
0.847059
0.827451
0.882353
0.913725
0.847059
0.819608
0.901961
0.909804
0.909804
0.882353
0.874510
0.878431
0.898039
0.901961
0.921569
0.901961
0.917647
0.905882
0.894118
0.945098
0.988235
0.952941
0.933333
0.929412
0.917647
0.909804
0.917647
0.921569
0.925490
0.937255
0.933333
0.925490
0.917647
0.909804
0.921569
0.913725
0.933333
0.933333
0.929412
0.905882
0.898039
0.925490
0.921569
0.905882
0.921569
0.921569
0.894118
0.905882
0.917647
0.921569
0.929412
0.952941
0.980392
0.815686
0.721569
0.717647
0.690196
0.682353
0.694118
0.709804
0.717647
0.729412
0.752941
0.729412
0.701961
0.701961
0.666667
0.580392
0.717647
0.733333
0.709804
0.682353
0.682353
0.705882
0.694118
0.674510
0.698039
0.698039
0.658824
0.682353
0.694118
0.694118
0.709804
0.823529
0.945098
0.682353
0.564706
0.564706
0.537255
0.533333
0.545098
0.560784
0.580392
0.584314
0.588235
0.588235
0.568627
0.576471
0.403922
0.247059
0.517647
0.572549
0.560784
0.552941
0.552941
0.552941
0.549020
0.545098
0.549020
0.552941
0.537255
0.541176
0.549020
0.549020
0.552941
0.662745
0.941176
0.674510
0.552941
0.549020
0.529412
0.533333
0.549020
0.564706
0.584314
0.584314
0.580392
0.576471
0.560784
0.474510
0.227451
0.164706
0.454902
0.568627
0.556863
0.552941
0.549020
0.549020
0.549020
0.545098
0.545098
0.541176
0.541176
0.545098
0.549020
0.552941
0.549020
0.647059
0.933333
0.690196
0.552941
0.545098
0.533333
0.537255
0.552941
0.568627
0.592157
0.592157
0.584314
0.556863
0.447059
0.250980
0.101961
0.117647
0.317647
0.549020
0.560784
0.549020
0.545098
0.549020
0.549020
0.545098
0.541176
0.541176
0.541176
0.545098
0.549020
0.552941
0.552941
0.682353
0.937255
0.666667
0.533333
0.533333
0.529412
0.545098
0.560784
0.572549
0.596078
0.576471
0.513725
0.403922
0.258824
0.121569
0.125490
0.145098
0.188235
0.513725
0.576471
0.549020
0.549020
0.552941
0.552941
0.545098
0.541176
0.545098
0.545098
0.549020
0.549020
0.552941
0.549020
0.682353
0.941176
0.658824
0.525490
0.525490
0.525490
0.545098
0.564706
0.572549
0.478431
0.349020
0.235294
0.203922
0.176471
0.133333
0.247059
0.184314
0.121569
0.478431
0.596078
0.552941
0.556863
0.560784
0.556863
0.552941
0.552941
0.552941
0.545098
0.549020
0.552941
0.556863
0.560784
0.670588
0.949020
0.662745
0.517647
0.517647
0.525490
0.545098
0.568627
0.560784
0.301961
0.129412
0.129412
0.149020
0.160784
0.215686
0.262745
0.137255
0.113725
0.423529
0.600000
0.541176
0.560784
0.560784
0.560784
0.556863
0.560784
0.560784
0.549020
0.549020
0.552941
0.552941
0.556863
0.658824
0.933333
0.596078
0.494118
0.513725
0.525490
0.549020
0.564706
0.580392
0.435294
0.243137
0.168627
0.133333
0.129412
0.168627
0.121569
0.090196
0.141176
0.388235
0.596078
0.478431
0.505882
0.564706
0.560784
0.556863
0.564706
0.564706
0.549020
0.549020
0.552941
0.556863
0.552941
0.658824
0.917647
0.580392
0.486275
0.505882
0.525490
0.549020
0.560784
0.580392
0.584314
0.505882
0.290196
0.109804
0.113725
0.156863
0.058824
0.062745
0.160784
0.400000
0.615686
0.482353
0.415686
0.533333
0.564706
0.556863
0.564706
0.564706
0.552941
0.549020
0.552941
0.556863
0.556863
0.705882
0.917647
0.564706
0.474510
0.501961
0.525490
0.549020
0.564706
0.584314
0.596078
0.600000
0.388235
0.125490
0.156863
0.145098
0.031373
0.074510
0.223529
0.474510
0.670588
0.533333
0.388235
0.466667
0.556863
0.556863
0.560784
0.564706
0.552941
0.549020
0.552941
0.556863
0.556863
0.709804
0.913725
0.588235
0.482353
0.490196
0.525490
0.552941
0.564706
0.588235
0.596078
0.603922
0.450980
0.164706
0.125490
0.082353
0.054902
0.152941
0.349020
0.603922
0.733333
0.556863
0.396078
0.411765
0.537255
0.556863
0.560784
0.564706
0.552941
0.545098
0.549020
0.556863
0.556863
0.694118
0.913725
0.603922
0.482353
0.490196
0.529412
0.552941
0.564706
0.592157
0.603922
0.600000
0.537255
0.247059
0.082353
0.058824
0.113725
0.278431
0.537255
0.737255
0.733333
0.560784
0.411765
0.376471
0.478431
0.545098
0.568627
0.568627
0.549020
0.545098
0.552941
0.564706
0.560784
0.654902
0.921569
0.611765
0.474510
0.494118
0.533333
0.552941
0.568627
0.596078
0.603922
0.600000
0.588235
0.380392
0.098039
0.070588
0.200000
0.494118
0.725490
0.772549
0.705882
0.568627
0.415686
0.392157
0.431373
0.474510
0.560784
0.572549
0.552941
0.541176
0.529412
0.513725
0.549020
0.694118
0.894118
0.600000
0.474510
0.494118
0.529412
0.549020
0.568627
0.596078
0.603922
0.600000
0.600000
0.474510
0.156863
0.121569
0.345098
0.615686
0.709804
0.721569
0.678431
0.556863
0.423529
0.427451
0.533333
0.447059
0.411765
0.494118
0.505882
0.423529
0.282353
0.235294
0.372549
0.694118
0.905882
0.615686
0.478431
0.482353
0.529412
0.549020
0.568627
0.596078
0.603922
0.603922
0.607843
0.549020
0.333333
0.266667
0.482353
0.603922
0.635294
0.662745
0.627451
0.556863
0.470588
0.443137
0.611765
0.576471
0.301961
0.231373
0.247059
0.141176
0.070588
0.058824
0.109804
0.549020
0.890196
0.603922
0.466667
0.490196
0.533333
0.549020
0.568627
0.600000
0.607843
0.607843
0.600000
0.580392
0.568627
0.498039
0.509804
0.568627
0.564706
0.560784
0.600000
0.596078
0.533333
0.454902
0.607843
0.662745
0.439216
0.301961
0.254902
0.109804
0.039216
0.039216
0.117647
0.560784
0.913725
0.607843
0.450980
0.490196
0.533333
0.556863
0.576471
0.600000
0.607843
0.607843
0.603922
0.592157
0.596078
0.552941
0.490196
0.494118
0.458824
0.517647
0.619608
0.603922
0.541176
0.474510
0.572549
0.541176
0.407843
0.317647
0.266667
0.215686
0.090196
0.196078
0.431373
0.654902
0.949020
0.658824
0.447059
0.486275
0.541176
0.560784
0.580392
0.607843
0.603922
0.611765
0.615686
0.607843
0.588235
0.545098
0.474510
0.427451
0.450980
0.603922
0.662745
0.607843
0.513725
0.470588
0.482353
0.423529
0.360784
0.200000
0.098039
0.129412
0.152941
0.301961
0.474510
0.654902
0.937255
0.647059
0.439216
0.486275
0.549020
0.564706
0.572549
0.513725
0.482353
0.552941
0.580392
0.545098
0.447059
0.403922
0.458824
0.423529
0.482353
0.662745
0.662745
0.584314
0.482353
0.411765
0.392157
0.400000
0.360784
0.207843
0.062745
0.074510
0.172549
0.388235
0.501961
0.658824
0.925490
0.619608
0.443137
0.490196
0.549020
0.572549
0.509804
0.282353
0.227451
0.325490
0.368627
0.321569
0.207843
0.168627
0.341176
0.447059
0.494118
0.643137
0.615686
0.513725
0.419608
0.325490
0.349020
0.407843
0.356863
0.274510
0.109804
0.070588
0.298039
0.643137
0.725490
0.756863
0.925490
0.607843
0.439216
0.498039
0.552941
0.580392
0.415686
0.129412
0.109804
0.160784
0.200000
0.164706
0.223529
0.313725
0.262745
0.403922
0.490196
0.607843
0.537255
0.356863
0.305882
0.282353
0.352941
0.407843
0.337255
0.337255
0.121569
0.121569
0.584314
0.854902
0.772549
0.733333
0.921569
0.603922
0.431373
0.501961
0.549020
0.588235
0.380392
0.109804
0.133333
0.145098
0.152941
0.180392
0.400000
0.537255
0.388235
0.305882
0.427451
0.541176
0.411765
0.200000
0.227451
0.247059
0.313725
0.376471
0.219608
0.352941
0.231373
0.207843
0.721569
0.850980
0.654902
0.631373
0.917647
0.627451
0.435294
0.505882
0.549020
0.588235
0.415686
0.133333
0.121569
0.125490
0.105882
0.329412
0.525490
0.505882
0.364706
0.180392
0.321569
0.462745
0.286275
0.086275
0.160784
0.188235
0.258824
0.341176
0.207843
0.521569
0.443137
0.294118
0.635294
0.815686
0.729412
0.737255
0.921569
0.623529
0.431373
0.513725
0.552941
0.584314
0.494118
0.168627
0.098039
0.168627
0.149020
0.235294
0.545098
0.462745
0.247059
0.117647
0.200000
0.396078
0.203922
0.027451
0.086275
0.133333
0.274510
0.309804
0.164706
0.454902
0.447059
0.388235
0.678431
0.901961
0.890196
0.839216
0.956863
0.607843
0.415686
0.517647
0.556863
0.576471
0.537255
0.192157
0.129412
0.192157
0.180392
0.094118
0.239216
0.282353
0.364706
0.137255
0.094118
0.298039
0.270588
0.274510
0.266667
0.145098
0.286275
0.250980
0.058824
0.180392
0.356863
0.474510
0.709804
0.921569
0.905882
0.843137
0.956863
0.635294
0.431373
0.521569
0.556863
0.564706
0.494118
0.180392
0.141176
0.129412
0.129412
0.113725
0.074510
0.215686
0.380392
0.117647
0.039216
0.219608
0.415686
0.454902
0.392157
0.200000
0.266667
0.231373
0.101961
0.301961
0.521569
0.501961
0.698039
0.894118
0.862745
0.819608
0.933333
0.568627
0.419608
0.529412
0.490196
0.403922
0.270588
0.094118
0.156863
0.121569
0.109804
0.129412
0.070588
0.172549
0.239216
0.196078
0.243137
0.266667
0.466667
0.423529
0.290196
0.211765
0.247059
0.250980
0.219608
0.364706
0.525490
0.560784
0.733333
0.843137
0.827451
0.819608
0.921569
0.549020
0.427451
0.490196
0.317647
0.168627
0.090196
0.043137
0.117647
0.109804
0.074510
0.070588
0.058824
0.117647
0.145098
0.431373
0.603922
0.352941
0.407843
0.376471
0.294118
0.368627
0.258824
0.301961
0.380392
0.419608
0.635294
0.768627
0.796078
0.780392
0.819608
0.823529
0.952941
0.611765
0.454902
0.427451
0.227451
0.149020
0.094118
0.070588
0.137255
0.156863
0.094118
0.070588
0.105882
0.164706
0.223529
0.580392
0.584314
0.309804
0.403922
0.450980
0.443137
0.615686
0.376471
0.403922
0.592157
0.709804
0.839216
0.898039
0.831373
0.768627
0.772549
0.811765
0.976471
0.741176
0.635294
0.603922
0.498039
0.501961
0.431373
0.411765
0.423529
0.435294
0.349020
0.360784
0.400000
0.407843
0.521569
0.694118
0.580392
0.478431
0.623529
0.639216
0.658824
0.717647
0.592157
0.623529
0.776471
0.835294
0.858824
0.858824
0.839216
0.800000
0.768627
0.847059
0.980392
0.913725
0.890196
0.878431
0.862745
0.882353
0.847059
0.858824
0.847059
0.843137
0.776471
0.792157
0.827451
0.800000
0.854902
0.894118
0.843137
0.823529
0.874510
0.878431
0.894118
0.862745
0.854902
0.866667
0.890196
0.898039
0.917647
0.898039
0.913725
0.901961
0.890196
0.945098
0.976471
0.941176
0.945098
0.929412
0.901961
0.898039
0.905882
0.913725
0.917647
0.925490
0.917647
0.905882
0.901961
0.894118
0.905882
0.901961
0.929412
0.925490
0.917647
0.894118
0.882353
0.909804
0.905882
0.890196
0.905882
0.905882
0.878431
0.894118
0.905882
0.909804
0.913725
0.941176
0.964706
0.800000
0.745098
0.729412
0.678431
0.678431
0.690196
0.705882
0.713725
0.725490
0.741176
0.717647
0.690196
0.690196
0.654902
0.568627
0.705882
0.725490
0.701961
0.674510
0.674510
0.690196
0.682353
0.662745
0.686275
0.682353
0.639216
0.662745
0.674510
0.674510
0.690196
0.811765
0.929412
0.670588
0.596078
0.592157
0.537255
0.541176
0.552941
0.564706
0.588235
0.592157
0.588235
0.580392
0.564706
0.572549
0.400000
0.239216
0.501961
0.564706
0.556863
0.556863
0.556863
0.545098
0.541176
0.537255
0.541176
0.541176
0.521569
0.521569
0.529412
0.529412
0.533333
0.647059
0.921569
0.666667
0.592157
0.588235
0.541176
0.545098
0.556863
0.572549
0.596078
0.596078
0.584314
0.580392
0.564706
0.478431
0.227451
0.156863
0.435294
0.556863
0.556863
0.564706
0.560784
0.549020
0.545098
0.541176
0.541176
0.537255
0.529412
0.529412
0.533333
0.537255
0.533333
0.635294
0.917647
0.682353
0.600000
0.592157
0.549020
0.549020
0.564706
0.580392
0.603922
0.603922
0.592157
0.564706
0.454902
0.262745
0.113725
0.109804
0.298039
0.537255
0.564706
0.568627
0.572549
0.556863
0.552941
0.545098
0.545098
0.545098
0.541176
0.545098
0.549020
0.552941
0.552941
0.682353
0.917647
0.658824
0.588235
0.588235
0.552941
0.556863
0.572549
0.588235
0.611765
0.588235
0.525490
0.415686
0.270588
0.129412
0.129412
0.133333
0.160784
0.501961
0.580392
0.572549
0.576471
0.564706
0.556863
0.549020
0.545098
0.552941
0.552941
0.560784
0.564706
0.568627
0.564706
0.690196
0.917647
0.654902
0.576471
0.580392
0.552941
0.564706
0.580392
0.588235
0.498039
0.364706
0.247059
0.207843
0.172549
0.113725
0.219608
0.160784
0.098039
0.447059
0.572549
0.552941
0.580392
0.576471
0.568627
0.556863
0.556863
0.560784
0.556863
0.568627
0.572549
0.576471
0.568627
0.666667
0.921569
0.658824
0.568627
0.572549
0.552941
0.564706
0.588235
0.580392
0.321569
0.149020
0.141176
0.152941
0.152941
0.188235
0.219608
0.109804
0.086275
0.368627
0.549020
0.517647
0.568627
0.580392
0.572549
0.564706
0.568627
0.568627
0.556863
0.568627
0.576471
0.572549
0.560784
0.643137
0.909804
0.588235
0.545098
0.568627
0.549020
0.564706
0.584314
0.600000
0.454902
0.262745
0.180392
0.141176
0.129412
0.164706
0.109804
0.070588
0.101961
0.329412
0.533333
0.439216
0.498039
0.568627
0.568627
0.564706
0.572549
0.572549
0.560784
0.568627
0.576471
0.576471
0.552941
0.639216
0.890196
0.572549
0.537255
0.560784
0.549020
0.568627
0.580392
0.600000
0.603922
0.525490
0.301961
0.121569
0.125490
0.164706
0.070588
0.047059
0.105882
0.329412
0.541176
0.427451
0.384314
0.521569
0.568627
0.572549
0.576471
0.568627
0.556863
0.568627
0.576471
0.576471
0.556863
0.686275
0.890196
0.556863
0.525490
0.556863
0.549020
0.568627
0.584314
0.603922
0.615686
0.615686
0.400000
0.137255
0.172549
0.160784
0.050980
0.058824
0.160784
0.400000
0.592157
0.466667
0.333333
0.435294
0.552941
0.576471
0.580392
0.564706
0.556863
0.568627
0.576471
0.576471
0.556863
0.690196
0.886275
0.580392
0.533333
0.545098
0.552941
0.568627
0.584314
0.607843
0.615686
0.623529
0.470588
0.184314
0.137255
0.082353
0.054902
0.125490
0.290196
0.533333
0.654902
0.482353
0.329412
0.368627
0.533333
0.580392
0.584314
0.564706
0.552941
0.564706
0.572549
0.576471
0.560784
0.674510
0.886275
0.600000
0.533333
0.541176
0.552941
0.568627
0.584314
0.611765
0.623529
0.619608
0.560784
0.266667
0.086275
0.047059
0.090196
0.235294
0.486275
0.674510
0.658824
0.482353
0.333333
0.321569
0.466667
0.568627
0.592157
0.564706
0.545098
0.560784
0.572549
0.580392
0.556863
0.639216
0.898039
0.603922
0.521569
0.545098
0.552941
0.572549
0.588235
0.615686
0.623529
0.619608
0.611765
0.396078
0.098039
0.054902
0.160784
0.443137
0.666667
0.694118
0.619608
0.482353
0.333333
0.317647
0.392157
0.470588
0.568627
0.572549
0.549020
0.549020
0.529412
0.509804
0.525490
0.666667
0.870588
0.584314
0.513725
0.537255
0.549020
0.576471
0.592157
0.619608
0.627451
0.623529
0.615686
0.490196
0.168627
0.109804
0.309804
0.564706
0.635294
0.627451
0.576471
0.462745
0.341176
0.341176
0.466667
0.407843
0.392157
0.494118
0.501961
0.411765
0.262745
0.203922
0.325490
0.658824
0.882353
0.600000
0.517647
0.525490
0.556863
0.580392
0.600000
0.627451
0.639216
0.635294
0.623529
0.568627
0.349020
0.262745
0.447059
0.541176
0.549020
0.564706
0.525490
0.470588
0.396078
0.364706
0.541176
0.529412
0.278431
0.219608
0.235294
0.121569
0.039216
0.023529
0.062745
0.501961
0.866667
0.588235
0.505882
0.529412
0.560784
0.588235
0.607843
0.639216
0.650980
0.643137
0.623529
0.600000
0.584314
0.494118
0.474510
0.501961
0.470588
0.458824
0.501961
0.517647
0.466667
0.380392
0.537255
0.611765
0.407843
0.286275
0.235294
0.086275
0.011765
0.015686
0.074510
0.513725
0.890196
0.592157
0.490196
0.533333
0.556863
0.588235
0.607843
0.635294
0.639216
0.639216
0.619608
0.607843
0.611765
0.549020
0.450980
0.427451
0.364706
0.415686
0.517647
0.525490
0.474510
0.403922
0.501961
0.490196
0.368627
0.290196
0.243137
0.184314
0.058824
0.156863
0.376471
0.611765
0.925490
0.647059
0.486275
0.525490
0.560784
0.580392
0.600000
0.627451
0.623529
0.631373
0.619608
0.611765
0.592157
0.529412
0.427451
0.356863
0.360784
0.505882
0.560784
0.521569
0.447059
0.403922
0.419608
0.368627
0.317647
0.160784
0.070588
0.105882
0.121569
0.266667
0.431373
0.619608
0.913725
0.635294
0.478431
0.529412
0.556863
0.568627
0.576471
0.517647
0.486275
0.552941
0.568627
0.537255
0.439216
0.372549
0.400000
0.352941
0.403922
0.564706
0.560784
0.490196
0.403922
0.345098
0.329412
0.341176
0.309804
0.164706
0.039216
0.058824
0.152941
0.364706
0.466667
0.635294
0.901961
0.603922
0.474510
0.525490
0.549020
0.564706
0.498039
0.270588
0.211765
0.301961
0.329412
0.286275
0.180392
0.125490
0.274510
0.380392
0.423529
0.549020
0.513725
0.423529
0.345098
0.254902
0.286275
0.352941
0.317647
0.270588
0.137255
0.098039
0.309804
0.639216
0.709804
0.741176
0.901961
0.592157
0.466667
0.517647
0.549020
0.576471
0.400000
0.105882
0.078431
0.113725
0.137255
0.109804
0.188235
0.274510
0.200000
0.341176
0.423529
0.521569
0.443137
0.286275
0.243137
0.207843
0.294118
0.368627
0.329412
0.403922
0.219608
0.196078
0.635294
0.878431
0.772549
0.717647
0.898039
0.584314
0.458824
0.521569
0.552941
0.600000
0.376471
0.078431
0.082353
0.078431
0.082353
0.137255
0.388235
0.529412
0.360784
0.262745
0.368627
0.462745
0.333333
0.145098
0.180392
0.180392
0.262745
0.360784
0.258824
0.462745
0.337255
0.282353
0.776471
0.878431
0.650980
0.611765
0.894118
0.607843
0.462745
0.525490
0.556863
0.611765
0.419608
0.101961
0.062745
0.043137
0.027451
0.290196
0.529412
0.525490
0.360784
0.152941
0.270588
0.400000
0.223529
0.050980
0.133333
0.137255
0.207843
0.349020
0.294118
0.654902
0.525490
0.333333
0.674510
0.835294
0.709804
0.701961
0.894118
0.603922
0.458824
0.529412
0.564706
0.611765
0.498039
0.137255
0.035294
0.078431
0.058824
0.184314
0.545098
0.474510
0.239216
0.094118
0.160784
0.341176
0.156863
0.007843
0.070588
0.098039
0.219608
0.333333
0.286275
0.580392
0.474510
0.376471
0.686275
0.901961
0.854902
0.792157
0.933333
0.588235
0.443137
0.537255
0.564706
0.596078
0.533333
0.164706
0.074510
0.113725
0.094118
0.039216
0.219608
0.262745
0.337255
0.109804
0.074510
0.258824
0.223529
0.239216
0.247059
0.117647
0.219608
0.262745
0.172549
0.254902
0.321569
0.423529
0.705882
0.921569
0.866667
0.792157
0.933333
0.615686
0.454902
0.541176
0.552941
0.568627
0.486275
0.152941
0.098039
0.078431
0.062745
0.050980
0.027451
0.172549
0.329412
0.086275
0.027451
0.188235
0.368627
0.400000
0.352941
0.172549
0.184314
0.227451
0.196078
0.317647
0.431373
0.431373
0.694118
0.909804
0.843137
0.780392
0.913725
0.552941
0.431373
0.537255
0.474510
0.384314
0.247059
0.066667
0.129412
0.094118
0.066667
0.082353
0.027451
0.117647
0.180392
0.156863
0.243137
0.258824
0.415686
0.356863
0.258824
0.188235
0.168627
0.223529
0.270588
0.356863
0.443137
0.501961
0.729412
0.854902
0.815686
0.788235
0.909804
0.537255
0.415686
0.478431
0.282353
0.121569
0.058824
0.019608
0.101961
0.098039
0.054902
0.043137
0.027451
0.070588
0.082353
0.380392
0.619608
0.388235
0.364706
0.309804
0.290196
0.345098
0.203922
0.262745
0.376471
0.423529
0.607843
0.729412
0.768627
0.756863
0.792157
0.800000
0.945098
0.600000
0.439216
0.407843
0.196078
0.105882
0.066667
0.054902
0.129412
0.152941
0.078431
0.050980
0.074510
0.117647
0.168627
0.533333
0.596078
0.349020
0.360784
0.392157
0.439216
0.596078
0.333333
0.368627
0.572549
0.721569
0.831373
0.866667
0.800000
0.737255
0.741176
0.788235
0.972549
0.733333
0.623529
0.588235
0.470588
0.466667
0.403922
0.396078
0.415686
0.431373
0.337255
0.345098
0.372549
0.372549
0.478431
0.654902
0.584314
0.498039
0.588235
0.588235
0.647059
0.698039
0.564706
0.596078
0.764706
0.839216
0.847059
0.831373
0.815686
0.776471
0.741176
0.831373
0.980392
0.909804
0.882353
0.866667
0.843137
0.862745
0.831373
0.847059
0.839216
0.835294
0.768627
0.780392
0.811765
0.780392
0.831373
0.870588
0.843137
0.831373
0.854902
0.850980
0.878431
0.847059
0.839216
0.850980
0.882353
0.890196
0.905882
0.882353
0.898039
0.886275
0.874510
0.929412
