0.360784
0.352941
0.364706
0.356863
0.419608
0.478431
0.482353
0.454902
0.450980
0.423529
0.368627
0.368627
0.411765
0.411765
0.376471
0.411765
0.400000
0.368627
0.349020
0.376471
0.298039
0.329412
0.454902
0.498039
0.564706
0.537255
0.517647
0.552941
0.545098
0.556863
0.588235
0.533333
0.345098
0.329412
0.356863
0.321569
0.380392
0.462745
0.411765
0.447059
0.450980
0.466667
0.450980
0.400000
0.450980
0.443137
0.403922
0.396078
0.376471
0.341176
0.349020
0.352941
0.325490
0.415686
0.470588
0.509804
0.556863
0.560784
0.541176
0.549020
0.572549
0.560784
0.568627
0.549020
0.407843
0.368627
0.364706
0.376471
0.368627
0.396078
0.364706
0.439216
0.466667
0.529412
0.505882
0.470588
0.490196
0.490196
0.443137
0.400000
0.368627
0.368627
0.337255
0.356863
0.423529
0.498039
0.533333
0.525490
0.552941
0.584314
0.560784
0.568627
0.588235
0.537255
0.580392
0.596078
0.447059
0.435294
0.443137
0.498039
0.454902
0.427451
0.478431
0.498039
0.513725
0.517647
0.478431
0.478431
0.490196
0.466667
0.423529
0.454902
0.403922
0.356863
0.384314
0.423529
0.474510
0.498039
0.498039
0.549020
0.580392
0.588235
0.541176
0.545098
0.517647
0.505882
0.549020
0.533333
0.482353
0.474510
0.498039
0.494118
0.513725
0.498039
0.513725
0.533333
0.568627
0.541176
0.450980
0.439216
0.486275
0.478431
0.415686
0.454902
0.392157
0.368627
0.447059
0.450980
0.458824
0.470588
0.482353
0.541176
0.545098
0.552941
0.525490
0.478431
0.427451
0.411765
0.392157
0.349020
0.509804
0.533333
0.501961
0.490196
0.529412
0.521569
0.529412
0.584314
0.588235
0.588235
0.576471
0.572549
0.572549
0.498039
0.454902
0.431373
0.372549
0.360784
0.435294
0.427451
0.443137
0.454902
0.474510
0.490196
0.490196
0.529412
0.509804
0.494118
0.513725
0.396078
0.372549
0.423529
0.549020
0.552941
0.537255
0.552941
0.545098
0.541176
0.545098
0.580392
0.556863
0.568627
0.603922
0.607843
0.603922
0.474510
0.435294
0.419608
0.423529
0.400000
0.419608
0.419608
0.431373
0.458824
0.462745
0.478431
0.505882
0.529412
0.509804
0.494118
0.517647
0.474510
0.490196
0.482353
0.545098
0.537255
0.549020
0.552941
0.537255
0.521569
0.533333
0.529412
0.509804
0.505882
0.533333
0.533333
0.533333
0.462745
0.403922
0.435294
0.431373
0.415686
0.435294
0.454902
0.439216
0.454902
0.462745
0.478431
0.474510
0.486275
0.478431
0.486275
0.486275
0.486275
0.498039
0.486275
0.521569
0.509804
0.505882
0.494118
0.513725
0.486275
0.470588
0.494118
0.486275
0.482353
0.498039
0.490196
0.482353
0.454902
0.435294
0.482353
0.447059
0.419608
0.458824
0.505882
0.447059
0.462745
0.490196
0.505882
0.458824
0.466667
0.474510
0.470588
0.482353
0.478431
0.490196
0.509804
0.498039
0.454902
0.462745
0.454902
0.466667
0.447059
0.443137
0.474510
0.494118
0.466667
0.470588
0.486275
0.466667
0.458824
0.458824
0.482353
0.458824
0.470588
0.474510
0.529412
0.490196
0.486275
0.490196
0.494118
0.443137
0.462745
0.498039
0.490196
0.486275
0.494118
0.494118
0.494118
0.466667
0.427451
0.439216
0.431373
0.415686
0.392157
0.447059
0.478431
0.470588
0.439216
0.462745
0.474510
0.470588
0.462745
0.482353
0.490196
0.494118
0.509804
0.490196
0.525490
0.513725
0.501961
0.490196
0.478431
0.450980
0.458824
0.486275
0.482353
0.490196
0.490196
0.513725
0.509804
0.447059
0.423529
0.454902
0.450980
0.396078
0.388235
0.447059
0.466667
0.450980
0.447059
0.486275
0.486275
0.505882
0.501961
0.490196
0.494118
0.525490
0.537255
0.509804
0.525490
0.533333
0.505882
0.494118
0.490196
0.482353
0.474510
0.486275
0.474510
0.486275
0.501961
0.494118
0.454902
0.411765
0.431373
0.458824
0.447059
0.396078
0.400000
0.450980
0.474510
0.439216
0.447059
0.498039
0.513725
0.529412
0.533333
0.513725
0.490196
0.525490
0.537255
0.525490
0.525490
0.525490
0.509804
0.521569
0.517647
0.529412
0.513725
0.505882
0.490196
0.447059
0.450980
0.411765
0.360784
0.423529
0.450980
0.501961
0.466667
0.407843
0.415686
0.458824
0.486275
0.466667
0.458824
0.494118
0.533333
0.541176
0.541176
0.529412
0.490196
0.482353
0.509804
0.490196
0.529412
0.525490
0.521569
0.541176
0.533333
0.556863
0.537255
0.521569
0.490196
0.423529
0.396078
0.376471
0.364706
0.470588
0.478431
0.513725
0.474510
0.403922
0.403922
0.470588
0.490196
0.486275
0.501961
0.486275
0.517647
0.537255
0.541176
0.505882
0.490196
0.439216
0.466667
0.478431
0.545098
0.529412
0.509804
0.533333
0.545098
0.568627
0.537255
0.509804
0.517647
0.490196
0.431373
0.431373
0.380392
0.501961
0.517647
0.533333
0.513725
0.474510
0.450980
0.501961
0.529412
0.498039
0.521569
0.494118
0.494118
0.498039
0.517647
0.458824
0.443137
0.478431
0.498039
0.513725
0.529412
0.517647
0.490196
0.525490
0.549020
0.564706
0.533333
0.513725
0.521569
0.513725
0.509804
0.501961
0.482353
0.529412
0.545098
0.549020
0.549020
0.505882
0.509804
0.498039
0.494118
0.458824
0.474510
0.509804
0.537255
0.490196
0.490196
0.462745
0.423529
0.501961
0.564706
0.592157
0.521569
0.509804
0.490196
0.517647
0.560784
0.560784
0.529412
0.541176
0.521569
0.513725
0.517647
0.498039
0.541176
0.541176
0.549020
0.541176
0.560784
0.486275
0.517647
0.549020
0.552941
0.541176
0.537255
0.572549
0.545098
0.494118
0.486275
0.458824
0.435294
0.501961
0.592157
0.576471
0.541176
0.509804
0.498039
0.525490
0.568627
0.560784
0.552941
0.545098
0.545098
0.529412
0.498039
0.470588
0.509804
0.533333
0.533333
0.556863
0.560784
0.556863
0.572549
0.643137
0.658824
0.690196
0.705882
0.698039
0.635294
0.572549
0.517647
0.454902
0.470588
0.529412
0.560784
0.564706
0.556863
0.498039
0.501961
0.537255
0.568627
0.560784
0.580392
0.552941
0.537255
0.541176
0.501961
0.490196
0.470588
0.541176
0.529412
0.560784
0.588235
0.607843
0.619608
0.639216
0.615686
0.650980
0.701961
0.701961
0.694118
0.698039
0.639216
0.541176
0.541176
0.568627
0.486275
0.501961
0.517647
0.513725
0.517647
0.545098
0.556863
0.580392
0.572549
0.537255
0.533333
0.513725
0.501961
0.501961
0.478431
0.549020
0.517647
0.549020
0.584314
0.572549
0.639216
0.713725
0.654902
0.639216
0.694118
0.682353
0.654902
0.647059
0.615686
0.603922
0.619608
0.560784
0.521569
0.474510
0.486275
0.525490
0.537255
0.533333
0.537255
0.560784
0.525490
0.521569
0.549020
0.482353
0.470588
0.505882
0.513725
0.545098
0.525490
0.529412
0.498039
0.537255
0.643137
0.701961
0.635294
0.603922
0.623529
0.627451
0.619608
0.600000
0.592157
0.603922
0.576471
0.552941
0.549020
0.525490
0.533333
0.529412
0.564706
0.541176
0.521569
0.533333
0.517647
0.525490
0.552941
0.509804
0.490196
0.509804
0.533333
0.537255
0.521569
0.474510
0.439216
0.478431
0.584314
0.650980
0.658824
0.576471
0.545098
0.549020
0.545098
0.580392
0.631373
0.603922
0.529412
0.560784
0.533333
0.529412
0.513725
0.537255
0.552941
0.556863
0.529412
0.521569
0.513725
0.521569
0.533333
0.537255
0.509804
0.509804
0.513725
0.537255
0.513725
0.466667
0.466667
0.450980
0.443137
0.498039
0.505882
0.474510
0.435294
0.435294
0.505882
0.552941
0.611765
0.619608
0.627451
0.596078
0.552941
0.545098
0.533333
0.525490
0.521569
0.572549
0.549020
0.521569
0.521569
0.533333
0.560784
0.552941
0.517647
0.517647
0.498039
0.537255
0.533333
0.498039
0.486275
0.443137
0.439216
0.400000
0.400000
0.474510
0.447059
0.443137
0.513725
0.486275
0.564706
0.611765
0.623529
0.635294
0.592157
0.533333
0.521569
0.525490
0.521569
0.564706
0.541176
0.541176
0.541176
0.568627
0.576471
0.533333
0.529412
0.533333
0.517647
0.541176
0.537255
0.513725
0.486275
0.470588
0.486275
0.482353
0.470588
0.447059
0.462745
0.498039
0.529412
0.458824
0.525490
0.568627
0.560784
0.611765
0.611765
0.533333
0.533333
0.541176
0.549020
0.552941
0.545098
0.560784
0.556863
0.556863
0.541176
0.517647
0.545098
0.537255
0.525490
0.541176
0.513725
0.521569
0.501961
0.513725
0.517647
0.525490
0.505882
0.443137
0.458824
0.482353
0.505882
0.494118
0.525490
0.564706
0.580392
0.596078
0.600000
0.552941
0.545098
0.560784
0.568627
0.560784
0.556863
0.564706
0.576471
0.541176
0.509804
0.525490
0.549020
0.517647
0.525490
0.529412
0.513725
0.533333
0.537255
0.549020
0.552941
0.545098
0.541176
0.482353
0.490196
0.505882
0.509804
0.505882
0.556863
0.576471
0.580392
0.572549
0.600000
0.552941
0.533333
0.549020
0.580392
0.576471
0.580392
0.584314
0.568627
0.505882
0.494118
0.529412
0.541176
0.517647
0.509804
0.533333
0.533333
0.556863
0.564706
0.560784
0.556863
0.568627
0.560784
0.521569
0.537255
0.545098
0.549020
0.549020
0.564706
0.584314
0.588235
0.568627
0.580392
0.560784
0.556863
0.545098
0.560784
0.552941
0.572549
0.576471
0.564706
0.533333
0.505882
0.517647
0.533333
0.517647
0.533333
0.568627
0.549020
0.560784
0.576471
0.564706
0.556863
0.560784
0.572549
0.545098
0.549020
0.580392
0.588235
0.580392
0.560784
0.572549
0.615686
0.596078
0.596078
0.600000
0.572549
0.568627
0.564706
0.529412
0.552941
0.564706
0.560784
0.552941
0.537255
0.533333
0.525490
0.529412
0.556863
0.564706
0.545098
0.552941
0.584314
0.572549
0.537255
0.564706
0.592157
0.549020
0.533333
0.560784
0.576471
0.576471
0.552941
0.576471
0.615686
0.607843
0.596078
0.592157
0.572549
0.560784
0.556863
0.529412
0.568627
0.556863
0.552941
0.533333
0.545098
0.556863
0.556863
0.556863
0.556863
0.568627
0.556863
0.552941
0.576471
0.560784
0.525490
0.556863
0.568627
0.552941
0.529412
0.564706
0.568627
0.592157
0.552941
0.568627
0.600000
0.592157
0.611765
0.592157
0.576471
0.572549
0.549020
0.541176
0.584314
0.560784
0.549020
0.537255
0.549020
0.545098
0.580392
0.556863
0.549020
0.431373
0.431373
0.447059
0.439216
0.490196
0.537255
0.537255
0.505882
0.498039
0.454902
0.411765
0.419608
0.443137
0.454902
0.443137
0.470588
0.462745
0.431373
0.411765
0.447059
0.380392
0.403922
0.494118
0.533333
0.560784
0.549020
0.533333
0.556863
0.549020
0.560784
0.572549
0.525490
0.407843
0.407843
0.435294
0.388235
0.439216
0.509804
0.443137
0.474510
0.470588
0.478431
0.482353
0.439216
0.466667
0.466667
0.458824
0.454902
0.439216
0.403922
0.407843
0.419608
0.403922
0.470588
0.498039
0.541176
0.556863
0.556863
0.537255
0.537255
0.564706
0.549020
0.545098
0.533333
0.466667
0.439216
0.431373
0.431373
0.415686
0.435294
0.392157
0.458824
0.482353
0.541176
0.541176
0.505882
0.505882
0.521569
0.501961
0.458824
0.427451
0.431373
0.396078
0.415686
0.474510
0.541176
0.564706
0.552941
0.552941
0.564706
0.549020
0.560784
0.580392
0.533333
0.564706
0.584314
0.517647
0.494118
0.501961
0.549020
0.498039
0.466667
0.513725
0.525490
0.533333
0.545098
0.525490
0.525490
0.521569
0.525490
0.494118
0.509804
0.462745
0.415686
0.439216
0.470588
0.501961
0.537255
0.541176
0.576471
0.584314
0.564706
0.541176
0.560784
0.525490
0.517647
0.556863
0.545098
0.541176
0.513725
0.533333
0.537255
0.556863
0.545098
0.549020
0.549020
0.584314
0.576471
0.501961
0.490196
0.521569
0.525490
0.474510
0.501961
0.439216
0.415686
0.494118
0.498039
0.501961
0.521569
0.537255
0.592157
0.592157
0.572549
0.556863
0.517647
0.454902
0.435294
0.411765
0.384314
0.549020
0.560784
0.525490
0.521569
0.568627
0.564706
0.552941
0.584314
0.600000
0.596078
0.572549
0.568627
0.572549
0.525490
0.505882
0.490196
0.427451
0.415686
0.494118
0.494118
0.513725
0.529412
0.545098
0.552941
0.560784
0.580392
0.564706
0.552941
0.556863
0.423529
0.403922
0.474510
0.576471
0.576471
0.556863
0.580392
0.580392
0.580392
0.568627
0.584314
0.572549
0.564706
0.588235
0.588235
0.592157
0.505882
0.498039
0.486275
0.494118
0.474510
0.494118
0.501961
0.517647
0.545098
0.541176
0.541176
0.580392
0.592157
0.580392
0.568627
0.572549
0.517647
0.529412
0.537255
0.580392
0.576471
0.588235
0.592157
0.584314
0.576471
0.580392
0.560784
0.549020
0.549020
0.572549
0.572549
0.568627
0.505882
0.474510
0.501961
0.509804
0.498039
0.521569
0.537255
0.521569
0.533333
0.537255
0.541176
0.556863
0.560784
0.560784
0.572549
0.560784
0.541176
0.545098
0.552941
0.572549
0.572549
0.572549
0.560784
0.588235
0.564706
0.541176
0.552941
0.560784
0.556863
0.564706
0.560784
0.545098
0.529412
0.509804
0.533333
0.513725
0.498039
0.533333
0.576471
0.513725
0.525490
0.549020
0.564706
0.545098
0.552941
0.564706
0.564706
0.564706
0.545098
0.545098
0.580392
0.572549
0.537255
0.545098
0.537255
0.556863
0.537255
0.521569
0.545098
0.568627
0.545098
0.541176
0.556863
0.541176
0.545098
0.533333
0.537255
0.525490
0.541176
0.549020
0.592157
0.545098
0.541176
0.541176
0.549020
0.529412
0.552941
0.584314
0.576471
0.564706
0.552941
0.545098
0.560784
0.549020
0.517647
0.521569
0.517647
0.505882
0.482353
0.521569
0.545098
0.541176
0.513725
0.541176
0.549020
0.552941
0.552941
0.560784
0.556863
0.568627
0.580392
0.564706
0.592157
0.572549
0.560784
0.537255
0.529412
0.533333
0.549020
0.568627
0.556863
0.552941
0.541176
0.560784
0.572549
0.537255
0.517647
0.537255
0.533333
0.482353
0.474510
0.529412
0.545098
0.529412
0.525490
0.564706
0.564706
0.584314
0.584314
0.568627
0.568627
0.596078
0.603922
0.576471
0.588235
0.588235
0.560784
0.545098
0.533333
0.556863
0.556863
0.568627
0.549020
0.549020
0.552941
0.541176
0.513725
0.509804
0.529412
0.549020
0.525490
0.478431
0.490196
0.533333
0.556863
0.521569
0.525490
0.572549
0.592157
0.603922
0.603922
0.592157
0.572549
0.592157
0.596078
0.584314
0.584314
0.584314
0.568627
0.572549
0.556863
0.592157
0.588235
0.588235
0.564706
0.509804
0.505882
0.462745
0.415686
0.525490
0.556863
0.592157
0.545098
0.490196
0.501961
0.541176
0.568627
0.549020
0.537255
0.572549
0.611765
0.607843
0.607843
0.603922
0.576471
0.545098
0.564706
0.549020
0.588235
0.584314
0.580392
0.588235
0.564706
0.615686
0.603922
0.600000
0.568627
0.482353
0.450980
0.435294
0.419608
0.564706
0.572549
0.600000
0.560784
0.494118
0.486275
0.552941
0.572549
0.568627
0.580392
0.564706
0.600000
0.611765
0.596078
0.576471
0.556863
0.466667
0.474510
0.517647
0.607843
0.592157
0.572549
0.580392
0.572549
0.607843
0.588235
0.576471
0.588235
0.552941
0.486275
0.490196
0.431373
0.588235
0.596078
0.588235
0.572549
0.552941
0.517647
0.568627
0.592157
0.564706
0.572549
0.556863
0.588235
0.600000
0.603922
0.552941
0.533333
0.501961
0.447059
0.517647
0.592157
0.584314
0.560784
0.572549
0.568627
0.592157
0.568627
0.568627
0.584314
0.576471
0.568627
0.560784
0.533333
0.607843
0.615686
0.572549
0.568627
0.576471
0.584314
0.580392
0.580392
0.545098
0.560784
0.588235
0.600000
0.568627
0.576471
0.525490
0.509804
0.525490
0.466667
0.533333
0.564706
0.576471
0.564706
0.564706
0.584314
0.588235
0.568627
0.592157
0.576471
0.564706
0.572549
0.560784
0.603922
0.615686
0.615686
0.572549
0.600000
0.556863
0.545098
0.533333
0.537255
0.525490
0.529412
0.588235
0.592157
0.564706
0.560784
0.525490
0.509804
0.494118
0.466667
0.478431
0.552941
0.580392
0.572549
0.576471
0.592157
0.588235
0.588235
0.592157
0.592157
0.576471
0.552941
0.541176
0.584314
0.603922
0.592157
0.600000
0.615686
0.572549
0.466667
0.447059
0.458824
0.486275
0.509804
0.552941
0.576471
0.556863
0.541176
0.537255
0.498039
0.450980
0.454902
0.470588
0.537255
0.564706
0.576471
0.584314
0.592157
0.588235
0.615686
0.596078
0.584314
0.588235
0.560784
0.568627
0.552941
0.603922
0.592157
0.607843
0.627451
0.560784
0.439216
0.439216
0.411765
0.450980
0.513725
0.517647
0.498039
0.486275
0.478431
0.462745
0.443137
0.450980
0.439216
0.462745
0.509804
0.572549
0.588235
0.600000
0.584314
0.615686
0.611765
0.584314
0.588235
0.564706
0.564706
0.584314
0.560784
0.607843
0.588235
0.580392
0.592157
0.529412
0.494118
0.549020
0.482353
0.478431
0.533333
0.529412
0.482353
0.439216
0.407843
0.419608
0.478431
0.482353
0.533333
0.490196
0.517647
0.576471
0.603922
0.596078
0.576471
0.600000
0.580392
0.584314
0.611765
0.545098
0.541176
0.588235
0.584314
0.607843
0.592157
0.549020
0.482353
0.498039
0.525490
0.560784
0.490196
0.474510
0.486275
0.494118
0.482353
0.454902
0.447059
0.462745
0.466667
0.529412
0.600000
0.572549
0.588235
0.584314
0.627451
0.600000
0.560784
0.576471
0.572549
0.588235
0.615686
0.576471
0.564706
0.588235
0.603922
0.600000
0.580392
0.521569
0.470588
0.447059
0.462745
0.517647
0.521569
0.466667
0.447059
0.447059
0.450980
0.470588
0.494118
0.505882
0.498039
0.576471
0.603922
0.592157
0.584314
0.596078
0.611765
0.607843
0.568627
0.568627
0.568627
0.580392
0.596078
0.600000
0.576471
0.580392
0.580392
0.600000
0.568627
0.533333
0.545098
0.482353
0.403922
0.419608
0.435294
0.443137
0.403922
0.376471
0.439216
0.478431
0.498039
0.533333
0.596078
0.596078
0.596078
0.600000
0.619608
0.596078
0.576471
0.615686
0.588235
0.568627
0.576471
0.592157
0.623529
0.619608
0.584314
0.580392
0.568627
0.603922
0.588235
0.552941
0.556863
0.525490
0.501961
0.411765
0.419608
0.529412
0.486275
0.423529
0.466667
0.454902
0.529412
0.556863
0.572549
0.607843
0.603922
0.584314
0.603922
0.592157
0.572549
0.603922
0.576471
0.584314
0.592157
0.623529
0.635294
0.596078
0.588235
0.588235
0.580392
0.615686
0.596078
0.572549
0.549020
0.537255
0.549020
0.537255
0.533333
0.525490
0.537255
0.517647
0.517647
0.470588
0.556863
0.592157
0.572549
0.600000
0.611765
0.584314
0.603922
0.592157
0.596078
0.596078
0.584314
0.596078
0.592157
0.600000
0.596078
0.572549
0.600000
0.596078
0.580392
0.611765
0.576471
0.580392
0.564706
0.572549
0.576471
0.580392
0.568627
0.521569
0.533333
0.517647
0.529412
0.545098
0.580392
0.611765
0.615686
0.603922
0.607843
0.600000
0.611765
0.611765
0.619608
0.611765
0.596078
0.603922
0.615686
0.592157
0.568627
0.584314
0.607843
0.580392
0.584314
0.596078
0.584314
0.600000
0.600000
0.611765
0.611765
0.603922
0.603922
0.560784
0.560784
0.549020
0.564706
0.576471
0.623529
0.631373
0.619608
0.600000
0.619608
0.592157
0.592157
0.607843
0.639216
0.631373
0.623529
0.627451
0.615686
0.564706
0.560784
0.596078
0.600000
0.580392
0.572549
0.600000
0.607843
0.627451
0.623529
0.619608
0.615686
0.619608
0.623529
0.600000
0.600000
0.592157
0.600000
0.603922
0.615686
0.627451
0.623529
0.607843
0.607843
0.596078
0.611765
0.607843
0.623529
0.615686
0.627451
0.627451
0.615686
0.596078
0.576471
0.588235
0.600000
0.588235
0.603922
0.627451
0.627451
0.635294
0.635294
0.627451
0.615686
0.611765
0.627451
0.611765
0.607843
0.627451
0.623529
0.611765
0.596078
0.600000
0.635294
0.639216
0.627451
0.639216
0.627451
0.635294
0.631373
0.600000
0.607843
0.619608
0.615686
0.615686
0.611765
0.603922
0.596078
0.603922
0.631373
0.615686
0.600000
0.623529
0.647059
0.639216
0.600000
0.615686
0.639216
0.600000
0.596078
0.615686
0.611765
0.607843
0.600000
0.603922
0.623529
0.631373
0.627451
0.635294
0.627451
0.623529
0.619608
0.592157
0.615686
0.607843
0.611765
0.596078
0.603922
0.607843
0.607843
0.615686
0.615686
0.615686
0.611765
0.619608
0.631373
0.619608
0.584314
0.607843
0.615686
0.600000
0.592157
0.619608
0.603922
0.627451
0.596078
0.600000
0.615686
0.615686
0.639216
0.627451
0.627451
0.627451
0.603922
0.596078
0.627451
0.611765
0.607843
0.600000
0.603922
0.592157
0.623529
0.615686
0.611765
0.207843
0.176471
0.188235
0.184314
0.239216
0.313725
0.325490
0.274510
0.247059
0.235294
0.200000
0.184314
0.203922
0.211765
0.192157
0.223529
0.207843
0.180392
0.172549
0.176471
0.137255
0.176471
0.239216
0.274510
0.349020
0.325490
0.309804
0.360784
0.341176
0.341176
0.364706
0.305882
0.176471
0.160784
0.192157
0.160784
0.207843
0.286275
0.247059
0.266667
0.247059
0.278431
0.262745
0.192157
0.231373
0.231373
0.215686
0.211765
0.192157
0.160784
0.180392
0.160784
0.160784
0.243137
0.254902
0.290196
0.349020
0.360784
0.341176
0.360784
0.380392
0.356863
0.360784
0.341176
0.211765
0.188235
0.172549
0.188235
0.176471
0.196078
0.184314
0.247059
0.262745
0.329412
0.298039
0.250980
0.274510
0.282353
0.254902
0.215686
0.184314
0.196078
0.176471
0.164706
0.235294
0.309804
0.329412
0.321569
0.352941
0.380392
0.352941
0.376471
0.403922
0.345098
0.388235
0.400000
0.227451
0.227451
0.215686
0.262745
0.235294
0.207843
0.282353
0.298039
0.305882
0.309804
0.254902
0.266667
0.298039
0.282353
0.247059
0.270588
0.223529
0.184314
0.223529
0.227451
0.270588
0.301961
0.309804
0.368627
0.388235
0.376471
0.329412
0.356863
0.337255
0.325490
0.364706
0.349020
0.250980
0.254902
0.274510
0.266667
0.286275
0.270588
0.305882
0.325490
0.376471
0.349020
0.250980
0.243137
0.301961
0.305882
0.247059
0.266667
0.211765
0.203922
0.274510
0.258824
0.266667
0.274510
0.294118
0.380392
0.376471
0.356863
0.329412
0.294118
0.258824
0.266667
0.243137
0.196078
0.290196
0.321569
0.294118
0.278431
0.309804
0.305882
0.321569
0.376471
0.403922
0.392157
0.364706
0.364706
0.368627
0.317647
0.282353
0.254902
0.196078
0.196078
0.258824
0.243137
0.258824
0.258824
0.282353
0.329412
0.333333
0.349020
0.313725
0.309804
0.341176
0.250980
0.223529
0.270588
0.337255
0.349020
0.329412
0.341176
0.341176
0.341176
0.349020
0.376471
0.364706
0.368627
0.396078
0.396078
0.392157
0.282353
0.258824
0.243137
0.250980
0.231373
0.243137
0.231373
0.235294
0.262745
0.270588
0.309804
0.341176
0.349020
0.309804
0.298039
0.329412
0.301961
0.309804
0.301961
0.345098
0.337255
0.337255
0.345098
0.337255
0.333333
0.352941
0.333333
0.309804
0.317647
0.352941
0.352941
0.341176
0.262745
0.227451
0.258824
0.258824
0.235294
0.250980
0.262745
0.239216
0.258824
0.270588
0.298039
0.301961
0.301961
0.282353
0.294118
0.298039
0.301961
0.298039
0.294118
0.329412
0.309804
0.290196
0.286275
0.321569
0.309804
0.298039
0.298039
0.278431
0.290196
0.317647
0.313725
0.294118
0.258824
0.250980
0.294118
0.262745
0.223529
0.258824
0.309804
0.250980
0.274510
0.305882
0.317647
0.278431
0.282353
0.290196
0.290196
0.301961
0.301961
0.286275
0.321569
0.313725
0.250980
0.247059
0.250980
0.270588
0.258824
0.250980
0.278431
0.286275
0.266667
0.274510
0.294118
0.270588
0.258824
0.270588
0.290196
0.270588
0.278431
0.278431
0.337255
0.294118
0.298039
0.309804
0.298039
0.243137
0.258824
0.309804
0.309804
0.298039
0.305882
0.290196
0.301961
0.278431
0.223529
0.231373
0.231373
0.219608
0.196078
0.243137
0.286275
0.270588
0.231373
0.262745
0.282353
0.278431
0.270588
0.298039
0.290196
0.294118
0.325490
0.294118
0.329412
0.317647
0.309804
0.309804
0.278431
0.243137
0.250980
0.290196
0.286275
0.294118
0.298039
0.317647
0.321569
0.258824
0.219608
0.247059
0.258824
0.207843
0.196078
0.250980
0.286275
0.254902
0.243137
0.286275
0.298039
0.321569
0.325490
0.309804
0.282353
0.317647
0.341176
0.294118
0.313725
0.333333
0.309804
0.309804
0.294118
0.286275
0.278431
0.286275
0.282353
0.301961
0.313725
0.305882
0.278431
0.223529
0.231373
0.266667
0.270588
0.219608
0.223529
0.262745
0.301961
0.254902
0.247059
0.294118
0.321569
0.349020
0.360784
0.337255
0.286275
0.329412
0.345098
0.309804
0.309804
0.321569
0.305882
0.333333
0.333333
0.352941
0.325490
0.309804
0.298039
0.266667
0.278431
0.239216
0.200000
0.231373
0.254902
0.313725
0.294118
0.239216
0.247059
0.278431
0.317647
0.286275
0.258824
0.294118
0.345098
0.352941
0.364706
0.356863
0.301961
0.301961
0.333333
0.282353
0.317647
0.317647
0.313725
0.349020
0.352941
0.400000
0.352941
0.317647
0.301961
0.250980
0.231373
0.215686
0.219608
0.270588
0.278431
0.333333
0.309804
0.235294
0.231373
0.298039
0.321569
0.309804
0.305882
0.286275
0.325490
0.345098
0.345098
0.321569
0.301961
0.286275
0.298039
0.278431
0.341176
0.321569
0.305882
0.345098
0.364706
0.407843
0.360784
0.313725
0.329412
0.313725
0.254902
0.258824
0.223529
0.294118
0.313725
0.345098
0.329412
0.290196
0.266667
0.313725
0.337255
0.305882
0.317647
0.294118
0.313725
0.325490
0.341176
0.278431
0.266667
0.329412
0.298039
0.286275
0.317647
0.305882
0.290196
0.329412
0.356863
0.392157
0.352941
0.329412
0.337255
0.329412
0.321569
0.313725
0.309804
0.321569
0.337255
0.337255
0.341176
0.317647
0.329412
0.309804
0.301961
0.270588
0.301961
0.341176
0.360784
0.321569
0.325490
0.266667
0.231373
0.298039
0.329412
0.341176
0.294118
0.298039
0.278431
0.313725
0.360784
0.368627
0.341176
0.349020
0.333333
0.325490
0.325490
0.309804
0.364706
0.333333
0.345098
0.341176
0.364706
0.298039
0.305882
0.298039
0.298039
0.286275
0.309804
0.372549
0.364706
0.325490
0.313725
0.270588
0.247059
0.298039
0.372549
0.360784
0.333333
0.305882
0.290196
0.321569
0.368627
0.360784
0.360784
0.352941
0.349020
0.333333
0.305882
0.286275
0.329412
0.329412
0.329412
0.364706
0.372549
0.329412
0.274510
0.286275
0.298039
0.329412
0.352941
0.380392
0.376471
0.333333
0.298039
0.282353
0.278431
0.317647
0.345098
0.372549
0.376471
0.313725
0.305882
0.337255
0.380392
0.364706
0.400000
0.364706
0.341176
0.345098
0.309804
0.305882
0.286275
0.333333
0.329412
0.376471
0.400000
0.356863
0.294118
0.298039
0.262745
0.309804
0.360784
0.356863
0.341176
0.325490
0.298039
0.278431
0.294118
0.337255
0.278431
0.317647
0.352941
0.341176
0.337255
0.368627
0.376471
0.400000
0.396078
0.349020
0.341176
0.317647
0.305882
0.309804
0.286275
0.341176
0.325490
0.360784
0.388235
0.352941
0.372549
0.411765
0.333333
0.352941
0.396078
0.372549
0.333333
0.298039
0.270588
0.298039
0.368627
0.345098
0.333333
0.305882
0.337255
0.352941
0.364706
0.368627
0.352941
0.388235
0.345098
0.337255
0.360784
0.290196
0.274510
0.309804
0.309804
0.345098
0.337255
0.337255
0.290196
0.321569
0.396078
0.415686
0.352941
0.360784
0.364706
0.352941
0.349020
0.313725
0.298039
0.329412
0.341176
0.356863
0.368627
0.352941
0.376471
0.352941
0.388235
0.372549
0.325490
0.337255
0.317647
0.337255
0.364706
0.317647
0.294118
0.317647
0.337255
0.345098
0.333333
0.294118
0.247059
0.254902
0.325490
0.380392
0.403922
0.356863
0.325490
0.321569
0.321569
0.333333
0.349020
0.364706
0.345098
0.380392
0.360784
0.349020
0.349020
0.352941
0.376471
0.388235
0.329412
0.313725
0.301961
0.333333
0.352941
0.337255
0.305882
0.317647
0.321569
0.349020
0.329412
0.290196
0.278431
0.239216
0.215686
0.270588
0.298039
0.282353
0.250980
0.243137
0.305882
0.341176
0.360784
0.392157
0.443137
0.407843
0.376471
0.360784
0.364706
0.341176
0.337255
0.403922
0.356863
0.309804
0.317647
0.356863
0.380392
0.349020
0.309804
0.325490
0.313725
0.352941
0.349020
0.309804
0.282353
0.254902
0.266667
0.227451
0.239216
0.313725
0.282353
0.266667
0.321569
0.298039
0.364706
0.403922
0.423529
0.439216
0.407843
0.345098
0.341176
0.337255
0.341176
0.396078
0.352941
0.337255
0.349020
0.400000
0.396078
0.325490
0.313725
0.333333
0.329412
0.352941
0.352941
0.329412
0.298039
0.286275
0.305882
0.317647
0.309804
0.282353
0.298039
0.321569
0.352941
0.286275
0.356863
0.400000
0.392157
0.435294
0.423529
0.341176
0.345098
0.360784
0.384314
0.380392
0.360784
0.368627
0.364706
0.380392
0.349020
0.305882
0.329412
0.325490
0.325490
0.352941
0.329412
0.337255
0.317647
0.329412
0.337255
0.352941
0.333333
0.270588
0.282353
0.305882
0.337255
0.333333
0.356863
0.400000
0.411765
0.419608
0.411765
0.376471
0.368627
0.388235
0.407843
0.388235
0.368627
0.376471
0.388235
0.345098
0.298039
0.313725
0.345098
0.305882
0.329412
0.337255
0.329412
0.349020
0.360784
0.368627
0.372549
0.372549
0.364706
0.309804
0.313725
0.333333
0.349020
0.345098
0.388235
0.411765
0.411765
0.400000
0.419608
0.388235
0.372549
0.384314
0.419608
0.400000
0.396078
0.400000
0.384314
0.301961
0.270588
0.325490
0.349020
0.309804
0.313725
0.345098
0.345098
0.376471
0.392157
0.384314
0.388235
0.407843
0.400000
0.364706
0.372549
0.388235
0.392157
0.380392
0.396078
0.419608
0.423529
0.411765
0.411765
0.396078
0.396078
0.392157
0.403922
0.376471
0.392157
0.400000
0.388235
0.345098
0.298039
0.321569
0.349020
0.325490
0.337255
0.380392
0.364706
0.380392
0.411765
0.396078
0.388235
0.411765
0.427451
0.400000
0.396078
0.431373
0.431373
0.411765
0.396078
0.407843
0.454902
0.450980
0.439216
0.431373
0.407843
0.415686
0.403922
0.352941
0.376471
0.388235
0.380392
0.376471
0.352941
0.345098
0.352941
0.349020
0.368627
0.384314
0.376471
0.376471
0.450980
0.419608
0.376471
0.415686
0.450980
0.396078
0.368627
0.400000
0.415686
0.419608
0.403922
0.419608
0.450980
0.439216
0.435294
0.423529
0.396078
0.392157
0.376471
0.345098
0.384314
0.372549
0.364706
0.356863
0.360784
0.368627
0.392157
0.384314
0.372549
0.384314
0.392157
0.376471
0.443137
0.407843
0.356863
0.396078
0.423529
0.396078
0.364706
0.400000
0.407843
0.439216
0.400000
0.407843
0.427451
0.419608
0.447059
0.423529
0.396078
0.392157
0.364706
0.352941
0.400000
0.376471
0.364706
0.360784
0.364706
0.364706
0.415686
0.388235
0.368627
