0.396078
0.407843
0.423529
0.443137
0.462745
0.415686
0.431373
0.443137
0.431373
0.431373
0.435294
0.435294
0.435294
0.443137
0.431373
0.454902
0.572549
0.647059
0.556863
0.549020
0.592157
0.627451
0.658824
0.717647
0.698039
0.607843
0.592157
0.600000
0.615686
0.654902
0.666667
0.529412
0.415686
0.423529
0.450980
0.619608
0.682353
0.525490
0.462745
0.458824
0.454902
0.454902
0.450980
0.454902
0.462745
0.462745
0.458824
0.482353
0.537255
0.588235
0.592157
0.564706
0.580392
0.552941
0.541176
0.603922
0.647059
0.623529
0.568627
0.564706
0.600000
0.654902
0.662745
0.525490
0.423529
0.427451
0.462745
0.709804
0.847059
0.764706
0.627451
0.541176
0.482353
0.462745
0.462745
0.474510
0.490196
0.556863
0.509804
0.509804
0.537255
0.529412
0.521569
0.501961
0.529412
0.509804
0.478431
0.505882
0.560784
0.682353
0.698039
0.717647
0.666667
0.650980
0.690196
0.603922
0.443137
0.443137
0.466667
0.603922
0.788235
0.909804
0.866667
0.792157
0.603922
0.486275
0.513725
0.623529
0.588235
0.737255
0.658824
0.549020
0.588235
0.549020
0.498039
0.482353
0.490196
0.494118
0.509804
0.509804
0.552941
0.670588
0.756863
0.831373
0.776471
0.670588
0.666667
0.643137
0.462745
0.454902
0.474510
0.509804
0.670588
0.866667
0.913725
0.933333
0.788235
0.568627
0.572549
0.737255
0.690196
0.752941
0.788235
0.678431
0.666667
0.572549
0.513725
0.505882
0.486275
0.501961
0.525490
0.549020
0.545098
0.584314
0.650980
0.721569
0.729412
0.647059
0.494118
0.388235
0.482353
0.466667
0.486275
0.494118
0.576471
0.749020
0.843137
0.870588
0.847059
0.725490
0.615686
0.650980
0.662745
0.705882
0.760784
0.760784
0.772549
0.666667
0.537255
0.509804
0.509804
0.439216
0.298039
0.486275
0.549020
0.549020
0.560784
0.596078
0.654902
0.552941
0.278431
0.203922
0.505882
0.486275
0.486275
0.501961
0.529412
0.627451
0.725490
0.741176
0.772549
0.780392
0.662745
0.572549
0.478431
0.627451
0.705882
0.721569
0.756863
0.698039
0.564706
0.521569
0.529412
0.270588
0.133333
0.294118
0.478431
0.478431
0.537255
0.572549
0.666667
0.541176
0.200000
0.180392
0.517647
0.498039
0.494118
0.505882
0.537255
0.560784
0.611765
0.666667
0.670588
0.698039
0.627451
0.458824
0.443137
0.454902
0.592157
0.627451
0.623529
0.564706
0.494118
0.537255
0.494118
0.180392
0.137255
0.184314
0.219608
0.258824
0.415686
0.521569
0.545098
0.392157
0.180392
0.188235
0.521569
0.509804
0.509804
0.509804
0.533333
0.556863
0.627451
0.647059
0.662745
0.650980
0.576471
0.278431
0.274510
0.188235
0.254902
0.286275
0.282353
0.254902
0.207843
0.254902
0.262745
0.188235
0.164706
0.192157
0.196078
0.215686
0.227451
0.258824
0.294118
0.341176
0.176471
0.145098
0.529412
0.525490
0.521569
0.525490
0.537255
0.607843
0.709804
0.678431
0.733333
0.752941
0.607843
0.266667
0.117647
0.109804
0.164706
0.200000
0.172549
0.164706
0.176471
0.184314
0.192157
0.203922
0.203922
0.215686
0.239216
0.243137
0.227451
0.239216
0.270588
0.396078
0.262745
0.156863
0.545098
0.541176
0.509804
0.443137
0.423529
0.588235
0.678431
0.721569
0.815686
0.815686
0.572549
0.270588
0.086275
0.109804
0.172549
0.215686
0.235294
0.184314
0.200000
0.200000
0.196078
0.196078
0.164706
0.203922
0.231373
0.215686
0.211765
0.227451
0.258824
0.341176
0.309804
0.215686
0.576471
0.556863
0.439216
0.262745
0.235294
0.396078
0.478431
0.513725
0.666667
0.619608
0.427451
0.388235
0.227451
0.121569
0.196078
0.200000
0.211765
0.180392
0.168627
0.172549
0.176471
0.168627
0.117647
0.149020
0.176471
0.164706
0.156863
0.160784
0.207843
0.305882
0.325490
0.282353
0.596078
0.568627
0.372549
0.211765
0.176471
0.207843
0.286275
0.294118
0.407843
0.407843
0.364706
0.466667
0.321569
0.101961
0.172549
0.176471
0.117647
0.129412
0.141176
0.125490
0.125490
0.117647
0.086275
0.090196
0.094118
0.086275
0.098039
0.101961
0.125490
0.223529
0.211765
0.235294
0.494118
0.443137
0.372549
0.262745
0.192157
0.149020
0.231373
0.274510
0.352941
0.372549
0.372549
0.525490
0.356863
0.094118
0.156863
0.192157
0.121569
0.109804
0.152941
0.101961
0.101961
0.117647
0.074510
0.098039
0.101961
0.062745
0.094118
0.098039
0.082353
0.156863
0.129412
0.168627
0.309804
0.274510
0.321569
0.172549
0.156863
0.156863
0.215686
0.270588
0.439216
0.454902
0.443137
0.615686
0.384314
0.164706
0.152941
0.137255
0.109804
0.086275
0.113725
0.101961
0.086275
0.113725
0.074510
0.105882
0.105882
0.066667
0.094118
0.086275
0.078431
0.152941
0.121569
0.176471
0.168627
0.286275
0.368627
0.329412
0.509804
0.600000
0.650980
0.682353
0.772549
0.819608
0.815686
0.843137
0.392157
0.074510
0.094118
0.109804
0.105882
0.074510
0.082353
0.070588
0.105882
0.105882
0.074510
0.105882
0.105882
0.078431
0.105882
0.101961
0.090196
0.145098
0.121569
0.176471
0.372549
0.572549
0.847059
0.913725
0.976471
0.976471
0.960784
0.913725
0.803922
0.874510
0.952941
0.854902
0.407843
0.050980
0.086275
0.113725
0.101961
0.086275
0.094118
0.082353
0.101961
0.105882
0.086275
0.098039
0.105882
0.094118
0.109804
0.101961
0.125490
0.239216
0.207843
0.192157
0.674510
0.823529
0.960784
0.988235
0.988235
0.976471
0.960784
0.937255
0.815686
0.788235
0.874510
0.882353
0.435294
0.094118
0.141176
0.121569
0.101961
0.098039
0.101961
0.098039
0.094118
0.133333
0.121569
0.125490
0.141176
0.117647
0.145098
0.133333
0.223529
0.541176
0.454902
0.282353
0.745098
0.858824
0.937255
0.956863
0.956863
0.972549
0.968627
0.952941
0.917647
0.866667
0.882353
0.941176
0.474510
0.117647
0.207843
0.180392
0.137255
0.152941
0.168627
0.149020
0.152941
0.188235
0.160784
0.211765
0.223529
0.196078
0.227451
0.219608
0.294118
0.592157
0.560784
0.329412
0.654902
0.823529
0.666667
0.654902
0.643137
0.768627
0.921569
0.941176
0.941176
0.941176
0.937255
0.964706
0.439216
0.082353
0.149020
0.141176
0.109804
0.113725
0.129412
0.117647
0.117647
0.133333
0.105882
0.149020
0.145098
0.141176
0.137255
0.141176
0.137255
0.219608
0.282353
0.392157
0.498039
0.607843
0.211765
0.235294
0.207843
0.388235
0.807843
0.843137
0.882353
0.862745
0.823529
0.788235
0.274510
0.039216
0.078431
0.078431
0.062745
0.141176
0.145098
0.074510
0.047059
0.070588
0.156863
0.145098
0.082353
0.062745
0.137255
0.266667
0.223529
0.227451
0.250980
0.564706
0.447059
0.419608
0.141176
0.301961
0.282353
0.262745
0.568627
0.435294
0.427451
0.419608
0.403922
0.396078
0.176471
0.094118
0.113725
0.078431
0.149020
0.301961
0.298039
0.160784
0.054902
0.192157
0.321569
0.298039
0.152941
0.070588
0.250980
0.392157
0.360784
0.333333
0.262745
0.631373
0.352941
0.196078
0.266667
0.360784
0.368627
0.349020
0.392157
0.231373
0.113725
0.164706
0.192157
0.215686
0.207843
0.156863
0.160784
0.101961
0.266667
0.384314
0.396078
0.227451
0.062745
0.274510
0.345098
0.349020
0.235294
0.101961
0.309804
0.325490
0.345098
0.360784
0.258824
0.631373
0.290196
0.141176
0.337255
0.388235
0.360784
0.356863
0.380392
0.337255
0.254902
0.184314
0.176471
0.180392
0.200000
0.164706
0.207843
0.141176
0.329412
0.352941
0.380392
0.294118
0.098039
0.317647
0.294118
0.321569
0.298039
0.156863
0.298039
0.274510
0.329412
0.325490
0.223529
0.615686
0.325490
0.231373
0.403922
0.643137
0.537255
0.360784
0.392157
0.356863
0.376471
0.309804
0.352941
0.317647
0.219608
0.133333
0.290196
0.227451
0.368627
0.509804
0.439216
0.317647
0.117647
0.345098
0.329412
0.329412
0.309804
0.152941
0.290196
0.337255
0.360784
0.337255
0.243137
0.607843
0.282353
0.282353
0.494118
0.572549
0.533333
0.403922
0.376471
0.286275
0.254902
0.286275
0.337255
0.309804
0.203922
0.180392
0.337255
0.243137
0.258824
0.721569
0.635294
0.235294
0.090196
0.349020
0.470588
0.431373
0.298039
0.125490
0.301961
0.552941
0.513725
0.454902
0.568627
0.643137
0.349020
0.333333
0.462745
0.654902
0.600000
0.407843
0.313725
0.180392
0.109804
0.125490
0.121569
0.098039
0.094118
0.082353
0.090196
0.078431
0.117647
0.356863
0.352941
0.113725
0.047059
0.250980
0.537255
0.509804
0.231373
0.078431
0.200000
0.435294
0.447059
0.549020
0.698039
0.678431
0.184314
0.180392
0.341176
0.600000
0.541176
0.352941
0.192157
0.098039
0.094118
0.094118
0.113725
0.168627
0.215686
0.196078
0.160784
0.121569
0.121569
0.219608
0.286275
0.207843
0.164706
0.243137
0.360784
0.411765
0.368627
0.286275
0.329412
0.427451
0.509804
0.658824
0.690196
0.678431
0.203922
0.137255
0.235294
0.364706
0.372549
0.368627
0.341176
0.341176
0.364706
0.396078
0.435294
0.537255
0.592157
0.576471
0.533333
0.490196
0.462745
0.509804
0.619608
0.596078
0.552941
0.545098
0.572549
0.627451
0.678431
0.658824
0.658824
0.674510
0.686275
0.694118
0.690196
0.666667
0.525490
0.447059
0.458824
0.501961
0.552941
0.615686
0.670588
0.694118
0.713725
0.725490
0.733333
0.752941
0.737255
0.745098
0.760784
0.760784
0.749020
0.745098
0.745098
0.752941
0.749020
0.737255
0.733333
0.725490
0.717647
0.709804
0.705882
0.698039
0.682353
0.674510
0.674510
0.658824
0.756863
0.737255
0.725490
0.745098
0.756863
0.756863
0.764706
0.764706
0.772549
0.768627
0.760784
0.756863
0.741176
0.749020
0.760784
0.745098
0.749020
0.741176
0.725490
0.729412
0.725490
0.721569
0.709804
0.705882
0.705882
0.694118
0.690196
0.690196
0.690196
0.690196
0.678431
0.662745
0.760784
0.741176
0.737255
0.752941
0.760784
0.741176
0.741176
0.749020
0.752941
0.749020
0.752941
0.756863
0.752941
0.749020
0.745098
0.733333
0.733333
0.713725
0.678431
0.713725
0.729412
0.717647
0.717647
0.725490
0.721569
0.705882
0.698039
0.698039
0.694118
0.686275
0.674510
0.666667
0.603922
0.600000
0.611765
0.619608
0.639216
0.631373
0.627451
0.619608
0.623529
0.627451
0.627451
0.627451
0.623529
0.631373
0.631373
0.635294
0.686275
0.713725
0.662745
0.666667
0.678431
0.705882
0.737255
0.784314
0.768627
0.705882
0.698039
0.709804
0.717647
0.725490
0.741176
0.666667
0.623529
0.619608
0.639216
0.729412
0.776471
0.690196
0.650980
0.647059
0.650980
0.650980
0.650980
0.647059
0.639216
0.643137
0.647059
0.650980
0.670588
0.690196
0.686275
0.654902
0.670588
0.670588
0.678431
0.713725
0.737255
0.709804
0.678431
0.686275
0.713725
0.725490
0.733333
0.666667
0.631373
0.619608
0.639216
0.776471
0.874510
0.839216
0.749020
0.698039
0.666667
0.658824
0.654902
0.654902
0.650980
0.690196
0.666667
0.666667
0.670588
0.662745
0.662745
0.650980
0.658824
0.658824
0.658824
0.658824
0.674510
0.749020
0.760784
0.784314
0.737255
0.713725
0.760784
0.709804
0.639216
0.631373
0.639216
0.705882
0.827451
0.925490
0.905882
0.858824
0.741176
0.666667
0.678431
0.741176
0.705882
0.803922
0.756863
0.682353
0.690196
0.670588
0.662745
0.662745
0.666667
0.662745
0.666667
0.658824
0.670588
0.745098
0.807843
0.866667
0.823529
0.733333
0.733333
0.705882
0.647059
0.639216
0.639216
0.658824
0.745098
0.882353
0.925490
0.945098
0.850980
0.705882
0.698039
0.796078
0.752941
0.796078
0.835294
0.764706
0.749020
0.686275
0.666667
0.662745
0.666667
0.662745
0.647059
0.670588
0.670588
0.686275
0.725490
0.784314
0.788235
0.717647
0.545098
0.411765
0.654902
0.647059
0.650980
0.654902
0.694118
0.807843
0.874510
0.890196
0.874510
0.800000
0.713725
0.729412
0.733333
0.756863
0.811765
0.803922
0.807843
0.741176
0.670588
0.654902
0.670588
0.560784
0.376471
0.588235
0.682353
0.670588
0.666667
0.690196
0.725490
0.639216
0.325490
0.223529
0.662745
0.654902
0.662745
0.658824
0.662745
0.709804
0.776471
0.788235
0.803922
0.815686
0.741176
0.682353
0.552941
0.694118
0.764706
0.760784
0.772549
0.756863
0.698039
0.674510
0.690196
0.356863
0.164706
0.368627
0.592157
0.588235
0.654902
0.690196
0.745098
0.615686
0.254902
0.211765
0.666667
0.662745
0.662745
0.662745
0.666667
0.670588
0.690196
0.721569
0.725490
0.749020
0.725490
0.572549
0.494118
0.517647
0.654902
0.690196
0.701961
0.682353
0.623529
0.654902
0.611765
0.215686
0.145098
0.227451
0.274510
0.329412
0.513725
0.631373
0.611765
0.431373
0.211765
0.215686
0.670588
0.662745
0.662745
0.658824
0.666667
0.686275
0.701961
0.709804
0.729412
0.721569
0.686275
0.352941
0.298039
0.227451
0.294118
0.325490
0.317647
0.298039
0.258824
0.305882
0.301961
0.184314
0.176471
0.203922
0.200000
0.243137
0.278431
0.317647
0.337255
0.360784
0.180392
0.168627
0.670588
0.662745
0.666667
0.666667
0.662745
0.701961
0.752941
0.725490
0.760784
0.800000
0.694118
0.298039
0.117647
0.125490
0.168627
0.203922
0.184314
0.172549
0.180392
0.188235
0.203922
0.215686
0.227451
0.235294
0.258824
0.270588
0.262745
0.258824
0.298039
0.431373
0.282353
0.184314
0.662745
0.666667
0.647059
0.541176
0.509804
0.647059
0.717647
0.749020
0.800000
0.823529
0.631373
0.309804
0.090196
0.125490
0.184314
0.223529
0.254902
0.203922
0.211765
0.207843
0.211765
0.211765
0.184314
0.223529
0.250980
0.239216
0.235294
0.243137
0.282353
0.384314
0.349020
0.247059
0.678431
0.682353
0.541176
0.309804
0.282353
0.443137
0.517647
0.545098
0.666667
0.635294
0.486275
0.447059
0.254902
0.137255
0.215686
0.215686
0.227451
0.196078
0.184314
0.188235
0.192157
0.184314
0.133333
0.164706
0.192157
0.184314
0.176471
0.180392
0.231373
0.337255
0.356863
0.309804
0.670588
0.650980
0.443137
0.239216
0.196078
0.231373
0.317647
0.337255
0.447059
0.458824
0.427451
0.533333
0.372549
0.117647
0.188235
0.192157
0.133333
0.145098
0.156863
0.141176
0.141176
0.133333
0.101961
0.105882
0.109804
0.105882
0.117647
0.121569
0.145098
0.239216
0.227451
0.254902
0.529412
0.478431
0.400000
0.266667
0.184314
0.156863
0.250980
0.321569
0.411765
0.439216
0.435294
0.584314
0.400000
0.101961
0.172549
0.207843
0.137255
0.125490
0.168627
0.117647
0.117647
0.133333
0.090196
0.113725
0.117647
0.082353
0.113725
0.113725
0.098039
0.164706
0.141176
0.184314
0.341176
0.321569
0.337255
0.164706
0.098039
0.133333
0.235294
0.301961
0.466667
0.494118
0.474510
0.643137
0.407843
0.164706
0.168627
0.152941
0.125490
0.101961
0.129412
0.117647
0.101961
0.129412
0.090196
0.121569
0.121569
0.082353
0.109804
0.101961
0.094118
0.164706
0.137255
0.188235
0.235294
0.317647
0.403922
0.349020
0.447059
0.568627
0.674510
0.694118
0.780392
0.823529
0.811765
0.847059
0.411765
0.074510
0.105882
0.125490
0.121569
0.090196
0.098039
0.086275
0.121569
0.121569
0.090196
0.121569
0.121569
0.094118
0.121569
0.117647
0.105882
0.160784
0.137255
0.184314
0.215686
0.486275
0.866667
0.941176
0.976471
0.984314
0.980392
0.925490
0.835294
0.890196
0.956863
0.866667
0.427451
0.050980
0.098039
0.133333
0.117647
0.101961
0.109804
0.098039
0.117647
0.121569
0.101961
0.113725
0.121569
0.109804
0.125490
0.121569
0.141176
0.250980
0.223529
0.203922
0.149020
0.713725
0.964706
0.996078
0.992157
0.984314
0.968627
0.941176
0.831373
0.796078
0.882353
0.894118
0.443137
0.090196
0.152941
0.137255
0.117647
0.113725
0.125490
0.125490
0.113725
0.149020
0.141176
0.152941
0.164706
0.141176
0.168627
0.156863
0.239216
0.549020
0.458824
0.290196
0.203922
0.792157
0.945098
0.960784
0.956863
0.972549
0.968627
0.956863
0.921569
0.870588
0.882353
0.949020
0.478431
0.109804
0.219608
0.196078
0.152941
0.168627
0.184314
0.164706
0.168627
0.203922
0.176471
0.231373
0.243137
0.215686
0.247059
0.235294
0.305882
0.588235
0.556863
0.329412
0.368627
0.823529
0.678431
0.666667
0.647059
0.772549
0.925490
0.945098
0.945098
0.945098
0.941176
0.972549
0.447059
0.074510
0.160784
0.156863
0.121569
0.129412
0.137255
0.117647
0.125490
0.149020
0.113725
0.152941
0.149020
0.141176
0.141176
0.145098
0.137255
0.219608
0.282353
0.396078
0.411765
0.611765
0.223529
0.243137
0.203922
0.384314
0.815686
0.850980
0.886275
0.866667
0.819608
0.788235
0.278431
0.031373
0.082353
0.086275
0.070588
0.149020
0.149020
0.070588
0.050980
0.078431
0.160784
0.149020
0.082353
0.062745
0.137255
0.266667
0.223529
0.231373
0.254902
0.568627
0.415686
0.407843
0.145098
0.298039
0.270588
0.254902
0.580392
0.443137
0.427451
0.427451
0.396078
0.388235
0.176471
0.094118
0.113725
0.078431
0.152941
0.309804
0.301961
0.160784
0.054902
0.192157
0.325490
0.301961
0.156863
0.066667
0.254902
0.396078
0.364706
0.337255
0.262745
0.627451
0.341176
0.192157
0.266667
0.356863
0.352941
0.341176
0.407843
0.243137
0.109804
0.172549
0.192157
0.215686
0.219608
0.168627
0.164706
0.101961
0.270588
0.388235
0.400000
0.227451
0.058824
0.274510
0.349020
0.352941
0.235294
0.101961
0.309804
0.329412
0.349020
0.364706
0.262745
0.635294
0.290196
0.141176
0.337255
0.384314
0.349020
0.352941
0.392157
0.349020
0.258824
0.196078
0.188235
0.196078
0.231373
0.192157
0.211765
0.141176
0.333333
0.356863
0.384314
0.298039
0.098039
0.317647
0.298039
0.325490
0.298039
0.156863
0.301961
0.278431
0.333333
0.329412
0.231373
0.631373
0.317647
0.231373
0.411765
0.647059
0.537255
0.356863
0.400000
0.372549
0.392157
0.329412
0.368627
0.337255
0.243137
0.156863
0.305882
0.239216
0.372549
0.513725
0.443137
0.321569
0.117647
0.345098
0.333333
0.333333
0.313725
0.156863
0.294118
0.341176
0.364706
0.337255
0.247059
0.615686
0.282353
0.278431
0.498039
0.580392
0.541176
0.403922
0.376471
0.298039
0.270588
0.301961
0.356863
0.325490
0.219608
0.196078
0.352941
0.258824
0.266667
0.725490
0.643137
0.239216
0.090196
0.352941
0.474510
0.435294
0.301961
0.129412
0.301961
0.556863
0.517647
0.458824
0.572549
0.647059
0.356863
0.337255
0.466667
0.662745
0.607843
0.403922
0.309804
0.192157
0.121569
0.137255
0.137255
0.113725
0.105882
0.094118
0.098039
0.086275
0.121569
0.360784
0.352941
0.113725
0.047059
0.254902
0.541176
0.513725
0.231373
0.078431
0.200000
0.439216
0.450980
0.552941
0.701961
0.682353
0.192157
0.180392
0.345098
0.607843
0.545098
0.349020
0.188235
0.105882
0.109804
0.109804
0.125490
0.180392
0.227451
0.211765
0.180392
0.141176
0.133333
0.227451
0.290196
0.207843
0.164706
0.247059
0.364706
0.415686
0.368627
0.282353
0.333333
0.431373
0.513725
0.662745
0.694118
0.686275
0.203922
0.133333
0.235294
0.368627
0.376471
0.368627
0.341176
0.349020
0.380392
0.411765
0.443137
0.541176
0.600000
0.588235
0.552941
0.509804
0.478431
0.521569
0.627451
0.603922
0.556863
0.549020
0.576471
0.631373
0.678431
0.662745
0.662745
0.678431
0.690196
0.698039
0.694118
0.682353
0.525490
0.447059
0.462745
0.509804
0.556863
0.623529
0.678431
0.701961
0.721569
0.733333
0.737255
0.756863
0.745098
0.752941
0.749020
0.749020
0.749020
0.749020
0.752941
0.760784
0.752941
0.741176
0.737255
0.729412
0.721569
0.713725
0.709804
0.701961
0.686275
0.678431
0.678431
0.674510
0.760784
0.741176
0.729412
0.749020
0.760784
0.760784
0.772549
0.768627
0.764706
0.764706
0.764706
0.760784
0.749020
0.752941
0.752941
0.733333
0.741176
0.737255
0.729412
0.737255
0.733333
0.721569
0.713725
0.709804
0.709804
0.698039
0.694118
0.694118
0.694118
0.694118
0.686275
0.678431
0.764706
0.745098
0.741176
0.760784
0.764706
0.745098
0.745098
0.752941
0.749020
0.749020
0.756863
0.760784
0.760784
0.756863
0.749020
0.737255
0.733333
0.713725
0.678431
0.713725
0.733333
0.721569
0.721569
0.729412
0.725490
0.709804
0.701961
0.709804
0.709804
0.701961
0.690196
0.686275
0.768627
0.752941
0.764706
0.768627
0.776471
0.788235
0.792157
0.772549
0.760784
0.760784
0.764706
0.764706
0.760784
0.768627
0.768627
0.760784
0.752941
0.756863
0.733333
0.729412
0.745098
0.760784
0.788235
0.823529
0.792157
0.764706
0.788235
0.792157
0.780392
0.776471
0.792157
0.764706
0.788235
0.776471
0.784314
0.827451
0.850980
0.796078
0.796078
0.792157
0.788235
0.788235
0.788235
0.784314
0.784314
0.788235
0.784314
0.768627
0.749020
0.764706
0.776471
0.745098
0.760784
0.760784
0.776471
0.784314
0.784314
0.780392
0.792157
0.803922
0.803922
0.796078
0.800000
0.768627
0.792157
0.772549
0.780392
0.835294
0.898039
0.874510
0.827451
0.811765
0.800000
0.796078
0.792157
0.784314
0.788235
0.803922
0.780392
0.772549
0.764706
0.768627
0.772549
0.760784
0.764706
0.772549
0.772549
0.772549
0.772549
0.811765
0.819608
0.843137
0.815686
0.792157
0.823529
0.796078
0.800000
0.780392
0.772549
0.788235
0.858824
0.929412
0.921569
0.898039
0.831373
0.800000
0.807843
0.835294
0.803922
0.858824
0.819608
0.772549
0.776471
0.780392
0.780392
0.776471
0.772549
0.788235
0.784314
0.772549
0.776471
0.815686
0.835294
0.882353
0.866667
0.803922
0.764706
0.725490
0.796078
0.784314
0.772549
0.776471
0.807843
0.882353
0.917647
0.937255
0.882353
0.800000
0.800000
0.843137
0.803922
0.827451
0.854902
0.819608
0.807843
0.776471
0.776471
0.772549
0.772549
0.788235
0.737255
0.752941
0.760784
0.764706
0.776471
0.811765
0.827451
0.780392
0.549020
0.364706
0.792157
0.788235
0.784314
0.776471
0.784314
0.847059
0.882353
0.890196
0.882353
0.843137
0.796078
0.792157
0.788235
0.792157
0.835294
0.823529
0.823529
0.792157
0.764706
0.760784
0.792157
0.650980
0.376471
0.631373
0.780392
0.768627
0.760784
0.745098
0.772549
0.694118
0.298039
0.141176
0.784314
0.784314
0.788235
0.776471
0.768627
0.796078
0.827451
0.815686
0.827451
0.831373
0.800000
0.756863
0.619608
0.760784
0.819608
0.800000
0.803922
0.800000
0.780392
0.780392
0.796078
0.380392
0.117647
0.349020
0.658824
0.650980
0.752941
0.772549
0.796078
0.647059
0.200000
0.117647
0.780392
0.776471
0.780392
0.780392
0.772549
0.772549
0.772549
0.768627
0.764706
0.800000
0.796078
0.635294
0.521569
0.564706
0.717647
0.752941
0.752941
0.733333
0.686275
0.745098
0.694118
0.223529
0.101961
0.129412
0.219608
0.262745
0.513725
0.674510
0.627451
0.423529
0.145098
0.129412
0.784314
0.772549
0.772549
0.772549
0.772549
0.776471
0.776471
0.776471
0.776471
0.796078
0.768627
0.380392
0.294118
0.247059
0.341176
0.372549
0.356863
0.349020
0.298039
0.356863
0.349020
0.196078
0.188235
0.184314
0.184314
0.211765
0.266667
0.313725
0.325490
0.341176
0.129412
0.098039
0.784314
0.768627
0.764706
0.772549
0.764706
0.784314
0.811765
0.780392
0.764706
0.815686
0.749020
0.294118
0.121569
0.145098
0.188235
0.219608
0.184314
0.188235
0.192157
0.211765
0.219608
0.215686
0.239216
0.247059
0.278431
0.278431
0.262745
0.258824
0.301961
0.423529
0.262745
0.125490
0.768627
0.772549
0.721569
0.572549
0.521569
0.678431
0.752941
0.752941
0.725490
0.788235
0.658824
0.313725
0.090196
0.125490
0.196078
0.231373
0.247059
0.196078
0.215686
0.219608
0.223529
0.223529
0.192157
0.231373
0.262745
0.247059
0.239216
0.254902
0.294118
0.388235
0.345098
0.203922
0.772549
0.772549
0.572549
0.243137
0.192157
0.368627
0.466667
0.513725
0.619608
0.615686
0.494118
0.447059
0.239216
0.129412
0.227451
0.227451
0.227451
0.192157
0.192157
0.203922
0.203922
0.196078
0.145098
0.176471
0.203922
0.196078
0.188235
0.192157
0.239216
0.345098
0.364706
0.301961
0.725490
0.682353
0.427451
0.164706
0.145098
0.176471
0.227451
0.278431
0.431373
0.443137
0.415686
0.517647
0.349020
0.113725
0.200000
0.203922
0.133333
0.141176
0.164706
0.152941
0.152941
0.145098
0.113725
0.117647
0.121569
0.117647
0.129412
0.133333
0.156863
0.250980
0.243137
0.266667
0.517647
0.415686
0.337255
0.200000
0.149020
0.137255
0.203922
0.274510
0.396078
0.407843
0.396078
0.560784
0.388235
0.105882
0.184314
0.219608
0.141176
0.129412
0.176471
0.129412
0.129412
0.145098
0.101961
0.125490
0.129412
0.094118
0.125490
0.125490
0.109804
0.180392
0.152941
0.188235
0.294118
0.235294
0.274510
0.141176
0.098039
0.117647
0.211765
0.278431
0.458824
0.466667
0.431373
0.627451
0.415686
0.180392
0.180392
0.164706
0.137255
0.113725
0.141176
0.129412
0.113725
0.141176
0.101961
0.133333
0.133333
0.094118
0.121569
0.117647
0.109804
0.176471
0.149020
0.192157
0.168627
0.266667
0.380392
0.368627
0.482353
0.564706
0.650980
0.682353
0.780392
0.807843
0.776471
0.839216
0.419608
0.094118
0.117647
0.137255
0.133333
0.101961
0.109804
0.098039
0.133333
0.133333
0.101961
0.133333
0.133333
0.105882
0.133333
0.129412
0.117647
0.172549
0.152941
0.192157
0.192157
0.454902
0.850980
0.921569
0.976471
0.976471
0.956863
0.909804
0.823529
0.870588
0.921569
0.854902
0.435294
0.066667
0.109804
0.145098
0.129412
0.113725
0.121569
0.109804
0.129412
0.133333
0.113725
0.125490
0.133333
0.125490
0.137255
0.133333
0.152941
0.262745
0.235294
0.207843
0.215686
0.682353
0.941176
0.972549
0.972549
0.968627
0.949020
0.921569
0.807843
0.772549
0.854902
0.870588
0.447059
0.098039
0.160784
0.149020
0.129412
0.125490
0.137255
0.137255
0.125490
0.160784
0.149020
0.160784
0.176471
0.160784
0.188235
0.176471
0.254902
0.541176
0.458824
0.278431
0.278431
0.768627
0.925490
0.945098
0.941176
0.956863
0.952941
0.933333
0.898039
0.847059
0.858824
0.925490
0.482353
0.117647
0.227451
0.207843
0.164706
0.180392
0.196078
0.176471
0.180392
0.215686
0.184314
0.231373
0.247059
0.227451
0.258824
0.247059
0.317647
0.600000
0.572549
0.329412
0.388235
0.792157
0.674510
0.658824
0.627451
0.752941
0.905882
0.921569
0.925490
0.921569
0.917647
0.949020
0.447059
0.082353
0.168627
0.168627
0.133333
0.141176
0.152941
0.137255
0.141176
0.160784
0.117647
0.145098
0.145098
0.145098
0.141176
0.149020
0.141176
0.227451
0.286275
0.380392
0.400000
0.596078
0.219608
0.227451
0.184314
0.372549
0.803922
0.831373
0.858824
0.839216
0.803922
0.768627
0.278431
0.039216
0.090196
0.094118
0.070588
0.149020
0.149020
0.078431
0.062745
0.082353
0.149020
0.129412
0.074510
0.062745
0.129412
0.254902
0.211765
0.219608
0.235294
0.521569
0.403922
0.407843
0.129412
0.274510
0.250980
0.247059
0.576471
0.431373
0.415686
0.411765
0.384314
0.380392
0.176471
0.094118
0.113725
0.078431
0.141176
0.290196
0.282353
0.152941
0.058824
0.180392
0.301961
0.278431
0.149020
0.070588
0.239216
0.372549
0.341176
0.317647
0.243137
0.588235
0.341176
0.196078
0.250980
0.329412
0.333333
0.321569
0.403922
0.243137
0.113725
0.184314
0.196078
0.215686
0.215686
0.164706
0.164706
0.101961
0.254902
0.368627
0.372549
0.219608
0.066667
0.258824
0.325490
0.329412
0.227451
0.105882
0.294118
0.305882
0.329412
0.345098
0.243137
0.611765
0.298039
0.149020
0.321569
0.356863
0.329412
0.321569
0.388235
0.345098
0.227451
0.203922
0.196078
0.200000
0.219608
0.180392
0.211765
0.137255
0.317647
0.337255
0.356863
0.286275
0.101961
0.305882
0.270588
0.298039
0.290196
0.160784
0.286275
0.254902
0.309804
0.309804
0.211765
0.611765
0.305882
0.223529
0.380392
0.600000
0.501961
0.325490
0.384314
0.352941
0.345098
0.298039
0.356863
0.321569
0.211765
0.125490
0.282353
0.219608
0.352941
0.490196
0.407843
0.298039
0.117647
0.333333
0.309804
0.309804
0.298039
0.145098
0.274510
0.317647
0.345098
0.325490
0.231373
0.592157
0.250980
0.266667
0.466667
0.525490
0.498039
0.380392
0.368627
0.301961
0.270588
0.298039
0.341176
0.313725
0.219608
0.196078
0.360784
0.266667
0.254902
0.705882
0.607843
0.219608
0.090196
0.337255
0.447059
0.411765
0.286275
0.121569
0.290196
0.533333
0.494118
0.439216
0.552941
0.623529
0.349020
0.329412
0.431373
0.607843
0.560784
0.384314
0.317647
0.207843
0.141176
0.152941
0.137255
0.117647
0.125490
0.113725
0.129412
0.113725
0.113725
0.341176
0.333333
0.109804
0.054902
0.239216
0.513725
0.490196
0.219608
0.086275
0.196078
0.415686
0.427451
0.517647
0.666667
0.658824
0.215686
0.188235
0.317647
0.560784
0.505882
0.337255
0.207843
0.121569
0.105882
0.109804
0.125490
0.176471
0.219608
0.200000
0.180392
0.141176
0.117647
0.203922
0.270588
0.200000
0.164706
0.231373
0.337255
0.392157
0.356863
0.290196
0.329412
0.411765
0.486275
0.623529
0.654902
0.658824
0.215686
0.149020
0.227451
0.341176
0.349020
0.356863
0.337255
0.337255
0.356863
0.388235
0.423529
0.521569
0.560784
0.549020
0.525490
0.486275
0.450980
0.494118
0.596078
0.568627
0.533333
0.525490
0.549020
0.607843
0.658824
0.643137
0.643137
0.654902
0.666667
0.670588
0.666667
0.658824
0.513725
0.447059
0.443137
0.482353
0.533333
0.588235
0.635294
0.658824
0.674510
0.694118
0.713725
0.729412
0.701961
0.709804
0.729412
0.729412
0.725490
0.725490
0.717647
0.713725
0.721569
0.717647
0.713725
0.705882
0.698039
0.690196
0.686275
0.678431
0.662745
0.654902
0.654902
0.650980
0.733333
0.721569
0.698039
0.717647
0.737255
0.729412
0.729412
0.733333
0.741176
0.741176
0.741176
0.733333
0.705882
0.713725
0.729412
0.713725
0.721569
0.717647
0.694118
0.694118
0.701961
0.701961
0.690196
0.686275
0.686275
0.678431
0.670588
0.670588
0.670588
0.670588
0.662745
0.654902
0.737255
0.721569
0.709804
0.729412
0.741176
0.721569
0.721569
0.729412
0.733333
0.733333
0.733333
0.737255
0.729412
0.725490
0.725490
0.713725
0.709804
0.690196
0.639216
0.662745
0.701961
0.698039
0.698039
0.705882
0.701961
0.686275
0.678431
0.686275
0.686275
0.678431
0.666667
0.662745
