0.337255
0.360784
0.219608
0.329412
0.352941
0.215686
0.380392
0.380392
0.227451
0.454902
0.431373
0.254902
0.486275
0.466667
0.266667
0.564706
0.564706
0.321569
0.513725
0.552941
0.258824
0.494118
0.509804
0.231373
0.509804
0.490196
0.235294
0.541176
0.509804
0.286275
0.427451
0.407843
0.211765
0.376471
0.388235
0.156863
0.541176
0.545098
0.286275
0.552941
0.521569
0.325490
0.396078
0.384314
0.239216
0.380392
0.388235
0.286275
0.286275
0.313725
0.215686
0.235294
0.266667
0.196078
0.137255
0.160784
0.137255
0.086275
0.094118
0.094118
0.109804
0.113725
0.098039
0.156863
0.164706
0.117647
0.207843
0.219608
0.152941
0.278431
0.301961
0.156863
0.282353
0.309804
0.145098
0.282353
0.294118
0.211765
0.164706
0.176471
0.098039
0.149020
0.156863
0.101961
0.152941
0.160784
0.105882
0.223529
0.235294
0.160784
0.325490
0.349020
0.207843
0.345098
0.380392
0.188235
0.074510
0.078431
0.043137
0.074510
0.082353
0.043137
0.086275
0.109804
0.054902
0.160784
0.188235
0.105882
0.156863
0.164706
0.062745
0.172549
0.176471
0.066667
0.239216
0.235294
0.141176
0.372549
0.349020
0.211765
0.466667
0.415686
0.219608
0.588235
0.552941
0.235294
0.619608
0.596078
0.290196
0.525490
0.517647
0.266667
0.549020
0.529412
0.278431
0.545098
0.490196
0.270588
0.345098
0.333333
0.184314
0.160784
0.184314
0.101961
0.160784
0.196078
0.109804
0.223529
0.247059
0.188235
0.160784
0.180392
0.160784
0.086275
0.094118
0.090196
0.094118
0.098039
0.070588
0.176471
0.184314
0.121569
0.243137
0.258824
0.168627
0.325490
0.352941
0.196078
0.286275
0.317647
0.141176
0.247059
0.262745
0.164706
0.298039
0.317647
0.207843
0.203922
0.219608
0.117647
0.196078
0.211765
0.117647
0.207843
0.227451
0.117647
0.258824
0.282353
0.133333
0.215686
0.243137
0.098039
0.070588
0.066667
0.098039
0.082353
0.078431
0.109804
0.074510
0.090196
0.121569
0.074510
0.094118
0.090196
0.160784
0.149020
0.074510
0.329412
0.286275
0.149020
0.478431
0.423529
0.235294
0.541176
0.513725
0.262745
0.607843
0.603922
0.294118
0.584314
0.580392
0.266667
0.447059
0.435294
0.223529
0.262745
0.254902
0.145098
0.223529
0.215686
0.113725
0.278431
0.274510
0.149020
0.321569
0.341176
0.215686
0.282353
0.325490
0.196078
0.247059
0.290196
0.156863
0.258824
0.294118
0.188235
0.192157
0.219608
0.160784
0.133333
0.149020
0.090196
0.188235
0.200000
0.125490
0.141176
0.149020
0.090196
0.149020
0.156863
0.098039
0.352941
0.380392
0.211765
0.349020
0.380392
0.192157
0.250980
0.270588
0.156863
0.243137
0.258824
0.149020
0.200000
0.215686
0.125490
0.121569
0.137255
0.050980
0.164706
0.184314
0.082353
0.247059
0.262745
0.152941
0.196078
0.207843
0.145098
0.082353
0.066667
0.062745
0.149020
0.133333
0.082353
0.309804
0.278431
0.133333
0.486275
0.431373
0.219608
0.658824
0.588235
0.341176
0.694118
0.619608
0.349020
0.603922
0.552941
0.309804
0.435294
0.419608
0.219608
0.274510
0.290196
0.137255
0.188235
0.196078
0.105882
0.125490
0.125490
0.082353
0.125490
0.141176
0.082353
0.152941
0.188235
0.113725
0.176471
0.211765
0.160784
0.274510
0.313725
0.207843
0.325490
0.368627
0.211765
0.321569
0.356863
0.196078
0.282353
0.305882
0.192157
0.239216
0.262745
0.156863
0.301961
0.329412
0.184314
0.290196
0.313725
0.180392
0.149020
0.160784
0.090196
0.113725
0.117647
0.086275
0.215686
0.243137
0.113725
0.258824
0.290196
0.125490
0.262745
0.274510
0.164706
0.274510
0.286275
0.184314
0.168627
0.180392
0.105882
0.192157
0.203922
0.137255
0.243137
0.258824
0.156863
0.266667
0.282353
0.176471
0.156863
0.164706
0.125490
0.266667
0.223529
0.180392
0.521569
0.474510
0.290196
0.737255
0.682353
0.349020
0.650980
0.592157
0.278431
0.411765
0.380392
0.180392
0.203922
0.203922
0.086275
0.141176
0.160784
0.113725
0.137255
0.160784
0.121569
0.090196
0.113725
0.082353
0.074510
0.094118
0.066667
0.121569
0.145098
0.105882
0.156863
0.184314
0.121569
0.164706
0.192157
0.121569
0.266667
0.286275
0.215686
0.211765
0.235294
0.133333
0.266667
0.294118
0.156863
0.235294
0.247059
0.109804
0.215686
0.207843
0.141176
0.345098
0.349020
0.215686
0.400000
0.423529
0.223529
0.309804
0.337255
0.176471
0.231373
0.250980
0.137255
0.152941
0.168627
0.094118
0.196078
0.231373
0.141176
0.254902
0.278431
0.137255
0.219608
0.219608
0.113725
0.305882
0.317647
0.203922
0.235294
0.250980
0.164706
0.247059
0.254902
0.196078
0.184314
0.203922
0.090196
0.325490
0.352941
0.196078
0.176471
0.192157
0.090196
0.301961
0.286275
0.192157
0.337255
0.317647
0.168627
0.325490
0.301961
0.160784
0.160784
0.133333
0.074510
0.101961
0.105882
0.078431
0.113725
0.137255
0.121569
0.145098
0.168627
0.133333
0.243137
0.266667
0.227451
0.184314
0.207843
0.168627
0.176471
0.192157
0.176471
0.200000
0.219608
0.203922
0.176471
0.200000
0.160784
0.121569
0.137255
0.090196
0.231373
0.235294
0.168627
0.317647
0.329412
0.207843
0.368627
0.392157
0.211765
0.439216
0.450980
0.286275
0.321569
0.321569
0.215686
0.415686
0.419608
0.278431
0.286275
0.301961
0.156863
0.203922
0.223529
0.113725
0.325490
0.345098
0.227451
0.341176
0.364706
0.247059
0.250980
0.290196
0.176471
0.356863
0.384314
0.231373
0.384314
0.388235
0.227451
0.384314
0.400000
0.262745
0.290196
0.301961
0.227451
0.117647
0.125490
0.074510
0.223529
0.239216
0.145098
0.298039
0.313725
0.200000
0.274510
0.290196
0.203922
0.125490
0.125490
0.105882
0.184314
0.196078
0.172549
0.192157
0.203922
0.172549
0.117647
0.133333
0.105882
0.133333
0.160784
0.121569
0.133333
0.168627
0.125490
0.101961
0.129412
0.086275
0.152941
0.176471
0.137255
0.168627
0.192157
0.152941
0.184314
0.203922
0.180392
0.176471
0.200000
0.168627
0.196078
0.219608
0.168627
0.200000
0.215686
0.141176
0.356863
0.349020
0.239216
0.498039
0.498039
0.349020
0.509804
0.513725
0.329412
0.533333
0.545098
0.360784
0.490196
0.498039
0.349020
0.482353
0.490196
0.341176
0.364706
0.376471
0.254902
0.231373
0.247059
0.156863
0.168627
0.184314
0.082353
0.219608
0.243137
0.137255
0.231373
0.270588
0.168627
0.262745
0.286275
0.160784
0.470588
0.482353
0.294118
0.356863
0.372549
0.227451
0.184314
0.192157
0.137255
0.078431
0.082353
0.047059
0.203922
0.215686
0.152941
0.117647
0.129412
0.066667
0.180392
0.188235
0.137255
0.113725
0.129412
0.105882
0.133333
0.176471
0.149020
0.145098
0.188235
0.145098
0.105882
0.129412
0.078431
0.121569
0.137255
0.090196
0.121569
0.137255
0.090196
0.109804
0.133333
0.090196
0.152941
0.176471
0.137255
0.145098
0.168627
0.125490
0.121569
0.149020
0.090196
0.152941
0.180392
0.098039
0.180392
0.215686
0.117647
0.380392
0.403922
0.262745
0.564706
0.556863
0.372549
0.576471
0.568627
0.400000
0.490196
0.478431
0.325490
0.490196
0.501961
0.313725
0.498039
0.513725
0.321569
0.466667
0.478431
0.321569
0.439216
0.450980
0.321569
0.447059
0.462745
0.356863
0.262745
0.274510
0.200000
0.113725
0.125490
0.070588
0.156863
0.184314
0.125490
0.239216
0.250980
0.180392
0.388235
0.396078
0.231373
0.313725
0.325490
0.188235
0.160784
0.168627
0.125490
0.125490
0.129412
0.105882
0.121569
0.129412
0.090196
0.090196
0.094118
0.070588
0.117647
0.125490
0.094118
0.101961
0.125490
0.062745
0.090196
0.121569
0.078431
0.156863
0.184314
0.149020
0.117647
0.129412
0.109804
0.117647
0.109804
0.094118
0.184314
0.172549
0.105882
0.258824
0.258824
0.172549
0.156863
0.180392
0.109804
0.164706
0.172549
0.094118
0.309804
0.301961
0.156863
0.407843
0.411765
0.247059
0.341176
0.349020
0.211765
0.419608
0.435294
0.290196
0.486275
0.498039
0.321569
0.521569
0.533333
0.372549
0.380392
0.388235
0.247059
0.443137
0.466667
0.294118
0.450980
0.474510
0.294118
0.423529
0.443137
0.282353
0.431373
0.458824
0.305882
0.419608
0.454902
0.309804
0.352941
0.384314
0.262745
0.329412
0.349020
0.239216
0.231373
0.215686
0.121569
0.219608
0.203922
0.137255
0.298039
0.301961
0.200000
0.286275
0.301961
0.176471
0.235294
0.247059
0.160784
0.125490
0.133333
0.078431
0.101961
0.105882
0.074510
0.129412
0.129412
0.117647
0.160784
0.172549
0.105882
0.168627
0.176471
0.117647
0.133333
0.137255
0.105882
0.141176
0.149020
0.125490
0.125490
0.125490
0.113725
0.196078
0.184314
0.125490
0.474510
0.458824
0.317647
0.415686
0.407843
0.278431
0.301961
0.325490
0.227451
0.313725
0.313725
0.196078
0.603922
0.580392
0.396078
0.545098
0.529412
0.345098
0.427451
0.427451
0.282353
0.360784
0.372549
0.247059
0.317647
0.341176
0.200000
0.364706
0.388235
0.243137
0.454902
0.478431
0.333333
0.474510
0.501961
0.345098
0.380392
0.407843
0.247059
0.525490
0.552941
0.392157
0.411765
0.447059
0.290196
0.266667
0.309804
0.160784
0.309804
0.352941
0.200000
0.392157
0.427451
0.258824
0.537255
0.541176
0.337255
0.447059
0.439216
0.266667
0.313725
0.309804
0.125490
0.278431
0.298039
0.121569
0.278431
0.301961
0.172549
0.239216
0.250980
0.172549
0.164706
0.168627
0.125490
0.200000
0.207843
0.160784
0.254902
0.270588
0.176471
0.192157
0.192157
0.101961
0.207843
0.207843
0.117647
0.164706
0.164706
0.109804
0.145098
0.137255
0.090196
0.364706
0.349020
0.227451
0.694118
0.674510
0.490196
0.380392
0.376471
0.231373
0.352941
0.380392
0.266667
0.356863
0.356863
0.223529
0.368627
0.352941
0.188235
0.321569
0.317647
0.156863
0.360784
0.372549
0.231373
0.364706
0.388235
0.258824
0.337255
0.360784
0.231373
0.294118
0.317647
0.192157
0.345098
0.364706
0.239216
0.396078
0.419608
0.278431
0.352941
0.376471
0.231373
0.431373
0.454902
0.309804
0.364706
0.392157
0.254902
0.333333
0.372549
0.239216
0.356863
0.396078
0.266667
0.301961
0.341176
0.203922
0.223529
0.258824
0.109804
0.337255
0.345098
0.200000
0.490196
0.478431
0.262745
0.384314
0.396078
0.200000
0.250980
0.274510
0.133333
0.286275
0.301961
0.207843
0.207843
0.219608
0.141176
0.149020
0.164706
0.082353
0.164706
0.180392
0.105882
0.407843
0.396078
0.270588
0.443137
0.435294
0.286275
0.372549
0.364706
0.247059
0.403922
0.392157
0.266667
0.470588
0.447059
0.278431
0.596078
0.556863
0.384314
0.552941
0.549020
0.392157
0.337255
0.364706
0.231373
0.466667
0.470588
0.321569
0.498039
0.490196
0.341176
0.505882
0.517647
0.376471
0.419608
0.450980
0.305882
0.427451
0.462745
0.333333
0.498039
0.513725
0.407843
0.407843
0.423529
0.317647
0.407843
0.423529
0.317647
0.396078
0.415686
0.294118
0.403922
0.423529
0.298039
0.427451
0.447059
0.321569
0.454902
0.482353
0.364706
0.470588
0.505882
0.396078
0.388235
0.423529
0.309804
0.270588
0.301961
0.200000
0.133333
0.149020
0.105882
0.176471
0.180392
0.133333
0.333333
0.337255
0.215686
0.321569
0.333333
0.203922
0.282353
0.305882
0.180392
0.262745
0.286275
0.137255
0.215686
0.239216
0.098039
0.137255
0.152941
0.066667
0.172549
0.188235
0.109804
0.258824
0.250980
0.121569
0.321569
0.317647
0.156863
0.400000
0.400000
0.215686
0.435294
0.427451
0.235294
0.556863
0.525490
0.333333
0.552941
0.509804
0.360784
0.698039
0.690196
0.533333
0.486275
0.509804
0.372549
0.537255
0.537255
0.388235
0.545098
0.533333
0.400000
0.450980
0.462745
0.329412
0.415686
0.447059
0.294118
0.392157
0.423529
0.282353
0.368627
0.380392
0.274510
0.376471
0.396078
0.294118
0.298039
0.317647
0.219608
0.396078
0.415686
0.298039
0.345098
0.364706
0.239216
0.384314
0.403922
0.278431
0.325490
0.349020
0.231373
0.298039
0.337255
0.223529
0.235294
0.270588
0.164706
0.262745
0.290196
0.188235
0.223529
0.223529
0.149020
0.137255
0.152941
0.086275
0.211765
0.254902
0.141176
0.145098
0.172549
0.082353
0.176471
0.192157
0.098039
0.368627
0.400000
0.227451
0.376471
0.403922
0.231373
0.298039
0.313725
0.211765
0.207843
0.223529
0.117647
0.254902
0.274510
0.113725
0.321569
0.349020
0.137255
0.325490
0.360784
0.145098
0.427451
0.427451
0.247059
0.576471
0.541176
0.360784
0.615686
0.600000
0.403922
0.596078
0.580392
0.407843
0.423529
0.431373
0.309804
0.396078
0.376471
0.266667
0.364706
0.329412
0.200000
0.490196
0.466667
0.286275
0.501961
0.482353
0.301961
0.443137
0.419608
0.274510
0.407843
0.392157
0.247059
0.333333
0.341176
0.211765
0.345098
0.368627
0.250980
0.443137
0.458824
0.317647
0.392157
0.400000
0.250980
0.482353
0.490196
0.341176
0.494118
0.521569
0.372549
0.356863
0.396078
0.258824
0.274510
0.309804
0.192157
0.286275
0.317647
0.211765
0.211765
0.239216
0.137255
0.184314
0.211765
0.117647
0.258824
0.298039
0.192157
0.250980
0.290196
0.172549
0.200000
0.231373
0.129412
0.262745
0.290196
0.219608
0.301961
0.317647
0.235294
0.337255
0.341176
0.184314
0.309804
0.321569
0.145098
0.415686
0.419608
0.235294
0.423529
0.435294
0.211765
0.388235
0.419608
0.219608
0.490196
0.490196
0.325490
0.545098
0.509804
0.333333
0.541176
0.529412
0.333333
0.552941
0.541176
0.360784
0.454902
0.474510
0.333333
0.400000
0.388235
0.250980
0.478431
0.435294
0.278431
0.647059
0.603922
0.415686
0.560784
0.517647
0.333333
0.372549
0.333333
0.172549
0.458824
0.431373
0.266667
0.407843
0.396078
0.243137
0.411765
0.411765
0.266667
0.458824
0.466667
0.317647
0.494118
0.501961
0.349020
0.419608
0.427451
0.274510
0.396078
0.423529
0.266667
0.341176
0.384314
0.235294
0.356863
0.392157
0.270588
0.400000
0.435294
0.333333
0.219608
0.250980
0.160784
0.207843
0.239216
0.152941
0.176471
0.207843
0.121569
0.239216
0.274510
0.164706
0.215686
0.247059
0.149020
0.172549
0.196078
0.145098
0.152941
0.164706
0.129412
0.180392
0.180392
0.090196
0.309804
0.317647
0.184314
0.196078
0.184314
0.105882
0.188235
0.180392
0.086275
0.207843
0.219608
0.113725
0.384314
0.384314
0.227451
0.470588
0.439216
0.254902
0.427451
0.415686
0.250980
0.388235
0.392157
0.231373
0.368627
0.403922
0.258824
0.407843
0.419608
0.250980
0.415686
0.396078
0.223529
0.388235
0.360784
0.207843
0.478431
0.454902
0.294118
0.349020
0.329412
0.172549
0.380392
0.364706
0.219608
0.454902
0.435294
0.286275
0.450980
0.435294
0.282353
0.474510
0.474510
0.321569
0.498039
0.505882
0.352941
0.427451
0.435294
0.282353
0.521569
0.545098
0.392157
0.345098
0.388235
0.239216
0.270588
0.305882
0.184314
0.317647
0.349020
0.250980
0.203922
0.235294
0.160784
0.188235
0.215686
0.141176
0.184314
0.211765
0.137255
0.203922
0.235294
0.149020
0.160784
0.192157
0.105882
0.160784
0.188235
0.121569
0.125490
0.145098
0.098039
0.188235
0.200000
0.160784
0.223529
0.235294
0.168627
0.156863
0.184314
0.133333
0.168627
0.196078
0.149020
0.196078
0.223529
0.160784
0.419608
0.415686
0.266667
0.501961
0.470588
0.282353
0.380392
0.368627
0.239216
0.247059
0.254902
0.156863
0.203922
0.247059
0.149020
0.352941
0.376471
0.231373
0.333333
0.356863
0.203922
0.254902
0.278431
0.184314
0.254902
0.278431
0.180392
0.329412
0.368627
0.239216
0.250980
0.298039
0.192157
0.407843
0.431373
0.313725
0.482353
0.490196
0.352941
0.443137
0.447059
0.298039
0.450980
0.458824
0.305882
0.482353
0.490196
0.337255
0.427451
0.454902
0.298039
0.380392
0.423529
0.274510
0.235294
0.270588
0.149020
0.250980
0.282353
0.188235
0.192157
0.215686
0.156863
0.117647
0.145098
0.090196
0.129412
0.152941
0.098039
0.188235
0.215686
0.149020
0.156863
0.184314
0.109804
0.192157
0.219608
0.145098
0.223529
0.258824
0.164706
0.168627
0.203922
0.117647
0.105882
0.133333
0.086275
0.180392
0.231373
0.129412
0.192157
0.239216
0.149020
0.196078
0.243137
0.160784
0.407843
0.411765
0.270588
0.603922
0.560784
0.368627
0.470588
0.447059
0.317647
0.180392
0.196078
0.125490
0.172549
0.203922
0.129412
0.352941
0.372549
0.262745
0.305882
0.341176
0.203922
0.392157
0.450980
0.333333
0.184314
0.243137
0.137255
0.352941
0.400000
0.286275
0.376471
0.423529
0.309804
0.486275
0.505882
0.372549
0.505882
0.501961
0.349020
0.505882
0.513725
0.360784
0.588235
0.603922
0.454902
0.505882
0.521569
0.372549
0.384314
0.411765
0.262745
0.439216
0.478431
0.345098
0.368627
0.407843
0.286275
0.337255
0.372549
0.262745
0.211765
0.243137
0.160784
0.152941
0.180392
0.113725
0.109804
0.137255
0.082353
0.117647
0.137255
0.090196
0.149020
0.164706
0.117647
0.152941
0.172549
0.105882
0.203922
0.227451
0.149020
0.145098
0.168627
0.101961
0.141176
0.160784
0.113725
0.211765
0.247059
0.152941
0.211765
0.243137
0.149020
0.196078
0.243137
0.152941
0.270588
0.282353
0.149020
0.513725
0.466667
0.290196
0.509804
0.478431
0.317647
0.474510
0.486275
0.364706
0.372549
0.396078
0.282353
0.325490
0.352941
0.247059
0.349020
0.376471
0.235294
0.427451
0.490196
0.321569
0.231373
0.290196
0.145098
0.368627
0.388235
0.262745
0.501961
0.513725
0.364706
0.713725
0.701961
0.537255
0.658824
0.631373
0.450980
0.443137
0.454902
0.301961
0.427451
0.450980
0.305882
0.470588
0.494118
0.349020
0.431373
0.458824
0.329412
0.286275
0.325490
0.211765
0.419608
0.454902
0.341176
0.301961
0.337255
0.223529
0.211765
0.243137
0.149020
0.168627
0.196078
0.125490
0.152941
0.176471
0.133333
0.074510
0.086275
0.054902
0.109804
0.113725
0.086275
0.168627
0.172549
0.137255
0.152941
0.156863
0.125490
0.125490
0.129412
0.105882
0.160784
0.168627
0.117647
0.235294
0.266667
0.164706
0.227451
0.258824
0.156863
0.227451
0.262745
0.156863
0.235294
0.250980
0.121569
0.356863
0.341176
0.188235
0.450980
0.423529
0.258824
0.607843
0.580392
0.388235
0.505882
0.513725
0.352941
0.286275
0.341176
0.211765
0.388235
0.423529
0.270588
0.290196
0.333333
0.180392
0.282353
0.325490
0.196078
0.415686
0.423529
0.290196
0.439216
0.447059
0.294118
0.443137
0.443137
0.286275
0.635294
0.631373
0.470588
0.572549
0.588235
0.450980
0.349020
0.368627
0.239216
0.415686
0.439216
0.309804
0.360784
0.388235
0.274510
0.239216
0.274510
0.176471
0.305882
0.337255
0.239216
0.168627
0.200000
0.113725
0.117647
0.141176
0.098039
0.105882
0.129412
0.098039
0.125490
0.145098
0.121569
0.121569
0.133333
0.094118
0.094118
0.098039
0.058824
0.086275
0.090196
0.066667
0.172549
0.180392
0.141176
0.231373
0.243137
0.172549
0.200000
0.207843
0.149020
0.266667
0.305882
0.180392
0.266667
0.305882
0.184314
0.278431
0.298039
0.172549
0.247059
0.270588
0.145098
0.262745
0.286275
0.168627
0.384314
0.376471
0.223529
0.513725
0.478431
0.286275
0.396078
0.392157
0.223529
0.262745
0.294118
0.156863
0.415686
0.431373
0.262745
0.270588
0.294118
0.164706
0.305882
0.325490
0.223529
0.568627
0.564706
0.419608
0.627451
0.631373
0.478431
0.400000
0.415686
0.270588
0.403922
0.431373
0.294118
0.635294
0.654902
0.537255
0.584314
0.600000
0.490196
0.294118
0.313725
0.203922
0.380392
0.403922
0.305882
0.266667
0.298039
0.215686
0.215686
0.247059
0.160784
0.180392
0.207843
0.137255
0.121569
0.141176
0.113725
0.125490
0.145098
0.113725
0.164706
0.188235
0.137255
0.223529
0.239216
0.172549
0.121569
0.129412
0.074510
0.090196
0.094118
0.078431
0.101961
0.105882
0.082353
0.243137
0.254902
0.176471
0.278431
0.290196
0.207843
0.282353
0.321569
0.184314
0.290196
0.329412
0.192157
0.298039
0.313725
0.172549
0.254902
0.278431
0.160784
0.219608
0.266667
0.164706
0.239216
0.250980
0.121569
0.325490
0.313725
0.180392
0.400000
0.384314
0.258824
0.364706
0.352941
0.219608
0.556863
0.545098
0.372549
0.431373
0.443137
0.329412
0.266667
0.278431
0.188235
0.505882
0.494118
0.345098
0.588235
0.592157
0.439216
0.431373
0.458824
0.321569
0.341176
0.388235
0.266667
0.313725
0.337255
0.235294
0.505882
0.521569
0.423529
0.396078
0.411765
0.313725
0.439216
0.462745
0.376471
0.309804
0.337255
0.270588
0.184314
0.211765
0.145098
0.168627
0.192157
0.133333
0.094118
0.121569
0.074510
0.125490
0.152941
0.082353
0.266667
0.298039
0.200000
0.337255
0.356863
0.258824
0.192157
0.200000
0.141176
0.090196
0.094118
0.086275
0.066667
0.066667
0.066667
0.164706
0.176471
0.121569
0.294118
0.309804
0.207843
0.262745
0.301961
0.164706
0.278431
0.317647
0.180392
0.278431
0.305882
0.168627
0.250980
0.282353
0.156863
0.215686
0.254902
0.152941
0.215686
0.243137
0.149020
0.160784
0.180392
0.121569
0.180392
0.180392
0.125490
0.352941
0.341176
0.223529
0.439216
0.427451
0.270588
0.431373
0.454902
0.341176
0.274510
0.305882
0.192157
0.470588
0.474510
0.325490
0.427451
0.427451
0.294118
0.415686
0.443137
0.313725
0.376471
0.419608
0.301961
0.337255
0.360784
0.254902
0.231373
0.247059
0.152941
0.403922
0.419608
0.337255
0.266667
0.286275
0.211765
0.321569
0.349020
0.282353
0.184314
0.207843
0.152941
0.094118
0.117647
0.074510
0.105882
0.133333
0.074510
0.223529
0.258824
0.160784
0.227451
0.258824
0.168627
0.243137
0.274510
0.176471
0.215686
0.235294
0.176471
0.117647
0.129412
0.109804
0.070588
0.094118
0.082353
0.172549
0.207843
0.168627
0.415686
0.435294
0.301961
0.247059
0.286275
0.152941
0.266667
0.301961
0.172549
0.270588
0.309804
0.176471
0.254902
0.294118
0.164706
0.215686
0.247059
0.145098
0.168627
0.200000
0.117647
0.184314
0.211765
0.164706
0.172549
0.184314
0.145098
0.286275
0.286275
0.184314
0.494118
0.490196
0.368627
0.325490
0.356863
0.254902
0.266667
0.305882
0.180392
0.454902
0.458824
0.305882
0.411765
0.415686
0.278431
0.470588
0.494118
0.372549
0.337255
0.372549
0.262745
0.431373
0.454902
0.345098
0.227451
0.239216
0.149020
0.270588
0.282353
0.207843
0.254902
0.274510
0.200000
0.305882
0.333333
0.258824
0.141176
0.164706
0.109804
0.090196
0.113725
0.078431
0.133333
0.160784
0.098039
0.349020
0.380392
0.282353
0.247059
0.278431
0.203922
0.188235
0.219608
0.137255
0.160784
0.184314
0.133333
0.109804
0.129412
0.098039
0.078431
0.109804
0.082353
0.133333
0.168627
0.149020
0.258824
0.270588
0.180392
0.219608
0.254902
0.141176
0.227451
0.262745
0.149020
0.243137
0.282353
0.156863
0.250980
0.290196
0.160784
0.207843
0.239216
0.137255
0.141176
0.172549
0.090196
0.137255
0.168627
0.105882
0.235294
0.250980
0.180392
0.215686
0.207843
0.129412
0.372549
0.376471
0.294118
0.407843
0.447059
0.372549
0.419608
0.439216
0.329412
0.615686
0.607843
0.443137
0.356863
0.360784
0.207843
0.341176
0.364706
0.243137
0.333333
0.368627
0.274510
0.376471
0.396078
0.294118
0.325490
0.337255
0.247059
0.203922
0.215686
0.141176
0.176471
0.196078
0.121569
0.125490
0.152941
0.082353
0.098039
0.121569
0.070588
0.117647
0.137255
0.101961
0.145098
0.172549
0.109804
0.270588
0.305882
0.207843
0.254902
0.282353
0.207843
0.145098
0.172549
0.105882
0.141176
0.164706
0.121569
0.160784
0.184314
0.141176
0.152941
0.176471
0.125490
0.086275
0.101961
0.090196
0.074510
0.078431
0.058824
0.211765
0.243137
0.149020
0.207843
0.239216
0.149020
0.239216
0.274510
0.156863
0.243137
0.282353
0.152941
0.211765
0.243137
0.141176
0.152941
0.184314
0.101961
0.156863
0.192157
0.121569
0.235294
0.254902
0.160784
0.219608
0.211765
0.152941
0.168627
0.184314
0.141176
0.309804
0.356863
0.301961
0.396078
0.407843
0.301961
0.584314
0.560784
0.388235
0.474510
0.482353
0.309804
0.349020
0.372549
0.254902
0.286275
0.317647
0.243137
0.313725
0.333333
0.235294
0.294118
0.305882
0.215686
0.282353
0.294118
0.219608
0.176471
0.196078
0.121569
0.117647
0.145098
0.070588
0.168627
0.192157
0.141176
0.133333
0.152941
0.117647
0.188235
0.215686
0.152941
0.298039
0.329412
0.231373
0.207843
0.239216
0.164706
0.094118
0.121569
0.070588
0.105882
0.125490
0.094118
0.137255
0.164706
0.109804
0.219608
0.247059
0.152941
0.145098
0.152941
0.101961
0.058824
0.058824
0.058824
0.223529
0.254902
0.164706
0.207843
0.239216
0.149020
0.243137
0.278431
0.168627
0.254902
0.294118
0.168627
0.239216
0.274510
0.168627
0.207843
0.239216
0.149020
0.250980
0.282353
0.192157
0.207843
0.227451
0.129412
0.172549
0.164706
0.117647
0.180392
0.200000
0.180392
0.254902
0.301961
0.254902
0.388235
0.396078
0.282353
0.607843
0.592157
0.403922
0.556863
0.568627
0.384314
0.356863
0.380392
0.262745
0.298039
0.321569
0.254902
0.329412
0.349020
0.254902
0.247059
0.266667
0.172549
0.211765
0.227451
0.145098
0.133333
0.156863
0.086275
0.176471
0.207843
0.137255
0.207843
0.239216
0.180392
0.137255
0.164706
0.117647
0.219608
0.247059
0.184314
0.294118
0.325490
0.235294
0.184314
0.211765
0.141176
0.121569
0.141176
0.101961
0.113725
0.129412
0.105882
0.129412
0.149020
0.094118
0.211765
0.235294
0.113725
0.141176
0.149020
0.066667
0.054902
0.058824
0.039216
0.188235
0.219608
0.125490
0.192157
0.223529
0.129412
0.215686
0.250980
0.149020
0.219608
0.254902
0.145098
0.235294
0.270588
0.164706
0.247059
0.278431
0.168627
0.235294
0.250980
0.145098
0.317647
0.329412
0.239216
0.243137
0.254902
0.184314
0.243137
0.262745
0.203922
0.501961
0.521569
0.427451
0.596078
0.607843
0.443137
0.533333
0.545098
0.333333
0.505882
0.533333
0.337255
0.549020
0.568627
0.450980
0.364706
0.376471
0.309804
0.235294
0.258824
0.184314
0.239216
0.266667
0.188235
0.141176
0.168627
0.090196
0.149020
0.184314
0.117647
0.298039
0.341176
0.278431
0.282353
0.321569
0.258824
0.239216
0.278431
0.219608
0.266667
0.294118
0.231373
0.290196
0.317647
0.254902
0.164706
0.188235
0.129412
0.094118
0.105882
0.066667
0.062745
0.066667
0.050980
0.192157
0.200000
0.141176
0.203922
0.223529
0.117647
0.176471
0.188235
0.113725
0.078431
0.086275
0.035294
0.192157
0.223529
0.129412
0.203922
0.235294
0.141176
0.215686
0.247059
0.141176
0.223529
0.258824
0.141176
0.243137
0.278431
0.160784
0.254902
0.286275
0.172549
0.258824
0.278431
0.176471
0.352941
0.372549
0.250980
0.396078
0.419608
0.274510
0.552941
0.576471
0.407843
0.776471
0.784314
0.611765
0.619608
0.607843
0.431373
0.501961
0.494118
0.321569
0.450980
0.474510
0.317647
0.435294
0.454902
0.341176
0.243137
0.250980
0.203922
0.113725
0.129412
0.101961
0.172549
0.192157
0.164706
0.105882
0.125490
0.094118
0.160784
0.192157
0.145098
0.396078
0.439216
0.376471
0.392157
0.435294
0.372549
0.305882
0.345098
0.286275
0.231373
0.258824
0.203922
0.188235
0.211765
0.160784
0.090196
0.113725
0.066667
0.062745
0.070588
0.035294
0.070588
0.070588
0.058824
0.168627
0.180392
0.121569
0.207843
0.223529
0.117647
0.223529
0.235294
0.164706
0.129412
0.137255
0.086275
0.203922
0.235294
0.141176
0.211765
0.243137
0.149020
0.223529
0.258824
0.141176
0.243137
0.282353
0.145098
0.262745
0.301961
0.164706
0.298039
0.333333
0.207843
0.364706
0.384314
0.282353
0.305882
0.325490
0.196078
0.368627
0.392157
0.235294
0.498039
0.529412
0.349020
0.588235
0.607843
0.439216
0.647059
0.643137
0.501961
0.482353
0.470588
0.364706
0.349020
0.364706
0.262745
0.250980
0.270588
0.160784
0.129412
0.133333
0.105882
0.054902
0.070588
0.062745
0.137255
0.156863
0.145098
0.101961
0.121569
0.109804
0.078431
0.109804
0.070588
0.254902
0.298039
0.235294
0.286275
0.329412
0.266667
0.223529
0.262745
0.203922
0.109804
0.133333
0.098039
0.074510
0.094118
0.062745
0.054902
0.078431
0.043137
0.082353
0.094118
0.062745
0.125490
0.125490
0.113725
0.152941
0.160784
0.101961
0.200000
0.219608
0.109804
0.180392
0.192157
0.121569
0.152941
0.160784
0.109804
0.219608
0.250980
0.156863
0.239216
0.270588
0.176471
0.254902
0.294118
0.168627
0.258824
0.301961
0.145098
0.254902
0.298039
0.145098
0.301961
0.337255
0.192157
0.305882
0.325490
0.215686
0.196078
0.211765
0.113725
0.211765
0.227451
0.137255
0.231373
0.278431
0.200000
0.360784
0.415686
0.341176
0.317647
0.349020
0.274510
0.239216
0.250980
0.203922
0.215686
0.223529
0.168627
0.313725
0.329412
0.227451
0.094118
0.098039
0.086275
0.070588
0.086275
0.070588
0.086275
0.109804
0.078431
0.133333
0.156863
0.125490
0.117647
0.149020
0.101961
0.137255
0.180392
0.117647
0.200000
0.243137
0.180392
0.168627
0.207843
0.152941
0.082353
0.101961
0.078431
0.066667
0.086275
0.062745
0.082353
0.101961
0.078431
0.133333
0.141176
0.117647
0.149020
0.149020
0.137255
0.156863
0.168627
0.109804
0.223529
0.243137
0.133333
0.207843
0.219608
0.149020
0.137255
0.145098
0.090196
0.239216
0.270588
0.168627
0.247059
0.282353
0.168627
0.262745
0.301961
0.172549
0.294118
0.321569
0.168627
0.337255
0.356863
0.196078
0.349020
0.388235
0.247059
0.247059
0.278431
0.160784
0.200000
0.223529
0.133333
0.164706
0.184314
0.121569
0.129412
0.180392
0.133333
0.117647
0.168627
0.129412
0.101961
0.129412
0.098039
0.098039
0.105882
0.090196
0.109804
0.113725
0.090196
0.160784
0.168627
0.117647
0.129412
0.133333
0.117647
0.129412
0.137255
0.117647
0.133333
0.145098
0.113725
0.172549
0.184314
0.152941
0.121569
0.137255
0.098039
0.176471
0.196078
0.149020
0.203922
0.223529
0.176471
0.066667
0.086275
0.047059
0.078431
0.101961
0.062745
0.141176
0.164706
0.113725
0.160784
0.184314
0.125490
0.172549
0.203922
0.133333
0.156863
0.180392
0.133333
0.164706
0.180392
0.105882
0.282353
0.294118
0.160784
0.227451
0.243137
0.137255
0.133333
0.156863
0.113725
