0.450980
0.450980
0.470588
0.466667
0.443137
0.490196
0.478431
0.458824
0.482353
0.462745
0.470588
0.486275
0.482353
0.474510
0.498039
0.517647
0.541176
0.513725
0.501961
0.509804
0.494118
0.498039
0.505882
0.490196
0.494118
0.462745
0.478431
0.501961
0.501961
0.521569
0.517647
0.513725
0.450980
0.439216
0.435294
0.447059
0.435294
0.466667
0.482353
0.505882
0.521569
0.501961
0.513725
0.509804
0.498039
0.490196
0.490196
0.490196
0.509804
0.498039
0.482353
0.505882
0.498039
0.509804
0.525490
0.533333
0.529412
0.501961
0.509804
0.517647
0.494118
0.505882
0.517647
0.521569
0.462745
0.462745
0.462745
0.482353
0.486275
0.482353
0.482353
0.513725
0.545098
0.521569
0.517647
0.521569
0.529412
0.517647
0.486275
0.478431
0.521569
0.517647
0.505882
0.482353
0.450980
0.505882
0.537255
0.533333
0.533333
0.537255
0.556863
0.541176
0.509804
0.525490
0.525490
0.521569
0.462745
0.490196
0.501961
0.525490
0.533333
0.501961
0.494118
0.537255
0.513725
0.470588
0.490196
0.509804
0.529412
0.533333
0.525490
0.513725
0.533333
0.545098
0.529412
0.498039
0.509804
0.521569
0.529412
0.490196
0.501961
0.513725
0.537255
0.537255
0.533333
0.533333
0.552941
0.537255
0.498039
0.501961
0.498039
0.501961
0.490196
0.482353
0.498039
0.517647
0.466667
0.443137
0.447059
0.454902
0.474510
0.494118
0.513725
0.498039
0.509804
0.470588
0.447059
0.494118
0.501961
0.509804
0.501961
0.486275
0.494118
0.513725
0.517647
0.509804
0.505882
0.513725
0.517647
0.517647
0.509804
0.501961
0.525490
0.494118
0.450980
0.454902
0.474510
0.478431
0.462745
0.474510
0.466667
0.462745
0.470588
0.341176
0.458824
0.529412
0.521569
0.305882
0.356863
0.513725
0.474510
0.498039
0.498039
0.498039
0.505882
0.545098
0.537255
0.521569
0.517647
0.513725
0.521569
0.533333
0.498039
0.486275
0.513725
0.509804
0.529412
0.494118
0.462745
0.474510
0.494118
0.486275
0.482353
0.498039
0.517647
0.376471
0.243137
0.325490
0.309804
0.200000
0.423529
0.525490
0.494118
0.474510
0.462745
0.494118
0.490196
0.509804
0.517647
0.517647
0.513725
0.509804
0.509804
0.517647
0.501961
0.486275
0.517647
0.533333
0.541176
0.521569
0.513725
0.537255
0.529412
0.517647
0.529412
0.537255
0.517647
0.490196
0.266667
0.145098
0.121569
0.247059
0.501961
0.517647
0.494118
0.501961
0.490196
0.494118
0.482353
0.494118
0.529412
0.509804
0.517647
0.525490
0.517647
0.517647
0.470588
0.478431
0.498039
0.517647
0.521569
0.505882
0.517647
0.552941
0.525490
0.501961
0.505882
0.505882
0.517647
0.537255
0.376471
0.168627
0.125490
0.341176
0.517647
0.521569
0.525490
0.525490
0.541176
0.517647
0.525490
0.533333
0.549020
0.545098
0.541176
0.545098
0.556863
0.549020
0.490196
0.490196
0.494118
0.498039
0.517647
0.513725
0.498039
0.509804
0.482353
0.501961
0.501961
0.490196
0.517647
0.556863
0.419608
0.168627
0.129412
0.341176
0.560784
0.533333
0.529412
0.517647
0.529412
0.533333
0.505882
0.474510
0.529412
0.537255
0.513725
0.541176
0.564706
0.576471
0.501961
0.505882
0.498039
0.509804
0.521569
0.525490
0.549020
0.525490
0.494118
0.521569
0.533333
0.529412
0.509804
0.552941
0.423529
0.141176
0.098039
0.329412
0.564706
0.541176
0.501961
0.509804
0.529412
0.521569
0.498039
0.470588
0.494118
0.521569
0.513725
0.545098
0.556863
0.564706
0.505882
0.505882
0.498039
0.521569
0.517647
0.517647
0.552941
0.537255
0.517647
0.537255
0.552941
0.513725
0.529412
0.556863
0.482353
0.254902
0.231373
0.415686
0.541176
0.545098
0.525490
0.537255
0.509804
0.501961
0.505882
0.494118
0.482353
0.533333
0.533333
0.501961
0.478431
0.521569
0.517647
0.529412
0.513725
0.517647
0.521569
0.517647
0.529412
0.537255
0.521569
0.525490
0.541176
0.541176
0.521569
0.541176
0.498039
0.270588
0.219608
0.384314
0.525490
0.521569
0.509804
0.482353
0.431373
0.466667
0.486275
0.454902
0.431373
0.501961
0.501961
0.494118
0.505882
0.529412
0.494118
0.501961
0.482353
0.486275
0.462745
0.486275
0.509804
0.533333
0.490196
0.505882
0.533333
0.549020
0.509804
0.529412
0.498039
0.184314
0.121569
0.325490
0.549020
0.513725
0.517647
0.498039
0.486275
0.470588
0.462745
0.470588
0.454902
0.482353
0.482353
0.490196
0.537255
0.549020
0.474510
0.501961
0.505882
0.494118
0.447059
0.470588
0.505882
0.505882
0.482353
0.501961
0.549020
0.545098
0.525490
0.549020
0.490196
0.211765
0.172549
0.329412
0.533333
0.505882
0.525490
0.521569
0.482353
0.466667
0.490196
0.478431
0.462745
0.450980
0.470588
0.482353
0.517647
0.560784
0.490196
0.513725
0.498039
0.517647
0.509804
0.517647
0.549020
0.486275
0.509804
0.529412
0.541176
0.537255
0.470588
0.517647
0.462745
0.223529
0.180392
0.266667
0.454902
0.486275
0.501961
0.521569
0.505882
0.494118
0.482353
0.458824
0.427451
0.423529
0.447059
0.498039
0.509804
0.564706
0.498039
0.533333
0.513725
0.498039
0.525490
0.517647
0.541176
0.521569
0.529412
0.521569
0.513725
0.545098
0.490196
0.537255
0.466667
0.258824
0.290196
0.364706
0.435294
0.521569
0.513725
0.537255
0.556863
0.517647
0.486275
0.478431
0.482353
0.490196
0.486275
0.494118
0.482353
0.517647
0.517647
0.529412
0.560784
0.498039
0.509804
0.501961
0.521569
0.541176
0.521569
0.525490
0.537255
0.525490
0.513725
0.564706
0.454902
0.345098
0.400000
0.450980
0.431373
0.505882
0.533333
0.529412
0.549020
0.521569
0.505882
0.513725
0.517647
0.521569
0.517647
0.509804
0.454902
0.509804
0.517647
0.501961
0.494118
0.443137
0.498039
0.470588
0.482353
0.552941
0.521569
0.529412
0.501961
0.513725
0.537255
0.517647
0.400000
0.380392
0.431373
0.458824
0.407843
0.419608
0.513725
0.525490
0.529412
0.541176
0.509804
0.537255
0.537255
0.509804
0.494118
0.505882
0.462745
0.486275
0.490196
0.494118
0.517647
0.494118
0.482353
0.486275
0.509804
0.533333
0.517647
0.517647
0.478431
0.450980
0.521569
0.458824
0.380392
0.411765
0.454902
0.525490
0.501961
0.431373
0.447059
0.517647
0.505882
0.501961
0.509804
0.490196
0.517647
0.501961
0.482353
0.501961
0.490196
0.466667
0.509804
0.529412
0.498039
0.501961
0.498039
0.517647
0.486275
0.486275
0.478431
0.474510
0.470588
0.501961
0.521569
0.435294
0.388235
0.411765
0.474510
0.541176
0.509804
0.470588
0.431373
0.462745
0.513725
0.494118
0.513725
0.482353
0.505882
0.509804
0.486275
0.509804
0.505882
0.490196
0.533333
0.513725
0.513725
0.478431
0.490196
0.486275
0.482353
0.458824
0.494118
0.462745
0.447059
0.517647
0.513725
0.403922
0.384314
0.403922
0.384314
0.415686
0.435294
0.403922
0.368627
0.384314
0.454902
0.517647
0.498039
0.517647
0.521569
0.521569
0.525490
0.509804
0.482353
0.525490
0.486275
0.494118
0.486275
0.505882
0.482353
0.466667
0.494118
0.482353
0.494118
0.490196
0.501961
0.537255
0.505882
0.349020
0.372549
0.388235
0.313725
0.301961
0.270588
0.235294
0.219608
0.250980
0.337255
0.466667
0.505882
0.509804
0.541176
0.545098
0.529412
0.549020
0.545098
0.541176
0.486275
0.498039
0.462745
0.486275
0.525490
0.517647
0.501961
0.521569
0.478431
0.474510
0.498039
0.505882
0.541176
0.372549
0.345098
0.364706
0.321569
0.298039
0.180392
0.133333
0.125490
0.121569
0.196078
0.364706
0.498039
0.505882
0.521569
0.564706
0.537255
0.513725
0.521569
0.568627
0.533333
0.509804
0.458824
0.466667
0.513725
0.537255
0.529412
0.517647
0.486275
0.509804
0.517647
0.517647
0.541176
0.454902
0.368627
0.368627
0.345098
0.325490
0.219608
0.168627
0.168627
0.172549
0.192157
0.305882
0.529412
0.560784
0.533333
0.549020
0.545098
0.517647
0.556863
0.588235
0.529412
0.498039
0.462745
0.478431
0.490196
0.537255
0.533333
0.529412
0.541176
0.537255
0.521569
0.517647
0.545098
0.537255
0.498039
0.447059
0.419608
0.427451
0.360784
0.309804
0.294118
0.290196
0.309804
0.384314
0.494118
0.533333
0.509804
0.494118
0.498039
0.525490
0.568627
0.572549
0.552941
0.501961
0.498039
0.505882
0.533333
0.552941
0.549020
0.541176
0.541176
0.533333
0.537255
0.517647
0.525490
0.537255
0.521569
0.458824
0.364706
0.380392
0.243137
0.156863
0.137255
0.129412
0.180392
0.286275
0.368627
0.498039
0.458824
0.439216
0.501961
0.505882
0.529412
0.525490
0.541176
0.486275
0.498039
0.549020
0.545098
0.541176
0.541176
0.537255
0.525490
0.537255
0.549020
0.529412
0.521569
0.541176
0.494118
0.431373
0.403922
0.372549
0.215686
0.152941
0.192157
0.231373
0.243137
0.200000
0.317647
0.494118
0.454902
0.439216
0.486275
0.509804
0.517647
0.521569
0.549020
0.545098
0.525490
0.580392
0.576471
0.556863
0.556863
0.564706
0.545098
0.568627
0.556863
0.521569
0.537255
0.541176
0.505882
0.368627
0.329412
0.372549
0.227451
0.231373
0.407843
0.486275
0.364706
0.282353
0.450980
0.427451
0.435294
0.462745
0.470588
0.498039
0.533333
0.533333
0.564706
0.560784
0.572549
0.564706
0.521569
0.529412
0.529412
0.537255
0.521569
0.517647
0.525490
0.505882
0.505882
0.482353
0.517647
0.486275
0.384314
0.419608
0.290196
0.321569
0.474510
0.474510
0.345098
0.458824
0.474510
0.407843
0.427451
0.454902
0.454902
0.486275
0.509804
0.537255
0.541176
0.533333
0.560784
0.552941
0.494118
0.498039
0.517647
0.513725
0.525490
0.529412
0.517647
0.505882
0.490196
0.447059
0.482353
0.466667
0.427451
0.435294
0.321569
0.352941
0.447059
0.431373
0.356863
0.486275
0.443137
0.423529
0.427451
0.427451
0.439216
0.466667
0.486275
0.509804
0.552941
0.556863
0.556863
0.564706
0.521569
0.513725
0.517647
0.517647
0.533333
0.541176
0.513725
0.478431
0.474510
0.470588
0.470588
0.407843
0.403922
0.462745
0.384314
0.313725
0.415686
0.337255
0.325490
0.470588
0.419608
0.423529
0.435294
0.419608
0.423529
0.431373
0.450980
0.439216
0.537255
0.533333
0.556863
0.549020
0.549020
0.627451
0.607843
0.545098
0.541176
0.521569
0.525490
0.541176
0.545098
0.537255
0.564706
0.580392
0.603922
0.576471
0.564706
0.572549
0.556863
0.564706
0.568627
0.556863
0.556863
0.537255
0.560784
0.584314
0.584314
0.607843
0.603922
0.603922
0.537255
0.521569
0.517647
0.533333
0.549020
0.611765
0.615686
0.607843
0.596078
0.576471
0.584314
0.580392
0.564706
0.556863
0.556863
0.556863
0.572549
0.560784
0.545098
0.568627
0.560784
0.576471
0.592157
0.600000
0.600000
0.568627
0.576471
0.584314
0.560784
0.576471
0.603922
0.611765
0.545098
0.545098
0.545098
0.552941
0.572549
0.600000
0.588235
0.588235
0.631373
0.607843
0.603922
0.603922
0.600000
0.584314
0.552941
0.545098
0.588235
0.580392
0.568627
0.545098
0.513725
0.576471
0.607843
0.603922
0.603922
0.600000
0.611765
0.596078
0.560784
0.584314
0.611765
0.611765
0.537255
0.556863
0.560784
0.584314
0.596078
0.576471
0.564706
0.603922
0.611765
0.572549
0.592157
0.611765
0.619608
0.619608
0.607843
0.600000
0.603922
0.592157
0.580392
0.560784
0.584314
0.607843
0.615686
0.576471
0.588235
0.588235
0.600000
0.600000
0.596078
0.596078
0.615686
0.603922
0.576471
0.568627
0.552941
0.556863
0.552941
0.545098
0.560784
0.584314
0.560784
0.541176
0.545098
0.552941
0.564706
0.580392
0.600000
0.584314
0.576471
0.501961
0.490196
0.556863
0.580392
0.596078
0.592157
0.576471
0.584314
0.596078
0.588235
0.580392
0.580392
0.580392
0.564706
0.564706
0.607843
0.584314
0.592157
0.556863
0.513725
0.517647
0.537255
0.545098
0.545098
0.560784
0.552941
0.549020
0.541176
0.400000
0.521569
0.596078
0.572549
0.333333
0.400000
0.576471
0.549020
0.572549
0.572549
0.572549
0.584314
0.615686
0.607843
0.592157
0.588235
0.580392
0.572549
0.584314
0.611765
0.588235
0.596078
0.580392
0.592157
0.556863
0.525490
0.541176
0.564706
0.560784
0.552941
0.568627
0.572549
0.423529
0.290196
0.368627
0.341176
0.219608
0.466667
0.588235
0.568627
0.537255
0.521569
0.552941
0.549020
0.572549
0.588235
0.588235
0.584314
0.576471
0.560784
0.568627
0.619608
0.596078
0.615686
0.615686
0.607843
0.584314
0.576471
0.603922
0.607843
0.596078
0.603922
0.603922
0.588235
0.541176
0.290196
0.152941
0.133333
0.278431
0.556863
0.588235
0.572549
0.556863
0.541176
0.549020
0.545098
0.549020
0.584314
0.572549
0.588235
0.592157
0.580392
0.576471
0.584314
0.588235
0.611765
0.607843
0.592157
0.580392
0.588235
0.627451
0.623529
0.600000
0.592157
0.580392
0.615686
0.607843
0.388235
0.160784
0.129412
0.372549
0.576471
0.592157
0.603922
0.584314
0.603922
0.592157
0.615686
0.592157
0.588235
0.603922
0.619608
0.627451
0.639216
0.623529
0.600000
0.603922
0.607843
0.596078
0.603922
0.600000
0.584314
0.600000
0.584314
0.596078
0.588235
0.568627
0.631373
0.647059
0.454902
0.184314
0.141176
0.364706
0.607843
0.592157
0.600000
0.596078
0.615686
0.635294
0.623529
0.568627
0.607843
0.623529
0.603922
0.635294
0.674510
0.678431
0.619608
0.619608
0.615686
0.619608
0.619608
0.623529
0.647059
0.627451
0.600000
0.615686
0.611765
0.607843
0.635294
0.658824
0.470588
0.168627
0.129412
0.368627
0.635294
0.619608
0.592157
0.607843
0.639216
0.650980
0.643137
0.603922
0.615686
0.639216
0.615686
0.643137
0.690196
0.694118
0.619608
0.619608
0.611765
0.631373
0.631373
0.635294
0.666667
0.647059
0.627451
0.635294
0.635294
0.592157
0.654902
0.674510
0.549020
0.305882
0.282353
0.490196
0.647059
0.658824
0.647059
0.658824
0.635294
0.643137
0.662745
0.650980
0.627451
0.662745
0.639216
0.603922
0.619608
0.658824
0.631373
0.635294
0.619608
0.619608
0.639216
0.662745
0.662745
0.647059
0.650980
0.643137
0.639216
0.627451
0.643137
0.682353
0.611765
0.356863
0.282353
0.458824
0.654902
0.654902
0.631373
0.627451
0.584314
0.619608
0.639216
0.611765
0.584314
0.639216
0.631373
0.623529
0.639216
0.666667
0.603922
0.607843
0.592157
0.588235
0.576471
0.627451
0.639216
0.639216
0.611765
0.623529
0.643137
0.658824
0.654902
0.666667
0.580392
0.207843
0.129412
0.396078
0.682353
0.650980
0.643137
0.643137
0.635294
0.619608
0.615686
0.600000
0.564706
0.603922
0.627451
0.643137
0.678431
0.694118
0.568627
0.592157
0.600000
0.584314
0.552941
0.596078
0.619608
0.600000
0.592157
0.615686
0.670588
0.674510
0.670588
0.678431
0.556863
0.215686
0.168627
0.392157
0.662745
0.643137
0.650980
0.654902
0.615686
0.600000
0.623529
0.588235
0.560784
0.560784
0.600000
0.623529
0.662745
0.705882
0.533333
0.560784
0.552941
0.580392
0.607843
0.639216
0.658824
0.568627
0.603922
0.639216
0.666667
0.674510
0.600000
0.631373
0.545098
0.274510
0.215686
0.325490
0.572549
0.615686
0.619608
0.631373
0.619608
0.611765
0.603922
0.580392
0.541176
0.529412
0.541176
0.603922
0.650980
0.709804
0.545098
0.596078
0.592157
0.580392
0.619608
0.639216
0.650980
0.607843
0.639216
0.635294
0.619608
0.647059
0.592157
0.627451
0.529412
0.329412
0.360784
0.419608
0.513725
0.615686
0.611765
0.615686
0.643137
0.631373
0.623529
0.611765
0.603922
0.607843
0.600000
0.611765
0.635294
0.674510
0.631373
0.627451
0.650980
0.584314
0.615686
0.631373
0.639216
0.639216
0.639216
0.639216
0.635294
0.611765
0.603922
0.643137
0.498039
0.400000
0.470588
0.498039
0.482353
0.572549
0.619608
0.627451
0.654902
0.631373
0.611765
0.623529
0.631373
0.639216
0.635294
0.635294
0.603922
0.666667
0.650980
0.611765
0.580392
0.529412
0.615686
0.615686
0.615686
0.658824
0.639216
0.643137
0.600000
0.600000
0.615686
0.572549
0.415686
0.415686
0.486275
0.494118
0.447059
0.462745
0.576471
0.643137
0.650980
0.639216
0.584314
0.623529
0.639216
0.615686
0.596078
0.615686
0.596078
0.623529
0.568627
0.580392
0.607843
0.596078
0.615686
0.647059
0.658824
0.650980
0.635294
0.627451
0.576471
0.537255
0.588235
0.490196
0.380392
0.435294
0.505882
0.549020
0.517647
0.450980
0.482353
0.603922
0.607843
0.600000
0.603922
0.584314
0.615686
0.596078
0.576471
0.603922
0.611765
0.592157
0.607843
0.623529
0.588235
0.603922
0.619608
0.647059
0.611765
0.600000
0.592157
0.588235
0.580392
0.611765
0.615686
0.486275
0.400000
0.439216
0.513725
0.564706
0.533333
0.501961
0.470588
0.529412
0.600000
0.596078
0.623529
0.600000
0.619608
0.615686
0.580392
0.603922
0.603922
0.600000
0.666667
0.631373
0.615686
0.584314
0.603922
0.600000
0.596078
0.572549
0.611765
0.580392
0.564706
0.635294
0.623529
0.466667
0.403922
0.423529
0.419608
0.454902
0.482353
0.458824
0.431373
0.447059
0.525490
0.603922
0.603922
0.635294
0.643137
0.635294
0.623529
0.603922
0.588235
0.635294
0.619608
0.627451
0.619608
0.627451
0.596078
0.580392
0.607843
0.600000
0.627451
0.615686
0.615686
0.639216
0.596078
0.396078
0.376471
0.392157
0.341176
0.341176
0.317647
0.294118
0.286275
0.301961
0.392157
0.537255
0.596078
0.619608
0.654902
0.643137
0.611765
0.635294
0.662745
0.643137
0.615686
0.647059
0.627451
0.627451
0.639216
0.631373
0.611765
0.643137
0.631373
0.611765
0.603922
0.588235
0.619608
0.411765
0.341176
0.360784
0.333333
0.305882
0.196078
0.160784
0.160784
0.160784
0.235294
0.411765
0.568627
0.592157
0.611765
0.639216
0.600000
0.572549
0.592157
0.643137
0.674510
0.658824
0.619608
0.611765
0.635294
0.662745
0.650980
0.643137
0.631373
0.643137
0.627451
0.611765
0.619608
0.501961
0.376471
0.372549
0.349020
0.321569
0.227451
0.200000
0.215686
0.227451
0.231373
0.341176
0.584314
0.639216
0.615686
0.619608
0.607843
0.576471
0.615686
0.658824
0.666667
0.627451
0.592157
0.600000
0.607843
0.658824
0.654902
0.647059
0.647059
0.643137
0.631373
0.627451
0.627451
0.596078
0.537255
0.462745
0.419608
0.419608
0.372549
0.352941
0.356863
0.349020
0.329412
0.392157
0.537255
0.615686
0.603922
0.584314
0.588235
0.619608
0.666667
0.670588
0.654902
0.603922
0.600000
0.600000
0.619608
0.643137
0.635294
0.631373
0.635294
0.623529
0.627451
0.611765
0.600000
0.596078
0.560784
0.486275
0.360784
0.345098
0.219608
0.152941
0.149020
0.137255
0.156863
0.266667
0.396078
0.584314
0.572549
0.552941
0.615686
0.619608
0.639216
0.631373
0.611765
0.556863
0.572549
0.615686
0.607843
0.603922
0.603922
0.603922
0.619608
0.635294
0.643137
0.623529
0.600000
0.603922
0.541176
0.458824
0.403922
0.345098
0.184314
0.125490
0.172549
0.215686
0.211765
0.188235
0.368627
0.607843
0.588235
0.572549
0.623529
0.639216
0.627451
0.631373
0.607843
0.603922
0.592157
0.639216
0.631373
0.611765
0.607843
0.619608
0.623529
0.650980
0.643137
0.607843
0.615686
0.607843
0.552941
0.396078
0.337255
0.376471
0.211765
0.215686
0.407843
0.498039
0.364706
0.301961
0.541176
0.560784
0.576471
0.603922
0.611765
0.635294
0.647059
0.647059
0.631373
0.627451
0.639216
0.623529
0.572549
0.584314
0.580392
0.584314
0.576471
0.584314
0.607843
0.596078
0.580392
0.537255
0.560784
0.509804
0.407843
0.439216
0.270588
0.313725
0.509804
0.537255
0.388235
0.501961
0.572549
0.541176
0.556863
0.584314
0.580392
0.611765
0.627451
0.658824
0.607843
0.603922
0.631373
0.611765
0.541176
0.549020
0.568627
0.556863
0.568627
0.584314
0.588235
0.588235
0.556863
0.501961
0.517647
0.490196
0.458824
0.470588
0.309804
0.356863
0.494118
0.486275
0.407843
0.552941
0.541176
0.537255
0.545098
0.545098
0.552941
0.580392
0.603922
0.627451
0.623529
0.627451
0.631373
0.623529
0.568627
0.564706
0.564706
0.556863
0.560784
0.580392
0.568627
0.545098
0.541176
0.525490
0.505882
0.427451
0.443137
0.513725
0.392157
0.329412
0.470588
0.376471
0.384314
0.568627
0.517647
0.517647
0.537255
0.517647
0.517647
0.537255
0.572549
0.545098
0.380392
0.380392
0.400000
0.392157
0.352941
0.388235
0.368627
0.345098
0.372549
0.364706
0.384314
0.407843
0.400000
0.388235
0.415686
0.431373
0.454902
0.423529
0.411765
0.419608
0.403922
0.400000
0.403922
0.392157
0.392157
0.360784
0.380392
0.403922
0.403922
0.423529
0.419608
0.411765
0.380392
0.372549
0.364706
0.380392
0.368627
0.384314
0.392157
0.415686
0.415686
0.403922
0.423529
0.431373
0.407843
0.392157
0.396078
0.392157
0.411765
0.407843
0.392157
0.415686
0.403922
0.400000
0.415686
0.423529
0.419608
0.396078
0.403922
0.411765
0.388235
0.400000
0.411765
0.411765
0.392157
0.392157
0.392157
0.411765
0.411765
0.392157
0.380392
0.411765
0.435294
0.419608
0.431373
0.439216
0.431373
0.407843
0.380392
0.368627
0.419608
0.427451
0.415686
0.392157
0.356863
0.392157
0.415686
0.415686
0.411765
0.419608
0.443137
0.427451
0.396078
0.407843
0.407843
0.400000
0.380392
0.403922
0.411765
0.439216
0.447059
0.407843
0.396078
0.435294
0.407843
0.364706
0.388235
0.411765
0.419608
0.419608
0.419608
0.415686
0.427451
0.431373
0.443137
0.411765
0.400000
0.400000
0.407843
0.368627
0.380392
0.388235
0.411765
0.411765
0.407843
0.411765
0.443137
0.427451
0.411765
0.407843
0.396078
0.403922
0.400000
0.392157
0.411765
0.423529
0.360784
0.333333
0.337255
0.345098
0.380392
0.403922
0.423529
0.403922
0.403922
0.360784
0.364706
0.407843
0.384314
0.392157
0.388235
0.368627
0.376471
0.388235
0.384314
0.376471
0.372549
0.384314
0.411765
0.411765
0.419608
0.403922
0.415686
0.392157
0.360784
0.364706
0.384314
0.384314
0.356863
0.368627
0.360784
0.360784
0.400000
0.282353
0.392157
0.450980
0.443137
0.231373
0.270588
0.415686
0.364706
0.380392
0.384314
0.380392
0.392157
0.419608
0.403922
0.388235
0.384314
0.384314
0.400000
0.411765
0.407843
0.392157
0.403922
0.407843
0.439216
0.403922
0.376471
0.384314
0.388235
0.380392
0.376471
0.392157
0.431373
0.313725
0.203922
0.305882
0.294118
0.160784
0.337255
0.415686
0.392157
0.364706
0.345098
0.376471
0.376471
0.384314
0.384314
0.384314
0.380392
0.376471
0.380392
0.384314
0.400000
0.380392
0.403922
0.427451
0.443137
0.419608
0.411765
0.439216
0.431373
0.400000
0.407843
0.423529
0.427451
0.419608
0.239216
0.168627
0.160784
0.215686
0.396078
0.411765
0.392157
0.384314
0.364706
0.368627
0.356863
0.360784
0.388235
0.364706
0.380392
0.400000
0.400000
0.392157
0.352941
0.360784
0.380392
0.400000
0.407843
0.392157
0.400000
0.443137
0.427451
0.372549
0.364706
0.388235
0.427451
0.462745
0.337255
0.192157
0.168627
0.274510
0.360784
0.403922
0.403922
0.388235
0.403922
0.376471
0.384314
0.388235
0.388235
0.372549
0.396078
0.431373
0.450980
0.435294
0.356863
0.364706
0.364706
0.376471
0.403922
0.400000
0.380392
0.396078
0.376471
0.380392
0.376471
0.364706
0.407843
0.454902
0.356863
0.168627
0.145098
0.250980
0.380392
0.396078
0.388235
0.376471
0.392157
0.392157
0.364706
0.337255
0.380392
0.368627
0.364706
0.419608
0.462745
0.462745
0.360784
0.364706
0.356863
0.376471
0.396078
0.400000
0.423529
0.400000
0.372549
0.415686
0.419608
0.396078
0.392157
0.458824
0.364706
0.145098
0.133333
0.278431
0.423529
0.435294
0.396078
0.407843
0.435294
0.423529
0.400000
0.384314
0.400000
0.400000
0.396078
0.454902
0.498039
0.498039
0.352941
0.356863
0.349020
0.396078
0.411765
0.415686
0.450980
0.427451
0.411765
0.454902
0.462745
0.392157
0.439216
0.501961
0.458824
0.298039
0.309804
0.415686
0.454902
0.498039
0.470588
0.478431
0.454902
0.443137
0.447059
0.450980
0.431373
0.450980
0.435294
0.423529
0.443137
0.486275
0.407843
0.439216
0.435294
0.454902
0.478431
0.490196
0.494118
0.486275
0.482353
0.478431
0.482353
0.470588
0.466667
0.509804
0.498039
0.341176
0.313725
0.372549
0.439216
0.462745
0.423529
0.392157
0.345098
0.380392
0.396078
0.372549
0.356863
0.415686
0.372549
0.345098
0.407843
0.435294
0.447059
0.462745
0.450980
0.435294
0.403922
0.447059
0.462745
0.466667
0.407843
0.415686
0.439216
0.454902
0.423529
0.447059
0.439216
0.184314
0.160784
0.305882
0.447059
0.427451
0.400000
0.368627
0.364706
0.345098
0.341176
0.325490
0.313725
0.376471
0.380392
0.368627
0.400000
0.407843
0.360784
0.380392
0.376471
0.376471
0.352941
0.392157
0.419608
0.400000
0.364706
0.384314
0.435294
0.435294
0.407843
0.431373
0.411765
0.200000
0.223529
0.337255
0.447059
0.423529
0.403922
0.384314
0.349020
0.333333
0.356863
0.321569
0.313725
0.337255
0.360784
0.349020
0.368627
0.407843
0.337255
0.349020
0.321569
0.360784
0.388235
0.415686
0.439216
0.356863
0.384314
0.415686
0.435294
0.439216
0.349020
0.396078
0.411765
0.270588
0.290196
0.321569
0.411765
0.431373
0.392157
0.392157
0.384314
0.376471
0.372549
0.349020
0.321569
0.309804
0.294118
0.321569
0.376471
0.435294
0.345098
0.388235
0.376471
0.360784
0.396078
0.407843
0.423529
0.388235
0.411765
0.407843
0.396078
0.427451
0.356863
0.380392
0.411765
0.337255
0.403922
0.450980
0.458824
0.458824
0.368627
0.364706
0.407843
0.403922
0.411765
0.392157
0.376471
0.380392
0.360784
0.360784
0.364706
0.400000
0.400000
0.403922
0.427451
0.364706
0.388235
0.396078
0.407843
0.415686
0.411765
0.411765
0.411765
0.392157
0.360784
0.392157
0.415686
0.447059
0.509804
0.533333
0.482353
0.470588
0.415686
0.392157
0.423529
0.403922
0.396078
0.403922
0.396078
0.403922
0.400000
0.392157
0.333333
0.388235
0.411765
0.384314
0.360784
0.309804
0.384314
0.376471
0.380392
0.435294
0.407843
0.415686
0.376471
0.380392
0.380392
0.364706
0.392157
0.501961
0.525490
0.517647
0.466667
0.431373
0.478431
0.470588
0.450980
0.423529
0.360784
0.388235
0.392157
0.368627
0.352941
0.364706
0.329412
0.352941
0.349020
0.360784
0.388235
0.372549
0.380392
0.400000
0.419608
0.423529
0.407843
0.400000
0.352941
0.317647
0.396078
0.356863
0.407843
0.513725
0.505882
0.560784
0.560784
0.490196
0.474510
0.494118
0.443137
0.392157
0.356863
0.325490
0.360784
0.341176
0.321569
0.345098
0.349020
0.325490
0.388235
0.407843
0.372549
0.380392
0.388235
0.415686
0.380392
0.372549
0.368627
0.364706
0.356863
0.392157
0.439216
0.388235
0.407843
0.470588
0.509804
0.572549
0.564706
0.541176
0.501961
0.509804
0.509804
0.419608
0.384314
0.341176
0.368627
0.364706
0.333333
0.356863
0.352941
0.341176
0.439216
0.411765
0.400000
0.364706
0.376471
0.372549
0.368627
0.345098
0.392157
0.360784
0.345098
0.415686
0.454902
0.388235
0.403922
0.454902
0.447059
0.482353
0.517647
0.505882
0.486275
0.490196
0.501961
0.470588
0.368627
0.368627
0.384314
0.376471
0.368627
0.352941
0.349020
0.392157
0.392157
0.400000
0.396078
0.403922
0.368627
0.352941
0.380392
0.372549
0.403922
0.392157
0.396078
0.427451
0.435294
0.329412
0.392157
0.439216
0.384314
0.388235
0.376471
0.360784
0.356863
0.364706
0.411765
0.450980
0.376471
0.352941
0.400000
0.392157
0.364706
0.400000
0.443137
0.427451
0.388235
0.415686
0.392157
0.396078
0.411765
0.403922
0.384314
0.411765
0.396078
0.384314
0.384314
0.376471
0.443137
0.317647
0.325490
0.372549
0.352941
0.345098
0.243137
0.215686
0.219608
0.200000
0.270588
0.388235
0.415686
0.380392
0.411765
0.443137
0.407843
0.384314
0.411765
0.458824
0.435294
0.431373
0.396078
0.380392
0.396078
0.423529
0.411765
0.407843
0.403922
0.419608
0.411765
0.400000
0.435294
0.380392
0.329412
0.368627
0.356863
0.345098
0.270588
0.250980
0.250980
0.239216
0.266667
0.360784
0.498039
0.494118
0.466667
0.474510
0.466667
0.435294
0.470588
0.505882
0.443137
0.427451
0.407843
0.403922
0.392157
0.443137
0.439216
0.443137
0.490196
0.494118
0.478431
0.474510
0.482353
0.482353
0.470588
0.447059
0.423529
0.439216
0.427451
0.407843
0.384314
0.356863
0.372549
0.423529
0.474510
0.474510
0.443137
0.427451
0.431373
0.458824
0.501961
0.505882
0.494118
0.450980
0.447059
0.447059
0.466667
0.486275
0.482353
0.478431
0.494118
0.490196
0.490196
0.474510
0.474510
0.486275
0.474510
0.415686
0.325490
0.352941
0.254902
0.180392
0.145098
0.117647
0.172549
0.266667
0.294118
0.388235
0.349020
0.329412
0.392157
0.396078
0.423529
0.415686
0.478431
0.415686
0.415686
0.454902
0.443137
0.439216
0.439216
0.431373
0.400000
0.407843
0.419608
0.400000
0.411765
0.454902
0.427451
0.376471
0.352941
0.329412
0.188235
0.113725
0.117647
0.149020
0.176471
0.133333
0.203922
0.360784
0.325490
0.309804
0.356863
0.380392
0.396078
0.400000
0.462745
0.443137
0.411765
0.443137
0.415686
0.388235
0.392157
0.411765
0.411765
0.439216
0.427451
0.388235
0.403922
0.419608
0.407843
0.309804
0.282353
0.329412
0.192157
0.172549
0.301961
0.376471
0.278431
0.192157
0.329412
0.294118
0.305882
0.337255
0.349020
0.380392
0.415686
0.415686
0.470588
0.458824
0.454902
0.439216
0.372549
0.364706
0.368627
0.403922
0.407843
0.403922
0.407843
0.384314
0.400000
0.364706
0.384314
0.380392
0.301961
0.352941
0.262745
0.266667
0.360784
0.380392
0.243137
0.329412
0.341176
0.266667
0.278431
0.317647
0.325490
0.360784
0.380392
0.415686
0.435294
0.423529
0.435294
0.431373
0.360784
0.337255
0.368627
0.392157
0.415686
0.415686
0.400000
0.388235
0.380392
0.333333
0.356863
0.356863
0.325490
0.352941
0.286275
0.301961
0.349020
0.352941
0.254902
0.345098
0.298039
0.274510
0.278431
0.290196
0.313725
0.345098
0.364706
0.392157
0.439216
0.427451
0.415686
0.439216
0.400000
0.364706
0.380392
0.407843
0.423529
0.431373
0.403922
0.360784
0.352941
0.356863
0.368627
0.298039
0.282353
0.360784
0.345098
0.266667
0.329412
0.282353
0.231373
0.321569
0.258824
0.270588
0.290196
0.286275
0.298039
0.317647
0.345098
0.329412
