0.313725
0.431373
0.615686
0.439216
0.254902
0.368627
0.443137
0.407843
0.231373
0.215686
0.203922
0.207843
0.258824
0.282353
0.266667
0.368627
0.498039
0.729412
0.807843
0.882353
0.690196
0.392157
0.341176
0.337255
0.247059
0.211765
0.250980
0.196078
0.262745
0.427451
0.254902
0.596078
0.368627
0.486275
0.686275
0.509804
0.294118
0.321569
0.356863
0.286275
0.239216
0.207843
0.219608
0.223529
0.231373
0.278431
0.258824
0.325490
0.478431
0.470588
0.466667
0.666667
0.603922
0.450980
0.447059
0.349020
0.258824
0.203922
0.262745
0.235294
0.254902
0.349020
0.270588
0.407843
0.435294
0.470588
0.670588
0.584314
0.345098
0.298039
0.282353
0.247059
0.254902
0.200000
0.239216
0.270588
0.266667
0.270588
0.270588
0.321569
0.439216
0.345098
0.301961
0.439216
0.694118
0.607843
0.321569
0.309804
0.403922
0.231373
0.207843
0.235294
0.247059
0.250980
0.274510
0.321569
0.498039
0.427451
0.580392
0.603922
0.333333
0.274510
0.321569
0.207843
0.188235
0.223529
0.270588
0.329412
0.376471
0.313725
0.266667
0.333333
0.403922
0.317647
0.262745
0.305882
0.478431
0.666667
0.392157
0.435294
0.631373
0.345098
0.239216
0.192157
0.223529
0.313725
0.470588
0.627451
0.556863
0.505882
0.568627
0.600000
0.337255
0.290196
0.376471
0.239216
0.192157
0.290196
0.349020
0.341176
0.407843
0.309804
0.243137
0.333333
0.372549
0.298039
0.274510
0.250980
0.274510
0.466667
0.450980
0.439216
0.458824
0.333333
0.325490
0.172549
0.200000
0.313725
0.658824
0.886275
0.596078
0.619608
0.654902
0.623529
0.368627
0.270588
0.301961
0.231373
0.247059
0.427451
0.407843
0.360784
0.345098
0.274510
0.254902
0.321569
0.345098
0.274510
0.274510
0.325490
0.329412
0.333333
0.360784
0.250980
0.262745
0.235294
0.247059
0.164706
0.243137
0.360784
0.584314
0.768627
0.607843
0.627451
0.650980
0.643137
0.454902
0.301961
0.262745
0.172549
0.247059
0.403922
0.282353
0.325490
0.305882
0.262745
0.266667
0.329412
0.341176
0.286275
0.282353
0.317647
0.282353
0.356863
0.458824
0.270588
0.254902
0.215686
0.203922
0.188235
0.450980
0.517647
0.458824
0.592157
0.635294
0.639216
0.635294
0.690196
0.745098
0.670588
0.403922
0.207843
0.223529
0.235294
0.231373
0.400000
0.466667
0.454902
0.466667
0.454902
0.423529
0.443137
0.454902
0.388235
0.470588
0.560784
0.403922
0.227451
0.160784
0.152941
0.168627
0.172549
0.278431
0.458824
0.490196
0.568627
0.580392
0.552941
0.600000
0.760784
0.843137
0.827451
0.556863
0.274510
0.258824
0.411765
0.619608
0.756863
0.709804
0.717647
0.698039
0.619608
0.600000
0.760784
0.752941
0.741176
0.854902
0.752941
0.247059
0.160784
0.141176
0.121569
0.156863
0.176471
0.301961
0.427451
0.392157
0.384314
0.486275
0.450980
0.560784
0.741176
0.752941
0.729412
0.650980
0.470588
0.564706
0.603922
0.658824
0.690196
0.427451
0.392157
0.403922
0.513725
0.670588
0.611765
0.419608
0.545098
0.760784
0.823529
0.454902
0.305882
0.235294
0.149020
0.133333
0.168627
0.239216
0.282353
0.254902
0.258824
0.541176
0.545098
0.650980
0.764706
0.788235
0.772549
0.729412
0.721569
0.768627
0.647059
0.607843
0.596078
0.392157
0.368627
0.345098
0.482353
0.682353
0.564706
0.337255
0.454902
0.674510
0.831373
0.654902
0.396078
0.415686
0.262745
0.145098
0.156863
0.305882
0.356863
0.313725
0.278431
0.525490
0.600000
0.784314
0.858824
0.901961
0.921569
0.886275
0.862745
0.858824
0.850980
0.792157
0.725490
0.454902
0.352941
0.341176
0.478431
0.705882
0.576471
0.309804
0.482353
0.650980
0.674510
0.486275
0.345098
0.501961
0.388235
0.341176
0.290196
0.431373
0.447059
0.400000
0.345098
0.407843
0.545098
0.847059
0.921569
0.937255
0.956863
0.949020
0.929412
0.945098
0.917647
0.745098
0.643137
0.333333
0.243137
0.313725
0.474510
0.713725
0.552941
0.278431
0.486275
0.619608
0.521569
0.341176
0.368627
0.450980
0.431373
0.486275
0.411765
0.556863
0.576471
0.498039
0.431373
0.298039
0.423529
0.796078
0.964706
0.941176
0.921569
0.925490
0.913725
0.929412
0.870588
0.658824
0.529412
0.250980
0.215686
0.380392
0.537255
0.698039
0.509804
0.305882
0.521569
0.623529
0.458824
0.301961
0.549020
0.635294
0.556863
0.486275
0.627451
0.815686
0.815686
0.745098
0.627451
0.329412
0.411765
0.776471
0.898039
0.917647
0.905882
0.905882
0.894118
0.925490
0.843137
0.662745
0.529412
0.333333
0.341176
0.556863
0.560784
0.686275
0.588235
0.419608
0.588235
0.600000
0.560784
0.545098
0.709804
0.741176
0.619608
0.588235
0.815686
0.764706
0.764706
0.807843
0.666667
0.345098
0.454902
0.788235
0.874510
0.941176
0.960784
0.941176
0.917647
0.913725
0.858824
0.658824
0.584314
0.564706
0.533333
0.513725
0.494118
0.709804
0.776471
0.631373
0.698039
0.627451
0.607843
0.592157
0.533333
0.478431
0.447059
0.650980
0.760784
0.541176
0.627451
0.772549
0.537255
0.270588
0.447059
0.803922
0.894118
0.847059
0.709804
0.690196
0.792157
0.917647
0.921569
0.725490
0.682353
0.643137
0.482353
0.427451
0.411765
0.643137
0.823529
0.760784
0.850980
0.894118
0.654902
0.490196
0.415686
0.352941
0.372549
0.572549
0.654902
0.521569
0.529412
0.623529
0.439216
0.337255
0.380392
0.635294
0.768627
0.580392
0.607843
0.631373
0.439216
0.756863
0.925490
0.843137
0.796078
0.658824
0.517647
0.478431
0.337255
0.525490
0.819608
0.792157
0.764706
0.725490
0.560784
0.447059
0.396078
0.352941
0.407843
0.537255
0.556863
0.419608
0.458824
0.517647
0.380392
0.337255
0.317647
0.537255
0.545098
0.439216
0.678431
0.690196
0.345098
0.560784
0.886275
0.823529
0.729412
0.505882
0.498039
0.552941
0.411765
0.458824
0.619608
0.498039
0.427451
0.400000
0.392157
0.380392
0.337255
0.309804
0.337255
0.419608
0.411765
0.266667
0.380392
0.458824
0.352941
0.349020
0.305882
0.427451
0.356863
0.360784
0.505882
0.521569
0.325490
0.490196
0.698039
0.501961
0.431373
0.321569
0.482353
0.568627
0.407843
0.447059
0.533333
0.364706
0.384314
0.403922
0.423529
0.427451
0.431373
0.419608
0.396078
0.392157
0.396078
0.349020
0.345098
0.364706
0.333333
0.325490
0.278431
0.360784
0.250980
0.290196
0.447059
0.419608
0.247059
0.419608
0.478431
0.262745
0.278431
0.278431
0.388235
0.415686
0.400000
0.560784
0.588235
0.427451
0.447059
0.450980
0.447059
0.431373
0.423529
0.427451
0.392157
0.376471
0.411765
0.403922
0.380392
0.392157
0.356863
0.317647
0.235294
0.270588
0.172549
0.149020
0.286275
0.286275
0.231373
0.396078
0.462745
0.376471
0.388235
0.392157
0.403922
0.415686
0.454902
0.560784
0.560784
0.478431
0.458824
0.458824
0.435294
0.411765
0.415686
0.423529
0.407843
0.400000
0.407843
0.403922
0.392157
0.388235
0.364706
0.439216
0.282353
0.278431
0.278431
0.258824
0.294118
0.341176
0.388235
0.443137
0.470588
0.447059
0.447059
0.466667
0.474510
0.470588
0.454902
0.454902
0.474510
0.466667
0.454902
0.454902
0.431373
0.439216
0.431373
0.419608
0.419608
0.415686
0.407843
0.396078
0.396078
0.388235
0.368627
0.498039
0.349020
0.368627
0.384314
0.392157
0.407843
0.419608
0.439216
0.450980
0.454902
0.458824
0.470588
0.474510
0.474510
0.470588
0.466667
0.462745
0.478431
0.462745
0.443137
0.447059
0.439216
0.450980
0.439216
0.419608
0.423529
0.427451
0.415686
0.403922
0.400000
0.388235
0.372549
0.458824
0.372549
0.392157
0.400000
0.407843
0.415686
0.419608
0.423529
0.439216
0.443137
0.458824
0.462745
0.458824
0.462745
0.462745
0.450980
0.458824
0.470588
0.439216
0.431373
0.447059
0.435294
0.427451
0.431373
0.427451
0.423529
0.423529
0.423529
0.423529
0.403922
0.388235
0.364706
0.356863
0.360784
0.380392
0.392157
0.403922
0.415686
0.423529
0.427451
0.431373
0.435294
0.443137
0.447059
0.450980
0.454902
0.454902
0.439216
0.447059
0.450980
0.427451
0.427451
0.443137
0.435294
0.431373
0.427451
0.423529
0.415686
0.407843
0.403922
0.400000
0.396078
0.384314
0.364706
0.329412
0.360784
0.388235
0.396078
0.403922
0.415686
0.423529
0.427451
0.435294
0.439216
0.435294
0.443137
0.447059
0.447059
0.447059
0.439216
0.443137
0.447059
0.423529
0.415686
0.435294
0.431373
0.431373
0.427451
0.419608
0.411765
0.407843
0.396078
0.388235
0.384314
0.380392
0.360784
0.325490
0.360784
0.388235
0.400000
0.403922
0.407843
0.415686
0.419608
0.431373
0.443137
0.435294
0.439216
0.443137
0.439216
0.435294
0.435294
0.443137
0.447059
0.419608
0.407843
0.423529
0.419608
0.415686
0.427451
0.419608
0.407843
0.407843
0.396078
0.392157
0.384314
0.380392
0.364706
0.447059
0.380392
0.380392
0.396078
0.396078
0.400000
0.407843
0.415686
0.423529
0.427451
0.431373
0.427451
0.427451
0.435294
0.435294
0.454902
0.454902
0.427451
0.407843
0.403922
0.411765
0.403922
0.407843
0.419608
0.415686
0.403922
0.400000
0.396078
0.392157
0.392157
0.388235
0.368627
0.458824
0.376471
0.368627
0.392157
0.396078
0.400000
0.400000
0.403922
0.411765
0.415686
0.419608
0.411765
0.407843
0.419608
0.443137
0.501961
0.509804
0.423529
0.403922
0.403922
0.403922
0.403922
0.400000
0.407843
0.403922
0.396078
0.392157
0.392157
0.392157
0.392157
0.388235
0.352941
0.329412
0.341176
0.364706
0.388235
0.392157
0.392157
0.392157
0.396078
0.403922
0.407843
0.411765
0.411765
0.415686
0.419608
0.415686
0.450980
0.470588
0.415686
0.403922
0.403922
0.400000
0.407843
0.400000
0.400000
0.392157
0.392157
0.396078
0.392157
0.388235
0.392157
0.392157
0.349020
0.313725
0.325490
0.352941
0.372549
0.376471
0.376471
0.380392
0.388235
0.392157
0.396078
0.403922
0.407843
0.403922
0.403922
0.396078
0.392157
0.396078
0.396078
0.400000
0.388235
0.388235
0.400000
0.396078
0.392157
0.380392
0.380392
0.392157
0.380392
0.372549
0.376471
0.376471
0.333333
0.337255
0.450980
0.635294
0.462745
0.294118
0.419608
0.501961
0.470588
0.286275
0.254902
0.235294
0.243137
0.298039
0.333333
0.321569
0.423529
0.552941
0.780392
0.854902
0.917647
0.741176
0.486275
0.439216
0.419608
0.317647
0.270588
0.286275
0.227451
0.317647
0.505882
0.356863
0.705882
0.380392
0.501961
0.709804
0.533333
0.333333
0.372549
0.411765
0.345098
0.290196
0.243137
0.247059
0.254902
0.274510
0.329412
0.309804
0.368627
0.521569
0.517647
0.521569
0.717647
0.662745
0.525490
0.513725
0.407843
0.309804
0.243137
0.294118
0.274510
0.309804
0.427451
0.368627
0.513725
0.423529
0.482353
0.694118
0.607843
0.376471
0.341176
0.333333
0.301961
0.298039
0.231373
0.266667
0.301961
0.305882
0.313725
0.317647
0.352941
0.466667
0.384314
0.352941
0.494118
0.749020
0.670588
0.388235
0.372549
0.458824
0.278431
0.247059
0.278431
0.301961
0.325490
0.364706
0.415686
0.466667
0.431373
0.607843
0.627451
0.360784
0.313725
0.368627
0.262745
0.231373
0.247059
0.301961
0.360784
0.403922
0.345098
0.301961
0.356863
0.427451
0.352941
0.305882
0.349020
0.529412
0.733333
0.466667
0.509804
0.701961
0.411765
0.286275
0.235294
0.278431
0.384314
0.549020
0.705882
0.505882
0.509804
0.600000
0.627451
0.360784
0.325490
0.419608
0.290196
0.227451
0.309804
0.376471
0.372549
0.431373
0.329412
0.266667
0.352941
0.400000
0.333333
0.309804
0.282353
0.305882
0.521569
0.513725
0.501961
0.521569
0.400000
0.376471
0.211765
0.247059
0.372549
0.721569
0.949020
0.529412
0.615686
0.682353
0.647059
0.392157
0.301961
0.341176
0.282353
0.286275
0.443137
0.435294
0.388235
0.360784
0.286275
0.258824
0.333333
0.376471
0.305882
0.301961
0.341176
0.341176
0.356863
0.396078
0.286275
0.301961
0.278431
0.278431
0.196078
0.290196
0.411765
0.639216
0.811765
0.533333
0.600000
0.666667
0.639216
0.439216
0.309804
0.290196
0.223529
0.298039
0.443137
0.321569
0.349020
0.321569
0.262745
0.258824
0.313725
0.352941
0.274510
0.247059
0.325490
0.317647
0.376471
0.486275
0.301961
0.286275
0.243137
0.211765
0.203922
0.494118
0.572549
0.513725
0.635294
0.611765
0.631373
0.647059
0.658824
0.674510
0.615686
0.380392
0.203922
0.227451
0.235294
0.250980
0.392157
0.423529
0.364706
0.360784
0.349020
0.368627
0.352941
0.337255
0.333333
0.478431
0.580392
0.435294
0.262745
0.196078
0.180392
0.180392
0.192157
0.329412
0.521569
0.549020
0.611765
0.627451
0.600000
0.627451
0.737255
0.784314
0.776471
0.525490
0.247059
0.227451
0.364706
0.552941
0.631373
0.517647
0.458824
0.423529
0.392157
0.435294
0.588235
0.576471
0.568627
0.756863
0.756863
0.278431
0.192157
0.176471
0.152941
0.192157
0.223529
0.360784
0.486275
0.443137
0.423529
0.552941
0.521569
0.584314
0.725490
0.737255
0.729412
0.658824
0.474510
0.552941
0.560784
0.592157
0.564706
0.254902
0.168627
0.180392
0.278431
0.407843
0.368627
0.211765
0.266667
0.549020
0.807843
0.482353
0.329412
0.258824
0.176471
0.176471
0.219608
0.290196
0.325490
0.286275
0.282353
0.580392
0.584314
0.615686
0.698039
0.725490
0.705882
0.658824
0.643137
0.670588
0.513725
0.443137
0.419608
0.231373
0.192157
0.168627
0.247059
0.349020
0.282353
0.141176
0.129412
0.392157
0.788235
0.666667
0.400000
0.419608
0.270588
0.168627
0.184314
0.321569
0.368627
0.321569
0.286275
0.541176
0.584314
0.619608
0.631373
0.670588
0.647059
0.619608
0.592157
0.576471
0.541176
0.486275
0.470588
0.278431
0.176471
0.137255
0.200000
0.301961
0.266667
0.141176
0.133333
0.325490
0.600000
0.470588
0.321569
0.482353
0.372549
0.337255
0.282353
0.407843
0.427451
0.392157
0.349020
0.439216
0.478431
0.541176
0.498039
0.517647
0.529412
0.525490
0.509804
0.521569
0.482353
0.403922
0.431373
0.227451
0.121569
0.105882
0.156863
0.247059
0.211765
0.113725
0.113725
0.266667
0.427451
0.298039
0.313725
0.396078
0.380392
0.443137
0.356863
0.498039
0.525490
0.478431
0.431373
0.313725
0.356863
0.450980
0.431373
0.439216
0.458824
0.427451
0.411765
0.439216
0.384314
0.286275
0.384314
0.207843
0.129412
0.164706
0.192157
0.247059
0.192157
0.105882
0.105882
0.294118
0.384314
0.239216
0.407843
0.450980
0.411765
0.349020
0.407843
0.666667
0.686275
0.670588
0.588235
0.313725
0.356863
0.447059
0.349020
0.407843
0.447059
0.384314
0.380392
0.423529
0.352941
0.282353
0.396078
0.239216
0.211765
0.345098
0.223529
0.286275
0.298039
0.168627
0.156863
0.274510
0.407843
0.360784
0.435294
0.423529
0.352941
0.298039
0.407843
0.521569
0.517647
0.615686
0.556863
0.325490
0.392157
0.462745
0.337255
0.450980
0.537255
0.509804
0.498039
0.443137
0.360784
0.286275
0.345098
0.301961
0.290196
0.313725
0.227451
0.407843
0.552941
0.423529
0.396078
0.341176
0.301961
0.223529
0.172549
0.168627
0.137255
0.282353
0.376471
0.364706
0.372549
0.541176
0.419608
0.247059
0.376471
0.509804
0.411765
0.443137
0.423529
0.407843
0.513725
0.505882
0.403922
0.290196
0.313725
0.301961
0.219608
0.262745
0.266667
0.533333
0.741176
0.701961
0.780392
0.800000
0.454902
0.200000
0.207843
0.258824
0.207843
0.243137
0.360784
0.458824
0.329412
0.380392
0.345098
0.317647
0.321569
0.372549
0.376471
0.325490
0.509804
0.533333
0.301961
0.411765
0.407843
0.345098
0.368627
0.392157
0.368627
0.364706
0.266667
0.478431
0.764706
0.800000
0.796078
0.717647
0.482353
0.290196
0.313725
0.368627
0.321569
0.243137
0.298039
0.364706
0.262745
0.243137
0.274510
0.313725
0.290196
0.352941
0.290196
0.321569
0.690196
0.690196
0.290196
0.294118
0.443137
0.400000
0.368627
0.368627
0.470588
0.486275
0.345098
0.321569
0.470588
0.466667
0.403922
0.364706
0.360784
0.301961
0.286275
0.305882
0.270588
0.243137
0.258824
0.243137
0.278431
0.274510
0.286275
0.321569
0.305882
0.325490
0.227451
0.317647
0.509804
0.513725
0.294118
0.278431
0.376471
0.278431
0.200000
0.262745
0.498039
0.529412
0.376471
0.262745
0.341176
0.341176
0.329412
0.364706
0.392157
0.380392
0.368627
0.360784
0.356863
0.360784
0.337255
0.341176
0.337255
0.294118
0.313725
0.301961
0.290196
0.317647
0.200000
0.274510
0.427451
0.384314
0.196078
0.258824
0.270588
0.176471
0.168627
0.243137
0.384314
0.384314
0.380392
0.407843
0.439216
0.419608
0.411765
0.431373
0.431373
0.411765
0.388235
0.384314
0.396078
0.392157
0.376471
0.368627
0.376471
0.352941
0.337255
0.294118
0.231373
0.262745
0.149020
0.137255
0.274510
0.250980
0.160784
0.274510
0.321569
0.317647
0.341176
0.352941
0.368627
0.376471
0.403922
0.450980
0.450980
0.439216
0.435294
0.427451
0.411765
0.396078
0.396078
0.400000
0.396078
0.392157
0.392157
0.384314
0.380392
0.368627
0.349020
0.419608
0.278431
0.274510
0.258824
0.239216
0.282353
0.305882
0.325490
0.352941
0.372549
0.392157
0.411765
0.431373
0.439216
0.435294
0.407843
0.376471
0.392157
0.431373
0.435294
0.411765
0.403922
0.419608
0.411765
0.400000
0.400000
0.400000
0.392157
0.384314
0.384314
0.376471
0.356863
0.486275
0.345098
0.356863
0.364706
0.372549
0.388235
0.392157
0.396078
0.400000
0.403922
0.419608
0.435294
0.439216
0.439216
0.435294
0.447059
0.423529
0.423529
0.439216
0.423529
0.403922
0.411765
0.431373
0.419608
0.400000
0.403922
0.411765
0.403922
0.392157
0.388235
0.376471
0.356863
0.454902
0.364706
0.372549
0.376471
0.384314
0.392157
0.396078
0.400000
0.415686
0.423529
0.427451
0.431373
0.431373
0.435294
0.435294
0.443137
0.443137
0.431373
0.427451
0.419608
0.407843
0.411765
0.407843
0.411765
0.407843
0.403922
0.407843
0.411765
0.411765
0.392157
0.376471
0.352941
0.356863
0.341176
0.349020
0.364706
0.376471
0.388235
0.400000
0.407843
0.415686
0.415686
0.419608
0.423529
0.427451
0.431373
0.431373
0.435294
0.427451
0.411765
0.419608
0.415686
0.403922
0.407843
0.411765
0.407843
0.403922
0.396078
0.392157
0.392157
0.388235
0.384314
0.372549
0.349020
0.333333
0.337255
0.352941
0.364706
0.376471
0.388235
0.396078
0.400000
0.407843
0.415686
0.415686
0.419608
0.423529
0.423529
0.423529
0.427451
0.411765
0.400000
0.411765
0.411765
0.400000
0.407843
0.411765
0.407843
0.400000
0.392157
0.392157
0.384314
0.376471
0.372549
0.368627
0.349020
0.329412
0.341176
0.352941
0.360784
0.372549
0.380392
0.392157
0.392157
0.403922
0.415686
0.415686
0.419608
0.423529
0.419608
0.415686
0.419608
0.411765
0.403922
0.407843
0.403922
0.396078
0.396078
0.396078
0.407843
0.400000
0.392157
0.392157
0.384314
0.380392
0.372549
0.368627
0.352941
0.450980
0.372549
0.352941
0.356863
0.360784
0.380392
0.388235
0.396078
0.403922
0.407843
0.411765
0.407843
0.407843
0.415686
0.415686
0.439216
0.439216
0.407843
0.396078
0.396078
0.396078
0.384314
0.388235
0.400000
0.396078
0.384314
0.384314
0.380392
0.376471
0.376471
0.372549
0.352941
0.458824
0.368627
0.349020
0.356863
0.364706
0.380392
0.380392
0.384314
0.392157
0.396078
0.400000
0.392157
0.388235
0.400000
0.423529
0.486275
0.498039
0.411765
0.392157
0.392157
0.392157
0.384314
0.380392
0.388235
0.384314
0.376471
0.376471
0.376471
0.376471
0.376471
0.372549
0.337255
0.329412
0.333333
0.345098
0.360784
0.368627
0.372549
0.372549
0.376471
0.384314
0.388235
0.392157
0.392157
0.392157
0.400000
0.396078
0.435294
0.458824
0.403922
0.392157
0.392157
0.388235
0.388235
0.380392
0.380392
0.372549
0.372549
0.380392
0.376471
0.372549
0.376471
0.376471
0.333333
0.305882
0.317647
0.333333
0.349020
0.356863
0.356863
0.364706
0.368627
0.372549
0.376471
0.384314
0.388235
0.384314
0.384314
0.376471
0.380392
0.384314
0.384314
0.388235
0.376471
0.376471
0.384314
0.376471
0.372549
0.360784
0.364706
0.372549
0.368627
0.356863
0.360784
0.360784
0.321569
0.396078
0.501961
0.658824
0.450980
0.274510
0.454902
0.580392
0.513725
0.250980
0.196078
0.180392
0.180392
0.235294
0.290196
0.305882
0.450980
0.592157
0.800000
0.862745
0.937255
0.772549
0.509804
0.450980
0.415686
0.294118
0.231373
0.219608
0.149020
0.247059
0.470588
0.364706
0.741176
0.435294
0.549020
0.733333
0.521569
0.313725
0.400000
0.482353
0.380392
0.258824
0.192157
0.203922
0.200000
0.211765
0.262745
0.258824
0.356863
0.521569
0.505882
0.505882
0.717647
0.678431
0.525490
0.505882
0.384314
0.266667
0.188235
0.207843
0.172549
0.219608
0.368627
0.349020
0.537255
0.474510
0.525490
0.713725
0.603922
0.360784
0.364706
0.392157
0.321569
0.266667
0.192157
0.235294
0.258824
0.243137
0.239216
0.231373
0.305882
0.439216
0.329412
0.298039
0.470588
0.752941
0.670588
0.372549
0.349020
0.419608
0.231373
0.156863
0.160784
0.200000
0.247059
0.325490
0.423529
0.513725
0.474510
0.627451
0.623529
0.345098
0.325490
0.411765
0.270588
0.196078
0.219608
0.278431
0.333333
0.360784
0.274510
0.207843
0.294118
0.380392
0.270588
0.219608
0.305882
0.521569
0.737255
0.462745
0.498039
0.682353
0.384314
0.211765
0.129412
0.184314
0.309804
0.513725
0.709804
0.549020
0.541176
0.615686
0.623529
0.345098
0.333333
0.454902
0.290196
0.196078
0.290196
0.360784
0.356863
0.407843
0.278431
0.180392
0.298039
0.356863
0.239216
0.207843
0.219608
0.286275
0.509804
0.498039
0.482353
0.498039
0.368627
0.317647
0.137255
0.176471
0.321569
0.709804
0.960784
0.572549
0.647059
0.694118
0.643137
0.376471
0.305882
0.368627
0.270588
0.254902
0.431373
0.419608
0.380392
0.352941
0.254902
0.196078
0.298039
0.341176
0.211765
0.192157
0.270588
0.313725
0.325490
0.356863
0.243137
0.250980
0.227451
0.231373
0.149020
0.243137
0.384314
0.647059
0.843137
0.588235
0.650980
0.666667
0.619608
0.423529
0.309804
0.301961
0.215686
0.274510
0.419608
0.286275
0.321569
0.294118
0.215686
0.184314
0.286275
0.305882
0.172549
0.160784
0.247059
0.309804
0.352941
0.435294
0.235294
0.223529
0.188235
0.168627
0.164706
0.454902
0.545098
0.509804
0.654902
0.670588
0.701961
0.654902
0.650980
0.662745
0.576471
0.345098
0.172549
0.176471
0.172549
0.184314
0.317647
0.321569
0.243137
0.215686
0.286275
0.278431
0.215686
0.250980
0.239216
0.470588
0.564706
0.388235
0.192157
0.129412
0.129412
0.121569
0.121569
0.254902
0.458824
0.498039
0.600000
0.694118
0.682353
0.658824
0.756863
0.788235
0.733333
0.490196
0.219608
0.188235
0.321569
0.537255
0.592157
0.423529
0.333333
0.282353
0.313725
0.313725
0.423529
0.478431
0.466667
0.721569
0.737255
0.239216
0.137255
0.117647
0.101961
0.105882
0.109804
0.254902
0.392157
0.360784
0.388235
0.631373
0.600000
0.611765
0.725490
0.737255
0.729412
0.670588
0.494118
0.568627
0.568627
0.600000
0.541176
0.200000
0.105882
0.113725
0.235294
0.282353
0.203922
0.133333
0.196078
0.501961
0.784314
0.458824
0.298039
0.219608
0.133333
0.094118
0.117647
0.200000
0.247059
0.219608
0.258824
0.654902
0.639216
0.596078
0.627451
0.654902
0.658824
0.627451
0.623529
0.647059
0.478431
0.380392
0.345098
0.164706
0.152941
0.152941
0.243137
0.247059
0.149020
0.105882
0.098039
0.352941
0.768627
0.658824
0.392157
0.403922
0.239216
0.117647
0.129412
0.282353
0.341176
0.305882
0.298039
0.588235
0.584314
0.529412
0.462745
0.478431
0.470588
0.454902
0.435294
0.415686
0.372549
0.325490
0.349020
0.207843
0.152941
0.129412
0.200000
0.219608
0.149020
0.137255
0.129412
0.282353
0.588235
0.486275
0.341176
0.490196
0.356863
0.309804
0.262745
0.403922
0.435294
0.407843
0.376471
0.443137
0.423529
0.392157
0.258824
0.239216
0.258824
0.266667
0.254902
0.254902
0.223529
0.223529
0.333333
0.203922
0.137255
0.109804
0.152941
0.164706
0.098039
0.113725
0.117647
0.207843
0.419608
0.329412
0.349020
0.415686
0.372549
0.419608
0.341176
0.490196
0.533333
0.490196
0.454902
0.309804
0.274510
0.286275
0.207843
0.172549
0.176471
0.176471
0.172549
0.176471
0.129412
0.160784
0.321569
0.203922
0.156863
0.188235
0.180392
0.156863
0.082353
0.070588
0.105882
0.235294
0.376471
0.254902
0.384314
0.400000
0.364706
0.286275
0.349020
0.615686
0.619608
0.635294
0.580392
0.325490
0.294118
0.309804
0.168627
0.168627
0.172549
0.160784
0.168627
0.188235
0.117647
0.160784
0.305882
0.196078
0.196078
0.325490
0.172549
0.188235
0.184314
0.098039
0.149020
0.231373
0.396078
0.345098
0.380392
0.349020
0.301961
0.184314
0.274510
0.400000
0.372549
0.517647
0.498039
0.345098
0.368627
0.360784
0.168627
0.215686
0.278431
0.282353
0.274510
0.200000
0.113725
0.109804
0.219608
0.243137
0.243137
0.227451
0.133333
0.301961
0.419608
0.333333
0.356863
0.294118
0.274510
0.180392
0.152941
0.192157
0.133333
0.160784
0.223529
0.250980
0.258824
0.470588
0.352941
0.270588
0.388235
0.447059
0.254902
0.247059
0.247059
0.231373
0.301961
0.258824
0.129412
0.047059
0.129412
0.192157
0.141176
0.160784
0.168627
0.415686
0.603922
0.603922
0.713725
0.741176
0.388235
0.094118
0.172549
0.298039
0.160784
0.098039
0.223529
0.384314
0.278431
0.360784
0.298039
0.329412
0.333333
0.325490
0.243137
0.203922
0.450980
0.443137
0.145098
0.188235
0.129412
0.074510
0.156863
0.239216
0.274510
0.309804
0.219608
0.403922
0.674510
0.737255
0.760784
0.694118
0.431373
0.188235
0.270588
0.380392
0.223529
0.074510
0.152941
0.282353
0.200000
0.207843
0.207843
0.309804
0.270588
0.290196
0.184314
0.247059
0.678431
0.654902
0.192157
0.113725
0.188235
0.172549
0.196078
0.223529
0.380392
0.466667
0.341176
0.305882
0.427451
0.427451
0.411765
0.376471
0.341176
0.250980
0.254902
0.286275
0.184314
0.137255
0.176471
0.211765
0.223529
0.266667
0.254902
0.301961
0.243137
0.239216
0.145098
0.247059
0.458824
0.474510
0.219608
0.145098
0.200000
0.141176
0.125490
0.172549
0.427451
0.501961
0.345098
0.239216
0.282353
0.270588
0.321569
0.356863
0.368627
0.364706
0.349020
0.329412
0.329412
0.341176
0.333333
0.360784
0.294118
0.305882
0.325490
0.282353
0.243137
0.262745
0.152941
0.219608
0.360784
0.333333
0.133333
0.164706
0.168627
0.109804
0.141176
0.192157
0.333333
0.341176
0.309804
0.341176
0.352941
0.325490
0.372549
0.392157
0.392157
0.396078
0.364706
0.349020
0.384314
0.388235
0.368627
0.372549
0.325490
0.337255
0.337255
0.290196
0.231373
0.254902
0.129412
0.105882
0.243137
0.215686
0.109804
0.211765
0.254902
0.266667
0.305882
0.313725
0.325490
0.337255
0.329412
0.364706
0.380392
0.372549
0.388235
0.396078
0.384314
0.372549
0.368627
0.376471
0.376471
0.372549
0.372549
0.368627
0.352941
0.349020
0.333333
0.415686
0.274510
0.266667
0.235294
0.211765
0.254902
0.278431
0.290196
0.313725
0.329412
0.352941
0.372549
0.392157
0.400000
0.396078
0.349020
0.313725
0.341176
0.380392
0.388235
0.384314
0.380392
0.396078
0.388235
0.376471
0.376471
0.376471
0.372549
0.364706
0.364706
0.356863
0.337255
0.474510
0.325490
0.333333
0.325490
0.333333
0.356863
0.364706
0.376471
0.380392
0.380392
0.388235
0.400000
0.403922
0.403922
0.400000
0.400000
0.384314
0.392157
0.396078
0.380392
0.372549
0.388235
0.407843
0.396078
0.376471
0.380392
0.392157
0.384314
0.372549
0.368627
0.356863
0.341176
0.443137
0.341176
0.333333
0.329412
0.341176
0.360784
0.368627
0.384314
0.403922
0.407843
0.400000
0.396078
0.400000
0.400000
0.403922
0.411765
0.419608
0.411765
0.392157
0.380392
0.376471
0.384314
0.384314
0.388235
0.388235
0.380392
0.388235
0.392157
0.392157
0.372549
0.356863
0.333333
0.360784
0.321569
0.313725
0.321569
0.341176
0.356863
0.368627
0.384314
0.392157
0.396078
0.396078
0.392157
0.396078
0.400000
0.400000
0.407843
0.407843
0.396078
0.388235
0.380392
0.376471
0.388235
0.388235
0.384314
0.380392
0.372549
0.372549
0.372549
0.368627
0.364706
0.352941
0.333333
0.349020
0.325490
0.321569
0.337255
0.349020
0.360784
0.364706
0.368627
0.376471
0.380392
0.388235
0.396078
0.400000
0.400000
0.400000
0.396078
0.384314
0.376471
0.376471
0.376471
0.376471
0.384314
0.388235
0.384314
0.376471
0.368627
0.372549
0.364706
0.356863
0.352941
0.349020
0.333333
0.349020
0.329412
0.325490
0.341176
0.352941
0.356863
0.360784
0.360784
0.368627
0.376471
0.388235
0.396078
0.400000
0.396078
0.392157
0.384314
0.376471
0.376471
0.372549
0.372549
0.376471
0.372549
0.372549
0.384314
0.376471
0.364706
0.364706
0.356863
0.352941
0.345098
0.341176
0.329412
0.458824
0.352941
0.321569
0.337255
0.345098
0.356863
0.364706
0.368627
0.372549
0.376471
0.388235
0.384314
0.384314
0.392157
0.392157
0.411765
0.407843
0.376471
0.364706
0.368627
0.368627
0.360784
0.364706
0.376471
0.372549
0.360784
0.349020
0.341176
0.341176
0.337255
0.333333
0.321569
0.462745
0.345098
0.317647
0.333333
0.345098
0.356863
0.356863
0.360784
0.368627
0.372549
0.376471
0.368627
0.364706
0.376471
0.400000
0.462745
0.470588
0.384314
0.364706
0.364706
0.364706
0.360784
0.356863
0.364706
0.360784
0.352941
0.341176
0.333333
0.333333
0.333333
0.329412
0.301961
0.321569
0.309804
0.317647
0.333333
0.341176
0.349020
0.349020
0.352941
0.360784
0.364706
0.368627
0.368627
0.368627
0.376471
0.372549
0.407843
0.431373
0.376471
0.364706
0.364706
0.360784
0.364706
0.356863
0.356863
0.349020
0.345098
0.345098
0.333333
0.329412
0.333333
0.329412
0.298039
0.290196
0.298039
0.313725
0.321569
0.325490
0.333333
0.341176
0.345098
0.349020
0.352941
0.360784
0.364706
0.360784
0.360784
0.352941
0.352941
0.356863
0.356863
0.360784
0.349020
0.349020
0.360784
0.352941
0.352941
0.337255
0.337255
0.337255
0.325490
0.313725
0.317647
0.317647
0.282353
