0.650980
0.635294
0.647059
0.650980
0.686275
0.725490
0.713725
0.701961
0.800000
0.835294
0.745098
0.717647
0.619608
0.466667
0.670588
0.741176
0.764706
0.760784
0.811765
0.780392
0.725490
0.713725
0.705882
0.737255
0.811765
0.839216
0.780392
0.725490
0.713725
0.717647
0.709804
0.705882
0.701961
0.698039
0.690196
0.658824
0.654902
0.658824
0.643137
0.654902
0.745098
0.772549
0.721569
0.729412
0.576471
0.505882
0.701961
0.709804
0.705882
0.709804
0.741176
0.741176
0.705882
0.666667
0.678431
0.709804
0.737255
0.725490
0.690196
0.658824
0.627451
0.607843
0.580392
0.572549
0.674510
0.619608
0.662745
0.654902
0.619608
0.588235
0.572549
0.568627
0.552941
0.545098
0.525490
0.552941
0.560784
0.541176
0.564706
0.494118
0.505882
0.564706
0.572549
0.525490
0.509804
0.505882
0.501961
0.533333
0.572549
0.560784
0.513725
0.450980
0.388235
0.329412
0.294118
0.294118
0.419608
0.341176
0.360784
0.372549
0.345098
0.305882
0.290196
0.270588
0.207843
0.180392
0.196078
0.239216
0.443137
0.490196
0.352941
0.247059
0.345098
0.494118
0.509804
0.384314
0.345098
0.407843
0.447059
0.384314
0.400000
0.384314
0.356863
0.329412
0.360784
0.349020
0.309804
0.349020
0.266667
0.290196
0.282353
0.266667
0.254902
0.231373
0.211765
0.207843
0.196078
0.215686
0.247059
0.313725
0.529412
0.427451
0.450980
0.545098
0.670588
0.678431
0.529412
0.384314
0.407843
0.517647
0.556863
0.454902
0.474510
0.501961
0.486275
0.470588
0.533333
0.529412
0.466667
0.517647
0.337255
0.376471
0.407843
0.407843
0.411765
0.439216
0.419608
0.443137
0.482353
0.501961
0.537255
0.607843
0.662745
0.694118
0.800000
0.792157
0.752941
0.690196
0.549020
0.513725
0.568627
0.654902
0.607843
0.545098
0.549020
0.631373
0.592157
0.556863
0.607843
0.592157
0.560784
0.560784
0.478431
0.462745
0.521569
0.537255
0.517647
0.521569
0.482353
0.556863
0.592157
0.549020
0.568627
0.650980
0.815686
0.905882
0.760784
0.698039
0.690196
0.643137
0.560784
0.564706
0.556863
0.611765
0.517647
0.509804
0.478431
0.529412
0.474510
0.450980
0.419608
0.403922
0.352941
0.364706
0.309804
0.262745
0.286275
0.286275
0.266667
0.250980
0.239216
0.301961
0.305882
0.254902
0.286275
0.411765
0.788235
0.768627
0.678431
0.725490
0.705882
0.596078
0.478431
0.458824
0.470588
0.498039
0.415686
0.325490
0.325490
0.494118
0.537255
0.305882
0.164706
0.145098
0.149020
0.188235
0.176471
0.180392
0.180392
0.172549
0.164706
0.164706
0.180392
0.203922
0.196078
0.188235
0.215686
0.309804
0.764706
0.776471
0.709804
0.725490
0.709804
0.607843
0.458824
0.490196
0.509804
0.509804
0.505882
0.572549
0.674510
0.788235
0.894118
0.764706
0.325490
0.215686
0.196078
0.203922
0.211765
0.223529
0.227451
0.235294
0.235294
0.243137
0.262745
0.278431
0.301961
0.298039
0.309804
0.356863
0.768627
0.780392
0.725490
0.709804
0.705882
0.686275
0.678431
0.568627
0.560784
0.549020
0.772549
0.682353
0.450980
0.403922
0.666667
0.949020
0.749020
0.603922
0.349020
0.250980
0.231373
0.231373
0.235294
0.227451
0.231373
0.247059
0.258824
0.274510
0.301961
0.309804
0.356863
0.372549
0.635294
0.768627
0.725490
0.717647
0.733333
0.800000
0.878431
0.796078
0.627451
0.600000
0.419608
0.254902
0.380392
0.639216
0.807843
0.901961
0.937255
0.909804
0.631373
0.250980
0.258824
0.239216
0.239216
0.243137
0.250980
0.266667
0.286275
0.305882
0.317647
0.349020
0.439216
0.435294
0.741176
0.796078
0.772549
0.811765
0.847059
0.847059
0.831373
0.964706
0.898039
0.831373
0.560784
0.647059
0.854902
0.956863
0.964706
0.980392
0.949020
0.796078
0.607843
0.290196
0.247059
0.247059
0.247059
0.270588
0.278431
0.294118
0.325490
0.356863
0.364706
0.380392
0.490196
0.407843
0.807843
0.909804
0.909804
0.949020
0.964706
0.976471
0.992157
1.000000
1.000000
0.980392
0.956863
0.949020
0.952941
0.984314
0.996078
0.925490
0.709804
0.454902
0.352941
0.278431
0.254902
0.270588
0.266667
0.266667
0.278431
0.301961
0.368627
0.447059
0.411765
0.388235
0.321569
0.356863
0.819608
0.984314
0.996078
1.000000
0.988235
0.992157
1.000000
0.988235
0.968627
0.921569
0.941176
0.980392
0.992157
0.996078
0.850980
0.600000
0.427451
0.443137
0.450980
0.313725
0.250980
0.262745
0.258824
0.274510
0.298039
0.415686
0.698039
0.788235
0.592157
0.215686
0.223529
0.690196
0.964706
0.992157
0.996078
1.000000
0.992157
0.984314
0.956863
0.937255
0.933333
0.972549
1.000000
1.000000
0.921569
0.764706
0.603922
0.556863
0.568627
0.505882
0.403922
0.286275
0.223529
0.235294
0.274510
0.325490
0.431373
0.815686
0.996078
1.000000
0.913725
0.305882
0.274510
0.819608
0.972549
0.992157
1.000000
0.996078
0.976471
0.949020
0.945098
0.972549
0.996078
1.000000
0.976471
0.839216
0.662745
0.647059
0.713725
0.650980
0.482353
0.341176
0.262745
0.227451
0.258824
0.278431
0.298039
0.356863
0.768627
0.996078
0.992157
0.988235
0.988235
0.572549
0.396078
0.945098
0.992157
0.984314
0.984314
0.980392
0.964706
0.984314
1.000000
1.000000
1.000000
0.905882
0.733333
0.654902
0.764706
0.800000
0.654902
0.431373
0.258824
0.207843
0.223529
0.207843
0.294118
0.325490
0.333333
0.552941
0.968627
0.992157
0.996078
0.996078
0.992157
0.811765
0.635294
0.980392
0.956863
0.968627
0.984314
0.992157
0.996078
1.000000
0.996078
0.933333
0.800000
0.686275
0.721569
0.811765
0.784314
0.600000
0.392157
0.258824
0.192157
0.192157
0.211765
0.211765
0.349020
0.392157
0.454902
0.831373
0.984314
0.996078
1.000000
0.988235
0.984314
0.933333
0.898039
0.980392
0.960784
0.988235
0.996078
1.000000
1.000000
0.968627
0.854902
0.721569
0.713725
0.788235
0.807843
0.686275
0.498039
0.360784
0.294118
0.270588
0.227451
0.203922
0.211765
0.223529
0.498039
0.568627
0.733333
0.976471
0.976471
0.960784
0.960784
0.960784
0.960784
0.968627
0.988235
0.996078
0.996078
1.000000
1.000000
0.949020
0.843137
0.760784
0.749020
0.800000
0.831373
0.733333
0.537255
0.427451
0.372549
0.360784
0.384314
0.337255
0.254902
0.227451
0.239216
0.235294
0.639216
0.733333
0.870588
0.937255
0.937255
0.949020
0.972549
0.988235
0.984314
0.996078
1.000000
1.000000
0.988235
0.917647
0.823529
0.749020
0.760784
0.815686
0.835294
0.764706
0.615686
0.505882
0.474510
0.458824
0.427451
0.486275
0.454902
0.345098
0.243137
0.203922
0.200000
0.211765
0.792157
0.850980
0.913725
0.960784
0.984314
1.000000
1.000000
1.000000
1.000000
0.996078
0.964706
0.894118
0.800000
0.733333
0.756863
0.819608
0.858824
0.803922
0.654902
0.552941
0.517647
0.560784
0.537255
0.498039
0.545098
0.545098
0.400000
0.313725
0.219608
0.192157
0.196078
0.203922
0.921569
0.925490
0.988235
1.000000
1.000000
1.000000
1.000000
0.976471
0.933333
0.854902
0.768627
0.737255
0.776471
0.854902
0.878431
0.823529
0.690196
0.568627
0.533333
0.615686
0.635294
0.549020
0.537255
0.619608
0.611765
0.439216
0.423529
0.329412
0.219608
0.215686
0.227451
0.223529
0.843137
0.894118
0.980392
0.964706
0.917647
0.870588
0.831373
0.788235
0.792157
0.807843
0.858824
0.890196
0.858824
0.784314
0.694118
0.615686
0.603922
0.670588
0.709804
0.627451
0.545098
0.572549
0.666667
0.662745
0.490196
0.474510
0.505882
0.301961
0.203922
0.188235
0.196078
0.227451
0.811765
0.835294
0.792157
0.772549
0.760784
0.776471
0.807843
0.878431
0.917647
0.921569
0.878431
0.780392
0.654902
0.584314
0.619608
0.709804
0.784314
0.721569
0.584314
0.521569
0.607843
0.705882
0.694118
0.517647
0.498039
0.552941
0.513725
0.262745
0.200000
0.172549
0.172549
0.200000
0.831373
0.823529
0.749020
0.835294
0.909804
0.925490
0.921569
0.886275
0.835294
0.733333
0.662745
0.662745
0.690196
0.788235
0.815686
0.749020
0.592157
0.517647
0.545098
0.658824
0.737255
0.674510
0.509804
0.525490
0.596078
0.623529
0.435294
0.274510
0.200000
0.196078
0.192157
0.203922
0.823529
0.835294
0.835294
0.827451
0.843137
0.835294
0.870588
0.870588
0.831373
0.843137
0.862745
0.870588
0.803922
0.662745
0.549020
0.505882
0.541176
0.639216
0.709804
0.662745
0.564706
0.525490
0.568627
0.643137
0.670588
0.517647
0.333333
0.250980
0.188235
0.180392
0.172549
0.200000
0.839216
0.854902
0.858824
0.835294
0.815686
0.839216
0.886275
0.941176
0.941176
0.905882
0.788235
0.627451
0.509804
0.498039
0.568627
0.674510
0.717647
0.674510
0.552941
0.474510
0.494118
0.592157
0.698039
0.698039
0.521569
0.415686
0.254902
0.203922
0.200000
0.172549
0.160784
0.164706
0.882353
0.866667
0.843137
0.835294
0.819608
0.815686
0.835294
0.858824
0.831373
0.713725
0.541176
0.537255
0.592157
0.682353
0.725490
0.627451
0.470588
0.411765
0.470588
0.568627
0.654902
0.717647
0.643137
0.474510
0.478431
0.301961
0.176471
0.168627
0.172549
0.156863
0.152941
0.149020
0.858824
0.827451
0.792157
0.768627
0.745098
0.729412
0.776471
0.803922
0.737255
0.643137
0.537255
0.509804
0.545098
0.525490
0.494118
0.450980
0.466667
0.537255
0.615686
0.619608
0.572549
0.498039
0.431373
0.458824
0.411765
0.172549
0.145098
0.172549
0.180392
0.180392
0.184314
0.180392
0.768627
0.756863
0.729412
0.698039
0.654902
0.635294
0.694118
0.631373
0.521569
0.447059
0.360784
0.364706
0.356863
0.352941
0.364706
0.384314
0.384314
0.372549
0.396078
0.356863
0.317647
0.360784
0.427451
0.403922
0.254902
0.180392
0.188235
0.200000
0.184314
0.176471
0.180392
0.172549
0.647059
0.631373
0.619608
0.603922
0.588235
0.509804
0.494118
0.384314
0.294118
0.274510
0.243137
0.215686
0.184314
0.211765
0.258824
0.215686
0.121569
0.133333
0.172549
0.176471
0.207843
0.247059
0.258824
0.231373
0.200000
0.211765
0.211765
0.172549
0.141176
0.145098
0.145098
0.141176
0.541176
0.521569
0.533333
0.545098
0.584314
0.623529
0.611765
0.592157
0.658824
0.690196
0.607843
0.607843
0.525490
0.290196
0.596078
0.654902
0.643137
0.658824
0.678431
0.647059
0.607843
0.603922
0.600000
0.635294
0.709804
0.733333
0.678431
0.635294
0.635294
0.639216
0.623529
0.619608
0.584314
0.580392
0.572549
0.568627
0.584314
0.588235
0.572549
0.560784
0.600000
0.627451
0.580392
0.592157
0.411765
0.258824
0.564706
0.643137
0.607843
0.592157
0.592157
0.592157
0.584314
0.576471
0.576471
0.596078
0.615686
0.627451
0.607843
0.592157
0.572549
0.533333
0.490196
0.482353
0.545098
0.486275
0.533333
0.560784
0.549020
0.517647
0.501961
0.494118
0.490196
0.486275
0.458824
0.458824
0.321569
0.227451
0.368627
0.439216
0.431373
0.427451
0.407843
0.360784
0.376471
0.400000
0.376471
0.380392
0.400000
0.423529
0.388235
0.345098
0.294118
0.219608
0.172549
0.172549
0.282353
0.200000
0.223529
0.250980
0.235294
0.196078
0.180392
0.192157
0.203922
0.196078
0.192157
0.176471
0.137255
0.141176
0.121569
0.192157
0.286275
0.352941
0.341176
0.215686
0.192157
0.262745
0.274510
0.172549
0.160784
0.156863
0.137255
0.125490
0.168627
0.168627
0.141176
0.180392
0.121569
0.145098
0.137255
0.113725
0.098039
0.074510
0.054902
0.066667
0.105882
0.156863
0.156863
0.145098
0.156863
0.098039
0.231373
0.486275
0.615686
0.541176
0.364706
0.215686
0.247059
0.329412
0.337255
0.200000
0.196078
0.188235
0.180392
0.172549
0.250980
0.286275
0.254902
0.309804
0.180392
0.223529
0.254902
0.235294
0.231373
0.258824
0.235294
0.239216
0.258824
0.313725
0.309804
0.286275
0.239216
0.431373
0.627451
0.713725
0.690196
0.556863
0.388235
0.356863
0.415686
0.450980
0.384314
0.298039
0.278431
0.313725
0.270588
0.247059
0.313725
0.341176
0.345098
0.345098
0.313725
0.298039
0.356863
0.368627
0.352941
0.352941
0.313725
0.352941
0.341176
0.337255
0.309804
0.290196
0.400000
0.729412
0.650980
0.600000
0.611765
0.525490
0.415686
0.431373
0.419608
0.427451
0.329412
0.317647
0.278431
0.290196
0.235294
0.223529
0.203922
0.215686
0.184314
0.196078
0.141176
0.094118
0.121569
0.141176
0.133333
0.117647
0.105882
0.160784
0.172549
0.160784
0.149020
0.145098
0.396078
0.658824
0.619608
0.607843
0.623529
0.494118
0.349020
0.337255
0.349020
0.356863
0.278431
0.196078
0.203922
0.364706
0.411765
0.196078
0.066667
0.043137
0.039216
0.074510
0.074510
0.078431
0.078431
0.090196
0.094118
0.094118
0.109804
0.133333
0.145098
0.156863
0.160784
0.176471
0.490196
0.670588
0.639216
0.615686
0.623529
0.517647
0.345098
0.380392
0.400000
0.411765
0.419608
0.505882
0.619608
0.749020
0.850980
0.717647
0.270588
0.156863
0.129412
0.145098
0.184314
0.196078
0.203922
0.215686
0.215686
0.227451
0.243137
0.254902
0.254902
0.250980
0.262745
0.301961
0.647059
0.662745
0.623529
0.623529
0.631373
0.607843
0.592157
0.470588
0.466667
0.482353
0.717647
0.647059
0.435294
0.403922
0.650980
0.909804
0.682353
0.545098
0.305882
0.227451
0.207843
0.207843
0.211765
0.207843
0.215686
0.231373
0.243137
0.250980
0.258824
0.266667
0.313725
0.321569
0.537255
0.674510
0.639216
0.647059
0.670588
0.737255
0.811765
0.713725
0.545098
0.541176
0.372549
0.223529
0.364706
0.615686
0.768627
0.843137
0.854902
0.843137
0.592157
0.227451
0.235294
0.215686
0.215686
0.219608
0.223529
0.239216
0.258824
0.274510
0.278431
0.305882
0.396078
0.392157
0.666667
0.725490
0.709804
0.752941
0.803922
0.800000
0.776471
0.901961
0.835294
0.784314
0.517647
0.619608
0.835294
0.901961
0.901961
0.905882
0.858824
0.725490
0.568627
0.266667
0.223529
0.223529
0.223529
0.243137
0.247059
0.262745
0.294118
0.321569
0.321569
0.337255
0.447059
0.364706
0.764706
0.858824
0.862745
0.905882
0.933333
0.949020
0.960784
0.964706
0.968627
0.937255
0.921569
0.913725
0.921569
0.917647
0.913725
0.831373
0.615686
0.384314
0.313725
0.254902
0.231373
0.247059
0.243137
0.235294
0.239216
0.262745
0.329412
0.403922
0.368627
0.345098
0.278431
0.313725
0.788235
0.952941
0.964706
0.964706
0.964706
0.968627
0.972549
0.960784
0.921569
0.874510
0.894118
0.929412
0.937255
0.901961
0.733333
0.498039
0.341176
0.380392
0.411765
0.290196
0.227451
0.239216
0.235294
0.239216
0.250980
0.368627
0.654902
0.745098
0.552941
0.172549
0.180392
0.650980
0.949020
0.968627
0.956863
0.960784
0.964706
0.949020
0.921569
0.886275
0.874510
0.913725
0.941176
0.925490
0.831373
0.639216
0.482353
0.458824
0.498039
0.458824
0.364706
0.262745
0.200000
0.211765
0.250980
0.286275
0.384314
0.772549
0.956863
0.980392
0.874510
0.266667
0.235294
0.784314
0.949020
0.968627
0.956863
0.945098
0.929412
0.901961
0.886275
0.905882
0.941176
0.937255
0.886275
0.725490
0.537255
0.509804
0.596078
0.568627
0.435294
0.301961
0.223529
0.200000
0.235294
0.254902
0.278431
0.313725
0.717647
0.956863
0.956863
0.956863
0.960784
0.537255
0.360784
0.913725
0.964706
0.945098
0.925490
0.901961
0.901961
0.929412
0.945098
0.945098
0.913725
0.800000
0.607843
0.509804
0.603922
0.654902
0.541176
0.364706
0.235294
0.180392
0.184314
0.184314
0.266667
0.290196
0.298039
0.509804
0.921569
0.956863
0.956863
0.960784
0.960784
0.772549
0.588235
0.941176
0.921569
0.925490
0.917647
0.921569
0.937255
0.937255
0.905882
0.835294
0.686275
0.556863
0.580392
0.658824
0.623529
0.458824
0.286275
0.200000
0.180392
0.172549
0.176471
0.188235
0.290196
0.321569
0.384314
0.792157
0.964706
0.968627
0.964706
0.949020
0.945098
0.874510
0.827451
0.913725
0.937255
0.949020
0.937255
0.933333
0.913725
0.847059
0.713725
0.584314
0.576471
0.654902
0.682353
0.560784
0.376471
0.243137
0.203922
0.215686
0.207843
0.188235
0.184314
0.200000
0.427451
0.486275
0.643137
0.937255
0.956863
0.925490
0.917647
0.913725
0.917647
0.917647
0.925490
0.933333
0.960784
0.945098
0.921569
0.843137
0.705882
0.607843
0.596078
0.643137
0.678431
0.596078
0.407843
0.317647
0.270588
0.250980
0.298039
0.282353
0.231373
0.211765
0.215686
0.211765
0.568627
0.647059
0.780392
0.878431
0.898039
0.901961
0.925490
0.952941
0.952941
0.960784
0.952941
0.945098
0.921569
0.827451
0.701961
0.600000
0.607843
0.662745
0.682353
0.611765
0.466667
0.364706
0.345098
0.341176
0.317647
0.376471
0.368627
0.290196
0.219608
0.188235
0.176471
0.188235
0.713725
0.760784
0.819608
0.901961
0.941176
0.956863
0.956863
0.960784
0.968627
0.949020
0.894118
0.807843
0.682353
0.596078
0.596078
0.643137
0.694118
0.654902
0.501961
0.400000
0.364706
0.415686
0.400000
0.376471
0.435294
0.431373
0.313725
0.258824
0.196078
0.176471
0.172549
0.180392
0.839216
0.831373
0.905882
0.949020
0.960784
0.949020
0.933333
0.886275
0.823529
0.729412
0.631373
0.588235
0.619608
0.686275
0.694118
0.623529
0.517647
0.419608
0.384314
0.466667
0.486275
0.400000
0.400000
0.494118
0.498039
0.329412
0.337255
0.274510
0.196078
0.196078
0.203922
0.200000
0.752941
0.796078
0.882353
0.870588
0.823529
0.756863
0.705882
0.647059
0.619608
0.619608
0.658824
0.682353
0.678431
0.600000
0.501961
0.415686
0.435294
0.521569
0.560784
0.478431
0.396078
0.415686
0.525490
0.533333
0.368627
0.364706
0.419608
0.247059
0.180392
0.168627
0.172549
0.203922
0.721569
0.733333
0.674510
0.650980
0.631373
0.643137
0.658824
0.705882
0.713725
0.701961
0.643137
0.545098
0.466667
0.407843
0.439216
0.525490
0.619608
0.572549
0.435294
0.372549
0.454902
0.549020
0.545098
0.384314
0.372549
0.443137
0.427451
0.207843
0.180392
0.152941
0.149020
0.176471
0.733333
0.713725
0.631373
0.705882
0.764706
0.772549
0.756863
0.713725
0.654902
0.537255
0.458824
0.450980
0.517647
0.627451
0.658824
0.596078
0.443137
0.372549
0.400000
0.513725
0.588235
0.505882
0.356863
0.384314
0.466667
0.513725
0.345098
0.219608
0.176471
0.180392
0.168627
0.180392
0.721569
0.725490
0.713725
0.686275
0.686275
0.666667
0.694118
0.701961
0.694118
0.698039
0.705882
0.701961
0.654902
0.521569
0.419608
0.380392
0.403922
0.494118
0.564706
0.517647
0.411765
0.356863
0.415686
0.501961
0.537255
0.403922
0.247059
0.196078
0.168627
0.160784
0.149020
0.176471
0.729412
0.741176
0.733333
0.694118
0.662745
0.682353
0.725490
0.788235
0.811765
0.772549
0.643137
0.478431
0.372549
0.364706
0.439216
0.549020
0.580392
0.525490
0.407843
0.329412
0.341176
0.423529
0.541176
0.556863
0.388235
0.329412
0.192157
0.164706
0.176471
0.152941
0.137255
0.141176
0.760784
0.745098
0.721569
0.709804
0.690196
0.686275
0.709804
0.725490
0.678431
0.560784
0.384314
0.380392
0.458824
0.552941
0.596078
0.498039
0.333333
0.270588
0.329412
0.427451
0.505882
0.560784
0.490196
0.337255
0.356863
0.258824
0.152941
0.145098
0.149020
0.133333
0.129412
0.125490
0.745098
0.713725
0.678431
0.643137
0.615686
0.600000
0.650980
0.674510
0.600000
0.501961
0.396078
0.372549
0.423529
0.407843
0.376471
0.333333
0.345098
0.411765
0.494118
0.498039
0.443137
0.356863
0.301961
0.341176
0.309804
0.133333
0.121569
0.149020
0.156863
0.156863
0.160784
0.156863
0.662745
0.650980
0.623529
0.576471
0.529412
0.513725
0.572549
0.513725
0.407843
0.333333
0.247059
0.254902
0.258824
0.258824
0.270588
0.290196
0.286275
0.274510
0.298039
0.258824
0.215686
0.250980
0.321569
0.313725
0.176471
0.145098
0.164706
0.176471
0.160784
0.152941
0.156863
0.149020
0.552941
0.537255
0.529412
0.494118
0.470588
0.392157
0.376471
0.282353
0.211765
0.192157
0.160784
0.133333
0.109804
0.141176
0.188235
0.145098
0.054902
0.070588
0.109804
0.113725
0.137255
0.160784
0.180392
0.164706
0.145098
0.184314
0.188235
0.149020
0.117647
0.121569
0.121569
0.117647
0.603922
0.584314
0.596078
0.603922
0.639216
0.678431
0.666667
0.647059
0.725490
0.756863
0.674510
0.662745
0.580392
0.360784
0.631373
0.698039
0.705882
0.698039
0.713725
0.705882
0.690196
0.686275
0.670588
0.690196
0.760784
0.800000
0.749020
0.698039
0.694118
0.682353
0.654902
0.647059
0.639216
0.635294
0.627451
0.631373
0.654902
0.658824
0.643137
0.643137
0.705882
0.733333
0.686275
0.690196
0.447059
0.321569
0.615686
0.690196
0.662745
0.627451
0.619608
0.635294
0.658824
0.666667
0.662745
0.674510
0.686275
0.690196
0.666667
0.643137
0.619608
0.580392
0.541176
0.529412
0.588235
0.529412
0.576471
0.615686
0.611765
0.580392
0.564706
0.564706
0.576471
0.576471
0.549020
0.545098
0.333333
0.286275
0.443137
0.498039
0.482353
0.462745
0.423529
0.392157
0.431373
0.478431
0.450980
0.450980
0.466667
0.466667
0.423529
0.372549
0.317647
0.254902
0.215686
0.215686
0.305882
0.227451
0.250980
0.274510
0.258824
0.223529
0.207843
0.219608
0.235294
0.219608
0.223529
0.211765
0.129412
0.196078
0.211765
0.266667
0.341176
0.388235
0.352941
0.231373
0.227451
0.305882
0.313725
0.211765
0.200000
0.164706
0.137255
0.121569
0.160784
0.168627
0.149020
0.184314
0.125490
0.149020
0.145098
0.105882
0.078431
0.058824
0.035294
0.054902
0.098039
0.137255
0.149020
0.152941
0.145098
0.145098
0.337255
0.576471
0.678431
0.584314
0.376471
0.231373
0.266667
0.333333
0.345098
0.207843
0.192157
0.172549
0.152941
0.141176
0.215686
0.250980
0.223529
0.278431
0.176471
0.215686
0.247059
0.211765
0.192157
0.219608
0.196078
0.215686
0.254902
0.301961
0.309804
0.309804
0.239216
0.466667
0.737255
0.819608
0.768627
0.615686
0.415686
0.376471
0.431373
0.450980
0.376471
0.286275
0.262745
0.286275
0.239216
0.211765
0.270588
0.298039
0.301961
0.301961
0.294118
0.278431
0.337255
0.341176
0.317647
0.321569
0.278431
0.333333
0.341176
0.321569
0.313725
0.317647
0.415686
0.764706
0.760784
0.717647
0.709804
0.600000
0.450980
0.450980
0.443137
0.447059
0.341176
0.321569
0.270588
0.282353
0.219608
0.207843
0.184314
0.188235
0.156863
0.168627
0.113725
0.066667
0.094118
0.121569
0.117647
0.105882
0.094118
0.149020
0.152941
0.125490
0.129412
0.160784
0.427451
0.694118
0.729412
0.737255
0.729412
0.580392
0.392157
0.360784
0.388235
0.415686
0.325490
0.227451
0.223529
0.376471
0.423529
0.203922
0.066667
0.047059
0.047059
0.082353
0.082353
0.086275
0.086275
0.113725
0.125490
0.125490
0.141176
0.160784
0.164706
0.168627
0.180392
0.215686
0.533333
0.717647
0.737255
0.741176
0.733333
0.607843
0.407843
0.427451
0.454902
0.470588
0.478431
0.564706
0.674510
0.792157
0.886275
0.749020
0.305882
0.192157
0.172549
0.188235
0.231373
0.243137
0.247059
0.274510
0.282353
0.294118
0.309804
0.321569
0.329412
0.325490
0.337255
0.376471
0.694118
0.725490
0.713725
0.733333
0.729412
0.690196
0.666667
0.541176
0.521569
0.525490
0.776471
0.717647
0.513725
0.462745
0.705882
0.956863
0.741176
0.607843
0.372549
0.286275
0.254902
0.254902
0.258824
0.266667
0.274510
0.290196
0.301961
0.313725
0.329412
0.333333
0.384314
0.388235
0.584314
0.729412
0.721569
0.749020
0.764706
0.811765
0.874510
0.772549
0.592157
0.584314
0.423529
0.290196
0.435294
0.674510
0.827451
0.905882
0.921569
0.913725
0.658824
0.290196
0.282353
0.262745
0.262745
0.274510
0.286275
0.301961
0.321569
0.337255
0.341176
0.372549
0.462745
0.454902
0.705882
0.768627
0.776471
0.843137
0.882353
0.866667
0.831373
0.945098
0.874510
0.819608
0.560784
0.674510
0.890196
0.960784
0.960784
0.972549
0.929412
0.796078
0.635294
0.325490
0.270588
0.270588
0.270588
0.298039
0.305882
0.321569
0.352941
0.384314
0.384314
0.403922
0.509804
0.423529
0.796078
0.894118
0.917647
0.968627
0.988235
0.992157
0.992157
0.996078
1.000000
0.968627
0.952941
0.952941
0.960784
0.968627
0.972549
0.898039
0.690196
0.458824
0.380392
0.317647
0.278431
0.294118
0.290196
0.286275
0.298039
0.317647
0.388235
0.462745
0.427451
0.403922
0.337255
0.368627
0.815686
0.980392
1.000000
1.000000
1.000000
1.000000
1.000000
0.984314
0.952941
0.905882
0.921569
0.960784
0.968627
0.949020
0.788235
0.560784
0.411765
0.450980
0.478431
0.352941
0.274510
0.286275
0.282353
0.286275
0.305882
0.419608
0.701961
0.796078
0.600000
0.223529
0.231373
0.698039
0.964706
0.992157
0.988235
1.000000
1.000000
0.988235
0.952941
0.913725
0.901961
0.945098
0.968627
0.945098
0.847059
0.670588
0.525490
0.517647
0.568627
0.525490
0.431373
0.321569
0.247059
0.258824
0.298039
0.329412
0.427451
0.815686
0.992157
1.000000
0.913725
0.305882
0.278431
0.819608
0.972549
0.992157
0.984314
0.980392
0.968627
0.945098
0.925490
0.933333
0.968627
0.976471
0.913725
0.745098
0.552941
0.533333
0.627451
0.615686
0.494118
0.368627
0.290196
0.262745
0.282353
0.301961
0.321569
0.356863
0.756863
0.992157
0.988235
0.984314
0.984314
0.572549
0.396078
0.941176
0.992157
0.972549
0.952941
0.929412
0.941176
0.972549
0.984314
0.972549
0.941176
0.843137
0.639216
0.529412
0.615686
0.670588
0.564706
0.403922
0.286275
0.243137
0.250980
0.247059
0.317647
0.345098
0.349020
0.556863
0.960784
0.988235
0.992157
0.992157
0.992157
0.807843
0.627451
0.972549
0.952941
0.956863
0.949020
0.952941
0.972549
0.972549
0.945098
0.862745
0.713725
0.596078
0.611765
0.674510
0.627451
0.470588
0.305882
0.239216
0.231373
0.235294
0.239216
0.247059
0.360784
0.388235
0.443137
0.839216
0.996078
1.000000
0.992157
0.980392
0.984314
0.921569
0.882353
0.964706
0.964706
0.980392
0.976471
0.980392
0.949020
0.866667
0.733333
0.600000
0.588235
0.666667
0.690196
0.564706
0.376471
0.258824
0.227451
0.250980
0.258824
0.239216
0.239216
0.250980
0.501961
0.552941
0.705882
0.976471
0.988235
0.956863
0.941176
0.937255
0.956863
0.960784
0.972549
0.980392
0.984314
0.976471
0.960784
0.890196
0.733333
0.619608
0.607843
0.654902
0.690196
0.600000
0.411765
0.313725
0.266667
0.266667
0.321569
0.321569
0.282353
0.262745
0.262745
0.258824
0.643137
0.713725
0.835294
0.925490
0.937255
0.933333
0.945098
0.968627
0.980392
0.992157
0.984314
0.980392
0.937255
0.843137
0.725490
0.631373
0.627451
0.670588
0.690196
0.619608
0.474510
0.368627
0.345098
0.337255
0.313725
0.392157
0.392157
0.329412
0.270588
0.239216
0.223529
0.235294
0.784314
0.823529
0.874510
0.941176
0.972549
0.984314
0.972549
0.972549
0.984314
0.968627
0.917647
0.831373
0.690196
0.600000
0.611765
0.662745
0.701961
0.654902
0.501961
0.400000
0.364706
0.415686
0.396078
0.368627
0.423529
0.443137
0.337255
0.301961
0.250980
0.227451
0.219608
0.227451
0.901961
0.886275
0.956863
0.992157
0.992157
0.972549
0.949020
0.898039
0.839216
0.752941
0.658824
0.615686
0.619608
0.686275
0.701961
0.635294
0.521569
0.415686
0.380392
0.462745
0.482353
0.396078
0.392157
0.482353
0.482353
0.341176
0.360784
0.313725
0.250980
0.247059
0.250980
0.247059
0.815686
0.850980
0.929412
0.905882
0.850980
0.776471
0.713725
0.654902
0.639216
0.643137
0.686275
0.709804
0.674510
0.592157
0.498039
0.415686
0.431373
0.517647
0.556863
0.474510
0.392157
0.415686
0.517647
0.521569
0.360784
0.372549
0.443137
0.286275
0.235294
0.219608
0.219608
0.250980
0.780392
0.784314
0.717647
0.682353
0.654902
0.654902
0.662745
0.709804
0.725490
0.717647
0.662745
0.564706
0.458824
0.396078
0.431373
0.517647
0.611765
0.564706
0.423529
0.360784
0.443137
0.541176
0.537255
0.368627
0.352941
0.450980
0.450980
0.247059
0.231373
0.207843
0.196078
0.223529
0.792157
0.760784
0.666667
0.733333
0.784314
0.784314
0.756863
0.709804
0.643137
0.529412
0.450980
0.447059
0.509804
0.615686
0.647059
0.584314
0.427451
0.349020
0.376471
0.494118
0.568627
0.494118
0.341176
0.364706
0.443137
0.521569
0.372549
0.258824
0.231373
0.231373
0.215686
0.227451
0.776471
0.772549
0.749020
0.709804
0.701961
0.678431
0.694118
0.686275
0.658824
0.662745
0.674510
0.678431
0.643137
0.513725
0.407843
0.364706
0.384314
0.470588
0.541176
0.494118
0.392157
0.341176
0.396078
0.478431
0.513725
0.415686
0.270588
0.239216
0.219608
0.215686
0.196078
0.223529
0.788235
0.796078
0.784314
0.733333
0.690196
0.701961
0.733333
0.780392
0.784314
0.749020
0.623529
0.458824
0.352941
0.341176
0.415686
0.525490
0.556863
0.501961
0.384314
0.305882
0.321569
0.407843
0.525490
0.541176
0.376471
0.352941
0.223529
0.207843
0.227451
0.203922
0.184314
0.188235
0.831373
0.815686
0.792157
0.764706
0.733333
0.717647
0.725490
0.733333
0.682353
0.564706
0.388235
0.384314
0.423529
0.513725
0.556863
0.458824
0.305882
0.250980
0.309804
0.407843
0.486275
0.545098
0.482353
0.333333
0.360784
0.294118
0.196078
0.192157
0.196078
0.180392
0.176471
0.172549
0.815686
0.784314
0.749020
0.701961
0.658824
0.631373
0.670588
0.682353
0.600000
0.501961
0.396078
0.368627
0.400000
0.380392
0.349020
0.305882
0.325490
0.403922
0.482353
0.486275
0.431373
0.349020
0.301961
0.349020
0.325490
0.176471
0.168627
0.196078
0.203922
0.203922
0.207843
0.203922
0.729412
0.717647
0.690196
0.635294
0.568627
0.541176
0.588235
0.521569
0.403922
0.329412
0.247059
0.250980
0.247059
0.247059
0.258824
0.278431
0.282353
0.274510
0.298039
0.258824
0.215686
0.254902
0.337255
0.337255
0.211765
0.192157
0.211765
0.223529
0.207843
0.200000
0.203922
0.196078
0.615686
0.600000
0.588235
0.545098
0.509804
0.419608
0.392157
0.286275
0.203922
0.184314
0.156863
0.125490
0.105882
0.137255
0.184314
0.141176
0.058824
0.074510
0.113725
0.121569
0.145098
0.184314
0.211765
0.207843
0.192157
0.231373
0.235294
0.196078
0.164706
0.168627
0.168627
0.164706
