0.588235
0.643137
0.721569
0.694118
0.682353
0.690196
0.705882
0.721569
0.760784
0.760784
0.776471
0.803922
0.823529
0.823529
0.784314
0.811765
0.819608
0.858824
0.839216
0.827451
0.882353
0.823529
0.729412
0.674510
0.607843
0.694118
0.811765
0.772549
0.733333
0.686275
0.729412
0.705882
0.560784
0.603922
0.670588
0.619608
0.607843
0.686275
0.682353
0.643137
0.647059
0.627451
0.643137
0.631373
0.643137
0.670588
0.662745
0.694118
0.764706
0.835294
0.760784
0.698039
0.733333
0.596078
0.490196
0.478431
0.403922
0.498039
0.615686
0.674510
0.666667
0.647059
0.682353
0.694118
0.556863
0.572549
0.580392
0.501961
0.501961
0.580392
0.596078
0.572549
0.564706
0.572549
0.619608
0.568627
0.576471
0.635294
0.650980
0.690196
0.701961
0.694118
0.643137
0.588235
0.513725
0.364706
0.313725
0.282353
0.301961
0.364706
0.435294
0.600000
0.643137
0.623529
0.619608
0.647059
0.537255
0.501961
0.494118
0.513725
0.533333
0.552941
0.596078
0.596078
0.560784
0.505882
0.498039
0.517647
0.549020
0.600000
0.623529
0.541176
0.458824
0.447059
0.384314
0.337255
0.325490
0.266667
0.223529
0.207843
0.215686
0.258824
0.372549
0.513725
0.592157
0.635294
0.619608
0.588235
0.662745
0.568627
0.560784
0.615686
0.650980
0.607843
0.576471
0.584314
0.525490
0.505882
0.435294
0.321569
0.333333
0.364706
0.380392
0.337255
0.317647
0.309804
0.278431
0.258824
0.294118
0.219608
0.184314
0.196078
0.200000
0.203922
0.278431
0.439216
0.588235
0.631373
0.658824
0.643137
0.776471
0.709804
0.643137
0.654902
0.615686
0.600000
0.560784
0.552941
0.541176
0.545098
0.454902
0.301961
0.219608
0.243137
0.266667
0.258824
0.239216
0.196078
0.164706
0.180392
0.211765
0.180392
0.188235
0.211765
0.200000
0.219608
0.301961
0.470588
0.596078
0.643137
0.701961
0.752941
0.717647
0.721569
0.635294
0.643137
0.639216
0.650980
0.694118
0.658824
0.584314
0.525490
0.423529
0.349020
0.254902
0.254902
0.274510
0.274510
0.172549
0.133333
0.109804
0.125490
0.145098
0.129412
0.109804
0.145098
0.168627
0.247059
0.478431
0.596078
0.627451
0.650980
0.670588
0.698039
0.690196
0.666667
0.596078
0.600000
0.682353
0.658824
0.725490
0.686275
0.600000
0.498039
0.450980
0.364706
0.254902
0.278431
0.282353
0.305882
0.180392
0.101961
0.164706
0.176471
0.160784
0.125490
0.098039
0.117647
0.129412
0.239216
0.564706
0.647059
0.666667
0.623529
0.611765
0.666667
0.756863
0.674510
0.666667
0.627451
0.658824
0.619608
0.631373
0.643137
0.564706
0.494118
0.439216
0.298039
0.298039
0.286275
0.262745
0.270588
0.196078
0.133333
0.184314
0.188235
0.231373
0.200000
0.188235
0.152941
0.156863
0.184314
0.431373
0.647059
0.639216
0.631373
0.643137
0.678431
0.815686
0.737255
0.678431
0.713725
0.682353
0.627451
0.603922
0.603922
0.517647
0.482353
0.384314
0.294118
0.372549
0.317647
0.243137
0.254902
0.211765
0.192157
0.156863
0.180392
0.321569
0.325490
0.247059
0.203922
0.200000
0.192157
0.262745
0.560784
0.635294
0.619608
0.627451
0.639216
0.807843
0.792157
0.603922
0.584314
0.698039
0.737255
0.666667
0.564706
0.513725
0.517647
0.462745
0.462745
0.458824
0.431373
0.439216
0.447059
0.380392
0.223529
0.184314
0.231373
0.407843
0.396078
0.254902
0.223529
0.219608
0.203922
0.211765
0.415686
0.603922
0.658824
0.650980
0.607843
0.776471
0.807843
0.682353
0.537255
0.647059
0.776471
0.654902
0.564706
0.627451
0.592157
0.517647
0.537255
0.490196
0.466667
0.564706
0.619608
0.482353
0.360784
0.349020
0.372549
0.443137
0.396078
0.313725
0.274510
0.203922
0.196078
0.196078
0.262745
0.541176
0.631373
0.568627
0.533333
0.752941
0.756863
0.815686
0.843137
0.721569
0.623529
0.564706
0.603922
0.607843
0.545098
0.584314
0.517647
0.466667
0.439216
0.505882
0.435294
0.368627
0.368627
0.364706
0.435294
0.341176
0.247059
0.243137
0.235294
0.172549
0.188235
0.192157
0.164706
0.470588
0.643137
0.615686
0.643137
0.823529
0.847059
0.827451
0.756863
0.584314
0.439216
0.427451
0.474510
0.431373
0.400000
0.447059
0.400000
0.352941
0.403922
0.403922
0.313725
0.290196
0.317647
0.317647
0.352941
0.309804
0.176471
0.168627
0.176471
0.160784
0.156863
0.145098
0.109804
0.443137
0.705882
0.709804
0.717647
0.854902
0.862745
0.709804
0.572549
0.478431
0.372549
0.290196
0.243137
0.223529
0.243137
0.298039
0.345098
0.384314
0.372549
0.380392
0.349020
0.301961
0.309804
0.294118
0.349020
0.376471
0.313725
0.207843
0.176471
0.172549
0.145098
0.121569
0.137255
0.427451
0.631373
0.701961
0.745098
0.866667
0.819608
0.541176
0.407843
0.349020
0.317647
0.294118
0.286275
0.290196
0.345098
0.392157
0.447059
0.517647
0.454902
0.423529
0.474510
0.415686
0.364706
0.376471
0.482353
0.454902
0.427451
0.301961
0.211765
0.203922
0.176471
0.149020
0.172549
0.313725
0.552941
0.721569
0.780392
0.784314
0.796078
0.741176
0.666667
0.627451
0.627451
0.635294
0.615686
0.556863
0.533333
0.517647
0.443137
0.419608
0.396078
0.431373
0.505882
0.443137
0.431373
0.443137
0.552941
0.525490
0.462745
0.356863
0.290196
0.270588
0.211765
0.184314
0.152941
0.223529
0.498039
0.717647
0.705882
0.807843
0.858824
0.811765
0.737255
0.690196
0.733333
0.745098
0.690196
0.631373
0.674510
0.674510
0.584314
0.545098
0.478431
0.356863
0.345098
0.403922
0.427451
0.490196
0.584314
0.549020
0.525490
0.474510
0.427451
0.384314
0.290196
0.200000
0.180392
0.207843
0.411765
0.650980
0.686275
0.745098
0.764706
0.694118
0.654902
0.647059
0.705882
0.733333
0.635294
0.615686
0.701961
0.658824
0.627451
0.725490
0.690196
0.525490
0.400000
0.411765
0.494118
0.611765
0.639216
0.647059
0.623529
0.588235
0.509804
0.427451
0.352941
0.196078
0.180392
0.188235
0.341176
0.592157
0.701961
0.615686
0.627451
0.627451
0.670588
0.682353
0.682353
0.752941
0.678431
0.600000
0.650980
0.643137
0.650980
0.721569
0.694118
0.635294
0.560784
0.513725
0.603922
0.717647
0.729412
0.792157
0.752941
0.650980
0.474510
0.419608
0.360784
0.215686
0.176471
0.160784
0.258824
0.458824
0.639216
0.674510
0.670588
0.615686
0.682353
0.678431
0.654902
0.725490
0.705882
0.631373
0.650980
0.678431
0.650980
0.615686
0.658824
0.678431
0.607843
0.611765
0.698039
0.760784
0.807843
0.800000
0.764706
0.670588
0.458824
0.325490
0.349020
0.247059
0.176471
0.196078
0.258824
0.435294
0.619608
0.615686
0.654902
0.639216
0.662745
0.611765
0.635294
0.678431
0.647059
0.619608
0.701961
0.729412
0.658824
0.623529
0.698039
0.717647
0.654902
0.627451
0.725490
0.823529
0.858824
0.796078
0.760784
0.682353
0.509804
0.356863
0.321569
0.309804
0.219608
0.176471
0.227451
0.427451
0.560784
0.627451
0.592157
0.572549
0.588235
0.576471
0.600000
0.643137
0.658824
0.678431
0.701961
0.631373
0.635294
0.721569
0.701961
0.682353
0.670588
0.662745
0.741176
0.788235
0.819608
0.831373
0.776471
0.654902
0.501961
0.372549
0.321569
0.376471
0.317647
0.231373
0.247059
0.364706
0.490196
0.627451
0.607843
0.607843
0.592157
0.603922
0.600000
0.631373
0.670588
0.682353
0.654902
0.631373
0.662745
0.662745
0.717647
0.803922
0.760784
0.713725
0.745098
0.772549
0.803922
0.827451
0.792157
0.690196
0.509804
0.384314
0.368627
0.360784
0.352941
0.274510
0.192157
0.290196
0.466667
0.658824
0.647059
0.647059
0.619608
0.635294
0.658824
0.639216
0.619608
0.611765
0.619608
0.662745
0.705882
0.631373
0.713725
0.803922
0.741176
0.713725
0.749020
0.749020
0.811765
0.835294
0.745098
0.678431
0.549020
0.427451
0.411765
0.443137
0.443137
0.321569
0.207843
0.290196
0.462745
0.623529
0.584314
0.600000
0.650980
0.619608
0.670588
0.654902
0.623529
0.643137
0.615686
0.627451
0.639216
0.666667
0.741176
0.725490
0.741176
0.807843
0.803922
0.803922
0.858824
0.800000
0.705882
0.572549
0.501961
0.501961
0.474510
0.501961
0.490196
0.388235
0.266667
0.278431
0.388235
0.517647
0.560784
0.627451
0.647059
0.603922
0.603922
0.619608
0.580392
0.588235
0.568627
0.588235
0.584314
0.647059
0.674510
0.690196
0.788235
0.882353
0.882353
0.890196
0.894118
0.886275
0.737255
0.533333
0.568627
0.627451
0.615686
0.603922
0.580392
0.537255
0.305882
0.254902
0.364706
0.537255
0.576471
0.592157
0.572549
0.662745
0.627451
0.541176
0.525490
0.521569
0.529412
0.584314
0.552941
0.517647
0.588235
0.619608
0.807843
0.882353
0.933333
0.917647
0.913725
0.913725
0.749020
0.580392
0.647059
0.768627
0.717647
0.533333
0.611765
0.584314
0.376471
0.274510
0.356863
0.580392
0.588235
0.584314
0.611765
0.662745
0.580392
0.454902
0.474510
0.549020
0.568627
0.619608
0.552941
0.482353
0.521569
0.549020
0.729412
0.843137
0.917647
0.901961
0.886275
0.858824
0.658824
0.549020
0.650980
0.705882
0.623529
0.454902
0.509804
0.560784
0.439216
0.337255
0.349020
0.623529
0.643137
0.603922
0.584314
0.588235
0.572549
0.525490
0.576471
0.623529
0.564706
0.588235
0.556863
0.564706
0.592157
0.552941
0.729412
0.815686
0.796078
0.815686
0.843137
0.658824
0.403922
0.407843
0.611765
0.607843
0.556863
0.513725
0.533333
0.607843
0.450980
0.309804
0.388235
0.592157
0.600000
0.603922
0.572549
0.545098
0.580392
0.600000
0.654902
0.647059
0.556863
0.549020
0.592157
0.611765
0.647059
0.576471
0.690196
0.764706
0.776471
0.772549
0.701961
0.545098
0.345098
0.431373
0.658824
0.670588
0.545098
0.466667
0.513725
0.603922
0.490196
0.313725
0.223529
0.525490
0.556863
0.607843
0.537255
0.564706
0.603922
0.627451
0.670588
0.654902
0.568627
0.521569
0.603922
0.568627
0.584314
0.592157
0.690196
0.800000
0.847059
0.819608
0.666667
0.525490
0.400000
0.580392
0.752941
0.654902
0.568627
0.513725
0.494118
0.619608
0.584314
0.458824
0.227451
0.549020
0.607843
0.686275
0.650980
0.623529
0.623529
0.631373
0.643137
0.682353
0.682353
0.694118
0.725490
0.752941
0.752941
0.713725
0.737255
0.733333
0.772549
0.752941
0.745098
0.807843
0.756863
0.666667
0.623529
0.564706
0.650980
0.760784
0.713725
0.670588
0.627451
0.666667
0.631373
0.541176
0.588235
0.654902
0.596078
0.576471
0.643137
0.627451
0.584314
0.596078
0.576471
0.596078
0.580392
0.592157
0.619608
0.615686
0.639216
0.690196
0.756863
0.682353
0.619608
0.670588
0.545098
0.447059
0.443137
0.376471
0.470588
0.576471
0.631373
0.623529
0.611765
0.639216
0.639216
0.529412
0.545098
0.545098
0.482353
0.490196
0.552941
0.556863
0.537255
0.541176
0.549020
0.600000
0.541176
0.541176
0.600000
0.623529
0.658824
0.654902
0.647059
0.592157
0.533333
0.486275
0.356863
0.309804
0.290196
0.305882
0.352941
0.411765
0.572549
0.619608
0.603922
0.592157
0.603922
0.525490
0.466667
0.466667
0.525490
0.560784
0.576471
0.611765
0.603922
0.564706
0.505882
0.494118
0.505882
0.537255
0.588235
0.611765
0.525490
0.447059
0.435294
0.372549
0.325490
0.325490
0.274510
0.235294
0.223529
0.231373
0.266667
0.376471
0.509804
0.592157
0.639216
0.639216
0.592157
0.674510
0.537255
0.541176
0.639216
0.694118
0.650980
0.619608
0.615686
0.537255
0.509804
0.435294
0.317647
0.333333
0.360784
0.376471
0.333333
0.317647
0.313725
0.282353
0.262745
0.298039
0.227451
0.192157
0.200000
0.211765
0.227451
0.294118
0.454902
0.600000
0.639216
0.682353
0.650980
0.788235
0.670588
0.603922
0.654902
0.635294
0.619608
0.580392
0.572549
0.556863
0.549020
0.454902
0.301961
0.223529
0.247059
0.270588
0.262745
0.243137
0.200000
0.172549
0.184314
0.219608
0.188235
0.196078
0.215686
0.215686
0.243137
0.329412
0.494118
0.611765
0.650980
0.698039
0.733333
0.764706
0.709804
0.607843
0.635294
0.639216
0.654902
0.694118
0.662745
0.596078
0.529412
0.423529
0.345098
0.243137
0.243137
0.266667
0.266667
0.176471
0.141176
0.117647
0.129412
0.152941
0.137255
0.117647
0.152941
0.184314
0.274510
0.513725
0.627451
0.658824
0.682353
0.670588
0.682353
0.756863
0.690196
0.596078
0.588235
0.666667
0.650980
0.717647
0.682353
0.596078
0.482353
0.435294
0.345098
0.223529
0.243137
0.247059
0.278431
0.176471
0.105882
0.172549
0.192157
0.172549
0.129412
0.101961
0.121569
0.145098
0.270588
0.600000
0.682353
0.701961
0.658824
0.627451
0.678431
0.776471
0.698039
0.682353
0.623529
0.647059
0.615686
0.639216
0.647059
0.545098
0.462745
0.403922
0.274510
0.278431
0.258824
0.231373
0.235294
0.184314
0.129412
0.184314
0.200000
0.239216
0.200000
0.188235
0.152941
0.164706
0.211765
0.462745
0.690196
0.682353
0.654902
0.670588
0.721569
0.788235
0.737255
0.701961
0.733333
0.698039
0.647059
0.623529
0.611765
0.501961
0.462745
0.360784
0.282353
0.372549
0.317647
0.211765
0.192157
0.176471
0.188235
0.160784
0.176471
0.317647
0.325490
0.247059
0.203922
0.203922
0.203922
0.290196
0.615686
0.705882
0.670588
0.682353
0.709804
0.796078
0.803922
0.635294
0.631373
0.756863
0.784314
0.698039
0.572549
0.505882
0.513725
0.458824
0.447059
0.447059
0.427451
0.388235
0.333333
0.309804
0.219608
0.200000
0.219608
0.396078
0.396078
0.254902
0.223529
0.219608
0.203922
0.231373
0.470588
0.690196
0.737255
0.737255
0.705882
0.807843
0.839216
0.705882
0.596078
0.725490
0.831373
0.682353
0.568627
0.611765
0.580392
0.509804
0.517647
0.454902
0.443137
0.498039
0.490196
0.396078
0.345098
0.356863
0.349020
0.423529
0.396078
0.313725
0.274510
0.196078
0.188235
0.207843
0.309804
0.615686
0.721569
0.666667
0.639216
0.768627
0.760784
0.835294
0.890196
0.764706
0.639216
0.560784
0.592157
0.592157
0.533333
0.568627
0.505882
0.447059
0.423529
0.486275
0.411765
0.337255
0.341176
0.345098
0.411765
0.329412
0.247059
0.243137
0.235294
0.172549
0.192157
0.219608
0.192157
0.490196
0.678431
0.658824
0.690196
0.811765
0.831373
0.835294
0.764706
0.572549
0.415686
0.396078
0.458824
0.435294
0.403922
0.454902
0.403922
0.349020
0.403922
0.403922
0.313725
0.290196
0.313725
0.313725
0.349020
0.309804
0.176471
0.168627
0.176471
0.156863
0.160784
0.172549
0.133333
0.439216
0.662745
0.674510
0.701961
0.803922
0.811765
0.686275
0.556863
0.450980
0.349020
0.270588
0.231373
0.223529
0.243137
0.301961
0.345098
0.368627
0.352941
0.364706
0.333333
0.298039
0.305882
0.290196
0.345098
0.376471
0.317647
0.211765
0.180392
0.172549
0.149020
0.152941
0.160784
0.415686
0.572549
0.643137
0.698039
0.788235
0.752941
0.505882
0.400000
0.345098
0.317647
0.294118
0.274510
0.262745
0.321569
0.368627
0.419608
0.478431
0.415686
0.388235
0.439216
0.388235
0.341176
0.349020
0.458824
0.447059
0.431373
0.305882
0.215686
0.203922
0.180392
0.172549
0.196078
0.313725
0.529412
0.682353
0.717647
0.694118
0.717647
0.698039
0.627451
0.584314
0.576471
0.580392
0.560784
0.505882
0.486275
0.466667
0.396078
0.384314
0.368627
0.415686
0.494118
0.415686
0.400000
0.411765
0.521569
0.494118
0.439216
0.341176
0.282353
0.262745
0.207843
0.192157
0.164706
0.231373
0.490196
0.705882
0.686275
0.721569
0.760784
0.725490
0.666667
0.611765
0.650980
0.650980
0.607843
0.580392
0.619608
0.619608
0.533333
0.509804
0.450980
0.341176
0.337255
0.376471
0.388235
0.454902
0.545098
0.505882
0.490196
0.447059
0.407843
0.368627
0.278431
0.200000
0.188235
0.215686
0.407843
0.662745
0.717647
0.674510
0.670588
0.603922
0.584314
0.576471
0.627451
0.643137
0.556863
0.564706
0.650980
0.607843
0.576471
0.678431
0.650980
0.498039
0.380392
0.376471
0.447059
0.564706
0.592157
0.596078
0.580392
0.552941
0.482353
0.407843
0.345098
0.196078
0.188235
0.200000
0.345098
0.611765
0.741176
0.564706
0.572549
0.596078
0.647059
0.643137
0.635294
0.694118
0.619608
0.549020
0.600000
0.592157
0.600000
0.666667
0.643137
0.600000
0.529412
0.466667
0.549020
0.662745
0.674510
0.733333
0.698039
0.607843
0.439216
0.396078
0.352941
0.219608
0.180392
0.180392
0.282353
0.470588
0.627451
0.631373
0.623529
0.607843
0.698039
0.686275
0.643137
0.694118
0.658824
0.588235
0.623529
0.647059
0.596078
0.564706
0.623529
0.658824
0.588235
0.568627
0.639216
0.694118
0.737255
0.733333
0.709804
0.623529
0.419608
0.298039
0.333333
0.247059
0.180392
0.207843
0.278431
0.431373
0.576471
0.556863
0.584314
0.596078
0.650980
0.596078
0.607843
0.639216
0.600000
0.592157
0.698039
0.713725
0.619608
0.603922
0.690196
0.721569
0.658824
0.588235
0.662745
0.749020
0.776471
0.721569
0.705882
0.635294
0.466667
0.325490
0.305882
0.301961
0.219608
0.180392
0.235294
0.411765
0.517647
0.568627
0.541176
0.517647
0.537255
0.525490
0.556863
0.603922
0.627451
0.670588
0.713725
0.639216
0.623529
0.717647
0.701961
0.690196
0.678431
0.627451
0.674510
0.717647
0.737255
0.752941
0.709804
0.596078
0.450980
0.329412
0.294118
0.356863
0.305882
0.231373
0.254902
0.352941
0.447059
0.611765
0.603922
0.580392
0.545098
0.564706
0.576471
0.627451
0.670588
0.690196
0.682353
0.654902
0.666667
0.639216
0.694118
0.788235
0.749020
0.670588
0.682353
0.701961
0.721569
0.745098
0.717647
0.627451
0.450980
0.333333
0.329412
0.333333
0.333333
0.262745
0.196078
0.274510
0.423529
0.698039
0.705882
0.674510
0.635294
0.662745
0.686275
0.674510
0.643137
0.635294
0.682353
0.725490
0.737255
0.615686
0.682353
0.784314
0.717647
0.647059
0.666667
0.662745
0.725490
0.741176
0.666667
0.615686
0.490196
0.368627
0.368627
0.411765
0.423529
0.317647
0.211765
0.278431
0.427451
0.721569
0.694118
0.690196
0.745098
0.725490
0.760784
0.733333
0.678431
0.709804
0.737255
0.752941
0.725490
0.709804
0.756863
0.737255
0.721569
0.705882
0.690196
0.698039
0.764706
0.709804
0.635294
0.525490
0.443137
0.431373
0.411765
0.454902
0.466667
0.380392
0.270588
0.274510
0.376471
0.647059
0.694118
0.752941
0.776471
0.737255
0.733333
0.749020
0.698039
0.713725
0.725490
0.741176
0.705882
0.733333
0.745098
0.725490
0.756863
0.784314
0.776471
0.796078
0.811765
0.796078
0.662745
0.478431
0.509804
0.552941
0.533333
0.537255
0.529412
0.509804
0.305882
0.254902
0.372549
0.658824
0.690196
0.721569
0.705882
0.796078
0.772549
0.698039
0.686275
0.686275
0.686275
0.729412
0.686275
0.654902
0.725490
0.678431
0.764706
0.788235
0.839216
0.835294
0.839216
0.831373
0.670588
0.525490
0.584314
0.690196
0.631373
0.466667
0.560784
0.552941
0.376471
0.274510
0.376471
0.690196
0.682353
0.701961
0.733333
0.788235
0.721569
0.611765
0.639216
0.705882
0.705882
0.745098
0.686275
0.647059
0.690196
0.623529
0.682353
0.749020
0.831373
0.823529
0.815686
0.780392
0.588235
0.494118
0.588235
0.631373
0.549020
0.400000
0.470588
0.537255
0.431373
0.337255
0.376471
0.760784
0.772549
0.737255
0.725490
0.733333
0.721569
0.678431
0.721569
0.760784
0.701961
0.733333
0.701961
0.705882
0.737255
0.627451
0.698039
0.733333
0.705882
0.729412
0.752941
0.592157
0.368627
0.372549
0.549020
0.529412
0.490196
0.458824
0.490196
0.576471
0.443137
0.309804
0.415686
0.741176
0.749020
0.749020
0.721569
0.698039
0.737255
0.756863
0.803922
0.784314
0.698039
0.701961
0.745098
0.745098
0.768627
0.631373
0.654902
0.686275
0.690196
0.686275
0.615686
0.478431
0.309804
0.392157
0.592157
0.592157
0.478431
0.407843
0.470588
0.568627
0.474510
0.309804
0.243137
0.698039
0.721569
0.772549
0.701961
0.733333
0.772549
0.800000
0.831373
0.800000
0.721569
0.686275
0.764706
0.701961
0.678431
0.615686
0.650980
0.733333
0.772549
0.745098
0.588235
0.458824
0.356863
0.541176
0.686275
0.576471
0.501961
0.454902
0.450980
0.580392
0.556863
0.443137
0.235294
0.482353
0.525490
0.588235
0.576471
0.564706
0.560784
0.560784
0.564706
0.600000
0.600000
0.611765
0.643137
0.658824
0.643137
0.611765
0.662745
0.654902
0.678431
0.654902
0.635294
0.713725
0.682353
0.600000
0.560784
0.513725
0.596078
0.682353
0.631373
0.596078
0.533333
0.572549
0.541176
0.466667
0.501961
0.556863
0.513725
0.509804
0.580392
0.572549
0.525490
0.517647
0.501961
0.517647
0.505882
0.517647
0.521569
0.509804
0.556863
0.619608
0.686275
0.615686
0.552941
0.627451
0.517647
0.423529
0.431373
0.364706
0.458824
0.552941
0.584314
0.552941
0.517647
0.545098
0.549020
0.435294
0.470588
0.490196
0.415686
0.411765
0.494118
0.517647
0.486275
0.466667
0.470588
0.521569
0.470588
0.482353
0.509804
0.513725
0.568627
0.607843
0.619608
0.576471
0.529412
0.486275
0.356863
0.321569
0.309804
0.317647
0.349020
0.407843
0.525490
0.533333
0.529412
0.521569
0.541176
0.384314
0.415686
0.423529
0.415686
0.427451
0.443137
0.498039
0.498039
0.466667
0.439216
0.450980
0.466667
0.470588
0.513725
0.537255
0.470588
0.447059
0.454902
0.396078
0.352941
0.345098
0.290196
0.250980
0.243137
0.235294
0.262745
0.372549
0.458824
0.486275
0.521569
0.513725
0.498039
0.454902
0.439216
0.443137
0.474510
0.509804
0.450980
0.435294
0.454902
0.411765
0.447059
0.403922
0.298039
0.333333
0.372549
0.396078
0.364706
0.345098
0.337255
0.309804
0.290196
0.313725
0.235294
0.200000
0.207843
0.211765
0.211765
0.266667
0.380392
0.470588
0.478431
0.517647
0.525490
0.560784
0.556863
0.517647
0.498039
0.443137
0.415686
0.392157
0.400000
0.419608
0.470588
0.403922
0.270588
0.231373
0.258824
0.282353
0.270588
0.250980
0.211765
0.180392
0.192157
0.219608
0.184314
0.192157
0.215686
0.207843
0.211765
0.254902
0.368627
0.450980
0.478431
0.541176
0.603922
0.517647
0.568627
0.517647
0.498039
0.470588
0.466667
0.525490
0.509804
0.474510
0.462745
0.388235
0.317647
0.215686
0.207843
0.219608
0.215686
0.152941
0.129412
0.105882
0.117647
0.137255
0.121569
0.101961
0.137255
0.172549
0.231373
0.392157
0.450980
0.462745
0.482353
0.509804
0.541176
0.466667
0.482353
0.462745
0.450980
0.517647
0.501961
0.584314
0.556863
0.505882
0.458824
0.431373
0.333333
0.211765
0.211765
0.207843
0.243137
0.156863
0.098039
0.156863
0.168627
0.152941
0.117647
0.090196
0.109804
0.129412
0.223529
0.486275
0.509804
0.505882
0.478431
0.478431
0.525490
0.541176
0.494118
0.537255
0.486275
0.501961
0.486275
0.513725
0.525490
0.474510
0.458824
0.407843
0.250980
0.258824
0.223529
0.203922
0.231373
0.168627
0.125490
0.192157
0.192157
0.227451
0.200000
0.188235
0.152941
0.156863
0.172549
0.384314
0.533333
0.474510
0.486275
0.513725
0.533333
0.611765
0.545098
0.517647
0.580392
0.545098
0.486275
0.474510
0.498039
0.443137
0.443137
0.345098
0.250980
0.352941
0.290196
0.188235
0.180392
0.133333
0.156863
0.164706
0.188235
0.321569
0.325490
0.247059
0.203922
0.203922
0.192157
0.231373
0.443137
0.447059
0.435294
0.447059
0.450980
0.607843
0.584314
0.411765
0.443137
0.560784
0.584314
0.545098
0.501961
0.494118
0.505882
0.450980
0.443137
0.447059
0.407843
0.329412
0.250980
0.250980
0.188235
0.188235
0.211765
0.392157
0.396078
0.254902
0.223529
0.215686
0.211765
0.215686
0.345098
0.439216
0.454902
0.435294
0.400000
0.572549
0.592157
0.466667
0.349020
0.474510
0.639216
0.588235
0.564706
0.647059
0.603922
0.529412
0.545098
0.474510
0.427451
0.419608
0.368627
0.352941
0.329412
0.329412
0.317647
0.411765
0.400000
0.313725
0.278431
0.196078
0.200000
0.227451
0.243137
0.423529
0.435294
0.356863
0.333333
0.517647
0.513725
0.568627
0.584314
0.537255
0.576471
0.600000
0.643137
0.627451
0.564706
0.603922
0.533333
0.450980
0.419608
0.474510
0.396078
0.329412
0.313725
0.305882
0.392157
0.329412
0.250980
0.247059
0.239216
0.172549
0.196078
0.215686
0.156863
0.388235
0.486275
0.462745
0.509804
0.572549
0.603922
0.607843
0.603922
0.509804
0.423529
0.427451
0.474510
0.443137
0.407843
0.458824
0.411765
0.356863
0.411765
0.411765
0.317647
0.274510
0.282353
0.278431
0.325490
0.298039
0.172549
0.164706
0.168627
0.149020
0.156863
0.160784
0.101961
0.380392
0.588235
0.600000
0.631373
0.643137
0.674510
0.596078
0.541176
0.474510
0.360784
0.258824
0.207843
0.200000
0.223529
0.278431
0.325490
0.372549
0.356863
0.368627
0.333333
0.274510
0.282353
0.270588
0.317647
0.352941
0.298039
0.192157
0.164706
0.149020
0.129412
0.141176
0.137255
0.368627
0.501961
0.560784
0.603922
0.643137
0.631373
0.450980
0.384314
0.325490
0.278431
0.247059
0.227451
0.223529
0.282353
0.329412
0.384314
0.458824
0.396078
0.364706
0.415686
0.356863
0.325490
0.345098
0.431373
0.415686
0.407843
0.282353
0.196078
0.176471
0.152941
0.160784
0.180392
0.278431
0.454902
0.596078
0.623529
0.560784
0.584314
0.564706
0.556863
0.541176
0.517647
0.505882
0.494118
0.462745
0.439216
0.423529
0.352941
0.333333
0.313725
0.356863
0.435294
0.372549
0.368627
0.384314
0.486275
0.462745
0.415686
0.321569
0.266667
0.247059
0.184314
0.176471
0.156863
0.219608
0.450980
0.615686
0.556863
0.615686
0.650980
0.600000
0.588235
0.568627
0.588235
0.572549
0.533333
0.525490
0.568627
0.564706
0.482353
0.450980
0.388235
0.274510
0.270588
0.333333
0.352941
0.415686
0.509804
0.474510
0.458824
0.423529
0.392157
0.352941
0.262745
0.184314
0.180392
0.223529
0.392157
0.552941
0.513725
0.596078
0.592157
0.513725
0.501961
0.505882
0.552941
0.560784
0.482353
0.498039
0.588235
0.541176
0.513725
0.623529
0.592157
0.435294
0.317647
0.325490
0.400000
0.521569
0.545098
0.556863
0.545098
0.521569
0.458824
0.388235
0.329412
0.180392
0.180392
0.203922
0.337255
0.509804
0.537255
0.505882
0.505882
0.513725
0.545098
0.541176
0.541176
0.603922
0.541176
0.474510
0.529412
0.521569
0.529412
0.611765
0.592157
0.541176
0.466667
0.411765
0.498039
0.611765
0.623529
0.686275
0.658824
0.572549
0.407843
0.372549
0.333333
0.203922
0.176471
0.180392
0.258824
0.400000
0.525490
0.556863
0.549020
0.490196
0.541176
0.541176
0.529412
0.611765
0.600000
0.525490
0.541176
0.576471
0.552941
0.505882
0.529412
0.545098
0.486275
0.498039
0.584314
0.643137
0.686275
0.686275
0.658824
0.568627
0.380392
0.274510
0.317647
0.235294
0.180392
0.211765
0.266667
0.403922
0.541176
0.494118
0.529412
0.498039
0.533333
0.494118
0.521569
0.568627
0.533333
0.494118
0.572549
0.603922
0.537255
0.486275
0.541176
0.568627
0.533333
0.513725
0.603922
0.694118
0.725490
0.670588
0.643137
0.564706
0.423529
0.301961
0.290196
0.290196
0.215686
0.188235
0.243137
0.400000
0.486275
0.521569
0.478431
0.447059
0.494118
0.486275
0.482353
0.505882
0.498039
0.513725
0.541176
0.458824
0.435294
0.517647
0.521569
0.533333
0.549020
0.549020
0.619608
0.662745
0.686275
0.701961
0.643137
0.521569
0.400000
0.301961
0.270588
0.341176
0.298039
0.227451
0.262745
0.341176
0.415686
0.501961
0.474510
0.466667
0.470588
0.482353
0.450980
0.462745
0.482353
0.501961
0.490196
0.431373
0.415686
0.407843
0.505882
0.623529
0.584314
0.580392
0.627451
0.647059
0.670588
0.690196
0.643137
0.545098
0.392157
0.298039
0.301961
0.309804
0.317647
0.254902
0.200000
0.262745
0.392157
0.498039
0.478431
0.462745
0.427451
0.443137
0.458824
0.435294
0.407843
0.403922
0.435294
0.443137
0.431373
0.364706
0.486275
0.552941
0.533333
0.564706
0.603922
0.600000
0.662745
0.678431
0.580392
0.529412
0.431373
0.333333
0.341176
0.388235
0.403922
0.309804
0.223529
0.274510
0.403922
0.427451
0.388235
0.376471
0.419608
0.392157
0.447059
0.435294
0.392157
0.407843
0.396078
0.384314
0.352941
0.419608
0.521569
0.439216
0.556863
0.643137
0.619608
0.623529
0.686275
0.623529
0.545098
0.447059
0.392157
0.400000
0.380392
0.427451
0.435294
0.360784
0.270588
0.274510
0.349020
0.309804
0.352941
0.407843
0.435294
0.403922
0.403922
0.423529
0.364706
0.356863
0.345098
0.349020
0.325490
0.435294
0.478431
0.462745
0.623529
0.721569
0.701961
0.717647
0.729412
0.709804
0.588235
0.427451
0.470588
0.505882
0.478431
0.486275
0.482353
0.466667
0.282353
0.243137
0.321569
0.309804
0.356863
0.388235
0.380392
0.474510
0.439216
0.352941
0.325490
0.309804
0.313725
0.356863
0.333333
0.345098
0.423529
0.466667
0.670588
0.717647
0.756863
0.752941
0.756863
0.737255
0.607843
0.501961
0.556863
0.639216
0.572549
0.411765
0.509804
0.505882
0.356863
0.278431
0.321569
0.356863
0.372549
0.396078
0.431373
0.474510
0.384314
0.262745
0.274510
0.337255
0.352941
0.403922
0.360784
0.333333
0.376471
0.439216
0.607843
0.678431
0.749020
0.745098
0.733333
0.690196
0.529412
0.482353
0.568627
0.588235
0.505882
0.356863
0.431373
0.498039
0.427451
0.364706
0.341176
0.431373
0.458824
0.431373
0.415686
0.411765
0.384314
0.333333
0.360784
0.384314
0.345098
0.396078
0.380392
0.392157
0.450980
0.443137
0.619608
0.662745
0.635294
0.670588
0.701961
0.529412
0.301961
0.325490
0.521569
0.505882
0.458824
0.423529
0.454902
0.533333
0.411765
0.317647
0.396078
0.427451
0.450980
0.458824
0.415686
0.372549
0.396078
0.411765
0.454902
0.439216
0.364706
0.384314
0.439216
0.447059
0.509804
0.470588
0.592157
0.627451
0.627451
0.635294
0.572549
0.435294
0.262745
0.352941
0.568627
0.568627
0.447059
0.372549
0.431373
0.525490
0.443137
0.305882
0.227451
0.376471
0.415686
0.474510
0.392157
0.400000
0.431373
0.447059
0.490196
0.482353
0.403922
0.368627
0.454902
0.427451
0.450980
0.486275
0.611765
0.682353
0.717647
0.698039
0.552941
0.439216
0.333333
0.509804
0.658824
0.549020
0.470588
0.423529
0.411765
0.545098
0.537255
0.435294
0.227451
