0.262745
0.254902
0.266667
0.278431
0.282353
0.294118
0.290196
0.333333
0.345098
0.337255
0.345098
0.356863
0.372549
0.380392
0.380392
0.388235
0.407843
0.415686
0.392157
0.419608
0.407843
0.423529
0.474510
0.478431
0.470588
0.474510
0.470588
0.470588
0.501961
0.494118
0.494118
0.501961
0.254902
0.250980
0.262745
0.278431
0.286275
0.282353
0.239216
0.325490
0.380392
0.356863
0.364706
0.372549
0.380392
0.376471
0.380392
0.400000
0.415686
0.411765
0.380392
0.368627
0.376471
0.396078
0.447059
0.466667
0.458824
0.450980
0.450980
0.482353
0.517647
0.509804
0.517647
0.521569
0.262745
0.250980
0.266667
0.290196
0.298039
0.266667
0.235294
0.321569
0.431373
0.321569
0.337255
0.376471
0.376471
0.376471
0.388235
0.392157
0.356863
0.372549
0.349020
0.333333
0.349020
0.333333
0.360784
0.384314
0.411765
0.427451
0.439216
0.486275
0.509804
0.509804
0.517647
0.521569
0.258824
0.247059
0.262745
0.282353
0.270588
0.215686
0.250980
0.301961
0.380392
0.317647
0.341176
0.407843
0.415686
0.396078
0.403922
0.372549
0.333333
0.384314
0.380392
0.400000
0.372549
0.352941
0.403922
0.388235
0.368627
0.384314
0.419608
0.466667
0.494118
0.501961
0.513725
0.509804
0.247059
0.250980
0.235294
0.203922
0.211765
0.207843
0.227451
0.325490
0.337255
0.333333
0.333333
0.427451
0.498039
0.411765
0.364706
0.392157
0.396078
0.403922
0.392157
0.392157
0.337255
0.364706
0.435294
0.400000
0.368627
0.388235
0.419608
0.435294
0.450980
0.478431
0.490196
0.501961
0.258824
0.223529
0.172549
0.196078
0.231373
0.176471
0.168627
0.270588
0.352941
0.337255
0.356863
0.462745
0.478431
0.454902
0.392157
0.392157
0.388235
0.376471
0.380392
0.368627
0.329412
0.352941
0.392157
0.368627
0.360784
0.380392
0.423529
0.415686
0.403922
0.443137
0.482353
0.498039
0.243137
0.192157
0.196078
0.223529
0.298039
0.192157
0.113725
0.184314
0.301961
0.317647
0.345098
0.458824
0.482353
0.505882
0.470588
0.431373
0.392157
0.388235
0.396078
0.372549
0.360784
0.364706
0.380392
0.352941
0.345098
0.349020
0.372549
0.368627
0.352941
0.380392
0.447059
0.490196
0.223529
0.196078
0.262745
0.298039
0.356863
0.278431
0.105882
0.164706
0.286275
0.317647
0.262745
0.313725
0.427451
0.447059
0.454902
0.486275
0.427451
0.423529
0.423529
0.407843
0.388235
0.403922
0.360784
0.333333
0.341176
0.321569
0.321569
0.321569
0.329412
0.345098
0.368627
0.407843
0.219608
0.184314
0.192157
0.333333
0.458824
0.435294
0.211765
0.211765
0.325490
0.325490
0.223529
0.219608
0.286275
0.337255
0.372549
0.431373
0.454902
0.450980
0.435294
0.439216
0.423529
0.403922
0.368627
0.337255
0.329412
0.305882
0.298039
0.305882
0.325490
0.337255
0.337255
0.337255
0.207843
0.203922
0.176471
0.203922
0.333333
0.462745
0.380392
0.235294
0.262745
0.258824
0.270588
0.305882
0.250980
0.329412
0.325490
0.341176
0.439216
0.478431
0.462745
0.474510
0.454902
0.396078
0.388235
0.333333
0.333333
0.329412
0.301961
0.305882
0.321569
0.321569
0.325490
0.329412
0.203922
0.207843
0.211765
0.203922
0.192157
0.243137
0.317647
0.282353
0.258824
0.254902
0.243137
0.286275
0.278431
0.333333
0.337255
0.349020
0.396078
0.388235
0.372549
0.403922
0.372549
0.329412
0.282353
0.243137
0.274510
0.313725
0.360784
0.384314
0.325490
0.321569
0.317647
0.317647
0.203922
0.203922
0.211765
0.223529
0.243137
0.250980
0.215686
0.223529
0.231373
0.250980
0.250980
0.301961
0.352941
0.317647
0.305882
0.317647
0.352941
0.345098
0.337255
0.364706
0.329412
0.274510
0.235294
0.207843
0.227451
0.278431
0.337255
0.376471
0.294118
0.309804
0.309804
0.305882
0.203922
0.203922
0.203922
0.211765
0.231373
0.270588
0.305882
0.247059
0.176471
0.207843
0.196078
0.298039
0.423529
0.286275
0.298039
0.290196
0.329412
0.345098
0.349020
0.341176
0.333333
0.294118
0.235294
0.207843
0.192157
0.231373
0.270588
0.301961
0.278431
0.282353
0.298039
0.301961
0.203922
0.203922
0.200000
0.211765
0.211765
0.211765
0.250980
0.294118
0.329412
0.317647
0.152941
0.133333
0.313725
0.235294
0.274510
0.282353
0.278431
0.309804
0.341176
0.349020
0.325490
0.290196
0.262745
0.211765
0.156863
0.160784
0.231373
0.301961
0.286275
0.231373
0.286275
0.301961
0.203922
0.200000
0.203922
0.207843
0.207843
0.207843
0.207843
0.239216
0.309804
0.360784
0.258824
0.129412
0.203922
0.219608
0.258824
0.274510
0.294118
0.294118
0.329412
0.341176
0.333333
0.290196
0.243137
0.192157
0.172549
0.168627
0.207843
0.239216
0.239216
0.235294
0.278431
0.286275
0.203922
0.203922
0.200000
0.192157
0.196078
0.215686
0.250980
0.235294
0.301961
0.423529
0.380392
0.227451
0.215686
0.282353
0.298039
0.258824
0.274510
0.294118
0.305882
0.301961
0.294118
0.262745
0.207843
0.172549
0.145098
0.168627
0.200000
0.180392
0.184314
0.274510
0.286275
0.286275
0.207843
0.215686
0.203922
0.141176
0.129412
0.164706
0.239216
0.333333
0.345098
0.352941
0.392157
0.294118
0.231373
0.278431
0.282353
0.262745
0.286275
0.298039
0.305882
0.278431
0.247059
0.231373
0.184314
0.145098
0.160784
0.211765
0.172549
0.156863
0.211765
0.298039
0.262745
0.254902
0.207843
0.219608
0.207843
0.192157
0.239216
0.329412
0.447059
0.454902
0.372549
0.333333
0.411765
0.305882
0.211765
0.215686
0.207843
0.239216
0.290196
0.360784
0.372549
0.274510
0.247059
0.219608
0.149020
0.164706
0.274510
0.286275
0.203922
0.305882
0.325490
0.290196
0.200000
0.172549
0.215686
0.219608
0.203922
0.278431
0.478431
0.560784
0.450980
0.286275
0.341176
0.262745
0.364706
0.301961
0.254902
0.262745
0.231373
0.247059
0.274510
0.329412
0.396078
0.341176
0.290196
0.215686
0.184314
0.298039
0.325490
0.250980
0.356863
0.392157
0.266667
0.184314
0.160784
0.156863
0.203922
0.203922
0.192157
0.203922
0.207843
0.207843
0.203922
0.262745
0.231373
0.078431
0.203922
0.231373
0.313725
0.321569
0.254902
0.282353
0.352941
0.325490
0.325490
0.341176
0.266667
0.235294
0.305882
0.325490
0.278431
0.333333
0.384314
0.247059
0.180392
0.125490
0.125490
0.137255
0.200000
0.200000
0.188235
0.168627
0.168627
0.180392
0.184314
0.211765
0.090196
0.058824
0.129412
0.211765
0.309804
0.317647
0.227451
0.278431
0.443137
0.392157
0.329412
0.294118
0.258824
0.294118
0.345098
0.282353
0.258824
0.305882
0.262745
0.160784
0.137255
0.105882
0.105882
0.105882
0.196078
0.188235
0.184314
0.184314
0.176471
0.149020
0.117647
0.094118
0.066667
0.066667
0.078431
0.200000
0.345098
0.333333
0.243137
0.298039
0.470588
0.454902
0.384314
0.282353
0.239216
0.290196
0.313725
0.266667
0.266667
0.200000
0.188235
0.152941
0.098039
0.098039
0.086275
0.129412
0.176471
0.168627
0.160784
0.160784
0.137255
0.109804
0.078431
0.050980
0.050980
0.054902
0.078431
0.192157
0.301961
0.325490
0.274510
0.286275
0.462745
0.494118
0.388235
0.270588
0.254902
0.258824
0.262745
0.223529
0.207843
0.172549
0.172549
0.133333
0.082353
0.117647
0.082353
0.184314
0.160784
0.145098
0.133333
0.121569
0.109804
0.117647
0.172549
0.113725
0.074510
0.082353
0.145098
0.211765
0.223529
0.203922
0.239216
0.266667
0.400000
0.423529
0.294118
0.258824
0.345098
0.286275
0.207843
0.176471
0.156863
0.160784
0.121569
0.086275
0.082353
0.098039
0.109804
0.231373
0.129412
0.121569
0.121569
0.129412
0.121569
0.113725
0.188235
0.254902
0.200000
0.164706
0.168627
0.160784
0.176471
0.129412
0.141176
0.196078
0.286275
0.317647
0.235294
0.239216
0.325490
0.282353
0.200000
0.129412
0.117647
0.121569
0.090196
0.094118
0.117647
0.074510
0.149020
0.235294
0.109804
0.105882
0.125490
0.192157
0.215686
0.227451
0.254902
0.290196
0.231373
0.156863
0.145098
0.141176
0.137255
0.121569
0.090196
0.098039
0.152941
0.184314
0.145098
0.156863
0.250980
0.239216
0.192157
0.160784
0.141176
0.109804
0.101961
0.125490
0.117647
0.070588
0.133333
0.211765
0.105882
0.105882
0.113725
0.152941
0.235294
0.254902
0.235294
0.290196
0.207843
0.117647
0.101961
0.086275
0.070588
0.070588
0.047059
0.043137
0.058824
0.066667
0.070588
0.121569
0.207843
0.192157
0.180392
0.164706
0.101961
0.101961
0.141176
0.109804
0.066667
0.066667
0.137255
0.215686
0.105882
0.101961
0.105882
0.113725
0.137255
0.156863
0.180392
0.196078
0.149020
0.086275
0.054902
0.043137
0.035294
0.035294
0.043137
0.054902
0.074510
0.101961
0.149020
0.211765
0.250980
0.168627
0.117647
0.098039
0.101961
0.152941
0.109804
0.058824
0.031373
0.113725
0.211765
0.235294
0.101961
0.101961
0.101961
0.113725
0.145098
0.203922
0.203922
0.098039
0.066667
0.078431
0.074510
0.082353
0.070588
0.062745
0.086275
0.129412
0.180392
0.188235
0.203922
0.211765
0.176471
0.129412
0.109804
0.145098
0.176471
0.094118
0.050980
0.054902
0.113725
0.227451
0.247059
0.235294
0.121569
0.117647
0.109804
0.133333
0.192157
0.176471
0.137255
0.109804
0.109804
0.113725
0.105882
0.101961
0.094118
0.113725
0.149020
0.180392
0.192157
0.176471
0.176471
0.125490
0.113725
0.137255
0.125490
0.117647
0.082353
0.047059
0.070588
0.145098
0.223529
0.262745
0.239216
0.243137
0.149020
0.137255
0.129412
0.137255
0.156863
0.149020
0.141176
0.133333
0.133333
0.129412
0.121569
0.105882
0.098039
0.113725
0.137255
0.149020
0.160784
0.172549
0.156863
0.129412
0.129412
0.121569
0.090196
0.078431
0.090196
0.121569
0.168627
0.223529
0.258824
0.266667
0.262745
0.258824
0.168627
0.164706
0.160784
0.152941
0.168627
0.172549
0.164706
0.156863
0.160784
0.168627
0.168627
0.156863
0.156863
0.172549
0.168627
0.192157
0.196078
0.176471
0.145098
0.145098
0.125490
0.113725
0.133333
0.149020
0.176471
0.196078
0.219608
0.239216
0.262745
0.270588
0.290196
0.270588
0.368627
0.380392
0.388235
0.396078
0.400000
0.407843
0.392157
0.423529
0.443137
0.450980
0.450980
0.458824
0.470588
0.478431
0.482353
0.494118
0.513725
0.525490
0.494118
0.517647
0.505882
0.517647
0.572549
0.576471
0.572549
0.576471
0.572549
0.568627
0.592157
0.584314
0.584314
0.588235
0.376471
0.388235
0.396078
0.403922
0.411765
0.396078
0.333333
0.392157
0.443137
0.435294
0.447059
0.462745
0.474510
0.486275
0.498039
0.513725
0.521569
0.513725
0.478431
0.466667
0.474510
0.494118
0.545098
0.568627
0.560784
0.552941
0.552941
0.580392
0.607843
0.600000
0.607843
0.615686
0.384314
0.388235
0.396078
0.403922
0.419608
0.372549
0.313725
0.368627
0.470588
0.376471
0.400000
0.450980
0.466667
0.482353
0.505882
0.498039
0.458824
0.466667
0.443137
0.431373
0.447059
0.431373
0.458824
0.486275
0.513725
0.529412
0.541176
0.588235
0.603922
0.603922
0.611765
0.615686
0.376471
0.372549
0.372549
0.376471
0.368627
0.301961
0.313725
0.337255
0.407843
0.368627
0.396078
0.466667
0.478431
0.470588
0.490196
0.458824
0.427451
0.478431
0.474510
0.494118
0.466667
0.450980
0.501961
0.490196
0.474510
0.490196
0.525490
0.568627
0.588235
0.596078
0.607843
0.603922
0.352941
0.360784
0.325490
0.274510
0.270588
0.266667
0.282353
0.364706
0.372549
0.380392
0.376471
0.462745
0.521569
0.439216
0.411765
0.454902
0.478431
0.501961
0.490196
0.490196
0.435294
0.462745
0.533333
0.505882
0.474510
0.494118
0.529412
0.537255
0.545098
0.572549
0.584314
0.596078
0.360784
0.325490
0.258824
0.266667
0.286275
0.223529
0.207843
0.301961
0.388235
0.372549
0.380392
0.478431
0.474510
0.450980
0.403922
0.423529
0.447059
0.454902
0.458824
0.447059
0.411765
0.439216
0.482353
0.474510
0.470588
0.486275
0.529412
0.521569
0.505882
0.541176
0.576471
0.588235
0.352941
0.305882
0.305882
0.333333
0.388235
0.250980
0.141176
0.211765
0.333333
0.341176
0.356863
0.462745
0.478431
0.498039
0.462745
0.439216
0.415686
0.423529
0.431373
0.411765
0.411765
0.419608
0.443137
0.454902
0.450980
0.454902
0.474510
0.474510
0.470588
0.486275
0.541176
0.568627
0.329412
0.313725
0.380392
0.419608
0.470588
0.356863
0.152941
0.215686
0.337255
0.349020
0.286275
0.325490
0.431373
0.439216
0.447059
0.486275
0.439216
0.443137
0.435294
0.419608
0.415686
0.435294
0.400000
0.415686
0.439216
0.431373
0.435294
0.439216
0.443137
0.450980
0.466667
0.494118
0.329412
0.301961
0.309804
0.458824
0.588235
0.537255
0.290196
0.301961
0.411765
0.376471
0.262745
0.243137
0.290196
0.337255
0.372549
0.431373
0.458824
0.458824
0.431373
0.435294
0.431373
0.415686
0.388235
0.400000
0.415686
0.411765
0.419608
0.431373
0.431373
0.439216
0.439216
0.435294
0.317647
0.313725
0.290196
0.329412
0.466667
0.572549
0.482353
0.356863
0.376471
0.337255
0.325490
0.341176
0.262745
0.329412
0.325490
0.337255
0.431373
0.470588
0.447059
0.462745
0.454902
0.400000
0.400000
0.376471
0.396078
0.411765
0.403922
0.411765
0.419608
0.423529
0.431373
0.439216
0.309804
0.309804
0.317647
0.321569
0.317647
0.345098
0.415686
0.407843
0.388235
0.352941
0.317647
0.333333
0.294118
0.337255
0.337255
0.341176
0.380392
0.364706
0.356863
0.400000
0.376471
0.337255
0.298039
0.274510
0.317647
0.364706
0.423529
0.454902
0.419608
0.427451
0.423529
0.431373
0.305882
0.305882
0.313725
0.333333
0.352941
0.341176
0.309804
0.345098
0.360784
0.360784
0.337255
0.352941
0.376471
0.325490
0.301961
0.301961
0.325490
0.305882
0.325490
0.368627
0.337255
0.294118
0.258824
0.231373
0.250980
0.301961
0.360784
0.419608
0.384314
0.411765
0.419608
0.423529
0.309804
0.305882
0.309804
0.317647
0.333333
0.368627
0.407843
0.341176
0.262745
0.286275
0.266667
0.352941
0.466667
0.305882
0.294118
0.282353
0.317647
0.333333
0.341176
0.345098
0.341176
0.309804
0.258824
0.231373
0.211765
0.247059
0.282353
0.325490
0.337255
0.372549
0.415686
0.419608
0.317647
0.313725
0.313725
0.317647
0.313725
0.321569
0.360784
0.364706
0.372549
0.356863
0.200000
0.184314
0.368627
0.262745
0.274510
0.286275
0.282353
0.321569
0.337255
0.345098
0.329412
0.301961
0.286275
0.239216
0.180392
0.184314
0.254902
0.325490
0.325490
0.313725
0.403922
0.415686
0.313725
0.309804
0.313725
0.317647
0.317647
0.321569
0.313725
0.317647
0.360784
0.400000
0.298039
0.176471
0.250980
0.243137
0.262745
0.278431
0.298039
0.298039
0.325490
0.337255
0.337255
0.301961
0.266667
0.219608
0.200000
0.196078
0.235294
0.274510
0.294118
0.325490
0.392157
0.403922
0.313725
0.313725
0.309804
0.301961
0.301961
0.317647
0.337255
0.301961
0.352941
0.454902
0.415686
0.266667
0.254902
0.305882
0.309804
0.262745
0.274510
0.294118
0.298039
0.298039
0.294118
0.274510
0.231373
0.203922
0.176471
0.200000
0.231373
0.223529
0.250980
0.356863
0.388235
0.396078
0.317647
0.325490
0.313725
0.250980
0.223529
0.239216
0.290196
0.380392
0.384314
0.376471
0.419608
0.317647
0.258824
0.309804
0.305882
0.274510
0.282353
0.282353
0.290196
0.270588
0.250980
0.243137
0.211765
0.184314
0.200000
0.254902
0.207843
0.203922
0.278431
0.364706
0.337255
0.349020
0.317647
0.329412
0.321569
0.298039
0.309804
0.364706
0.462745
0.470588
0.392157
0.352941
0.431373
0.325490
0.231373
0.247059
0.243137
0.254902
0.282353
0.337255
0.352941
0.274510
0.250980
0.231373
0.176471
0.207843
0.317647
0.329412
0.247059
0.356863
0.388235
0.333333
0.243137
0.239216
0.325490
0.329412
0.313725
0.380392
0.537255
0.576471
0.443137
0.278431
0.349020
0.282353
0.384314
0.321569
0.270588
0.298039
0.266667
0.258824
0.262745
0.301961
0.376471
0.333333
0.290196
0.231373
0.215686
0.345098
0.372549
0.298039
0.403922
0.443137
0.317647
0.211765
0.188235
0.207843
0.317647
0.313725
0.301961
0.309804
0.290196
0.270588
0.243137
0.286275
0.266667
0.129412
0.247059
0.266667
0.345098
0.356863
0.290196
0.294118
0.345098
0.301961
0.290196
0.313725
0.266667
0.262745
0.349020
0.368627
0.317647
0.376471
0.427451
0.290196
0.219608
0.172549
0.184314
0.215686
0.313725
0.309804
0.298039
0.278431
0.270588
0.274510
0.266667
0.282353
0.164706
0.141176
0.196078
0.258824
0.337255
0.345098
0.250980
0.282353
0.427451
0.364706
0.290196
0.262745
0.258824
0.325490
0.396078
0.329412
0.301961
0.349020
0.305882
0.200000
0.176471
0.164706
0.184314
0.196078
0.305882
0.298039
0.294118
0.294118
0.286275
0.262745
0.227451
0.207843
0.180392
0.172549
0.160784
0.250980
0.364706
0.349020
0.254902
0.290196
0.443137
0.415686
0.352941
0.262745
0.247059
0.321569
0.356863
0.313725
0.313725
0.247059
0.235294
0.196078
0.145098
0.160784
0.168627
0.223529
0.290196
0.278431
0.270588
0.270588
0.250980
0.227451
0.203922
0.184314
0.184314
0.176471
0.164706
0.239216
0.317647
0.337255
0.286275
0.274510
0.431373
0.458824
0.368627
0.266667
0.266667
0.290196
0.305882
0.274510
0.262745
0.227451
0.223529
0.188235
0.137255
0.188235
0.164706
0.286275
0.270588
0.254902
0.243137
0.231373
0.223529
0.227451
0.278431
0.223529
0.180392
0.176471
0.215686
0.250980
0.231373
0.223529
0.258824
0.270588
0.384314
0.400000
0.290196
0.270588
0.364706
0.313725
0.247059
0.231373
0.215686
0.219608
0.184314
0.145098
0.145098
0.176471
0.200000
0.337255
0.243137
0.231373
0.231373
0.239216
0.219608
0.203922
0.262745
0.317647
0.262745
0.227451
0.219608
0.188235
0.184314
0.160784
0.188235
0.223529
0.290196
0.313725
0.247059
0.258824
0.349020
0.313725
0.239216
0.188235
0.180392
0.184314
0.152941
0.156863
0.184314
0.152941
0.247059
0.341176
0.223529
0.211765
0.235294
0.298039
0.298039
0.298039
0.305882
0.325490
0.262745
0.203922
0.180392
0.168627
0.156863
0.160784
0.141176
0.129412
0.172549
0.192157
0.172549
0.196078
0.290196
0.286275
0.243137
0.219608
0.203922
0.172549
0.168627
0.196078
0.200000
0.164706
0.235294
0.321569
0.215686
0.211765
0.223529
0.258824
0.309804
0.313725
0.286275
0.325490
0.247059
0.164706
0.149020
0.129412
0.109804
0.117647
0.094118
0.082353
0.086275
0.090196
0.117647
0.184314
0.270588
0.258824
0.243137
0.215686
0.156863
0.164706
0.211765
0.188235
0.164706
0.172549
0.247059
0.337255
0.215686
0.211765
0.215686
0.215686
0.215686
0.231373
0.247059
0.254902
0.207843
0.156863
0.121569
0.109804
0.101961
0.094118
0.094118
0.101961
0.113725
0.137255
0.200000
0.270588
0.309804
0.231373
0.180392
0.156863
0.160784
0.219608
0.188235
0.145098
0.133333
0.219608
0.321569
0.356863
0.215686
0.211765
0.211765
0.219608
0.239216
0.294118
0.294118
0.180392
0.156863
0.172549
0.160784
0.172549
0.156863
0.145098
0.156863
0.192157
0.231373
0.235294
0.250980
0.262745
0.227451
0.180392
0.164706
0.207843
0.247059
0.172549
0.137255
0.149020
0.207843
0.333333
0.356863
0.356863
0.235294
0.227451
0.219608
0.243137
0.290196
0.274510
0.239216
0.215686
0.215686
0.215686
0.207843
0.203922
0.196078
0.207843
0.231373
0.258824
0.258824
0.239216
0.231373
0.180392
0.172549
0.192157
0.184314
0.192157
0.164706
0.141176
0.172549
0.243137
0.317647
0.368627
0.349020
0.360784
0.262745
0.247059
0.239216
0.247059
0.247059
0.243137
0.243137
0.247059
0.243137
0.231373
0.223529
0.211765
0.203922
0.219608
0.231373
0.235294
0.243137
0.243137
0.231373
0.203922
0.200000
0.192157
0.160784
0.160784
0.184314
0.223529
0.278431
0.325490
0.345098
0.364706
0.368627
0.376471
0.282353
0.274510
0.270588
0.258824
0.250980
0.258824
0.262745
0.270588
0.270588
0.266667
0.266667
0.258824
0.262745
0.278431
0.274510
0.286275
0.282353
0.258824
0.231373
0.231373
0.211765
0.200000
0.215686
0.247059
0.278431
0.305882
0.337255
0.349020
0.352941
0.368627
0.396078
0.388235
0.427451
0.458824
0.470588
0.470588
0.482353
0.466667
0.431373
0.470588
0.521569
0.564706
0.572549
0.580392
0.600000
0.603922
0.603922
0.611765
0.631373
0.643137
0.607843
0.635294
0.623529
0.635294
0.690196
0.713725
0.713725
0.717647
0.713725
0.717647
0.749020
0.745098
0.741176
0.749020
0.450980
0.470588
0.474510
0.470588
0.474510
0.427451
0.337255
0.392157
0.478431
0.521569
0.549020
0.584314
0.611765
0.615686
0.619608
0.631373
0.639216
0.631373
0.596078
0.584314
0.592157
0.611765
0.666667
0.701961
0.701961
0.690196
0.694118
0.725490
0.764706
0.756863
0.764706
0.772549
0.470588
0.470588
0.462745
0.454902
0.454902
0.372549
0.278431
0.325490
0.447059
0.376471
0.431373
0.509804
0.549020
0.580392
0.607843
0.607843
0.568627
0.588235
0.564706
0.549020
0.564706
0.549020
0.580392
0.615686
0.647059
0.662745
0.670588
0.721569
0.749020
0.749020
0.756863
0.756863
0.462745
0.450980
0.419608
0.400000
0.372549
0.274510
0.254902
0.282353
0.345098
0.294118
0.349020
0.454902
0.490196
0.513725
0.552941
0.541176
0.525490
0.592157
0.592157
0.611765
0.584314
0.568627
0.615686
0.611765
0.596078
0.611765
0.647059
0.694118
0.721569
0.729412
0.741176
0.741176
0.439216
0.423529
0.349020
0.266667
0.258824
0.223529
0.215686
0.313725
0.317647
0.305882
0.321569
0.435294
0.521569
0.443137
0.423529
0.501961
0.568627
0.619608
0.611765
0.607843
0.552941
0.580392
0.650980
0.623529
0.592157
0.607843
0.643137
0.658824
0.678431
0.705882
0.717647
0.729412
0.427451
0.356863
0.254902
0.239216
0.258824
0.192157
0.168627
0.270588
0.352941
0.325490
0.349020
0.462745
0.482353
0.447059
0.392157
0.443137
0.505882
0.537255
0.552941
0.529412
0.482353
0.517647
0.576471
0.580392
0.576471
0.596078
0.639216
0.635294
0.627451
0.670588
0.709804
0.721569
0.392157
0.290196
0.262745
0.286275
0.352941
0.235294
0.141176
0.196078
0.294118
0.298039
0.325490
0.443137
0.470588
0.490196
0.450980
0.431373
0.407843
0.423529
0.454902
0.415686
0.384314
0.419608
0.494118
0.537255
0.545098
0.552941
0.576471
0.580392
0.580392
0.603922
0.666667
0.705882
0.360784
0.286275
0.325490
0.364706
0.423529
0.337255
0.145098
0.180392
0.278431
0.294118
0.243137
0.294118
0.411765
0.419608
0.419608
0.454902
0.403922
0.407843
0.427451
0.392157
0.360784
0.407843
0.423529
0.474510
0.509804
0.517647
0.537255
0.549020
0.556863
0.564706
0.580392
0.611765
0.352941
0.282353
0.262745
0.400000
0.529412
0.494118
0.254902
0.231373
0.325490
0.309804
0.207843
0.203922
0.266667
0.305882
0.329412
0.384314
0.411765
0.415686
0.403922
0.396078
0.376471
0.376471
0.392157
0.427451
0.458824
0.482353
0.509804
0.537255
0.545098
0.545098
0.537255
0.529412
0.345098
0.317647
0.266667
0.282353
0.415686
0.533333
0.431373
0.266667
0.274510
0.254902
0.258824
0.290196
0.227451
0.294118
0.278431
0.294118
0.384314
0.423529
0.407843
0.415686
0.403922
0.364706
0.384314
0.368627
0.403922
0.447059
0.466667
0.494118
0.513725
0.513725
0.517647
0.521569
0.356863
0.352941
0.329412
0.298039
0.286275
0.325490
0.380392
0.321569
0.274510
0.258824
0.239216
0.270588
0.254902
0.301961
0.301961
0.305882
0.349020
0.333333
0.317647
0.356863
0.341176
0.309804
0.274510
0.243137
0.294118
0.364706
0.439216
0.490196
0.478431
0.494118
0.501961
0.521569
0.372549
0.376471
0.356863
0.337255
0.352941
0.349020
0.290196
0.270588
0.254902
0.262745
0.254902
0.286275
0.325490
0.294118
0.282353
0.286275
0.313725
0.298039
0.294118
0.333333
0.317647
0.274510
0.231373
0.188235
0.207843
0.266667
0.329412
0.407843
0.403922
0.458824
0.494118
0.521569
0.372549
0.372549
0.360784
0.352941
0.364706
0.411765
0.435294
0.325490
0.219608
0.235294
0.211765
0.290196
0.400000
0.262745
0.274510
0.266667
0.301961
0.313725
0.313725
0.313725
0.317647
0.286275
0.227451
0.188235
0.168627
0.203922
0.243137
0.290196
0.329412
0.403922
0.482353
0.509804
0.364706
0.360784
0.360784
0.364706
0.364706
0.384314
0.419608
0.396078
0.380392
0.352941
0.172549
0.137255
0.298039
0.207843
0.243137
0.254902
0.250980
0.286275
0.309804
0.313725
0.298039
0.266667
0.247059
0.200000
0.141176
0.145098
0.215686
0.286275
0.309804
0.341176
0.470588
0.494118
0.364706
0.356863
0.360784
0.364706
0.364706
0.368627
0.356863
0.337255
0.360784
0.396078
0.278431
0.137255
0.196078
0.200000
0.231373
0.247059
0.266667
0.266667
0.294118
0.305882
0.305882
0.266667
0.227451
0.180392
0.160784
0.156863
0.196078
0.239216
0.286275
0.352941
0.450980
0.478431
0.364706
0.360784
0.356863
0.345098
0.345098
0.352941
0.360784
0.309804
0.352941
0.447059
0.400000
0.235294
0.215686
0.266667
0.274510
0.231373
0.243137
0.262745
0.266667
0.266667
0.262745
0.239216
0.196078
0.168627
0.141176
0.164706
0.196078
0.196078
0.247059
0.372549
0.427451
0.454902
0.364706
0.372549
0.360784
0.298039
0.266667
0.262745
0.301961
0.384314
0.384314
0.372549
0.407843
0.301961
0.239216
0.278431
0.266667
0.239216
0.254902
0.258824
0.266667
0.243137
0.219608
0.207843
0.172549
0.152941
0.172549
0.227451
0.180392
0.180392
0.266667
0.360784
0.349020
0.384314
0.368627
0.376471
0.368627
0.345098
0.352941
0.388235
0.462745
0.474510
0.396078
0.349020
0.423529
0.325490
0.227451
0.223529
0.200000
0.219608
0.254902
0.313725
0.329412
0.243137
0.219608
0.196078
0.137255
0.180392
0.294118
0.305882
0.223529
0.333333
0.356863
0.301961
0.223529
0.243137
0.372549
0.376471
0.360784
0.427451
0.588235
0.600000
0.443137
0.286275
0.356863
0.278431
0.380392
0.321569
0.278431
0.274510
0.223529
0.223529
0.235294
0.278431
0.349020
0.301961
0.258824
0.192157
0.176471
0.317647
0.349020
0.274510
0.380392
0.415686
0.278431
0.164706
0.149020
0.196078
0.364706
0.360784
0.349020
0.360784
0.345098
0.309804
0.262745
0.298039
0.278431
0.145098
0.254902
0.270588
0.345098
0.321569
0.243137
0.266667
0.321569
0.270588
0.250980
0.274510
0.223529
0.219608
0.309804
0.345098
0.301961
0.356863
0.407843
0.274510
0.211765
0.145098
0.152941
0.203922
0.360784
0.356863
0.345098
0.325490
0.317647
0.317647
0.301961
0.309804
0.192157
0.172549
0.215686
0.262745
0.325490
0.301961
0.207843
0.262745
0.411765
0.333333
0.250980
0.223529
0.215686
0.282353
0.356863
0.305882
0.286275
0.333333
0.290196
0.192157
0.184314
0.149020
0.164706
0.192157
0.352941
0.345098
0.341176
0.341176
0.329412
0.301961
0.266667
0.247059
0.227451
0.219608
0.188235
0.247059
0.341176
0.309804
0.219608
0.282353
0.435294
0.392157
0.317647
0.223529
0.207843
0.282353
0.321569
0.294118
0.298039
0.231373
0.219608
0.188235
0.145098
0.145098
0.152941
0.231373
0.337255
0.325490
0.317647
0.313725
0.290196
0.270588
0.247059
0.235294
0.235294
0.219608
0.188235
0.227451
0.278431
0.294118
0.258824
0.274510
0.435294
0.443137
0.333333
0.231373
0.231373
0.258824
0.278431
0.258824
0.243137
0.207843
0.207843
0.176471
0.133333
0.172549
0.160784
0.309804
0.321569
0.301961
0.290196
0.278431
0.262745
0.270588
0.321569
0.262745
0.215686
0.200000
0.219608
0.227451
0.188235
0.176471
0.239216
0.274510
0.388235
0.384314
0.258824
0.235294
0.337255
0.290196
0.227451
0.215686
0.196078
0.200000
0.160784
0.133333
0.133333
0.160784
0.200000
0.376471
0.290196
0.278431
0.278431
0.286275
0.270588
0.250980
0.294118
0.341176
0.266667
0.215686
0.192157
0.149020
0.133333
0.113725
0.160784
0.223529
0.290196
0.298039
0.211765
0.227451
0.321569
0.290196
0.219608
0.168627
0.160784
0.160784
0.129412
0.141176
0.168627
0.137255
0.250980
0.388235
0.270588
0.258824
0.282353
0.345098
0.345098
0.333333
0.321569
0.325490
0.247059
0.172549
0.156863
0.141176
0.125490
0.145098
0.141176
0.149020
0.188235
0.200000
0.160784
0.180392
0.274510
0.266667
0.223529
0.200000
0.184314
0.160784
0.156863
0.184314
0.188235
0.160784
0.254902
0.376471
0.262745
0.258824
0.270588
0.301961
0.345098
0.333333
0.286275
0.309804
0.223529
0.149020
0.141176
0.133333
0.125490
0.149020
0.141176
0.125490
0.125490
0.125490
0.133333
0.184314
0.262745
0.239216
0.219608
0.203922
0.152941
0.164706
0.219608
0.192157
0.168627
0.188235
0.286275
0.396078
0.262745
0.258824
0.262745
0.262745
0.258824
0.262745
0.262745
0.250980
0.207843
0.160784
0.137255
0.133333
0.133333
0.133333
0.137255
0.137255
0.141176
0.156863
0.203922
0.270588
0.301961
0.207843
0.156863
0.149020
0.160784
0.227451
0.200000
0.160784
0.149020
0.247059
0.368627
0.415686
0.262745
0.258824
0.258824
0.270588
0.294118
0.341176
0.329412
0.203922
0.176471
0.200000
0.196078
0.207843
0.200000
0.176471
0.176471
0.207843
0.243137
0.239216
0.250980
0.254902
0.219608
0.164706
0.152941
0.207843
0.258824
0.188235
0.160784
0.172549
0.247059
0.376471
0.411765
0.419608
0.282353
0.274510
0.266667
0.290196
0.345098
0.325490
0.286275
0.250980
0.254902
0.262745
0.254902
0.247059
0.239216
0.239216
0.250980
0.270588
0.266667
0.239216
0.231373
0.180392
0.176471
0.196078
0.192157
0.203922
0.184314
0.164706
0.200000
0.286275
0.380392
0.431373
0.419608
0.431373
0.309804
0.294118
0.286275
0.294118
0.298039
0.294118
0.290196
0.290196
0.290196
0.290196
0.274510
0.250980
0.239216
0.247059
0.254902
0.254902
0.254902
0.250980
0.235294
0.211765
0.219608
0.219608
0.192157
0.188235
0.207843
0.258824
0.317647
0.380392
0.431373
0.447059
0.450980
0.454902
0.329412
0.321569
0.317647
0.305882
0.294118
0.301961
0.309804
0.309804
0.321569
0.325490
0.317647
0.298039
0.286275
0.309804
0.313725
0.317647
0.309804
0.282353
0.250980
0.254902
0.247059
0.247059
0.270588
0.278431
0.309804
0.349020
0.380392
0.411765
0.447059
0.462745
0.482353
0.466667
