0.725490
0.788235
0.764706
0.780392
0.756863
0.752941
0.686275
0.439216
0.282353
0.286275
0.396078
0.513725
0.439216
0.443137
0.470588
0.447059
0.454902
0.403922
0.298039
0.247059
0.301961
0.450980
0.580392
0.596078
0.533333
0.423529
0.427451
0.396078
0.305882
0.305882
0.321569
0.286275
0.764706
0.811765
0.772549
0.772549
0.745098
0.768627
0.733333
0.486275
0.305882
0.286275
0.345098
0.419608
0.364706
0.356863
0.411765
0.454902
0.439216
0.364706
0.286275
0.243137
0.360784
0.560784
0.658824
0.654902
0.549020
0.458824
0.447059
0.411765
0.341176
0.349020
0.368627
0.309804
0.705882
0.705882
0.721569
0.705882
0.729412
0.784314
0.662745
0.407843
0.392157
0.313725
0.329412
0.403922
0.368627
0.356863
0.392157
0.443137
0.447059
0.368627
0.286275
0.250980
0.474510
0.827451
0.901961
0.662745
0.568627
0.513725
0.470588
0.435294
0.333333
0.356863
0.403922
0.325490
0.682353
0.666667
0.694118
0.709804
0.752941
0.780392
0.729412
0.505882
0.364706
0.341176
0.301961
0.356863
0.368627
0.368627
0.392157
0.411765
0.423529
0.368627
0.290196
0.250980
0.325490
0.576471
0.623529
0.447059
0.462745
0.525490
0.498039
0.450980
0.345098
0.376471
0.403922
0.313725
0.713725
0.694118
0.650980
0.725490
0.760784
0.760784
0.745098
0.619608
0.419608
0.403922
0.396078
0.392157
0.403922
0.407843
0.411765
0.396078
0.407843
0.376471
0.298039
0.254902
0.352941
0.466667
0.443137
0.454902
0.458824
0.494118
0.486275
0.443137
0.368627
0.400000
0.400000
0.309804
0.705882
0.745098
0.666667
0.650980
0.721569
0.760784
0.709804
0.560784
0.431373
0.494118
0.529412
0.537255
0.470588
0.403922
0.403922
0.415686
0.423529
0.384314
0.321569
0.403922
0.529412
0.494118
0.490196
0.501961
0.474510
0.454902
0.419608
0.392157
0.349020
0.403922
0.400000
0.309804
0.709804
0.788235
0.717647
0.662745
0.749020
0.792157
0.745098
0.572549
0.333333
0.380392
0.415686
0.494118
0.498039
0.494118
0.447059
0.396078
0.400000
0.392157
0.439216
0.541176
0.478431
0.447059
0.513725
0.521569
0.525490
0.517647
0.443137
0.384314
0.337255
0.396078
0.396078
0.309804
0.631373
0.768627
0.823529
0.847059
0.890196
0.901961
0.894118
0.760784
0.521569
0.541176
0.647059
0.705882
0.568627
0.560784
0.643137
0.541176
0.482353
0.541176
0.501961
0.384314
0.372549
0.450980
0.533333
0.552941
0.529412
0.498039
0.482353
0.423529
0.364706
0.427451
0.415686
0.309804
0.701961
0.862745
0.917647
0.933333
0.945098
0.925490
0.901961
0.870588
0.870588
0.831373
0.772549
0.835294
0.737255
0.556863
0.596078
0.694118
0.615686
0.521569
0.458824
0.447059
0.407843
0.384314
0.525490
0.615686
0.603922
0.596078
0.647059
0.564706
0.392157
0.443137
0.505882
0.356863
0.717647
0.807843
0.839216
0.925490
0.882353
0.764706
0.776471
0.874510
0.921569
0.717647
0.396078
0.360784
0.439216
0.458824
0.368627
0.403922
0.411765
0.356863
0.360784
0.356863
0.309804
0.329412
0.486275
0.545098
0.600000
0.623529
0.654902
0.580392
0.403922
0.415686
0.494118
0.380392
0.490196
0.584314
0.874510
0.874510
0.690196
0.717647
0.835294
0.901961
0.862745
0.847059
0.654902
0.482353
0.360784
0.337255
0.345098
0.360784
0.384314
0.380392
0.360784
0.352941
0.345098
0.364706
0.400000
0.407843
0.431373
0.454902
0.470588
0.447059
0.396078
0.396078
0.400000
0.341176
0.462745
0.615686
0.898039
0.792157
0.721569
0.792157
0.803922
0.815686
0.780392
0.874510
0.870588
0.894118
0.686275
0.380392
0.352941
0.396078
0.403922
0.396078
0.392157
0.411765
0.407843
0.423529
0.388235
0.356863
0.396078
0.427451
0.450980
0.470588
0.470588
0.498039
0.458824
0.352941
0.517647
0.741176
0.847059
0.721569
0.721569
0.639216
0.654902
0.729412
0.819608
0.819608
0.811765
0.901961
0.858824
0.592157
0.435294
0.400000
0.419608
0.482353
0.529412
0.549020
0.623529
0.709804
0.690196
0.662745
0.694118
0.752941
0.800000
0.807843
0.752941
0.788235
0.803922
0.568627
0.521569
0.678431
0.725490
0.643137
0.627451
0.580392
0.603922
0.686275
0.835294
0.800000
0.792157
0.847059
0.894118
0.780392
0.537255
0.396078
0.443137
0.556863
0.619608
0.576471
0.600000
0.705882
0.768627
0.811765
0.831373
0.831373
0.847059
0.850980
0.760784
0.811765
0.796078
0.580392
0.505882
0.596078
0.674510
0.654902
0.678431
0.647059
0.607843
0.658824
0.752941
0.788235
0.784314
0.749020
0.776471
0.764706
0.529412
0.364706
0.411765
0.525490
0.643137
0.568627
0.494118
0.549020
0.627451
0.690196
0.729412
0.756863
0.768627
0.768627
0.709804
0.760784
0.780392
0.580392
0.505882
0.584314
0.639216
0.607843
0.686275
0.701961
0.639216
0.631373
0.658824
0.764706
0.776471
0.709804
0.745098
0.678431
0.423529
0.345098
0.376471
0.482353
0.670588
0.596078
0.494118
0.541176
0.560784
0.556863
0.560784
0.572549
0.623529
0.686275
0.717647
0.729412
0.721569
0.650980
0.521569
0.580392
0.611765
0.545098
0.541176
0.611765
0.619608
0.588235
0.588235
0.643137
0.670588
0.682353
0.745098
0.717647
0.576471
0.501961
0.541176
0.631373
0.709804
0.650980
0.584314
0.584314
0.611765
0.600000
0.560784
0.505882
0.505882
0.576471
0.647059
0.682353
0.611765
0.556863
0.584314
0.568627
0.576471
0.564706
0.529412
0.537255
0.533333
0.525490
0.533333
0.545098
0.603922
0.650980
0.682353
0.721569
0.729412
0.749020
0.756863
0.713725
0.729412
0.752941
0.721569
0.690196
0.705882
0.709804
0.694118
0.639216
0.611765
0.615686
0.607843
0.623529
0.631373
0.611765
0.733333
0.564706
0.560784
0.556863
0.549020
0.533333
0.596078
0.658824
0.556863
0.490196
0.509804
0.513725
0.525490
0.600000
0.698039
0.768627
0.709804
0.698039
0.792157
0.823529
0.815686
0.819608
0.792157
0.772549
0.776471
0.733333
0.725490
0.737255
0.666667
0.670588
0.682353
0.662745
0.733333
0.623529
0.556863
0.564706
0.533333
0.513725
0.721569
0.815686
0.643137
0.470588
0.458824
0.447059
0.427451
0.458824
0.541176
0.619608
0.631373
0.752941
0.870588
0.847059
0.850980
0.870588
0.862745
0.847059
0.835294
0.796078
0.772549
0.788235
0.764706
0.784314
0.792157
0.792157
0.733333
0.741176
0.572549
0.552941
0.537255
0.592157
0.796078
0.796078
0.698039
0.478431
0.474510
0.588235
0.670588
0.592157
0.474510
0.474510
0.607843
0.772549
0.815686
0.827451
0.850980
0.847059
0.823529
0.847059
0.890196
0.894118
0.874510
0.894118
0.917647
0.921569
0.913725
0.886275
0.721569
0.803922
0.596078
0.494118
0.533333
0.741176
0.815686
0.780392
0.682353
0.466667
0.498039
0.717647
0.854902
0.745098
0.525490
0.486275
0.705882
0.890196
0.882353
0.870588
0.870588
0.874510
0.886275
0.890196
0.882353
0.886275
0.870588
0.839216
0.835294
0.839216
0.831373
0.803922
0.694118
0.784314
0.584314
0.447059
0.631373
0.862745
0.831373
0.815686
0.749020
0.470588
0.517647
0.796078
0.890196
0.756863
0.513725
0.474510
0.701961
0.866667
0.874510
0.847059
0.823529
0.843137
0.882353
0.886275
0.843137
0.839216
0.835294
0.780392
0.796078
0.862745
0.854902
0.843137
0.764706
0.854902
0.580392
0.447059
0.756863
0.878431
0.839216
0.866667
0.803922
0.509804
0.490196
0.800000
0.901961
0.807843
0.545098
0.458824
0.709804
0.874510
0.870588
0.874510
0.901961
0.917647
0.925490
0.913725
0.901961
0.898039
0.905882
0.909804
0.858824
0.847059
0.870588
0.874510
0.811765
0.850980
0.647059
0.443137
0.729412
0.800000
0.784314
0.819608
0.784314
0.533333
0.466667
0.760784
0.874510
0.788235
0.549020
0.411765
0.654902
0.819608
0.784314
0.792157
0.819608
0.843137
0.850980
0.850980
0.870588
0.866667
0.850980
0.886275
0.882353
0.874510
0.874510
0.843137
0.792157
0.847059
0.741176
0.447059
0.725490
0.792157
0.803922
0.823529
0.788235
0.533333
0.478431
0.752941
0.878431
0.800000
0.572549
0.403922
0.639216
0.850980
0.858824
0.858824
0.854902
0.858824
0.862745
0.858824
0.874510
0.839216
0.847059
0.870588
0.898039
0.905882
0.874510
0.839216
0.815686
0.894118
0.796078
0.486275
0.760784
0.898039
0.898039
0.882353
0.847059
0.580392
0.533333
0.847059
0.917647
0.858824
0.654902
0.458824
0.686275
0.921569
0.886275
0.847059
0.870588
0.886275
0.898039
0.901961
0.882353
0.850980
0.847059
0.866667
0.894118
0.862745
0.850980
0.866667
0.823529
0.862745
0.654902
0.486275
0.725490
0.901961
0.874510
0.874510
0.843137
0.584314
0.568627
0.843137
0.870588
0.878431
0.717647
0.509804
0.721569
0.913725
0.843137
0.827451
0.843137
0.847059
0.854902
0.847059
0.819608
0.823529
0.811765
0.776471
0.792157
0.796078
0.788235
0.792157
0.835294
0.850980
0.537255
0.509804
0.607843
0.886275
0.905882
0.886275
0.850980
0.596078
0.560784
0.815686
0.847059
0.866667
0.729412
0.517647
0.713725
0.929412
0.905882
0.890196
0.898039
0.901961
0.890196
0.858824
0.827451
0.803922
0.796078
0.768627
0.745098
0.772549
0.752941
0.737255
0.792157
0.858824
0.741176
0.607843
0.407843
0.690196
0.827451
0.866667
0.831373
0.556863
0.541176
0.847059
0.913725
0.886275
0.713725
0.486275
0.654902
0.933333
0.952941
0.921569
0.917647
0.909804
0.925490
0.929412
0.913725
0.933333
0.913725
0.894118
0.831373
0.858824
0.811765
0.835294
0.815686
0.894118
0.858824
0.725490
0.478431
0.549020
0.733333
0.749020
0.709804
0.486275
0.450980
0.713725
0.882353
0.866667
0.639216
0.411765
0.501961
0.807843
0.941176
0.894118
0.874510
0.882353
0.905882
0.913725
0.921569
0.956863
0.913725
0.890196
0.886275
0.925490
0.945098
0.933333
0.835294
0.921569
0.847059
0.811765
0.792157
0.772549
0.760784
0.788235
0.745098
0.458824
0.396078
0.549020
0.756863
0.807843
0.619608
0.419608
0.388235
0.596078
0.839216
0.843137
0.811765
0.847059
0.894118
0.878431
0.862745
0.882353
0.800000
0.850980
0.917647
0.882353
0.898039
0.898039
0.764706
0.827451
0.807843
0.823529
0.796078
0.788235
0.709804
0.427451
0.258824
0.262745
0.372549
0.494118
0.419608
0.423529
0.439216
0.403922
0.407843
0.364706
0.266667
0.223529
0.290196
0.443137
0.572549
0.584314
0.517647
0.400000
0.396078
0.352941
0.258824
0.254902
0.274510
0.239216
0.807843
0.854902
0.819608
0.819608
0.792157
0.811765
0.756863
0.466667
0.270588
0.247059
0.309804
0.384314
0.329412
0.321569
0.372549
0.403922
0.392157
0.325490
0.254902
0.219608
0.352941
0.556863
0.647059
0.631373
0.521569
0.423529
0.407843
0.364706
0.282353
0.290196
0.317647
0.262745
0.749020
0.752941
0.768627
0.756863
0.776471
0.827451
0.686275
0.380392
0.341176
0.262745
0.278431
0.352941
0.317647
0.301961
0.337255
0.388235
0.400000
0.329412
0.254902
0.231373
0.462745
0.823529
0.886275
0.631373
0.529412
0.470588
0.419608
0.376471
0.266667
0.286275
0.345098
0.278431
0.721569
0.709804
0.741176
0.756863
0.796078
0.819608
0.749020
0.470588
0.305882
0.278431
0.243137
0.294118
0.305882
0.305882
0.333333
0.360784
0.376471
0.325490
0.258824
0.231373
0.309804
0.564706
0.600000
0.403922
0.415686
0.474510
0.443137
0.384314
0.270588
0.298039
0.345098
0.266667
0.756863
0.737255
0.694118
0.768627
0.803922
0.800000
0.764706
0.580392
0.345098
0.317647
0.305882
0.305882
0.325490
0.341176
0.352941
0.345098
0.356863
0.325490
0.254902
0.215686
0.317647
0.431373
0.392157
0.388235
0.396078
0.439216
0.435294
0.380392
0.294118
0.309804
0.337255
0.262745
0.741176
0.784314
0.701961
0.686275
0.756863
0.800000
0.725490
0.525490
0.356863
0.403922
0.419608
0.431373
0.380392
0.333333
0.341176
0.356863
0.364706
0.325490
0.262745
0.345098
0.470588
0.439216
0.415686
0.423529
0.407843
0.403922
0.376471
0.337255
0.274510
0.317647
0.337255
0.262745
0.737255
0.811765
0.741176
0.686275
0.776471
0.819608
0.756863
0.545098
0.274510
0.298039
0.313725
0.384314
0.400000
0.407843
0.372549
0.329412
0.333333
0.325490
0.376471
0.478431
0.415686
0.388235
0.439216
0.447059
0.462745
0.474510
0.407843
0.337255
0.270588
0.313725
0.333333
0.262745
0.639216
0.776471
0.835294
0.858824
0.901961
0.913725
0.894118
0.741176
0.478431
0.470588
0.556863
0.600000
0.458824
0.458824
0.552941
0.462745
0.403922
0.462745
0.427451
0.313725
0.298039
0.376471
0.458824
0.486275
0.486275
0.470588
0.462745
0.392157
0.309804
0.356863
0.356863
0.262745
0.690196
0.850980
0.909804
0.921569
0.933333
0.913725
0.894118
0.858824
0.839216
0.772549
0.686275
0.733333
0.623529
0.447059
0.494118
0.603922
0.529412
0.435294
0.376471
0.368627
0.329412
0.305882
0.458824
0.568627
0.572549
0.584314
0.639216
0.545098
0.356863
0.388235
0.454902
0.309804
0.658824
0.764706
0.807843
0.898039
0.854902
0.729412
0.745098
0.866667
0.905882
0.670588
0.317647
0.258824
0.333333
0.349020
0.258824
0.286275
0.294118
0.239216
0.247059
0.254902
0.219608
0.250980
0.431373
0.513725
0.580392
0.615686
0.647059
0.568627
0.384314
0.384314
0.458824
0.341176
0.396078
0.513725
0.831373
0.835294
0.643137
0.654902
0.780392
0.882353
0.847059
0.807843
0.600000
0.407843
0.278431
0.243137
0.235294
0.223529
0.231373
0.223529
0.211765
0.227451
0.247059
0.294118
0.341176
0.352941
0.376471
0.400000
0.415686
0.392157
0.341176
0.345098
0.360784
0.313725
0.352941
0.525490
0.843137
0.733333
0.654902
0.713725
0.729412
0.768627
0.752941
0.843137
0.835294
0.850980
0.623529
0.301961
0.247059
0.258824
0.243137
0.223529
0.227451
0.270588
0.305882
0.356863
0.337255
0.301961
0.337255
0.372549
0.396078
0.415686
0.415686
0.443137
0.419608
0.317647
0.384314
0.631373
0.760784
0.643137
0.635294
0.541176
0.552941
0.658824
0.776471
0.800000
0.803922
0.886275
0.823529
0.529412
0.341176
0.266667
0.254902
0.290196
0.337255
0.384314
0.509804
0.647059
0.678431
0.674510
0.713725
0.768627
0.819608
0.827451
0.768627
0.803922
0.780392
0.525490
0.372549
0.556863
0.623529
0.549020
0.521569
0.462745
0.486275
0.592157
0.784314
0.792157
0.807843
0.858824
0.878431
0.733333
0.450980
0.270588
0.278431
0.349020
0.400000
0.384314
0.470588
0.647059
0.752941
0.811765
0.835294
0.835294
0.850980
0.854902
0.764706
0.811765
0.760784
0.525490
0.333333
0.415686
0.513725
0.529412
0.572549
0.525490
0.478431
0.556863
0.686275
0.756863
0.776471
0.741176
0.737255
0.686275
0.435294
0.243137
0.247059
0.321569
0.447059
0.411765
0.384314
0.466667
0.552941
0.623529
0.662745
0.686275
0.701961
0.701961
0.643137
0.694118
0.713725
0.509804
0.309804
0.345098
0.411765
0.439216
0.560784
0.564706
0.478431
0.494118
0.549020
0.678431
0.705882
0.639216
0.654902
0.572549
0.309804
0.211765
0.200000
0.278431
0.498039
0.482353
0.400000
0.431373
0.443137
0.447059
0.450980
0.466667
0.521569
0.584314
0.615686
0.627451
0.639216
0.576471
0.329412
0.321569
0.341176
0.325490
0.356863
0.423529
0.411765
0.380392
0.403922
0.478431
0.529412
0.560784
0.627451
0.603922
0.454902
0.349020
0.345098
0.419608
0.541176
0.537255
0.482353
0.458824
0.478431
0.478431
0.439216
0.388235
0.388235
0.462745
0.529412
0.568627
0.525490
0.494118
0.423529
0.313725
0.286275
0.301961
0.305882
0.313725
0.301961
0.298039
0.313725
0.333333
0.407843
0.478431
0.533333
0.588235
0.596078
0.584314
0.564706
0.525490
0.596078
0.674510
0.650980
0.588235
0.588235
0.603922
0.592157
0.537255
0.513725
0.513725
0.509804
0.529412
0.560784
0.556863
0.619608
0.333333
0.274510
0.290196
0.313725
0.301961
0.364706
0.458824
0.368627
0.282353
0.294118
0.305882
0.341176
0.439216
0.552941
0.615686
0.545098
0.552941
0.717647
0.811765
0.803922
0.760784
0.721569
0.709804
0.717647
0.674510
0.666667
0.682353
0.615686
0.619608
0.631373
0.615686
0.654902
0.427451
0.274510
0.274510
0.274510
0.294118
0.537255
0.674510
0.494118
0.282353
0.250980
0.243137
0.239216
0.278431
0.360784
0.443137
0.470588
0.643137
0.827451
0.854902
0.866667
0.858824
0.835294
0.823529
0.811765
0.772549
0.745098
0.756863
0.733333
0.752941
0.756863
0.756863
0.682353
0.576471
0.309804
0.254902
0.274510
0.403922
0.678431
0.701961
0.560784
0.294118
0.286275
0.423529
0.513725
0.415686
0.266667
0.262745
0.439216
0.674510
0.780392
0.823529
0.858824
0.850980
0.823529
0.847059
0.890196
0.886275
0.858824
0.870588
0.882353
0.886275
0.890196
0.870588
0.701961
0.686275
0.392157
0.262745
0.341176
0.615686
0.741176
0.705882
0.560784
0.298039
0.329412
0.580392
0.733333
0.603922
0.345098
0.298039
0.560784
0.807843
0.850980
0.874510
0.874510
0.874510
0.886275
0.890196
0.882353
0.882353
0.854902
0.815686
0.800000
0.803922
0.811765
0.788235
0.690196
0.705882
0.439216
0.286275
0.501961
0.792157
0.792157
0.760784
0.643137
0.325490
0.376471
0.698039
0.815686
0.666667
0.380392
0.313725
0.576471
0.800000
0.858824
0.854902
0.831373
0.843137
0.878431
0.886275
0.839216
0.831373
0.819608
0.756863
0.760784
0.827451
0.835294
0.827451
0.745098
0.776471
0.458824
0.313725
0.650980
0.815686
0.807843
0.823529
0.709804
0.384314
0.380392
0.737255
0.870588
0.760784
0.450980
0.329412
0.603922
0.827451
0.866667
0.894118
0.913725
0.913725
0.921569
0.913725
0.898039
0.890196
0.890196
0.886275
0.823529
0.811765
0.847059
0.858824
0.784314
0.780392
0.541176
0.329412
0.635294
0.745098
0.756863
0.784314
0.701961
0.411765
0.360784
0.705882
0.854902
0.764706
0.478431
0.298039
0.560784
0.772549
0.776471
0.800000
0.823529
0.835294
0.839216
0.847059
0.866667
0.854902
0.835294
0.862745
0.847059
0.839216
0.850980
0.827451
0.796078
0.807843
0.666667
0.360784
0.654902
0.752941
0.788235
0.803922
0.701961
0.396078
0.345098
0.674510
0.843137
0.764706
0.498039
0.294118
0.537255
0.788235
0.827451
0.839216
0.839216
0.843137
0.843137
0.839216
0.854902
0.815686
0.823529
0.843137
0.870588
0.874510
0.843137
0.811765
0.811765
0.850980
0.721569
0.396078
0.686275
0.854902
0.878431
0.866667
0.772549
0.447059
0.407843
0.772549
0.886275
0.827451
0.584314
0.349020
0.584314
0.850980
0.847059
0.827451
0.850980
0.866667
0.874510
0.874510
0.850980
0.819608
0.815686
0.835294
0.854902
0.827451
0.800000
0.811765
0.807843
0.807843
0.568627
0.388235
0.643137
0.847059
0.847059
0.862745
0.780392
0.466667
0.450980
0.780392
0.850980
0.862745
0.654902
0.403922
0.619608
0.847059
0.807843
0.807843
0.823529
0.827451
0.823529
0.803922
0.776471
0.776471
0.768627
0.729412
0.745098
0.749020
0.725490
0.717647
0.815686
0.788235
0.439216
0.400000
0.513725
0.823529
0.878431
0.886275
0.800000
0.486275
0.454902
0.764706
0.839216
0.862745
0.674510
0.415686
0.623529
0.870588
0.866667
0.870588
0.878431
0.882353
0.854902
0.803922
0.772549
0.749020
0.741176
0.717647
0.694118
0.721569
0.701961
0.690196
0.768627
0.800000
0.647059
0.501961
0.309804
0.615686
0.780392
0.850980
0.776471
0.454902
0.439216
0.788235
0.894118
0.866667
0.650980
0.372549
0.552941
0.866667
0.921569
0.905882
0.905882
0.894118
0.890196
0.874510
0.858824
0.878431
0.858824
0.843137
0.780392
0.807843
0.776471
0.815686
0.803922
0.862745
0.807843
0.654902
0.396078
0.458824
0.647059
0.674510
0.623529
0.376471
0.329412
0.603922
0.788235
0.788235
0.537255
0.270588
0.380392
0.741176
0.917647
0.890196
0.874510
0.878431
0.890196
0.882353
0.886275
0.925490
0.878431
0.854902
0.850980
0.890196
0.921569
0.917647
0.815686
0.894118
0.807843
0.752941
0.721569
0.690196
0.678431
0.709804
0.654902
0.352941
0.278431
0.427451
0.650980
0.721569
0.517647
0.290196
0.274510
0.521569
0.800000
0.835294
0.811765
0.847059
0.882353
0.850980
0.831373
0.854902
0.772549
0.819608
0.886275
0.854902
0.878431
0.878431
0.635294
0.682353
0.647059
0.662745
0.647059
0.658824
0.615686
0.392157
0.243137
0.239216
0.341176
0.454902
0.368627
0.372549
0.415686
0.423529
0.439216
0.384314
0.278431
0.227451
0.282353
0.431373
0.572549
0.596078
0.533333
0.419608
0.415686
0.380392
0.286275
0.286275
0.294118
0.254902
0.650980
0.682353
0.627451
0.627451
0.611765
0.650980
0.635294
0.423529
0.254902
0.231373
0.290196
0.364706
0.309804
0.301961
0.368627
0.431373
0.419608
0.345098
0.266667
0.223529
0.341176
0.541176
0.643137
0.639216
0.533333
0.439216
0.423529
0.384314
0.305882
0.313725
0.333333
0.278431
0.588235
0.572549
0.576471
0.560784
0.592157
0.662745
0.560784
0.337255
0.329412
0.254902
0.274510
0.352941
0.321569
0.313725
0.360784
0.419608
0.431373
0.349020
0.266667
0.235294
0.454902
0.807843
0.878431
0.635294
0.537255
0.478431
0.431373
0.388235
0.282353
0.301961
0.364706
0.294118
0.576471
0.549020
0.564706
0.580392
0.627451
0.674510
0.639216
0.427451
0.294118
0.274510
0.243137
0.309804
0.333333
0.337255
0.372549
0.396078
0.407843
0.349020
0.270588
0.235294
0.301961
0.552941
0.592157
0.400000
0.415686
0.474510
0.443137
0.392157
0.278431
0.309804
0.356863
0.282353
0.603922
0.576471
0.529412
0.603922
0.639216
0.647059
0.639216
0.529412
0.329412
0.313725
0.309804
0.321569
0.345098
0.360784
0.380392
0.380392
0.392157
0.356863
0.274510
0.227451
0.321569
0.427451
0.380392
0.376471
0.384314
0.427451
0.427451
0.380392
0.301961
0.325490
0.345098
0.270588
0.580392
0.619608
0.541176
0.525490
0.596078
0.639216
0.592157
0.466667
0.333333
0.396078
0.427451
0.447059
0.396078
0.349020
0.364706
0.392157
0.400000
0.352941
0.282353
0.356863
0.478431
0.439216
0.415686
0.419608
0.400000
0.396078
0.376471
0.349020
0.298039
0.349020
0.349020
0.262745
0.596078
0.670588
0.600000
0.545098
0.635294
0.678431
0.639216
0.486275
0.247059
0.286275
0.317647
0.400000
0.415686
0.427451
0.392157
0.356863
0.360784
0.345098
0.388235
0.482353
0.415686
0.380392
0.443137
0.450980
0.470588
0.482353
0.419608
0.360784
0.305882
0.356863
0.352941
0.262745
0.556863
0.694118
0.749020
0.772549
0.815686
0.827451
0.819608
0.694118
0.447059
0.454902
0.560784
0.615686
0.478431
0.482353
0.576471
0.482353
0.419608
0.474510
0.431373
0.309804
0.286275
0.360784
0.447059
0.474510
0.466667
0.454902
0.450980
0.392157
0.325490
0.380392
0.364706
0.262745
0.670588
0.831373
0.890196
0.901961
0.913725
0.894118
0.866667
0.819608
0.803922
0.752941
0.690196
0.752941
0.647059
0.470588
0.517647
0.619608
0.541176
0.443137
0.376471
0.356863
0.313725
0.286275
0.419608
0.517647
0.521569
0.529412
0.592157
0.509804
0.329412
0.376471
0.450980
0.309804
0.658824
0.760784
0.803922
0.898039
0.858824
0.737255
0.749020
0.839216
0.878431
0.662745
0.333333
0.286275
0.356863
0.364706
0.262745
0.286275
0.298039
0.250980
0.258824
0.258824
0.215686
0.243137
0.415686
0.498039
0.564706
0.596078
0.631373
0.556863
0.376471
0.384314
0.474510
0.364706
0.384314
0.498039
0.815686
0.827451
0.643137
0.662745
0.784314
0.862745
0.827451
0.815686
0.627451
0.439216
0.298039
0.247059
0.239216
0.235294
0.250980
0.243137
0.227451
0.231373
0.235294
0.266667
0.329412
0.352941
0.380392
0.403922
0.419608
0.396078
0.345098
0.349020
0.372549
0.329412
0.337255
0.509804
0.827451
0.721569
0.654902
0.717647
0.733333
0.760784
0.749020
0.858824
0.866667
0.882353
0.647059
0.309804
0.270588
0.305882
0.286275
0.247059
0.223529
0.243137
0.254902
0.294118
0.274510
0.250980
0.290196
0.321569
0.345098
0.364706
0.364706
0.392157
0.388235
0.301961
0.364706
0.611765
0.737255
0.627451
0.631373
0.541176
0.560784
0.662745
0.788235
0.823529
0.835294
0.917647
0.847059
0.545098
0.368627
0.313725
0.290196
0.298039
0.313725
0.341176
0.454902
0.588235
0.611765
0.603922
0.643137
0.698039
0.745098
0.756863
0.698039
0.733333
0.741176
0.505882
0.349020
0.529412
0.596078
0.529412
0.513725
0.458824
0.494118
0.611765
0.811765
0.819608
0.839216
0.890196
0.901961
0.752941
0.474510
0.294118
0.282353
0.325490
0.356863
0.337255
0.435294
0.623529
0.737255
0.796078
0.819608
0.819608
0.835294
0.839216
0.749020
0.796078
0.752941
0.521569
0.317647
0.400000
0.498039
0.509804
0.560784
0.529412
0.501961
0.588235
0.717647
0.784314
0.803922
0.768627
0.764706
0.721569
0.462745
0.254902
0.235294
0.282353
0.384314
0.349020
0.345098
0.462745
0.568627
0.639216
0.678431
0.701961
0.713725
0.705882
0.643137
0.694118
0.713725
0.513725
0.294118
0.333333
0.392157
0.403922
0.537255
0.568627
0.509804
0.521569
0.568627
0.690196
0.713725
0.647059
0.670588
0.592157
0.325490
0.211765
0.184314
0.239216
0.435294
0.415686
0.368627
0.443137
0.466667
0.458824
0.458824
0.466667
0.509804
0.564706
0.592157
0.603922
0.623529
0.572549
0.290196
0.290196
0.305882
0.274510
0.305882
0.396078
0.411765
0.388235
0.407843
0.474510
0.517647
0.541176
0.607843
0.580392
0.423529
0.305882
0.301961
0.376471
0.498039
0.509804
0.498039
0.525490
0.537255
0.513725
0.466667
0.407843
0.400000
0.466667
0.525490
0.560784
0.525490
0.494118
0.372549
0.278431
0.243137
0.247059
0.247059
0.270588
0.278431
0.286275
0.305882
0.321569
0.392157
0.454902
0.501961
0.549020
0.541176
0.521569
0.505882
0.486275
0.568627
0.670588
0.686275
0.662745
0.662745
0.654902
0.635294
0.576471
0.541176
0.537255
0.521569
0.541176
0.568627
0.568627
0.584314
0.313725
0.250980
0.247059
0.262745
0.258824
0.333333
0.439216
0.349020
0.274510
0.286275
0.294118
0.321569
0.407843
0.505882
0.560784
0.498039
0.529412
0.701961
0.800000
0.815686
0.803922
0.776471
0.760784
0.764706
0.713725
0.701961
0.709804
0.631373
0.635294
0.647059
0.631373
0.639216
0.419608
0.266667
0.258824
0.254902
0.274510
0.529412
0.666667
0.478431
0.266667
0.243137
0.250980
0.250980
0.278431
0.341176
0.407843
0.439216
0.627451
0.823529
0.858824
0.878431
0.886275
0.874510
0.862745
0.850980
0.803922
0.776471
0.784314
0.756863
0.772549
0.776471
0.772549
0.678431
0.572549
0.305882
0.250980
0.274510
0.407843
0.694118
0.729412
0.564706
0.266667
0.270588
0.439216
0.549020
0.443137
0.258824
0.231373
0.415686
0.666667
0.792157
0.854902
0.901961
0.898039
0.854902
0.866667
0.905882
0.905882
0.878431
0.894118
0.913725
0.917647
0.905882
0.874510
0.701961
0.678431
0.376471
0.247059
0.325490
0.607843
0.749020
0.733333
0.564706
0.270588
0.313725
0.596078
0.764706
0.627451
0.341176
0.270588
0.541176
0.803922
0.866667
0.898039
0.909804
0.909804
0.909804
0.905882
0.898039
0.898039
0.878431
0.843137
0.831373
0.831373
0.823529
0.792157
0.694118
0.694118
0.411765
0.254902
0.474510
0.776471
0.800000
0.796078
0.654902
0.305882
0.360784
0.709804
0.843137
0.682353
0.372549
0.298039
0.560784
0.800000
0.870588
0.874510
0.850980
0.862745
0.898039
0.901961
0.858824
0.850980
0.843137
0.780392
0.792157
0.858824
0.847059
0.831373
0.764706
0.776471
0.435294
0.282353
0.627451
0.811765
0.823529
0.866667
0.729412
0.368627
0.364706
0.749020
0.894118
0.772549
0.443137
0.313725
0.596078
0.827451
0.874510
0.905882
0.921569
0.921569
0.929412
0.929412
0.917647
0.909804
0.913725
0.909804
0.850980
0.839216
0.858824
0.862745
0.807843
0.784314
0.525490
0.305882
0.623529
0.745098
0.776471
0.819608
0.725490
0.407843
0.352941
0.709804
0.870588
0.772549
0.470588
0.290196
0.556863
0.780392
0.788235
0.811765
0.827451
0.831373
0.839216
0.850980
0.874510
0.870588
0.854902
0.886275
0.878431
0.870588
0.870588
0.835294
0.796078
0.803922
0.658824
0.352941
0.654902
0.760784
0.803922
0.819608
0.725490
0.415686
0.352941
0.666667
0.839216
0.772549
0.505882
0.290196
0.541176
0.800000
0.847059
0.854902
0.847059
0.835294
0.831373
0.827451
0.843137
0.815686
0.835294
0.866667
0.901961
0.913725
0.866667
0.823529
0.807843
0.843137
0.709804
0.388235
0.686275
0.858824
0.890196
0.874510
0.792157
0.466667
0.415686
0.760784
0.874510
0.835294
0.592157
0.349020
0.588235
0.866667
0.870588
0.843137
0.858824
0.862745
0.862745
0.862745
0.843137
0.815686
0.823529
0.847059
0.878431
0.850980
0.823529
0.827451
0.796078
0.792157
0.549020
0.372549
0.635294
0.843137
0.847059
0.870588
0.796078
0.482353
0.454902
0.768627
0.839216
0.862745
0.662745
0.400000
0.623529
0.862745
0.827451
0.823529
0.831373
0.823529
0.819608
0.803922
0.776471
0.776471
0.768627
0.729412
0.745098
0.749020
0.733333
0.729412
0.796078
0.764706
0.411765
0.372549
0.494118
0.811765
0.874510
0.886275
0.811765
0.501961
0.454902
0.745098
0.823529
0.858824
0.678431
0.411765
0.627451
0.886275
0.890196
0.890196
0.886275
0.878431
0.854902
0.811765
0.776471
0.749020
0.733333
0.701961
0.670588
0.698039
0.686275
0.682353
0.741176
0.772549
0.619608
0.474510
0.290196
0.603922
0.776471
0.850980
0.788235
0.466667
0.439216
0.776471
0.878431
0.866667
0.654902
0.372549
0.552941
0.878431
0.937255
0.917647
0.909804
0.886275
0.890196
0.886275
0.862745
0.874510
0.847059
0.819608
0.752941
0.772549
0.749020
0.792157
0.776471
0.839216
0.788235
0.639216
0.388235
0.454902
0.647059
0.678431
0.631373
0.392157
0.349020
0.619608
0.800000
0.792157
0.541176
0.274510
0.380392
0.733333
0.901961
0.874510
0.862745
0.870588
0.882353
0.878431
0.878431
0.917647
0.870588
0.843137
0.843137
0.878431
0.909804
0.901961
0.800000
0.878431
0.796078
0.749020
0.721569
0.694118
0.682353
0.709804
0.662745
0.368627
0.294118
0.447059
0.662745
0.725490
0.517647
0.290196
0.266667
0.509804
0.784314
0.815686
0.800000
0.839216
0.870588
0.843137
0.823529
0.843137
0.760784
0.811765
0.878431
0.847059
0.870588
0.870588
