0.607843
0.580392
0.549020
0.572549
0.580392
0.576471
0.568627
0.521569
0.443137
0.423529
0.415686
0.364706
0.349020
0.364706
0.447059
0.498039
0.549020
0.580392
0.584314
0.588235
0.607843
0.623529
0.627451
0.623529
0.600000
0.603922
0.615686
0.588235
0.552941
0.509804
0.403922
0.329412
0.494118
0.505882
0.517647
0.486275
0.474510
0.478431
0.470588
0.478431
0.443137
0.392157
0.415686
0.447059
0.517647
0.545098
0.564706
0.596078
0.631373
0.619608
0.607843
0.611765
0.619608
0.611765
0.592157
0.576471
0.592157
0.603922
0.572549
0.545098
0.474510
0.356863
0.321569
0.388235
0.435294
0.462745
0.450980
0.419608
0.400000
0.384314
0.356863
0.411765
0.509804
0.529412
0.568627
0.600000
0.635294
0.627451
0.607843
0.631373
0.631373
0.639216
0.639216
0.635294
0.631373
0.623529
0.627451
0.603922
0.615686
0.596078
0.501961
0.360784
0.290196
0.333333
0.439216
0.380392
0.423529
0.447059
0.431373
0.431373
0.423529
0.427451
0.462745
0.525490
0.600000
0.631373
0.643137
0.643137
0.631373
0.592157
0.545098
0.513725
0.474510
0.454902
0.447059
0.439216
0.443137
0.454902
0.462745
0.478431
0.521569
0.549020
0.494118
0.368627
0.325490
0.443137
0.352941
0.270588
0.450980
0.466667
0.486275
0.505882
0.529412
0.556863
0.596078
0.592157
0.584314
0.623529
0.658824
0.670588
0.647059
0.517647
0.266667
0.145098
0.129412
0.129412
0.129412
0.133333
0.121569
0.129412
0.145098
0.168627
0.215686
0.274510
0.400000
0.470588
0.443137
0.317647
0.274510
0.274510
0.545098
0.541176
0.552941
0.568627
0.568627
0.584314
0.592157
0.584314
0.580392
0.615686
0.639216
0.670588
0.627451
0.313725
0.058824
0.015686
0.027451
0.066667
0.070588
0.031373
0.027451
0.050980
0.047059
0.035294
0.047059
0.062745
0.278431
0.474510
0.427451
0.290196
0.282353
0.270588
0.584314
0.580392
0.572549
0.580392
0.596078
0.596078
0.619608
0.643137
0.639216
0.643137
0.674510
0.717647
0.521569
0.156863
0.050980
0.035294
0.035294
0.054902
0.054902
0.035294
0.043137
0.050980
0.047059
0.039216
0.047059
0.039216
0.184314
0.462745
0.474510
0.313725
0.266667
0.266667
0.584314
0.584314
0.576471
0.592157
0.623529
0.639216
0.654902
0.666667
0.690196
0.686275
0.690196
0.670588
0.298039
0.098039
0.027451
0.027451
0.023529
0.027451
0.027451
0.031373
0.023529
0.019608
0.023529
0.027451
0.054902
0.035294
0.133333
0.462745
0.509804
0.384314
0.282353
0.258824
0.592157
0.588235
0.592157
0.615686
0.631373
0.627451
0.631373
0.647059
0.654902
0.588235
0.545098
0.462745
0.156863
0.070588
0.027451
0.031373
0.019608
0.027451
0.035294
0.035294
0.035294
0.035294
0.023529
0.023529
0.050980
0.027451
0.094118
0.474510
0.509804
0.478431
0.337255
0.254902
0.596078
0.623529
0.627451
0.627451
0.631373
0.631373
0.627451
0.603922
0.580392
0.380392
0.180392
0.176471
0.101961
0.043137
0.027451
0.027451
0.015686
0.023529
0.031373
0.039216
0.043137
0.043137
0.035294
0.031373
0.058824
0.047059
0.066667
0.380392
0.384314
0.443137
0.337255
0.258824
0.658824
0.627451
0.603922
0.635294
0.639216
0.631373
0.635294
0.619608
0.596078
0.407843
0.145098
0.098039
0.074510
0.027451
0.031373
0.023529
0.023529
0.031373
0.035294
0.039216
0.039216
0.047059
0.050980
0.039216
0.031373
0.039216
0.043137
0.098039
0.164706
0.364706
0.329412
0.266667
0.650980
0.623529
0.635294
0.635294
0.603922
0.592157
0.596078
0.619608
0.603922
0.529412
0.380392
0.411765
0.250980
0.188235
0.180392
0.152941
0.129412
0.117647
0.117647
0.101961
0.090196
0.082353
0.074510
0.074510
0.133333
0.160784
0.074510
0.078431
0.258824
0.352941
0.309804
0.274510
0.650980
0.662745
0.647059
0.631373
0.615686
0.588235
0.576471
0.588235
0.572549
0.533333
0.474510
0.521569
0.466667
0.415686
0.403922
0.388235
0.368627
0.349020
0.352941
0.349020
0.352941
0.333333
0.298039
0.294118
0.384314
0.423529
0.305882
0.211765
0.431373
0.364706
0.274510
0.258824
0.654902
0.643137
0.639216
0.643137
0.607843
0.572549
0.568627
0.545098
0.505882
0.529412
0.533333
0.505882
0.450980
0.435294
0.419608
0.411765
0.427451
0.431373
0.427451
0.423529
0.435294
0.431373
0.423529
0.407843
0.423529
0.478431
0.462745
0.349020
0.407843
0.325490
0.211765
0.235294
0.588235
0.584314
0.596078
0.592157
0.572549
0.545098
0.494118
0.400000
0.431373
0.466667
0.419608
0.364706
0.317647
0.294118
0.274510
0.286275
0.294118
0.278431
0.274510
0.266667
0.274510
0.294118
0.294118
0.274510
0.372549
0.466667
0.435294
0.356863
0.286275
0.321569
0.243137
0.235294
0.549020
0.549020
0.541176
0.549020
0.513725
0.415686
0.317647
0.301961
0.305882
0.282353
0.254902
0.180392
0.172549
0.176471
0.184314
0.247059
0.215686
0.164706
0.168627
0.168627
0.164706
0.168627
0.156863
0.227451
0.352941
0.380392
0.341176
0.282353
0.266667
0.352941
0.294118
0.247059
0.541176
0.501961
0.470588
0.427451
0.341176
0.270588
0.250980
0.400000
0.341176
0.164706
0.109804
0.086275
0.090196
0.094118
0.105882
0.160784
0.109804
0.062745
0.070588
0.086275
0.078431
0.066667
0.098039
0.180392
0.223529
0.211765
0.278431
0.282353
0.298039
0.360784
0.317647
0.247059
0.505882
0.427451
0.333333
0.270588
0.254902
0.235294
0.250980
0.462745
0.490196
0.415686
0.109804
0.239216
0.309804
0.294118
0.301961
0.223529
0.117647
0.098039
0.117647
0.129412
0.070588
0.078431
0.223529
0.337255
0.337255
0.192157
0.152941
0.219608
0.349020
0.349020
0.368627
0.243137
0.376471
0.286275
0.254902
0.243137
0.239216
0.239216
0.247059
0.482353
0.427451
0.435294
0.349020
0.341176
0.317647
0.290196
0.290196
0.258824
0.168627
0.176471
0.215686
0.290196
0.188235
0.478431
0.607843
0.611765
0.584314
0.223529
0.098039
0.188235
0.341176
0.294118
0.360784
0.235294
0.235294
0.219608
0.239216
0.227451
0.215686
0.223529
0.262745
0.345098
0.380392
0.450980
0.482353
0.301961
0.305882
0.247059
0.223529
0.223529
0.172549
0.172549
0.184314
0.227451
0.341176
0.650980
0.643137
0.662745
0.552941
0.137255
0.109804
0.184314
0.270588
0.152941
0.266667
0.223529
0.211765
0.215686
0.219608
0.192157
0.200000
0.254902
0.243137
0.227451
0.223529
0.290196
0.325490
0.160784
0.219608
0.270588
0.282353
0.270588
0.247059
0.250980
0.239216
0.207843
0.501961
0.537255
0.533333
0.529412
0.392157
0.141176
0.156863
0.188235
0.160784
0.039216
0.164706
0.203922
0.215686
0.211765
0.180392
0.196078
0.258824
0.180392
0.109804
0.113725
0.129412
0.180392
0.196078
0.082353
0.043137
0.082353
0.109804
0.121569
0.109804
0.101961
0.090196
0.101961
0.254902
0.274510
0.227451
0.239216
0.290196
0.211765
0.250980
0.207843
0.070588
0.031373
0.137255
0.200000
0.211765
0.239216
0.247059
0.235294
0.141176
0.090196
0.078431
0.039216
0.031373
0.054902
0.070588
0.047059
0.117647
0.243137
0.250980
0.235294
0.223529
0.192157
0.066667
0.098039
0.156863
0.164706
0.145098
0.125490
0.101961
0.090196
0.298039
0.219608
0.133333
0.149020
0.176471
0.196078
0.372549
0.450980
0.231373
0.109804
0.090196
0.094118
0.078431
0.047059
0.023529
0.015686
0.027451
0.011765
0.215686
0.517647
0.564706
0.592157
0.560784
0.533333
0.156863
0.011765
0.047059
0.047059
0.035294
0.023529
0.019608
0.058824
0.376471
0.262745
0.180392
0.196078
0.184314
0.192157
0.580392
0.329412
0.094118
0.086275
0.094118
0.086275
0.074510
0.058824
0.031373
0.027451
0.047059
0.023529
0.117647
0.286275
0.372549
0.427451
0.435294
0.458824
0.149020
0.019608
0.043137
0.031373
0.019608
0.023529
0.031373
0.054902
0.368627
0.278431
0.172549
0.192157
0.196078
0.200000
0.305882
0.090196
0.074510
0.082353
0.090196
0.082353
0.070588
0.039216
0.019608
0.023529
0.039216
0.035294
0.035294
0.043137
0.054902
0.058824
0.074510
0.086275
0.054902
0.050980
0.074510
0.039216
0.031373
0.035294
0.039216
0.043137
0.290196
0.250980
0.176471
0.196078
0.203922
0.207843
0.149020
0.105882
0.090196
0.090196
0.086275
0.078431
0.066667
0.039216
0.023529
0.023529
0.023529
0.027451
0.023529
0.023529
0.019608
0.019608
0.015686
0.015686
0.027451
0.035294
0.043137
0.035294
0.043137
0.043137
0.035294
0.050980
0.207843
0.211765
0.180392
0.203922
0.203922
0.215686
0.168627
0.121569
0.109804
0.094118
0.082353
0.078431
0.066667
0.054902
0.039216
0.027451
0.027451
0.027451
0.027451
0.027451
0.031373
0.031373
0.031373
0.031373
0.031373
0.031373
0.027451
0.027451
0.031373
0.039216
0.031373
0.043137
0.121569
0.192157
0.200000
0.203922
0.211765
0.219608
0.219608
0.207843
0.176471
0.149020
0.129412
0.109804
0.090196
0.074510
0.062745
0.050980
0.039216
0.035294
0.027451
0.023529
0.023529
0.023529
0.023529
0.023529
0.023529
0.019608
0.019608
0.019608
0.027451
0.031373
0.039216
0.050980
0.133333
0.200000
0.207843
0.215686
0.219608
0.223529
0.227451
0.235294
0.223529
0.223529
0.219608
0.200000
0.196078
0.180392
0.168627
0.152941
0.137255
0.113725
0.101961
0.098039
0.090196
0.078431
0.070588
0.062745
0.062745
0.058824
0.050980
0.062745
0.105882
0.133333
0.141176
0.152941
0.188235
0.203922
0.207843
0.223529
0.223529
0.223529
0.235294
0.235294
0.227451
0.235294
0.235294
0.235294
0.227451
0.227451
0.231373
0.231373
0.227451
0.219608
0.215686
0.227451
0.223529
0.211765
0.207843
0.196078
0.196078
0.192157
0.180392
0.184314
0.192157
0.196078
0.192157
0.192157
0.196078
0.203922
0.215686
0.223529
0.223529
0.219608
0.239216
0.239216
0.231373
0.231373
0.235294
0.227451
0.223529
0.235294
0.235294
0.239216
0.235294
0.239216
0.239216
0.247059
0.239216
0.239216
0.239216
0.227451
0.227451
0.227451
0.219608
0.219608
0.211765
0.203922
0.196078
0.192157
0.188235
0.196078
0.211765
0.211765
0.211765
0.207843
0.564706
0.537255
0.498039
0.545098
0.572549
0.576471
0.580392
0.556863
0.498039
0.486275
0.490196
0.447059
0.415686
0.415686
0.486275
0.525490
0.545098
0.564706
0.568627
0.568627
0.580392
0.592157
0.596078
0.592157
0.564706
0.560784
0.580392
0.564706
0.537255
0.513725
0.407843
0.329412
0.490196
0.505882
0.513725
0.509804
0.525490
0.533333
0.533333
0.537255
0.498039
0.454902
0.490196
0.509804
0.537255
0.549020
0.560784
0.584314
0.600000
0.584314
0.584314
0.600000
0.615686
0.611765
0.592157
0.576471
0.576471
0.584314
0.560784
0.529412
0.454902
0.352941
0.317647
0.388235
0.498039
0.529412
0.513725
0.490196
0.478431
0.462745
0.435294
0.458824
0.517647
0.533333
0.580392
0.596078
0.600000
0.615686
0.600000
0.619608
0.654902
0.682353
0.701961
0.709804
0.705882
0.694118
0.694118
0.674510
0.670588
0.643137
0.564706
0.407843
0.305882
0.337255
0.443137
0.392157
0.498039
0.525490
0.505882
0.490196
0.474510
0.470588
0.501961
0.533333
0.568627
0.592157
0.600000
0.588235
0.584314
0.600000
0.592157
0.576471
0.584314
0.588235
0.584314
0.580392
0.580392
0.584314
0.592157
0.607843
0.635294
0.658824
0.635294
0.482353
0.388235
0.454902
0.368627
0.298039
0.470588
0.490196
0.509804
0.513725
0.525490
0.541176
0.564706
0.568627
0.572549
0.600000
0.623529
0.631373
0.627451
0.549020
0.364706
0.290196
0.274510
0.262745
0.250980
0.247059
0.250980
0.270588
0.286275
0.309804
0.341176
0.407843
0.564706
0.611765
0.517647
0.341176
0.294118
0.301961
0.521569
0.521569
0.533333
0.549020
0.545098
0.552941
0.552941
0.560784
0.584314
0.600000
0.611765
0.647059
0.635294
0.368627
0.188235
0.180392
0.152941
0.172549
0.176471
0.137255
0.152941
0.188235
0.184314
0.168627
0.164706
0.184314
0.439216
0.639216
0.545098
0.321569
0.298039
0.294118
0.556863
0.556863
0.545098
0.556863
0.576471
0.576471
0.603922
0.623529
0.615686
0.611765
0.627451
0.682353
0.549020
0.235294
0.196078
0.176471
0.137255
0.156863
0.172549
0.164706
0.176471
0.184314
0.180392
0.164706
0.160784
0.160784
0.341176
0.643137
0.631373
0.372549
0.294118
0.290196
0.556863
0.560784
0.552941
0.568627
0.603922
0.619608
0.635294
0.635294
0.650980
0.650980
0.647059
0.643137
0.349020
0.196078
0.160784
0.145098
0.121569
0.129412
0.141176
0.152941
0.152941
0.152941
0.156863
0.156863
0.176471
0.160784
0.290196
0.635294
0.666667
0.482353
0.341176
0.290196
0.564706
0.564706
0.564706
0.592157
0.611765
0.607843
0.611765
0.627451
0.635294
0.576471
0.552941
0.498039
0.239216
0.176471
0.149020
0.133333
0.121569
0.137255
0.145098
0.149020
0.149020
0.152941
0.152941
0.160784
0.180392
0.156863
0.243137
0.631373
0.658824
0.607843
0.415686
0.294118
0.568627
0.600000
0.603922
0.603922
0.611765
0.611765
0.607843
0.600000
0.596078
0.403922
0.243137
0.270588
0.207843
0.156863
0.137255
0.129412
0.129412
0.141176
0.137255
0.141176
0.149020
0.160784
0.160784
0.172549
0.196078
0.180392
0.211765
0.525490
0.517647
0.576471
0.423529
0.298039
0.631373
0.603922
0.576471
0.611765
0.619608
0.611765
0.615686
0.603922
0.603922
0.454902
0.231373
0.200000
0.184314
0.137255
0.133333
0.129412
0.145098
0.149020
0.141176
0.129412
0.129412
0.156863
0.176471
0.188235
0.176471
0.172549
0.180392
0.227451
0.286275
0.482353
0.403922
0.301961
0.623529
0.592157
0.600000
0.607843
0.580392
0.572549
0.580392
0.596078
0.596078
0.580392
0.470588
0.505882
0.364706
0.298039
0.286275
0.274510
0.254902
0.231373
0.223529
0.192157
0.184314
0.203922
0.211765
0.231373
0.278431
0.286275
0.219608
0.207843
0.364706
0.439216
0.364706
0.309804
0.615686
0.623529
0.603922
0.600000
0.596078
0.576471
0.568627
0.584314
0.576471
0.588235
0.568627
0.631373
0.588235
0.541176
0.529412
0.521569
0.486275
0.458824
0.462745
0.458824
0.474510
0.470588
0.447059
0.447059
0.517647
0.545098
0.466667
0.356863
0.521569
0.407843
0.313725
0.298039
0.627451
0.619608
0.611765
0.623529
0.600000
0.576471
0.580392
0.560784
0.541176
0.611765
0.654902
0.643137
0.588235
0.572549
0.556863
0.549020
0.549020
0.552941
0.560784
0.568627
0.568627
0.560784
0.552941
0.541176
0.545098
0.607843
0.623529
0.494118
0.486275
0.360784
0.247059
0.274510
0.576471
0.580392
0.600000
0.596078
0.584314
0.560784
0.509804
0.431373
0.501961
0.584314
0.572549
0.525490
0.470588
0.447059
0.427451
0.439216
0.427451
0.415686
0.435294
0.443137
0.439216
0.443137
0.439216
0.415686
0.505882
0.603922
0.600000
0.490196
0.349020
0.356863
0.278431
0.274510
0.545098
0.564706
0.568627
0.576471
0.533333
0.431373
0.321569
0.333333
0.400000
0.419608
0.415686
0.345098
0.325490
0.329412
0.337255
0.400000
0.368627
0.325490
0.337255
0.352941
0.356863
0.356863
0.329412
0.392157
0.505882
0.529412
0.494118
0.396078
0.309804
0.384314
0.329412
0.286275
0.549020
0.529412
0.509804
0.454902
0.360784
0.286275
0.258824
0.439216
0.443137
0.298039
0.250980
0.223529
0.223529
0.227451
0.235294
0.298039
0.274510
0.235294
0.235294
0.239216
0.258824
0.250980
0.266667
0.329412
0.372549
0.372549
0.431373
0.380392
0.329412
0.392157
0.352941
0.286275
0.521569
0.458824
0.376471
0.290196
0.262745
0.254902
0.278431
0.517647
0.588235
0.533333
0.219608
0.345098
0.419608
0.400000
0.407843
0.345098
0.286275
0.274510
0.266667
0.243137
0.211765
0.219608
0.345098
0.435294
0.462745
0.360784
0.294118
0.298039
0.372549
0.380392
0.403922
0.286275
0.400000
0.313725
0.262745
0.250980
0.254902
0.254902
0.286275
0.541176
0.498039
0.513725
0.431373
0.411765
0.360784
0.329412
0.345098
0.341176
0.282353
0.301961
0.341176
0.411765
0.294118
0.564706
0.682353
0.670588
0.682353
0.380392
0.211765
0.239216
0.360784
0.321569
0.407843
0.286275
0.262745
0.250980
0.243137
0.243137
0.235294
0.239216
0.301961
0.407843
0.450980
0.521569
0.556863
0.368627
0.337255
0.270588
0.266667
0.290196
0.235294
0.243137
0.278431
0.333333
0.419608
0.701961
0.686275
0.694118
0.635294
0.278431
0.203922
0.231373
0.290196
0.184314
0.317647
0.274510
0.239216
0.247059
0.235294
0.219608
0.223529
0.266667
0.282353
0.294118
0.301961
0.364706
0.400000
0.235294
0.282353
0.317647
0.337255
0.341176
0.301961
0.305882
0.313725
0.298039
0.572549
0.588235
0.576471
0.560784
0.466667
0.262745
0.239216
0.235294
0.180392
0.066667
0.219608
0.258824
0.239216
0.235294
0.207843
0.227451
0.278431
0.192157
0.145098
0.176471
0.200000
0.247059
0.258824
0.152941
0.129412
0.141176
0.160784
0.172549
0.164706
0.164706
0.180392
0.215686
0.349020
0.349020
0.305882
0.313725
0.384314
0.305882
0.317647
0.250980
0.086275
0.054902
0.192157
0.254902
0.223529
0.247059
0.270588
0.266667
0.160784
0.101961
0.117647
0.098039
0.086275
0.105882
0.117647
0.109804
0.215686
0.313725
0.294118
0.278431
0.286275
0.266667
0.160784
0.211765
0.247059
0.239216
0.223529
0.215686
0.196078
0.172549
0.356863
0.258824
0.145098
0.176471
0.231373
0.247059
0.372549
0.443137
0.243137
0.141176
0.109804
0.105882
0.113725
0.098039
0.058824
0.043137
0.058824
0.054902
0.321569
0.596078
0.600000
0.619608
0.588235
0.564706
0.200000
0.078431
0.094118
0.078431
0.074510
0.082353
0.090196
0.129412
0.427451
0.290196
0.188235
0.223529
0.235294
0.247059
0.568627
0.333333
0.129412
0.121569
0.113725
0.105882
0.105882
0.094118
0.058824
0.054902
0.074510
0.054902
0.184314
0.341176
0.403922
0.450980
0.450980
0.474510
0.172549
0.054902
0.066667
0.050980
0.047059
0.058824
0.078431
0.113725
0.415686
0.309804
0.192157
0.227451
0.243137
0.247059
0.290196
0.109804
0.125490
0.121569
0.109804
0.105882
0.090196
0.062745
0.047059
0.047059
0.062745
0.058824
0.054902
0.066667
0.074510
0.078431
0.094118
0.105882
0.078431
0.074510
0.098039
0.062745
0.054902
0.058824
0.070588
0.090196
0.329412
0.290196
0.215686
0.235294
0.243137
0.247059
0.152941
0.121569
0.117647
0.113725
0.109804
0.101961
0.090196
0.058824
0.035294
0.035294
0.035294
0.039216
0.035294
0.035294
0.031373
0.031373
0.023529
0.027451
0.039216
0.047059
0.054902
0.043137
0.050980
0.050980
0.043137
0.058824
0.231373
0.250980
0.227451
0.243137
0.243137
0.254902
0.192157
0.137255
0.117647
0.109804
0.105882
0.101961
0.090196
0.070588
0.039216
0.031373
0.027451
0.031373
0.031373
0.031373
0.035294
0.035294
0.031373
0.031373
0.031373
0.031373
0.027451
0.027451
0.035294
0.039216
0.027451
0.035294
0.137255
0.231373
0.247059
0.243137
0.250980
0.258824
0.254902
0.231373
0.196078
0.168627
0.152941
0.133333
0.113725
0.090196
0.070588
0.058824
0.047059
0.039216
0.035294
0.027451
0.031373
0.031373
0.031373
0.027451
0.027451
0.027451
0.023529
0.023529
0.035294
0.039216
0.039216
0.054902
0.149020
0.239216
0.254902
0.258824
0.258824
0.262745
0.262745
0.274510
0.262745
0.254902
0.239216
0.223529
0.219608
0.203922
0.184314
0.172549
0.152941
0.133333
0.117647
0.113725
0.105882
0.098039
0.090196
0.082353
0.082353
0.078431
0.066667
0.082353
0.125490
0.152941
0.164706
0.188235
0.223529
0.243137
0.250980
0.262745
0.262745
0.262745
0.262745
0.266667
0.270588
0.266667
0.262745
0.258824
0.254902
0.254902
0.254902
0.254902
0.250980
0.243137
0.243137
0.250980
0.247059
0.239216
0.235294
0.227451
0.223529
0.219608
0.211765
0.215686
0.223529
0.223529
0.231373
0.243137
0.243137
0.243137
0.258824
0.262745
0.262745
0.254902
0.266667
0.262745
0.258824
0.258824
0.262745
0.258824
0.254902
0.262745
0.262745
0.262745
0.258824
0.262745
0.266667
0.270588
0.262745
0.262745
0.262745
0.254902
0.254902
0.250980
0.247059
0.250980
0.243137
0.235294
0.235294
0.239216
0.235294
0.243137
0.258824
0.258824
0.250980
0.235294
0.250980
0.219608
0.207843
0.243137
0.258824
0.274510
0.290196
0.270588
0.223529
0.223529
0.243137
0.203922
0.176471
0.188235
0.243137
0.239216
0.254902
0.266667
0.254902
0.235294
0.243137
0.254902
0.262745
0.254902
0.235294
0.239216
0.258824
0.278431
0.298039
0.298039
0.274510
0.286275
0.207843
0.211765
0.235294
0.247059
0.262745
0.278431
0.282353
0.278431
0.227451
0.176471
0.200000
0.211765
0.231373
0.258824
0.266667
0.270588
0.305882
0.301961
0.301961
0.313725
0.325490
0.313725
0.294118
0.278431
0.282353
0.286275
0.278431
0.290196
0.270588
0.258824
0.294118
0.407843
0.262745
0.274510
0.270588
0.258824
0.247059
0.231373
0.203922
0.211765
0.250980
0.250980
0.270588
0.290196
0.298039
0.231373
0.262745
0.423529
0.545098
0.588235
0.615686
0.639216
0.635294
0.619608
0.623529
0.603922
0.572549
0.517647
0.458824
0.333333
0.258824
0.317647
0.458824
0.427451
0.270588
0.270588
0.254902
0.247059
0.227451
0.215686
0.243137
0.262745
0.282353
0.294118
0.286275
0.282353
0.290196
0.243137
0.356863
0.568627
0.662745
0.666667
0.678431
0.690196
0.694118
0.701961
0.713725
0.729412
0.733333
0.729412
0.713725
0.564706
0.447059
0.462745
0.392157
0.329412
0.196078
0.188235
0.203922
0.227451
0.243137
0.250980
0.266667
0.258824
0.250980
0.278431
0.298039
0.286275
0.282353
0.352941
0.352941
0.396078
0.403922
0.392157
0.392157
0.392157
0.400000
0.423529
0.439216
0.462745
0.494118
0.568627
0.717647
0.737255
0.600000
0.372549
0.349020
0.360784
0.215686
0.192157
0.200000
0.235294
0.239216
0.239216
0.235294
0.235294
0.266667
0.301961
0.294118
0.258824
0.313725
0.380392
0.313725
0.294118
0.266667
0.282353
0.286275
0.247059
0.266667
0.305882
0.298039
0.282353
0.301961
0.356863
0.603922
0.768627
0.631373
0.372549
0.356863
0.356863
0.243137
0.227451
0.223529
0.243137
0.258824
0.258824
0.286275
0.305882
0.298039
0.278431
0.278431
0.301961
0.341176
0.368627
0.313725
0.262745
0.250980
0.262745
0.274510
0.258824
0.286275
0.298039
0.290196
0.274510
0.286275
0.313725
0.505882
0.792157
0.749020
0.439216
0.341176
0.333333
0.243137
0.227451
0.231373
0.254902
0.286275
0.301961
0.317647
0.313725
0.294118
0.266667
0.294118
0.364706
0.278431
0.317647
0.247059
0.235294
0.235294
0.235294
0.243137
0.254902
0.258824
0.262745
0.266667
0.270588
0.290196
0.290196
0.443137
0.796078
0.807843
0.584314
0.411765
0.341176
0.250980
0.231373
0.243137
0.274510
0.294118
0.290196
0.294118
0.286275
0.301961
0.337255
0.360784
0.345098
0.286275
0.290196
0.215686
0.231373
0.235294
0.243137
0.250980
0.250980
0.254902
0.262745
0.266667
0.278431
0.290196
0.266667
0.388235
0.796078
0.815686
0.737255
0.505882
0.345098
0.250980
0.270588
0.282353
0.286275
0.294118
0.294118
0.294118
0.250980
0.309804
0.333333
0.243137
0.254902
0.317647
0.258824
0.215686
0.227451
0.235294
0.243137
0.243137
0.247059
0.250980
0.262745
0.278431
0.298039
0.313725
0.290196
0.352941
0.682353
0.670588
0.713725
0.513725
0.352941
0.313725
0.270588
0.254902
0.294118
0.301961
0.294118
0.294118
0.282353
0.321569
0.301961
0.243137
0.317647
0.290196
0.227451
0.243137
0.227451
0.239216
0.247059
0.243137
0.239216
0.223529
0.247059
0.290196
0.317647
0.301961
0.290196
0.321569
0.368627
0.415686
0.600000
0.482353
0.352941
0.309804
0.266667
0.286275
0.294118
0.266667
0.266667
0.278431
0.290196
0.286275
0.337255
0.454902
0.686275
0.478431
0.403922
0.423529
0.376471
0.356863
0.349020
0.341176
0.317647
0.301961
0.317647
0.341176
0.376471
0.419608
0.431373
0.364706
0.341176
0.498039
0.533333
0.431373
0.356863
0.305882
0.305882
0.298039
0.290196
0.278431
0.270588
0.278431
0.266667
0.301961
0.498039
0.662745
0.807843
0.749020
0.690196
0.674510
0.650980
0.631373
0.615686
0.619608
0.611765
0.627451
0.623529
0.603922
0.611765
0.678431
0.721569
0.627451
0.490196
0.686275
0.494118
0.372549
0.345098
0.309804
0.282353
0.286275
0.305882
0.278431
0.254902
0.254902
0.278431
0.400000
0.647059
0.800000
0.815686
0.776471
0.749020
0.721569
0.709804
0.721569
0.729412
0.737255
0.737255
0.729412
0.709804
0.705882
0.694118
0.698039
0.788235
0.788235
0.623529
0.643137
0.443137
0.305882
0.321569
0.250980
0.235294
0.254902
0.270588
0.274510
0.290196
0.270588
0.294118
0.525490
0.705882
0.737255
0.694118
0.662745
0.639216
0.611765
0.623529
0.619608
0.607843
0.619608
0.623529
0.607843
0.607843
0.600000
0.572549
0.658824
0.788235
0.764706
0.600000
0.482353
0.435294
0.337255
0.321569
0.235294
0.243137
0.266667
0.290196
0.298039
0.290196
0.282353
0.376471
0.513725
0.576471
0.580392
0.494118
0.498039
0.505882
0.517647
0.588235
0.560784
0.513725
0.525490
0.533333
0.549020
0.552941
0.517647
0.572549
0.666667
0.705882
0.666667
0.494118
0.411765
0.458824
0.388235
0.333333
0.262745
0.262745
0.286275
0.286275
0.254902
0.258824
0.309804
0.537255
0.560784
0.435294
0.392157
0.352941
0.360784
0.372549
0.392157
0.462745
0.447059
0.411765
0.415686
0.423529
0.450980
0.447059
0.447059
0.498039
0.521569
0.549020
0.603922
0.466667
0.396078
0.462745
0.411765
0.333333
0.278431
0.266667
0.239216
0.254902
0.282353
0.278431
0.301961
0.568627
0.674510
0.631373
0.329412
0.450980
0.521569
0.509804
0.529412
0.482353
0.431373
0.427451
0.427451
0.419608
0.380392
0.372549
0.482353
0.556863
0.576471
0.525490
0.466667
0.372549
0.427451
0.447059
0.466667
0.333333
0.290196
0.270588
0.258824
0.286275
0.301961
0.298039
0.321569
0.607843
0.611765
0.607843
0.505882
0.482353
0.443137
0.400000
0.423529
0.435294
0.384314
0.388235
0.431373
0.541176
0.411765
0.647059
0.760784
0.733333
0.752941
0.513725
0.341176
0.301961
0.431373
0.372549
0.462745
0.337255
0.247059
0.282353
0.290196
0.286275
0.278431
0.294118
0.356863
0.486275
0.564706
0.623529
0.635294
0.435294
0.403922
0.317647
0.309804
0.349020
0.301961
0.298039
0.337255
0.431373
0.501961
0.749020
0.737255
0.745098
0.705882
0.403922
0.313725
0.282353
0.352941
0.223529
0.372549
0.329412
0.270588
0.294118
0.290196
0.262745
0.262745
0.321569
0.337255
0.356863
0.388235
0.454902
0.494118
0.333333
0.360784
0.376471
0.388235
0.407843
0.372549
0.372549
0.392157
0.400000
0.647059
0.643137
0.643137
0.647059
0.564706
0.396078
0.349020
0.270588
0.223529
0.105882
0.270588
0.313725
0.298039
0.294118
0.262745
0.274510
0.321569
0.247059
0.203922
0.223529
0.254902
0.321569
0.352941
0.266667
0.250980
0.243137
0.254902
0.274510
0.254902
0.258824
0.290196
0.337255
0.443137
0.431373
0.411765
0.439216
0.501961
0.435294
0.415686
0.270588
0.121569
0.098039
0.243137
0.309804
0.262745
0.286275
0.321569
0.313725
0.203922
0.156863
0.176471
0.137255
0.121569
0.152941
0.184314
0.196078
0.341176
0.415686
0.388235
0.372549
0.356863
0.352941
0.266667
0.313725
0.345098
0.333333
0.325490
0.321569
0.286275
0.270588
0.439216
0.282353
0.196078
0.219608
0.282353
0.301961
0.376471
0.454902
0.286275
0.188235
0.152941
0.160784
0.172549
0.137255
0.082353
0.074510
0.094118
0.101961
0.388235
0.639216
0.635294
0.654902
0.603922
0.600000
0.262745
0.125490
0.152941
0.145098
0.129412
0.121569
0.121569
0.196078
0.494118
0.325490
0.254902
0.266667
0.286275
0.298039
0.560784
0.341176
0.164706
0.168627
0.164706
0.160784
0.160784
0.137255
0.090196
0.082353
0.101961
0.086275
0.223529
0.368627
0.427451
0.474510
0.458824
0.494118
0.207843
0.078431
0.101961
0.094118
0.078431
0.078431
0.101961
0.168627
0.470588
0.352941
0.250980
0.270588
0.294118
0.298039
0.301961
0.137255
0.164706
0.172549
0.168627
0.160784
0.149020
0.105882
0.070588
0.074510
0.090196
0.090196
0.098039
0.109804
0.117647
0.121569
0.129412
0.141176
0.109804
0.105882
0.133333
0.098039
0.090196
0.094118
0.109804
0.133333
0.372549
0.333333
0.258824
0.282353
0.290196
0.294118
0.184314
0.168627
0.176471
0.172549
0.164706
0.156863
0.149020
0.094118
0.039216
0.039216
0.039216
0.047059
0.047059
0.047059
0.047059
0.047059
0.043137
0.047059
0.058824
0.066667
0.074510
0.066667
0.070588
0.074510
0.062745
0.078431
0.262745
0.294118
0.278431
0.290196
0.290196
0.301961
0.239216
0.200000
0.192157
0.176471
0.160784
0.152941
0.149020
0.101961
0.039216
0.027451
0.027451
0.027451
0.027451
0.027451
0.027451
0.031373
0.039216
0.043137
0.043137
0.043137
0.039216
0.039216
0.043137
0.050980
0.031373
0.035294
0.156863
0.270588
0.301961
0.294118
0.294118
0.305882
0.305882
0.290196
0.258824
0.227451
0.207843
0.188235
0.172549
0.129412
0.082353
0.070588
0.058824
0.050980
0.039216
0.035294
0.035294
0.035294
0.043137
0.043137
0.043137
0.043137
0.039216
0.043137
0.050980
0.054902
0.050980
0.062745
0.176471
0.282353
0.305882
0.305882
0.305882
0.309804
0.305882
0.313725
0.298039
0.301961
0.294118
0.278431
0.274510
0.250980
0.227451
0.215686
0.196078
0.172549
0.152941
0.149020
0.141176
0.133333
0.121569
0.113725
0.113725
0.109804
0.098039
0.113725
0.152941
0.180392
0.196078
0.223529
0.262745
0.286275
0.294118
0.309804
0.305882
0.309804
0.313725
0.313725
0.309804
0.317647
0.321569
0.317647
0.313725
0.313725
0.317647
0.317647
0.317647
0.305882
0.290196
0.301961
0.298039
0.286275
0.278431
0.262745
0.262745
0.258824
0.250980
0.254902
0.262745
0.266667
0.278431
0.298039
0.298039
0.294118
0.305882
0.313725
0.309804
0.309804
0.313725
0.321569
0.321569
0.321569
0.325490
0.321569
0.317647
0.321569
0.317647
0.321569
0.317647
0.317647
0.313725
0.317647
0.309804
0.309804
0.309804
0.298039
0.298039
0.298039
0.294118
0.298039
0.294118
0.282353
0.286275
0.294118
0.294118
0.298039
0.313725
0.309804
0.301961
0.290196
