0.854902
0.847059
0.862745
0.882353
0.921569
0.949020
0.960784
0.972549
0.980392
0.980392
0.980392
0.976471
0.964706
0.956863
0.956863
0.941176
0.921569
0.909804
0.909804
0.909804
0.913725
0.917647
0.913725
0.909804
0.901961
0.890196
0.882353
0.882353
0.878431
0.878431
0.870588
0.866667
0.870588
0.858824
0.874510
0.909804
0.952941
0.972549
0.988235
0.992157
0.996078
1.000000
1.000000
1.000000
0.992157
0.988235
0.984314
0.976471
0.960784
0.952941
0.949020
0.949020
0.949020
0.949020
0.941176
0.937255
0.929412
0.921569
0.909804
0.905882
0.898039
0.890196
0.882353
0.874510
0.874510
0.870588
0.882353
0.921569
0.960784
0.984314
0.996078
0.996078
0.992157
0.996078
1.000000
1.000000
1.000000
0.996078
0.988235
0.984314
0.968627
0.968627
0.972549
0.972549
0.960784
0.956863
0.952941
0.952941
0.945098
0.933333
0.925490
0.917647
0.905882
0.894118
0.882353
0.878431
0.878431
0.874510
0.878431
0.921569
0.960784
0.984314
0.996078
0.996078
0.992157
0.992157
0.996078
0.996078
1.000000
0.996078
0.992157
0.988235
0.976471
0.976471
0.980392
0.980392
0.972549
0.968627
0.964706
0.960784
0.949020
0.937255
0.933333
0.929412
0.913725
0.894118
0.882353
0.878431
0.878431
0.870588
0.874510
0.913725
0.952941
0.976471
0.996078
0.996078
0.992157
0.992157
0.988235
0.992157
1.000000
1.000000
1.000000
0.996078
0.984314
0.984314
0.980392
0.980392
0.980392
0.980392
0.980392
0.968627
0.952941
0.941176
0.937255
0.929412
0.917647
0.901961
0.886275
0.878431
0.874510
0.870588
0.878431
0.913725
0.945098
0.960784
0.976471
0.988235
0.988235
0.937255
0.952941
0.988235
0.996078
0.996078
0.996078
0.996078
0.996078
0.996078
0.988235
0.988235
0.988235
0.984314
0.980392
0.968627
0.952941
0.941176
0.933333
0.921569
0.913725
0.901961
0.886275
0.878431
0.874510
0.874510
0.890196
0.917647
0.937255
0.952941
0.956863
0.976471
0.972549
0.788235
0.850980
0.980392
0.996078
0.988235
0.992157
0.992157
1.000000
1.000000
0.996078
0.988235
0.988235
0.976471
0.964706
0.964706
0.956863
0.941176
0.929412
0.913725
0.905882
0.894118
0.878431
0.874510
0.874510
0.874510
0.890196
0.917647
0.941176
0.949020
0.952941
0.964706
0.968627
0.768627
0.741176
0.941176
0.996078
0.988235
0.992157
0.992157
1.000000
1.000000
0.996078
0.988235
0.972549
0.964706
0.956863
0.949020
0.941176
0.941176
0.929412
0.913725
0.901961
0.890196
0.874510
0.870588
0.870588
0.870588
0.886275
0.913725
0.933333
0.941176
0.945098
0.960784
0.968627
0.788235
0.752941
0.952941
0.976471
0.992157
0.988235
0.996078
1.000000
1.000000
0.992157
0.984314
0.972549
0.972549
0.952941
0.937255
0.929412
0.941176
0.921569
0.909804
0.894118
0.878431
0.866667
0.862745
0.858824
0.862745
0.878431
0.905882
0.921569
0.933333
0.941176
0.952941
0.945098
0.807843
0.827451
0.964706
0.964706
0.976471
0.988235
0.992157
0.996078
0.996078
0.988235
0.992157
0.992157
0.980392
0.956863
0.835294
0.788235
0.878431
0.917647
0.898039
0.878431
0.862745
0.850980
0.843137
0.839216
0.847059
0.866667
0.890196
0.909804
0.917647
0.921569
0.941176
0.941176
0.800000
0.815686
0.952941
0.968627
0.956863
0.976471
0.984314
0.988235
0.992157
0.980392
0.964706
0.933333
0.835294
0.745098
0.588235
0.513725
0.647059
0.878431
0.886275
0.874510
0.858824
0.847059
0.835294
0.819608
0.835294
0.858824
0.870588
0.898039
0.909804
0.913725
0.929412
0.882353
0.729412
0.792157
0.933333
0.952941
0.949020
0.949020
0.960784
0.956863
0.976471
0.921569
0.854902
0.772549
0.694118
0.647059
0.572549
0.521569
0.588235
0.811765
0.858824
0.862745
0.858824
0.835294
0.819608
0.807843
0.819608
0.843137
0.858824
0.815686
0.717647
0.760784
0.803922
0.709804
0.568627
0.705882
0.764706
0.823529
0.882353
0.874510
0.764706
0.741176
0.921569
0.866667
0.803922
0.760784
0.643137
0.635294
0.607843
0.560784
0.623529
0.709804
0.729412
0.819608
0.847059
0.819608
0.796078
0.788235
0.800000
0.823529
0.850980
0.737255
0.431373
0.427451
0.454902
0.447059
0.407843
0.458824
0.474510
0.572549
0.600000
0.639216
0.537255
0.545098
0.803922
0.705882
0.709804
0.639216
0.517647
0.556863
0.509804
0.482353
0.678431
0.713725
0.690196
0.768627
0.823529
0.803922
0.784314
0.737255
0.756863
0.784314
0.807843
0.749020
0.411765
0.321569
0.345098
0.360784
0.345098
0.368627
0.388235
0.313725
0.247059
0.298039
0.400000
0.454902
0.513725
0.517647
0.568627
0.607843
0.501961
0.474510
0.541176
0.525490
0.662745
0.650980
0.607843
0.701961
0.796078
0.792157
0.776471
0.666667
0.686275
0.717647
0.745098
0.725490
0.423529
0.243137
0.321569
0.376471
0.360784
0.407843
0.443137
0.329412
0.262745
0.239216
0.313725
0.329412
0.333333
0.384314
0.407843
0.447059
0.400000
0.301961
0.298039
0.447059
0.505882
0.431373
0.380392
0.494118
0.658824
0.749020
0.741176
0.635294
0.654902
0.686275
0.705882
0.698039
0.439216
0.196078
0.286275
0.392157
0.411765
0.450980
0.482353
0.486275
0.490196
0.470588
0.439216
0.360784
0.388235
0.407843
0.400000
0.403922
0.364706
0.286275
0.282353
0.447059
0.466667
0.439216
0.415686
0.407843
0.537255
0.674510
0.670588
0.615686
0.635294
0.654902
0.658824
0.698039
0.541176
0.200000
0.211765
0.258824
0.286275
0.329412
0.364706
0.392157
0.439216
0.447059
0.450980
0.439216
0.482353
0.478431
0.470588
0.458824
0.411765
0.352941
0.352941
0.376471
0.372549
0.360784
0.356863
0.349020
0.517647
0.603922
0.596078
0.611765
0.619608
0.627451
0.639216
0.666667
0.568627
0.223529
0.164706
0.180392
0.211765
0.243137
0.254902
0.262745
0.305882
0.301961
0.317647
0.403922
0.439216
0.427451
0.427451
0.388235
0.356863
0.333333
0.337255
0.321569
0.329412
0.349020
0.360784
0.419608
0.529412
0.572549
0.564706
0.580392
0.580392
0.592157
0.584314
0.584314
0.474510
0.274510
0.250980
0.262745
0.298039
0.333333
0.341176
0.372549
0.435294
0.470588
0.466667
0.537255
0.537255
0.552941
0.572549
0.533333
0.505882
0.486275
0.474510
0.474510
0.486275
0.521569
0.537255
0.576471
0.592157
0.588235
0.576471
0.541176
0.552941
0.584314
0.588235
0.576471
0.462745
0.341176
0.356863
0.384314
0.411765
0.466667
0.517647
0.564706
0.635294
0.627451
0.596078
0.600000
0.619608
0.619608
0.635294
0.627451
0.584314
0.560784
0.537255
0.533333
0.545098
0.568627
0.580392
0.611765
0.603922
0.596078
0.576471
0.529412
0.529412
0.556863
0.568627
0.545098
0.501961
0.454902
0.470588
0.490196
0.533333
0.564706
0.607843
0.654902
0.678431
0.647059
0.623529
0.619608
0.658824
0.666667
0.666667
0.654902
0.623529
0.596078
0.568627
0.556863
0.580392
0.596078
0.584314
0.611765
0.600000
0.584314
0.556863
0.525490
0.529412
0.552941
0.556863
0.549020
0.525490
0.529412
0.545098
0.545098
0.568627
0.584314
0.627451
0.666667
0.682353
0.662745
0.654902
0.666667
0.694118
0.694118
0.682353
0.658824
0.627451
0.607843
0.588235
0.568627
0.588235
0.600000
0.592157
0.588235
0.588235
0.568627
0.541176
0.505882
0.517647
0.545098
0.545098
0.545098
0.529412
0.541176
0.564706
0.541176
0.549020
0.596078
0.647059
0.674510
0.690196
0.682353
0.670588
0.682353
0.698039
0.678431
0.666667
0.658824
0.643137
0.623529
0.607843
0.588235
0.584314
0.584314
0.576471
0.568627
0.564706
0.537255
0.509804
0.494118
0.513725
0.549020
0.545098
0.541176
0.521569
0.517647
0.541176
0.549020
0.576471
0.603922
0.639216
0.666667
0.686275
0.690196
0.674510
0.670588
0.678431
0.662745
0.650980
0.647059
0.643137
0.623529
0.600000
0.588235
0.576471
0.568627
0.556863
0.560784
0.552941
0.517647
0.486275
0.490196
0.505882
0.501961
0.490196
0.494118
0.509804
0.517647
0.525490
0.533333
0.545098
0.560784
0.596078
0.643137
0.658824
0.654902
0.650980
0.658824
0.658824
0.654902
0.635294
0.603922
0.600000
0.596078
0.572549
0.560784
0.564706
0.552941
0.533333
0.533333
0.521569
0.505882
0.462745
0.462745
0.466667
0.466667
0.454902
0.474510
0.517647
0.533333
0.529412
0.513725
0.505882
0.541176
0.592157
0.615686
0.635294
0.643137
0.635294
0.647059
0.647059
0.647059
0.623529
0.600000
0.572549
0.564706
0.560784
0.560784
0.564706
0.537255
0.509804
0.509804
0.474510
0.470588
0.447059
0.427451
0.447059
0.474510
0.474510
0.490196
0.525490
0.521569
0.498039
0.494118
0.505882
0.545098
0.592157
0.603922
0.619608
0.631373
0.627451
0.627451
0.627451
0.619608
0.607843
0.592157
0.568627
0.560784
0.549020
0.545098
0.545098
0.525490
0.505882
0.505882
0.458824
0.411765
0.415686
0.431373
0.450980
0.458824
0.458824
0.470588
0.482353
0.470588
0.450980
0.458824
0.505882
0.537255
0.556863
0.580392
0.603922
0.611765
0.611765
0.619608
0.627451
0.615686
0.603922
0.580392
0.556863
0.549020
0.549020
0.545098
0.517647
0.494118
0.486275
0.474510
0.454902
0.427451
0.403922
0.419608
0.431373
0.439216
0.431373
0.423529
0.411765
0.403922
0.423529
0.466667
0.505882
0.525490
0.541176
0.560784
0.588235
0.596078
0.580392
0.576471
0.592157
0.592157
0.572549
0.552941
0.549020
0.537255
0.533333
0.537255
0.509804
0.490196
0.466667
0.423529
0.419608
0.439216
0.423529
0.384314
0.400000
0.415686
0.407843
0.392157
0.384314
0.396078
0.431373
0.462745
0.478431
0.505882
0.541176
0.560784
0.552941
0.552941
0.552941
0.549020
0.549020
0.552941
0.537255
0.533333
0.521569
0.517647
0.509804
0.498039
0.490196
0.482353
0.454902
0.431373
0.415686
0.392157
0.356863
0.368627
0.380392
0.380392
0.388235
0.364706
0.352941
0.376471
0.411765
0.435294
0.454902
0.478431
0.513725
0.521569
0.513725
0.521569
0.533333
0.537255
0.521569
0.509804
0.501961
0.501961
0.494118
0.494118
0.498039
0.486275
0.462745
0.435294
0.419608
0.423529
0.396078
0.364706
0.329412
0.905882
0.898039
0.913725
0.929412
0.956863
0.976471
0.976471
0.976471
0.980392
0.980392
0.976471
0.980392
0.976471
0.968627
0.968627
0.956863
0.945098
0.937255
0.933333
0.933333
0.925490
0.925490
0.921569
0.917647
0.921569
0.917647
0.909804
0.909804
0.898039
0.890196
0.882353
0.878431
0.921569
0.909804
0.925490
0.952941
0.984314
0.996078
0.996078
0.996078
0.996078
1.000000
1.000000
1.000000
0.992157
0.988235
0.988235
0.980392
0.976471
0.968627
0.968627
0.964706
0.952941
0.949020
0.941176
0.937255
0.941176
0.937255
0.925490
0.921569
0.909804
0.901961
0.894118
0.886275
0.925490
0.921569
0.933333
0.956863
0.984314
0.996078
0.992157
0.992157
0.992157
0.996078
1.000000
1.000000
0.996078
0.992157
0.984314
0.980392
0.976471
0.976471
0.980392
0.976471
0.960784
0.952941
0.949020
0.949020
0.945098
0.937255
0.929412
0.921569
0.913725
0.905882
0.894118
0.890196
0.933333
0.925490
0.929412
0.949020
0.972549
0.984314
0.984314
0.988235
0.992157
0.992157
0.996078
0.992157
0.992157
0.988235
0.984314
0.984314
0.976471
0.976471
0.980392
0.976471
0.960784
0.956863
0.952941
0.949020
0.945098
0.933333
0.933333
0.925490
0.917647
0.905882
0.894118
0.890196
0.929412
0.921569
0.925490
0.937255
0.956863
0.968627
0.980392
0.988235
0.992157
0.992157
0.988235
0.988235
0.980392
0.980392
0.980392
0.980392
0.984314
0.984314
0.980392
0.976471
0.964706
0.960784
0.960784
0.949020
0.941176
0.933333
0.929412
0.921569
0.921569
0.913725
0.898039
0.890196
0.933333
0.917647
0.925490
0.933333
0.949020
0.964706
0.976471
0.988235
0.988235
0.937255
0.952941
0.984314
0.980392
0.980392
0.976471
0.980392
0.984314
0.980392
0.976471
0.972549
0.964706
0.968627
0.972549
0.956863
0.937255
0.925490
0.925490
0.921569
0.921569
0.913725
0.898039
0.890196
0.933333
0.921569
0.925490
0.933333
0.949020
0.964706
0.972549
0.984314
0.972549
0.788235
0.850980
0.976471
0.980392
0.972549
0.976471
0.976471
0.980392
0.980392
0.976471
0.968627
0.964706
0.968627
0.968627
0.964706
0.937255
0.925490
0.925490
0.921569
0.917647
0.905882
0.890196
0.886275
0.933333
0.921569
0.925490
0.933333
0.949020
0.960784
0.968627
0.972549
0.968627
0.768627
0.745098
0.937255
0.980392
0.972549
0.976471
0.976471
0.980392
0.980392
0.976471
0.972549
0.976471
0.960784
0.945098
0.937255
0.925490
0.925490
0.925490
0.921569
0.913725
0.901961
0.886275
0.882353
0.933333
0.917647
0.925490
0.929412
0.941176
0.952941
0.960784
0.968627
0.968627
0.788235
0.752941
0.945098
0.960784
0.976471
0.972549
0.976471
0.980392
0.980392
0.980392
0.976471
0.976471
0.949020
0.913725
0.917647
0.917647
0.929412
0.921569
0.917647
0.905882
0.890196
0.878431
0.874510
0.921569
0.909804
0.917647
0.921569
0.933333
0.945098
0.956863
0.960784
0.945098
0.807843
0.827451
0.956863
0.949020
0.960784
0.972549
0.976471
0.976471
0.980392
0.980392
0.988235
0.972549
0.925490
0.890196
0.811765
0.776471
0.870588
0.917647
0.905882
0.890196
0.874510
0.862745
0.854902
0.901961
0.898039
0.905882
0.905882
0.917647
0.929412
0.937255
0.949020
0.941176
0.800000
0.815686
0.949020
0.952941
0.945098
0.960784
0.968627
0.968627
0.972549
0.972549
0.956863
0.866667
0.709804
0.635294
0.568627
0.513725
0.639216
0.878431
0.894118
0.882353
0.870588
0.858824
0.847059
0.882353
0.882353
0.894118
0.894118
0.913725
0.929412
0.937255
0.945098
0.894118
0.737255
0.796078
0.929412
0.941176
0.937255
0.937255
0.949020
0.952941
0.972549
0.917647
0.835294
0.701961
0.584314
0.556863
0.549020
0.525490
0.596078
0.823529
0.882353
0.874510
0.862745
0.847059
0.835294
0.866667
0.866667
0.878431
0.894118
0.854902
0.764706
0.815686
0.858824
0.756863
0.603922
0.729412
0.780392
0.839216
0.898039
0.890196
0.784314
0.780392
0.941176
0.858824
0.772549
0.733333
0.631373
0.619608
0.560784
0.545098
0.635294
0.733333
0.764706
0.831373
0.839216
0.835294
0.827451
0.847059
0.850980
0.862745
0.882353
0.780392
0.505882
0.525490
0.556863
0.541176
0.486275
0.521569
0.537255
0.643137
0.670588
0.709804
0.607843
0.596078
0.831373
0.709804
0.690196
0.619608
0.521569
0.552941
0.462745
0.450980
0.670588
0.717647
0.705882
0.776471
0.827451
0.823529
0.819608
0.796078
0.807843
0.823529
0.835294
0.796078
0.505882
0.466667
0.494118
0.490196
0.462745
0.470588
0.494118
0.435294
0.368627
0.419608
0.517647
0.552941
0.596078
0.584314
0.619608
0.635294
0.545098
0.525490
0.556863
0.533333
0.686275
0.682353
0.654902
0.737255
0.819608
0.823529
0.811765
0.729412
0.737255
0.756863
0.772549
0.772549
0.521569
0.388235
0.470588
0.501961
0.474510
0.509804
0.545098
0.439216
0.372549
0.349020
0.431373
0.466667
0.462745
0.505882
0.517647
0.533333
0.505882
0.427451
0.400000
0.529412
0.588235
0.529412
0.494118
0.572549
0.705882
0.792157
0.776471
0.698039
0.709804
0.729412
0.745098
0.745098
0.517647
0.305882
0.392157
0.482353
0.490196
0.517647
0.541176
0.537255
0.541176
0.517647
0.494118
0.443137
0.470588
0.486275
0.474510
0.462745
0.450980
0.396078
0.380392
0.521569
0.541176
0.529412
0.521569
0.494118
0.603922
0.725490
0.705882
0.682353
0.690196
0.694118
0.701961
0.745098
0.596078
0.258824
0.266667
0.305882
0.317647
0.341176
0.360784
0.372549
0.419608
0.427451
0.423529
0.392157
0.435294
0.439216
0.431373
0.423529
0.407843
0.376471
0.372549
0.384314
0.384314
0.384314
0.388235
0.415686
0.592157
0.658824
0.631373
0.678431
0.674510
0.670588
0.686275
0.713725
0.607843
0.250980
0.192157
0.192157
0.200000
0.196078
0.192157
0.196078
0.239216
0.239216
0.235294
0.266667
0.298039
0.290196
0.298039
0.313725
0.301961
0.286275
0.290196
0.305882
0.329412
0.360784
0.384314
0.458824
0.576471
0.623529
0.615686
0.647059
0.635294
0.635294
0.635294
0.631373
0.509804
0.290196
0.266667
0.274510
0.274510
0.278431
0.274510
0.317647
0.380392
0.415686
0.407843
0.462745
0.462745
0.474510
0.498039
0.486275
0.462745
0.443137
0.435294
0.462745
0.498039
0.537255
0.568627
0.607843
0.623529
0.635294
0.631373
0.607843
0.607843
0.631373
0.635294
0.623529
0.498039
0.360784
0.376471
0.396078
0.403922
0.435294
0.482353
0.545098
0.615686
0.607843
0.584314
0.611765
0.631373
0.631373
0.643137
0.615686
0.568627
0.549020
0.525490
0.529412
0.552941
0.588235
0.611765
0.643137
0.639216
0.639216
0.631373
0.600000
0.588235
0.600000
0.619608
0.596078
0.537255
0.474510
0.486275
0.505882
0.537255
0.552941
0.603922
0.666667
0.690196
0.658824
0.631373
0.627451
0.666667
0.674510
0.674510
0.658824
0.627451
0.603922
0.572549
0.560784
0.588235
0.615686
0.619608
0.639216
0.635294
0.627451
0.611765
0.596078
0.588235
0.600000
0.607843
0.596078
0.560784
0.552941
0.560784
0.556863
0.580392
0.592157
0.635294
0.678431
0.694118
0.678431
0.662745
0.647059
0.670588
0.670588
0.658824
0.654902
0.631373
0.611765
0.588235
0.572549
0.596078
0.619608
0.627451
0.619608
0.619608
0.615686
0.596078
0.576471
0.580392
0.592157
0.600000
0.596078
0.568627
0.568627
0.576471
0.549020
0.564706
0.611765
0.658824
0.674510
0.690196
0.686275
0.670588
0.674510
0.686275
0.670588
0.658824
0.647059
0.631373
0.607843
0.592157
0.588235
0.596078
0.600000
0.607843
0.600000
0.596078
0.584314
0.564706
0.564706
0.568627
0.592157
0.592157
0.588235
0.552941
0.537255
0.556863
0.560784
0.584314
0.611765
0.643137
0.670588
0.690196
0.690196
0.678431
0.678431
0.686275
0.670588
0.658824
0.643137
0.635294
0.615686
0.592157
0.588235
0.584314
0.588235
0.592157
0.596078
0.596078
0.572549
0.549020
0.560784
0.556863
0.541176
0.537255
0.541176
0.541176
0.533333
0.545098
0.552941
0.549020
0.552941
0.592157
0.650980
0.666667
0.662745
0.658824
0.666667
0.666667
0.662745
0.643137
0.611765
0.607843
0.603922
0.580392
0.568627
0.572549
0.572549
0.568627
0.580392
0.576471
0.568627
0.533333
0.541176
0.525490
0.513725
0.505882
0.525490
0.556863
0.556863
0.556863
0.541176
0.521569
0.541176
0.588235
0.623529
0.643137
0.650980
0.643137
0.654902
0.654902
0.654902
0.631373
0.603922
0.580392
0.572549
0.568627
0.568627
0.572549
0.560784
0.545098
0.552941
0.525490
0.529412
0.517647
0.513725
0.517647
0.533333
0.537255
0.552941
0.568627
0.556863
0.533333
0.533333
0.529412
0.556863
0.596078
0.611765
0.627451
0.639216
0.635294
0.635294
0.635294
0.627451
0.615686
0.600000
0.576471
0.568627
0.556863
0.549020
0.552941
0.549020
0.545098
0.549020
0.509804
0.470588
0.486275
0.529412
0.529412
0.525490
0.529412
0.545098
0.541176
0.513725
0.498039
0.505882
0.541176
0.556863
0.568627
0.588235
0.611765
0.619608
0.619608
0.627451
0.635294
0.623529
0.611765
0.588235
0.568627
0.556863
0.556863
0.549020
0.525490
0.517647
0.521569
0.517647
0.505882
0.490196
0.474510
0.521569
0.517647
0.513725
0.513725
0.505882
0.478431
0.454902
0.474510
0.521569
0.545098
0.552941
0.556863
0.568627
0.596078
0.603922
0.588235
0.584314
0.600000
0.600000
0.580392
0.560784
0.556863
0.545098
0.541176
0.541176
0.521569
0.513725
0.505882
0.466667
0.470588
0.498039
0.494118
0.490196
0.490196
0.494118
0.486275
0.470588
0.450980
0.450980
0.490196
0.521569
0.529412
0.541176
0.564706
0.572549
0.564706
0.564706
0.568627
0.560784
0.564706
0.564706
0.549020
0.545098
0.537255
0.533333
0.521569
0.509804
0.505882
0.509804
0.494118
0.478431
0.470588
0.454902
0.431373
0.470588
0.466667
0.454902
0.454902
0.431373
0.419608
0.443137
0.482353
0.501961
0.509804
0.517647
0.545098
0.545098
0.541176
0.545098
0.556863
0.560784
0.549020
0.533333
0.525490
0.525490
0.517647
0.517647
0.521569
0.501961
0.486275
0.470588
0.470588
0.474510
0.454902
0.431373
0.411765
0.929412
0.921569
0.937255
0.949020
0.968627
0.976471
0.968627
0.972549
0.980392
0.980392
0.976471
0.980392
0.984314
0.980392
0.976471
0.972549
0.964706
0.956863
0.956863
0.952941
0.952941
0.952941
0.949020
0.949020
0.945098
0.941176
0.933333
0.929412
0.925490
0.925490
0.917647
0.909804
0.945098
0.933333
0.949020
0.972549
0.996078
1.000000
0.992157
0.992157
0.996078
1.000000
1.000000
1.000000
1.000000
1.000000
1.000000
0.996078
0.992157
0.984314
0.984314
0.984314
0.980392
0.980392
0.972549
0.968627
0.968627
0.960784
0.949020
0.945098
0.941176
0.937255
0.929412
0.921569
0.949020
0.945098
0.956863
0.980392
1.000000
1.000000
0.992157
0.992157
0.992157
0.996078
1.000000
1.000000
1.000000
1.000000
1.000000
0.996078
0.988235
0.984314
0.988235
0.988235
0.988235
0.988235
0.980392
0.980392
0.976471
0.964706
0.960784
0.952941
0.949020
0.941176
0.929412
0.925490
0.956863
0.949020
0.952941
0.972549
0.992157
0.996078
0.988235
0.988235
0.992157
0.992157
0.996078
0.996078
1.000000
1.000000
1.000000
0.996078
0.980392
0.980392
0.980392
0.984314
0.988235
0.992157
0.988235
0.984314
0.976471
0.964706
0.964706
0.956863
0.952941
0.941176
0.929412
0.925490
0.952941
0.945098
0.949020
0.964706
0.980392
0.984314
0.984314
0.988235
0.992157
0.992157
0.988235
0.992157
1.000000
1.000000
1.000000
0.996078
0.984314
0.980392
0.980392
0.980392
0.992157
0.996078
0.996078
0.988235
0.976471
0.964706
0.964706
0.956863
0.956863
0.949020
0.933333
0.925490
0.952941
0.941176
0.949020
0.964706
0.980392
0.980392
0.984314
0.988235
0.988235
0.937255
0.952941
0.988235
0.992157
0.992157
0.992157
0.988235
0.988235
0.992157
0.988235
0.988235
0.980392
0.984314
0.992157
0.988235
0.976471
0.968627
0.960784
0.949020
0.952941
0.949020
0.933333
0.925490
0.956863
0.945098
0.952941
0.972549
0.988235
0.984314
0.980392
0.984314
0.972549
0.788235
0.850980
0.976471
0.984314
0.976471
0.980392
0.984314
0.996078
1.000000
1.000000
0.996078
0.976471
0.976471
0.984314
0.984314
0.980392
0.964706
0.952941
0.941176
0.945098
0.941176
0.925490
0.921569
0.956863
0.945098
0.952941
0.972549
0.988235
0.984314
0.976471
0.976471
0.968627
0.768627
0.741176
0.937255
0.984314
0.976471
0.980392
0.984314
0.996078
0.996078
0.992157
0.988235
0.996078
0.992157
0.976471
0.960784
0.952941
0.952941
0.949020
0.941176
0.945098
0.937255
0.921569
0.917647
0.952941
0.941176
0.949020
0.972549
0.984314
0.976471
0.968627
0.968627
0.968627
0.788235
0.752941
0.949020
0.964706
0.980392
0.976471
0.984314
1.000000
0.992157
0.980392
0.968627
0.988235
0.984314
0.945098
0.933333
0.921569
0.941176
0.937255
0.941176
0.941176
0.925490
0.913725
0.909804
0.941176
0.937255
0.941176
0.960784
0.972549
0.964706
0.964706
0.960784
0.945098
0.807843
0.827451
0.960784
0.952941
0.964706
0.976471
0.984314
1.000000
0.988235
0.964706
0.956863
0.945098
0.917647
0.890196
0.800000
0.760784
0.862745
0.929412
0.929412
0.925490
0.909804
0.898039
0.890196
0.921569
0.921569
0.929412
0.945098
0.956863
0.952941
0.945098
0.949020
0.941176
0.800000
0.815686
0.949020
0.956863
0.945098
0.964706
0.980392
0.996078
0.980392
0.945098
0.898039
0.756863
0.627451
0.584314
0.521569
0.470588
0.615686
0.882353
0.925490
0.921569
0.905882
0.894118
0.878431
0.901961
0.905882
0.921569
0.929412
0.949020
0.949020
0.949020
0.945098
0.890196
0.733333
0.796078
0.929412
0.949020
0.941176
0.941176
0.960784
0.972549
0.968627
0.886275
0.772549
0.576471
0.462745
0.470588
0.486275
0.482353
0.568627
0.819608
0.901961
0.913725
0.905882
0.890196
0.874510
0.894118
0.898039
0.913725
0.917647
0.874510
0.776471
0.827451
0.854902
0.741176
0.592157
0.721569
0.780392
0.847059
0.905882
0.898039
0.792157
0.776471
0.929412
0.831373
0.737255
0.674510
0.537255
0.529412
0.521569
0.525490
0.619608
0.725490
0.768627
0.866667
0.898039
0.886275
0.874510
0.870588
0.874510
0.890196
0.901961
0.788235
0.505882
0.521569
0.537255
0.509804
0.458824
0.501961
0.525490
0.643137
0.674510
0.713725
0.611765
0.600000
0.831373
0.701961
0.678431
0.603922
0.474510
0.498039
0.450980
0.443137
0.662745
0.717647
0.713725
0.811765
0.882353
0.870588
0.862745
0.807843
0.823529
0.839216
0.850980
0.796078
0.490196
0.435294
0.454902
0.447059
0.423529
0.435294
0.470588
0.431373
0.364706
0.415686
0.513725
0.549020
0.592157
0.580392
0.615686
0.627451
0.521569
0.498039
0.549020
0.517647
0.666667
0.674510
0.650980
0.760784
0.862745
0.858824
0.847059
0.729412
0.745098
0.764706
0.776471
0.764706
0.498039
0.349020
0.423529
0.462745
0.435294
0.474510
0.521569
0.427451
0.360784
0.341176
0.415686
0.431373
0.435294
0.486275
0.505882
0.517647
0.490196
0.403922
0.376471
0.490196
0.552941
0.498039
0.466667
0.576471
0.725490
0.815686
0.800000
0.690196
0.705882
0.729412
0.737255
0.729412
0.490196
0.270588
0.356863
0.450980
0.466667
0.494118
0.521569
0.521569
0.525490
0.505882
0.474510
0.400000
0.439216
0.474510
0.466667
0.447059
0.447059
0.392157
0.349020
0.482353
0.505882
0.501961
0.498039
0.490196
0.607843
0.737255
0.721569
0.670588
0.682353
0.690196
0.686275
0.721569
0.568627
0.231373
0.243137
0.290196
0.309804
0.337255
0.352941
0.352941
0.400000
0.407843
0.400000
0.364706
0.419608
0.443137
0.443137
0.419608
0.423529
0.392157
0.352941
0.356863
0.368627
0.376471
0.388235
0.411765
0.588235
0.658824
0.643137
0.662745
0.662745
0.662745
0.666667
0.686275
0.572549
0.211765
0.160784
0.176471
0.192157
0.203922
0.188235
0.172549
0.211765
0.211765
0.211765
0.247059
0.286275
0.282353
0.294118
0.290196
0.286275
0.270588
0.262745
0.270588
0.298039
0.341176
0.372549
0.443137
0.560784
0.611765
0.611765
0.623529
0.619608
0.623529
0.611765
0.600000
0.470588
0.243137
0.219608
0.235294
0.247059
0.258824
0.254902
0.282353
0.345098
0.380392
0.372549
0.423529
0.419608
0.435294
0.458824
0.447059
0.423529
0.403922
0.396078
0.415686
0.450980
0.505882
0.549020
0.580392
0.603922
0.615686
0.623529
0.580392
0.584314
0.607843
0.607843
0.584314
0.454902
0.309804
0.309804
0.329412
0.341176
0.380392
0.431373
0.498039
0.568627
0.560784
0.533333
0.549020
0.568627
0.568627
0.580392
0.564706
0.521569
0.501961
0.478431
0.482353
0.509804
0.556863
0.592157
0.615686
0.615686
0.623529
0.623529
0.560784
0.552941
0.572549
0.580392
0.549020
0.482353
0.411765
0.407843
0.415686
0.454902
0.474510
0.529412
0.607843
0.631373
0.600000
0.576471
0.572549
0.611765
0.619608
0.619608
0.603922
0.572549
0.549020
0.521569
0.509804
0.545098
0.584314
0.596078
0.615686
0.611765
0.611765
0.603922
0.549020
0.545098
0.560784
0.560784
0.541176
0.498039
0.482353
0.482353
0.474510
0.501961
0.513725
0.564706
0.623529
0.635294
0.619608
0.607843
0.603922
0.631373
0.631373
0.619608
0.603922
0.576471
0.556863
0.537255
0.521569
0.552941
0.588235
0.603922
0.592157
0.596078
0.600000
0.588235
0.525490
0.529412
0.549020
0.545098
0.533333
0.498039
0.486275
0.501961
0.490196
0.498039
0.549020
0.600000
0.619608
0.635294
0.631373
0.619608
0.635294
0.647059
0.631373
0.619608
0.600000
0.580392
0.560784
0.545098
0.537255
0.552941
0.568627
0.588235
0.576471
0.572549
0.568627
0.556863
0.517647
0.525490
0.552941
0.541176
0.529412
0.494118
0.474510
0.494118
0.505882
0.529412
0.556863
0.588235
0.615686
0.635294
0.635294
0.623529
0.627451
0.639216
0.619608
0.607843
0.592157
0.584314
0.564706
0.541176
0.533333
0.533333
0.549020
0.560784
0.564706
0.560784
0.549020
0.533333
0.517647
0.521569
0.513725
0.490196
0.482353
0.490196
0.490196
0.494118
0.490196
0.494118
0.501961
0.541176
0.596078
0.611765
0.607843
0.603922
0.607843
0.611765
0.607843
0.588235
0.556863
0.552941
0.549020
0.525490
0.509804
0.517647
0.525490
0.533333
0.537255
0.529412
0.533333
0.509804
0.498039
0.486275
0.478431
0.458824
0.466667
0.501961
0.509804
0.501961
0.478431
0.462745
0.486275
0.537255
0.568627
0.588235
0.596078
0.588235
0.600000
0.600000
0.600000
0.576471
0.552941
0.525490
0.517647
0.513725
0.509804
0.517647
0.509804
0.505882
0.509804
0.482353
0.498039
0.494118
0.466667
0.474510
0.494118
0.486275
0.490196
0.513725
0.505882
0.474510
0.466667
0.466667
0.498039
0.541176
0.556863
0.572549
0.584314
0.580392
0.580392
0.580392
0.572549
0.560784
0.545098
0.521569
0.513725
0.501961
0.494118
0.498039
0.498039
0.505882
0.505882
0.466667
0.439216
0.462745
0.478431
0.486275
0.486275
0.474510
0.478431
0.482353
0.462745
0.435294
0.435294
0.474510
0.498039
0.509804
0.533333
0.556863
0.564706
0.564706
0.572549
0.580392
0.568627
0.556863
0.533333
0.513725
0.501961
0.501961
0.490196
0.470588
0.466667
0.486275
0.478431
0.462745
0.454902
0.450980
0.470588
0.470588
0.470588
0.454902
0.435294
0.415686
0.396078
0.411765
0.450980
0.478431
0.490196
0.498039
0.513725
0.541176
0.549020
0.533333
0.529412
0.545098
0.545098
0.525490
0.505882
0.501961
0.490196
0.482353
0.486275
0.466667
0.462745
0.466667
0.427451
0.423529
0.462745
0.470588
0.439216
0.443137
0.450980
0.427451
0.403922
0.388235
0.392157
0.423529
0.447059
0.458824
0.474510
0.501961
0.517647
0.505882
0.505882
0.509804
0.505882
0.505882
0.509804
0.494118
0.486275
0.478431
0.474510
0.462745
0.447059
0.447059
0.458824
0.454902
0.435294
0.431373
0.423529
0.411765
0.431373
0.419608
0.403922
0.396078
0.368627
0.356863
0.380392
0.411765
0.427451
0.439216
0.450980
0.478431
0.486275
0.478431
0.486275
0.498039
0.498039
0.486275
0.474510
0.466667
0.462745
0.454902
0.458824
0.458824
0.439216
0.423529
0.415686
0.427451
0.435294
0.419608
0.407843
0.396078
