235
235
235
235
235
235
236
236
236
233
233
233
233
233
233
233
233
233
233
233
233
233
233
233
232
232
232
231
231
231
231
231
231
231
231
231
232
232
232
234
234
234
234
234
234
231
231
231
232
232
232
233
233
233
233
233
233
235
235
235
233
233
233
232
232
232
234
234
234
235
235
235
224
224
224
197
197
197
189
189
189
187
187
187
210
210
210
236
236
236
236
236
236
239
239
239
237
237
237
236
236
236
235
235
235
233
233
233
233
233
233
234
234
234
234
234
234
234
234
234
234
234
234
235
235
235
235
235
235
234
234
234
235
235
235
237
237
237
236
236
236
235
235
235
237
237
237
236
236
236
237
237
237
237
237
237
234
234
234
233
233
233
235
235
235
227
227
227
187
187
187
161
161
161
99
99
99
126
126
126
229
229
229
238
238
238
240
240
240
243
243
243
239
239
239
236
236
236
235
235
235
233
233
233
235
235
235
235
235
235
234
234
234
234
234
234
235
235
235
237
237
237
237
237
237
236
236
236
238
238
238
239
239
239
239
239
239
236
236
236
237
237
237
241
241
241
239
239
239
237
237
237
236
236
236
235
235
235
224
224
224
180
180
180
129
129
129
107
107
107
96
96
96
139
139
139
237
237
237
240
240
240
243
243
243
245
245
245
240
240
240
236
236
236
238
238
238
235
235
235
234
234
234
234
234
234
233
233
233
235
235
235
235
235
235
237
237
237
236
236
236
236
236
236
237
237
237
238
238
238
240
240
240
237
237
237
238
238
238
239
239
239
239
239
239
238
238
238
236
236
236
227
227
227
174
174
174
118
118
118
89
89
89
117
117
117
138
138
138
155
155
155
240
240
240
239
239
239
242
242
242
247
247
247
243
243
243
237
237
237
237
237
237
238
238
238
238
238
238
238
238
238
235
235
235
233
233
233
233
233
233
237
237
237
236
236
236
233
233
233
236
236
236
239
239
239
238
238
238
235
235
235
238
238
238
239
239
239
238
238
238
236
236
236
234
234
234
185
185
185
116
116
116
98
98
98
76
76
76
177
177
177
176
176
176
134
134
134
231
231
231
243
243
243
240
240
240
245
245
245
243
243
243
237
237
237
237
237
237
238
238
238
215
215
215
199
199
199
218
218
218
230
230
230
233
233
233
235
235
235
238
238
238
235
235
235
234
234
234
236
236
236
236
236
236
234
234
234
237
237
237
238
238
238
237
237
237
229
229
229
198
198
198
115
115
115
56
56
56
67
67
67
111
111
111
200
200
200
153
153
153
158
158
158
236
236
236
242
242
242
242
242
242
247
247
247
243
243
243
238
238
238
239
239
239
210
210
210
124
124
124
101
101
101
121
121
121
151
151
151
180
180
180
206
206
206
225
225
225
235
235
235
234
234
234
235
235
235
236
236
236
233
233
233
234
234
234
233
233
233
224
224
224
187
187
187
135
135
135
63
63
63
32
32
32
57
57
57
169
169
169
158
158
158
101
101
101
196
196
196
243
243
243
241
241
241
242
242
242
247
247
247
243
243
243
238
238
238
239
239
239
153
153
153
75
75
75
79
79
79
73
73
73
76
76
76
91
91
91
120
120
120
160
160
160
180
180
180
187
187
187
210
210
210
222
222
222
230
230
230
235
235
235
232
232
232
199
199
199
144
144
144
80
80
80
43
43
43
30
30
30
31
31
31
104
104
104
114
114
114
158
158
158
237
237
237
237
237
237
241
241
241
241
241
241
246
246
246
244
244
244
240
240
240
227
227
227
119
119
119
77
77
77
86
86
86
86
86
86
90
90
90
94
94
94
100
100
100
102
102
102
97
97
97
104
104
104
114
114
114
135
135
135
149
149
149
167
167
167
182
182
182
164
164
164
127
127
127
74
74
74
39
39
39
21
21
21
8
8
8
76
76
76
183
183
183
219
219
219
238
238
238
239
239
239
242
242
242
242
242
242
246
246
246
245
245
245
242
242
242
225
225
225
124
124
124
78
78
78
77
77
77
68
68
68
80
80
80
97
97
97
96
96
96
68
68
68
56
56
56
69
69
69
73
73
73
70
70
70
74
74
74
75
75
75
90
90
90
92
92
92
98
98
98
83
83
83
24
24
24
14
14
14
17
17
17
68
68
68
157
157
157
182
182
182
198
198
198
200
200
200
206
206
206
202
202
202
235
235
235
247
247
247
242
242
242
238
238
238
209
209
209
113
113
113
68
68
68
60
60
60
72
72
72
101
101
101
77
77
77
44
44
44
53
53
53
85
85
85
80
80
80
55
55
55
63
63
63
53
53
53
52
52
52
43
43
43
69
69
69
117
117
117
34
34
34
8
8
8
20
20
20
29
29
29
40
40
40
62
62
62
91
91
91
78
78
78
129
129
129
185
185
185
239
239
239
247
247
247
242
242
242
240
240
240
242
242
242
205
205
205
118
118
118
70
70
70
79
79
79
93
93
93
64
64
64
39
39
39
54
54
54
86
86
86
60
60
60
86
86
86
68
68
68
47
47
47
48
48
48
39
39
39
34
34
34
103
103
103
120
120
120
110
110
110
90
90
90
24
24
24
9
9
9
27
27
27
46
46
46
40
40
40
137
137
137
228
228
228
250
250
250
248
248
248
242
242
242
240
240
240
239
239
239
241
241
241
212
212
212
123
123
123
77
77
77
80
80
80
71
71
71
88
88
88
73
73
73
37
37
37
41
41
41
60
60
60
58
58
58
44
44
44
48
48
48
32
32
32
18
18
18
74
74
74
139
139
139
163
163
163
122
122
122
27
27
27
8
8
8
15
15
15
27
27
27
39
39
39
166
166
166
242
242
242
247
247
247
248
248
248
243
243
243
244
244
244
244
244
244
241
241
241
241
241
241
217
217
217
129
129
129
94
94
94
96
96
96
107
107
107
82
82
82
68
68
68
87
87
87
45
45
45
42
42
42
44
44
44
40
40
40
19
19
19
16
16
16
53
53
53
75
75
75
77
77
77
62
62
62
55
55
55
28
28
28
8
8
8
17
17
17
16
16
16
144
144
144
246
246
246
246
246
246
248
248
248
244
244
244
245
245
245
245
245
245
242
242
242
237
237
237
240
240
240
215
215
215
152
152
152
116
116
116
98
98
98
72
72
72
72
72
72
72
72
72
53
53
53
38
38
38
36
36
36
20
20
20
11
11
11
19
19
19
44
44
44
37
37
37
46
46
46
54
54
54
110
110
110
93
93
93
12
12
12
20
20
20
21
21
21
156
156
156
248
248
248
248
248
248
249
249
249
245
245
245
244
244
244
243
243
243
243
243
243
241
241
241
241
241
241
242
242
242
232
232
232
186
186
186
115
115
115
80
80
80
78
78
78
54
54
54
39
39
39
30
30
30
23
23
23
13
13
13
18
18
18
39
39
39
50
50
50
48
48
48
73
73
73
117
117
117
188
188
188
106
106
106
88
88
88
136
136
136
131
131
131
214
214
214
247
247
247
249
249
249
249
249
249
244
244
244
244
244
244
243
243
243
243
243
243
242
242
242
244
244
244
242
242
242
241
241
241
243
243
243
208
208
208
129
129
129
79
79
79
50
50
50
29
29
29
26
26
26
16
16
16
29
29
29
43
43
43
58
58
58
56
56
56
110
110
110
168
168
168
212
212
212
220
220
220
159
159
159
212
212
212
208
208
208
195
195
195
216
216
216
247
247
247
251
251
251
248
248
248
243
243
243
244
244
244
243
243
243
243
243
243
243
243
243
243
243
243
242
242
242
242
242
242
242
242
242
243
243
243
227
227
227
123
123
123
44
44
44
36
36
36
20
20
20
28
28
28
66
66
66
72
72
72
67
67
67
111
111
111
195
195
195
228
228
228
237
237
237
238
238
238
231
231
231
181
181
181
121
121
121
108
108
108
196
196
196
245
245
245
253
253
253
248
248
248
243
243
243
242
242
242
244
244
244
244
244
244
242
242
242
242
242
242
244
244
244
246
246
246
244
244
244
243
243
243
228
228
228
132
132
132
52
52
52
37
37
37
33
33
33
102
102
102
121
121
121
134
134
134
163
163
163
209
209
209
239
239
239
240
240
240
241
241
241
232
232
232
159
159
159
90
90
90
69
69
69
87
87
87
212
212
212
243
243
243
252
252
252
248
248
248
243
243
243
242
242
242
243
243
243
244
244
244
243
243
243
244
244
244
243
243
243
243
243
243
243
243
243
242
242
242
199
199
199
117
117
117
52
52
52
31
31
31
101
101
101
212
212
212
227
227
227
232
232
232
240
240
240
242
242
242
238
238
238
239
239
239
231
231
231
146
146
146
60
60
60
56
56
56
99
99
99
109
109
109
209
209
209
251
251
251
250
250
250
250
250
250
245
245
245
244
244
244
243
243
243
245
245
245
244
244
244
243
243
243
243
243
243
243
243
243
246
246
246
224
224
224
163
163
163
93
93
93
40
40
40
104
104
104
202
202
202
238
238
238
245
245
245
244
244
244
241
241
241
242
242
242
237
237
237
219
219
219
131
131
131
42
42
42
16
16
16
68
68
68
132
132
132
144
144
144
229
229
229
239
239
239
250
250
250
249
249
249
245
245
245
243
243
243
243
243
243
241
241
241
241
241
241
246
246
246
244
244
244
247
247
247
235
235
235
176
176
176
127
127
127
61
61
61
88
88
88
215
215
215
207
207
207
199
199
199
216
216
216
225
225
225
229
229
229
235
235
235
229
229
229
161
161
161
37
37
37
19
19
19
4
4
4
45
45
45
134
134
134
185
185
185
185
185
185
205
205
205
253
253
253
247
247
247
243
243
243
243
243
243
234
234
234
212
212
212
216
216
216
230
230
230
240
240
240
234
234
234
158
158
158
95
95
95
87
87
87
86
86
86
194
194
194
194
194
194
97
97
97
91
91
91
100
100
100
106
106
106
127
127
127
128
128
128
126
126
126
95
95
95
60
60
60
45
45
45
7
7
7
23
23
23
79
79
79
81
81
81
128
128
128
231
231
231
254
254
254
248
248
248
243
243
243
242
242
242
201
201
201
184
184
184
196
196
196
193
193
193
207
207
207
180
180
180
95
95
95
54
54
54
76
76
76
187
187
187
236
236
236
141
141
141
72
72
72
74
74
74
67
67
67
42
42
42
53
53
53
57
57
57
44
44
44
31
31
31
39
39
39
74
74
74
41
41
41
28
28
28
12
12
12
39
39
39
169
169
169
246
246
246
253
253
253
249
249
249
245
245
245
220
220
220
154
154
154
157
157
157
163
163
163
133
133
133
137
137
137
129
129
129
73
73
73
53
53
53
114
114
114
220
220
220
241
241
241
200
200
200
100
100
100
64
64
64
63
63
63
34
34
34
31
31
31
53
53
53
58
58
58
34
34
34
16
16
16
102
102
102
167
167
167
105
105
105
38
38
38
30
30
30
97
97
97
223
223
223
255
255
255
252
252
252
204
204
204
135
135
135
106
106
106
100
100
100
93
93
93
73
73
73
87
87
87
92
92
92
63
63
63
65
65
65
120
120
120
226
226
226
245
245
245
245
245
245
191
191
191
103
103
103
76
76
76
64
64
64
64
64
64
59
59
59
55
55
55
33
33
33
12
12
12
90
90
90
137
137
137
138
138
138
115
115
115
42
42
42
84
84
84
219
219
219
255
255
255
243
243
243
153
153
153
108
108
108
99
99
99
89
89
89
77
77
77
62
62
62
72
72
72
81
81
81
118
118
118
150
150
150
200
200
200
241
241
241
244
244
244
243
243
243
240
240
240
201
201
201
135
135
135
93
93
93
71
71
71
59
59
59
48
48
48
36
36
36
44
44
44
120
120
120
152
152
152
169
169
169
174
174
174
179
179
179
198
198
198
240
240
240
254
254
254
237
237
237
194
194
194
200
200
200
188
188
188
164
164
164
122
122
122
54
54
54
64
64
64
146
146
146
232
232
232
242
242
242
247
247
247
244
244
244
244
244
244
244
244
244
241
241
241
244
244
244
233
233
233
139
139
139
60
60
60
48
48
48
65
65
65
110
110
110
141
141
141
215
215
215
248
248
248
243
243
243
241
241
241
253
253
253
252
252
252
247
247
247
252
252
252
250
250
250
244
244
244
245
245
245
241
241
241
204
204
204
127
127
127
56
56
56
93
93
93
205
205
205
249
249
249
246
246
246
244
244
244
242
242
242
244
244
244
243
243
243
242
242
242
243
243
243
238
238
238
153
153
153
56
56
56
80
80
80
176
176
176
211
211
211
232
232
232
247
247
247
248
248
248
249
249
249
249
249
249
246
246
246
245
245
245
246
246
246
251
251
251
253
253
253
245
245
245
243
243
243
246
246
246
219
219
219
126
126
126
131
131
131
170
170
170
189
189
189
245
245
245
247
247
247
246
246
246
240
240
240
239
239
239
247
247
247
245
245
245
241
241
241
183
183
183
92
92
92
77
77
77
187
187
187
245
245
245
248
248
248
248
248
248
248
248
248
249
249
249
249
249
249
249
249
249
248
248
248
247
247
247
247
247
247
251
251
251
252
252
252
245
245
245
244
244
244
245
245
245
239
239
239
204
204
204
234
234
234
225
225
225
206
206
206
247
247
247
249
249
249
244
244
244
191
191
191
188
188
188
224
224
224
233
233
233
181
181
181
110
110
110
86
86
86
182
182
182
250
250
250
245
245
245
246
246
246
248
248
248
249
249
249
250
250
250
251
251
251
250
250
250
248
248
248
249
249
249
249
249
249
253
253
253
250
250
250
243
243
243
245
245
245
246
246
246
246
246
246
246
246
246
245
245
245
242
242
242
244
244
244
246
246
246
251
251
251
205
205
205
128
128
128
155
155
155
137
137
137
147
147
147
101
101
101
92
92
92
184
184
184
248
248
248
248
248
248
248
248
248
249
249
249
248
248
248
250
250
250
252
252
252
251
251
251
249
249
249
249
249
249
248
248
248
248
248
248
253
253
253
