0.952941
0.929412
0.898039
0.862745
0.807843
0.803922
0.796078
0.866667
0.909804
0.917647
0.941176
0.949020
0.952941
0.968627
0.945098
0.917647
0.890196
0.847059
0.827451
0.831373
0.843137
0.870588
0.866667
0.835294
0.764706
0.686275
0.654902
0.698039
0.733333
0.788235
0.827451
0.862745
0.964706
0.945098
0.913725
0.890196
0.807843
0.752941
0.682353
0.772549
0.882353
0.917647
0.945098
0.949020
0.956863
0.968627
0.952941
0.929412
0.909804
0.870588
0.850980
0.862745
0.854902
0.847059
0.831373
0.796078
0.729412
0.658824
0.650980
0.756863
0.796078
0.823529
0.827451
0.843137
0.952941
0.933333
0.905882
0.898039
0.819608
0.654902
0.549020
0.674510
0.862745
0.921569
0.949020
0.952941
0.956863
0.956863
0.949020
0.933333
0.921569
0.894118
0.866667
0.878431
0.847059
0.811765
0.784314
0.760784
0.733333
0.705882
0.725490
0.843137
0.854902
0.862745
0.850980
0.835294
0.945098
0.913725
0.886275
0.886275
0.835294
0.584314
0.466667
0.619608
0.850980
0.925490
0.949020
0.956863
0.949020
0.941176
0.937255
0.933333
0.917647
0.882353
0.854902
0.858824
0.819608
0.788235
0.760784
0.737255
0.745098
0.760784
0.792157
0.894118
0.941176
0.898039
0.847059
0.819608
0.925490
0.890196
0.870588
0.870588
0.847059
0.658824
0.458824
0.592157
0.823529
0.925490
0.941176
0.941176
0.933333
0.925490
0.925490
0.921569
0.901961
0.870588
0.839216
0.843137
0.807843
0.792157
0.776471
0.768627
0.768627
0.701961
0.556863
0.490196
0.678431
0.870588
0.850980
0.843137
0.905882
0.866667
0.850980
0.839216
0.831373
0.741176
0.529412
0.556863
0.772549
0.905882
0.890196
0.917647
0.909804
0.905882
0.905882
0.901961
0.882353
0.850980
0.839216
0.827451
0.815686
0.858824
0.835294
0.850980
0.717647
0.447059
0.290196
0.172549
0.176471
0.462745
0.886275
0.913725
0.878431
0.847059
0.839216
0.803922
0.780392
0.752941
0.556863
0.529412
0.698039
0.858824
0.819608
0.886275
0.882353
0.886275
0.890196
0.878431
0.866667
0.847059
0.847059
0.835294
0.870588
0.933333
0.909804
0.709804
0.376471
0.215686
0.188235
0.125490
0.105882
0.121569
0.439216
0.870588
0.854902
0.831373
0.827451
0.784314
0.764706
0.760784
0.596078
0.537255
0.658824
0.807843
0.776471
0.831373
0.843137
0.850980
0.854902
0.850980
0.850980
0.854902
0.862745
0.874510
0.917647
0.952941
0.866667
0.400000
0.188235
0.133333
0.105882
0.090196
0.105882
0.109804
0.278431
0.788235
0.831373
0.800000
0.784314
0.745098
0.721569
0.717647
0.623529
0.541176
0.611765
0.709804
0.713725
0.803922
0.862745
0.847059
0.847059
0.823529
0.839216
0.878431
0.901961
0.917647
0.945098
0.835294
0.517647
0.235294
0.188235
0.184314
0.137255
0.098039
0.133333
0.466667
0.819608
0.905882
0.803922
0.760784
0.713725
0.690196
0.639216
0.607843
0.592157
0.549020
0.549020
0.596078
0.678431
0.729412
0.823529
0.882353
0.749020
0.800000
0.898039
0.925490
0.929412
0.882353
0.772549
0.392157
0.156863
0.149020
0.160784
0.266667
0.290196
0.349020
0.674510
0.937255
0.933333
0.894118
0.788235
0.733333
0.682353
0.674510
0.623529
0.572549
0.552941
0.529412
0.517647
0.564706
0.662745
0.435294
0.588235
0.796078
0.509804
0.443137
0.694118
0.917647
0.901961
0.592157
0.341176
0.125490
0.082353
0.117647
0.152941
0.345098
0.435294
0.627451
0.666667
0.564706
0.749020
0.870588
0.784314
0.737255
0.709804
0.690196
0.639216
0.588235
0.545098
0.552941
0.549020
0.607843
0.607843
0.329412
0.482353
0.662745
0.490196
0.227451
0.411765
0.792157
0.549020
0.231373
0.184314
0.105882
0.062745
0.152941
0.462745
0.537255
0.541176
0.364706
0.145098
0.149020
0.380392
0.792157
0.815686
0.796078
0.784314
0.733333
0.647059
0.592157
0.552941
0.643137
0.603922
0.682353
0.596078
0.219608
0.360784
0.494118
0.317647
0.286275
0.631373
0.458824
0.172549
0.125490
0.160784
0.074510
0.062745
0.141176
0.470588
0.658824
0.662745
0.392157
0.352941
0.615686
0.823529
0.850980
0.898039
0.878431
0.847059
0.796078
0.690196
0.635294
0.635294
0.839216
0.772549
0.850980
0.811765
0.266667
0.184314
0.290196
0.196078
0.321569
0.313725
0.121569
0.090196
0.094118
0.086275
0.090196
0.082353
0.137255
0.176471
0.321569
0.568627
0.603922
0.764706
0.972549
0.882353
0.823529
0.941176
0.901961
0.862745
0.807843
0.725490
0.705882
0.592157
0.854902
0.835294
0.752941
0.815686
0.686275
0.352941
0.176471
0.090196
0.082353
0.074510
0.094118
0.070588
0.070588
0.082353
0.101961
0.309804
0.407843
0.200000
0.156863
0.196078
0.396078
0.541176
0.878431
0.878431
0.807843
0.949020
0.917647
0.882353
0.815686
0.741176
0.815686
0.443137
0.686275
0.721569
0.392157
0.462745
0.768627
0.803922
0.254902
0.047059
0.043137
0.058824
0.082353
0.074510
0.058824
0.074510
0.152941
0.686275
0.603922
0.211765
0.180392
0.156863
0.160784
0.301961
0.807843
0.913725
0.839216
0.921569
0.917647
0.909804
0.886275
0.776471
0.741176
0.639216
0.760784
0.768627
0.419608
0.513725
0.756863
0.411765
0.117647
0.074510
0.066667
0.078431
0.078431
0.137255
0.372549
0.478431
0.631373
0.788235
0.572549
0.243137
0.266667
0.400000
0.694118
0.800000
0.913725
0.905882
0.827451
0.909804
0.941176
0.960784
0.803922
0.592157
0.450980
0.647059
0.862745
0.792157
0.756863
0.741176
0.619608
0.305882
0.133333
0.090196
0.090196
0.121569
0.262745
0.658824
0.898039
0.949020
0.949020
0.800000
0.564706
0.278431
0.349020
0.474510
0.874510
0.917647
0.890196
0.835294
0.784314
0.945098
0.956863
0.960784
0.615686
0.729412
0.466667
0.576471
0.654902
0.631373
0.639216
0.549020
0.498039
0.368627
0.141176
0.098039
0.098039
0.207843
0.498039
0.705882
0.694118
0.749020
0.796078
0.745098
0.525490
0.294118
0.392157
0.509804
0.819608
0.815686
0.792157
0.760784
0.749020
0.949020
0.933333
0.564706
0.313725
0.439216
0.419608
0.431373
0.411765
0.447059
0.486275
0.454902
0.400000
0.313725
0.156863
0.101961
0.117647
0.231373
0.450980
0.552941
0.619608
0.666667
0.690196
0.674510
0.454902
0.305882
0.435294
0.498039
0.756863
0.741176
0.741176
0.749020
0.756863
0.913725
0.623529
0.415686
0.498039
0.501961
0.501961
0.501961
0.415686
0.403922
0.431373
0.392157
0.313725
0.266667
0.188235
0.121569
0.094118
0.184314
0.321569
0.419608
0.505882
0.572549
0.603922
0.576471
0.392157
0.392157
0.494118
0.494118
0.749020
0.776471
0.792157
0.831373
0.835294
0.894118
0.588235
0.674510
0.701961
0.564706
0.541176
0.647059
0.588235
0.623529
0.643137
0.592157
0.529412
0.435294
0.352941
0.164706
0.086275
0.262745
0.450980
0.552941
0.603922
0.627451
0.647059
0.631373
0.592157
0.576471
0.533333
0.529412
0.850980
0.870588
0.843137
0.835294
0.784314
0.886275
0.564706
0.698039
0.752941
0.580392
0.533333
0.501961
0.501961
0.603922
0.650980
0.623529
0.556863
0.482353
0.435294
0.192157
0.078431
0.294118
0.482353
0.603922
0.654902
0.686275
0.698039
0.682353
0.666667
0.600000
0.556863
0.478431
0.819608
0.823529
0.784314
0.745098
0.713725
0.866667
0.341176
0.529412
0.643137
0.580392
0.564706
0.478431
0.521569
0.631373
0.658824
0.623529
0.568627
0.505882
0.474510
0.231373
0.086275
0.301961
0.474510
0.556863
0.607843
0.643137
0.647059
0.639216
0.592157
0.537255
0.458824
0.368627
0.749020
0.768627
0.737255
0.694118
0.698039
0.905882
0.341176
0.239216
0.333333
0.454902
0.572549
0.654902
0.654902
0.658824
0.647059
0.623529
0.588235
0.513725
0.486275
0.321569
0.176471
0.294118
0.372549
0.376471
0.364706
0.341176
0.329412
0.352941
0.400000
0.462745
0.560784
0.643137
0.752941
0.741176
0.713725
0.717647
0.733333
0.952941
0.600000
0.149020
0.160784
0.274510
0.333333
0.360784
0.372549
0.368627
0.392157
0.403922
0.407843
0.360784
0.352941
0.270588
0.082353
0.098039
0.141176
0.152941
0.258824
0.400000
0.556863
0.670588
0.745098
0.760784
0.776471
0.792157
0.764706
0.784314
0.815686
0.749020
0.737255
0.952941
0.917647
0.384314
0.078431
0.054902
0.070588
0.105882
0.113725
0.121569
0.133333
0.145098
0.141176
0.125490
0.117647
0.098039
0.196078
0.368627
0.576471
0.729412
0.858824
0.925490
0.913725
0.890196
0.878431
0.823529
0.780392
0.843137
0.858824
0.847059
0.823529
0.796078
0.827451
0.933333
0.945098
0.882353
0.600000
0.325490
0.200000
0.160784
0.156863
0.133333
0.113725
0.121569
0.109804
0.086275
0.117647
0.521569
0.811765
0.894118
0.901961
0.917647
0.901961
0.874510
0.866667
0.909804
0.929412
0.929412
0.886275
0.878431
0.870588
0.847059
0.835294
0.901961
0.898039
0.886275
0.898039
0.925490
0.909804
0.823529
0.760784
0.725490
0.725490
0.666667
0.619608
0.623529
0.631373
0.619608
0.643137
0.858824
0.909804
0.870588
0.843137
0.815686
0.819608
0.843137
0.862745
0.886275
0.866667
0.843137
0.811765
0.827451
0.874510
0.878431
0.878431
0.882353
0.847059
0.831373
0.823529
0.850980
0.843137
0.839216
0.835294
0.831373
0.847059
0.886275
0.866667
0.850980
0.874510
0.870588
0.862745
0.866667
0.898039
0.882353
0.878431
0.831373
0.800000
0.776471
0.807843
0.800000
0.752941
0.756863
0.772549
0.749020
0.741176
0.760784
0.772549
0.780392
0.760784
0.784314
0.752941
0.756863
0.760784
0.768627
0.780392
0.796078
0.819608
0.850980
0.847059
0.847059
0.874510
0.866667
0.866667
0.882353
0.862745
0.839216
0.847059
0.862745
0.874510
0.858824
0.847059
0.796078
0.780392
0.768627
0.772549
0.768627
0.749020
0.737255
0.713725
0.705882
0.729412
0.823529
0.803922
0.800000
0.819608
0.866667
0.878431
0.870588
0.866667
0.882353
0.898039
0.913725
0.905882
0.886275
0.870588
0.858824
0.858824
0.843137
0.862745
0.874510
0.850980
0.843137
0.831373
0.796078
0.768627
0.784314
0.792157
0.800000
0.772549
0.737255
0.686275
0.686275
0.737255
0.909804
0.894118
0.874510
0.854902
0.803922
0.807843
0.839216
0.839216
0.858824
0.882353
0.890196
0.909804
0.933333
0.921569
0.890196
0.862745
0.835294
0.796078
0.792157
0.796078
0.807843
0.823529
0.811765
0.803922
0.772549
0.741176
0.741176
0.760784
0.768627
0.788235
0.792157
0.819608
0.925490
0.913725
0.894118
0.878431
0.800000
0.800000
0.792157
0.803922
0.843137
0.874510
0.882353
0.898039
0.929412
0.917647
0.898039
0.874510
0.854902
0.823529
0.815686
0.835294
0.827451
0.819608
0.792157
0.772549
0.752941
0.733333
0.752941
0.776471
0.780392
0.796078
0.792157
0.807843
0.917647
0.905882
0.890196
0.878431
0.811765
0.745098
0.729412
0.764706
0.843137
0.874510
0.878431
0.890196
0.917647
0.909804
0.898039
0.882353
0.870588
0.847059
0.831373
0.854902
0.827451
0.800000
0.768627
0.752941
0.749020
0.749020
0.776471
0.800000
0.792157
0.811765
0.811765
0.803922
0.913725
0.894118
0.874510
0.870588
0.827451
0.701961
0.694118
0.760784
0.858824
0.882353
0.878431
0.890196
0.901961
0.898039
0.894118
0.890196
0.874510
0.839216
0.815686
0.831373
0.803922
0.780392
0.768627
0.749020
0.729412
0.717647
0.733333
0.788235
0.839216
0.831373
0.807843
0.800000
0.898039
0.874510
0.866667
0.862745
0.847059
0.780392
0.701961
0.780392
0.862745
0.894118
0.878431
0.874510
0.886275
0.886275
0.886275
0.882353
0.862745
0.831373
0.807843
0.811765
0.780392
0.772549
0.788235
0.776471
0.709804
0.568627
0.384314
0.349020
0.572549
0.800000
0.815686
0.819608
0.882353
0.854902
0.847059
0.839216
0.835294
0.839216
0.756863
0.772549
0.839216
0.890196
0.839216
0.866667
0.866667
0.870588
0.874510
0.870588
0.850980
0.823529
0.807843
0.792157
0.772549
0.815686
0.819608
0.827451
0.615686
0.266667
0.066667
0.039216
0.090196
0.403922
0.854902
0.890196
0.858824
0.839216
0.835294
0.815686
0.792157
0.819608
0.749020
0.741176
0.788235
0.862745
0.784314
0.843137
0.847059
0.850980
0.854902
0.847059
0.835294
0.819608
0.823529
0.792157
0.807843
0.854902
0.835294
0.623529
0.258824
0.066667
0.031373
0.050980
0.058824
0.082353
0.411765
0.847059
0.835294
0.819608
0.819608
0.800000
0.780392
0.784314
0.745098
0.749020
0.764706
0.823529
0.752941
0.796078
0.815686
0.827451
0.831373
0.823529
0.823529
0.835294
0.847059
0.827451
0.835294
0.850980
0.725490
0.247059
0.066667
0.058824
0.074510
0.082353
0.098039
0.094118
0.254902
0.752941
0.823529
0.803922
0.807843
0.784314
0.772549
0.764706
0.749020
0.737255
0.756863
0.776471
0.721569
0.760784
0.796078
0.796078
0.819608
0.807843
0.819608
0.847059
0.858824
0.839216
0.839216
0.725490
0.384314
0.086275
0.090196
0.156863
0.172549
0.109804
0.125490
0.447059
0.788235
0.866667
0.811765
0.800000
0.784314
0.776471
0.760784
0.752941
0.729412
0.737255
0.768627
0.760784
0.733333
0.650980
0.650980
0.752941
0.698039
0.796078
0.866667
0.854902
0.827451
0.741176
0.639216
0.321569
0.133333
0.101961
0.086275
0.203922
0.250980
0.309804
0.631373
0.886275
0.878431
0.847059
0.796078
0.776471
0.752941
0.760784
0.752941
0.756863
0.721569
0.752941
0.760784
0.745098
0.737255
0.360784
0.400000
0.635294
0.435294
0.423529
0.643137
0.827451
0.800000
0.454902
0.219608
0.082353
0.101961
0.101961
0.070588
0.223529
0.305882
0.549020
0.603922
0.501961
0.698039
0.827451
0.784314
0.768627
0.772549
0.760784
0.764706
0.772549
0.725490
0.792157
0.780392
0.764706
0.670588
0.266667
0.325490
0.505882
0.403922
0.192157
0.341176
0.701961
0.482353
0.137255
0.098039
0.086275
0.090196
0.137255
0.352941
0.356863
0.325490
0.247059
0.062745
0.078431
0.329412
0.752941
0.811765
0.815686
0.831373
0.796078
0.764706
0.764706
0.694118
0.815686
0.776471
0.800000
0.647059
0.172549
0.227451
0.352941
0.235294
0.243137
0.564706
0.380392
0.141176
0.078431
0.113725
0.066667
0.074510
0.101961
0.341176
0.458824
0.423529
0.250980
0.250980
0.537255
0.776471
0.819608
0.882353
0.882353
0.870588
0.847059
0.800000
0.764706
0.690196
0.878431
0.843137
0.921569
0.835294
0.215686
0.066667
0.184314
0.141176
0.294118
0.270588
0.066667
0.082353
0.082353
0.062745
0.078431
0.054902
0.050980
0.043137
0.149020
0.376471
0.466667
0.654902
0.890196
0.835294
0.796078
0.917647
0.894118
0.870588
0.843137
0.827451
0.788235
0.533333
0.725490
0.780392
0.749020
0.796078
0.623529
0.247059
0.105882
0.070588
0.082353
0.058824
0.058824
0.062745
0.070588
0.070588
0.074510
0.223529
0.262745
0.058824
0.039216
0.082353
0.282353
0.443137
0.807843
0.835294
0.788235
0.913725
0.894118
0.870588
0.827451
0.803922
0.843137
0.298039
0.427451
0.556863
0.313725
0.392157
0.678431
0.690196
0.207843
0.039216
0.054902
0.054902
0.054902
0.047059
0.054902
0.047059
0.090196
0.537255
0.403922
0.062745
0.090196
0.090196
0.078431
0.223529
0.745098
0.878431
0.823529
0.878431
0.882353
0.886275
0.870588
0.788235
0.729412
0.466667
0.478431
0.545098
0.262745
0.384314
0.627451
0.282353
0.070588
0.062745
0.066667
0.062745
0.031373
0.070588
0.345098
0.431373
0.533333
0.592157
0.337255
0.066667
0.152941
0.309804
0.627451
0.749020
0.866667
0.878431
0.807843
0.862745
0.898039
0.925490
0.756863
0.560784
0.427451
0.494118
0.615686
0.552941
0.545098
0.572549
0.462745
0.160784
0.066667
0.058824
0.058824
0.082353
0.196078
0.568627
0.850980
0.878431
0.819608
0.580392
0.309804
0.070588
0.180392
0.325490
0.815686
0.878431
0.854902
0.811765
0.768627
0.898039
0.913725
0.921569
0.545098
0.627451
0.380392
0.415686
0.450980
0.388235
0.384314
0.329412
0.305882
0.203922
0.074510
0.054902
0.047059
0.141176
0.396078
0.576471
0.592157
0.623529
0.615686
0.509804
0.266667
0.066667
0.203922
0.333333
0.768627
0.796078
0.768627
0.741176
0.729412
0.905882
0.886275
0.509804
0.184314
0.188235
0.180392
0.200000
0.192157
0.196078
0.207843
0.184314
0.172549
0.141176
0.090196
0.062745
0.062745
0.133333
0.301961
0.364706
0.419608
0.439216
0.439216
0.419608
0.196078
0.082353
0.262745
0.341176
0.717647
0.737255
0.729412
0.733333
0.741176
0.858824
0.517647
0.266667
0.274510
0.176471
0.188235
0.207843
0.145098
0.145098
0.160784
0.133333
0.098039
0.098039
0.086275
0.066667
0.050980
0.082353
0.141176
0.184314
0.258824
0.301961
0.313725
0.301961
0.125490
0.152941
0.305882
0.321569
0.690196
0.760784
0.776471
0.815686
0.823529
0.815686
0.415686
0.419608
0.407843
0.305882
0.294118
0.415686
0.368627
0.388235
0.388235
0.345098
0.317647
0.262745
0.196078
0.094118
0.058824
0.164706
0.250980
0.305882
0.345098
0.345098
0.352941
0.349020
0.317647
0.325490
0.325490
0.337255
0.776471
0.843137
0.823529
0.823529
0.784314
0.796078
0.364706
0.400000
0.454902
0.400000
0.364706
0.341176
0.352941
0.396078
0.392157
0.368627
0.337255
0.290196
0.231373
0.105882
0.070588
0.200000
0.282353
0.388235
0.427451
0.447059
0.447059
0.435294
0.427451
0.376471
0.368627
0.298039
0.756863
0.803922
0.784314
0.764706
0.745098
0.768627
0.164706
0.274510
0.380392
0.368627
0.360784
0.278431
0.325490
0.400000
0.396078
0.352941
0.333333
0.294118
0.247059
0.137255
0.086275
0.215686
0.294118
0.400000
0.447059
0.474510
0.470588
0.458824
0.415686
0.372549
0.321569
0.235294
0.713725
0.776471
0.772549
0.756863
0.764706
0.811765
0.215686
0.082353
0.129412
0.168627
0.290196
0.368627
0.368627
0.400000
0.396078
0.364706
0.352941
0.305882
0.282353
0.235294
0.172549
0.219608
0.231373
0.282353
0.270588
0.239216
0.223529
0.250980
0.301961
0.372549
0.482353
0.576471
0.752941
0.776471
0.768627
0.800000
0.815686
0.874510
0.525490
0.074510
0.050980
0.078431
0.129412
0.149020
0.160784
0.172549
0.192157
0.196078
0.219608
0.200000
0.203922
0.203922
0.074510
0.043137
0.047059
0.094118
0.203922
0.341176
0.498039
0.619608
0.705882
0.721569
0.745098
0.768627
0.780392
0.815686
0.862745
0.815686
0.800000
0.894118
0.870588
0.349020
0.050980
0.023529
0.031373
0.054902
0.054902
0.039216
0.023529
0.027451
0.035294
0.050980
0.043137
0.054902
0.176471
0.333333
0.525490
0.682353
0.815686
0.878431
0.874510
0.858824
0.862745
0.811765
0.768627
0.835294
0.854902
0.847059
0.831373
0.807843
0.843137
0.890196
0.901961
0.839216
0.572549
0.333333
0.200000
0.145098
0.133333
0.125490
0.101961
0.094118
0.094118
0.098039
0.113725
0.494118
0.780392
0.874510
0.886275
0.874510
0.862745
0.839216
0.835294
0.878431
0.905882
0.913725
0.870588
0.866667
0.843137
0.807843
0.792157
0.850980
0.854902
0.850980
0.866667
0.882353
0.878431
0.811765
0.741176
0.694118
0.690196
0.666667
0.635294
0.627451
0.639216
0.643137
0.650980
0.839216
0.874510
0.850980
0.839216
0.784314
0.792157
0.819608
0.839216
0.862745
0.850980
0.831373
0.800000
0.815686
0.843137
0.843137
0.843137
0.835294
0.800000
0.803922
0.807843
0.835294
0.835294
0.827451
0.823529
0.819608
0.835294
0.870588
0.850980
0.831373
0.858824
0.854902
0.847059
0.847059
0.878431
0.862745
0.858824
0.811765
0.780392
0.756863
0.788235
0.792157
0.756863
0.760784
0.776471
0.749020
0.733333
0.764706
0.792157
0.788235
0.745098
0.764706
0.733333
0.745098
0.749020
0.756863
0.768627
0.784314
0.807843
0.835294
0.827451
0.827451
0.854902
0.843137
0.847059
0.862745
0.847059
0.819608
0.827451
0.843137
0.854902
0.839216
0.827451
0.788235
0.784314
0.772549
0.776471
0.772549
0.745098
0.752941
0.745098
0.721569
0.725490
0.800000
0.784314
0.784314
0.803922
0.847059
0.858824
0.850980
0.847059
0.862745
0.878431
0.894118
0.886275
0.866667
0.850980
0.839216
0.839216
0.823529
0.843137
0.854902
0.827451
0.823529
0.811765
0.788235
0.772549
0.788235
0.796078
0.800000
0.772549
0.752941
0.717647
0.701961
0.737255
0.909804
0.905882
0.890196
0.890196
0.870588
0.847059
0.850980
0.886275
0.878431
0.874510
0.890196
0.909804
0.933333
0.917647
0.886275
0.858824
0.831373
0.800000
0.800000
0.764706
0.768627
0.807843
0.807843
0.792157
0.784314
0.788235
0.811765
0.800000
0.800000
0.819608
0.823529
0.854902
0.917647
0.913725
0.898039
0.898039
0.858824
0.862745
0.831373
0.843137
0.858824
0.862745
0.878431
0.894118
0.917647
0.913725
0.894118
0.870588
0.850980
0.823529
0.815686
0.807843
0.800000
0.815686
0.800000
0.776471
0.772549
0.764706
0.792157
0.796078
0.796078
0.819608
0.815686
0.835294
0.905882
0.898039
0.886275
0.886275
0.866667
0.839216
0.800000
0.803922
0.850980
0.862745
0.870588
0.878431
0.898039
0.901961
0.890196
0.878431
0.866667
0.843137
0.823529
0.835294
0.815686
0.803922
0.780392
0.764706
0.776471
0.780392
0.803922
0.803922
0.792157
0.823529
0.827451
0.827451
0.894118
0.878431
0.866667
0.870588
0.874510
0.811765
0.788235
0.807843
0.862745
0.870588
0.870588
0.870588
0.874510
0.886275
0.886275
0.882353
0.866667
0.831373
0.807843
0.823529
0.800000
0.788235
0.768627
0.752941
0.764706
0.764706
0.764706
0.784314
0.831373
0.827451
0.811765
0.807843
0.882353
0.862745
0.862745
0.862745
0.886275
0.890196
0.803922
0.831373
0.874510
0.890196
0.874510
0.862745
0.858824
0.874510
0.878431
0.874510
0.854902
0.819608
0.792157
0.807843
0.780392
0.764706
0.764706
0.764706
0.749020
0.627451
0.423529
0.341176
0.552941
0.788235
0.807843
0.819608
0.878431
0.858824
0.854902
0.847059
0.870588
0.937255
0.850980
0.839216
0.870588
0.901961
0.847059
0.850980
0.843137
0.858824
0.862745
0.858824
0.839216
0.807843
0.792157
0.784314
0.764706
0.788235
0.764706
0.796078
0.650980
0.317647
0.094118
0.031373
0.070588
0.388235
0.839216
0.878431
0.870588
0.858824
0.858824
0.839216
0.831373
0.894118
0.827451
0.827451
0.847059
0.890196
0.803922
0.839216
0.831373
0.839216
0.843137
0.835294
0.823529
0.803922
0.803922
0.788235
0.792157
0.803922
0.756863
0.576471
0.270588
0.090196
0.019608
0.035294
0.043137
0.066667
0.384314
0.823529
0.858824
0.850980
0.862745
0.835294
0.819608
0.839216
0.807843
0.850980
0.843137
0.862745
0.780392
0.807843
0.807843
0.815686
0.815686
0.807843
0.811765
0.815686
0.831373
0.827451
0.807843
0.772549
0.623529
0.188235
0.062745
0.039216
0.007843
0.058824
0.086275
0.074510
0.219608
0.725490
0.854902
0.850980
0.854902
0.839216
0.831373
0.815686
0.811765
0.847059
0.850980
0.839216
0.760784
0.768627
0.772549
0.756863
0.796078
0.800000
0.807843
0.819608
0.811765
0.788235
0.780392
0.627451
0.274510
0.031373
0.058824
0.098039
0.078431
0.070588
0.105882
0.427451
0.756863
0.831373
0.843137
0.847059
0.839216
0.858824
0.862745
0.839216
0.819608
0.831373
0.878431
0.866667
0.800000
0.647059
0.584314
0.639216
0.639216
0.792157
0.858824
0.803922
0.698039
0.572549
0.517647
0.215686
0.039216
0.066667
0.035294
0.094118
0.152941
0.239216
0.588235
0.862745
0.854902
0.815686
0.827451
0.823529
0.807843
0.839216
0.843137
0.831373
0.815686
0.847059
0.874510
0.862745
0.803922
0.352941
0.321569
0.466667
0.317647
0.368627
0.580392
0.737255
0.666667
0.298039
0.117647
0.007843
0.031373
0.074510
0.019608
0.074510
0.156863
0.447059
0.545098
0.474510
0.670588
0.796078
0.811765
0.807843
0.815686
0.819608
0.819608
0.831373
0.811765
0.878431
0.878431
0.858824
0.725490
0.258824
0.247059
0.298039
0.231373
0.074510
0.215686
0.568627
0.384314
0.047059
0.050980
0.039216
0.027451
0.109804
0.290196
0.168627
0.125490
0.141176
0.003922
0.047059
0.305882
0.729412
0.831373
0.843137
0.862745
0.843137
0.819608
0.819608
0.764706
0.870588
0.831373
0.862745
0.682353
0.160784
0.152941
0.149020
0.070588
0.117647
0.415686
0.250980
0.082353
0.023529
0.105882
0.054902
0.015686
0.066667
0.270588
0.266667
0.211765
0.113725
0.176471
0.498039
0.752941
0.796078
0.894118
0.898039
0.890196
0.894118
0.878431
0.819608
0.725490
0.862745
0.831373
0.933333
0.839216
0.188235
0.003922
0.039216
0.031373
0.200000
0.160784
0.000000
0.039216
0.043137
0.086275
0.082353
0.000000
0.000000
0.000000
0.043137
0.219608
0.321569
0.560784
0.847059
0.815686
0.776471
0.917647
0.898039
0.874510
0.886275
0.921569
0.835294
0.517647
0.619608
0.690196
0.701961
0.752941
0.568627
0.180392
0.039216
0.027451
0.054902
0.011765
0.011765
0.023529
0.035294
0.086275
0.050980
0.101961
0.156863
0.031373
0.000000
0.027451
0.176471
0.356863
0.772549
0.819608
0.772549
0.905882
0.890196
0.862745
0.850980
0.874510
0.854902
0.243137
0.243137
0.388235
0.211765
0.301961
0.584314
0.588235
0.184314
0.047059
0.066667
0.043137
0.019608
0.011765
0.015686
0.039216
0.031373
0.317647
0.250980
0.039216
0.054902
0.058824
0.015686
0.152941
0.721569
0.866667
0.803922
0.870588
0.870588
0.862745
0.854902
0.776471
0.678431
0.356863
0.247059
0.313725
0.109804
0.243137
0.494118
0.180392
0.058824
0.070588
0.062745
0.035294
0.000000
0.035294
0.282353
0.384314
0.384314
0.313725
0.152941
0.035294
0.117647
0.262745
0.549020
0.694118
0.850980
0.866667
0.792157
0.850980
0.878431
0.898039
0.701961
0.454902
0.305882
0.325490
0.364706
0.278431
0.321569
0.384314
0.298039
0.039216
0.035294
0.035294
0.023529
0.015686
0.125490
0.501961
0.764706
0.792157
0.603922
0.254902
0.117647
0.027451
0.121569
0.239216
0.741176
0.847059
0.850980
0.800000
0.749020
0.874510
0.890196
0.894118
0.486275
0.513725
0.262745
0.278431
0.250980
0.152941
0.184314
0.164706
0.168627
0.082353
0.027451
0.023529
0.011765
0.054902
0.274510
0.450980
0.450980
0.470588
0.356863
0.200000
0.121569
0.027451
0.098039
0.243137
0.725490
0.784314
0.772549
0.737255
0.713725
0.870588
0.847059
0.470588
0.152941
0.164706
0.137255
0.133333
0.109804
0.094118
0.094118
0.101961
0.113725
0.082353
0.039216
0.058824
0.066667
0.070588
0.164706
0.172549
0.211765
0.215686
0.184314
0.180392
0.113725
0.039216
0.101961
0.290196
0.721569
0.737255
0.725490
0.725490
0.725490
0.827451
0.450980
0.164706
0.180392
0.133333
0.121569
0.121569
0.070588
0.047059
0.054902
0.047059
0.035294
0.031373
0.023529
0.047059
0.043137
0.035294
0.031373
0.043137
0.090196
0.117647
0.121569
0.094118
0.031373
0.070588
0.121569
0.262745
0.682353
0.741176
0.756863
0.796078
0.807843
0.788235
0.313725
0.239216
0.227451
0.180392
0.160784
0.243137
0.184314
0.180392
0.196078
0.176471
0.168627
0.129412
0.109804
0.039216
0.019608
0.094118
0.133333
0.156863
0.172549
0.164706
0.156863
0.121569
0.168627
0.200000
0.129412
0.250980
0.741176
0.800000
0.792157
0.803922
0.776471
0.768627
0.250980
0.203922
0.243137
0.223529
0.184314
0.121569
0.117647
0.152941
0.172549
0.168627
0.156863
0.121569
0.121569
0.035294
0.011765
0.125490
0.156863
0.152941
0.180392
0.188235
0.176471
0.156863
0.243137
0.235294
0.188235
0.215686
0.713725
0.760784
0.760784
0.756863
0.756863
0.741176
0.086275
0.121569
0.211765
0.227451
0.200000
0.105882
0.137255
0.172549
0.176471
0.156863
0.149020
0.121569
0.129412
0.047059
0.015686
0.141176
0.168627
0.133333
0.168627
0.184314
0.172549
0.196078
0.247059
0.247059
0.184314
0.176471
0.686275
0.756863
0.768627
0.776471
0.796078
0.784314
0.164706
0.011765
0.058824
0.121569
0.219608
0.278431
0.258824
0.235294
0.215686
0.203922
0.200000
0.160784
0.168627
0.137255
0.094118
0.156863
0.141176
0.105882
0.094118
0.054902
0.054902
0.117647
0.184314
0.278431
0.407843
0.549020
0.752941
0.788235
0.800000
0.847059
0.866667
0.847059
0.501961
0.054902
0.039216
0.066667
0.105882
0.101961
0.098039
0.082353
0.090196
0.098039
0.121569
0.098039
0.121569
0.125490
0.015686
0.000000
0.007843
0.066667
0.196078
0.317647
0.462745
0.568627
0.627451
0.666667
0.717647
0.760784
0.792157
0.843137
0.898039
0.866667
0.847059
0.866667
0.854902
0.341176
0.039216
0.003922
0.003922
0.011765
0.003922
0.000000
0.000000
0.000000
0.003922
0.007843
0.003922
0.011765
0.133333
0.294118
0.501961
0.717647
0.850980
0.921569
0.917647
0.862745
0.815686
0.776471
0.768627
0.831373
0.866667
0.866667
0.854902
0.839216
0.862745
0.862745
0.874510
0.807843
0.552941
0.325490
0.180392
0.109804
0.086275
0.086275
0.078431
0.082353
0.086275
0.078431
0.078431
0.470588
0.764706
0.843137
0.847059
0.862745
0.850980
0.835294
0.835294
0.886275
0.874510
0.882353
0.874510
0.847059
0.835294
0.807843
0.792157
0.847059
0.847059
0.831373
0.835294
0.843137
0.847059
0.807843
0.729412
0.674510
0.662745
0.643137
0.623529
0.623529
0.639216
0.631373
0.623529
0.823529
0.870588
0.831373
0.796078
0.741176
0.745098
0.776471
0.800000
0.847059
0.823529
0.803922
0.792157
0.788235
0.827451
0.835294
0.831373
0.819608
0.784314
0.796078
0.792157
0.803922
0.800000
0.800000
0.796078
0.792157
0.803922
0.847059
0.835294
0.815686
0.839216
0.839216
0.831373
0.831373
0.862745
0.847059
0.843137
0.792157
0.760784
0.737255
0.772549
0.772549
0.733333
0.737255
0.752941
0.725490
0.729412
0.760784
0.784314
0.784314
0.749020
0.756863
0.717647
0.713725
0.717647
0.729412
0.741176
0.756863
0.780392
0.815686
0.811765
0.811765
0.839216
0.827451
0.831373
0.847059
0.831373
0.803922
0.811765
0.827451
0.839216
0.823529
0.811765
0.768627
0.760784
0.749020
0.752941
0.749020
0.741176
0.749020
0.737255
0.717647
0.729412
0.792157
0.768627
0.756863
0.772549
0.823529
0.835294
0.827451
0.823529
0.843137
0.862745
0.878431
0.870588
0.850980
0.835294
0.823529
0.823529
0.807843
0.827451
0.839216
0.811765
0.807843
0.796078
0.768627
0.749020
0.764706
0.772549
0.780392
0.768627
0.749020
0.705882
0.698039
0.737255
