0.509804
0.603922
0.560784
0.435294
0.482353
0.615686
0.588235
0.545098
0.682353
0.521569
0.305882
0.588235
0.768627
0.568627
0.596078
0.443137
0.400000
0.450980
0.537255
0.556863
0.564706
0.431373
0.329412
0.384314
0.305882
0.337255
0.262745
0.262745
0.247059
0.286275
0.431373
0.439216
0.486275
0.537255
0.541176
0.415686
0.462745
0.592157
0.517647
0.666667
0.741176
0.541176
0.407843
0.647059
0.772549
0.556863
0.521569
0.454902
0.439216
0.431373
0.509804
0.686275
0.705882
0.513725
0.380392
0.415686
0.384314
0.364706
0.376471
0.294118
0.333333
0.309804
0.356863
0.376471
0.474510
0.490196
0.568627
0.396078
0.435294
0.658824
0.615686
0.792157
0.866667
0.709804
0.552941
0.654902
0.658824
0.478431
0.345098
0.388235
0.443137
0.525490
0.490196
0.482353
0.603922
0.560784
0.431373
0.537255
0.407843
0.270588
0.380392
0.274510
0.396078
0.325490
0.301961
0.454902
0.435294
0.498039
0.615686
0.454902
0.360784
0.725490
0.776471
0.800000
0.792157
0.611765
0.494118
0.607843
0.419608
0.388235
0.384314
0.321569
0.294118
0.368627
0.360784
0.368627
0.450980
0.541176
0.423529
0.533333
0.407843
0.305882
0.376471
0.192157
0.286275
0.396078
0.364706
0.384314
0.403922
0.450980
0.623529
0.545098
0.556863
0.698039
0.733333
0.854902
0.745098
0.658824
0.580392
0.447059
0.392157
0.427451
0.356863
0.203922
0.192157
0.270588
0.231373
0.294118
0.392157
0.341176
0.294118
0.345098
0.317647
0.250980
0.345098
0.196078
0.270588
0.392157
0.419608
0.419608
0.400000
0.423529
0.647059
0.596078
0.709804
0.729412
0.654902
0.615686
0.627451
0.615686
0.407843
0.407843
0.423529
0.317647
0.235294
0.168627
0.223529
0.243137
0.184314
0.219608
0.329412
0.333333
0.368627
0.294118
0.337255
0.203922
0.309804
0.317647
0.337255
0.380392
0.356863
0.466667
0.392157
0.450980
0.650980
0.607843
0.741176
0.768627
0.596078
0.431373
0.588235
0.458824
0.356863
0.337255
0.333333
0.286275
0.207843
0.196078
0.203922
0.239216
0.196078
0.203922
0.301961
0.392157
0.443137
0.439216
0.305882
0.207843
0.541176
0.643137
0.337255
0.317647
0.294118
0.435294
0.352941
0.380392
0.607843
0.576471
0.721569
0.807843
0.686275
0.423529
0.474510
0.352941
0.298039
0.211765
0.223529
0.176471
0.207843
0.262745
0.235294
0.239216
0.203922
0.231373
0.239216
0.356863
0.431373
0.509804
0.384314
0.294118
0.631373
0.721569
0.384314
0.396078
0.333333
0.431373
0.372549
0.396078
0.470588
0.447059
0.639216
0.831373
0.505882
0.325490
0.341176
0.247059
0.203922
0.203922
0.196078
0.200000
0.215686
0.223529
0.258824
0.309804
0.258824
0.203922
0.243137
0.372549
0.341176
0.439216
0.458824
0.349020
0.321569
0.254902
0.196078
0.427451
0.400000
0.278431
0.423529
0.392157
0.400000
0.392157
0.588235
0.611765
0.262745
0.235294
0.231373
0.239216
0.266667
0.290196
0.313725
0.282353
0.211765
0.270588
0.341176
0.329412
0.239216
0.211765
0.254902
0.305882
0.298039
0.274510
0.439216
0.364706
0.290196
0.227451
0.211765
0.278431
0.619608
0.427451
0.403922
0.266667
0.349020
0.282353
0.525490
0.380392
0.219608
0.243137
0.270588
0.235294
0.258824
0.313725
0.321569
0.258824
0.333333
0.443137
0.466667
0.419608
0.278431
0.321569
0.447059
0.447059
0.325490
0.231373
0.219608
0.333333
0.392157
0.345098
0.250980
0.290196
0.784314
0.576471
0.380392
0.313725
0.400000
0.317647
0.450980
0.439216
0.270588
0.274510
0.364706
0.282353
0.309804
0.396078
0.337255
0.313725
0.458824
0.513725
0.407843
0.415686
0.333333
0.415686
0.529412
0.450980
0.356863
0.282353
0.321569
0.274510
0.372549
0.474510
0.360784
0.239216
0.482353
0.431373
0.364706
0.305882
0.396078
0.447059
0.431373
0.380392
0.329412
0.368627
0.345098
0.317647
0.352941
0.537255
0.552941
0.529412
0.466667
0.486275
0.380392
0.325490
0.321569
0.541176
0.549020
0.474510
0.356863
0.317647
0.333333
0.223529
0.305882
0.478431
0.631373
0.380392
0.176471
0.388235
0.290196
0.231373
0.356863
0.470588
0.470588
0.415686
0.313725
0.286275
0.321569
0.376471
0.364706
0.407843
0.513725
0.462745
0.435294
0.552941
0.517647
0.400000
0.470588
0.607843
0.552941
0.478431
0.415686
0.321569
0.349020
0.243137
0.435294
0.592157
0.600000
0.494118
0.172549
0.298039
0.286275
0.349020
0.341176
0.439216
0.368627
0.411765
0.360784
0.282353
0.282353
0.313725
0.333333
0.372549
0.419608
0.313725
0.443137
0.619608
0.537255
0.525490
0.560784
0.513725
0.521569
0.439216
0.384314
0.290196
0.278431
0.313725
0.478431
0.690196
0.654902
0.478431
0.192157
0.200000
0.266667
0.439216
0.372549
0.317647
0.239216
0.345098
0.400000
0.274510
0.200000
0.262745
0.356863
0.431373
0.454902
0.443137
0.541176
0.647059
0.474510
0.419608
0.349020
0.403922
0.454902
0.392157
0.325490
0.270588
0.341176
0.423529
0.450980
0.600000
0.717647
0.588235
0.294118
0.211765
0.231373
0.466667
0.396078
0.211765
0.235294
0.309804
0.325490
0.309804
0.301961
0.364706
0.345098
0.313725
0.337255
0.470588
0.580392
0.607843
0.470588
0.364706
0.321569
0.368627
0.415686
0.301961
0.207843
0.274510
0.439216
0.490196
0.470588
0.615686
0.733333
0.623529
0.247059
0.152941
0.250980
0.372549
0.298039
0.231373
0.188235
0.239216
0.243137
0.258824
0.376471
0.435294
0.466667
0.396078
0.313725
0.294118
0.552941
0.580392
0.352941
0.309804
0.392157
0.458824
0.447059
0.321569
0.266667
0.341176
0.533333
0.501961
0.356863
0.623529
0.737255
0.592157
0.254902
0.160784
0.278431
0.333333
0.294118
0.223529
0.152941
0.227451
0.364706
0.200000
0.227451
0.345098
0.525490
0.482353
0.325490
0.407843
0.560784
0.462745
0.301961
0.462745
0.635294
0.623529
0.486275
0.470588
0.458824
0.458824
0.584314
0.400000
0.368627
0.572549
0.686275
0.627451
0.278431
0.156863
0.392157
0.388235
0.356863
0.243137
0.176471
0.270588
0.470588
0.227451
0.160784
0.282353
0.545098
0.435294
0.290196
0.494118
0.607843
0.470588
0.435294
0.439216
0.615686
0.568627
0.462745
0.447059
0.427451
0.439216
0.388235
0.317647
0.525490
0.603922
0.623529
0.639216
0.407843
0.152941
0.345098
0.454902
0.443137
0.290196
0.223529
0.278431
0.435294
0.411765
0.149020
0.200000
0.474510
0.482353
0.403922
0.537255
0.627451
0.584314
0.501961
0.431373
0.635294
0.611765
0.450980
0.364706
0.305882
0.286275
0.266667
0.290196
0.556863
0.721569
0.729412
0.670588
0.545098
0.309804
0.298039
0.431373
0.458824
0.415686
0.345098
0.368627
0.431373
0.560784
0.305882
0.184314
0.376471
0.505882
0.384314
0.572549
0.756863
0.639216
0.509804
0.513725
0.501961
0.356863
0.203922
0.223529
0.231373
0.258824
0.294118
0.298039
0.541176
0.670588
0.752941
0.690196
0.584314
0.329412
0.333333
0.329412
0.403922
0.286275
0.341176
0.349020
0.388235
0.529412
0.545098
0.305882
0.447059
0.576471
0.435294
0.556863
0.827451
0.580392
0.396078
0.462745
0.423529
0.345098
0.211765
0.160784
0.278431
0.349020
0.352941
0.360784
0.694118
0.764706
0.788235
0.686275
0.584314
0.364706
0.305882
0.341176
0.388235
0.329412
0.313725
0.282353
0.345098
0.490196
0.647059
0.356863
0.290196
0.513725
0.423529
0.619608
0.847059
0.556863
0.333333
0.443137
0.364706
0.317647
0.341176
0.384314
0.400000
0.337255
0.388235
0.298039
0.674510
0.780392
0.737255
0.658824
0.713725
0.454902
0.282353
0.282353
0.352941
0.435294
0.286275
0.305882
0.356863
0.474510
0.576471
0.415686
0.227451
0.356863
0.345098
0.552941
0.647059
0.466667
0.372549
0.364706
0.211765
0.380392
0.443137
0.513725
0.337255
0.505882
0.400000
0.298039
0.705882
0.737255
0.701961
0.713725
0.756863
0.537255
0.290196
0.211765
0.262745
0.431373
0.356863
0.333333
0.247059
0.298039
0.447059
0.388235
0.396078
0.325490
0.215686
0.466667
0.482353
0.309804
0.247059
0.262745
0.376471
0.392157
0.278431
0.274510
0.352941
0.709804
0.552941
0.380392
0.654902
0.756863
0.725490
0.745098
0.709804
0.603922
0.368627
0.298039
0.282353
0.513725
0.337255
0.247059
0.196078
0.207843
0.298039
0.250980
0.317647
0.341176
0.172549
0.400000
0.466667
0.309804
0.235294
0.368627
0.423529
0.207843
0.243137
0.250980
0.384314
0.631373
0.564706
0.321569
0.525490
0.725490
0.725490
0.713725
0.682353
0.694118
0.415686
0.341176
0.333333
0.525490
0.388235
0.294118
0.207843
0.196078
0.172549
0.160784
0.125490
0.192157
0.262745
0.231373
0.227451
0.333333
0.388235
0.282353
0.160784
0.247059
0.278431
0.254902
0.415686
0.509804
0.380392
0.258824
0.400000
0.600000
0.580392
0.521569
0.647059
0.737255
0.345098
0.258824
0.309804
0.450980
0.368627
0.333333
0.207843
0.152941
0.156863
0.176471
0.156863
0.101961
0.200000
0.188235
0.164706
0.282353
0.231373
0.105882
0.141176
0.298039
0.247059
0.172549
0.349020
0.431373
0.396078
0.250980
0.447059
0.603922
0.580392
0.588235
0.647059
0.666667
0.305882
0.160784
0.278431
0.427451
0.388235
0.337255
0.164706
0.188235
0.184314
0.227451
0.211765
0.141176
0.078431
0.086275
0.117647
0.125490
0.098039
0.141176
0.203922
0.294118
0.301961
0.172549
0.301961
0.435294
0.270588
0.192157
0.423529
0.654902
0.662745
0.698039
0.709804
0.701961
0.266667
0.235294
0.290196
0.458824
0.372549
0.231373
0.184314
0.243137
0.243137
0.317647
0.235294
0.160784
0.156863
0.125490
0.121569
0.156863
0.231373
0.266667
0.184314
0.333333
0.482353
0.435294
0.474510
0.560784
0.541176
0.239216
0.356863
0.690196
0.690196
0.615686
0.686275
0.686275
0.223529
0.325490
0.443137
0.525490
0.470588
0.192157
0.164706
0.286275
0.250980
0.235294
0.184314
0.160784
0.196078
0.207843
0.227451
0.294118
0.313725
0.227451
0.184314
0.274510
0.533333
0.623529
0.431373
0.411765
0.654902
0.356863
0.266667
0.596078
0.619608
0.533333
0.674510
0.662745
0.486275
0.643137
0.600000
0.466667
0.541176
0.698039
0.674510
0.607843
0.717647
0.572549
0.360784
0.623529
0.772549
0.568627
0.592157
0.419608
0.376471
0.427451
0.513725
0.517647
0.521569
0.411765
0.325490
0.396078
0.341176
0.368627
0.274510
0.278431
0.282353
0.309804
0.411765
0.392157
0.470588
0.568627
0.584314
0.458824
0.525490
0.674510
0.592157
0.713725
0.745098
0.568627
0.458824
0.694118
0.784314
0.556863
0.513725
0.435294
0.407843
0.392157
0.474510
0.654902
0.674510
0.498039
0.376471
0.431373
0.419608
0.396078
0.392157
0.317647
0.364706
0.341176
0.360784
0.356863
0.474510
0.513725
0.615686
0.443137
0.490196
0.721569
0.662745
0.807843
0.866667
0.737255
0.592157
0.682353
0.662745
0.474510
0.329412
0.364706
0.415686
0.494118
0.458824
0.450980
0.564706
0.541176
0.431373
0.552941
0.443137
0.298039
0.392157
0.294118
0.427451
0.364706
0.329412
0.458824
0.439216
0.513725
0.662745
0.498039
0.396078
0.760784
0.784314
0.788235
0.803922
0.647059
0.517647
0.603922
0.411765
0.384314
0.368627
0.294118
0.278431
0.360784
0.341176
0.333333
0.400000
0.517647
0.423529
0.552941
0.443137
0.329412
0.384314
0.207843
0.317647
0.439216
0.407843
0.403922
0.411765
0.474510
0.650980
0.588235
0.607843
0.729412
0.741176
0.850980
0.749020
0.670588
0.588235
0.443137
0.392157
0.427451
0.352941
0.196078
0.184314
0.258824
0.231373
0.278431
0.360784
0.329412
0.301961
0.364706
0.352941
0.282353
0.368627
0.223529
0.309804
0.431373
0.458824
0.447059
0.407843
0.450980
0.666667
0.619608
0.749020
0.760784
0.686275
0.639216
0.627451
0.615686
0.407843
0.411765
0.427451
0.321569
0.239216
0.168627
0.211765
0.231373
0.192157
0.223529
0.313725
0.333333
0.376471
0.305882
0.360784
0.235294
0.341176
0.352941
0.376471
0.419608
0.392157
0.498039
0.396078
0.478431
0.670588
0.607843
0.741176
0.780392
0.639216
0.474510
0.592157
0.458824
0.356863
0.337255
0.333333
0.290196
0.207843
0.196078
0.196078
0.231373
0.207843
0.215686
0.294118
0.392157
0.447059
0.443137
0.309804
0.227451
0.576471
0.678431
0.372549
0.352941
0.333333
0.462745
0.356863
0.407843
0.627451
0.568627
0.705882
0.811765
0.717647
0.466667
0.478431
0.349020
0.298039
0.211765
0.223529
0.180392
0.211765
0.262745
0.231373
0.243137
0.223529
0.247059
0.239216
0.360784
0.435294
0.505882
0.368627
0.305882
0.666667
0.756863
0.419608
0.427451
0.368627
0.458824
0.372549
0.419608
0.486275
0.447059
0.631373
0.831373
0.517647
0.349020
0.345098
0.247059
0.203922
0.203922
0.200000
0.207843
0.219608
0.223529
0.258824
0.317647
0.290196
0.227451
0.247059
0.376471
0.345098
0.427451
0.427451
0.352941
0.356863
0.290196
0.231373
0.458824
0.435294
0.305882
0.431373
0.415686
0.415686
0.403922
0.603922
0.627451
0.278431
0.250980
0.235294
0.235294
0.258824
0.278431
0.321569
0.309804
0.239216
0.278431
0.341176
0.345098
0.270588
0.235294
0.258824
0.309804
0.298039
0.270588
0.427451
0.372549
0.309804
0.247059
0.243137
0.309804
0.643137
0.454902
0.407843
0.286275
0.360784
0.294118
0.541176
0.392157
0.231373
0.254902
0.274510
0.231373
0.247059
0.294118
0.325490
0.298039
0.372549
0.454902
0.462745
0.435294
0.309804
0.341176
0.439216
0.443137
0.325490
0.231373
0.219608
0.341176
0.403922
0.360784
0.278431
0.317647
0.788235
0.588235
0.376471
0.329412
0.403922
0.317647
0.454902
0.443137
0.274510
0.278431
0.368627
0.282353
0.298039
0.380392
0.337255
0.345098
0.490196
0.517647
0.403922
0.427451
0.356863
0.419608
0.505882
0.443137
0.356863
0.278431
0.317647
0.282353
0.384314
0.494118
0.392157
0.262745
0.486275
0.431373
0.349020
0.309804
0.392157
0.439216
0.427451
0.376471
0.325490
0.364706
0.349020
0.317647
0.345098
0.521569
0.552941
0.560784
0.498039
0.490196
0.376471
0.345098
0.337255
0.529412
0.505882
0.462745
0.356863
0.317647
0.333333
0.227451
0.321569
0.501961
0.662745
0.407843
0.196078
0.403922
0.270588
0.231373
0.345098
0.454902
0.458824
0.400000
0.301961
0.278431
0.329412
0.376471
0.352941
0.396078
0.521569
0.501961
0.470588
0.560784
0.517647
0.419608
0.486275
0.588235
0.501961
0.462745
0.419608
0.321569
0.349020
0.247059
0.447059
0.615686
0.631373
0.529412
0.219608
0.337255
0.278431
0.349020
0.341176
0.431373
0.364706
0.407843
0.356863
0.286275
0.313725
0.325490
0.337255
0.384314
0.447059
0.380392
0.478431
0.619608
0.564706
0.572549
0.588235
0.513725
0.501961
0.431373
0.388235
0.301961
0.301961
0.317647
0.470588
0.705882
0.698039
0.529412
0.239216
0.243137
0.266667
0.439216
0.372549
0.317647
0.239216
0.349020
0.400000
0.286275
0.243137
0.282353
0.368627
0.462745
0.494118
0.517647
0.576471
0.654902
0.525490
0.486275
0.396078
0.431373
0.470588
0.407843
0.337255
0.274510
0.345098
0.403922
0.423529
0.596078
0.745098
0.627451
0.313725
0.231373
0.231373
0.466667
0.396078
0.211765
0.235294
0.309804
0.325490
0.317647
0.333333
0.380392
0.364706
0.356863
0.368627
0.533333
0.615686
0.619608
0.529412
0.427451
0.372549
0.403922
0.447059
0.329412
0.215686
0.254902
0.392157
0.443137
0.435294
0.600000
0.737255
0.631373
0.254902
0.156863
0.250980
0.372549
0.298039
0.231373
0.188235
0.239216
0.243137
0.262745
0.392157
0.443137
0.486275
0.450980
0.345098
0.341176
0.584314
0.603922
0.411765
0.352941
0.427451
0.490196
0.474510
0.345098
0.266667
0.305882
0.466667
0.454902
0.337255
0.615686
0.737255
0.600000
0.262745
0.172549
0.278431
0.333333
0.294118
0.223529
0.152941
0.227451
0.364706
0.200000
0.231373
0.345098
0.549020
0.545098
0.352941
0.450980
0.596078
0.498039
0.352941
0.478431
0.647059
0.635294
0.498039
0.474510
0.439216
0.415686
0.521569
0.376471
0.380392
0.584314
0.698039
0.643137
0.305882
0.188235
0.392157
0.388235
0.356863
0.243137
0.176471
0.270588
0.470588
0.227451
0.156863
0.282353
0.572549
0.482353
0.325490
0.545098
0.662745
0.521569
0.482353
0.466667
0.631373
0.572549
0.454902
0.411765
0.384314
0.396078
0.345098
0.301961
0.537255
0.615686
0.631373
0.654902
0.447059
0.192157
0.345098
0.454902
0.443137
0.290196
0.223529
0.278431
0.435294
0.411765
0.141176
0.203922
0.501961
0.521569
0.443137
0.572549
0.670588
0.619608
0.537255
0.474510
0.662745
0.619608
0.443137
0.333333
0.270588
0.266667
0.250980
0.282353
0.560784
0.729412
0.733333
0.678431
0.576471
0.345098
0.298039
0.431373
0.458824
0.415686
0.345098
0.368627
0.431373
0.560784
0.301961
0.192157
0.403922
0.549020
0.419608
0.588235
0.764706
0.654902
0.545098
0.552941
0.529412
0.364706
0.200000
0.207843
0.223529
0.258824
0.298039
0.301961
0.545098
0.674510
0.756863
0.701961
0.615686
0.364706
0.333333
0.329412
0.403922
0.286275
0.341176
0.349020
0.388235
0.529412
0.541176
0.313725
0.474510
0.623529
0.482353
0.576471
0.823529
0.600000
0.443137
0.505882
0.454902
0.356863
0.211765
0.149020
0.274510
0.352941
0.364706
0.364706
0.694118
0.772549
0.792157
0.694118
0.615686
0.400000
0.305882
0.341176
0.388235
0.329412
0.313725
0.282353
0.345098
0.490196
0.647059
0.364706
0.317647
0.560784
0.494118
0.658824
0.854902
0.596078
0.400000
0.486275
0.392157
0.325490
0.337255
0.364706
0.380392
0.333333
0.384314
0.294118
0.678431
0.788235
0.741176
0.666667
0.745098
0.490196
0.290196
0.286275
0.360784
0.435294
0.286275
0.305882
0.356863
0.474510
0.576471
0.427451
0.254902
0.392157
0.403922
0.615686
0.698039
0.521569
0.435294
0.407843
0.203922
0.345098
0.423529
0.501961
0.333333
0.509804
0.407843
0.301961
0.705882
0.741176
0.705882
0.713725
0.760784
0.549020
0.298039
0.219608
0.270588
0.435294
0.356863
0.333333
0.247059
0.298039
0.443137
0.400000
0.419608
0.349020
0.262745
0.537255
0.564706
0.376471
0.294118
0.270588
0.329412
0.337255
0.258824
0.278431
0.360784
0.721569
0.564706
0.384314
0.654902
0.756863
0.725490
0.741176
0.694118
0.600000
0.376471
0.305882
0.290196
0.517647
0.337255
0.247059
0.196078
0.207843
0.294118
0.258824
0.337255
0.364706
0.211765
0.462745
0.541176
0.372549
0.258824
0.341176
0.376471
0.176471
0.243137
0.266667
0.400000
0.635294
0.560784
0.321569
0.525490
0.725490
0.725490
0.709804
0.666667
0.690196
0.423529
0.349020
0.341176
0.529412
0.388235
0.294118
0.207843
0.196078
0.168627
0.164706
0.141176
0.215686
0.282353
0.266667
0.278431
0.368627
0.396078
0.254902
0.141176
0.247059
0.294118
0.282353
0.439216
0.513725
0.372549
0.250980
0.400000
0.600000
0.580392
0.517647
0.635294
0.733333
0.352941
0.266667
0.317647
0.454902
0.368627
0.333333
0.207843
0.152941
0.152941
0.180392
0.172549
0.121569
0.196078
0.180392
0.176471
0.278431
0.223529
0.121569
0.164706
0.325490
0.270588
0.211765
0.380392
0.435294
0.380392
0.239216
0.447059
0.603922
0.580392
0.584314
0.635294
0.662745
0.309804
0.172549
0.290196
0.443137
0.403922
0.349020
0.164706
0.180392
0.192157
0.243137
0.235294
0.172549
0.094118
0.094118
0.129412
0.125490
0.105882
0.180392
0.250980
0.329412
0.321569
0.196078
0.317647
0.435294
0.254902
0.180392
0.423529
0.650980
0.658824
0.694118
0.701961
0.698039
0.266667
0.250980
0.309804
0.482353
0.396078
0.247059
0.184314
0.239216
0.254902
0.341176
0.266667
0.200000
0.188235
0.156863
0.141176
0.160784
0.247059
0.305882
0.239216
0.372549
0.494118
0.447059
0.474510
0.556863
0.529412
0.231373
0.352941
0.686275
0.686275
0.611765
0.678431
0.678431
0.227451
0.341176
0.462745
0.541176
0.486275
0.203922
0.168627
0.290196
0.262745
0.254902
0.215686
0.196078
0.223529
0.231373
0.243137
0.298039
0.325490
0.270588
0.239216
0.313725
0.545098
0.635294
0.435294
0.411765
0.639216
0.345098
0.262745
0.592157
0.615686
0.525490
0.666667
0.654902
0.427451
0.588235
0.537255
0.419608
0.525490
0.705882
0.678431
0.603922
0.705882
0.556863
0.341176
0.611765
0.768627
0.521569
0.509804
0.360784
0.345098
0.380392
0.447059
0.462745
0.490196
0.376471
0.305882
0.392157
0.317647
0.321569
0.243137
0.274510
0.274510
0.286275
0.372549
0.329412
0.419608
0.517647
0.509804
0.400000
0.501961
0.674510
0.596078
0.705882
0.745098
0.560784
0.443137
0.678431
0.760784
0.505882
0.439216
0.372549
0.364706
0.352941
0.423529
0.623529
0.674510
0.478431
0.352941
0.411765
0.400000
0.341176
0.329412
0.294118
0.356863
0.325490
0.329412
0.305882
0.427451
0.462745
0.525490
0.368627
0.458824
0.717647
0.666667
0.803922
0.866667
0.729412
0.580392
0.674510
0.643137
0.443137
0.290196
0.321569
0.372549
0.450980
0.403922
0.403922
0.552941
0.525490
0.400000
0.517647
0.423529
0.258824
0.349020
0.282353
0.423529
0.349020
0.305882
0.415686
0.392157
0.462745
0.572549
0.415686
0.368627
0.756863
0.796078
0.792157
0.800000
0.635294
0.509804
0.607843
0.407843
0.380392
0.364706
0.278431
0.250980
0.313725
0.274510
0.262745
0.356863
0.498039
0.388235
0.509804
0.427451
0.321569
0.380392
0.219608
0.309804
0.415686
0.392157
0.368627
0.356863
0.419608
0.572549
0.509804
0.568627
0.729412
0.756863
0.858824
0.745098
0.658824
0.580392
0.439216
0.380392
0.415686
0.345098
0.196078
0.176471
0.235294
0.192157
0.239216
0.329412
0.290196
0.258824
0.337255
0.345098
0.290196
0.380392
0.227451
0.286275
0.407843
0.450980
0.427451
0.349020
0.400000
0.600000
0.549020
0.713725
0.760784
0.698039
0.643137
0.619608
0.607843
0.400000
0.400000
0.407843
0.298039
0.223529
0.168627
0.211765
0.215686
0.172549
0.203922
0.298039
0.290196
0.337255
0.290196
0.360784
0.243137
0.345098
0.345098
0.352941
0.392157
0.388235
0.478431
0.349020
0.431373
0.607843
0.552941
0.717647
0.788235
0.647059
0.474510
0.584314
0.450980
0.349020
0.329412
0.313725
0.266667
0.196078
0.196078
0.196078
0.219608
0.192157
0.196078
0.278431
0.360784
0.415686
0.423529
0.301961
0.223529
0.568627
0.666667
0.356863
0.337255
0.325490
0.450980
0.317647
0.372549
0.576471
0.521569
0.686275
0.823529
0.729412
0.466667
0.470588
0.341176
0.290196
0.203922
0.203922
0.160784
0.196078
0.262745
0.235294
0.239216
0.215686
0.239216
0.235294
0.341176
0.411765
0.490196
0.356863
0.286275
0.647059
0.745098
0.411765
0.427451
0.356863
0.447059
0.341176
0.396078
0.443137
0.400000
0.611765
0.843137
0.533333
0.352941
0.337255
0.239216
0.196078
0.196078
0.180392
0.184314
0.203922
0.219608
0.262745
0.317647
0.282353
0.223529
0.243137
0.360784
0.325490
0.411765
0.411765
0.325490
0.329412
0.278431
0.235294
0.466667
0.423529
0.298039
0.396078
0.396078
0.384314
0.368627
0.576471
0.615686
0.278431
0.250980
0.227451
0.227451
0.243137
0.258824
0.298039
0.282353
0.215686
0.262745
0.329412
0.333333
0.266667
0.227451
0.239216
0.286275
0.270588
0.243137
0.400000
0.325490
0.274510
0.247059
0.247059
0.301961
0.635294
0.447059
0.376471
0.270588
0.337255
0.262745
0.513725
0.376471
0.223529
0.250980
0.266667
0.219608
0.223529
0.270588
0.313725
0.286275
0.356863
0.450980
0.458824
0.427451
0.305882
0.329412
0.411765
0.411765
0.294118
0.200000
0.188235
0.294118
0.364706
0.360784
0.286275
0.309804
0.784314
0.584314
0.341176
0.309804
0.380392
0.294118
0.431373
0.427451
0.270588
0.278431
0.360784
0.270588
0.278431
0.356863
0.341176
0.360784
0.501961
0.541176
0.419608
0.435294
0.364706
0.407843
0.470588
0.407843
0.329412
0.247059
0.290196
0.239216
0.349020
0.478431
0.392157
0.270588
0.482353
0.431373
0.321569
0.298039
0.372549
0.415686
0.407843
0.364706
0.325490
0.368627
0.341176
0.305882
0.321569
0.498039
0.560784
0.576471
0.513725
0.513725
0.396078
0.356863
0.349020
0.517647
0.470588
0.427451
0.329412
0.286275
0.301961
0.196078
0.286275
0.470588
0.658824
0.419608
0.192157
0.400000
0.243137
0.219608
0.329412
0.435294
0.443137
0.392157
0.301961
0.282353
0.321569
0.364706
0.333333
0.372549
0.521569
0.505882
0.474510
0.572549
0.537255
0.439216
0.498039
0.576471
0.458824
0.427451
0.388235
0.290196
0.317647
0.219608
0.411765
0.572549
0.619608
0.545098
0.207843
0.325490
0.270588
0.345098
0.333333
0.427451
0.360784
0.403922
0.356863
0.286275
0.298039
0.321569
0.337255
0.388235
0.454902
0.380392
0.490196
0.643137
0.580392
0.584314
0.592157
0.505882
0.478431
0.392157
0.360784
0.274510
0.254902
0.270588
0.431373
0.670588
0.686275
0.533333
0.227451
0.227451
0.266667
0.439216
0.372549
0.317647
0.239216
0.349020
0.400000
0.282353
0.223529
0.282353
0.380392
0.474510
0.509804
0.525490
0.596078
0.682353
0.541176
0.498039
0.403922
0.435294
0.470588
0.392157
0.325490
0.258824
0.286275
0.341176
0.380392
0.572549
0.741176
0.631373
0.309804
0.223529
0.231373
0.466667
0.396078
0.211765
0.235294
0.309804
0.325490
0.313725
0.321569
0.380392
0.372549
0.360784
0.388235
0.541176
0.635294
0.647059
0.541176
0.439216
0.384314
0.419608
0.458824
0.333333
0.223529
0.243137
0.337255
0.380392
0.396078
0.580392
0.741176
0.647059
0.254902
0.156863
0.250980
0.372549
0.298039
0.231373
0.188235
0.239216
0.243137
0.258824
0.384314
0.447059
0.498039
0.454902
0.360784
0.356863
0.603922
0.627451
0.411765
0.345098
0.423529
0.498039
0.486275
0.325490
0.243137
0.274510
0.396078
0.384314
0.294118
0.592157
0.745098
0.611765
0.262745
0.168627
0.278431
0.333333
0.294118
0.223529
0.152941
0.227451
0.364706
0.200000
0.227451
0.349020
0.556863
0.545098
0.372549
0.466667
0.615686
0.517647
0.345098
0.450980
0.627451
0.631373
0.490196
0.415686
0.376471
0.360784
0.447059
0.301961
0.329412
0.552941
0.701961
0.654902
0.298039
0.176471
0.392157
0.388235
0.356863
0.243137
0.176471
0.270588
0.470588
0.227451
0.164706
0.298039
0.588235
0.498039
0.345098
0.556863
0.674510
0.533333
0.490196
0.466667
0.631373
0.568627
0.443137
0.368627
0.329412
0.345098
0.305882
0.274510
0.501961
0.580392
0.615686
0.650980
0.435294
0.180392
0.345098
0.454902
0.443137
0.290196
0.223529
0.278431
0.435294
0.411765
0.152941
0.215686
0.517647
0.537255
0.462745
0.592157
0.686275
0.639216
0.560784
0.494118
0.670588
0.611765
0.427451
0.305882
0.227451
0.219608
0.231373
0.278431
0.541176
0.690196
0.705882
0.666667
0.564706
0.333333
0.298039
0.431373
0.458824
0.415686
0.345098
0.368627
0.431373
0.560784
0.301961
0.196078
0.411765
0.556863
0.439216
0.615686
0.792157
0.682353
0.564706
0.564706
0.529412
0.352941
0.180392
0.180392
0.180392
0.215686
0.278431
0.298039
0.525490
0.639216
0.733333
0.690196
0.603922
0.352941
0.333333
0.329412
0.403922
0.286275
0.341176
0.349020
0.388235
0.529412
0.533333
0.309804
0.474510
0.623529
0.494118
0.600000
0.854902
0.623529
0.454902
0.509804
0.447059
0.333333
0.180392
0.125490
0.235294
0.313725
0.352941
0.364706
0.674510
0.733333
0.764706
0.686275
0.607843
0.388235
0.305882
0.341176
0.388235
0.329412
0.313725
0.282353
0.349020
0.486275
0.631373
0.349020
0.309804
0.552941
0.494118
0.678431
0.882353
0.615686
0.403922
0.486275
0.376471
0.294118
0.301961
0.349020
0.356863
0.305882
0.384314
0.301961
0.658824
0.749020
0.717647
0.654902
0.733333
0.478431
0.286275
0.286275
0.356863
0.435294
0.286275
0.305882
0.356863
0.474510
0.568627
0.384314
0.203922
0.376471
0.400000
0.627451
0.733333
0.556863
0.454902
0.396078
0.156863
0.290196
0.384314
0.482353
0.313725
0.486275
0.396078
0.294118
0.694118
0.721569
0.690196
0.705882
0.752941
0.541176
0.294118
0.215686
0.266667
0.431373
0.356863
0.333333
0.247059
0.301961
0.443137
0.352941
0.360784
0.333333
0.258824
0.549020
0.592157
0.407843
0.301961
0.239216
0.266667
0.282353
0.235294
0.274510
0.356863
0.713725
0.560784
0.376471
0.647059
0.749020
0.717647
0.733333
0.690196
0.592157
0.372549
0.301961
0.286275
0.517647
0.337255
0.247059
0.196078
0.211765
0.294118
0.227451
0.301961
0.352941
0.207843
0.466667
0.556863
0.384314
0.243137
0.290196
0.321569
0.145098
0.243137
0.274510
0.407843
0.650980
0.580392
0.325490
0.517647
0.717647
0.717647
0.705882
0.662745
0.682353
0.419608
0.345098
0.337255
0.529412
0.388235
0.294118
0.207843
0.196078
0.172549
0.156863
0.129412
0.207843
0.278431
0.270588
0.286275
0.360784
0.364706
0.219608
0.117647
0.247059
0.313725
0.290196
0.443137
0.525490
0.388235
0.254902
0.392157
0.592157
0.572549
0.513725
0.631373
0.725490
0.349020
0.262745
0.313725
0.454902
0.368627
0.333333
0.211765
0.152941
0.152941
0.188235
0.176471
0.117647
0.196078
0.196078
0.184314
0.262745
0.200000
0.117647
0.180392
0.356863
0.301961
0.203922
0.360784
0.427451
0.376471
0.235294
0.439216
0.596078
0.572549
0.576471
0.631373
0.654902
0.305882
0.168627
0.294118
0.454902
0.407843
0.337255
0.164706
0.196078
0.192157
0.247059
0.243137
0.176471
0.105882
0.098039
0.117647
0.105882
0.101961
0.207843
0.290196
0.364706
0.345098
0.203922
0.317647
0.435294
0.247059
0.172549
0.415686
0.643137
0.650980
0.686275
0.698039
0.690196
0.258824
0.247059
0.317647
0.498039
0.400000
0.231373
0.188235
0.262745
0.258824
0.345098
0.278431
0.215686
0.219608
0.168627
0.137255
0.164706
0.266667
0.341176
0.278431
0.403922
0.509804
0.466667
0.498039
0.564706
0.529412
0.223529
0.345098
0.678431
0.678431
0.603922
0.682353
0.682353
0.215686
0.337255
0.470588
0.556863
0.494118
0.192157
0.168627
0.309804
0.274510
0.266667
0.235294
0.223529
0.274510
0.274510
0.262745
0.325490
0.360784
0.301961
0.278431
0.345098
0.556863
0.647059
0.450980
0.419608
0.654902
0.349020
0.254902
0.584314
0.607843
0.525490
0.678431
0.666667
