0.447059
0.458824
0.466667
0.474510
0.482353
0.486275
0.494118
0.505882
0.505882
0.482353
0.458824
0.529412
0.400000
0.290196
0.313725
0.254902
0.278431
0.352941
0.349020
0.298039
0.309804
0.372549
0.384314
0.301961
0.309804
0.329412
0.278431
0.317647
0.301961
0.282353
0.235294
0.223529
0.411765
0.415686
0.423529
0.427451
0.431373
0.431373
0.435294
0.447059
0.462745
0.466667
0.458824
0.478431
0.403922
0.294118
0.254902
0.235294
0.266667
0.298039
0.305882
0.282353
0.313725
0.443137
0.372549
0.254902
0.239216
0.247059
0.274510
0.458824
0.443137
0.258824
0.278431
0.254902
0.305882
0.294118
0.290196
0.290196
0.290196
0.301961
0.345098
0.380392
0.396078
0.376471
0.345098
0.349020
0.317647
0.266667
0.243137
0.258824
0.258824
0.290196
0.321569
0.337255
0.349020
0.372549
0.298039
0.227451
0.247059
0.305882
0.349020
0.627451
0.611765
0.305882
0.388235
0.298039
0.200000
0.227451
0.176471
0.176471
0.176471
0.207843
0.309804
0.321569
0.282353
0.270588
0.274510
0.239216
0.231373
0.235294
0.250980
0.247059
0.262745
0.282353
0.294118
0.270588
0.305882
0.325490
0.372549
0.541176
0.713725
0.815686
0.678431
0.788235
0.788235
0.447059
0.345098
0.298039
0.192157
0.243137
0.176471
0.180392
0.180392
0.203922
0.305882
0.301961
0.254902
0.227451
0.282353
0.247059
0.219608
0.231373
0.231373
0.239216
0.274510
0.270588
0.258824
0.321569
0.529412
0.725490
0.850980
0.956863
0.980392
0.976471
0.721569
0.698039
0.909804
0.792157
0.329412
0.274510
0.196078
0.247059
0.184314
0.192157
0.184314
0.211765
0.290196
0.282353
0.282353
0.247059
0.286275
0.247059
0.235294
0.247059
0.219608
0.235294
0.309804
0.352941
0.490196
0.760784
0.949020
1.000000
1.000000
0.972549
0.894118
0.847059
0.717647
0.533333
0.827451
0.909804
0.407843
0.364706
0.203922
0.215686
0.184314
0.192157
0.188235
0.196078
0.239216
0.282353
0.313725
0.286275
0.239216
0.207843
0.211765
0.215686
0.250980
0.470588
0.729412
0.831373
0.941176
1.000000
1.000000
0.984314
0.956863
0.894118
0.835294
0.819608
0.788235
0.647059
0.698039
0.737255
0.670588
0.584314
0.207843
0.196078
0.192157
0.196078
0.247059
0.376471
0.650980
0.843137
0.882353
0.843137
0.674510
0.443137
0.313725
0.329412
0.654902
0.968627
1.000000
1.000000
1.000000
0.992157
0.980392
0.949020
0.909804
0.870588
0.819608
0.764706
0.701961
0.772549
0.505882
0.572549
0.674510
0.729412
0.211765
0.215686
0.207843
0.294118
0.713725
0.941176
1.000000
1.000000
1.000000
1.000000
1.000000
0.972549
0.882353
0.890196
0.992157
1.000000
0.996078
0.996078
0.996078
1.000000
0.988235
0.945098
0.913725
0.839216
0.713725
0.411765
0.349020
0.596078
0.549020
0.415686
0.411765
0.521569
0.247059
0.254902
0.247059
0.541176
0.980392
1.000000
0.984314
0.996078
0.996078
0.996078
0.996078
1.000000
1.000000
1.000000
0.996078
0.996078
1.000000
1.000000
1.000000
1.000000
1.000000
0.984314
0.913725
0.741176
0.431373
0.254902
0.258824
0.286275
0.317647
0.305882
0.337255
0.368627
0.298039
0.301961
0.325490
0.741176
0.992157
0.952941
0.988235
0.996078
1.000000
1.000000
0.996078
0.992157
0.992157
0.996078
1.000000
1.000000
1.000000
1.000000
1.000000
1.000000
1.000000
0.996078
0.815686
0.466667
0.262745
0.258824
0.321569
0.345098
0.239216
0.274510
0.356863
0.345098
0.305882
0.294118
0.352941
0.823529
0.976471
0.901961
0.960784
0.992157
0.996078
1.000000
0.996078
0.984314
0.992157
1.000000
1.000000
1.000000
1.000000
1.000000
1.000000
1.000000
1.000000
0.988235
0.619608
0.298039
0.247059
0.247059
0.337255
0.368627
0.325490
0.345098
0.384314
0.337255
0.305882
0.274510
0.356863
0.858824
0.968627
0.831373
0.874510
0.968627
0.992157
0.988235
0.996078
0.984314
0.984314
1.000000
1.000000
1.000000
1.000000
0.996078
1.000000
0.996078
0.996078
0.956863
0.537255
0.345098
0.258824
0.254902
0.329412
0.333333
0.360784
0.286275
0.266667
0.274510
0.313725
0.290196
0.474510
0.933333
0.964706
0.780392
0.792157
0.898039
0.949020
0.984314
0.992157
0.992157
0.980392
0.980392
0.996078
1.000000
0.996078
0.996078
0.984314
0.976471
0.988235
0.976471
0.525490
0.301961
0.278431
0.290196
0.329412
0.301961
0.278431
0.262745
0.247059
0.270588
0.360784
0.349020
0.623529
0.949020
0.972549
0.729412
0.745098
0.882353
0.866667
0.956863
1.000000
0.984314
0.917647
0.921569
0.980392
1.000000
1.000000
0.996078
0.952941
0.952941
0.992157
0.968627
0.462745
0.231373
0.282353
0.309804
0.313725
0.262745
0.243137
0.243137
0.231373
0.270588
0.301961
0.294118
0.662745
0.952941
0.984314
0.694118
0.647059
0.901961
0.854902
0.905882
0.976471
0.901961
0.854902
0.898039
0.941176
0.976471
0.992157
0.992157
0.917647
0.952941
0.992157
0.901961
0.552941
0.290196
0.243137
0.266667
0.290196
0.254902
0.231373
0.223529
0.219608
0.274510
0.309804
0.321569
0.709804
0.937255
0.976471
0.733333
0.509804
0.839216
0.925490
0.921569
0.898039
0.780392
0.839216
0.882353
0.890196
0.905882
0.933333
0.929412
0.882353
0.933333
0.972549
0.760784
0.568627
0.313725
0.215686
0.231373
0.247059
0.235294
0.235294
0.223529
0.223529
0.258824
0.364706
0.400000
0.737255
0.917647
0.964706
0.839216
0.498039
0.686275
0.890196
0.921569
0.862745
0.811765
0.858824
0.862745
0.858824
0.866667
0.870588
0.850980
0.819608
0.921569
0.992157
0.619608
0.356863
0.247059
0.215686
0.235294
0.250980
0.211765
0.250980
0.254902
0.235294
0.239216
0.380392
0.411765
0.709804
0.905882
0.960784
0.886275
0.549020
0.486275
0.811765
0.945098
0.886275
0.835294
0.894118
0.905882
0.898039
0.866667
0.827451
0.729412
0.627451
0.929412
0.996078
0.517647
0.254902
0.207843
0.247059
0.243137
0.247059
0.227451
0.247059
0.250980
0.231373
0.266667
0.305882
0.301961
0.611765
0.898039
0.956863
0.898039
0.545098
0.360784
0.780392
0.992157
0.698039
0.588235
0.717647
0.733333
0.662745
0.517647
0.647059
0.662745
0.533333
0.870588
0.921569
0.384314
0.250980
0.266667
0.317647
0.270588
0.231373
0.254902
0.329412
0.317647
0.247059
0.286275
0.317647
0.290196
0.541176
0.862745
0.933333
0.886275
0.498039
0.325490
0.749020
0.964706
0.611765
0.360784
0.305882
0.360784
0.415686
0.450980
0.607843
0.682353
0.721569
0.894118
0.850980
0.329412
0.266667
0.321569
0.372549
0.286275
0.215686
0.258824
0.431373
0.419608
0.301961
0.290196
0.298039
0.305882
0.415686
0.698039
0.870588
0.854902
0.450980
0.329412
0.745098
0.874510
0.541176
0.407843
0.274510
0.313725
0.431373
0.454902
0.552941
0.643137
0.705882
0.905882
0.803922
0.431373
0.301961
0.384314
0.368627
0.243137
0.215686
0.231373
0.360784
0.380392
0.270588
0.266667
0.372549
0.305882
0.305882
0.470588
0.756863
0.894118
0.439216
0.384314
0.811765
0.780392
0.396078
0.435294
0.333333
0.325490
0.403922
0.419608
0.513725
0.588235
0.537255
0.835294
0.760784
0.427451
0.341176
0.384314
0.321569
0.207843
0.231373
0.247059
0.301961
0.321569
0.223529
0.247059
0.368627
0.298039
0.258824
0.309804
0.541176
0.905882
0.494118
0.454902
0.874510
0.776471
0.270588
0.254902
0.266667
0.254902
0.262745
0.258824
0.384314
0.600000
0.368627
0.694118
0.717647
0.258824
0.262745
0.278431
0.254902
0.192157
0.239216
0.286275
0.278431
0.262745
0.223529
0.243137
0.266667
0.231373
0.223529
0.227451
0.380392
0.866667
0.533333
0.396078
0.725490
0.721569
0.329412
0.313725
0.345098
0.325490
0.341176
0.337255
0.423529
0.615686
0.450980
0.639216
0.670588
0.364706
0.333333
0.345098
0.305882
0.196078
0.266667
0.396078
0.368627
0.341176
0.333333
0.325490
0.411765
0.427451
0.431373
0.427451
0.498039
0.839216
0.607843
0.454902
0.729412
0.733333
0.478431
0.517647
0.552941
0.537255
0.549020
0.509804
0.474510
0.611765
0.447059
0.611765
0.698039
0.380392
0.337255
0.329412
0.301961
0.203922
0.266667
0.349020
0.333333
0.329412
0.333333
0.321569
0.619608
0.647059
0.682353
0.603922
0.552941
0.862745
0.792157
0.482353
0.666667
0.760784
0.329412
0.329412
0.333333
0.321569
0.317647
0.301961
0.372549
0.600000
0.341176
0.584314
0.749020
0.313725
0.301961
0.305882
0.294118
0.211765
0.239216
0.298039
0.294118
0.286275
0.305882
0.317647
0.831373
0.831373
0.827451
0.709804
0.635294
0.901961
0.905882
0.556863
0.611765
0.827451
0.368627
0.325490
0.317647
0.298039
0.282353
0.290196
0.415686
0.650980
0.364706
0.592157
0.835294
0.364706
0.345098
0.360784
0.360784
0.364706
0.470588
0.443137
0.388235
0.403922
0.411765
0.423529
0.941176
0.913725
0.839216
0.678431
0.760784
0.929412
0.874510
0.639216
0.670588
0.909804
0.607843
0.568627
0.572549
0.568627
0.568627
0.584314
0.662745
0.709804
0.588235
0.713725
0.870588
0.654902
0.647059
0.666667
0.678431
0.647059
0.745098
0.741176
0.741176
0.749020
0.756863
0.772549
0.980392
0.968627
0.894118
0.768627
0.917647
0.956863
0.937255
0.898039
0.917647
0.968627
0.913725
0.894118
0.929412
0.937255
0.921569
0.905882
0.917647
0.729412
0.862745
0.937255
0.878431
0.952941
0.862745
0.878431
0.941176
0.768627
0.752941
0.839216
0.858824
0.890196
0.850980
0.874510
0.882353
0.964706
0.933333
0.909804
0.945098
0.858824
0.917647
0.925490
0.890196
0.854902
0.827451
0.615686
0.670588
0.745098
0.811765
0.839216
0.713725
0.674510
0.850980
0.929412
0.913725
0.870588
0.866667
0.858824
0.905882
0.901961
0.894118
0.913725
0.874510
0.905882
0.909804
0.909804
0.768627
0.847059
0.874510
0.815686
0.737255
0.803922
0.866667
0.780392
0.862745
0.811765
0.905882
0.815686
0.847059
0.917647
0.968627
0.992157
0.956863
0.933333
0.988235
1.000000
0.964706
0.941176
1.000000
1.000000
0.996078
0.992157
1.000000
1.000000
0.996078
0.945098
0.992157
1.000000
0.403922
0.415686
0.427451
0.431373
0.443137
0.443137
0.447059
0.450980
0.462745
0.470588
0.458824
0.529412
0.474510
0.435294
0.450980
0.384314
0.403922
0.470588
0.478431
0.439216
0.454902
0.505882
0.509804
0.423529
0.427451
0.439216
0.372549
0.396078
0.403922
0.392157
0.341176
0.321569
0.376471
0.384314
0.392157
0.392157
0.400000
0.400000
0.392157
0.403922
0.411765
0.415686
0.411765
0.427451
0.431373
0.403922
0.372549
0.352941
0.388235
0.423529
0.431373
0.415686
0.450980
0.560784
0.478431
0.349020
0.341176
0.341176
0.321569
0.474510
0.498039
0.352941
0.384314
0.349020
0.278431
0.270588
0.266667
0.266667
0.266667
0.274510
0.345098
0.415686
0.427451
0.384314
0.356863
0.400000
0.403922
0.364706
0.349020
0.368627
0.384314
0.419608
0.454902
0.470588
0.482353
0.490196
0.384314
0.290196
0.309804
0.364706
0.356863
0.600000
0.635294
0.396078
0.501961
0.396078
0.200000
0.235294
0.164706
0.164706
0.160784
0.207843
0.352941
0.392157
0.360784
0.337255
0.356863
0.356863
0.352941
0.337255
0.352941
0.356863
0.392157
0.423529
0.439216
0.407843
0.435294
0.427451
0.435294
0.564706
0.725490
0.827451
0.662745
0.764706
0.796078
0.513725
0.450980
0.411765
0.203922
0.270588
0.164706
0.164706
0.160784
0.223529
0.372549
0.384314
0.333333
0.309804
0.376471
0.349020
0.321569
0.321569
0.321569
0.345098
0.400000
0.400000
0.376471
0.415686
0.603922
0.772549
0.870588
0.952941
0.968627
0.952941
0.690196
0.682353
0.905882
0.819608
0.403922
0.376471
0.196078
0.262745
0.164706
0.164706
0.168627
0.227451
0.349020
0.352941
0.356863
0.321569
0.368627
0.333333
0.325490
0.325490
0.290196
0.313725
0.403922
0.423529
0.537255
0.784314
0.952941
1.000000
0.996078
0.952941
0.874510
0.811765
0.674510
0.501961
0.800000
0.909804
0.435294
0.415686
0.184314
0.219608
0.168627
0.172549
0.172549
0.196078
0.254902
0.305882
0.341176
0.313725
0.278431
0.247059
0.250980
0.250980
0.278431
0.505882
0.764706
0.850980
0.945098
1.000000
0.988235
0.960784
0.925490
0.858824
0.803922
0.780392
0.737255
0.611765
0.670588
0.721569
0.670588
0.596078
0.188235
0.200000
0.180392
0.180392
0.227451
0.356863
0.631373
0.827451
0.866667
0.827451
0.666667
0.431373
0.298039
0.317647
0.650980
0.968627
1.000000
1.000000
0.996078
0.992157
0.976471
0.929412
0.882353
0.827451
0.776471
0.717647
0.650980
0.729412
0.478431
0.552941
0.662745
0.717647
0.200000
0.215686
0.207843
0.274510
0.686275
0.929412
1.000000
1.000000
1.000000
1.000000
1.000000
0.964706
0.874510
0.882353
0.992157
1.000000
0.996078
0.996078
0.996078
1.000000
0.988235
0.929412
0.886275
0.800000
0.674510
0.388235
0.329412
0.556863
0.509804
0.380392
0.372549
0.494118
0.243137
0.258824
0.262745
0.549020
0.964706
0.980392
0.980392
0.996078
0.996078
0.996078
0.992157
0.996078
1.000000
1.000000
0.996078
0.996078
1.000000
1.000000
1.000000
1.000000
0.996078
0.956863
0.878431
0.698039
0.415686
0.270588
0.266667
0.278431
0.313725
0.298039
0.309804
0.352941
0.345098
0.345098
0.360784
0.749020
0.968627
0.909804
0.972549
1.000000
1.000000
1.000000
0.992157
0.984314
0.984314
0.992157
1.000000
1.000000
1.000000
1.000000
1.000000
1.000000
0.996078
0.980392
0.792157
0.447059
0.250980
0.247059
0.286275
0.305882
0.227451
0.262745
0.329412
0.309804
0.352941
0.337255
0.372549
0.800000
0.925490
0.843137
0.937255
0.992157
0.996078
1.000000
0.992157
0.976471
0.980392
0.996078
1.000000
1.000000
1.000000
1.000000
1.000000
1.000000
1.000000
0.984314
0.619608
0.305882
0.247059
0.207843
0.266667
0.298039
0.270588
0.294118
0.329412
0.282353
0.349020
0.325490
0.352941
0.819608
0.901961
0.752941
0.839216
0.941176
0.976471
0.996078
0.992157
0.956863
0.949020
0.980392
0.996078
1.000000
1.000000
1.000000
0.996078
0.988235
1.000000
0.964706
0.560784
0.372549
0.247059
0.200000
0.247059
0.254902
0.294118
0.223529
0.203922
0.211765
0.352941
0.333333
0.447059
0.890196
0.886275
0.682353
0.737255
0.847059
0.917647
0.992157
0.996078
0.956863
0.933333
0.952941
0.988235
1.000000
1.000000
1.000000
0.968627
0.956863
0.984314
0.964706
0.525490
0.286275
0.211765
0.215686
0.247059
0.239216
0.219608
0.203922
0.192157
0.200000
0.411765
0.396078
0.592157
0.882353
0.866667
0.611765
0.666667
0.823529
0.827451
0.937255
0.988235
0.949020
0.866667
0.886275
0.960784
0.992157
0.996078
0.992157
0.921569
0.917647
0.976471
0.945098
0.443137
0.196078
0.207843
0.231373
0.239216
0.211765
0.196078
0.192157
0.184314
0.203922
0.360784
0.345098
0.619608
0.843137
0.862745
0.576471
0.560784
0.823529
0.803922
0.858824
0.933333
0.839216
0.780392
0.835294
0.890196
0.937255
0.960784
0.968627
0.878431
0.905882
0.968627
0.843137
0.447059
0.231373
0.200000
0.207843
0.219608
0.200000
0.188235
0.180392
0.176471
0.211765
0.376471
0.372549
0.639216
0.800000
0.843137
0.611765
0.415686
0.752941
0.858824
0.870588
0.835294
0.670588
0.745098
0.807843
0.823529
0.835294
0.874510
0.874510
0.819608
0.870588
0.941176
0.662745
0.388235
0.219608
0.188235
0.180392
0.184314
0.188235
0.188235
0.172549
0.180392
0.200000
0.486275
0.494118
0.674510
0.768627
0.815686
0.686275
0.396078
0.600000
0.811765
0.874510
0.796078
0.662745
0.749020
0.772549
0.768627
0.772549
0.780392
0.756863
0.725490
0.850980
0.956863
0.541176
0.239216
0.172549
0.180392
0.180392
0.200000
0.176471
0.207843
0.203922
0.188235
0.192157
0.494118
0.482353
0.635294
0.752941
0.792157
0.725490
0.470588
0.423529
0.741176
0.894118
0.807843
0.686275
0.745098
0.764706
0.768627
0.756863
0.713725
0.603922
0.521569
0.858824
0.956863
0.466667
0.219608
0.168627
0.200000
0.192157
0.196078
0.184314
0.227451
0.235294
0.207843
0.235294
0.380392
0.349020
0.537255
0.737255
0.760784
0.729412
0.490196
0.325490
0.725490
0.945098
0.647059
0.505882
0.580392
0.611765
0.584314
0.470588
0.552941
0.549020
0.443137
0.815686
0.878431
0.360784
0.231373
0.215686
0.247059
0.207843
0.184314
0.211765
0.298039
0.290196
0.227451
0.262745
0.356863
0.333333
0.490196
0.705882
0.721569
0.709804
0.458824
0.305882
0.701961
0.929412
0.662745
0.411765
0.270588
0.333333
0.427451
0.486275
0.560784
0.600000
0.662745
0.843137
0.811765
0.325490
0.207843
0.231373
0.274510
0.207843
0.172549
0.223529
0.364706
0.352941
0.262745
0.266667
0.325490
0.341176
0.423529
0.615686
0.682353
0.690196
0.423529
0.321569
0.694118
0.835294
0.643137
0.486275
0.266667
0.321569
0.450980
0.501961
0.525490
0.568627
0.650980
0.839216
0.776471
0.450980
0.254902
0.278431
0.266667
0.176471
0.172549
0.200000
0.309804
0.325490
0.239216
0.258824
0.403922
0.329412
0.325490
0.450980
0.635294
0.768627
0.423529
0.368627
0.752941
0.733333
0.462745
0.482353
0.325490
0.333333
0.403922
0.447059
0.490196
0.517647
0.498039
0.776471
0.737255
0.443137
0.317647
0.321569
0.254902
0.164706
0.200000
0.227451
0.278431
0.282353
0.207843
0.243137
0.392157
0.309804
0.266667
0.317647
0.486275
0.831373
0.482353
0.427451
0.807843
0.725490
0.278431
0.266667
0.247059
0.254902
0.243137
0.258824
0.352941
0.533333
0.337255
0.643137
0.674510
0.250980
0.247059
0.247059
0.223529
0.168627
0.219608
0.274510
0.266667
0.235294
0.203922
0.235294
0.274510
0.227451
0.211765
0.219608
0.352941
0.803922
0.517647
0.352941
0.650980
0.674510
0.313725
0.309804
0.317647
0.313725
0.309804
0.325490
0.400000
0.545098
0.411765
0.568627
0.600000
0.345098
0.313725
0.317647
0.278431
0.172549
0.239216
0.364706
0.349020
0.301961
0.298039
0.301961
0.415686
0.423529
0.415686
0.415686
0.478431
0.792157
0.596078
0.427451
0.643137
0.686275
0.478431
0.513725
0.521569
0.513725
0.525490
0.498039
0.447059
0.545098
0.407843
0.545098
0.631373
0.360784
0.325490
0.317647
0.286275
0.172549
0.231373
0.325490
0.321569
0.309804
0.309804
0.301961
0.603922
0.631373
0.662745
0.580392
0.525490
0.815686
0.752941
0.458824
0.600000
0.705882
0.325490
0.321569
0.317647
0.309804
0.313725
0.294118
0.333333
0.537255
0.309804
0.533333
0.694118
0.294118
0.290196
0.301961
0.282353
0.184314
0.207843
0.286275
0.286275
0.274510
0.294118
0.305882
0.756863
0.768627
0.760784
0.639216
0.572549
0.839216
0.823529
0.513725
0.568627
0.772549
0.337255
0.301961
0.301961
0.282353
0.274510
0.270588
0.364706
0.580392
0.329412
0.537255
0.776471
0.337255
0.317647
0.337255
0.329412
0.325490
0.431373
0.411765
0.356863
0.368627
0.376471
0.388235
0.784314
0.807843
0.737255
0.576471
0.678431
0.874510
0.796078
0.572549
0.607843
0.862745
0.549020
0.501961
0.505882
0.498039
0.501961
0.525490
0.580392
0.615686
0.533333
0.643137
0.792157
0.600000
0.588235
0.603922
0.603922
0.576471
0.682353
0.674510
0.666667
0.674510
0.682353
0.690196
0.756863
0.815686
0.764706
0.662745
0.827451
0.894118
0.874510
0.815686
0.819608
0.909804
0.839216
0.792157
0.807843
0.803922
0.796078
0.796078
0.819608
0.623529
0.780392
0.843137
0.788235
0.890196
0.780392
0.788235
0.835294
0.666667
0.662745
0.741176
0.756863
0.784314
0.745098
0.768627
0.552941
0.670588
0.768627
0.811765
0.858824
0.737255
0.815686
0.823529
0.760784
0.741176
0.752941
0.525490
0.549020
0.611765
0.674510
0.709804
0.607843
0.580392
0.749020
0.823529
0.831373
0.796078
0.772549
0.768627
0.811765
0.803922
0.800000
0.823529
0.780392
0.807843
0.807843
0.800000
0.415686
0.498039
0.717647
0.721569
0.627451
0.686275
0.764706
0.670588
0.741176
0.698039
0.835294
0.725490
0.725490
0.788235
0.847059
0.870588
0.858824
0.839216
0.894118
0.901961
0.870588
0.850980
0.917647
0.937255
0.925490
0.913725
0.925490
0.917647
0.905882
0.862745
0.913725
0.921569
0.505882
0.513725
0.525490
0.529412
0.541176
0.541176
0.545098
0.549020
0.552941
0.549020
0.533333
0.592157
0.525490
0.474510
0.490196
0.439216
0.447059
0.494118
0.494118
0.462745
0.478431
0.509804
0.513725
0.450980
0.470588
0.482353
0.411765
0.435294
0.447059
0.443137
0.400000
0.384314
0.466667
0.474510
0.478431
0.482353
0.490196
0.490196
0.478431
0.478431
0.478431
0.478431
0.474510
0.486275
0.474510
0.443137
0.435294
0.423529
0.447059
0.462745
0.462745
0.443137
0.462745
0.545098
0.490196
0.388235
0.388235
0.380392
0.360784
0.513725
0.545098
0.403922
0.435294
0.407843
0.341176
0.329412
0.329412
0.329412
0.329412
0.337255
0.419608
0.482353
0.478431
0.431373
0.411765
0.439216
0.443137
0.415686
0.403922
0.435294
0.435294
0.450980
0.474510
0.482353
0.482353
0.486275
0.427451
0.352941
0.368627
0.411765
0.400000
0.635294
0.670588
0.423529
0.529412
0.435294
0.243137
0.290196
0.203922
0.203922
0.192157
0.254902
0.439216
0.478431
0.427451
0.407843
0.427451
0.411765
0.415686
0.400000
0.403922
0.419608
0.431373
0.450980
0.458824
0.415686
0.435294
0.435294
0.466667
0.607843
0.760784
0.854902
0.686275
0.784314
0.811765
0.525490
0.466667
0.447059
0.247059
0.337255
0.200000
0.192157
0.184314
0.278431
0.462745
0.466667
0.403922
0.392157
0.454902
0.415686
0.384314
0.380392
0.388235
0.411765
0.443137
0.439216
0.411765
0.439216
0.611765
0.772549
0.874510
0.964706
0.984314
0.976471
0.713725
0.698039
0.917647
0.827451
0.431373
0.431373
0.243137
0.333333
0.200000
0.188235
0.200000
0.286275
0.439216
0.435294
0.427451
0.400000
0.454902
0.403922
0.380392
0.392157
0.372549
0.384314
0.454902
0.474510
0.576471
0.800000
0.956863
1.000000
1.000000
0.976471
0.905882
0.854902
0.721569
0.545098
0.831373
0.929412
0.474510
0.474510
0.239216
0.294118
0.203922
0.203922
0.215686
0.250980
0.325490
0.360784
0.380392
0.364706
0.337255
0.305882
0.309804
0.321569
0.349020
0.541176
0.792157
0.874510
0.960784
1.000000
0.996078
0.984314
0.956863
0.894118
0.843137
0.827451
0.784314
0.654902
0.709804
0.749020
0.713725
0.658824
0.243137
0.270588
0.223529
0.231373
0.278431
0.392157
0.662745
0.847059
0.874510
0.843137
0.690196
0.466667
0.356863
0.380392
0.682353
0.964706
1.000000
1.000000
0.992157
0.992157
0.988235
0.980392
0.933333
0.874510
0.807843
0.749020
0.686275
0.764706
0.513725
0.584314
0.701961
0.780392
0.258824
0.278431
0.262745
0.329412
0.729412
0.941176
1.000000
1.000000
1.000000
1.000000
1.000000
0.968627
0.886275
0.890196
0.992157
1.000000
0.992157
0.996078
0.996078
1.000000
0.996078
0.972549
0.933333
0.843137
0.717647
0.435294
0.388235
0.607843
0.541176
0.411765
0.411765
0.545098
0.329412
0.345098
0.329412
0.592157
0.984314
0.992157
0.984314
0.996078
0.996078
0.996078
0.996078
1.000000
1.000000
1.000000
0.996078
0.996078
1.000000
1.000000
1.000000
1.000000
1.000000
0.988235
0.921569
0.745098
0.474510
0.345098
0.349020
0.352941
0.364706
0.337255
0.349020
0.400000
0.466667
0.462745
0.447059
0.788235
0.980392
0.921569
0.980392
1.000000
1.000000
1.000000
0.996078
0.988235
0.988235
0.996078
1.000000
1.000000
1.000000
1.000000
1.000000
1.000000
1.000000
0.996078
0.823529
0.486275
0.305882
0.305882
0.337255
0.356863
0.278431
0.309804
0.368627
0.356863
0.458824
0.431373
0.447059
0.847059
0.933333
0.854902
0.949020
0.992157
0.996078
1.000000
0.996078
0.980392
0.988235
0.996078
1.000000
1.000000
1.000000
1.000000
1.000000
1.000000
1.000000
0.988235
0.635294
0.337255
0.290196
0.247059
0.286275
0.321569
0.305882
0.333333
0.372549
0.325490
0.396078
0.372549
0.384314
0.847059
0.909804
0.749020
0.862745
0.972549
0.992157
0.996078
0.996078
0.984314
0.980392
0.996078
1.000000
0.996078
0.992157
0.996078
0.996078
0.996078
1.000000
0.952941
0.533333
0.376471
0.266667
0.223529
0.266667
0.278431
0.321569
0.254902
0.239216
0.239216
0.356863
0.356863
0.462745
0.909804
0.894118
0.658824
0.760784
0.894118
0.949020
1.000000
1.000000
0.992157
0.980392
0.980392
0.996078
1.000000
0.992157
0.996078
0.976471
0.976471
1.000000
0.968627
0.525490
0.317647
0.227451
0.231373
0.266667
0.250980
0.243137
0.231373
0.219608
0.219608
0.443137
0.454902
0.611765
0.886275
0.862745
0.580392
0.670588
0.854902
0.862745
0.960784
1.000000
0.976471
0.901961
0.917647
0.980392
1.000000
0.996078
0.996078
0.941176
0.949020
1.000000
0.956863
0.474510
0.243137
0.227451
0.250980
0.254902
0.223529
0.219608
0.219608
0.211765
0.219608
0.447059
0.439216
0.631373
0.800000
0.819608
0.529412
0.545098
0.850980
0.854902
0.894118
0.960784
0.850980
0.792157
0.862745
0.929412
0.964706
0.976471
0.988235
0.909804
0.945098
1.000000
0.847059
0.443137
0.250980
0.207843
0.219608
0.235294
0.211765
0.207843
0.203922
0.200000
0.223529
0.439216
0.427451
0.603922
0.709804
0.764706
0.537255
0.380392
0.760784
0.901961
0.917647
0.850980
0.639216
0.733333
0.823529
0.862745
0.870588
0.894118
0.898039
0.835294
0.913725
0.968627
0.650980
0.360784
0.223529
0.200000
0.192157
0.196078
0.207843
0.207843
0.196078
0.203922
0.215686
0.466667
0.466667
0.580392
0.647059
0.705882
0.576471
0.349020
0.596078
0.839216
0.921569
0.788235
0.580392
0.717647
0.772549
0.780392
0.788235
0.772549
0.745098
0.705882
0.886275
0.968627
0.521569
0.235294
0.192157
0.211765
0.203922
0.211765
0.203922
0.235294
0.231373
0.215686
0.219608
0.478431
0.470588
0.552941
0.607843
0.635294
0.588235
0.435294
0.443137
0.776471
0.929412
0.764706
0.588235
0.682353
0.733333
0.745098
0.737255
0.666667
0.549020
0.494118
0.894118
1.000000
0.501961
0.243137
0.188235
0.227451
0.219608
0.207843
0.196078
0.258824
0.266667
0.235294
0.262745
0.450980
0.415686
0.509804
0.584314
0.564706
0.584314
0.486275
0.372549
0.768627
0.972549
0.627451
0.447059
0.501961
0.560784
0.552941
0.450980
0.505882
0.486275
0.447059
0.847059
0.925490
0.400000
0.258824
0.231373
0.254902
0.219608
0.203922
0.227451
0.317647
0.317647
0.254902
0.301961
0.466667
0.423529
0.482353
0.568627
0.513725
0.572549
0.482353
0.372549
0.749020
0.964706
0.737255
0.454902
0.247059
0.309804
0.407843
0.478431
0.537255
0.572549
0.701961
0.870588
0.835294
0.321569
0.227451
0.239216
0.262745
0.207843
0.196078
0.243137
0.372549
0.368627
0.298039
0.317647
0.419608
0.431373
0.450980
0.529412
0.505882
0.584314
0.474510
0.376471
0.725490
0.894118
0.752941
0.509804
0.250980
0.313725
0.419608
0.447059
0.486275
0.572549
0.698039
0.870588
0.780392
0.407843
0.250980
0.266667
0.254902
0.192157
0.196078
0.219608
0.321569
0.345098
0.270588
0.298039
0.439216
0.423529
0.411765
0.458824
0.541176
0.709804
0.470588
0.411765
0.772549
0.788235
0.552941
0.494118
0.325490
0.341176
0.392157
0.400000
0.458824
0.529412
0.545098
0.811765
0.745098
0.415686
0.317647
0.313725
0.258824
0.196078
0.231373
0.262745
0.309804
0.321569
0.239216
0.274510
0.419608
0.352941
0.329412
0.384314
0.482353
0.807843
0.517647
0.454902
0.823529
0.772549
0.364706
0.321569
0.301961
0.309804
0.294118
0.290196
0.372549
0.545098
0.384314
0.674510
0.690196
0.282353
0.294118
0.294118
0.262745
0.203922
0.262745
0.321569
0.309804
0.278431
0.239216
0.266667
0.349020
0.274510
0.243137
0.262745
0.380392
0.807843
0.545098
0.372549
0.658824
0.705882
0.360784
0.345098
0.349020
0.333333
0.352941
0.356863
0.403922
0.529412
0.439216
0.588235
0.600000
0.368627
0.349020
0.368627
0.317647
0.200000
0.274510
0.403922
0.368627
0.329412
0.333333
0.341176
0.411765
0.403922
0.384314
0.368627
0.470588
0.780392
0.560784
0.415686
0.654902
0.713725
0.486275
0.521569
0.529412
0.509804
0.537255
0.517647
0.454902
0.533333
0.431373
0.560784
0.627451
0.376471
0.349020
0.349020
0.321569
0.200000
0.270588
0.368627
0.345098
0.341176
0.352941
0.352941
0.501961
0.513725
0.545098
0.486275
0.482353
0.776471
0.658824
0.423529
0.627451
0.737255
0.360784
0.360784
0.360784
0.345098
0.352941
0.345098
0.380392
0.545098
0.345098
0.560784
0.721569
0.349020
0.345098
0.352941
0.329412
0.203922
0.258824
0.333333
0.329412
0.325490
0.345098
0.356863
0.627451
0.627451
0.635294
0.560784
0.509804
0.788235
0.717647
0.470588
0.596078
0.800000
0.380392
0.349020
0.345098
0.325490
0.321569
0.321569
0.396078
0.580392
0.356863
0.564706
0.807843
0.384314
0.364706
0.380392
0.364706
0.333333
0.478431
0.447059
0.380392
0.400000
0.407843
0.415686
0.666667
0.694118
0.650980
0.525490
0.607843
0.827451
0.713725
0.521569
0.607843
0.874510
0.552941
0.501961
0.509804
0.494118
0.494118
0.525490
0.568627
0.584314
0.529412
0.623529
0.768627
0.600000
0.592157
0.611765
0.603922
0.560784
0.709804
0.674510
0.635294
0.643137
0.654902
0.662745
0.654902
0.737255
0.709804
0.631373
0.768627
0.847059
0.815686
0.760784
0.780392
0.901961
0.803922
0.749020
0.764706
0.745098
0.725490
0.741176
0.760784
0.572549
0.741176
0.772549
0.713725
0.847059
0.737255
0.741176
0.792157
0.627451
0.658824
0.713725
0.694118
0.713725
0.674510
0.694118
0.462745
0.592157
0.694118
0.776471
0.811765
0.682353
0.764706
0.768627
0.698039
0.694118
0.721569
0.478431
0.482353
0.525490
0.588235
0.643137
0.552941
0.545098
0.686275
0.749020
0.780392
0.756863
0.717647
0.701961
0.752941
0.749020
0.756863
0.792157
0.737255
0.756863
0.752941
0.741176
0.352941
0.431373
0.662745
0.698039
0.592157
0.650980
0.733333
0.619608
0.666667
0.631373
0.796078
0.670588
0.647059
0.701961
0.764706
0.811765
0.815686
0.796078
0.831373
0.839216
0.819608
0.800000
0.862745
0.886275
0.878431
0.866667
0.878431
0.870588
0.847059
0.807843
0.866667
0.874510
