0.219608
0.231373
0.247059
0.286275
0.309804
0.325490
0.356863
0.403922
0.427451
0.415686
0.435294
0.454902
0.466667
0.482353
0.501961
0.501961
0.509804
0.541176
0.501961
0.345098
0.270588
0.243137
0.258824
0.274510
0.274510
0.274510
0.266667
0.262745
0.266667
0.266667
0.274510
0.274510
0.094118
0.101961
0.113725
0.129412
0.141176
0.141176
0.164706
0.192157
0.211765
0.231373
0.243137
0.270588
0.278431
0.290196
0.294118
0.298039
0.321569
0.364706
0.380392
0.309804
0.250980
0.262745
0.270588
0.262745
0.262745
0.254902
0.254902
0.250980
0.254902
0.254902
0.262745
0.262745
0.086275
0.109804
0.117647
0.101961
0.101961
0.101961
0.105882
0.129412
0.145098
0.164706
0.168627
0.164706
0.184314
0.211765
0.243137
0.254902
0.286275
0.317647
0.384314
0.392157
0.305882
0.270588
0.270588
0.266667
0.262745
0.250980
0.254902
0.258824
0.258824
0.262745
0.258824
0.258824
0.117647
0.133333
0.137255
0.129412
0.133333
0.133333
0.133333
0.152941
0.172549
0.203922
0.200000
0.180392
0.203922
0.247059
0.258824
0.286275
0.298039
0.290196
0.368627
0.517647
0.447059
0.309804
0.274510
0.274510
0.266667
0.258824
0.266667
0.274510
0.270588
0.270588
0.262745
0.254902
0.125490
0.129412
0.125490
0.141176
0.160784
0.168627
0.164706
0.192157
0.215686
0.239216
0.231373
0.231373
0.219608
0.258824
0.282353
0.282353
0.298039
0.321569
0.313725
0.505882
0.549020
0.486275
0.392157
0.364706
0.325490
0.341176
0.325490
0.317647
0.349020
0.341176
0.298039
0.298039
0.152941
0.156863
0.152941
0.156863
0.172549
0.184314
0.215686
0.309804
0.325490
0.321569
0.309804
0.231373
0.243137
0.254902
0.286275
0.294118
0.329412
0.415686
0.317647
0.454902
0.505882
0.384314
0.333333
0.345098
0.219608
0.231373
0.262745
0.317647
0.415686
0.403922
0.282353
0.321569
0.164706
0.168627
0.172549
0.172549
0.180392
0.192157
0.211765
0.294118
0.341176
0.345098
0.274510
0.164706
0.305882
0.239216
0.243137
0.321569
0.325490
0.400000
0.360784
0.337255
0.341176
0.207843
0.168627
0.121569
0.058824
0.086275
0.180392
0.254902
0.301961
0.247059
0.250980
0.337255
0.168627
0.168627
0.172549
0.176471
0.184314
0.188235
0.188235
0.192157
0.231373
0.258824
0.219608
0.168627
0.262745
0.215686
0.286275
0.364706
0.235294
0.364706
0.427451
0.270588
0.152941
0.286275
0.298039
0.086275
0.062745
0.086275
0.129412
0.188235
0.192157
0.105882
0.243137
0.372549
0.168627
0.168627
0.172549
0.176471
0.180392
0.184314
0.188235
0.188235
0.196078
0.200000
0.196078
0.188235
0.247059
0.301961
0.329412
0.356863
0.270588
0.360784
0.384314
0.152941
0.094118
0.341176
0.372549
0.129412
0.086275
0.098039
0.078431
0.094118
0.101961
0.149020
0.243137
0.364706
0.164706
0.168627
0.164706
0.160784
0.172549
0.180392
0.184314
0.196078
0.203922
0.207843
0.196078
0.180392
0.196078
0.227451
0.278431
0.333333
0.349020
0.372549
0.317647
0.145098
0.086275
0.184314
0.298039
0.282353
0.184314
0.286275
0.113725
0.058824
0.105882
0.305882
0.286275
0.321569
0.168627
0.172549
0.172549
0.184314
0.200000
0.192157
0.184314
0.192157
0.200000
0.207843
0.207843
0.200000
0.196078
0.184314
0.192157
0.223529
0.266667
0.321569
0.290196
0.254902
0.211765
0.270588
0.419608
0.305882
0.145098
0.203922
0.101961
0.062745
0.184314
0.301961
0.274510
0.400000
0.176471
0.172549
0.200000
0.400000
0.462745
0.223529
0.172549
0.196078
0.203922
0.207843
0.207843
0.203922
0.200000
0.192157
0.180392
0.176471
0.168627
0.200000
0.254902
0.282353
0.282353
0.392157
0.431373
0.403922
0.286275
0.098039
0.086275
0.192157
0.258824
0.203922
0.211765
0.349020
0.164706
0.164706
0.203922
0.533333
0.721569
0.364706
0.172549
0.192157
0.196078
0.196078
0.200000
0.200000
0.200000
0.192157
0.188235
0.192157
0.188235
0.188235
0.196078
0.211765
0.247059
0.356863
0.345098
0.341176
0.360784
0.235294
0.164706
0.372549
0.352941
0.219608
0.231373
0.262745
0.152941
0.156863
0.192157
0.498039
0.768627
0.603922
0.203922
0.188235
0.184314
0.180392
0.184314
0.188235
0.196078
0.196078
0.196078
0.188235
0.188235
0.188235
0.184314
0.188235
0.188235
0.207843
0.258824
0.290196
0.301961
0.356863
0.549020
0.729412
0.525490
0.227451
0.196078
0.207843
0.137255
0.141176
0.164706
0.439216
0.701961
0.752941
0.286275
0.176471
0.247059
0.200000
0.168627
0.188235
0.192157
0.188235
0.184314
0.176471
0.180392
0.188235
0.180392
0.172549
0.176471
0.180392
0.176471
0.243137
0.509804
0.780392
0.850980
0.662745
0.411765
0.349020
0.223529
0.125490
0.125490
0.129412
0.137255
0.321569
0.474510
0.670588
0.474510
0.164706
0.474510
0.329412
0.149020
0.168627
0.156863
0.156863
0.168627
0.172549
0.184314
0.196078
0.192157
0.196078
0.211765
0.235294
0.396078
0.666667
0.886275
0.717647
0.380392
0.349020
0.419608
0.411765
0.329412
0.235294
0.145098
0.180392
0.152941
0.258824
0.509804
0.694118
0.780392
0.423529
0.588235
0.552941
0.207843
0.164706
0.141176
0.145098
0.160784
0.176471
0.196078
0.215686
0.266667
0.321569
0.466667
0.639216
0.866667
0.937255
0.611765
0.196078
0.098039
0.180392
0.376471
0.360784
0.400000
0.380392
0.160784
0.415686
0.333333
0.203922
0.501961
0.694118
0.839216
0.847059
0.862745
0.843137
0.564706
0.337255
0.309804
0.360784
0.415686
0.490196
0.564706
0.600000
0.690196
0.760784
0.870588
0.882353
0.819608
0.698039
0.298039
0.141176
0.074510
0.109804
0.239216
0.168627
0.215686
0.305882
0.145098
0.478431
0.576471
0.227451
0.466667
0.792157
0.858824
0.858824
0.874510
0.882353
0.835294
0.709804
0.674510
0.729412
0.803922
0.886275
0.964706
0.980392
0.960784
0.972549
0.866667
0.474510
0.360784
0.443137
0.400000
0.317647
0.219608
0.149020
0.141176
0.094118
0.082353
0.141176
0.152941
0.443137
0.776471
0.525490
0.513725
0.525490
0.549020
0.560784
0.501961
0.517647
0.627451
0.662745
0.725490
0.792157
0.858824
0.929412
0.823529
0.666667
0.541176
0.670588
0.611765
0.423529
0.247059
0.611765
0.862745
0.815686
0.760784
0.658824
0.415686
0.145098
0.125490
0.109804
0.235294
0.498039
0.701961
0.478431
0.227451
0.156863
0.360784
0.564706
0.678431
0.717647
0.784314
0.776471
0.756863
0.619608
0.588235
0.670588
0.568627
0.505882
0.482353
0.619608
0.556863
0.674510
0.686275
0.901961
0.937255
0.952941
0.960784
0.976471
0.717647
0.376471
0.270588
0.125490
0.196078
0.262745
0.380392
0.239216
0.172549
0.305882
0.494118
0.615686
0.670588
0.603922
0.525490
0.478431
0.458824
0.431373
0.423529
0.470588
0.588235
0.682353
0.694118
0.749020
0.721569
0.749020
0.800000
0.800000
0.854902
0.894118
0.901961
0.901961
0.647059
0.333333
0.282353
0.149020
0.164706
0.160784
0.172549
0.168627
0.172549
0.207843
0.239216
0.235294
0.231373
0.219608
0.274510
0.380392
0.380392
0.411765
0.447059
0.556863
0.662745
0.721569
0.701961
0.764706
0.752941
0.737255
0.764706
0.764706
0.764706
0.713725
0.643137
0.611765
0.450980
0.219608
0.207843
0.164706
0.164706
0.160784
0.160784
0.172549
0.176471
0.168627
0.160784
0.168627
0.180392
0.184314
0.239216
0.321569
0.274510
0.305882
0.403922
0.470588
0.596078
0.682353
0.533333
0.537255
0.603922
0.470588
0.482353
0.603922
0.309804
0.349020
0.329412
0.270588
0.223529
0.164706
0.152941
0.168627
0.164706
0.164706
0.164706
0.168627
0.172549
0.192157
0.274510
0.219608
0.188235
0.192157
0.211765
0.243137
0.286275
0.349020
0.427451
0.470588
0.615686
0.674510
0.643137
0.662745
0.682353
0.623529
0.603922
0.674510
0.450980
0.556863
0.576471
0.521569
0.435294
0.309804
0.231373
0.180392
0.168627
0.168627
0.176471
0.172549
0.164706
0.192157
0.364706
0.282353
0.309804
0.400000
0.392157
0.349020
0.337255
0.325490
0.317647
0.396078
0.541176
0.615686
0.592157
0.635294
0.745098
0.741176
0.756863
0.796078
0.819608
0.870588
0.905882
0.905882
0.894118
0.866667
0.713725
0.305882
0.172549
0.176471
0.176471
0.172549
0.168627
0.192157
0.266667
0.294118
0.458824
0.556863
0.623529
0.698039
0.705882
0.678431
0.643137
0.686275
0.686275
0.741176
0.709804
0.674510
0.788235
0.803922
0.815686
0.870588
0.894118
0.921569
0.929412
0.933333
0.925490
0.890196
0.686275
0.294118
0.176471
0.180392
0.180392
0.180392
0.176471
0.192157
0.200000
0.203922
0.231373
0.274510
0.392157
0.564706
0.698039
0.788235
0.847059
0.858824
0.847059
0.835294
0.843137
0.835294
0.862745
0.878431
0.870588
0.894118
0.890196
0.898039
0.921569
0.745098
0.521569
0.364706
0.227451
0.145098
0.168627
0.172549
0.176471
0.176471
0.176471
0.180392
0.180392
0.172549
0.172549
0.180392
0.200000
0.243137
0.329412
0.447059
0.572549
0.701961
0.847059
0.925490
0.901961
0.913725
0.921569
0.921569
0.925490
0.925490
0.933333
0.937255
0.909804
0.521569
0.250980
0.141176
0.109804
0.117647
0.168627
0.172549
0.176471
0.168627
0.168627
0.168627
0.164706
0.168627
0.172549
0.164706
0.164706
0.172549
0.168627
0.160784
0.180392
0.243137
0.478431
0.752941
0.796078
0.854902
0.886275
0.890196
0.894118
0.862745
0.800000
0.690196
0.490196
0.250980
0.180392
0.129412
0.113725
0.117647
0.176471
0.172549
0.172549
0.168627
0.172549
0.168627
0.164706
0.172549
0.172549
0.168627
0.168627
0.164706
0.160784
0.164706
0.172549
0.172549
0.200000
0.270588
0.313725
0.349020
0.372549
0.388235
0.392157
0.360784
0.298039
0.227451
0.149020
0.121569
0.113725
0.109804
0.101961
0.101961
0.180392
0.172549
0.172549
0.172549
0.184314
0.180392
0.172549
0.176471
0.176471
0.172549
0.164706
0.156863
0.160784
0.160784
0.164706
0.168627
0.180392
0.176471
0.164706
0.149020
0.145098
0.137255
0.137255
0.129412
0.117647
0.105882
0.101961
0.101961
0.098039
0.094118
0.090196
0.090196
0.270588
0.274510
0.278431
0.290196
0.309804
0.329412
0.352941
0.380392
0.396078
0.384314
0.396078
0.400000
0.400000
0.400000
0.419608
0.415686
0.419608
0.462745
0.501961
0.458824
0.458824
0.466667
0.458824
0.454902
0.458824
0.454902
0.454902
0.454902
0.458824
0.458824
0.454902
0.454902
0.192157
0.196078
0.196078
0.200000
0.211765
0.215686
0.231373
0.243137
0.254902
0.270588
0.274510
0.286275
0.290196
0.294118
0.301961
0.313725
0.317647
0.349020
0.415686
0.443137
0.447059
0.447059
0.439216
0.443137
0.447059
0.450980
0.447059
0.439216
0.443137
0.443137
0.443137
0.443137
0.184314
0.196078
0.207843
0.207843
0.207843
0.211765
0.215686
0.219608
0.227451
0.239216
0.247059
0.254902
0.262745
0.270588
0.282353
0.262745
0.258824
0.274510
0.364706
0.435294
0.427451
0.435294
0.435294
0.435294
0.439216
0.447059
0.439216
0.431373
0.431373
0.435294
0.439216
0.439216
0.219608
0.227451
0.231373
0.231373
0.235294
0.235294
0.231373
0.239216
0.254902
0.278431
0.274510
0.262745
0.266667
0.274510
0.266667
0.266667
0.243137
0.223529
0.290196
0.431373
0.419608
0.380392
0.407843
0.423529
0.427451
0.435294
0.431373
0.423529
0.415686
0.419608
0.431373
0.431373
0.243137
0.243137
0.239216
0.239216
0.247059
0.243137
0.239216
0.262745
0.282353
0.305882
0.294118
0.278431
0.235294
0.247059
0.266667
0.258824
0.258824
0.274510
0.258824
0.411765
0.443137
0.427451
0.396078
0.431373
0.423529
0.415686
0.384314
0.349020
0.360784
0.368627
0.372549
0.396078
0.266667
0.270588
0.270588
0.262745
0.258824
0.258824
0.278431
0.329412
0.329412
0.305882
0.294118
0.223529
0.215686
0.227451
0.254902
0.243137
0.274510
0.352941
0.250980
0.380392
0.415686
0.317647
0.294118
0.329412
0.219608
0.211765
0.227451
0.247059
0.325490
0.341176
0.258824
0.313725
0.278431
0.282353
0.286275
0.282353
0.282353
0.286275
0.294118
0.325490
0.341176
0.309804
0.223529
0.125490
0.254902
0.196078
0.196078
0.258824
0.262745
0.321569
0.282353
0.274510
0.278431
0.164706
0.156863
0.105882
0.019608
0.058824
0.133333
0.176471
0.223529
0.188235
0.192157
0.258824
0.286275
0.286275
0.290196
0.294118
0.298039
0.301961
0.305882
0.313725
0.329412
0.329412
0.258824
0.172549
0.235294
0.176471
0.235294
0.301961
0.188235
0.290196
0.349020
0.223529
0.117647
0.243137
0.274510
0.066667
0.023529
0.062745
0.105882
0.152941
0.152941
0.074510
0.196078
0.294118
0.290196
0.286275
0.290196
0.301961
0.313725
0.317647
0.325490
0.329412
0.337255
0.333333
0.321569
0.274510
0.274510
0.290196
0.286275
0.305882
0.243137
0.301961
0.309804
0.109804
0.062745
0.278431
0.325490
0.121569
0.090196
0.101961
0.070588
0.078431
0.070588
0.105882
0.188235
0.294118
0.290196
0.290196
0.294118
0.305882
0.309804
0.317647
0.321569
0.329412
0.341176
0.349020
0.349020
0.329412
0.286275
0.270588
0.286275
0.317647
0.325490
0.313725
0.254902
0.121569
0.062745
0.125490
0.215686
0.211765
0.137255
0.219608
0.074510
0.039216
0.054902
0.231373
0.207843
0.235294
0.290196
0.294118
0.294118
0.305882
0.317647
0.325490
0.329412
0.333333
0.345098
0.356863
0.364706
0.356863
0.325490
0.282353
0.270588
0.278431
0.294118
0.317647
0.282353
0.247059
0.196078
0.223529
0.345098
0.247059
0.101961
0.152941
0.066667
0.039216
0.133333
0.231373
0.203922
0.313725
0.298039
0.294118
0.313725
0.478431
0.533333
0.341176
0.341176
0.345098
0.349020
0.360784
0.364706
0.360784
0.345098
0.325490
0.301961
0.290196
0.262745
0.270588
0.294118
0.298039
0.274510
0.341176
0.356863
0.345098
0.254902
0.082353
0.058824
0.152941
0.215686
0.152941
0.149020
0.266667
0.298039
0.294118
0.329412
0.592157
0.749020
0.447059
0.329412
0.341176
0.349020
0.352941
0.360784
0.356863
0.352941
0.345098
0.333333
0.309804
0.290196
0.270588
0.262745
0.266667
0.282353
0.349020
0.301961
0.286275
0.317647
0.200000
0.133333
0.329412
0.305882
0.180392
0.188235
0.207843
0.305882
0.305882
0.329412
0.564706
0.776471
0.647059
0.333333
0.341176
0.341176
0.345098
0.352941
0.356863
0.352941
0.349020
0.345098
0.325490
0.305882
0.290196
0.278431
0.282353
0.274510
0.266667
0.294118
0.301961
0.286275
0.329412
0.533333
0.690196
0.466667
0.188235
0.176471
0.184314
0.317647
0.313725
0.329412
0.533333
0.721569
0.780392
0.392157
0.325490
0.372549
0.341176
0.333333
0.337255
0.345098
0.341176
0.341176
0.337255
0.333333
0.321569
0.309804
0.301961
0.290196
0.274510
0.266667
0.301961
0.513725
0.772549
0.850980
0.627451
0.341176
0.294118
0.207843
0.117647
0.317647
0.301961
0.305882
0.439216
0.509804
0.686275
0.552941
0.298039
0.556863
0.439216
0.301961
0.321569
0.329412
0.333333
0.345098
0.349020
0.349020
0.345098
0.341176
0.337255
0.325490
0.325490
0.466667
0.705882
0.894118
0.737255
0.423529
0.349020
0.376471
0.364706
0.290196
0.200000
0.321569
0.333333
0.301961
0.396078
0.560784
0.694118
0.807843
0.501961
0.631373
0.611765
0.317647
0.317647
0.313725
0.313725
0.313725
0.325490
0.333333
0.345098
0.380392
0.411765
0.533333
0.682353
0.894118
0.956863
0.647059
0.270588
0.207843
0.247059
0.392157
0.368627
0.368627
0.337255
0.317647
0.525490
0.435294
0.360784
0.592157
0.713725
0.847059
0.858824
0.862745
0.850980
0.603922
0.423529
0.411765
0.450980
0.490196
0.552941
0.619608
0.647059
0.717647
0.772549
0.870588
0.862745
0.827451
0.737255
0.352941
0.254902
0.207843
0.196078
0.294118
0.227451
0.270588
0.329412
0.294118
0.545098
0.627451
0.345098
0.556863
0.811765
0.843137
0.858824
0.878431
0.894118
0.847059
0.737255
0.709804
0.752941
0.815686
0.898039
0.968627
0.968627
0.937255
0.945098
0.847059
0.454902
0.368627
0.482353
0.450980
0.392157
0.301961
0.207843
0.203922
0.196078
0.196078
0.227451
0.286275
0.498039
0.784314
0.564706
0.568627
0.556863
0.552941
0.588235
0.541176
0.556863
0.654902
0.678431
0.745098
0.796078
0.858824
0.937255
0.815686
0.647059
0.525490
0.666667
0.623529
0.435294
0.250980
0.627451
0.878431
0.823529
0.772549
0.674510
0.450980
0.239216
0.219608
0.203922
0.352941
0.572549
0.717647
0.509804
0.298039
0.227451
0.396078
0.588235
0.698039
0.725490
0.780392
0.780392
0.764706
0.619608
0.588235
0.674510
0.552941
0.486275
0.462745
0.607843
0.556863
0.658824
0.666667
0.886275
0.913725
0.921569
0.933333
0.952941
0.709804
0.419608
0.333333
0.227451
0.321569
0.364706
0.454902
0.356863
0.298039
0.396078
0.537255
0.643137
0.686275
0.600000
0.509804
0.474510
0.458824
0.435294
0.435294
0.482353
0.576471
0.670588
0.670588
0.713725
0.694118
0.713725
0.768627
0.772549
0.823529
0.858824
0.882353
0.882353
0.647059
0.380392
0.364706
0.254902
0.298039
0.290196
0.290196
0.298039
0.309804
0.337255
0.349020
0.337255
0.321569
0.294118
0.321569
0.396078
0.396078
0.431373
0.462745
0.556863
0.639216
0.698039
0.682353
0.745098
0.741176
0.729412
0.760784
0.756863
0.752941
0.698039
0.658824
0.635294
0.494118
0.313725
0.321569
0.286275
0.301961
0.298039
0.298039
0.294118
0.298039
0.305882
0.301961
0.309804
0.317647
0.325490
0.356863
0.384314
0.317647
0.337255
0.423529
0.470588
0.572549
0.658824
0.517647
0.517647
0.588235
0.478431
0.490196
0.600000
0.301961
0.333333
0.360784
0.325490
0.298039
0.294118
0.294118
0.298039
0.294118
0.294118
0.298039
0.298039
0.301961
0.309804
0.380392
0.337255
0.301961
0.305882
0.329412
0.356863
0.372549
0.407843
0.466667
0.494118
0.611765
0.658824
0.627451
0.635294
0.658824
0.611765
0.600000
0.658824
0.427451
0.529412
0.576471
0.545098
0.486275
0.411765
0.352941
0.301961
0.290196
0.290196
0.294118
0.294118
0.305882
0.317647
0.454902
0.372549
0.392157
0.466667
0.458824
0.431373
0.407843
0.384314
0.372549
0.439216
0.556863
0.603922
0.568627
0.611765
0.709804
0.694118
0.725490
0.780392
0.800000
0.854902
0.878431
0.886275
0.894118
0.882353
0.733333
0.364706
0.298039
0.301961
0.301961
0.301961
0.309804
0.321569
0.364706
0.380392
0.533333
0.615686
0.650980
0.674510
0.694118
0.682353
0.647059
0.682353
0.674510
0.717647
0.686275
0.650980
0.749020
0.752941
0.776471
0.839216
0.862745
0.894118
0.917647
0.929412
0.917647
0.886275
0.674510
0.325490
0.309804
0.313725
0.313725
0.317647
0.325490
0.325490
0.321569
0.329412
0.345098
0.364706
0.450980
0.580392
0.694118
0.772549
0.823529
0.831373
0.827451
0.815686
0.823529
0.811765
0.831373
0.839216
0.839216
0.866667
0.862745
0.870588
0.898039
0.729412
0.537255
0.427451
0.313725
0.247059
0.309804
0.313725
0.317647
0.321569
0.325490
0.329412
0.325490
0.321569
0.317647
0.313725
0.325490
0.352941
0.411765
0.494118
0.600000
0.721569
0.858824
0.921569
0.894118
0.898039
0.909804
0.905882
0.913725
0.917647
0.921569
0.921569
0.886275
0.505882
0.294118
0.270588
0.282353
0.274510
0.309804
0.313725
0.321569
0.321569
0.321569
0.321569
0.317647
0.309804
0.313725
0.313725
0.313725
0.317647
0.305882
0.294118
0.294118
0.321569
0.529412
0.776471
0.803922
0.858824
0.894118
0.905882
0.901961
0.870588
0.811765
0.701961
0.521569
0.298039
0.254902
0.262745
0.270588
0.262745
0.321569
0.321569
0.329412
0.333333
0.329412
0.321569
0.309804
0.313725
0.313725
0.309804
0.309804
0.305882
0.305882
0.309804
0.309804
0.301961
0.313725
0.360784
0.392157
0.415686
0.443137
0.458824
0.458824
0.427451
0.380392
0.317647
0.270588
0.258824
0.247059
0.254902
0.258824
0.254902
0.325490
0.325490
0.333333
0.341176
0.345098
0.329412
0.313725
0.321569
0.317647
0.313725
0.305882
0.298039
0.298039
0.298039
0.309804
0.317647
0.317647
0.301961
0.294118
0.282353
0.274510
0.270588
0.266667
0.262745
0.262745
0.262745
0.258824
0.258824
0.254902
0.250980
0.250980
0.254902
0.380392
0.380392
0.380392
0.388235
0.403922
0.411765
0.431373
0.450980
0.458824
0.431373
0.435294
0.431373
0.431373
0.431373
0.450980
0.427451
0.419608
0.486275
0.639216
0.764706
0.803922
0.803922
0.811765
0.819608
0.819608
0.815686
0.811765
0.811765
0.815686
0.815686
0.811765
0.796078
0.356863
0.352941
0.352941
0.356863
0.364706
0.360784
0.372549
0.372549
0.380392
0.388235
0.388235
0.388235
0.396078
0.407843
0.419608
0.415686
0.396078
0.427451
0.560784
0.733333
0.796078
0.772549
0.780392
0.807843
0.811765
0.792157
0.796078
0.803922
0.803922
0.807843
0.788235
0.776471
0.364706
0.368627
0.376471
0.392157
0.392157
0.388235
0.380392
0.380392
0.388235
0.400000
0.411765
0.423529
0.423529
0.427451
0.403922
0.329412
0.321569
0.333333
0.423529
0.592157
0.701961
0.772549
0.780392
0.780392
0.803922
0.784314
0.780392
0.784314
0.784314
0.788235
0.776471
0.772549
0.411765
0.411765
0.415686
0.415686
0.419608
0.407843
0.396078
0.400000
0.415686
0.443137
0.454902
0.443137
0.407843
0.376471
0.313725
0.270588
0.270588
0.266667
0.301961
0.450980
0.490196
0.501961
0.635294
0.741176
0.788235
0.776471
0.745098
0.733333
0.725490
0.729412
0.745098
0.756863
0.454902
0.443137
0.431373
0.423529
0.443137
0.419608
0.380392
0.415686
0.450980
0.482353
0.474510
0.419608
0.317647
0.274510
0.266667
0.262745
0.286275
0.325490
0.290196
0.396078
0.396078
0.384314
0.450980
0.619608
0.709804
0.658824
0.556863
0.482353
0.470588
0.482353
0.537255
0.619608
0.501961
0.498039
0.482353
0.466667
0.482353
0.462745
0.431373
0.458824
0.450980
0.411765
0.400000
0.321569
0.274510
0.250980
0.266667
0.250980
0.294118
0.392157
0.290196
0.388235
0.411765
0.337255
0.294118
0.376471
0.352941
0.309804
0.286275
0.282353
0.333333
0.356863
0.301961
0.364706
0.537255
0.537255
0.533333
0.521569
0.533333
0.525490
0.494118
0.482353
0.458824
0.376471
0.274510
0.196078
0.313725
0.250980
0.239216
0.278431
0.290196
0.364706
0.317647
0.298039
0.321569
0.219608
0.211765
0.192157
0.145098
0.184314
0.219608
0.231373
0.270588
0.250980
0.254902
0.286275
0.552941
0.552941
0.560784
0.560784
0.568627
0.560784
0.552941
0.556863
0.533333
0.478431
0.380392
0.270588
0.309804
0.247059
0.290196
0.329412
0.211765
0.329412
0.372549
0.250980
0.172549
0.270588
0.298039
0.129412
0.105882
0.152941
0.200000
0.247059
0.254902
0.180392
0.250980
0.305882
0.552941
0.556863
0.572549
0.580392
0.580392
0.576471
0.588235
0.603922
0.592157
0.568627
0.529412
0.439216
0.388235
0.356863
0.333333
0.333333
0.258824
0.325490
0.349020
0.188235
0.152941
0.290196
0.309804
0.160784
0.164706
0.172549
0.156863
0.180392
0.180392
0.211765
0.250980
0.309804
0.560784
0.564706
0.568627
0.576471
0.592157
0.596078
0.588235
0.596078
0.607843
0.619608
0.615686
0.568627
0.466667
0.384314
0.364706
0.372549
0.364706
0.341176
0.301961
0.203922
0.145098
0.160784
0.215686
0.239216
0.196078
0.286275
0.168627
0.152941
0.152941
0.298039
0.274510
0.282353
0.564706
0.564706
0.560784
0.556863
0.584314
0.607843
0.611765
0.607843
0.623529
0.643137
0.654902
0.643137
0.564706
0.466667
0.415686
0.396078
0.380392
0.372549
0.329412
0.301961
0.243137
0.250980
0.352941
0.258824
0.145098
0.227451
0.168627
0.133333
0.200000
0.278431
0.247059
0.341176
0.556863
0.552941
0.568627
0.694118
0.737255
0.592157
0.639216
0.623529
0.627451
0.647059
0.658824
0.658824
0.619608
0.568627
0.521569
0.478431
0.411765
0.380392
0.376471
0.368627
0.325490
0.356863
0.352941
0.352941
0.290196
0.164706
0.156863
0.192157
0.219608
0.207843
0.207843
0.298039
0.564706
0.560784
0.584314
0.792157
0.890196
0.643137
0.619608
0.627451
0.631373
0.643137
0.658824
0.666667
0.647059
0.623529
0.600000
0.560784
0.509804
0.454902
0.411765
0.388235
0.376471
0.403922
0.321569
0.290196
0.329412
0.250980
0.203922
0.345098
0.290196
0.231373
0.250980
0.247059
0.580392
0.580392
0.600000
0.764706
0.874510
0.780392
0.603922
0.627451
0.631373
0.643137
0.650980
0.650980
0.643137
0.627451
0.615686
0.588235
0.552941
0.521569
0.486275
0.470588
0.435294
0.388235
0.380392
0.349020
0.301961
0.364706
0.576471
0.713725
0.482353
0.227451
0.223529
0.231373
0.627451
0.619608
0.623529
0.760784
0.831373
0.886275
0.635294
0.623529
0.631373
0.603922
0.643137
0.639216
0.643137
0.623529
0.607843
0.596078
0.588235
0.576471
0.549020
0.529412
0.513725
0.466667
0.427451
0.415686
0.580392
0.807843
0.874510
0.647059
0.360784
0.325490
0.243137
0.160784
0.643137
0.611765
0.615686
0.690196
0.662745
0.792157
0.725490
0.580392
0.776471
0.662745
0.627451
0.639216
0.647059
0.639216
0.635294
0.635294
0.631373
0.623529
0.596078
0.580392
0.560784
0.529412
0.631373
0.784314
0.941176
0.792157
0.466667
0.368627
0.376471
0.384314
0.321569
0.239216
0.611765
0.596078
0.592157
0.662745
0.760784
0.800000
0.882353
0.674510
0.784314
0.776471
0.572549
0.600000
0.603922
0.603922
0.600000
0.607843
0.600000
0.588235
0.603922
0.611765
0.701961
0.807843
0.964706
0.980392
0.721569
0.411765
0.337255
0.337255
0.439216
0.403922
0.407843
0.372549
0.596078
0.749020
0.674510
0.627451
0.823529
0.843137
0.886275
0.909804
0.921569
0.913725
0.745098
0.619608
0.619608
0.658824
0.682353
0.733333
0.780392
0.788235
0.843137
0.874510
0.941176
0.909804
0.847059
0.819608
0.580392
0.470588
0.388235
0.356863
0.407843
0.333333
0.345098
0.380392
0.588235
0.756863
0.792157
0.572549
0.741176
0.921569
0.905882
0.917647
0.960784
0.960784
0.945098
0.866667
0.850980
0.870588
0.898039
0.949020
1.000000
1.000000
0.980392
0.976471
0.874510
0.490196
0.439216
0.592157
0.639216
0.572549
0.450980
0.352941
0.337255
0.349020
0.341176
0.337255
0.576471
0.690196
0.882353
0.717647
0.709804
0.670588
0.666667
0.745098
0.698039
0.686275
0.788235
0.788235
0.835294
0.870588
0.909804
0.960784
0.831373
0.666667
0.552941
0.694118
0.650980
0.490196
0.341176
0.682353
0.921569
0.898039
0.843137
0.737255
0.552941
0.396078
0.388235
0.356863
0.615686
0.749020
0.815686
0.658824
0.478431
0.400000
0.545098
0.741176
0.807843
0.807843
0.862745
0.847059
0.819608
0.686275
0.678431
0.756863
0.596078
0.533333
0.513725
0.647059
0.600000
0.709804
0.694118
0.886275
0.917647
0.929412
0.929412
0.949020
0.776471
0.568627
0.482353
0.388235
0.588235
0.592157
0.650980
0.584314
0.533333
0.592157
0.694118
0.776471
0.772549
0.639216
0.552941
0.556863
0.549020
0.541176
0.537255
0.533333
0.592157
0.682353
0.678431
0.701961
0.682353
0.717647
0.768627
0.756863
0.796078
0.823529
0.854902
0.878431
0.713725
0.537255
0.533333
0.439216
0.564706
0.556863
0.545098
0.549020
0.560784
0.576471
0.576471
0.568627
0.521569
0.447059
0.439216
0.501961
0.513725
0.556863
0.588235
0.662745
0.721569
0.768627
0.725490
0.752941
0.749020
0.760784
0.819608
0.815686
0.796078
0.725490
0.713725
0.725490
0.643137
0.541176
0.537255
0.498039
0.556863
0.556863
0.552941
0.552941
0.552941
0.560784
0.560784
0.572549
0.588235
0.576471
0.556863
0.517647
0.458824
0.470588
0.541176
0.572549
0.662745
0.725490
0.603922
0.619608
0.686275
0.615686
0.615686
0.690196
0.392157
0.419608
0.490196
0.486275
0.490196
0.545098
0.545098
0.541176
0.545098
0.541176
0.549020
0.568627
0.560784
0.545098
0.592157
0.541176
0.537255
0.560784
0.552941
0.517647
0.529412
0.549020
0.580392
0.588235
0.690196
0.713725
0.682353
0.694118
0.705882
0.686275
0.666667
0.709804
0.486275
0.584314
0.666667
0.654902
0.611765
0.568627
0.556863
0.541176
0.541176
0.541176
0.545098
0.552941
0.560784
0.533333
0.627451
0.560784
0.584314
0.658824
0.639216
0.603922
0.584314
0.564706
0.533333
0.556863
0.639216
0.662745
0.627451
0.666667
0.745098
0.713725
0.745098
0.811765
0.835294
0.862745
0.894118
0.913725
0.921569
0.905882
0.800000
0.533333
0.545098
0.549020
0.545098
0.541176
0.556863
0.545098
0.564706
0.584314
0.694118
0.717647
0.717647
0.741176
0.764706
0.756863
0.721569
0.737255
0.713725
0.764706
0.725490
0.670588
0.764706
0.764706
0.800000
0.882353
0.905882
0.921569
0.933333
0.945098
0.945098
0.921569
0.733333
0.450980
0.549020
0.552941
0.549020
0.541176
0.556863
0.564706
0.549020
0.552941
0.541176
0.533333
0.572549
0.627451
0.705882
0.745098
0.792157
0.819608
0.811765
0.819608
0.827451
0.800000
0.831373
0.847059
0.847059
0.870588
0.870588
0.874510
0.890196
0.733333
0.603922
0.560784
0.482353
0.419608
0.541176
0.541176
0.545098
0.549020
0.556863
0.560784
0.560784
0.560784
0.556863
0.560784
0.564706
0.560784
0.576471
0.611765
0.686275
0.772549
0.870588
0.921569
0.898039
0.905882
0.921569
0.921569
0.917647
0.905882
0.909804
0.929412
0.898039
0.549020
0.423529
0.498039
0.537255
0.525490
0.537255
0.537255
0.549020
0.556863
0.552941
0.549020
0.549020
0.545098
0.545098
0.537255
0.541176
0.549020
0.525490
0.501961
0.494118
0.494118
0.647059
0.850980
0.866667
0.917647
0.941176
0.949020
0.949020
0.913725
0.854902
0.772549
0.635294
0.431373
0.435294
0.509804
0.521569
0.525490
0.537255
0.541176
0.552941
0.552941
0.552941
0.545098
0.537255
0.533333
0.537255
0.541176
0.537255
0.537255
0.533333
0.541176
0.537255
0.513725
0.509804
0.549020
0.560784
0.568627
0.596078
0.611765
0.607843
0.584314
0.549020
0.513725
0.494118
0.490196
0.486275
0.501961
0.505882
0.509804
0.537255
0.545098
0.552941
0.552941
0.560784
0.552941
0.537255
0.537255
0.541176
0.545098
0.545098
0.533333
0.533333
0.533333
0.537255
0.541176
0.537255
0.521569
0.509804
0.501961
0.494118
0.490196
0.490196
0.494118
0.501961
0.505882
0.505882
0.505882
0.501961
0.494118
0.501961
0.505882
