30
33
19
33
36
28
40
43
37
46
51
44
51
61
45
75
86
65
88
94
76
98
100
85
97
102
86
84
93
76
75
85
70
82
92
80
81
90
79
96
96
88
159
149
144
180
162
162
191
178
184
201
204
209
182
185
187
143
130
125
126
90
77
200
144
120
232
164
136
246
168
138
244
156
123
239
147
111
241
149
110
239
144
105
238
142
107
236
159
125
237
193
158
231
209
174
29
31
19
31
34
26
45
49
43
58
64
55
56
66
49
74
84
63
83
88
69
116
119
103
87
93
77
100
110
96
103
115
105
95
106
97
99
106
94
120
118
106
142
130
121
147
134
130
172
164
166
195
190
194
185
178
180
143
130
123
83
66
51
121
102
83
189
145
128
239
164
144
252
160
131
243
150
111
241
147
107
244
145
109
248
147
113
239
153
120
230
173
139
231
196
163
26
28
18
34
36
30
51
55
48
53
60
48
55
63
46
63
71
51
94
98
78
112
116
98
84
91
77
121
132
123
115
126
123
106
116
109
115
118
105
117
113
97
115
103
89
140
132
123
158
154
151
178
167
168
179
165
165
130
119
110
60
56
42
62
63
55
110
97
88
181
138
123
234
161
136
242
149
114
241
143
107
243
143
110
246
143
110
229
137
105
221
150
117
232
184
152
30
31
23
50
52
46
50
55
46
45
52
38
54
61
45
58
63
45
103
106
86
91
96
77
96
105
93
160
172
168
136
146
145
112
117
111
119
118
103
114
108
89
132
122
105
179
175
162
178
175
168
172
160
156
166
151
147
117
110
98
52
51
39
47
47
47
66
73
70
106
104
89
185
146
125
232
149
125
243
145
115
238
140
108
233
131
98
228
131
98
230
148
115
241
181
147
27
28
22
41
43
37
37
41
32
53
60
45
70
76
59
68
71
54
109
112
91
94
99
79
119
129
118
168
180
180
115
121
122
126
126
119
135
131
114
133
127
107
145
140
123
178
175
162
185
181
172
169
161
152
140
131
121
107
102
88
52
50
38
39
36
36
51
63
62
63
78
70
121
109
97
192
139
124
231
148
123
228
133
101
226
126
92
236
138
104
243
153
118
250
177
143
21
22
16
20
22
17
24
29
19
66
73
57
79
85
68
70
71
56
106
108
88
105
110
91
128
139
130
114
126
128
96
99
99
136
133
123
144
138
119
141
136
115
124
123
106
135
132
120
155
148
136
162
157
143
125
122
106
91
89
74
53
51
38
31
32
27
40
47
48
50
59
61
76
75
74
116
98
89
186
126
104
220
130
99
227
130
96
243
145
109
248
155
119
249
165
130
55
58
46
51
54
43
27
31
19
68
73
59
68
72
58
61
62
49
97
99
85
128
131
119
124
131
124
81
87
86
110
112
110
133
132
121
143
139
121
132
129
108
112
110
92
125
121
104
128
121
104
133
129
111
116
114
96
72
70
53
48
48
32
30
34
25
35
40
39
41
45
49
56
59
61
64
65
58
118
88
70
194
125
101
228
134
104
248
145
112
246
154
121
242
158
127
101
105
90
93
97
83
39
43
30
68
71
60
69
71
60
55
57
44
92
94
82
143
145
136
117
120
112
91
93
87
108
109
103
136
136
126
148
148
131
134
132
112
128
124
105
128
122
103
122
115
97
119
113
95
109
106
89
68
66
50
36
36
22
28
32
24
34
39
37
38
42
44
44
49
49
52
57
51
67
59
50
142
99
84
222
138
112
248
143
110
249
151
116
245
156
119
93
97
83
98
101
89
58
62
51
56
59
50
75
78
68
49
51
38
90
92
79
139
141
128
95
97
84
121
123
110
112
111
103
96
95
83
135
133
116
126
124
103
137
133
114
137
130
114
121
114
100
116
110
96
108
104
91
84
82
70
54
53
42
34
38
31
39
43
39
40
44
44
34
38
36
42
47
41
47
51
48
101
80
74
200
136
115
237
144
111
246
149
109
246
151
109
44
47
36
65
68
58
60
62
55
41
43
37
81
83
75
61
63
51
86
88
75
119
120
105
91
91
74
114
113
95
141
139
127
77
75
61
90
87
68
142
139
118
153
147
129
137
130
116
125
117
106
121
114
104
119
114
105
104
101
93
58
56
49
50
52
46
52
55
50
32
35
31
27
30
25
33
36
31
36
46
45
72
67
64
145
106
92
202
138
114
216
143
116
213
138
109
13
16
7
27
30
23
41
43
38
28
30
27
63
65
61
76
78
70
87
88
78
95
94
80
106
104
85
107
103
83
152
150
135
124
122
104
120
117
96
168
163
143
154
147
131
122
113
102
125
116
107
122
115
107
123
118
111
98
95
88
56
54
48
60
61
56
41
43
36
28
31
24
22
24
17
23
25
20
28
34
31
54
53
48
92
73
64
135
104
93
152
117
108
159
119
110
11
14
7
15
17
12
31
33
30
39
41
40
56
58
58
74
76
75
91
91
85
97
95
83
118
113
95
126
120
99
163
159
141
157
154
135
159
155
133
157
150
130
129
120
105
115
106
94
131
123
113
114
107
97
105
101
92
85
82
74
80
78
71
56
56
51
30
31
24
38
40
29
24
26
17
17
18
13
25
23
18
50
46
37
82
76
65
119
109
100
138
127
124
148
130
128
15
17
13
12
14
11
21
22
22
38
39
40
66
68
71
81
83
87
92
91
89
116
111
103
124
116
101
130
123
103
154
149
130
150
146
125
144
139
116
126
118
98
120
111
96
128
120
106
101
93
80
98
92
80
89
85
74
98
95
86
98
96
88
41
41
36
31
32
23
48
50
37
31
33
22
19
19
14
37
30
24
75
66
54
118
112
96
143
137
121
155
145
133
159
139
128
38
41
35
13
15
13
13
13
15
18
18
20
40
43
46
82
87
91
102
100
103
128
120
118
126
118
108
140
133
117
145
139
121
138
132
111
127
117
95
112
101
81
129
118
102
123
113
98
86
78
64
115
108
97
75
71
62
94
90
83
76
72
65
47
48
36
47
48
36
37
38
27
30
29
19
34
32
23
72
61
46
107
88
70
129
111
93
148
134
113
169
150
132
189
154
135
83
85
77
27
27
25
14
14
15
17
15
16
18
22
21
48
54
56
109
106
111
140
130
134
140
131
127
170
165
153
146
142
125
126
118
98
116
104
82
116
102
82
111
99
83
124
115
99
139
132
116
110
103
91
74
69
59
60
56
47
62
57
47
84
84
66
51
50
36
29
26
17
37
32
22
41
35
21
70
56
34
97
71
49
127
97
77
163
140
119
193
167
148
202
155
133
117
120
107
46
47
41
17
17
14
23
23
19
23
27
21
31
37
33
80
78
80
142
135
139
158
152
150
198
194
187
169
166
151
124
117
99
103
93
73
114
102
84
118
108
93
161
155
139
148
143
126
89
86
68
74
71
53
50
48
29
77
75
55
72
68
49
51
45
30
75
67
55
70
60
48
55
45
28
69
56
32
106
81
57
133
100
78
165
136
110
188
154
129
181
133
106
144
145
129
80
81
71
29
30
23
27
29
21
29
33
22
32
38
27
66
67
63
125
122
125
164
160
161
213
210
206
203
201
188
144
140
122
95
86
67
84
74
56
131
122
108
175
170
160
140
137
126
101
97
82
61
56
37
70
66
45
78
74
53
50
43
25
77
67
50
97
85
69
89
75
58
97
82
62
114
100
77
118
93
70
137
100
74
186
150
118
218
177
144
232
184
151
164
164
147
102
103
91
41
44
35
37
42
32
57
63
49
83
87
74
110
113
106
119
121
120
156
155
155
219
217
214
195
193
180
160
155
136
123
113
93
86
75
57
138
129
113
181
177
171
147
144
141
111
102
93
82
71
56
84
75
58
66
59
44
69
58
43
87
74
57
103
88
69
92
75
54
114
98
76
140
125
103
107
79
56
145
102
74
210
166
132
230
182
147
238
181
150
163
161
146
109
109
99
52
55
47
54
61
50
75
80
67
102
105
92
117
122
114
128
134
130
153
156
152
208
208
202
181
177
162
177
168
148
158
145
124
116
101
81
171
159
142
186
181
173
144
139
135
122
109
96
109
91
74
93
77
62
71
59
48
82
69
58
115
101
85
114
99
79
108
92
69
110
93
72
145
128
108
137
104
83
183
133
105
223
172
138
231
179
146
235
177
149
152
149
136
125
124
116
45
48
42
50
58
50
93
98
86
115
115
104
116
121
114
119
128
121
150
156
149
197
198
188
180
174
155
189
176
153
179
162
137
138
120
97
189
173
153
187
180
165
137
131
115
118
101
78
117
94
68
104
84
62
68
54
39
107
94
86
117
104
91
111
98
78
114
98
76
106
90
70
130
110
92
158
120
99
194
138
111
210
156
124
222
168
139
231
175
151
141
136
124
128
125
116
46
47
38
81
87
78
139
142
132
153
152
141
134
139
131
120
130
123
147
154
147
189
189
180
184
175
156
201
186
162
184
165
137
158
136
108
207
183
160
193
176
152
140
125
98
113
90
63
110
85
59
106
86
64
120
107
90
126
113
104
102
89
77
114
100
82
110
94
73
105
88
67
112
88
67
148
108
86
183
132
106
198
146
119
212
159
137
225
169
149
162
158
146
122
117
105
80
78
67
122
126
117
145
146
137
142
140
130
124
129
122
120
129
124
130
137
132
155
155
148
184
175
159
210
195
173
194
175
148
170
144
116
202
170
144
183
155
124
123
101
68
85
63
39
94
75
57
109
97
80
138
130
114
125
112
100
118
103
89
121
105
87
108
91
69
97
79
55
107
79
51
154
117
87
182
141
113
200
155
129
214
166
144
226
176
153
200
199
192
132
130
120
141
141
133
181
186
181
150
154
152
116
116
114
104
108
107
118
125
124
112
116
112
139
139
131
181
176
161
203
191
176
185
165
151
163
135
115
175
141
113
133
105
71
86
68
35
90
79
53
91
86
66
102
98
81
126
119
102
128
115
98
113
97
79
101
84
63
100
82
58
104
85
58
153
127
94
196
164
126
216
179
144
228
186
153
231
184
153
231
183
153
233
236
233
151
152
147
120
122
120
186
192
194
159
165
171
101
104
111
96
99
106
111
115
118
107
109
105
133
133
121
174
172
158
183
174
167
149
128
125
142
113
100
137
105
75
106
76
41
110
91
61
123
118
92
95
96
75
97
92
75
111
98
81
116
101
80
99
82
60
89
71
47
135
115
89
187
166
137
228
204
169
242
213
175
246
212
175
243
201
165
240
192
157
244
195
161
230
238
238
163
166
166
93
96
98
90
95
102
73
82
92
88
95
109
109
113
125
77
77
84
76
75
70
108
107
93
162
160
147
173
162
157
137
112
111
154
123
111
161
130
99
143
110
75
129
101
73
127
112
88
106
96
76
112
95
79
136
113
96
150
130
107
171
152
126
201
181
155
239
217
190
252
228
201
254
229
202
253
225
197
252
217
188
251
206
177
250
199
169
243
186
153
232
239
241
195
197
199
134
135
139
77
79
88
68
77
88
144
156
168
183
187
198
113
110
117
82
78
73
125
121
107
167
160
147
170
153
142
159
130
116
173
141
119
184
156
125
174
143
109
158
125
96
153
123
100
178
151
132
209
181
163
231
202
182
245
223
199
248
227
202
254
231
206
255
232
208
254
229
206
252
225
205
253
223
202
255
218
195
246
197
172
225
165
138
202
131
98
247
253
254
248
249
250
237
236
239
192
191
199
123
131
141
159
175
181
234
239
245
206
203
206
124
118
112
149
142
129
213
200
186
176
151
131
193
160
130
226
194
160
236
212
181
235
213
180
243
217
183
240
206
181
243
206
186
248
220
195
247
227
199
250
229
204
248
224
201
251
226
204
253
230
209
254
228
208
252
223
203
247
216
193
231
191
164
211
154
124
204
138
105
217
138
101
233
237
240
248
249
251
254
253
255
254
253
255
185
191
195
115
128
129
180
185
188
247
246
247
184
178
172
163
154
141
219
203
183
189
161
130
222
185
145
248
214
174
253
225
196
243
224
194
246
225
191
251
218
194
249
213
192
250
225
199
249
237
207
245
229
204
245
227
204
251
230
208
254
228
207
246
214
192
228
191
165
216
175
145
198
151
117
211
154
117
240
176
136
242
167
127
153
157
164
220
225
230
248
251
253
255
255
255
202
202
199
87
89
84
105
107
105
201
198
197
230
221
215
216
200
188
210
186
157
195
161
122
229
188
145
246
207
169
251
222
195
247
229
204
247
232
205
250
228
205
250
226
206
251
230
207
249
233
208
249
232
209
247
234
209
248
228
203
241
204
177
218
172
141
205
154
120
216
162
127
214
161
124
223
169
132
239
183
144
238
176
138
86
88
96
183
188
194
232
234
237
227
225
224
172
166
158
74
64
54
75
64
56
131
116
108
204
183
171
222
192
174
200
155
126
206
155
120
231
184
146
242
206
172
249
228
201
252
242
216
253
246
219
252
244
217
252
239
214
252
235
210
252
230
205
252
222
198
243
210
185
226
186
161
217
165
136
215
165
128
216
167
129
230
178
143
217
164
129
217
164
130
227
174
140
225
170
135
80
79
84
136
138
144
137
137
139
133
127
123
149
132
122
116
91
76
86
59
43
117
85
67
171
132
110
196
150
124
207
149
121
228
171
140
245
201
168
252
226
195
253
242
215
254
248
221
255
250
221
254
249
219
254
245
214
255
233
204
247
211
183
232
186
155
221
171
141
222
161
133
235
166
136
240
184
144
235
189
151
239
191
158
220
169
137
209
156
124
219
166
134
220
168
135
76
67
68
91
87
91
53
47
47
86
73
65
158
131
116
172
133
112
154
113
89
168
122
95
195
145
116
218
167
136
235
191
157
246
211
179
251
226
196
253
239
212
250
241
216
249
237
213
250
236
211
250
236
207
246
223
192
234
193
163
216
165
134
214
177
137
235
202
163
243
187
155
240
163
131
235
168
128
234
184
146
230
184
152
222
170
140
208
155
124
197
146
115
206
156
123
