0.592157
0.580392
0.592157
0.623529
0.643137
0.643137
0.647059
0.658824
0.705882
0.756863
0.768627
0.792157
0.811765
0.815686
0.819608
0.843137
0.858824
0.870588
0.894118
0.905882
0.909804
0.898039
0.878431
0.854902
0.811765
0.780392
0.831373
0.827451
0.858824
0.874510
0.854902
0.843137
0.568627
0.552941
0.549020
0.560784
0.576471
0.572549
0.564706
0.568627
0.549020
0.545098
0.584314
0.600000
0.611765
0.619608
0.619608
0.623529
0.639216
0.654902
0.682353
0.701961
0.698039
0.662745
0.650980
0.627451
0.564706
0.556863
0.596078
0.596078
0.615686
0.678431
0.690196
0.701961
0.423529
0.490196
0.474510
0.458824
0.466667
0.439216
0.384314
0.427451
0.396078
0.368627
0.447059
0.415686
0.411765
0.450980
0.443137
0.396078
0.435294
0.478431
0.505882
0.549020
0.533333
0.498039
0.537255
0.505882
0.423529
0.470588
0.541176
0.556863
0.549020
0.533333
0.552941
0.588235
0.305882
0.337255
0.317647
0.309804
0.309804
0.301961
0.262745
0.282353
0.298039
0.290196
0.298039
0.286275
0.286275
0.298039
0.301961
0.305882
0.309804
0.341176
0.372549
0.392157
0.396078
0.400000
0.466667
0.435294
0.325490
0.349020
0.454902
0.458824
0.470588
0.470588
0.458824
0.498039
0.282353
0.258824
0.243137
0.239216
0.250980
0.250980
0.231373
0.235294
0.262745
0.282353
0.258824
0.270588
0.262745
0.243137
0.270588
0.274510
0.262745
0.278431
0.286275
0.282353
0.270588
0.294118
0.294118
0.290196
0.301961
0.274510
0.254902
0.270588
0.270588
0.298039
0.298039
0.325490
0.239216
0.235294
0.227451
0.227451
0.247059
0.243137
0.223529
0.219608
0.243137
0.243137
0.203922
0.207843
0.219608
0.215686
0.247059
0.239216
0.258824
0.278431
0.266667
0.262745
0.243137
0.258824
0.243137
0.247059
0.266667
0.250980
0.219608
0.239216
0.247059
0.254902
0.278431
0.290196
0.235294
0.227451
0.219608
0.223529
0.250980
0.231373
0.203922
0.200000
0.219608
0.219608
0.184314
0.192157
0.219608
0.231373
0.247059
0.239216
0.247059
0.258824
0.239216
0.235294
0.231373
0.215686
0.203922
0.207843
0.211765
0.223529
0.215686
0.254902
0.313725
0.329412
0.364706
0.384314
0.305882
0.309804
0.309804
0.301961
0.274510
0.235294
0.211765
0.207843
0.235294
0.250980
0.211765
0.219608
0.247059
0.262745
0.258824
0.231373
0.223529
0.227451
0.223529
0.239216
0.243137
0.231373
0.223529
0.219608
0.215686
0.239216
0.274510
0.325490
0.388235
0.415686
0.443137
0.474510
0.450980
0.462745
0.478431
0.462745
0.403922
0.368627
0.364706
0.368627
0.368627
0.372549
0.372549
0.356863
0.349020
0.352941
0.376471
0.364706
0.341176
0.321569
0.341176
0.392157
0.407843
0.396078
0.368627
0.337255
0.329412
0.368627
0.380392
0.380392
0.419608
0.474510
0.525490
0.576471
0.529412
0.513725
0.509804
0.505882
0.509804
0.513725
0.521569
0.533333
0.525490
0.498039
0.466667
0.474510
0.474510
0.490196
0.525490
0.533333
0.568627
0.592157
0.584314
0.568627
0.529412
0.458824
0.411765
0.427451
0.470588
0.498039
0.533333
0.560784
0.596078
0.623529
0.607843
0.627451
0.478431
0.474510
0.470588
0.486275
0.521569
0.549020
0.560784
0.572549
0.572549
0.560784
0.509804
0.521569
0.556863
0.517647
0.462745
0.454902
0.478431
0.505882
0.517647
0.541176
0.549020
0.529412
0.513725
0.545098
0.600000
0.588235
0.576471
0.607843
0.588235
0.584314
0.564706
0.568627
0.525490
0.525490
0.537255
0.552941
0.556863
0.564706
0.576471
0.584314
0.596078
0.564706
0.572549
0.627451
0.584314
0.564706
0.596078
0.560784
0.498039
0.474510
0.482353
0.513725
0.541176
0.537255
0.556863
0.556863
0.549020
0.564706
0.580392
0.568627
0.521569
0.517647
0.517647
0.533333
0.580392
0.568627
0.576471
0.576471
0.572549
0.572549
0.580392
0.584314
0.552941
0.556863
0.674510
0.713725
0.533333
0.494118
0.592157
0.694118
0.658824
0.654902
0.733333
0.682353
0.611765
0.580392
0.615686
0.611765
0.517647
0.501961
0.572549
0.564706
0.533333
0.556863
0.552941
0.545098
0.572549
0.556863
0.564706
0.576471
0.568627
0.584314
0.576471
0.560784
0.517647
0.666667
0.737255
0.662745
0.525490
0.494118
0.435294
0.564706
0.717647
0.666667
0.725490
0.862745
0.839216
0.733333
0.666667
0.635294
0.529412
0.443137
0.482353
0.607843
0.541176
0.521569
0.580392
0.576471
0.568627
0.592157
0.619608
0.600000
0.560784
0.486275
0.278431
0.321569
0.576471
0.745098
0.764706
0.713725
0.705882
0.607843
0.439216
0.454902
0.615686
0.607843
0.513725
0.580392
0.521569
0.450980
0.380392
0.341176
0.290196
0.254902
0.266667
0.278431
0.388235
0.501961
0.541176
0.600000
0.654902
0.670588
0.596078
0.517647
0.505882
0.478431
0.345098
0.278431
0.517647
0.650980
0.666667
0.631373
0.686275
0.596078
0.458824
0.443137
0.482353
0.478431
0.321569
0.156863
0.090196
0.137255
0.149020
0.207843
0.243137
0.145098
0.125490
0.078431
0.211765
0.450980
0.474510
0.513725
0.741176
0.674510
0.545098
0.505882
0.494118
0.454902
0.400000
0.294118
0.325490
0.407843
0.458824
0.513725
0.552941
0.513725
0.454902
0.454902
0.411765
0.364706
0.211765
0.145098
0.152941
0.156863
0.074510
0.133333
0.207843
0.054902
0.039216
0.058824
0.243137
0.356863
0.415686
0.462745
0.749020
0.658824
0.486275
0.439216
0.431373
0.372549
0.301961
0.337255
0.384314
0.380392
0.360784
0.474510
0.501961
0.450980
0.478431
0.466667
0.321569
0.290196
0.294118
0.231373
0.215686
0.164706
0.066667
0.050980
0.062745
0.027451
0.031373
0.074510
0.262745
0.321569
0.380392
0.458824
0.694118
0.494118
0.156863
0.129412
0.133333
0.149020
0.145098
0.192157
0.274510
0.309804
0.168627
0.109804
0.364706
0.580392
0.509804
0.419608
0.427451
0.443137
0.341176
0.231373
0.125490
0.078431
0.082353
0.074510
0.062745
0.066667
0.074510
0.109804
0.172549
0.160784
0.211765
0.407843
0.596078
0.380392
0.290196
0.200000
0.168627
0.086275
0.047059
0.047059
0.054902
0.098039
0.090196
0.137255
0.329412
0.552941
0.443137
0.364706
0.333333
0.333333
0.235294
0.176471
0.145098
0.133333
0.129412
0.117647
0.098039
0.086275
0.078431
0.074510
0.078431
0.039216
0.105882
0.427451
0.549020
0.368627
0.443137
0.270588
0.113725
0.078431
0.047059
0.043137
0.039216
0.094118
0.121569
0.341176
0.392157
0.329412
0.360784
0.294118
0.168627
0.133333
0.125490
0.098039
0.094118
0.090196
0.098039
0.109804
0.121569
0.133333
0.141176
0.078431
0.035294
0.023529
0.109804
0.435294
0.552941
0.423529
0.482353
0.282353
0.070588
0.047059
0.027451
0.019608
0.023529
0.086275
0.156863
0.458824
0.423529
0.196078
0.125490
0.082353
0.050980
0.058824
0.054902
0.047059
0.035294
0.094118
0.274510
0.349020
0.388235
0.407843
0.372549
0.168627
0.027451
0.039216
0.121569
0.443137
0.533333
0.490196
0.556863
0.313725
0.168627
0.098039
0.070588
0.058824
0.047059
0.078431
0.172549
0.486275
0.462745
0.160784
0.000000
0.011765
0.019608
0.035294
0.043137
0.047059
0.035294
0.121569
0.400000
0.509804
0.458824
0.415686
0.325490
0.145098
0.035294
0.039216
0.145098
0.498039
0.537255
0.525490
0.615686
0.325490
0.227451
0.278431
0.239216
0.203922
0.105882
0.066667
0.211765
0.537255
0.490196
0.180392
0.015686
0.019608
0.023529
0.023529
0.039216
0.047059
0.039216
0.078431
0.188235
0.200000
0.145098
0.098039
0.058824
0.043137
0.054902
0.031373
0.215686
0.725490
0.537255
0.541176
0.611765
0.247059
0.098039
0.160784
0.141176
0.094118
0.043137
0.031373
0.231373
0.560784
0.619608
0.235294
0.007843
0.023529
0.027451
0.031373
0.047059
0.047059
0.047059
0.035294
0.027451
0.023529
0.031373
0.023529
0.031373
0.058824
0.086275
0.058824
0.333333
0.733333
0.521569
0.521569
0.501961
0.145098
0.047059
0.172549
0.156863
0.078431
0.047059
0.027451
0.196078
0.549020
0.588235
0.227451
0.019608
0.031373
0.031373
0.070588
0.082353
0.082353
0.074510
0.070588
0.117647
0.160784
0.211765
0.156863
0.047059
0.058824
0.070588
0.094118
0.364706
0.549020
0.490196
0.474510
0.372549
0.156863
0.117647
0.192157
0.180392
0.129412
0.090196
0.050980
0.125490
0.588235
0.498039
0.152941
0.043137
0.039216
0.035294
0.070588
0.082353
0.074510
0.074510
0.094118
0.160784
0.215686
0.282353
0.258824
0.066667
0.019608
0.035294
0.172549
0.384314
0.431373
0.470588
0.450980
0.415686
0.380392
0.356863
0.325490
0.294118
0.262745
0.227451
0.180392
0.149020
0.458824
0.435294
0.082353
0.039216
0.039216
0.031373
0.031373
0.039216
0.035294
0.043137
0.058824
0.066667
0.074510
0.098039
0.117647
0.090196
0.090196
0.129412
0.231373
0.345098
0.396078
0.490196
0.466667
0.462745
0.466667
0.454902
0.450980
0.447059
0.423529
0.396078
0.368627
0.333333
0.298039
0.192157
0.082353
0.074510
0.094118
0.101961
0.109804
0.125490
0.129412
0.141176
0.152941
0.164706
0.180392
0.196078
0.219608
0.254902
0.286275
0.321569
0.352941
0.376471
0.415686
0.501961
0.490196
0.478431
0.478431
0.478431
0.474510
0.466667
0.466667
0.462745
0.447059
0.443137
0.419608
0.364706
0.337255
0.333333
0.345098
0.345098
0.349020
0.356863
0.368627
0.376471
0.388235
0.396078
0.403922
0.415686
0.423529
0.431373
0.443137
0.450980
0.458824
0.458824
0.470588
0.501961
0.490196
0.494118
0.498039
0.501961
0.501961
0.494118
0.494118
0.494118
0.478431
0.474510
0.486275
0.482353
0.474510
0.474510
0.474510
0.474510
0.470588
0.474510
0.474510
0.478431
0.486275
0.486275
0.486275
0.494118
0.494118
0.486275
0.490196
0.494118
0.494118
0.494118
0.505882
0.478431
0.470588
0.474510
0.474510
0.478431
0.486275
0.486275
0.494118
0.498039
0.490196
0.486275
0.490196
0.490196
0.490196
0.486275
0.482353
0.482353
0.482353
0.482353
0.478431
0.474510
0.474510
0.474510
0.474510
0.482353
0.486275
0.486275
0.490196
0.494118
0.494118
0.498039
0.509804
0.619608
0.607843
0.619608
0.650980
0.654902
0.654902
0.658824
0.670588
0.717647
0.756863
0.768627
0.792157
0.807843
0.819608
0.835294
0.858824
0.874510
0.890196
0.901961
0.905882
0.909804
0.894118
0.878431
0.862745
0.827451
0.796078
0.847059
0.843137
0.870588
0.886275
0.862745
0.847059
0.592157
0.580392
0.572549
0.584314
0.584314
0.580392
0.568627
0.576471
0.556863
0.545098
0.580392
0.596078
0.607843
0.619608
0.627451
0.631373
0.647059
0.666667
0.682353
0.698039
0.694118
0.658824
0.647059
0.627451
0.576471
0.568627
0.607843
0.607843
0.619608
0.674510
0.686275
0.694118
0.443137
0.505882
0.494118
0.474510
0.474510
0.450980
0.392157
0.435294
0.403922
0.372549
0.447059
0.415686
0.415686
0.454902
0.450980
0.403922
0.443137
0.486275
0.509804
0.545098
0.533333
0.494118
0.533333
0.505882
0.431373
0.478431
0.552941
0.568627
0.552941
0.529412
0.552941
0.584314
0.317647
0.345098
0.325490
0.317647
0.317647
0.309804
0.270588
0.286275
0.305882
0.298039
0.309804
0.294118
0.294118
0.305882
0.309804
0.313725
0.313725
0.345098
0.372549
0.392157
0.396078
0.400000
0.466667
0.439216
0.333333
0.352941
0.462745
0.470588
0.474510
0.470588
0.458824
0.498039
0.278431
0.258824
0.239216
0.239216
0.258824
0.258824
0.235294
0.239216
0.266667
0.290196
0.270588
0.278431
0.274510
0.250980
0.274510
0.278431
0.266667
0.282353
0.290196
0.282353
0.270588
0.294118
0.298039
0.294118
0.301961
0.274510
0.254902
0.270588
0.262745
0.286275
0.286275
0.313725
0.243137
0.235294
0.231373
0.227451
0.243137
0.239216
0.215686
0.211765
0.235294
0.250980
0.211765
0.211765
0.223529
0.215686
0.239216
0.231373
0.250980
0.270588
0.262745
0.266667
0.247059
0.258824
0.247059
0.250980
0.270588
0.250980
0.215686
0.227451
0.235294
0.239216
0.262745
0.274510
0.239216
0.231373
0.223529
0.227451
0.243137
0.223529
0.196078
0.192157
0.215686
0.227451
0.196078
0.196078
0.219608
0.223529
0.235294
0.223529
0.231373
0.243137
0.231373
0.235294
0.231373
0.215686
0.200000
0.211765
0.219608
0.231373
0.215686
0.254902
0.309804
0.325490
0.356863
0.364706
0.282353
0.286275
0.286275
0.278431
0.266667
0.231373
0.203922
0.203922
0.231373
0.239216
0.203922
0.203922
0.231373
0.247059
0.243137
0.215686
0.207843
0.215686
0.215686
0.235294
0.239216
0.223529
0.219608
0.219608
0.215686
0.243137
0.278431
0.329412
0.384314
0.403922
0.423529
0.447059
0.392157
0.403922
0.419608
0.407843
0.368627
0.337255
0.333333
0.333333
0.333333
0.333333
0.333333
0.321569
0.313725
0.325490
0.360784
0.349020
0.321569
0.305882
0.325490
0.376471
0.396078
0.380392
0.352941
0.321569
0.321569
0.360784
0.380392
0.380392
0.403922
0.450980
0.490196
0.533333
0.462745
0.447059
0.443137
0.435294
0.427451
0.435294
0.439216
0.454902
0.450980
0.439216
0.419608
0.431373
0.443137
0.466667
0.509804
0.521569
0.552941
0.576471
0.568627
0.549020
0.513725
0.439216
0.396078
0.415686
0.458824
0.486275
0.513725
0.537255
0.556863
0.580392
0.556863
0.568627
0.419608
0.419608
0.415686
0.423529
0.439216
0.462745
0.474510
0.486275
0.494118
0.509804
0.478431
0.498039
0.545098
0.517647
0.462745
0.458824
0.482353
0.505882
0.517647
0.537255
0.545098
0.525490
0.509804
0.549020
0.600000
0.568627
0.529412
0.545098
0.525490
0.525490
0.498039
0.494118
0.478431
0.478431
0.486275
0.501961
0.509804
0.521569
0.533333
0.541176
0.556863
0.537255
0.560784
0.631373
0.603922
0.592157
0.623529
0.584314
0.525490
0.498039
0.501961
0.533333
0.556863
0.552941
0.576471
0.580392
0.564706
0.545098
0.513725
0.474510
0.439216
0.447059
0.439216
0.443137
0.549020
0.537255
0.537255
0.541176
0.560784
0.572549
0.580392
0.580392
0.549020
0.560784
0.686275
0.737255
0.564706
0.525490
0.615686
0.713725
0.670588
0.670588
0.752941
0.709804
0.631373
0.600000
0.643137
0.643137
0.537255
0.498039
0.533333
0.494118
0.443137
0.462745
0.458824
0.450980
0.560784
0.541176
0.541176
0.560784
0.580392
0.603922
0.592157
0.568627
0.529412
0.694118
0.768627
0.694118
0.556863
0.517647
0.439216
0.564706
0.717647
0.670588
0.745098
0.894118
0.858824
0.752941
0.694118
0.654902
0.541176
0.454902
0.478431
0.580392
0.490196
0.458824
0.501961
0.482353
0.556863
0.588235
0.623529
0.615686
0.603922
0.529412
0.301961
0.341176
0.600000
0.772549
0.796078
0.745098
0.737255
0.623529
0.439216
0.462745
0.635294
0.627451
0.545098
0.619608
0.564706
0.486275
0.407843
0.349020
0.294118
0.270588
0.278431
0.270588
0.368627
0.470588
0.490196
0.517647
0.639216
0.678431
0.615686
0.552941
0.564706
0.525490
0.368627
0.298039
0.541176
0.678431
0.694118
0.658824
0.717647
0.607843
0.450980
0.454902
0.498039
0.482353
0.329412
0.188235
0.137255
0.184314
0.180392
0.211765
0.247059
0.164706
0.152941
0.086275
0.149020
0.356863
0.407843
0.462745
0.729412
0.690196
0.576471
0.549020
0.552941
0.498039
0.423529
0.313725
0.349020
0.431373
0.482353
0.537255
0.576471
0.525490
0.447059
0.458824
0.392157
0.290196
0.145098
0.141176
0.192157
0.211765
0.109804
0.145098
0.227451
0.090196
0.078431
0.066667
0.098039
0.176471
0.333333
0.462745
0.741176
0.670588
0.513725
0.474510
0.478431
0.415686
0.341176
0.372549
0.411765
0.396078
0.376471
0.490196
0.517647
0.466667
0.490196
0.458824
0.239216
0.090196
0.113725
0.168627
0.227451
0.215686
0.105882
0.086275
0.105882
0.086275
0.078431
0.074510
0.101961
0.141176
0.337255
0.521569
0.682353
0.501961
0.172549
0.149020
0.172549
0.196078
0.196078
0.243137
0.317647
0.325490
0.184314
0.121569
0.376471
0.600000
0.537255
0.411765
0.313725
0.184314
0.109804
0.141176
0.125490
0.129412
0.133333
0.129412
0.129412
0.137255
0.121569
0.117647
0.086275
0.078431
0.235294
0.509804
0.580392
0.372549
0.290196
0.207843
0.203922
0.133333
0.098039
0.109804
0.109804
0.125490
0.101961
0.141176
0.329412
0.576471
0.490196
0.380392
0.301961
0.243137
0.172549
0.184314
0.184314
0.188235
0.184314
0.172549
0.156863
0.152941
0.137255
0.117647
0.098039
0.050980
0.145098
0.498039
0.529412
0.356863
0.435294
0.274510
0.141176
0.117647
0.098039
0.098039
0.094118
0.125490
0.137255
0.345098
0.396078
0.356863
0.415686
0.333333
0.192157
0.137255
0.145098
0.149020
0.141176
0.137255
0.145098
0.149020
0.164706
0.184314
0.188235
0.125490
0.078431
0.054902
0.137255
0.482353
0.533333
0.411765
0.478431
0.282353
0.094118
0.078431
0.066667
0.066667
0.070588
0.117647
0.168627
0.462745
0.427451
0.227451
0.192157
0.133333
0.086275
0.082353
0.082353
0.086275
0.070588
0.129412
0.309804
0.380392
0.419608
0.439216
0.403922
0.192157
0.054902
0.054902
0.137255
0.474510
0.513725
0.478431
0.552941
0.317647
0.188235
0.125490
0.101961
0.098039
0.090196
0.113725
0.188235
0.486275
0.466667
0.192157
0.054902
0.070588
0.070588
0.078431
0.078431
0.074510
0.062745
0.145098
0.427451
0.525490
0.466667
0.427451
0.333333
0.145098
0.047059
0.047059
0.149020
0.509804
0.521569
0.517647
0.611765
0.329412
0.239216
0.298039
0.262745
0.239216
0.149020
0.101961
0.227451
0.537255
0.498039
0.207843
0.066667
0.066667
0.070588
0.070588
0.070588
0.066667
0.058824
0.094118
0.203922
0.203922
0.141176
0.098039
0.054902
0.039216
0.058824
0.027451
0.203922
0.713725
0.525490
0.533333
0.607843
0.247059
0.109804
0.176471
0.160784
0.121569
0.082353
0.070588
0.247059
0.560784
0.627451
0.258824
0.035294
0.054902
0.062745
0.074510
0.074510
0.058824
0.058824
0.047059
0.039216
0.027451
0.035294
0.027451
0.039216
0.062745
0.090196
0.054902
0.313725
0.705882
0.505882
0.509804
0.494118
0.137255
0.050980
0.184314
0.172549
0.098039
0.070588
0.054902
0.207843
0.552941
0.592157
0.243137
0.031373
0.047059
0.050980
0.094118
0.098039
0.090196
0.082353
0.074510
0.121569
0.164706
0.215686
0.164706
0.054902
0.066667
0.070588
0.078431
0.337255
0.513725
0.470588
0.454902
0.352941
0.141176
0.109804
0.192157
0.180392
0.129412
0.090196
0.054902
0.129412
0.592157
0.501961
0.156863
0.043137
0.043137
0.035294
0.074510
0.086275
0.074510
0.074510
0.094118
0.160784
0.219608
0.286275
0.262745
0.070588
0.019608
0.023529
0.149020
0.360784
0.403922
0.450980
0.431373
0.396078
0.360784
0.349020
0.321569
0.290196
0.258824
0.223529
0.180392
0.149020
0.458824
0.439216
0.078431
0.035294
0.035294
0.027451
0.027451
0.035294
0.035294
0.043137
0.054902
0.066667
0.074510
0.098039
0.117647
0.090196
0.090196
0.117647
0.207843
0.321569
0.372549
0.470588
0.447059
0.443137
0.447059
0.439216
0.439216
0.435294
0.411765
0.384314
0.360784
0.329412
0.294118
0.188235
0.074510
0.066667
0.086275
0.094118
0.105882
0.117647
0.125490
0.133333
0.145098
0.160784
0.172549
0.192157
0.215686
0.250980
0.282353
0.305882
0.329412
0.352941
0.392157
0.482353
0.470588
0.458824
0.458824
0.454902
0.450980
0.439216
0.443137
0.439216
0.431373
0.427451
0.403922
0.349020
0.325490
0.321569
0.329412
0.329412
0.333333
0.341176
0.352941
0.360784
0.376471
0.380392
0.392157
0.403922
0.411765
0.415686
0.427451
0.431373
0.435294
0.439216
0.450980
0.478431
0.470588
0.474510
0.474510
0.470588
0.470588
0.458824
0.458824
0.466667
0.458824
0.458824
0.466667
0.466667
0.454902
0.454902
0.458824
0.454902
0.454902
0.454902
0.458824
0.458824
0.466667
0.470588
0.470588
0.474510
0.474510
0.470588
0.474510
0.478431
0.474510
0.474510
0.486275
0.458824
0.450980
0.454902
0.454902
0.447059
0.450980
0.450980
0.458824
0.466667
0.470588
0.466667
0.470588
0.470588
0.470588
0.466667
0.462745
0.462745
0.462745
0.462745
0.458824
0.454902
0.454902
0.454902
0.454902
0.462745
0.466667
0.470588
0.470588
0.474510
0.474510
0.478431
0.490196
0.709804
0.694118
0.705882
0.737255
0.733333
0.725490
0.717647
0.717647
0.756863
0.807843
0.819608
0.839216
0.854902
0.858824
0.862745
0.890196
0.901961
0.917647
0.921569
0.921569
0.925490
0.913725
0.894118
0.878431
0.843137
0.815686
0.874510
0.874510
0.890196
0.905882
0.905882
0.913725
0.639216
0.623529
0.619608
0.631373
0.654902
0.650980
0.631373
0.635294
0.611765
0.603922
0.639216
0.654902
0.666667
0.678431
0.682353
0.686275
0.701961
0.721569
0.725490
0.721569
0.721569
0.682353
0.674510
0.670588
0.623529
0.611765
0.643137
0.635294
0.647059
0.717647
0.745098
0.772549
0.450980
0.513725
0.501961
0.486275
0.490196
0.466667
0.407843
0.450980
0.423529
0.392157
0.466667
0.435294
0.435294
0.474510
0.474510
0.427451
0.466667
0.509804
0.533333
0.572549
0.556863
0.521569
0.560784
0.533333
0.458824
0.490196
0.549020
0.552941
0.549020
0.541176
0.568627
0.615686
0.298039
0.329412
0.309804
0.298039
0.278431
0.270588
0.239216
0.262745
0.282353
0.274510
0.286275
0.270588
0.270588
0.282353
0.286275
0.286275
0.290196
0.317647
0.368627
0.403922
0.407843
0.411765
0.482353
0.439216
0.317647
0.329412
0.427451
0.423529
0.439216
0.443137
0.435294
0.478431
0.258824
0.239216
0.219608
0.215686
0.215686
0.215686
0.207843
0.223529
0.254902
0.274510
0.250980
0.258824
0.254902
0.231373
0.243137
0.247059
0.235294
0.250980
0.270588
0.274510
0.266667
0.286275
0.290196
0.278431
0.286275
0.262745
0.247059
0.266667
0.254902
0.278431
0.274510
0.301961
0.219608
0.215686
0.207843
0.203922
0.223529
0.223529
0.215686
0.223529
0.250980
0.258824
0.219608
0.223529
0.235294
0.223529
0.235294
0.227451
0.247059
0.270588
0.254902
0.254902
0.235294
0.247059
0.235294
0.243137
0.266667
0.262745
0.239216
0.258824
0.254902
0.250980
0.270588
0.274510
0.215686
0.203922
0.196078
0.203922
0.235294
0.219608
0.192157
0.192157
0.211765
0.219608
0.188235
0.192157
0.223529
0.227451
0.231373
0.219608
0.227451
0.239216
0.227451
0.223529
0.219608
0.203922
0.192157
0.203922
0.215686
0.231373
0.223529
0.262745
0.305882
0.309804
0.337255
0.337255
0.250980
0.258824
0.254902
0.250980
0.250980
0.215686
0.188235
0.188235
0.207843
0.196078
0.160784
0.172549
0.203922
0.219608
0.207843
0.180392
0.172549
0.176471
0.176471
0.192157
0.196078
0.184314
0.176471
0.184314
0.192157
0.223529
0.258824
0.313725
0.360784
0.368627
0.388235
0.400000
0.325490
0.337255
0.352941
0.341176
0.305882
0.282353
0.274510
0.278431
0.270588
0.254902
0.258824
0.262745
0.266667
0.286275
0.321569
0.313725
0.286275
0.266667
0.290196
0.341176
0.356863
0.341176
0.313725
0.282353
0.278431
0.321569
0.337255
0.337255
0.356863
0.400000
0.435294
0.470588
0.341176
0.329412
0.325490
0.321569
0.329412
0.337255
0.341176
0.356863
0.352941
0.349020
0.345098
0.376471
0.400000
0.450980
0.529412
0.537255
0.568627
0.596078
0.584314
0.568627
0.533333
0.458824
0.415686
0.411765
0.423529
0.439216
0.447059
0.458824
0.482353
0.505882
0.482353
0.482353
0.301961
0.305882
0.301961
0.313725
0.349020
0.376471
0.388235
0.400000
0.411765
0.450980
0.431373
0.478431
0.541176
0.541176
0.517647
0.513725
0.533333
0.560784
0.572549
0.592157
0.600000
0.580392
0.564706
0.580392
0.596078
0.533333
0.454902
0.439216
0.427451
0.431373
0.400000
0.388235
0.423529
0.427451
0.435294
0.454902
0.474510
0.486275
0.498039
0.505882
0.521569
0.513725
0.552941
0.647059
0.643137
0.639216
0.666667
0.627451
0.568627
0.541176
0.549020
0.576471
0.603922
0.600000
0.623529
0.631373
0.596078
0.529412
0.439216
0.352941
0.321569
0.337255
0.325490
0.325490
0.533333
0.529412
0.533333
0.537255
0.552941
0.545098
0.545098
0.560784
0.545098
0.560784
0.698039
0.760784
0.596078
0.572549
0.674510
0.749020
0.694118
0.698039
0.784314
0.733333
0.658824
0.639216
0.682353
0.690196
0.588235
0.533333
0.509804
0.407843
0.309804
0.301961
0.313725
0.341176
0.541176
0.521569
0.513725
0.509804
0.501961
0.513725
0.517647
0.529412
0.517647
0.701961
0.776471
0.701961
0.560784
0.556863
0.529412
0.619608
0.749020
0.713725
0.788235
0.921569
0.894118
0.796078
0.737255
0.698039
0.600000
0.529412
0.521569
0.556863
0.388235
0.305882
0.368627
0.388235
0.529412
0.517647
0.509804
0.458824
0.396078
0.380392
0.243137
0.313725
0.576471
0.780392
0.807843
0.756863
0.745098
0.670588
0.541176
0.541176
0.701961
0.709804
0.619608
0.678431
0.615686
0.537255
0.458824
0.396078
0.360784
0.352941
0.341176
0.294118
0.349020
0.419608
0.411765
0.411765
0.607843
0.572549
0.454902
0.349020
0.329412
0.396078
0.376471
0.337255
0.560784
0.705882
0.721569
0.690196
0.741176
0.666667
0.564706
0.560784
0.600000
0.592157
0.427451
0.270588
0.207843
0.243137
0.239216
0.270588
0.317647
0.254902
0.243137
0.152941
0.156863
0.341176
0.337255
0.309804
0.686275
0.580392
0.439216
0.407843
0.415686
0.462745
0.501961
0.415686
0.423529
0.490196
0.541176
0.596078
0.635294
0.603922
0.568627
0.576471
0.505882
0.403922
0.247059
0.223529
0.262745
0.278431
0.184314
0.219608
0.298039
0.172549
0.168627
0.152941
0.101961
0.160784
0.243137
0.235294
0.686275
0.592157
0.470588
0.482353
0.498039
0.466667
0.427451
0.470588
0.509804
0.494118
0.478431
0.592157
0.619608
0.564706
0.596078
0.572549
0.349020
0.192157
0.200000
0.239216
0.286275
0.286275
0.200000
0.172549
0.176471
0.149020
0.149020
0.152941
0.145098
0.192157
0.243137
0.200000
0.631373
0.470588
0.215686
0.266667
0.294118
0.278431
0.250980
0.298039
0.403922
0.447059
0.298039
0.231373
0.490196
0.709804
0.635294
0.513725
0.415686
0.266667
0.176471
0.196078
0.180392
0.196078
0.231373
0.227451
0.207843
0.192157
0.180392
0.188235
0.184314
0.207843
0.172549
0.141176
0.564706
0.376471
0.333333
0.282353
0.286275
0.200000
0.160784
0.172549
0.200000
0.235294
0.164706
0.164706
0.384314
0.666667
0.596078
0.490196
0.407843
0.341176
0.258824
0.254902
0.254902
0.262745
0.266667
0.278431
0.262745
0.223529
0.200000
0.192157
0.172549
0.152941
0.117647
0.215686
0.525490
0.368627
0.462745
0.317647
0.207843
0.192157
0.176471
0.184314
0.196078
0.227451
0.168627
0.333333
0.419608
0.431373
0.521569
0.439216
0.294118
0.235294
0.239216
0.231373
0.227451
0.223529
0.227451
0.227451
0.223529
0.219608
0.223529
0.176471
0.133333
0.133333
0.129412
0.254902
0.525490
0.423529
0.501961
0.321569
0.168627
0.164706
0.156863
0.164706
0.176471
0.207843
0.203922
0.458824
0.447059
0.294118
0.282353
0.223529
0.168627
0.160784
0.164706
0.168627
0.156863
0.215686
0.396078
0.427451
0.423529
0.435294
0.415686
0.231373
0.113725
0.141176
0.137255
0.274510
0.498039
0.478431
0.572549
0.349020
0.258824
0.215686
0.196078
0.200000
0.192157
0.188235
0.219608
0.490196
0.482353
0.239216
0.133333
0.145098
0.137255
0.137255
0.145098
0.149020
0.137255
0.219608
0.501961
0.572549
0.486275
0.439216
0.364706
0.207843
0.105882
0.121569
0.156863
0.349020
0.498039
0.509804
0.623529
0.356863
0.301961
0.372549
0.345098
0.325490
0.235294
0.160784
0.254902
0.545098
0.505882
0.243137
0.133333
0.129412
0.121569
0.113725
0.117647
0.113725
0.105882
0.141176
0.250980
0.258824
0.192157
0.137255
0.105882
0.109804
0.105882
0.078431
0.215686
0.607843
0.498039
0.521569
0.611765
0.266667
0.156863
0.235294
0.223529
0.192157
0.149020
0.117647
0.274510
0.572549
0.631373
0.286275
0.105882
0.113725
0.109804
0.109804
0.101961
0.078431
0.082353
0.070588
0.058824
0.070588
0.082353
0.050980
0.058824
0.094118
0.094118
0.074510
0.321569
0.650980
0.482353
0.494118
0.494118
0.145098
0.074510
0.211765
0.200000
0.133333
0.105882
0.086275
0.231373
0.564706
0.596078
0.258824
0.082353
0.094118
0.090196
0.129412
0.121569
0.101961
0.094118
0.086275
0.133333
0.192157
0.239216
0.168627
0.050980
0.066667
0.058824
0.090196
0.349020
0.498039
0.454902
0.443137
0.345098
0.133333
0.105882
0.188235
0.180392
0.125490
0.094118
0.062745
0.133333
0.596078
0.505882
0.168627
0.074510
0.070588
0.062745
0.101961
0.105882
0.094118
0.090196
0.113725
0.176471
0.231373
0.294118
0.262745
0.070588
0.023529
0.027451
0.160784
0.372549
0.411765
0.439216
0.419608
0.384314
0.352941
0.341176
0.313725
0.282353
0.250980
0.215686
0.180392
0.149020
0.458824
0.435294
0.086275
0.058824
0.054902
0.050980
0.050980
0.050980
0.047059
0.054902
0.066667
0.078431
0.078431
0.098039
0.117647
0.094118
0.090196
0.121569
0.215686
0.329412
0.380392
0.458824
0.435294
0.431373
0.439216
0.435294
0.435294
0.431373
0.407843
0.380392
0.356863
0.325490
0.286275
0.184314
0.078431
0.078431
0.098039
0.105882
0.117647
0.125490
0.129412
0.137255
0.152941
0.164706
0.172549
0.188235
0.211765
0.243137
0.274510
0.305882
0.329412
0.352941
0.392157
0.470588
0.458824
0.447059
0.447059
0.454902
0.450980
0.439216
0.443137
0.435294
0.419608
0.415686
0.396078
0.337255
0.317647
0.317647
0.325490
0.329412
0.329412
0.341176
0.356863
0.364706
0.376471
0.384314
0.388235
0.392157
0.400000
0.403922
0.419608
0.423529
0.427451
0.431373
0.443137
0.466667
0.458824
0.462745
0.466667
0.470588
0.474510
0.462745
0.462745
0.466667
0.447059
0.447059
0.454902
0.454902
0.443137
0.443137
0.447059
0.443137
0.443137
0.447059
0.450980
0.454902
0.462745
0.462745
0.458824
0.462745
0.462745
0.454902
0.462745
0.462745
0.462745
0.462745
0.470588
0.447059
0.439216
0.443137
0.443137
0.447059
0.454902
0.454902
0.462745
0.466667
0.454902
0.450980
0.454902
0.454902
0.454902
0.447059
0.447059
0.443137
0.443137
0.447059
0.447059
0.443137
0.443137
0.443137
0.443137
0.447059
0.450980
0.454902
0.454902
0.458824
0.458824
0.462745
0.474510
