0.537255
0.552941
0.545098
0.541176
0.529412
0.529412
0.521569
0.521569
0.521569
0.537255
0.537255
0.537255
0.541176
0.529412
0.545098
0.607843
0.560784
0.545098
0.533333
0.525490
0.513725
0.490196
0.470588
0.482353
0.490196
0.494118
0.466667
0.454902
0.470588
0.533333
0.654902
0.745098
0.235294
0.313725
0.368627
0.407843
0.431373
0.454902
0.470588
0.466667
0.447059
0.443137
0.443137
0.450980
0.470588
0.450980
0.490196
0.568627
0.537255
0.513725
0.509804
0.509804
0.498039
0.478431
0.501961
0.552941
0.462745
0.407843
0.407843
0.482353
0.623529
0.721569
0.756863
0.705882
0.078431
0.094118
0.125490
0.172549
0.215686
0.274510
0.341176
0.388235
0.439216
0.490196
0.521569
0.533333
0.517647
0.509804
0.552941
0.556863
0.513725
0.478431
0.466667
0.450980
0.458824
0.458824
0.541176
0.643137
0.615686
0.498039
0.435294
0.556863
0.701961
0.682353
0.650980
0.623529
0.062745
0.070588
0.078431
0.074510
0.066667
0.082353
0.094118
0.109804
0.141176
0.196078
0.274510
0.372549
0.517647
0.666667
0.784314
0.831373
0.823529
0.784314
0.705882
0.662745
0.690196
0.615686
0.435294
0.478431
0.643137
0.388235
0.282353
0.262745
0.419608
0.623529
0.611765
0.556863
0.239216
0.176471
0.121569
0.090196
0.070588
0.078431
0.094118
0.086275
0.145098
0.215686
0.341176
0.549020
0.737255
0.803922
0.784314
0.800000
0.831373
0.890196
0.909804
0.913725
0.878431
0.756863
0.635294
0.666667
0.654902
0.282353
0.262745
0.321569
0.368627
0.549020
0.580392
0.494118
0.478431
0.447059
0.403922
0.341176
0.270588
0.247059
0.286275
0.474510
0.560784
0.443137
0.454902
0.709804
0.807843
0.749020
0.678431
0.713725
0.772549
0.815686
0.882353
0.937255
0.901961
0.811765
0.768627
0.654902
0.592157
0.403922
0.349020
0.490196
0.439216
0.419608
0.466667
0.419608
0.623529
0.607843
0.490196
0.423529
0.364706
0.231373
0.431373
0.788235
0.482353
0.149020
0.294118
0.603922
0.737255
0.788235
0.803922
0.800000
0.752941
0.737255
0.803922
0.905882
0.909804
0.831373
0.756863
0.627451
0.529412
0.462745
0.388235
0.439216
0.407843
0.380392
0.349020
0.325490
0.686275
0.615686
0.341176
0.341176
0.254902
0.086275
0.560784
0.709804
0.235294
0.196078
0.494118
0.717647
0.635294
0.705882
0.772549
0.768627
0.756863
0.745098
0.752941
0.811765
0.850980
0.807843
0.764706
0.698039
0.533333
0.466667
0.443137
0.458824
0.396078
0.356863
0.337255
0.321569
0.623529
0.521569
0.227451
0.278431
0.207843
0.105882
0.474510
0.576471
0.231373
0.356863
0.592157
0.592157
0.549020
0.607843
0.701961
0.713725
0.682353
0.670588
0.725490
0.737255
0.764706
0.796078
0.800000
0.737255
0.647059
0.490196
0.376471
0.415686
0.423529
0.376471
0.337255
0.337255
0.701961
0.596078
0.266667
0.203922
0.141176
0.121569
0.415686
0.400000
0.196078
0.396078
0.576471
0.529412
0.529412
0.580392
0.650980
0.686275
0.682353
0.662745
0.690196
0.654902
0.674510
0.749020
0.749020
0.701961
0.701961
0.580392
0.372549
0.341176
0.403922
0.407843
0.345098
0.325490
0.682353
0.658824
0.427451
0.184314
0.129412
0.180392
0.317647
0.254902
0.290196
0.368627
0.466667
0.517647
0.541176
0.592157
0.639216
0.670588
0.666667
0.674510
0.674510
0.627451
0.619608
0.647059
0.666667
0.682353
0.666667
0.627451
0.423529
0.305882
0.337255
0.403922
0.388235
0.321569
0.690196
0.698039
0.584314
0.298039
0.164706
0.219608
0.250980
0.305882
0.549020
0.400000
0.478431
0.517647
0.521569
0.568627
0.631373
0.666667
0.670588
0.686275
0.627451
0.525490
0.529412
0.580392
0.611765
0.654902
0.603922
0.600000
0.427451
0.270588
0.309804
0.352941
0.392157
0.341176
0.705882
0.709804
0.690196
0.537255
0.356863
0.290196
0.239216
0.545098
0.847059
0.529412
0.501961
0.517647
0.454902
0.470588
0.529412
0.568627
0.529412
0.462745
0.380392
0.333333
0.427451
0.552941
0.584314
0.607843
0.560784
0.478431
0.286275
0.250980
0.341176
0.333333
0.372549
0.368627
0.631373
0.631373
0.611765
0.568627
0.478431
0.341176
0.470588
0.678431
0.882353
0.686275
0.505882
0.533333
0.545098
0.513725
0.541176
0.466667
0.270588
0.227451
0.192157
0.196078
0.325490
0.474510
0.564706
0.596078
0.541176
0.313725
0.160784
0.286275
0.372549
0.329412
0.368627
0.376471
0.607843
0.643137
0.639216
0.639216
0.611765
0.611765
0.780392
0.709804
0.815686
0.784314
0.576471
0.576471
0.662745
0.647059
0.631373
0.607843
0.482353
0.294118
0.223529
0.200000
0.258824
0.411765
0.564706
0.592157
0.572549
0.415686
0.305882
0.427451
0.403922
0.337255
0.349020
0.380392
0.709804
0.713725
0.690196
0.678431
0.650980
0.678431
0.800000
0.792157
0.639216
0.705882
0.592157
0.572549
0.647059
0.690196
0.666667
0.643137
0.623529
0.517647
0.403922
0.337255
0.349020
0.415686
0.498039
0.537255
0.556863
0.482353
0.474510
0.521569
0.439216
0.360784
0.345098
0.368627
0.686275
0.690196
0.678431
0.674510
0.666667
0.654902
0.741176
0.866667
0.623529
0.560784
0.580392
0.564706
0.592157
0.658824
0.698039
0.654902
0.600000
0.568627
0.537255
0.501961
0.462745
0.482353
0.474510
0.466667
0.494118
0.439216
0.482353
0.552941
0.478431
0.372549
0.345098
0.349020
0.690196
0.698039
0.686275
0.670588
0.666667
0.666667
0.776471
0.913725
0.639216
0.549020
0.568627
0.556863
0.564706
0.592157
0.600000
0.592157
0.639216
0.607843
0.568627
0.529412
0.505882
0.494118
0.462745
0.427451
0.427451
0.376471
0.388235
0.525490
0.501961
0.376471
0.337255
0.341176
0.694118
0.701961
0.694118
0.678431
0.674510
0.674510
0.768627
0.929412
0.737255
0.560784
0.584314
0.576471
0.564706
0.580392
0.533333
0.509804
0.572549
0.623529
0.572549
0.470588
0.478431
0.470588
0.435294
0.407843
0.356863
0.341176
0.317647
0.454902
0.537255
0.396078
0.329412
0.345098
0.698039
0.721569
0.705882
0.678431
0.650980
0.631373
0.650980
0.831373
0.733333
0.564706
0.576471
0.596078
0.564706
0.513725
0.498039
0.462745
0.454902
0.521569
0.525490
0.435294
0.439216
0.450980
0.427451
0.376471
0.282353
0.231373
0.250980
0.345098
0.486275
0.427451
0.329412
0.341176
0.670588
0.654902
0.615686
0.584314
0.525490
0.486275
0.545098
0.819608
0.717647
0.615686
0.584314
0.584314
0.556863
0.470588
0.419608
0.411765
0.403922
0.439216
0.427451
0.352941
0.333333
0.384314
0.392157
0.301961
0.231373
0.164706
0.141176
0.250980
0.384314
0.400000
0.345098
0.345098
0.572549
0.580392
0.580392
0.603922
0.619608
0.627451
0.670588
0.882353
0.737255
0.611765
0.607843
0.619608
0.596078
0.521569
0.415686
0.388235
0.380392
0.403922
0.450980
0.380392
0.309804
0.364706
0.345098
0.239216
0.180392
0.129412
0.345098
0.584314
0.592157
0.419608
0.341176
0.356863
0.674510
0.713725
0.717647
0.709804
0.682353
0.662745
0.690196
0.878431
0.690196
0.576471
0.631373
0.603922
0.545098
0.533333
0.490196
0.419608
0.439216
0.286275
0.325490
0.431373
0.392157
0.364706
0.301961
0.211765
0.117647
0.176471
0.654902
0.780392
0.768627
0.498039
0.341176
0.372549
0.717647
0.717647
0.698039
0.694118
0.686275
0.666667
0.662745
0.768627
0.737255
0.623529
0.666667
0.654902
0.592157
0.588235
0.584314
0.525490
0.498039
0.376471
0.321569
0.364706
0.396078
0.356863
0.278431
0.200000
0.098039
0.313725
0.725490
0.721569
0.721569
0.588235
0.403922
0.372549
0.705882
0.709804
0.694118
0.705882
0.705882
0.686275
0.658824
0.670588
0.823529
0.772549
0.635294
0.654902
0.662745
0.576471
0.568627
0.580392
0.584314
0.443137
0.313725
0.352941
0.325490
0.321569
0.325490
0.266667
0.200000
0.556863
0.698039
0.670588
0.654902
0.611765
0.450980
0.364706
0.701961
0.709804
0.698039
0.713725
0.717647
0.709804
0.678431
0.654902
0.745098
0.815686
0.654902
0.623529
0.662745
0.611765
0.596078
0.631373
0.639216
0.564706
0.454902
0.419608
0.360784
0.274510
0.235294
0.352941
0.466667
0.580392
0.541176
0.521569
0.525490
0.509804
0.447059
0.368627
0.690196
0.709804
0.705882
0.717647
0.721569
0.713725
0.694118
0.654902
0.698039
0.764706
0.694118
0.596078
0.521569
0.549020
0.600000
0.596078
0.627451
0.674510
0.662745
0.611765
0.462745
0.450980
0.482353
0.458824
0.505882
0.549020
0.545098
0.588235
0.556863
0.541176
0.521569
0.396078
0.709804
0.713725
0.698039
0.701961
0.701961
0.698039
0.698039
0.686275
0.670588
0.682353
0.670588
0.572549
0.501961
0.478431
0.529412
0.560784
0.529412
0.545098
0.584314
0.588235
0.474510
0.431373
0.552941
0.623529
0.631373
0.666667
0.686275
0.694118
0.639216
0.552941
0.552941
0.466667
0.647059
0.674510
0.694118
0.701961
0.705882
0.717647
0.709804
0.694118
0.662745
0.592157
0.588235
0.619608
0.556863
0.486275
0.486275
0.505882
0.435294
0.419608
0.474510
0.521569
0.525490
0.466667
0.490196
0.619608
0.690196
0.686275
0.705882
0.674510
0.623529
0.564706
0.537255
0.517647
0.643137
0.631373
0.674510
0.686275
0.662745
0.643137
0.627451
0.615686
0.607843
0.576471
0.619608
0.713725
0.658824
0.600000
0.580392
0.494118
0.419608
0.458824
0.596078
0.658824
0.654902
0.654902
0.627451
0.623529
0.658824
0.658824
0.674510
0.650980
0.623529
0.631373
0.603922
0.537255
0.627451
0.588235
0.568627
0.596078
0.611765
0.647059
0.666667
0.694118
0.721569
0.721569
0.690196
0.725490
0.658824
0.572549
0.541176
0.490196
0.415686
0.470588
0.627451
0.698039
0.690196
0.690196
0.682353
0.654902
0.635294
0.619608
0.627451
0.666667
0.658824
0.615686
0.580392
0.545098
0.588235
0.623529
0.650980
0.650980
0.647059
0.705882
0.717647
0.701961
0.709804
0.713725
0.686275
0.713725
0.654902
0.525490
0.494118
0.474510
0.423529
0.454902
0.615686
0.690196
0.682353
0.678431
0.682353
0.674510
0.647059
0.631373
0.607843
0.639216
0.674510
0.603922
0.521569
0.498039
0.470588
0.494118
0.494118
0.490196
0.482353
0.478431
0.466667
0.470588
0.470588
0.482353
0.482353
0.482353
0.486275
0.482353
0.482353
0.541176
0.509804
0.498039
0.482353
0.470588
0.466667
0.447059
0.435294
0.447059
0.462745
0.466667
0.435294
0.431373
0.439216
0.443137
0.458824
0.470588
0.250980
0.329412
0.384314
0.427451
0.454902
0.474510
0.482353
0.482353
0.462745
0.462745
0.458824
0.462745
0.478431
0.450980
0.474510
0.560784
0.545098
0.521569
0.513725
0.509804
0.505882
0.490196
0.490196
0.501961
0.411765
0.368627
0.388235
0.435294
0.470588
0.466667
0.450980
0.415686
0.094118
0.105882
0.137255
0.184314
0.227451
0.278431
0.349020
0.396078
0.447059
0.494118
0.525490
0.533333
0.517647
0.505882
0.541176
0.549020
0.505882
0.474510
0.462745
0.443137
0.447059
0.415686
0.376471
0.423529
0.403922
0.305882
0.282353
0.352941
0.411765
0.384314
0.368627
0.360784
0.078431
0.090196
0.090196
0.082353
0.078431
0.086275
0.109804
0.125490
0.156863
0.211765
0.286275
0.384314
0.529412
0.670588
0.776471
0.819608
0.819608
0.780392
0.686275
0.619608
0.607843
0.443137
0.239216
0.309804
0.478431
0.243137
0.160784
0.145098
0.247059
0.349020
0.345098
0.301961
0.254902
0.188235
0.133333
0.105882
0.098039
0.094118
0.086275
0.086275
0.109804
0.160784
0.294118
0.509804
0.670588
0.698039
0.674510
0.717647
0.776471
0.862745
0.894118
0.890196
0.819608
0.639216
0.482353
0.533333
0.552941
0.200000
0.156863
0.164706
0.200000
0.301961
0.305882
0.243137
0.478431
0.450980
0.407843
0.341176
0.243137
0.164706
0.168627
0.309804
0.337255
0.254902
0.309804
0.541176
0.592157
0.517647
0.498039
0.580392
0.705882
0.780392
0.882353
0.949020
0.890196
0.772549
0.686275
0.521569
0.474510
0.290196
0.192157
0.266667
0.223529
0.215686
0.235294
0.203922
0.525490
0.501961
0.384314
0.301961
0.219608
0.125490
0.305882
0.552941
0.301961
0.094118
0.250980
0.509804
0.611765
0.662745
0.713725
0.705882
0.643137
0.647059
0.756863
0.898039
0.905882
0.792157
0.701961
0.545098
0.415686
0.364706
0.239216
0.254902
0.239216
0.219608
0.196078
0.184314
0.513725
0.439216
0.211765
0.196078
0.152941
0.062745
0.403922
0.517647
0.180392
0.176471
0.478431
0.678431
0.568627
0.631373
0.670588
0.682353
0.678431
0.670588
0.690196
0.772549
0.847059
0.776471
0.721569
0.627451
0.423529
0.352941
0.290196
0.274510
0.227451
0.211765
0.200000
0.184314
0.470588
0.392157
0.152941
0.180392
0.137255
0.074510
0.341176
0.431373
0.172549
0.325490
0.560784
0.525490
0.458824
0.525490
0.611765
0.619608
0.592157
0.584314
0.650980
0.670588
0.721569
0.764706
0.756863
0.666667
0.537255
0.345098
0.207843
0.254902
0.266667
0.219608
0.192157
0.196078
0.549020
0.458824
0.196078
0.129412
0.094118
0.086275
0.298039
0.286275
0.125490
0.317647
0.482353
0.423529
0.423529
0.482353
0.572549
0.596078
0.596078
0.580392
0.600000
0.560784
0.584314
0.694118
0.686275
0.619608
0.623529
0.439216
0.192157
0.192157
0.266667
0.266667
0.196078
0.180392
0.525490
0.509804
0.317647
0.121569
0.086275
0.125490
0.215686
0.164706
0.172549
0.235294
0.325490
0.388235
0.419608
0.478431
0.541176
0.580392
0.580392
0.596078
0.584314
0.513725
0.498039
0.549020
0.576471
0.596078
0.580392
0.501961
0.290196
0.164706
0.188235
0.258824
0.243137
0.180392
0.545098
0.541176
0.450980
0.223529
0.109804
0.152941
0.176471
0.231373
0.439216
0.274510
0.345098
0.380392
0.384314
0.447059
0.521569
0.572549
0.588235
0.607843
0.549020
0.423529
0.396078
0.454902
0.505882
0.549020
0.482353
0.462745
0.345098
0.176471
0.164706
0.203922
0.247059
0.203922
0.568627
0.564706
0.541176
0.415686
0.258824
0.207843
0.164706
0.454902
0.796078
0.407843
0.380392
0.384314
0.309804
0.352941
0.439216
0.498039
0.470588
0.403922
0.341176
0.286275
0.329412
0.431373
0.478431
0.498039
0.431373
0.352941
0.211765
0.152941
0.188235
0.180392
0.231373
0.231373
0.478431
0.501961
0.486275
0.447059
0.356863
0.239216
0.388235
0.541176
0.835294
0.592157
0.368627
0.392157
0.400000
0.396078
0.458824
0.423529
0.243137
0.133333
0.125490
0.164706
0.270588
0.372549
0.466667
0.501961
0.435294
0.227451
0.121569
0.180392
0.203922
0.168627
0.219608
0.239216
0.462745
0.486275
0.486275
0.498039
0.486275
0.490196
0.686275
0.564706
0.737255
0.709804
0.435294
0.439216
0.533333
0.513725
0.513725
0.505882
0.419608
0.254902
0.192157
0.180392
0.215686
0.329412
0.478431
0.501961
0.486275
0.329412
0.239216
0.301961
0.231373
0.168627
0.196078
0.239216
0.552941
0.549020
0.525490
0.505882
0.494118
0.541176
0.725490
0.686275
0.541176
0.607843
0.443137
0.427451
0.525490
0.568627
0.533333
0.513725
0.517647
0.447059
0.352941
0.286275
0.274510
0.325490
0.403922
0.447059
0.466667
0.396078
0.364706
0.380392
0.270588
0.184314
0.184314
0.215686
0.529412
0.529412
0.521569
0.509804
0.501961
0.494118
0.623529
0.792157
0.490196
0.431373
0.458824
0.431373
0.462745
0.545098
0.584314
0.533333
0.478431
0.454902
0.439216
0.423529
0.388235
0.403922
0.380392
0.368627
0.415686
0.349020
0.364706
0.419608
0.313725
0.192157
0.176471
0.192157
0.529412
0.537255
0.529412
0.513725
0.505882
0.498039
0.662745
0.862745
0.513725
0.396078
0.423529
0.431373
0.443137
0.478431
0.494118
0.486275
0.525490
0.501961
0.482353
0.462745
0.443137
0.435294
0.380392
0.329412
0.356863
0.294118
0.274510
0.392157
0.345098
0.192157
0.160784
0.180392
0.537255
0.545098
0.537255
0.521569
0.513725
0.505882
0.654902
0.890196
0.611765
0.407843
0.435294
0.450980
0.450980
0.474510
0.427451
0.415686
0.478431
0.533333
0.490196
0.400000
0.427451
0.423529
0.360784
0.325490
0.298039
0.282353
0.239216
0.349020
0.400000
0.223529
0.152941
0.176471
0.541176
0.556863
0.549020
0.521569
0.498039
0.478431
0.525490
0.756863
0.627451
0.411765
0.431373
0.478431
0.435294
0.376471
0.376471
0.380392
0.388235
0.470588
0.470588
0.384314
0.403922
0.411765
0.368627
0.301961
0.207843
0.184314
0.207843
0.282353
0.372549
0.250980
0.152941
0.172549
0.509804
0.501961
0.466667
0.447059
0.407843
0.364706
0.423529
0.752941
0.654902
0.521569
0.450980
0.443137
0.407843
0.298039
0.262745
0.345098
0.388235
0.423529
0.403922
0.313725
0.290196
0.337255
0.337255
0.243137
0.176471
0.129412
0.129412
0.219608
0.313725
0.254902
0.168627
0.172549
0.447059
0.450980
0.454902
0.470588
0.474510
0.466667
0.521569
0.839216
0.654902
0.529412
0.505882
0.501961
0.458824
0.360784
0.227451
0.286275
0.380392
0.407843
0.454902
0.368627
0.278431
0.317647
0.286275
0.184314
0.149020
0.117647
0.192157
0.301961
0.313725
0.239216
0.184314
0.184314
0.533333
0.564706
0.572549
0.564706
0.533333
0.509804
0.537255
0.827451
0.588235
0.482353
0.568627
0.505882
0.403922
0.384314
0.329412
0.286275
0.411765
0.298039
0.337255
0.427451
0.376471
0.333333
0.247059
0.160784
0.109804
0.152941
0.345098
0.403922
0.380392
0.250980
0.180392
0.196078
0.576471
0.576471
0.556863
0.552941
0.541176
0.517647
0.509804
0.662745
0.674510
0.549020
0.631373
0.607843
0.501961
0.462745
0.462745
0.407843
0.407843
0.337255
0.313725
0.352941
0.372549
0.329412
0.254902
0.176471
0.094118
0.192157
0.431373
0.415686
0.380392
0.329412
0.231373
0.200000
0.568627
0.564706
0.549020
0.560784
0.564706
0.541176
0.501961
0.517647
0.768627
0.709804
0.584314
0.611765
0.619608
0.482353
0.458824
0.466667
0.490196
0.352941
0.247059
0.333333
0.329412
0.309804
0.309804
0.250980
0.168627
0.301961
0.372549
0.329412
0.325490
0.388235
0.294118
0.192157
0.564706
0.564706
0.556863
0.576471
0.584314
0.572549
0.541176
0.505882
0.631373
0.760784
0.588235
0.564706
0.631373
0.545098
0.509804
0.549020
0.560784
0.478431
0.364706
0.352941
0.321569
0.258824
0.223529
0.266667
0.274510
0.290196
0.254902
0.243137
0.282353
0.352941
0.313725
0.200000
0.552941
0.576471
0.576471
0.588235
0.592157
0.580392
0.556863
0.517647
0.556863
0.694118
0.631373
0.509804
0.427451
0.462745
0.525490
0.525490
0.564706
0.607843
0.588235
0.541176
0.388235
0.384314
0.447059
0.419608
0.411765
0.415686
0.415686
0.486275
0.474510
0.478431
0.443137
0.247059
0.572549
0.564706
0.549020
0.560784
0.556863
0.552941
0.556863
0.552941
0.529412
0.560784
0.564706
0.466667
0.400000
0.388235
0.443137
0.474510
0.443137
0.450980
0.494118
0.509804
0.372549
0.329412
0.486275
0.580392
0.584314
0.643137
0.650980
0.670588
0.615686
0.486275
0.474510
0.349020
0.549020
0.552941
0.549020
0.549020
0.549020
0.560784
0.564706
0.541176
0.517647
0.443137
0.454902
0.521569
0.454902
0.384314
0.403922
0.427451
0.345098
0.325490
0.368627
0.415686
0.407843
0.333333
0.380392
0.556863
0.658824
0.670588
0.682353
0.635294
0.576471
0.474510
0.447059
0.431373
0.521569
0.521569
0.549020
0.545098
0.505882
0.498039
0.494118
0.478431
0.470588
0.439216
0.482353
0.607843
0.584314
0.541176
0.533333
0.431373
0.356863
0.392157
0.466667
0.505882
0.509804
0.498039
0.462745
0.482353
0.552941
0.603922
0.631373
0.588235
0.568627
0.600000
0.549020
0.462745
0.486275
0.454902
0.454902
0.486275
0.494118
0.513725
0.521569
0.545098
0.560784
0.556863
0.517647
0.556863
0.541176
0.501961
0.490196
0.439216
0.341176
0.396078
0.486275
0.533333
0.525490
0.517647
0.501961
0.482353
0.450980
0.470588
0.545098
0.600000
0.592157
0.533333
0.498039
0.470588
0.470588
0.501961
0.517647
0.525490
0.537255
0.580392
0.572549
0.552941
0.556863
0.556863
0.521569
0.552941
0.513725
0.431373
0.419608
0.411765
0.360784
0.376471
0.474510
0.525490
0.521569
0.513725
0.509804
0.501961
0.474510
0.450980
0.466667
0.580392
0.623529
0.501961
0.400000
0.388235
0.388235
0.415686
0.419608
0.415686
0.411765
0.407843
0.400000
0.403922
0.407843
0.419608
0.411765
0.411765
0.415686
0.411765
0.400000
0.458824
0.439216
0.423529
0.415686
0.411765
0.400000
0.380392
0.380392
0.396078
0.407843
0.407843
0.380392
0.380392
0.384314
0.352941
0.298039
0.258824
0.235294
0.309804
0.352941
0.392157
0.415686
0.431373
0.443137
0.443137
0.423529
0.419608
0.415686
0.427451
0.443137
0.403922
0.419608
0.509804
0.501961
0.474510
0.466667
0.466667
0.462745
0.458824
0.443137
0.431373
0.349020
0.321569
0.341176
0.368627
0.337255
0.274510
0.235294
0.200000
0.101961
0.117647
0.145098
0.184314
0.219608
0.254902
0.317647
0.360784
0.403922
0.443137
0.470588
0.482353
0.470588
0.450980
0.490196
0.505882
0.458824
0.427451
0.411765
0.392157
0.396078
0.352941
0.258824
0.258824
0.258824
0.211765
0.203922
0.223529
0.219608
0.188235
0.188235
0.180392
0.090196
0.101961
0.105882
0.101961
0.094118
0.098039
0.117647
0.137255
0.164706
0.215686
0.278431
0.356863
0.490196
0.635294
0.745098
0.796078
0.796078
0.752941
0.647059
0.560784
0.521569
0.333333
0.149020
0.215686
0.360784
0.168627
0.117647
0.094118
0.141176
0.184314
0.176471
0.156863
0.235294
0.188235
0.133333
0.113725
0.109804
0.101961
0.098039
0.090196
0.094118
0.133333
0.266667
0.466667
0.592157
0.603922
0.592157
0.647059
0.725490
0.835294
0.858824
0.850980
0.764706
0.556863
0.380392
0.407843
0.466667
0.176471
0.109804
0.090196
0.113725
0.156863
0.145098
0.121569
0.423529
0.411765
0.372549
0.305882
0.215686
0.125490
0.105882
0.200000
0.180392
0.129412
0.219608
0.419608
0.435294
0.352941
0.368627
0.501961
0.654902
0.729412
0.850980
0.929412
0.858824
0.733333
0.611765
0.403922
0.376471
0.247059
0.125490
0.137255
0.117647
0.113725
0.117647
0.105882
0.435294
0.392157
0.294118
0.219608
0.149020
0.086275
0.211765
0.341176
0.168627
0.054902
0.203922
0.419608
0.490196
0.549020
0.615686
0.619608
0.564706
0.584314
0.709804
0.874510
0.878431
0.749020
0.650980
0.482353
0.341176
0.294118
0.149020
0.129412
0.129412
0.121569
0.109804
0.105882
0.396078
0.309804
0.129412
0.121569
0.098039
0.047059
0.290196
0.368627
0.133333
0.160784
0.447059
0.615686
0.490196
0.545098
0.592157
0.600000
0.600000
0.615686
0.631373
0.733333
0.815686
0.733333
0.678431
0.572549
0.345098
0.274510
0.184314
0.149020
0.129412
0.117647
0.113725
0.109804
0.368627
0.298039
0.117647
0.133333
0.090196
0.050980
0.254902
0.325490
0.141176
0.294118
0.517647
0.454902
0.380392
0.454902
0.541176
0.541176
0.517647
0.521569
0.596078
0.615686
0.666667
0.717647
0.709804
0.611765
0.462745
0.262745
0.125490
0.149020
0.152941
0.121569
0.109804
0.117647
0.431373
0.352941
0.145098
0.094118
0.066667
0.054902
0.215686
0.219608
0.094118
0.262745
0.396078
0.345098
0.349020
0.415686
0.505882
0.525490
0.525490
0.513725
0.529412
0.474510
0.501961
0.643137
0.635294
0.564706
0.556863
0.333333
0.113725
0.109804
0.152941
0.156863
0.113725
0.101961
0.415686
0.403922
0.247059
0.090196
0.062745
0.090196
0.152941
0.129412
0.109804
0.164706
0.231373
0.298039
0.341176
0.403922
0.462745
0.501961
0.505882
0.529412
0.509804
0.427451
0.411765
0.474510
0.513725
0.537255
0.509804
0.407843
0.211765
0.105882
0.109804
0.156863
0.137255
0.098039
0.435294
0.427451
0.349020
0.168627
0.074510
0.117647
0.137255
0.184314
0.364706
0.196078
0.262745
0.290196
0.301961
0.364706
0.427451
0.478431
0.505882
0.533333
0.474510
0.345098
0.301961
0.360784
0.427451
0.482353
0.396078
0.368627
0.282353
0.137255
0.098039
0.117647
0.141176
0.113725
0.450980
0.447059
0.419608
0.317647
0.188235
0.156863
0.117647
0.380392
0.741176
0.317647
0.301961
0.301961
0.231373
0.286275
0.368627
0.431373
0.427451
0.360784
0.301961
0.247059
0.258824
0.333333
0.392157
0.427451
0.337255
0.274510
0.168627
0.105882
0.105882
0.101961
0.129412
0.125490
0.360784
0.380392
0.372549
0.337255
0.254902
0.176471
0.325490
0.419608
0.749020
0.482353
0.274510
0.298039
0.298039
0.298039
0.388235
0.380392
0.227451
0.117647
0.098039
0.145098
0.231373
0.298039
0.392157
0.431373
0.345098
0.164706
0.098039
0.109804
0.113725
0.098039
0.125490
0.133333
0.349020
0.372549
0.364706
0.380392
0.376471
0.384314
0.600000
0.427451
0.643137
0.588235
0.309804
0.329412
0.419608
0.388235
0.407843
0.415686
0.356863
0.223529
0.172549
0.164706
0.192157
0.270588
0.411765
0.443137
0.415686
0.278431
0.196078
0.203922
0.133333
0.094118
0.105882
0.133333
0.431373
0.423529
0.400000
0.388235
0.376471
0.423529
0.631373
0.560784
0.462745
0.513725
0.317647
0.309804
0.407843
0.443137
0.419608
0.400000
0.415686
0.372549
0.305882
0.250980
0.231373
0.266667
0.341176
0.392157
0.415686
0.341176
0.286275
0.270588
0.156863
0.101961
0.101961
0.121569
0.403922
0.403922
0.392157
0.388235
0.384314
0.376471
0.509804
0.670588
0.372549
0.341176
0.360784
0.325490
0.349020
0.439216
0.486275
0.431373
0.380392
0.352941
0.360784
0.368627
0.337255
0.349020
0.317647
0.309804
0.364706
0.290196
0.286275
0.321569
0.211765
0.098039
0.094118
0.109804
0.403922
0.411765
0.403922
0.388235
0.376471
0.372549
0.556863
0.760784
0.392157
0.274510
0.317647
0.333333
0.341176
0.380392
0.400000
0.392157
0.431373
0.407843
0.411765
0.415686
0.403922
0.392157
0.317647
0.266667
0.298039
0.243137
0.207843
0.294118
0.243137
0.105882
0.086275
0.101961
0.407843
0.411765
0.403922
0.392157
0.384314
0.376471
0.541176
0.800000
0.482353
0.286275
0.317647
0.349020
0.364706
0.384314
0.333333
0.329412
0.392157
0.450980
0.427451
0.356863
0.392157
0.384314
0.309804
0.266667
0.247059
0.247059
0.196078
0.278431
0.305882
0.141176
0.082353
0.101961
0.411765
0.427451
0.415686
0.396078
0.380392
0.356863
0.403922
0.643137
0.505882
0.298039
0.317647
0.356863
0.329412
0.278431
0.286275
0.313725
0.333333
0.419608
0.427451
0.349020
0.376471
0.380392
0.325490
0.254902
0.172549
0.156863
0.176471
0.235294
0.294118
0.164706
0.082353
0.094118
0.388235
0.380392
0.352941
0.337255
0.301961
0.262745
0.321569
0.658824
0.560784
0.431373
0.341176
0.321569
0.282353
0.180392
0.172549
0.298039
0.360784
0.400000
0.368627
0.282353
0.266667
0.309804
0.301961
0.207843
0.141176
0.113725
0.113725
0.196078
0.266667
0.176471
0.090196
0.090196
0.329412
0.333333
0.333333
0.345098
0.352941
0.341176
0.400000
0.768627
0.537255
0.431373
0.403922
0.384314
0.329412
0.223529
0.121569
0.227451
0.356863
0.396078
0.431373
0.341176
0.250980
0.286275
0.247059
0.149020
0.121569
0.101961
0.200000
0.325490
0.325490
0.203922
0.109804
0.101961
0.403922
0.439216
0.443137
0.427451
0.407843
0.384314
0.415686
0.760784
0.466667
0.368627
0.474510
0.400000
0.270588
0.235294
0.203922
0.211765
0.388235
0.290196
0.325490
0.400000
0.337255
0.294118
0.215686
0.133333
0.094118
0.149020
0.400000
0.450980
0.407843
0.254902
0.121569
0.105882
0.447059
0.447059
0.431373
0.419608
0.415686
0.384314
0.376471
0.568627
0.580392
0.450980
0.556863
0.529412
0.392157
0.325490
0.329412
0.298039
0.321569
0.290196
0.294118
0.329412
0.341176
0.294118
0.219608
0.145098
0.074510
0.200000
0.478431
0.462745
0.415686
0.321569
0.160784
0.105882
0.439216
0.435294
0.423529
0.431373
0.431373
0.407843
0.368627
0.396078
0.690196
0.603922
0.501961
0.537255
0.537255
0.376471
0.333333
0.345098
0.372549
0.270588
0.211765
0.305882
0.305882
0.286275
0.282353
0.223529
0.149020
0.321569
0.411765
0.376471
0.360784
0.368627
0.207843
0.101961
0.435294
0.435294
0.427451
0.439216
0.447059
0.443137
0.415686
0.368627
0.533333
0.670588
0.494118
0.486275
0.568627
0.466667
0.407843
0.454902
0.462745
0.372549
0.266667
0.294118
0.278431
0.223529
0.192157
0.247059
0.262745
0.298039
0.274510
0.254902
0.258824
0.286275
0.223529
0.105882
0.423529
0.454902
0.447059
0.450980
0.454902
0.447059
0.431373
0.388235
0.435294
0.615686
0.549020
0.411765
0.325490
0.376471
0.435294
0.431373
0.482353
0.521569
0.482353
0.450980
0.298039
0.305882
0.376471
0.368627
0.360784
0.360784
0.388235
0.447059
0.396078
0.396078
0.360784
0.149020
0.435294
0.423529
0.419608
0.427451
0.427451
0.419608
0.423529
0.427451
0.400000
0.443137
0.454902
0.349020
0.282353
0.290196
0.349020
0.376471
0.356863
0.360784
0.407843
0.415686
0.266667
0.235294
0.400000
0.505882
0.501961
0.588235
0.588235
0.615686
0.556863
0.415686
0.392157
0.254902
0.419608
0.423529
0.419608
0.411765
0.411765
0.419608
0.423529
0.411765
0.384314
0.321569
0.349020
0.415686
0.345098
0.282353
0.313725
0.341176
0.254902
0.231373
0.266667
0.309804
0.294118
0.211765
0.266667
0.482353
0.603922
0.623529
0.619608
0.576471
0.509804
0.392157
0.349020
0.349020
0.392157
0.392157
0.415686
0.407843
0.376471
0.368627
0.364706
0.345098
0.341176
0.317647
0.364706
0.501961
0.486275
0.462745
0.454902
0.349020
0.286275
0.317647
0.349020
0.376471
0.384314
0.364706
0.329412
0.364706
0.462745
0.529412
0.560784
0.513725
0.501961
0.537255
0.482353
0.388235
0.356863
0.325490
0.325490
0.356863
0.368627
0.384314
0.392157
0.415686
0.423529
0.415686
0.380392
0.400000
0.411765
0.427451
0.419608
0.360784
0.266667
0.317647
0.368627
0.396078
0.388235
0.384314
0.372549
0.349020
0.325490
0.352941
0.466667
0.533333
0.517647
0.454902
0.419608
0.396078
0.337255
0.364706
0.384314
0.392157
0.403922
0.439216
0.435294
0.411765
0.415686
0.411765
0.384314
0.400000
0.360784
0.321569
0.329412
0.329412
0.282353
0.294118
0.352941
0.384314
0.380392
0.376471
0.372549
0.356863
0.337255
0.317647
0.356863
0.513725
0.560784
0.411765
0.298039
0.294118
