0.376471
0.368627
0.372549
0.380392
0.388235
0.435294
0.501961
0.423529
0.384314
0.400000
0.407843
0.407843
0.388235
0.439216
0.505882
0.419608
0.470588
0.474510
0.450980
0.454902
0.439216
0.396078
0.384314
0.388235
0.380392
0.407843
0.403922
0.392157
0.396078
0.368627
0.356863
0.356863
0.403922
0.392157
0.290196
0.360784
0.321569
0.372549
0.486275
0.443137
0.388235
0.407843
0.419608
0.431373
0.423529
0.494118
0.521569
0.431373
0.450980
0.419608
0.439216
0.431373
0.407843
0.392157
0.392157
0.431373
0.396078
0.403922
0.411765
0.400000
0.388235
0.364706
0.349020
0.352941
0.431373
0.419608
0.274510
0.282353
0.305882
0.317647
0.435294
0.423529
0.403922
0.419608
0.431373
0.435294
0.431373
0.501961
0.509804
0.462745
0.466667
0.439216
0.439216
0.439216
0.411765
0.396078
0.400000
0.431373
0.407843
0.411765
0.427451
0.447059
0.411765
0.372549
0.360784
0.372549
0.494118
0.447059
0.356863
0.247059
0.211765
0.282353
0.419608
0.411765
0.419608
0.443137
0.454902
0.466667
0.454902
0.521569
0.458824
0.490196
0.498039
0.454902
0.466667
0.458824
0.411765
0.407843
0.411765
0.419608
0.423529
0.439216
0.435294
0.431373
0.435294
0.400000
0.396078
0.407843
0.545098
0.490196
0.419608
0.400000
0.192157
0.278431
0.431373
0.427451
0.419608
0.447059
0.458824
0.443137
0.447059
0.525490
0.458824
0.474510
0.498039
0.478431
0.537255
0.568627
0.458824
0.392157
0.392157
0.403922
0.403922
0.411765
0.423529
0.427451
0.435294
0.411765
0.407843
0.411765
0.521569
0.494118
0.411765
0.403922
0.152941
0.274510
0.415686
0.454902
0.466667
0.439216
0.447059
0.470588
0.482353
0.552941
0.568627
0.607843
0.643137
0.611765
0.662745
0.686275
0.650980
0.498039
0.411765
0.403922
0.403922
0.423529
0.411765
0.392157
0.415686
0.419608
0.427451
0.419608
0.407843
0.411765
0.439216
0.525490
0.325490
0.384314
0.443137
0.529412
0.615686
0.627451
0.643137
0.713725
0.690196
0.725490
0.823529
0.850980
0.803922
0.800000
0.780392
0.768627
0.745098
0.584314
0.478431
0.450980
0.415686
0.419608
0.396078
0.411765
0.431373
0.415686
0.407843
0.396078
0.427451
0.403922
0.552941
0.941176
0.854902
0.643137
0.705882
0.847059
0.921569
0.874510
0.913725
0.937255
0.952941
0.956863
0.929412
0.866667
0.815686
0.870588
0.847059
0.780392
0.650980
0.560784
0.501961
0.478431
0.415686
0.411765
0.403922
0.423529
0.435294
0.392157
0.384314
0.384314
0.435294
0.400000
0.572549
0.929412
0.886275
0.866667
0.905882
0.921569
0.921569
0.811765
0.858824
0.964706
0.925490
0.831373
0.866667
0.905882
0.823529
0.792157
0.741176
0.670588
0.572549
0.623529
0.713725
0.592157
0.521569
0.447059
0.403922
0.419608
0.443137
0.403922
0.388235
0.388235
0.474510
0.454902
0.509804
0.819608
0.929412
0.945098
0.933333
0.905882
0.827451
0.772549
0.827451
0.945098
0.835294
0.788235
0.796078
0.800000
0.709804
0.709804
0.752941
0.615686
0.474510
0.678431
0.811765
0.666667
0.654902
0.580392
0.458824
0.419608
0.419608
0.411765
0.396078
0.380392
0.443137
0.462745
0.447059
0.607843
0.878431
0.949020
0.925490
0.909804
0.800000
0.725490
0.862745
0.882353
0.729412
0.682353
0.619608
0.643137
0.639216
0.745098
0.835294
0.705882
0.690196
0.850980
0.819608
0.745098
0.709804
0.619608
0.623529
0.478431
0.400000
0.403922
0.392157
0.364706
0.419608
0.447059
0.439216
0.490196
0.756863
0.901961
0.898039
0.894118
0.815686
0.768627
0.890196
0.784314
0.619608
0.580392
0.584314
0.498039
0.462745
0.698039
0.819608
0.768627
0.788235
0.886275
0.878431
0.768627
0.772549
0.717647
0.701961
0.694118
0.533333
0.403922
0.376471
0.360784
0.447059
0.443137
0.415686
0.435294
0.635294
0.811765
0.862745
0.807843
0.717647
0.831373
0.866667
0.690196
0.564706
0.517647
0.486275
0.407843
0.450980
0.639216
0.701961
0.721569
0.792157
0.858824
0.874510
0.850980
0.764706
0.737255
0.725490
0.741176
0.760784
0.517647
0.384314
0.360784
0.443137
0.423529
0.415686
0.423529
0.505882
0.619608
0.658824
0.650980
0.662745
0.803922
0.741176
0.572549
0.517647
0.494118
0.470588
0.509804
0.650980
0.690196
0.674510
0.627451
0.780392
0.870588
0.862745
0.819608
0.745098
0.709804
0.674510
0.709804
0.796078
0.701961
0.435294
0.388235
0.415686
0.403922
0.407843
0.411765
0.423529
0.454902
0.482353
0.443137
0.541176
0.682353
0.639216
0.556863
0.568627
0.588235
0.576471
0.666667
0.631373
0.713725
0.686275
0.701961
0.890196
0.909804
0.847059
0.760784
0.713725
0.705882
0.666667
0.674510
0.694118
0.745098
0.533333
0.411765
0.411765
0.411765
0.415686
0.423529
0.407843
0.435294
0.458824
0.443137
0.450980
0.525490
0.639216
0.564706
0.647059
0.596078
0.549020
0.564706
0.623529
0.647059
0.568627
0.788235
0.890196
0.874510
0.803922
0.784314
0.752941
0.690196
0.662745
0.686275
0.639216
0.658824
0.596078
0.427451
0.419608
0.423529
0.419608
0.419608
0.403922
0.419608
0.447059
0.458824
0.478431
0.498039
0.572549
0.564706
0.647059
0.568627
0.450980
0.423529
0.588235
0.623529
0.501961
0.694118
0.725490
0.780392
0.768627
0.725490
0.615686
0.537255
0.584314
0.596078
0.580392
0.545098
0.525490
0.439216
0.498039
0.470588
0.435294
0.431373
0.423529
0.423529
0.435294
0.447059
0.470588
0.478431
0.505882
0.454902
0.439216
0.403922
0.305882
0.274510
0.400000
0.564706
0.470588
0.560784
0.576471
0.643137
0.690196
0.592157
0.439216
0.403922
0.447059
0.494118
0.486275
0.439216
0.462745
0.454902
0.560784
0.505882
0.466667
0.443137
0.454902
0.458824
0.447059
0.458824
0.490196
0.498039
0.509804
0.466667
0.439216
0.388235
0.250980
0.215686
0.372549
0.478431
0.482353
0.462745
0.384314
0.545098
0.596078
0.537255
0.388235
0.419608
0.349020
0.384314
0.380392
0.345098
0.407843
0.458824
0.592157
0.529412
0.490196
0.447059
0.466667
0.482353
0.478431
0.490196
0.513725
0.513725
0.521569
0.509804
0.537255
0.478431
0.317647
0.227451
0.403922
0.494118
0.486275
0.407843
0.211765
0.341176
0.505882
0.482353
0.364706
0.356863
0.262745
0.298039
0.294118
0.317647
0.407843
0.435294
0.639216
0.549020
0.505882
0.454902
0.466667
0.478431
0.466667
0.482353
0.498039
0.505882
0.513725
0.505882
0.545098
0.501961
0.337255
0.211765
0.388235
0.498039
0.486275
0.388235
0.121569
0.176471
0.419608
0.447059
0.368627
0.301961
0.231373
0.266667
0.286275
0.364706
0.454902
0.470588
0.615686
0.549020
0.525490
0.474510
0.454902
0.482353
0.501961
0.501961
0.505882
0.521569
0.517647
0.498039
0.525490
0.478431
0.294118
0.211765
0.427451
0.498039
0.498039
0.415686
0.145098
0.203922
0.435294
0.462745
0.435294
0.392157
0.356863
0.333333
0.368627
0.450980
0.501961
0.549020
0.537255
0.521569
0.517647
0.533333
0.564706
0.600000
0.650980
0.662745
0.631373
0.596078
0.580392
0.560784
0.533333
0.509804
0.360784
0.290196
0.494118
0.513725
0.505882
0.470588
0.219608
0.258824
0.466667
0.474510
0.470588
0.470588
0.470588
0.443137
0.435294
0.466667
0.470588
0.490196
0.505882
0.505882
0.517647
0.549020
0.564706
0.576471
0.623529
0.647059
0.670588
0.654902
0.635294
0.611765
0.568627
0.560784
0.431373
0.388235
0.549020
0.537255
0.529412
0.533333
0.286275
0.325490
0.505882
0.490196
0.501961
0.501961
0.521569
0.509804
0.486275
0.509804
0.498039
0.478431
0.556863
0.552941
0.549020
0.560784
0.580392
0.580392
0.592157
0.623529
0.623529
0.619608
0.635294
0.623529
0.576471
0.560784
0.443137
0.435294
0.537255
0.521569
0.498039
0.494118
0.286275
0.368627
0.541176
0.525490
0.545098
0.541176
0.549020
0.537255
0.498039
0.501961
0.505882
0.462745
0.623529
0.592157
0.596078
0.600000
0.596078
0.607843
0.615686
0.635294
0.635294
0.635294
0.635294
0.643137
0.635294
0.635294
0.482353
0.505882
0.584314
0.529412
0.517647
0.509804
0.313725
0.411765
0.560784
0.533333
0.541176
0.552941
0.556863
0.545098
0.525490
0.509804
0.509804
0.505882
0.647059
0.631373
0.623529
0.603922
0.596078
0.611765
0.627451
0.654902
0.670588
0.654902
0.658824
0.654902
0.647059
0.643137
0.466667
0.568627
0.654902
0.580392
0.556863
0.521569
0.329412
0.435294
0.552941
0.549020
0.552941
0.564706
0.568627
0.556863
0.549020
0.541176
0.517647
0.509804
0.584314
0.603922
0.607843
0.607843
0.619608
0.639216
0.658824
0.666667
0.678431
0.686275
0.674510
0.658824
0.623529
0.580392
0.407843
0.568627
0.647059
0.600000
0.592157
0.549020
0.345098
0.478431
0.560784
0.560784
0.552941
0.552941
0.560784
0.568627
0.549020
0.545098
0.509804
0.509804
0.552941
0.560784
0.584314
0.607843
0.619608
0.650980
0.690196
0.694118
0.690196
0.694118
0.694118
0.650980
0.623529
0.537255
0.349020
0.482353
0.490196
0.470588
0.517647
0.490196
0.337255
0.470588
0.533333
0.600000
0.588235
0.556863
0.572549
0.584314
0.560784
0.541176
0.521569
0.549020
0.560784
0.584314
0.600000
0.615686
0.643137
0.682353
0.705882
0.701961
0.698039
0.698039
0.705882
0.666667
0.682353
0.513725
0.278431
0.423529
0.384314
0.341176
0.337255
0.329412
0.266667
0.360784
0.458824
0.552941
0.564706
0.560784
0.584314
0.588235
0.576471
0.560784
0.568627
0.588235
0.615686
0.631373
0.647059
0.666667
0.698039
0.705882
0.721569
0.745098
0.733333
0.733333
0.721569
0.713725
0.686275
0.505882
0.333333
0.545098
0.470588
0.380392
0.384314
0.290196
0.164706
0.274510
0.341176
0.372549
0.396078
0.454902
0.474510
0.470588
0.474510
0.509804
0.560784
0.568627
0.690196
0.639216
0.654902
0.717647
0.721569
0.690196
0.674510
0.694118
0.713725
0.690196
0.658824
0.709804
0.690196
0.627451
0.603922
0.686275
0.643137
0.592157
0.549020
0.388235
0.215686
0.270588
0.294118
0.282353
0.254902
0.278431
0.329412
0.317647
0.290196
0.333333
0.349020
0.333333
0.376471
0.360784
0.356863
0.360784
0.368627
0.415686
0.478431
0.392157
0.345098
0.356863
0.364706
0.364706
0.352941
0.384314
0.435294
0.384314
0.458824
0.462745
0.427451
0.427451
0.415686
0.372549
0.360784
0.364706
0.356863
0.384314
0.380392
0.364706
0.372549
0.349020
0.333333
0.329412
0.396078
0.376471
0.258824
0.317647
0.290196
0.352941
0.462745
0.415686
0.352941
0.384314
0.392157
0.403922
0.400000
0.447059
0.450980
0.400000
0.443137
0.415686
0.423529
0.411765
0.396078
0.372549
0.368627
0.407843
0.372549
0.380392
0.388235
0.376471
0.368627
0.349020
0.329412
0.329412
0.415686
0.400000
0.235294
0.235294
0.270588
0.298039
0.415686
0.396078
0.376471
0.403922
0.415686
0.415686
0.411765
0.458824
0.439216
0.427451
0.462745
0.435294
0.427451
0.423529
0.400000
0.380392
0.380392
0.407843
0.384314
0.388235
0.403922
0.423529
0.392157
0.352941
0.341176
0.352941
0.482353
0.427451
0.329412
0.207843
0.168627
0.250980
0.400000
0.392157
0.396078
0.415686
0.431373
0.439216
0.431373
0.482353
0.396078
0.458824
0.490196
0.447059
0.447059
0.435294
0.392157
0.384314
0.384314
0.392157
0.400000
0.415686
0.415686
0.411765
0.419608
0.380392
0.376471
0.388235
0.525490
0.466667
0.384314
0.352941
0.137255
0.247059
0.415686
0.415686
0.396078
0.415686
0.431373
0.423529
0.435294
0.498039
0.400000
0.435294
0.470588
0.431373
0.474510
0.505882
0.415686
0.360784
0.364706
0.392157
0.400000
0.403922
0.419608
0.423529
0.423529
0.392157
0.388235
0.392157
0.501961
0.470588
0.372549
0.356863
0.121569
0.258824
0.400000
0.419608
0.423529
0.407843
0.427451
0.450980
0.470588
0.509804
0.470588
0.525490
0.556863
0.505882
0.537255
0.560784
0.552941
0.439216
0.392157
0.400000
0.403922
0.415686
0.403922
0.388235
0.403922
0.407843
0.415686
0.407843
0.392157
0.388235
0.400000
0.478431
0.290196
0.349020
0.396078
0.466667
0.529412
0.529412
0.545098
0.619608
0.600000
0.627451
0.709804
0.752941
0.694118
0.654902
0.627451
0.627451
0.619608
0.494118
0.427451
0.427451
0.411765
0.411765
0.392157
0.403922
0.427451
0.415686
0.407843
0.396078
0.415686
0.388235
0.517647
0.886275
0.760784
0.545098
0.607843
0.749020
0.807843
0.737255
0.780392
0.807843
0.839216
0.850980
0.839216
0.776471
0.705882
0.721569
0.690196
0.647059
0.525490
0.443137
0.396078
0.419608
0.403922
0.407843
0.400000
0.419608
0.435294
0.396078
0.392157
0.392157
0.427451
0.376471
0.529412
0.854902
0.764706
0.749020
0.803922
0.800000
0.784314
0.682353
0.756863
0.878431
0.827451
0.713725
0.741176
0.788235
0.698039
0.654902
0.600000
0.541176
0.450980
0.501961
0.588235
0.494118
0.462745
0.415686
0.400000
0.423529
0.447059
0.400000
0.376471
0.384314
0.458824
0.427451
0.458824
0.741176
0.811765
0.831373
0.823529
0.772549
0.662745
0.623529
0.721569
0.858824
0.717647
0.631373
0.627451
0.639216
0.560784
0.568627
0.619608
0.486275
0.345098
0.549020
0.678431
0.537255
0.545098
0.505882
0.423529
0.411765
0.435294
0.415686
0.380392
0.372549
0.419608
0.435294
0.407843
0.545098
0.760784
0.819608
0.788235
0.760784
0.635294
0.572549
0.741176
0.764706
0.592157
0.521569
0.450980
0.478431
0.470588
0.584314
0.682353
0.564706
0.549020
0.709804
0.678431
0.607843
0.580392
0.505882
0.541176
0.431373
0.407843
0.431373
0.403922
0.368627
0.388235
0.415686
0.407843
0.443137
0.639216
0.749020
0.729412
0.721569
0.647059
0.607843
0.737255
0.635294
0.458824
0.419608
0.439216
0.352941
0.309804
0.537255
0.658824
0.611765
0.631373
0.733333
0.725490
0.611765
0.615686
0.564706
0.568627
0.580392
0.482353
0.400000
0.388235
0.372549
0.411765
0.411765
0.392157
0.403922
0.521569
0.647059
0.674510
0.619608
0.545098
0.666667
0.694118
0.517647
0.388235
0.368627
0.372549
0.286275
0.317647
0.494118
0.541176
0.552941
0.619608
0.690196
0.709804
0.674510
0.584314
0.572549
0.560784
0.580392
0.635294
0.450980
0.368627
0.372549
0.419608
0.400000
0.396078
0.396078
0.431373
0.498039
0.498039
0.458824
0.466667
0.635294
0.560784
0.388235
0.349020
0.352941
0.352941
0.376471
0.498039
0.521569
0.490196
0.435294
0.603922
0.709804
0.717647
0.666667
0.580392
0.549020
0.513725
0.541176
0.623529
0.580392
0.396078
0.380392
0.400000
0.392157
0.392157
0.392157
0.400000
0.407843
0.392157
0.309804
0.388235
0.521569
0.454902
0.364706
0.392157
0.427451
0.419608
0.505882
0.454902
0.533333
0.501961
0.509804
0.717647
0.752941
0.709804
0.619608
0.568627
0.560784
0.517647
0.521569
0.529412
0.615686
0.470588
0.384314
0.392157
0.396078
0.400000
0.411765
0.415686
0.439216
0.435294
0.400000
0.384314
0.403922
0.478431
0.376471
0.454902
0.411765
0.368627
0.388235
0.450980
0.482353
0.396078
0.611765
0.721569
0.713725
0.647059
0.643137
0.615686
0.549020
0.521569
0.545098
0.498039
0.537255
0.517647
0.384314
0.396078
0.407843
0.400000
0.403922
0.403922
0.419608
0.447059
0.454902
0.458824
0.435294
0.458824
0.400000
0.462745
0.392157
0.301961
0.274510
0.431373
0.462745
0.337255
0.529412
0.556863
0.615686
0.600000
0.580392
0.486275
0.403922
0.450980
0.462745
0.458824
0.427451
0.423529
0.376471
0.474510
0.454902
0.419608
0.411765
0.396078
0.396078
0.415686
0.435294
0.462745
0.458824
0.439216
0.337255
0.290196
0.270588
0.203922
0.164706
0.274510
0.419608
0.321569
0.415686
0.415686
0.474510
0.517647
0.443137
0.313725
0.274510
0.317647
0.364706
0.376471
0.333333
0.352941
0.384314
0.556863
0.501961
0.462745
0.435294
0.427451
0.427451
0.419608
0.427451
0.462745
0.474510
0.474510
0.415686
0.372549
0.309804
0.168627
0.149020
0.313725
0.411765
0.396078
0.368627
0.254902
0.396078
0.443137
0.388235
0.258824
0.290196
0.227451
0.270588
0.274510
0.247059
0.329412
0.400000
0.580392
0.517647
0.478431
0.435294
0.439216
0.447059
0.443137
0.454902
0.478431
0.486275
0.490196
0.470588
0.482353
0.403922
0.215686
0.152941
0.368627
0.470588
0.454902
0.372549
0.141176
0.258824
0.423529
0.388235
0.270588
0.262745
0.172549
0.215686
0.203922
0.235294
0.345098
0.388235
0.615686
0.525490
0.486275
0.431373
0.439216
0.450980
0.439216
0.454902
0.466667
0.478431
0.478431
0.462745
0.494118
0.423529
0.235294
0.145098
0.364706
0.494118
0.474510
0.380392
0.094118
0.152941
0.396078
0.396078
0.313725
0.247059
0.176471
0.219608
0.223529
0.301961
0.407843
0.435294
0.584314
0.517647
0.490196
0.439216
0.427451
0.450980
0.470588
0.466667
0.474510
0.490196
0.486275
0.458824
0.470588
0.411765
0.227451
0.168627
0.411765
0.478431
0.458824
0.380392
0.125490
0.196078
0.411765
0.415686
0.392157
0.345098
0.317647
0.301961
0.321569
0.400000
0.466667
0.517647
0.498039
0.482353
0.474510
0.490196
0.525490
0.560784
0.611765
0.619608
0.588235
0.560784
0.537255
0.517647
0.478431
0.454902
0.309804
0.250980
0.474510
0.486275
0.454902
0.419608
0.188235
0.239216
0.435294
0.419608
0.423529
0.427451
0.431373
0.407843
0.400000
0.435294
0.439216
0.462745
0.458824
0.458824
0.470588
0.498039
0.525490
0.537255
0.580392
0.603922
0.623529
0.611765
0.584314
0.556863
0.509804
0.501961
0.372549
0.333333
0.509804
0.509804
0.494118
0.498039
0.239216
0.290196
0.474510
0.447059
0.462745
0.462745
0.478431
0.470588
0.454902
0.478431
0.470588
0.443137
0.498039
0.501961
0.501961
0.513725
0.533333
0.533333
0.545098
0.576471
0.576471
0.568627
0.580392
0.564706
0.513725
0.494118
0.380392
0.376471
0.494118
0.482353
0.450980
0.450980
0.235294
0.325490
0.501961
0.474510
0.498039
0.490196
0.498039
0.490196
0.454902
0.458824
0.462745
0.415686
0.560784
0.537255
0.541176
0.545098
0.541176
0.552941
0.560784
0.580392
0.580392
0.584314
0.580392
0.584314
0.568627
0.564706
0.411765
0.435294
0.529412
0.478431
0.458824
0.450980
0.254902
0.364706
0.505882
0.466667
0.474510
0.486275
0.490196
0.478431
0.462745
0.447059
0.439216
0.435294
0.584314
0.572549
0.564706
0.545098
0.533333
0.552941
0.564706
0.592157
0.611765
0.603922
0.603922
0.596078
0.584314
0.576471
0.388235
0.490196
0.588235
0.521569
0.486275
0.458824
0.266667
0.380392
0.490196
0.474510
0.482353
0.494118
0.494118
0.486275
0.474510
0.466667
0.443137
0.431373
0.517647
0.533333
0.537255
0.537255
0.552941
0.576471
0.596078
0.603922
0.623529
0.631373
0.619608
0.600000
0.564706
0.513725
0.317647
0.486275
0.584314
0.549020
0.525490
0.470588
0.274510
0.415686
0.486275
0.490196
0.494118
0.486275
0.490196
0.494118
0.482353
0.478431
0.439216
0.431373
0.462745
0.470588
0.490196
0.513725
0.537255
0.576471
0.619608
0.627451
0.623529
0.623529
0.623529
0.580392
0.549020
0.466667
0.278431
0.423529
0.447059
0.439216
0.470588
0.423529
0.274510
0.411765
0.447059
0.513725
0.513725
0.474510
0.486275
0.490196
0.470588
0.443137
0.415686
0.431373
0.450980
0.470588
0.486275
0.498039
0.537255
0.576471
0.607843
0.607843
0.607843
0.603922
0.607843
0.564706
0.576471
0.423529
0.219608
0.380392
0.356863
0.317647
0.305882
0.282353
0.219608
0.313725
0.384314
0.462745
0.474510
0.466667
0.482353
0.482353
0.462745
0.439216
0.435294
0.447059
0.498039
0.509804
0.529412
0.545098
0.564706
0.572549
0.596078
0.627451
0.619608
0.615686
0.600000
0.588235
0.552941
0.384314
0.250980
0.474510
0.407843
0.321569
0.329412
0.247059
0.137255
0.254902
0.309804
0.325490
0.341176
0.400000
0.407843
0.400000
0.403922
0.435294
0.478431
0.470588
0.568627
0.517647
0.537255
0.592157
0.568627
0.537255
0.525490
0.549020
0.576471
0.552941
0.521569
0.560784
0.533333
0.474510
0.474510
0.560784
0.525490
0.474510
0.450980
0.313725
0.168627
0.254902
0.278431
0.258824
0.231373
0.254902
0.301961
0.290196
0.270588
0.313725
0.321569
0.298039
0.105882
0.117647
0.160784
0.207843
0.219608
0.231373
0.258824
0.160784
0.121569
0.141176
0.141176
0.133333
0.109804
0.149020
0.211765
0.156863
0.231373
0.247059
0.215686
0.207843
0.168627
0.117647
0.121569
0.133333
0.121569
0.149020
0.145098
0.133333
0.125490
0.094118
0.090196
0.094118
0.152941
0.200000
0.176471
0.298039
0.207843
0.184314
0.227451
0.164706
0.113725
0.133333
0.141176
0.152941
0.145098
0.203922
0.223529
0.160784
0.192157
0.168627
0.164706
0.133333
0.105882
0.101961
0.133333
0.172549
0.129412
0.137255
0.145098
0.133333
0.113725
0.090196
0.078431
0.086275
0.215686
0.262745
0.184314
0.247059
0.223529
0.141176
0.164706
0.125490
0.117647
0.141176
0.156863
0.168627
0.172549
0.235294
0.227451
0.200000
0.215686
0.176471
0.160784
0.141176
0.109804
0.105882
0.133333
0.180392
0.156863
0.156863
0.176471
0.192157
0.133333
0.086275
0.082353
0.098039
0.274510
0.243137
0.184314
0.129412
0.129412
0.109804
0.133333
0.113725
0.141176
0.160784
0.180392
0.203922
0.200000
0.258824
0.176471
0.223529
0.247059
0.196078
0.200000
0.176471
0.105882
0.105882
0.141176
0.168627
0.180392
0.200000
0.192157
0.180392
0.156863
0.109804
0.113725
0.125490
0.337255
0.262745
0.164706
0.215686
0.098039
0.109804
0.141176
0.141176
0.156863
0.160784
0.176471
0.172549
0.192157
0.258824
0.160784
0.203922
0.258824
0.243137
0.309804
0.325490
0.176471
0.094118
0.109804
0.133333
0.149020
0.172549
0.176471
0.152941
0.145098
0.125490
0.121569
0.121569
0.329412
0.274510
0.172549
0.247059
0.066667
0.101961
0.125490
0.137255
0.172549
0.149020
0.180392
0.231373
0.270588
0.341176
0.337255
0.400000
0.447059
0.415686
0.470588
0.501961
0.474510
0.282353
0.141176
0.117647
0.141176
0.176471
0.168627
0.137255
0.141176
0.137255
0.145098
0.129412
0.207843
0.176471
0.211765
0.392157
0.219608
0.188235
0.156863
0.219608
0.305882
0.321569
0.360784
0.466667
0.478431
0.513725
0.600000
0.643137
0.592157
0.568627
0.533333
0.549020
0.588235
0.450980
0.317647
0.231373
0.168627
0.168627
0.149020
0.168627
0.168627
0.141176
0.133333
0.117647
0.200000
0.141176
0.313725
0.803922
0.678431
0.403922
0.427451
0.576471
0.662745
0.603922
0.650980
0.694118
0.737255
0.749020
0.721569
0.658824
0.592157
0.615686
0.592157
0.545098
0.431373
0.384314
0.376471
0.325490
0.207843
0.164706
0.137255
0.164706
0.168627
0.121569
0.117647
0.109804
0.207843
0.125490
0.313725
0.733333
0.650980
0.615686
0.658824
0.678431
0.678431
0.568627
0.650980
0.772549
0.698039
0.580392
0.627451
0.678431
0.596078
0.556863
0.533333
0.482353
0.364706
0.419608
0.541176
0.439216
0.333333
0.192157
0.129412
0.160784
0.184314
0.125490
0.098039
0.101961
0.250980
0.184314
0.239216
0.568627
0.658824
0.682353
0.682353
0.647059
0.545098
0.505882
0.619608
0.760784
0.580392
0.474510
0.494118
0.509804
0.443137
0.454902
0.525490
0.411765
0.270588
0.474510
0.603922
0.470588
0.447059
0.341176
0.196078
0.152941
0.168627
0.141176
0.098039
0.086275
0.203922
0.192157
0.172549
0.345098
0.584314
0.650980
0.631373
0.615686
0.498039
0.439216
0.623529
0.658824
0.462745
0.376471
0.313725
0.345098
0.341176
0.454902
0.564706
0.450980
0.435294
0.600000
0.564706
0.482353
0.470588
0.407843
0.388235
0.192157
0.133333
0.149020
0.109804
0.078431
0.160784
0.172549
0.160784
0.203922
0.427451
0.556863
0.552941
0.556863
0.490196
0.462745
0.603922
0.509804
0.337255
0.298039
0.321569
0.235294
0.188235
0.411765
0.529412
0.482353
0.498039
0.600000
0.592157
0.474510
0.498039
0.470588
0.447059
0.400000
0.247059
0.125490
0.094118
0.078431
0.164706
0.164706
0.137255
0.137255
0.290196
0.443137
0.486275
0.439216
0.376471
0.513725
0.549020
0.384314
0.270588
0.266667
0.286275
0.196078
0.211765
0.380392
0.419608
0.423529
0.490196
0.560784
0.576471
0.568627
0.478431
0.435294
0.427451
0.466667
0.458824
0.203922
0.086275
0.078431
0.156863
0.133333
0.137255
0.145098
0.196078
0.286275
0.313725
0.298039
0.313725
0.470588
0.407843
0.254902
0.223529
0.247059
0.266667
0.282353
0.388235
0.396078
0.360784
0.305882
0.474510
0.584314
0.592157
0.552941
0.466667
0.423529
0.396078
0.450980
0.521569
0.403922
0.129412
0.086275
0.117647
0.101961
0.113725
0.137255
0.149020
0.172549
0.192157
0.145098
0.231373
0.349020
0.298039
0.227451
0.266667
0.309804
0.301961
0.384314
0.329412
0.403922
0.368627
0.376471
0.584314
0.627451
0.580392
0.494118
0.450980
0.450980
0.419608
0.427451
0.450980
0.478431
0.235294
0.098039
0.117647
0.105882
0.109804
0.133333
0.141176
0.176471
0.200000
0.192157
0.188235
0.215686
0.313725
0.243137
0.337255
0.290196
0.235294
0.258824
0.325490
0.360784
0.270588
0.474510
0.588235
0.584314
0.525490
0.525490
0.505882
0.447059
0.427451
0.458824
0.427451
0.423529
0.321569
0.125490
0.156863
0.137255
0.125490
0.133333
0.121569
0.149020
0.196078
0.223529
0.239216
0.227451
0.278431
0.258824
0.341176
0.282353
0.196078
0.164706
0.321569
0.352941
0.211765
0.388235
0.423529
0.490196
0.482353
0.466667
0.380392
0.305882
0.360784
0.384314
0.396078
0.341176
0.274510
0.145098
0.266667
0.211765
0.164706
0.156863
0.121569
0.125490
0.156863
0.192157
0.227451
0.231373
0.235294
0.168627
0.149020
0.156863
0.125490
0.086275
0.164706
0.286275
0.180392
0.262745
0.278431
0.341176
0.392157
0.341176
0.211765
0.184314
0.239216
0.290196
0.317647
0.258824
0.219608
0.156863
0.368627
0.286275
0.211765
0.164706
0.156863
0.168627
0.164706
0.184314
0.227451
0.239216
0.235294
0.188235
0.180392
0.152941
0.070588
0.074510
0.164706
0.192157
0.196078
0.172549
0.137255
0.254902
0.282353
0.298039
0.160784
0.219608
0.168627
0.207843
0.215686
0.152941
0.152941
0.149020
0.443137
0.333333
0.239216
0.168627
0.184314
0.203922
0.207843
0.227451
0.258824
0.262745
0.250980
0.235294
0.270588
0.231373
0.113725
0.078431
0.200000
0.219608
0.203922
0.145098
0.090196
0.164706
0.215686
0.231373
0.141176
0.180392
0.121569
0.164706
0.121569
0.098039
0.141176
0.133333
0.505882
0.360784
0.258824
0.164706
0.156863
0.172549
0.168627
0.188235
0.223529
0.262745
0.247059
0.223529
0.270588
0.239216
0.129412
0.054902
0.184314
0.235294
0.192157
0.133333
0.074510
0.078431
0.137255
0.160784
0.117647
0.101961
0.078431
0.125490
0.078431
0.101961
0.172549
0.176471
0.450980
0.345098
0.274510
0.196078
0.164706
0.192157
0.219608
0.227451
0.247059
0.286275
0.258824
0.215686
0.239216
0.215686
0.098039
0.062745
0.219608
0.211765
0.184314
0.137255
0.062745
0.070588
0.121569
0.137255
0.125490
0.117647
0.109804
0.094118
0.098039
0.152941
0.203922
0.262745
0.321569
0.286275
0.266667
0.294118
0.352941
0.400000
0.458824
0.478431
0.447059
0.396078
0.349020
0.301961
0.258824
0.258824
0.184314
0.129412
0.254902
0.203922
0.176471
0.156863
0.086275
0.078431
0.129412
0.137255
0.137255
0.160784
0.168627
0.129412
0.129412
0.164706
0.168627
0.207843
0.266667
0.258824
0.274510
0.329412
0.400000
0.431373
0.478431
0.513725
0.533333
0.494118
0.447059
0.396078
0.321569
0.329412
0.258824
0.200000
0.270588
0.219608
0.196078
0.203922
0.129412
0.129412
0.168627
0.168627
0.184314
0.203922
0.215686
0.188235
0.172549
0.203922
0.203922
0.184314
0.356863
0.325490
0.313725
0.333333
0.400000
0.419608
0.439216
0.478431
0.482353
0.482353
0.474510
0.435294
0.356863
0.337255
0.258824
0.239216
0.258824
0.207843
0.168627
0.168627
0.117647
0.156863
0.203922
0.207843
0.235294
0.243137
0.247059
0.219608
0.176471
0.184314
0.196078
0.152941
0.450980
0.392157
0.384314
0.400000
0.411765
0.431373
0.447059
0.474510
0.486275
0.501961
0.482353
0.462745
0.419608
0.403922
0.274510
0.294118
0.301961
0.219608
0.200000
0.180392
0.125490
0.180392
0.219608
0.219608
0.227451
0.254902
0.254902
0.223529
0.188235
0.168627
0.172549
0.172549
0.474510
0.447059
0.447059
0.439216
0.407843
0.423529
0.447059
0.486275
0.513725
0.509804
0.494118
0.458824
0.419608
0.403922
0.243137
0.345098
0.368627
0.274510
0.239216
0.196078
0.125490
0.188235
0.211765
0.239216
0.243137
0.270588
0.270588
0.239216
0.200000
0.184314
0.168627
0.160784
0.352941
0.388235
0.411765
0.423529
0.423529
0.454902
0.498039
0.529412
0.564706
0.580392
0.537255
0.470588
0.392157
0.341176
0.184314
0.321569
0.360784
0.301961
0.274510
0.243137
0.125490
0.207843
0.227451
0.266667
0.278431
0.266667
0.258824
0.247059
0.203922
0.192157
0.160784
0.149020
0.258824
0.286275
0.329412
0.364706
0.400000
0.462745
0.529412
0.560784
0.580392
0.596078
0.572549
0.478431
0.400000
0.325490
0.176471
0.278431
0.262745
0.243137
0.270588
0.274510
0.160784
0.231373
0.235294
0.317647
0.313725
0.258824
0.254902
0.247059
0.219608
0.196078
0.172549
0.188235
0.250980
0.286275
0.313725
0.341176
0.407843
0.470588
0.517647
0.533333
0.549020
0.564706
0.552941
0.486275
0.462745
0.321569
0.149020
0.274510
0.227451
0.196078
0.188235
0.207843
0.180392
0.203922
0.235294
0.317647
0.317647
0.294118
0.298039
0.282353
0.243137
0.211765
0.211765
0.223529
0.349020
0.368627
0.392157
0.411765
0.454902
0.474510
0.501961
0.541176
0.541176
0.541176
0.521569
0.498039
0.454902
0.298039
0.180392
0.372549
0.309804
0.247059
0.254902
0.203922
0.141176
0.203922
0.227451
0.258824
0.270588
0.309804
0.301961
0.282353
0.247059
0.262745
0.309804
0.301961
0.474510
0.423529
0.435294
0.486275
0.462745
0.431373
0.423529
0.450980
0.474510
0.443137
0.407843
0.450980
0.419608
0.364706
0.360784
0.439216
0.411765
0.396078
0.356863
0.247059
0.152941
0.207843
0.223529
0.231373
0.211765
0.231373
0.278431
0.247059
0.219608
0.266667
0.278431
0.254902
