0.266667
0.317647
0.360784
0.435294
0.427451
0.439216
0.462745
0.466667
0.482353
0.486275
0.494118
0.498039
0.462745
0.450980
0.462745
0.478431
0.478431
0.490196
0.454902
0.450980
0.466667
0.462745
0.458824
0.443137
0.435294
0.431373
0.403922
0.431373
0.364706
0.345098
0.305882
0.301961
0.270588
0.321569
0.356863
0.403922
0.419608
0.431373
0.462745
0.458824
0.478431
0.470588
0.486275
0.494118
0.482353
0.458824
0.435294
0.454902
0.478431
0.454902
0.454902
0.439216
0.427451
0.454902
0.478431
0.466667
0.462745
0.443137
0.403922
0.419608
0.400000
0.360784
0.301961
0.270588
0.270588
0.321569
0.349020
0.376471
0.435294
0.443137
0.458824
0.454902
0.462745
0.470588
0.458824
0.482353
0.490196
0.447059
0.443137
0.462745
0.466667
0.482353
0.505882
0.494118
0.462745
0.458824
0.450980
0.447059
0.443137
0.431373
0.423529
0.411765
0.400000
0.329412
0.290196
0.278431
0.282353
0.341176
0.364706
0.384314
0.427451
0.427451
0.431373
0.439216
0.423529
0.486275
0.509804
0.525490
0.490196
0.454902
0.466667
0.482353
0.525490
0.568627
0.549020
0.537255
0.478431
0.474510
0.462745
0.458824
0.411765
0.450980
0.447059
0.411765
0.376471
0.305882
0.298039
0.286275
0.274510
0.321569
0.372549
0.403922
0.435294
0.423529
0.427451
0.443137
0.478431
0.478431
0.474510
0.498039
0.466667
0.470588
0.498039
0.513725
0.486275
0.501961
0.513725
0.482353
0.517647
0.486275
0.478431
0.454902
0.439216
0.423529
0.423529
0.396078
0.400000
0.341176
0.266667
0.223529
0.274510
0.356863
0.403922
0.431373
0.439216
0.419608
0.415686
0.458824
0.490196
0.466667
0.431373
0.462745
0.486275
0.490196
0.474510
0.458824
0.435294
0.474510
0.470588
0.482353
0.509804
0.509804
0.486275
0.478431
0.439216
0.423529
0.431373
0.423529
0.364706
0.274510
0.270588
0.239216
0.258824
0.352941
0.376471
0.423529
0.427451
0.419608
0.419608
0.474510
0.478431
0.470588
0.423529
0.415686
0.466667
0.450980
0.423529
0.415686
0.470588
0.490196
0.466667
0.505882
0.509804
0.458824
0.447059
0.462745
0.454902
0.427451
0.368627
0.337255
0.266667
0.262745
0.254902
0.219608
0.231373
0.290196
0.329412
0.423529
0.431373
0.400000
0.400000
0.458824
0.478431
0.458824
0.427451
0.376471
0.376471
0.431373
0.443137
0.458824
0.462745
0.478431
0.474510
0.466667
0.517647
0.501961
0.486275
0.419608
0.384314
0.380392
0.345098
0.329412
0.352941
0.301961
0.203922
0.176471
0.168627
0.243137
0.360784
0.431373
0.435294
0.431373
0.447059
0.482353
0.462745
0.439216
0.435294
0.403922
0.376471
0.466667
0.490196
0.474510
0.435294
0.466667
0.486275
0.470588
0.470588
0.474510
0.474510
0.380392
0.368627
0.313725
0.294118
0.352941
0.337255
0.321569
0.223529
0.164706
0.262745
0.337255
0.364706
0.427451
0.482353
0.580392
0.607843
0.529412
0.447059
0.443137
0.419608
0.396078
0.415686
0.478431
0.470588
0.415686
0.415686
0.435294
0.486275
0.443137
0.403922
0.427451
0.403922
0.349020
0.396078
0.356863
0.341176
0.356863
0.309804
0.254902
0.184314
0.121569
0.411765
0.423529
0.458824
0.352941
0.415686
0.717647
0.686275
0.513725
0.431373
0.423529
0.403922
0.407843
0.439216
0.415686
0.341176
0.345098
0.364706
0.368627
0.388235
0.376471
0.407843
0.380392
0.352941
0.337255
0.380392
0.368627
0.349020
0.313725
0.278431
0.239216
0.172549
0.152941
0.572549
0.466667
0.509804
0.462745
0.435294
0.701961
0.725490
0.650980
0.403922
0.360784
0.376471
0.388235
0.388235
0.392157
0.349020
0.321569
0.329412
0.309804
0.321569
0.388235
0.384314
0.376471
0.388235
0.337255
0.333333
0.282353
0.290196
0.278431
0.219608
0.235294
0.231373
0.188235
0.588235
0.694118
0.498039
0.541176
0.549020
0.686275
0.811765
0.823529
0.545098
0.396078
0.368627
0.384314
0.384314
0.337255
0.376471
0.333333
0.337255
0.345098
0.356863
0.349020
0.352941
0.407843
0.447059
0.392157
0.333333
0.294118
0.298039
0.243137
0.176471
0.129412
0.176471
0.129412
0.584314
0.639216
0.470588
0.776471
0.811765
0.901961
0.901961
0.843137
0.643137
0.407843
0.388235
0.384314
0.372549
0.360784
0.360784
0.384314
0.313725
0.352941
0.360784
0.352941
0.341176
0.349020
0.352941
0.337255
0.317647
0.247059
0.227451
0.223529
0.196078
0.180392
0.129412
0.090196
0.490196
0.537255
0.372549
0.729412
0.898039
0.972549
0.882353
0.847059
0.733333
0.403922
0.482353
0.427451
0.388235
0.400000
0.376471
0.384314
0.333333
0.341176
0.356863
0.364706
0.313725
0.345098
0.341176
0.286275
0.231373
0.243137
0.203922
0.215686
0.219608
0.200000
0.160784
0.137255
0.439216
0.560784
0.494118
0.525490
0.792157
0.882353
0.819608
0.662745
0.690196
0.396078
0.403922
0.411765
0.462745
0.443137
0.486275
0.470588
0.376471
0.352941
0.372549
0.341176
0.372549
0.349020
0.278431
0.227451
0.243137
0.254902
0.254902
0.219608
0.168627
0.164706
0.141176
0.141176
0.580392
0.596078
0.584314
0.568627
0.670588
0.741176
0.737255
0.525490
0.513725
0.474510
0.392157
0.329412
0.352941
0.407843
0.572549
0.560784
0.478431
0.392157
0.317647
0.325490
0.325490
0.329412
0.345098
0.286275
0.270588
0.250980
0.270588
0.290196
0.180392
0.164706
0.160784
0.113725
0.427451
0.474510
0.580392
0.654902
0.615686
0.615686
0.603922
0.631373
0.662745
0.545098
0.490196
0.443137
0.360784
0.266667
0.478431
0.407843
0.396078
0.380392
0.356863
0.345098
0.317647
0.325490
0.337255
0.262745
0.239216
0.258824
0.309804
0.274510
0.152941
0.121569
0.117647
0.094118
0.160784
0.352941
0.635294
0.764706
0.764706
0.733333
0.564706
0.600000
0.639216
0.701961
0.682353
0.568627
0.494118
0.341176
0.423529
0.380392
0.356863
0.372549
0.411765
0.447059
0.396078
0.364706
0.352941
0.278431
0.258824
0.258824
0.278431
0.266667
0.152941
0.133333
0.090196
0.058824
0.121569
0.152941
0.384314
0.741176
0.819608
0.823529
0.807843
0.709804
0.572549
0.541176
0.615686
0.662745
0.658824
0.533333
0.498039
0.521569
0.439216
0.403922
0.356863
0.458824
0.501961
0.447059
0.305882
0.243137
0.203922
0.200000
0.266667
0.227451
0.117647
0.113725
0.109804
0.082353
0.125490
0.113725
0.333333
0.552941
0.721569
0.894118
0.945098
0.941176
0.890196
0.560784
0.309804
0.427451
0.662745
0.752941
0.737255
0.643137
0.521569
0.513725
0.431373
0.349020
0.325490
0.415686
0.427451
0.392157
0.309804
0.231373
0.266667
0.211765
0.098039
0.125490
0.054902
0.070588
0.141176
0.137255
0.176471
0.192157
0.356863
0.650980
0.878431
0.976471
0.972549
0.862745
0.752941
0.607843
0.458824
0.501961
0.635294
0.694118
0.670588
0.611765
0.549020
0.486275
0.478431
0.419608
0.388235
0.419608
0.490196
0.403922
0.352941
0.470588
0.415686
0.133333
0.082353
0.058824
0.058824
0.262745
0.188235
0.062745
0.090196
0.239216
0.654902
0.858824
0.898039
0.929412
0.996078
0.952941
0.772549
0.552941
0.349020
0.372549
0.568627
0.725490
0.725490
0.631373
0.615686
0.545098
0.466667
0.454902
0.458824
0.482353
0.494118
0.658824
0.596078
0.341176
0.078431
0.070588
0.054902
0.250980
0.141176
0.047059
0.086275
0.141176
0.376471
0.600000
0.635294
0.741176
0.972549
0.976471
0.941176
0.874510
0.686275
0.450980
0.290196
0.411765
0.627451
0.752941
0.776471
0.674510
0.576471
0.525490
0.474510
0.407843
0.349020
0.607843
0.356863
0.572549
0.211765
0.047059
0.082353
0.121569
0.188235
0.337255
0.207843
0.184314
0.317647
0.364706
0.439216
0.607843
0.831373
0.925490
0.933333
0.941176
0.968627
0.933333
0.639216
0.294118
0.262745
0.403922
0.611765
0.698039
0.764706
0.670588
0.568627
0.525490
0.486275
0.674510
0.505882
0.556863
0.298039
0.047059
0.078431
0.101961
0.141176
0.282353
0.137255
0.074510
0.109804
0.101961
0.129412
0.337255
0.423529
0.772549
0.960784
0.949020
1.000000
0.996078
0.937255
0.772549
0.600000
0.498039
0.482353
0.498039
0.654902
0.745098
0.752941
0.721569
0.745098
0.827451
0.701961
0.537255
0.235294
0.050980
0.082353
0.066667
0.035294
0.043137
0.039216
0.039216
0.050980
0.062745
0.058824
0.058824
0.062745
0.286275
0.611765
0.874510
0.929412
0.952941
0.937255
0.956863
0.956863
0.901961
0.827451
0.643137
0.623529
0.537255
0.647059
0.772549
0.835294
0.807843
0.690196
0.439216
0.176471
0.074510
0.070588
0.058824
0.050980
0.031373
0.058824
0.066667
0.109804
0.125490
0.133333
0.149020
0.156863
0.133333
0.317647
0.721569
0.870588
0.878431
0.929412
0.976471
0.984314
0.968627
0.952941
0.917647
0.913725
0.823529
0.607843
0.435294
0.537255
0.505882
0.435294
0.478431
0.188235
0.094118
0.054902
0.054902
0.050980
0.078431
0.094118
0.094118
0.109804
0.113725
0.149020
0.172549
0.203922
0.258824
0.282353
0.392157
0.643137
0.811765
0.647059
0.686275
0.639216
0.721569
0.725490
0.909804
1.000000
0.909804
0.666667
0.317647
0.388235
0.486275
0.529412
0.643137
0.180392
0.105882
0.054902
0.070588
0.074510
0.090196
0.074510
0.066667
0.074510
0.117647
0.152941
0.125490
0.141176
0.180392
0.176471
0.156863
0.207843
0.301961
0.215686
0.270588
0.231373
0.215686
0.227451
0.435294
0.564706
0.349020
0.243137
0.137255
0.184314
0.490196
0.560784
0.290196
0.172549
0.129412
0.050980
0.062745
0.066667
0.062745
0.050980
0.070588
0.125490
0.184314
0.176471
0.164706
0.168627
0.137255
0.109804
0.145098
0.176471
0.211765
0.180392
0.164706
0.149020
0.149020
0.168627
0.188235
0.156863
0.149020
0.164706
0.156863
0.133333
0.164706
0.164706
0.117647
0.129412
0.149020
0.047059
0.050980
0.054902
0.043137
0.054902
0.090196
0.152941
0.160784
0.156863
0.192157
0.180392
0.141176
0.121569
0.145098
0.164706
0.215686
0.200000
0.160784
0.145098
0.156863
0.156863
0.152941
0.164706
0.164706
0.125490
0.074510
0.090196
0.098039
0.094118
0.098039
0.125490
0.172549
0.403922
0.450980
0.486275
0.556863
0.556863
0.580392
0.623529
0.643137
0.666667
0.670588
0.690196
0.713725
0.698039
0.701961
0.729412
0.737255
0.725490
0.729412
0.694118
0.705882
0.721569
0.717647
0.713725
0.690196
0.658824
0.635294
0.584314
0.596078
0.521569
0.505882
0.462745
0.450980
0.403922
0.450980
0.482353
0.517647
0.533333
0.556863
0.607843
0.619608
0.650980
0.650980
0.678431
0.705882
0.713725
0.705882
0.698039
0.713725
0.721569
0.686275
0.678431
0.670588
0.654902
0.686275
0.705882
0.690196
0.678431
0.643137
0.580392
0.580392
0.552941
0.517647
0.458824
0.415686
0.400000
0.450980
0.470588
0.490196
0.533333
0.549020
0.584314
0.600000
0.619608
0.647059
0.650980
0.694118
0.717647
0.690196
0.701961
0.709804
0.701961
0.709804
0.721569
0.698039
0.666667
0.662745
0.654902
0.654902
0.650980
0.623529
0.596078
0.568627
0.552941
0.482353
0.443137
0.423529
0.403922
0.466667
0.482353
0.490196
0.513725
0.521569
0.545098
0.564706
0.568627
0.654902
0.694118
0.733333
0.713725
0.694118
0.717647
0.729412
0.756863
0.792157
0.760784
0.729412
0.666667
0.662745
0.650980
0.650980
0.615686
0.639216
0.615686
0.564706
0.521569
0.450980
0.443137
0.419608
0.392157
0.439216
0.486275
0.505882
0.517647
0.513725
0.537255
0.568627
0.615686
0.647059
0.654902
0.701961
0.690196
0.705882
0.741176
0.752941
0.721569
0.721569
0.717647
0.662745
0.694118
0.666667
0.654902
0.643137
0.639216
0.607843
0.584314
0.545098
0.537255
0.482353
0.403922
0.352941
0.384314
0.466667
0.509804
0.533333
0.525490
0.513725
0.525490
0.588235
0.631373
0.627451
0.607843
0.662745
0.705882
0.721569
0.717647
0.698039
0.658824
0.690196
0.670588
0.662745
0.690196
0.690196
0.666667
0.662745
0.631373
0.603922
0.588235
0.564706
0.498039
0.407843
0.400000
0.360784
0.360784
0.454902
0.478431
0.521569
0.521569
0.521569
0.545098
0.615686
0.627451
0.631373
0.596078
0.607843
0.682353
0.678431
0.658824
0.650980
0.690196
0.698039
0.662745
0.690196
0.694118
0.643137
0.635294
0.654902
0.647059
0.603922
0.525490
0.474510
0.396078
0.388235
0.380392
0.337255
0.329412
0.392157
0.431373
0.521569
0.537255
0.513725
0.533333
0.611765
0.639216
0.619608
0.600000
0.568627
0.588235
0.658824
0.674510
0.686275
0.682353
0.682353
0.674510
0.658824
0.705882
0.690196
0.674510
0.607843
0.572549
0.552941
0.498039
0.466667
0.474510
0.427451
0.325490
0.290196
0.270588
0.333333
0.450980
0.521569
0.525490
0.529412
0.556863
0.623529
0.619608
0.600000
0.600000
0.588235
0.572549
0.678431
0.721569
0.701961
0.654902
0.674510
0.690196
0.666667
0.654902
0.658824
0.662745
0.572549
0.545098
0.478431
0.443137
0.482353
0.462745
0.447059
0.345098
0.274510
0.368627
0.415686
0.419608
0.478431
0.517647
0.623529
0.682353
0.658824
0.615686
0.607843
0.588235
0.568627
0.592157
0.674510
0.705882
0.647059
0.639216
0.647059
0.698039
0.643137
0.576471
0.584314
0.580392
0.533333
0.552941
0.509804
0.482353
0.486275
0.439216
0.388235
0.305882
0.231373
0.533333
0.513725
0.494118
0.333333
0.376471
0.701961
0.745098
0.670588
0.643137
0.600000
0.580392
0.592157
0.627451
0.619608
0.584314
0.580392
0.592157
0.580392
0.596078
0.580392
0.576471
0.533333
0.525490
0.517647
0.537255
0.517647
0.482353
0.439216
0.403922
0.364706
0.290196
0.250980
0.713725
0.580392
0.513725
0.372549
0.380392
0.674510
0.760784
0.768627
0.584314
0.541176
0.564706
0.584314
0.592157
0.611765
0.600000
0.564706
0.556863
0.521569
0.525490
0.592157
0.552941
0.529412
0.552941
0.513725
0.486275
0.431373
0.423529
0.400000
0.341176
0.352941
0.337255
0.282353
0.749020
0.831373
0.478431
0.407843
0.533333
0.678431
0.803922
0.847059
0.619608
0.560784
0.552941
0.584314
0.596078
0.564706
0.623529
0.572549
0.560784
0.549020
0.560784
0.552941
0.521569
0.549020
0.600000
0.560784
0.482353
0.435294
0.431373
0.368627
0.294118
0.235294
0.270588
0.211765
0.749020
0.784314
0.450980
0.623529
0.772549
0.866667
0.858824
0.815686
0.666667
0.545098
0.552941
0.568627
0.572549
0.576471
0.588235
0.607843
0.529412
0.556863
0.564706
0.556863
0.505882
0.486275
0.494118
0.490196
0.462745
0.384314
0.352941
0.341176
0.301961
0.274510
0.211765
0.160784
0.639216
0.678431
0.368627
0.576471
0.745098
0.847059
0.803922
0.850980
0.803922
0.509804
0.603922
0.576471
0.560784
0.584314
0.568627
0.580392
0.533333
0.541176
0.564706
0.576471
0.478431
0.474510
0.470588
0.427451
0.372549
0.376471
0.325490
0.325490
0.317647
0.278431
0.227451
0.196078
0.560784
0.682353
0.525490
0.423529
0.529412
0.670588
0.713725
0.701961
0.800000
0.454902
0.470588
0.513725
0.592157
0.588235
0.619608
0.623529
0.552941
0.552941
0.588235
0.556863
0.533333
0.474510
0.396078
0.360784
0.376471
0.384314
0.372549
0.325490
0.258824
0.231373
0.200000
0.188235
0.678431
0.690196
0.650980
0.556863
0.454902
0.529412
0.600000
0.486275
0.529412
0.474510
0.411765
0.384314
0.435294
0.501961
0.650980
0.670588
0.635294
0.592157
0.541176
0.537255
0.486275
0.447059
0.458824
0.407843
0.400000
0.372549
0.380392
0.396078
0.266667
0.227451
0.207843
0.152941
0.498039
0.549020
0.674510
0.741176
0.568627
0.509804
0.439216
0.443137
0.498039
0.490196
0.466667
0.454902
0.411765
0.321569
0.517647
0.482353
0.533333
0.580392
0.584314
0.556863
0.474510
0.443137
0.443137
0.380392
0.364706
0.380392
0.423529
0.376471
0.239216
0.172549
0.160784
0.125490
0.196078
0.407843
0.717647
0.866667
0.847059
0.752941
0.501961
0.482353
0.478431
0.490196
0.533333
0.509804
0.517647
0.400000
0.470588
0.443137
0.447059
0.482353
0.529412
0.545098
0.482353
0.450980
0.454902
0.400000
0.396078
0.392157
0.400000
0.372549
0.243137
0.192157
0.117647
0.074510
0.133333
0.192157
0.450980
0.831373
0.933333
0.905882
0.839216
0.701961
0.509804
0.337255
0.443137
0.552941
0.600000
0.494118
0.462745
0.513725
0.474510
0.474510
0.447059
0.545098
0.584314
0.521569
0.380392
0.337255
0.352941
0.345098
0.400000
0.349020
0.219608
0.188235
0.137255
0.090196
0.133333
0.149020
0.396078
0.635294
0.811765
0.960784
0.976471
0.941176
0.886275
0.556863
0.266667
0.321569
0.490196
0.549020
0.560784
0.529412
0.501961
0.580392
0.572549
0.549020
0.486275
0.517647
0.470588
0.443137
0.415686
0.337255
0.364706
0.305882
0.188235
0.207843
0.090196
0.082353
0.145098
0.168627
0.235294
0.262745
0.415686
0.698039
0.909804
0.996078
1.000000
0.933333
0.764706
0.525490
0.294118
0.305882
0.470588
0.560784
0.584314
0.564706
0.572549
0.619608
0.600000
0.521569
0.466667
0.478431
0.529412
0.427451
0.376471
0.498039
0.474510
0.219608
0.125490
0.078431
0.054902
0.282353
0.239216
0.117647
0.117647
0.266667
0.690196
0.898039
0.937255
0.949020
0.988235
0.917647
0.733333
0.505882
0.290196
0.286275
0.447059
0.572549
0.576471
0.556863
0.592157
0.588235
0.572549
0.568627
0.521569
0.517647
0.521569
0.701961
0.662745
0.415686
0.121569
0.086275
0.047059
0.262745
0.180392
0.094118
0.098039
0.152941
0.407843
0.643137
0.670588
0.705882
0.945098
0.988235
1.000000
0.949020
0.709804
0.419608
0.188235
0.247059
0.411765
0.513725
0.607843
0.611765
0.607843
0.631373
0.623529
0.517647
0.435294
0.709804
0.450980
0.611765
0.235294
0.054902
0.066667
0.125490
0.219608
0.376471
0.207843
0.192157
0.337255
0.396078
0.470588
0.611765
0.839216
0.956863
0.988235
1.000000
0.984314
0.925490
0.596078
0.227451
0.141176
0.196078
0.419608
0.545098
0.639216
0.627451
0.639216
0.537255
0.454902
0.650980
0.490196
0.537255
0.282353
0.035294
0.058824
0.101961
0.164706
0.317647
0.141176
0.078431
0.125490
0.117647
0.152941
0.403922
0.482353
0.807843
0.968627
0.945098
0.984314
0.984314
0.952941
0.807843
0.619608
0.431373
0.368627
0.329412
0.439216
0.560784
0.639216
0.525490
0.482353
0.552941
0.501961
0.443137
0.180392
0.023529
0.058824
0.062745
0.054902
0.078431
0.047059
0.047059
0.062745
0.062745
0.062745
0.105882
0.109804
0.317647
0.619608
0.866667
0.933333
0.968627
0.972549
0.996078
1.000000
0.933333
0.815686
0.564706
0.486275
0.388235
0.498039
0.509804
0.482353
0.435294
0.392157
0.274510
0.078431
0.027451
0.043137
0.050980
0.062745
0.050980
0.066667
0.070588
0.109804
0.113725
0.109804
0.125490
0.156863
0.152941
0.352941
0.768627
0.964706
0.949020
0.945098
0.949020
0.964706
1.000000
0.980392
0.925490
0.901961
0.819608
0.600000
0.313725
0.333333
0.278431
0.223529
0.305882
0.078431
0.039216
0.023529
0.027451
0.027451
0.062745
0.082353
0.090196
0.101961
0.101961
0.133333
0.149020
0.192157
0.258824
0.290196
0.403922
0.662745
0.819608
0.635294
0.654902
0.607843
0.725490
0.729412
0.913725
1.000000
0.917647
0.682353
0.301961
0.341176
0.431373
0.474510
0.592157
0.149020
0.082353
0.019608
0.035294
0.039216
0.058824
0.058824
0.050980
0.062745
0.105882
0.145098
0.113725
0.129412
0.168627
0.164706
0.141176
0.172549
0.274510
0.192157
0.247059
0.211765
0.200000
0.211765
0.423529
0.552941
0.341176
0.247059
0.141176
0.188235
0.494118
0.568627
0.298039
0.172549
0.113725
0.015686
0.027451
0.031373
0.031373
0.035294
0.054902
0.113725
0.176471
0.164706
0.152941
0.156863
0.125490
0.098039
0.129412
0.141176
0.184314
0.156863
0.137255
0.129412
0.137255
0.156863
0.176471
0.145098
0.145098
0.168627
0.160784
0.133333
0.164706
0.168627
0.121569
0.129412
0.133333
0.011765
0.015686
0.019608
0.011765
0.039216
0.074510
0.141176
0.152941
0.145098
0.180392
0.168627
0.129412
0.109804
0.129412
0.133333
0.188235
0.176471
0.133333
0.125490
0.145098
0.145098
0.141176
0.152941
0.160784
0.129412
0.078431
0.094118
0.098039
0.098039
0.101961
0.125490
0.156863
0.258824
0.317647
0.403922
0.513725
0.494118
0.529412
0.603922
0.650980
0.694118
0.705882
0.737255
0.772549
0.772549
0.780392
0.803922
0.815686
0.807843
0.815686
0.776471
0.776471
0.792157
0.788235
0.784314
0.756863
0.717647
0.682353
0.615686
0.611765
0.521569
0.478431
0.400000
0.372549
0.262745
0.321569
0.392157
0.466667
0.458824
0.494118
0.576471
0.611765
0.662745
0.678431
0.717647
0.760784
0.784314
0.780392
0.776471
0.788235
0.803922
0.772549
0.764706
0.745098
0.729412
0.760784
0.784314
0.760784
0.733333
0.690196
0.611765
0.592157
0.552941
0.494118
0.396078
0.337255
0.258824
0.313725
0.372549
0.419608
0.447059
0.474510
0.537255
0.580392
0.615686
0.662745
0.674510
0.737255
0.776471
0.760784
0.776471
0.788235
0.784314
0.792157
0.807843
0.776471
0.745098
0.741176
0.733333
0.729412
0.705882
0.666667
0.619608
0.576471
0.552941
0.458824
0.380392
0.345098
0.262745
0.321569
0.372549
0.407843
0.411765
0.435294
0.486275
0.537255
0.556863
0.658824
0.709804
0.764706
0.764706
0.752941
0.788235
0.800000
0.831373
0.870588
0.839216
0.803922
0.741176
0.741176
0.725490
0.721569
0.666667
0.678431
0.635294
0.568627
0.521569
0.427451
0.384314
0.349020
0.250980
0.294118
0.364706
0.411765
0.411765
0.423529
0.478431
0.541176
0.603922
0.639216
0.662745
0.721569
0.729412
0.752941
0.807843
0.823529
0.792157
0.796078
0.792157
0.737255
0.768627
0.737255
0.729412
0.705882
0.682353
0.643137
0.600000
0.545098
0.537255
0.462745
0.349020
0.282353
0.247059
0.313725
0.380392
0.427451
0.419608
0.427451
0.470588
0.556863
0.619608
0.615686
0.607843
0.674510
0.733333
0.760784
0.776471
0.760784
0.725490
0.756863
0.741176
0.725490
0.752941
0.756863
0.729412
0.721569
0.670588
0.631373
0.600000
0.560784
0.494118
0.388235
0.349020
0.294118
0.227451
0.301961
0.337255
0.407843
0.427451
0.443137
0.494118
0.592157
0.619608
0.611765
0.584314
0.611765
0.701961
0.713725
0.713725
0.705882
0.749020
0.764706
0.729412
0.749020
0.749020
0.698039
0.690196
0.705882
0.682353
0.627451
0.529412
0.470588
0.388235
0.372549
0.329412
0.270588
0.196078
0.235294
0.286275
0.400000
0.447059
0.447059
0.490196
0.596078
0.635294
0.592157
0.584314
0.568627
0.600000
0.686275
0.729412
0.741176
0.741176
0.745098
0.733333
0.713725
0.760784
0.745098
0.729412
0.658824
0.607843
0.572549
0.501961
0.454902
0.466667
0.411765
0.274510
0.223529
0.125490
0.172549
0.313725
0.419608
0.450980
0.462745
0.501961
0.588235
0.600000
0.584314
0.592157
0.588235
0.584314
0.698039
0.752941
0.741176
0.701961
0.729412
0.741176
0.705882
0.698039
0.701961
0.701961
0.603922
0.572549
0.494118
0.447059
0.474510
0.447059
0.415686
0.294118
0.215686
0.207843
0.250980
0.298039
0.400000
0.439216
0.529412
0.592157
0.592157
0.584314
0.607843
0.596078
0.580392
0.607843
0.686275
0.698039
0.650980
0.654902
0.682353
0.729412
0.658824
0.600000
0.607843
0.592157
0.545098
0.568627
0.517647
0.482353
0.478431
0.407843
0.329412
0.247059
0.176471
0.376471
0.364706
0.364706
0.223529
0.243137
0.572549
0.639216
0.611765
0.627451
0.603922
0.584314
0.603922
0.643137
0.631373
0.588235
0.588235
0.607843
0.603922
0.619608
0.592157
0.596078
0.549020
0.529412
0.521569
0.545098
0.517647
0.478431
0.427451
0.372549
0.305882
0.231373
0.200000
0.564706
0.450980
0.376471
0.223529
0.231373
0.533333
0.635294
0.686275
0.541176
0.525490
0.556863
0.588235
0.600000
0.623529
0.615686
0.584314
0.576471
0.537255
0.545098
0.607843
0.572549
0.541176
0.552941
0.505882
0.490196
0.427451
0.411765
0.384314
0.305882
0.294118
0.286275
0.235294
0.603922
0.717647
0.333333
0.227451
0.419608
0.549020
0.650980
0.690196
0.490196
0.521569
0.529412
0.568627
0.596078
0.572549
0.650980
0.592157
0.576471
0.560784
0.568627
0.568627
0.537255
0.560784
0.588235
0.541176
0.478431
0.423529
0.407843
0.337255
0.254902
0.180392
0.219608
0.168627
0.603922
0.674510
0.298039
0.423529
0.647059
0.713725
0.670588
0.615686
0.494118
0.478431
0.505882
0.537255
0.556863
0.572549
0.607843
0.619608
0.533333
0.556863
0.564706
0.572549
0.521569
0.490196
0.478431
0.462745
0.443137
0.360784
0.321569
0.301961
0.254902
0.227451
0.168627
0.117647
0.498039
0.564706
0.215686
0.368627
0.517647
0.619608
0.592157
0.678431
0.670588
0.419608
0.529412
0.525490
0.525490
0.564706
0.560784
0.576471
0.521569
0.529412
0.556863
0.592157
0.490196
0.470588
0.443137
0.388235
0.341176
0.341176
0.282353
0.274510
0.266667
0.235294
0.188235
0.156863
0.419608
0.552941
0.376471
0.227451
0.215686
0.368627
0.482353
0.556863
0.705882
0.337255
0.368627
0.435294
0.533333
0.541176
0.580392
0.588235
0.525490
0.533333
0.580392
0.572549
0.549020
0.466667
0.364706
0.309804
0.337255
0.337255
0.321569
0.270588
0.207843
0.192157
0.164706
0.152941
0.529412
0.541176
0.509804
0.400000
0.176471
0.239216
0.341176
0.278431
0.364706
0.333333
0.290196
0.286275
0.364706
0.439216
0.580392
0.607843
0.588235
0.564706
0.533333
0.560784
0.501961
0.439216
0.411765
0.352941
0.352941
0.321569
0.325490
0.329412
0.207843
0.188235
0.176471
0.121569
0.349020
0.384314
0.537255
0.635294
0.419608
0.298039
0.164706
0.117647
0.192157
0.313725
0.329412
0.345098
0.325490
0.243137
0.415686
0.396078
0.474510
0.545098
0.576471
0.580392
0.490196
0.431373
0.396078
0.321569
0.313725
0.321569
0.360784
0.305882
0.176471
0.137255
0.129412
0.098039
0.125490
0.301961
0.607843
0.768627
0.752941
0.643137
0.360784
0.286275
0.243137
0.243137
0.262745
0.254902
0.325490
0.262745
0.333333
0.325490
0.364706
0.435294
0.501961
0.525490
0.466667
0.435294
0.431373
0.360784
0.341176
0.341176
0.329412
0.270588
0.149020
0.156863
0.090196
0.050980
0.121569
0.149020
0.364706
0.725490
0.835294
0.847059
0.807843
0.647059
0.400000
0.137255
0.164706
0.235294
0.321569
0.282353
0.305882
0.360784
0.333333
0.345098
0.337255
0.486275
0.533333
0.482353
0.345098
0.301961
0.309804
0.321569
0.356863
0.243137
0.117647
0.149020
0.109804
0.074510
0.125490
0.105882
0.321569
0.537255
0.717647
0.894118
0.929412
0.874510
0.803922
0.537255
0.184314
0.133333
0.235294
0.266667
0.309804
0.298039
0.290196
0.388235
0.415686
0.450980
0.400000
0.435294
0.396078
0.376471
0.376471
0.317647
0.329412
0.219608
0.094118
0.145098
0.054902
0.066667
0.141176
0.133333
0.168627
0.176471
0.325490
0.627451
0.847059
0.909804
0.921569
0.968627
0.788235
0.494118
0.152941
0.082353
0.137255
0.262745
0.349020
0.388235
0.407843
0.415686
0.423529
0.388235
0.376471
0.400000
0.439216
0.352941
0.294118
0.380392
0.345098
0.129412
0.078431
0.062745
0.054902
0.254902
0.188235
0.054902
0.043137
0.188235
0.603922
0.792157
0.827451
0.909804
1.000000
0.960784
0.725490
0.443137
0.184314
0.133333
0.231373
0.294118
0.262745
0.239216
0.333333
0.411765
0.466667
0.486275
0.419608
0.427451
0.427451
0.584314
0.525490
0.301961
0.058824
0.074510
0.047059
0.243137
0.145098
0.047059
0.043137
0.078431
0.317647
0.541176
0.545098
0.572549
0.921569
1.000000
1.000000
0.972549
0.784314
0.419608
0.078431
0.027451
0.121569
0.227451
0.352941
0.392157
0.423529
0.490196
0.541176
0.435294
0.341176
0.607843
0.317647
0.470588
0.168627
0.047059
0.070588
0.117647
0.196078
0.345098
0.172549
0.129412
0.250980
0.309804
0.372549
0.490196
0.796078
0.956863
0.976471
0.972549
0.968627
0.921569
0.588235
0.235294
0.125490
0.078431
0.254902
0.321569
0.360784
0.364706
0.462745
0.345098
0.262745
0.431373
0.282353
0.384314
0.215686
0.039216
0.062745
0.101961
0.156863
0.301961
0.129412
0.031373
0.054902
0.054902
0.105882
0.360784
0.443137
0.760784
0.905882
0.862745
0.925490
0.964706
0.984314
0.898039
0.717647
0.450980
0.301961
0.149020
0.152941
0.235294
0.333333
0.188235
0.125490
0.176471
0.184314
0.282353
0.117647
0.031373
0.062745
0.066667
0.058824
0.078431
0.058824
0.015686
0.007843
0.019608
0.054902
0.109804
0.058824
0.223529
0.533333
0.823529
0.949020
0.980392
0.972549
0.980392
1.000000
0.941176
0.780392
0.470588
0.345098
0.192157
0.227451
0.192157
0.121569
0.054902
0.078431
0.113725
0.031373
0.043137
0.050980
0.058824
0.070588
0.062745
0.090196
0.054902
0.062745
0.082353
0.109804
0.125490
0.086275
0.062745
0.301961
0.764706
0.929412
0.905882
0.909804
0.921569
0.933333
0.945098
0.937255
0.909804
0.905882
0.800000
0.498039
0.168627
0.145098
0.078431
0.031373
0.168627
0.043137
0.058824
0.035294
0.039216
0.039216
0.074510
0.090196
0.074510
0.070588
0.066667
0.105882
0.121569
0.145098
0.203922
0.254902
0.388235
0.639216
0.776471
0.580392
0.611765
0.576471
0.682353
0.698039
0.905882
1.000000
0.913725
0.658824
0.262745
0.298039
0.396078
0.431373
0.537255
0.121569
0.074510
0.031373
0.047059
0.050980
0.066667
0.054902
0.039216
0.039216
0.066667
0.098039
0.078431
0.094118
0.133333
0.129412
0.113725
0.172549
0.239216
0.133333
0.200000
0.180392
0.184314
0.192157
0.403922
0.533333
0.317647
0.223529
0.121569
0.180392
0.498039
0.568627
0.282353
0.156863
0.101961
0.027451
0.039216
0.043137
0.043137
0.031373
0.043137
0.090196
0.137255
0.121569
0.117647
0.121569
0.090196
0.062745
0.105882
0.141176
0.152941
0.098039
0.090196
0.098039
0.117647
0.137255
0.156863
0.129412
0.121569
0.137255
0.133333
0.117647
0.164706
0.164706
0.101961
0.109804
0.121569
0.023529
0.027451
0.031373
0.023529
0.035294
0.062745
0.117647
0.113725
0.101961
0.145098
0.133333
0.094118
0.074510
0.105882
0.129412
0.152941
0.117647
0.086275
0.094118
0.125490
0.121569
0.121569
0.133333
0.133333
0.094118
0.047059
0.070588
0.090196
0.090196
0.082353
0.109804
0.145098
