0.047059
0.125490
0.200000
0.294118
0.349020
0.294118
0.164706
0.082353
0.027451
0.003922
0.011765
0.007843
0.007843
0.007843
0.003922
0.003922
0.007843
0.011765
0.031373
0.027451
0.003922
0.003922
0.027451
0.196078
0.329412
0.243137
0.317647
0.556863
0.607843
0.564706
0.482353
0.411765
0.015686
0.015686
0.015686
0.058824
0.141176
0.262745
0.337255
0.360784
0.270588
0.101961
0.019608
0.011765
0.003922
0.000000
0.000000
0.000000
0.000000
0.003922
0.000000
0.000000
0.015686
0.050980
0.133333
0.207843
0.231373
0.341176
0.560784
0.600000
0.623529
0.615686
0.533333
0.443137
0.007843
0.015686
0.109804
0.121569
0.121569
0.133333
0.145098
0.223529
0.305882
0.219608
0.105882
0.098039
0.090196
0.082353
0.070588
0.062745
0.062745
0.066667
0.070588
0.098039
0.164706
0.215686
0.250980
0.278431
0.290196
0.266667
0.423529
0.627451
0.643137
0.690196
0.615686
0.470588
0.019608
0.039216
0.172549
0.074510
0.113725
0.094118
0.066667
0.062745
0.054902
0.070588
0.090196
0.094118
0.145098
0.152941
0.121569
0.129412
0.149020
0.243137
0.227451
0.227451
0.247059
0.254902
0.274510
0.282353
0.290196
0.270588
0.427451
0.623529
0.654902
0.780392
0.686275
0.478431
0.196078
0.282353
0.309804
0.109804
0.145098
0.086275
0.039216
0.035294
0.039216
0.047059
0.039216
0.070588
0.145098
0.129412
0.090196
0.094118
0.094118
0.247059
0.243137
0.223529
0.247059
0.278431
0.290196
0.290196
0.294118
0.278431
0.462745
0.662745
0.674510
0.847059
0.717647
0.466667
0.145098
0.274510
0.333333
0.239216
0.227451
0.098039
0.043137
0.039216
0.039216
0.058824
0.062745
0.149020
0.176471
0.152941
0.145098
0.149020
0.125490
0.227451
0.215686
0.219608
0.262745
0.294118
0.294118
0.286275
0.282353
0.278431
0.505882
0.690196
0.670588
0.862745
0.705882
0.427451
0.050980
0.113725
0.262745
0.290196
0.254902
0.105882
0.058824
0.086275
0.180392
0.184314
0.121569
0.160784
0.164706
0.180392
0.196078
0.215686
0.211765
0.235294
0.207843
0.231373
0.274510
0.298039
0.298039
0.290196
0.274510
0.270588
0.450980
0.509804
0.576471
0.792157
0.631373
0.380392
0.247059
0.286275
0.325490
0.317647
0.274510
0.133333
0.098039
0.160784
0.278431
0.215686
0.066667
0.058824
0.050980
0.070588
0.086275
0.109804
0.141176
0.184314
0.180392
0.219608
0.270588
0.290196
0.278431
0.258824
0.250980
0.231373
0.321569
0.278431
0.364706
0.596078
0.501961
0.325490
0.298039
0.294118
0.356863
0.337255
0.282353
0.152941
0.164706
0.211765
0.258824
0.188235
0.109804
0.145098
0.098039
0.058824
0.023529
0.003922
0.011765
0.035294
0.070588
0.125490
0.207843
0.270588
0.262745
0.223529
0.203922
0.196078
0.360784
0.317647
0.352941
0.509804
0.396078
0.274510
0.333333
0.305882
0.341176
0.329412
0.274510
0.141176
0.164706
0.211765
0.329412
0.215686
0.129412
0.164706
0.152941
0.121569
0.058824
0.050980
0.058824
0.039216
0.027451
0.047059
0.094118
0.168627
0.168627
0.149020
0.098039
0.160784
0.392157
0.388235
0.427451
0.450980
0.321569
0.274510
0.388235
0.333333
0.305882
0.282353
0.274510
0.227451
0.207843
0.176471
0.380392
0.223529
0.125490
0.156863
0.176471
0.145098
0.066667
0.082353
0.109804
0.035294
0.019608
0.039216
0.054902
0.192157
0.168627
0.101961
0.070588
0.160784
0.305882
0.270588
0.388235
0.364706
0.219608
0.239216
0.392157
0.333333
0.290196
0.270588
0.294118
0.286275
0.223529
0.239216
0.403922
0.192157
0.141176
0.160784
0.156863
0.121569
0.078431
0.152941
0.207843
0.196078
0.196078
0.152941
0.066667
0.156863
0.266667
0.113725
0.082353
0.141176
0.243137
0.290196
0.333333
0.278431
0.156863
0.176471
0.368627
0.333333
0.247059
0.219608
0.247059
0.305882
0.270588
0.270588
0.411765
0.172549
0.184314
0.172549
0.149020
0.258824
0.345098
0.337255
0.286275
0.313725
0.313725
0.278431
0.282353
0.247059
0.309804
0.258824
0.164706
0.188235
0.235294
0.247059
0.262745
0.262745
0.207843
0.219608
0.341176
0.227451
0.125490
0.164706
0.188235
0.184314
0.152941
0.258824
0.403922
0.184314
0.211765
0.254902
0.321569
0.415686
0.278431
0.098039
0.066667
0.027451
0.074510
0.141176
0.180392
0.262745
0.360784
0.372549
0.274510
0.254902
0.258824
0.250980
0.231373
0.227451
0.188235
0.235294
0.298039
0.098039
0.121569
0.203922
0.172549
0.180392
0.145098
0.294118
0.447059
0.219608
0.207843
0.294118
0.337255
0.243137
0.200000
0.176471
0.149020
0.156863
0.294118
0.321569
0.192157
0.098039
0.215686
0.384314
0.313725
0.184314
0.184314
0.168627
0.149020
0.188235
0.156863
0.247059
0.407843
0.196078
0.133333
0.152941
0.149020
0.258824
0.282353
0.396078
0.552941
0.372549
0.203922
0.219608
0.164706
0.176471
0.196078
0.247059
0.250980
0.227451
0.231373
0.247059
0.235294
0.137255
0.101961
0.290196
0.372549
0.180392
0.125490
0.149020
0.145098
0.168627
0.164706
0.258824
0.474510
0.254902
0.129412
0.149020
0.207843
0.294118
0.396078
0.509804
0.619608
0.654902
0.490196
0.356863
0.247059
0.192157
0.149020
0.129412
0.125490
0.101961
0.090196
0.090196
0.113725
0.121569
0.098039
0.133333
0.235294
0.196078
0.149020
0.239216
0.215686
0.188235
0.160784
0.243137
0.376471
0.168627
0.152941
0.211765
0.239216
0.313725
0.470588
0.580392
0.631373
0.745098
0.717647
0.639216
0.560784
0.478431
0.423529
0.380392
0.317647
0.266667
0.231373
0.184314
0.152941
0.141176
0.133333
0.113725
0.137255
0.172549
0.211765
0.254902
0.219608
0.188235
0.141176
0.188235
0.192157
0.168627
0.215686
0.188235
0.164706
0.301961
0.470588
0.592157
0.635294
0.756863
0.772549
0.721569
0.721569
0.701961
0.686275
0.658824
0.603922
0.560784
0.529412
0.490196
0.458824
0.435294
0.407843
0.380392
0.392157
0.435294
0.431373
0.294118
0.215686
0.192157
0.141176
0.141176
0.192157
0.211765
0.188235
0.121569
0.109804
0.258824
0.435294
0.556863
0.647059
0.792157
0.847059
0.792157
0.792157
0.749020
0.709804
0.690196
0.662745
0.643137
0.615686
0.607843
0.596078
0.584314
0.568627
0.556863
0.568627
0.572549
0.545098
0.360784
0.192157
0.196078
0.090196
0.117647
0.215686
0.172549
0.168627
0.152941
0.121569
0.207843
0.396078
0.525490
0.635294
0.800000
0.901961
0.862745
0.843137
0.811765
0.756863
0.721569
0.705882
0.690196
0.654902
0.635294
0.623529
0.611765
0.615686
0.623529
0.623529
0.619608
0.596078
0.509804
0.298039
0.172549
0.058824
0.109804
0.262745
0.262745
0.211765
0.211765
0.192157
0.227451
0.372549
0.505882
0.619608
0.784314
0.925490
0.874510
0.831373
0.823529
0.792157
0.764706
0.733333
0.705882
0.682353
0.662745
0.647059
0.635294
0.639216
0.643137
0.654902
0.666667
0.670588
0.603922
0.431373
0.160784
0.062745
0.113725
0.462745
0.411765
0.298039
0.305882
0.286275
0.294118
0.396078
0.509804
0.603922
0.756863
0.917647
0.898039
0.827451
0.780392
0.776471
0.752941
0.725490
0.698039
0.678431
0.666667
0.650980
0.639216
0.643137
0.647059
0.654902
0.682353
0.721569
0.639216
0.517647
0.227451
0.090196
0.121569
0.509804
0.435294
0.388235
0.368627
0.360784
0.419608
0.462745
0.545098
0.615686
0.737255
0.909804
0.890196
0.772549
0.752941
0.756863
0.741176
0.717647
0.694118
0.666667
0.650980
0.643137
0.627451
0.627451
0.639216
0.639216
0.635294
0.686275
0.705882
0.541176
0.317647
0.176471
0.168627
0.482353
0.454902
0.423529
0.356863
0.356863
0.466667
0.450980
0.537255
0.619608
0.721569
0.866667
0.756863
0.552941
0.580392
0.713725
0.749020
0.729412
0.705882
0.686275
0.674510
0.654902
0.619608
0.619608
0.623529
0.635294
0.643137
0.698039
0.705882
0.545098
0.388235
0.301961
0.262745
0.396078
0.341176
0.317647
0.321569
0.282353
0.329412
0.329412
0.486275
0.596078
0.694118
0.788235
0.741176
0.607843
0.631373
0.603922
0.631373
0.705882
0.737255
0.705882
0.674510
0.662745
0.643137
0.639216
0.627451
0.643137
0.662745
0.635294
0.603922
0.505882
0.368627
0.341176
0.290196
0.341176
0.388235
0.388235
0.396078
0.380392
0.349020
0.278431
0.458824
0.596078
0.662745
0.752941
0.670588
0.650980
0.752941
0.647059
0.580392
0.674510
0.772549
0.741176
0.721569
0.698039
0.682353
0.670588
0.631373
0.619608
0.611765
0.588235
0.552941
0.443137
0.439216
0.494118
0.392157
0.352941
0.364706
0.364706
0.368627
0.349020
0.325490
0.317647
0.462745
0.623529
0.631373
0.760784
0.705882
0.713725
0.709804
0.607843
0.584314
0.698039
0.819608
0.780392
0.745098
0.694118
0.654902
0.627451
0.600000
0.584314
0.580392
0.560784
0.517647
0.443137
0.478431
0.505882
0.411765
0.407843
0.392157
0.349020
0.329412
0.290196
0.341176
0.407843
0.482353
0.643137
0.647059
0.745098
0.807843
0.733333
0.682353
0.560784
0.690196
0.815686
0.858824
0.768627
0.705882
0.666667
0.650980
0.627451
0.592157
0.556863
0.533333
0.521569
0.490196
0.450980
0.388235
0.427451
0.403922
0.474510
0.419608
0.337255
0.294118
0.372549
0.486275
0.501961
0.501961
0.600000
0.654902
0.733333
0.858824
0.827451
0.698039
0.592157
0.678431
0.792157
0.847059
0.756863
0.698039
0.643137
0.619608
0.592157
0.552941
0.501961
0.498039
0.494118
0.470588
0.415686
0.396078
0.419608
0.360784
0.462745
0.427451
0.325490
0.278431
0.427451
0.611765
0.576471
0.474510
0.541176
0.600000
0.737255
0.811765
0.898039
0.866667
0.764706
0.737255
0.803922
0.854902
0.792157
0.698039
0.615686
0.588235
0.568627
0.521569
0.454902
0.462745
0.435294
0.407843
0.360784
0.364706
0.392157
0.341176
0.509804
0.454902
0.309804
0.325490
0.576471
0.768627
0.654902
0.494118
0.525490
0.545098
0.611765
0.823529
0.890196
0.882353
0.874510
0.843137
0.788235
0.733333
0.666667
0.568627
0.505882
0.478431
0.458824
0.443137
0.419608
0.411765
0.403922
0.396078
0.400000
0.400000
0.415686
0.384314
0.066667
0.129412
0.200000
0.301961
0.364706
0.298039
0.160784
0.082353
0.035294
0.011765
0.023529
0.019608
0.023529
0.023529
0.019608
0.015686
0.019608
0.023529
0.039216
0.039216
0.015686
0.019608
0.027451
0.168627
0.282353
0.219608
0.176471
0.294118
0.364706
0.329412
0.274510
0.262745
0.027451
0.019608
0.011765
0.062745
0.152941
0.258824
0.321569
0.352941
0.274510
0.113725
0.035294
0.023529
0.015686
0.011765
0.007843
0.000000
0.003922
0.015686
0.007843
0.003922
0.007843
0.050980
0.101961
0.113725
0.109804
0.278431
0.411765
0.411765
0.505882
0.474510
0.396078
0.337255
0.019608
0.023529
0.078431
0.086275
0.082353
0.094118
0.113725
0.196078
0.298039
0.223529
0.094118
0.086275
0.086275
0.078431
0.062745
0.047059
0.047059
0.062745
0.047059
0.054902
0.105882
0.152941
0.149020
0.133333
0.145098
0.149020
0.235294
0.470588
0.545098
0.568627
0.494118
0.360784
0.031373
0.027451
0.141176
0.058824
0.062745
0.078431
0.054902
0.054902
0.047059
0.054902
0.062745
0.070588
0.149020
0.152941
0.098039
0.098039
0.117647
0.196078
0.141176
0.149020
0.172549
0.164706
0.149020
0.133333
0.133333
0.133333
0.219608
0.462745
0.545098
0.654902
0.560784
0.352941
0.188235
0.250980
0.278431
0.098039
0.098039
0.098039
0.062745
0.070588
0.070588
0.058824
0.054902
0.098039
0.196078
0.172549
0.098039
0.082353
0.086275
0.203922
0.164706
0.172549
0.172549
0.168627
0.160784
0.141176
0.129412
0.129412
0.223529
0.411765
0.517647
0.725490
0.580392
0.321569
0.141176
0.239216
0.278431
0.176471
0.168627
0.105882
0.070588
0.070588
0.066667
0.074510
0.113725
0.219608
0.239216
0.200000
0.137255
0.098039
0.094118
0.172549
0.160784
0.160784
0.168627
0.180392
0.176471
0.145098
0.125490
0.117647
0.211765
0.341176
0.482353
0.752941
0.545098
0.270588
0.062745
0.062745
0.188235
0.203922
0.176471
0.094118
0.066667
0.086275
0.176471
0.200000
0.172549
0.231373
0.211765
0.207843
0.180392
0.156863
0.168627
0.180392
0.141176
0.152941
0.172549
0.188235
0.180392
0.149020
0.121569
0.117647
0.184314
0.192157
0.407843
0.698039
0.458824
0.258824
0.219608
0.231373
0.239216
0.219608
0.196078
0.121569
0.109804
0.152941
0.278431
0.231373
0.078431
0.090196
0.078431
0.078431
0.098039
0.098039
0.113725
0.141176
0.098039
0.129412
0.156863
0.164706
0.156863
0.125490
0.098039
0.109804
0.164706
0.105882
0.266667
0.498039
0.329412
0.227451
0.223529
0.239216
0.266667
0.239216
0.219608
0.141176
0.176471
0.207843
0.266667
0.231373
0.160784
0.192157
0.141176
0.086275
0.062745
0.043137
0.035294
0.039216
0.035294
0.058824
0.090196
0.129412
0.133333
0.098039
0.074510
0.078431
0.176471
0.164706
0.243137
0.384314
0.247059
0.184314
0.176471
0.200000
0.247059
0.235294
0.211765
0.117647
0.172549
0.227451
0.337255
0.270588
0.231373
0.262745
0.223529
0.172549
0.101961
0.098039
0.105882
0.066667
0.047059
0.031373
0.043137
0.117647
0.117647
0.090196
0.043137
0.039216
0.156863
0.184314
0.243137
0.282353
0.207843
0.223529
0.168627
0.184314
0.203922
0.188235
0.192157
0.184314
0.207843
0.211765
0.407843
0.274510
0.200000
0.215686
0.227451
0.180392
0.070588
0.078431
0.117647
0.047059
0.015686
0.027451
0.070588
0.235294
0.188235
0.101961
0.050980
0.054902
0.129412
0.101961
0.180392
0.200000
0.141176
0.203922
0.156863
0.149020
0.160784
0.149020
0.176471
0.247059
0.223529
0.266667
0.435294
0.235294
0.176471
0.172549
0.188235
0.152941
0.086275
0.141176
0.196078
0.200000
0.188235
0.125490
0.082353
0.219608
0.294118
0.098039
0.027451
0.027451
0.094118
0.129412
0.152941
0.152941
0.086275
0.125490
0.125490
0.137255
0.109804
0.113725
0.156863
0.309804
0.290196
0.270588
0.443137
0.239216
0.243137
0.211765
0.160784
0.274510
0.368627
0.341176
0.286275
0.321569
0.309804
0.247059
0.290196
0.305882
0.341176
0.219608
0.070588
0.070588
0.098039
0.117647
0.133333
0.152941
0.121569
0.160784
0.129412
0.105882
0.027451
0.066667
0.129412
0.176471
0.172549
0.258824
0.447059
0.270588
0.305882
0.305882
0.345098
0.443137
0.305882
0.105882
0.090196
0.062745
0.105882
0.160784
0.168627
0.282353
0.403922
0.352941
0.172549
0.141176
0.141176
0.145098
0.149020
0.149020
0.105882
0.180392
0.203922
0.062745
0.023529
0.094118
0.105882
0.149020
0.160784
0.290196
0.474510
0.270588
0.262745
0.329412
0.388235
0.294118
0.247059
0.227451
0.207843
0.215686
0.372549
0.392157
0.223529
0.105882
0.235294
0.403922
0.270588
0.109804
0.094118
0.090196
0.098039
0.149020
0.101961
0.196078
0.317647
0.160784
0.043137
0.070588
0.082353
0.200000
0.270588
0.380392
0.580392
0.423529
0.266667
0.282353
0.235294
0.235294
0.231373
0.317647
0.341176
0.313725
0.325490
0.321569
0.290196
0.164706
0.121569
0.352941
0.400000
0.152941
0.078431
0.101961
0.125490
0.164706
0.141176
0.215686
0.337255
0.196078
0.058824
0.054902
0.094118
0.188235
0.345098
0.490196
0.631373
0.682353
0.525490
0.396078
0.286275
0.231373
0.180392
0.172549
0.172549
0.149020
0.141176
0.141176
0.160784
0.176471
0.160784
0.219608
0.266667
0.180392
0.129412
0.188235
0.192157
0.184314
0.133333
0.207843
0.239216
0.086275
0.058824
0.094118
0.101961
0.176471
0.360784
0.505882
0.600000
0.737255
0.690196
0.596078
0.521569
0.474510
0.439216
0.384314
0.321569
0.274510
0.247059
0.200000
0.180392
0.172549
0.176471
0.168627
0.141176
0.164706
0.200000
0.207843
0.200000
0.180392
0.101961
0.149020
0.098039
0.062745
0.086275
0.086275
0.066667
0.184314
0.341176
0.490196
0.596078
0.752941
0.752941
0.662745
0.654902
0.643137
0.627451
0.588235
0.560784
0.525490
0.494118
0.447059
0.415686
0.392157
0.376471
0.364706
0.337255
0.372549
0.384314
0.262745
0.211765
0.180392
0.101961
0.098039
0.078431
0.090196
0.109804
0.070588
0.054902
0.168627
0.325490
0.470588
0.584314
0.752941
0.800000
0.733333
0.694118
0.627451
0.596078
0.572549
0.568627
0.552941
0.525490
0.517647
0.498039
0.486275
0.474510
0.462745
0.458824
0.454902
0.462745
0.321569
0.172549
0.176471
0.058824
0.070588
0.098039
0.090196
0.145098
0.125490
0.086275
0.137255
0.305882
0.450980
0.564706
0.749020
0.850980
0.803922
0.725490
0.670588
0.639216
0.600000
0.576471
0.556863
0.533333
0.513725
0.498039
0.490196
0.478431
0.466667
0.466667
0.474510
0.482353
0.427451
0.254902
0.168627
0.050980
0.078431
0.133333
0.184314
0.160784
0.145098
0.133333
0.152941
0.290196
0.439216
0.552941
0.745098
0.890196
0.815686
0.741176
0.713725
0.690196
0.647059
0.619608
0.596078
0.564706
0.537255
0.517647
0.509804
0.505882
0.498039
0.494118
0.505882
0.521569
0.482353
0.376471
0.168627
0.066667
0.098039
0.286275
0.282353
0.184314
0.180392
0.184314
0.203922
0.298039
0.439216
0.549020
0.729412
0.925490
0.843137
0.741176
0.698039
0.682353
0.654902
0.635294
0.607843
0.584314
0.564706
0.549020
0.537255
0.529412
0.525490
0.521569
0.537255
0.580392
0.501961
0.435294
0.211765
0.070588
0.078431
0.313725
0.298039
0.282353
0.270588
0.282353
0.356863
0.376471
0.474510
0.560784
0.713725
0.937255
0.866667
0.721569
0.713725
0.698039
0.686275
0.635294
0.596078
0.568627
0.552941
0.545098
0.533333
0.521569
0.521569
0.517647
0.517647
0.576471
0.572549
0.435294
0.274510
0.152941
0.133333
0.231373
0.345098
0.400000
0.349020
0.352941
0.466667
0.392157
0.482353
0.576471
0.709804
0.890196
0.772549
0.568627
0.600000
0.717647
0.701961
0.654902
0.627451
0.596078
0.580392
0.564706
0.529412
0.521569
0.525490
0.525490
0.529412
0.596078
0.588235
0.462745
0.368627
0.301961
0.266667
0.149020
0.196078
0.219608
0.219608
0.176471
0.250980
0.254902
0.450980
0.564706
0.690196
0.827451
0.784314
0.650980
0.678431
0.650980
0.603922
0.627451
0.647059
0.607843
0.580392
0.568627
0.541176
0.545098
0.545098
0.549020
0.545098
0.517647
0.490196
0.439216
0.368627
0.313725
0.266667
0.168627
0.215686
0.164706
0.145098
0.125490
0.156863
0.188235
0.407843
0.545098
0.635294
0.792157
0.705882
0.666667
0.776471
0.701961
0.584314
0.584314
0.674510
0.643137
0.627451
0.584314
0.552941
0.549020
0.525490
0.505882
0.486275
0.470588
0.454902
0.396078
0.454902
0.443137
0.341176
0.152941
0.149020
0.121569
0.098039
0.070588
0.180392
0.274510
0.392157
0.537255
0.568627
0.749020
0.682353
0.709804
0.749020
0.674510
0.627451
0.662745
0.717647
0.666667
0.639216
0.572549
0.521569
0.501961
0.490196
0.478431
0.470588
0.458824
0.435294
0.400000
0.474510
0.466667
0.403922
0.152941
0.141176
0.117647
0.078431
0.105882
0.325490
0.400000
0.392157
0.552941
0.556863
0.686275
0.768627
0.721569
0.733333
0.615686
0.717647
0.803922
0.764706
0.662745
0.603922
0.560784
0.541176
0.509804
0.486275
0.470588
0.450980
0.439216
0.411765
0.392157
0.352941
0.400000
0.411765
0.231373
0.160784
0.101961
0.105882
0.337255
0.537255
0.501961
0.431373
0.537255
0.588235
0.650980
0.796078
0.792157
0.713725
0.639216
0.701961
0.752941
0.752941
0.678431
0.619608
0.556863
0.529412
0.505882
0.478431
0.439216
0.439216
0.427451
0.400000
0.360784
0.345098
0.349020
0.329412
0.188235
0.133333
0.090196
0.207843
0.470588
0.584314
0.545098
0.462745
0.509804
0.545098
0.662745
0.745098
0.850980
0.843137
0.737255
0.694118
0.717647
0.729412
0.709804
0.627451
0.537255
0.505882
0.501961
0.478431
0.407843
0.400000
0.368627
0.325490
0.286275
0.278431
0.278431
0.262745
0.203922
0.176471
0.152941
0.317647
0.505882
0.592157
0.568627
0.454902
0.474510
0.482353
0.572549
0.764706
0.796078
0.768627
0.752941
0.737255
0.674510
0.600000
0.560784
0.482353
0.423529
0.396078
0.384314
0.376471
0.349020
0.333333
0.317647
0.313725
0.341176
0.313725
0.250980
0.266667
0.043137
0.125490
0.219608
0.329412
0.388235
0.325490
0.188235
0.117647
0.074510
0.050980
0.062745
0.054902
0.031373
0.031373
0.031373
0.023529
0.027451
0.027451
0.047059
0.047059
0.027451
0.023529
0.011765
0.152941
0.254902
0.215686
0.121569
0.090196
0.180392
0.152941
0.086275
0.062745
0.043137
0.027451
0.007843
0.054902
0.141176
0.270588
0.372549
0.407843
0.321569
0.149020
0.047059
0.039216
0.039216
0.035294
0.023529
0.015686
0.027451
0.039216
0.031373
0.027451
0.019608
0.011765
0.039216
0.047059
0.027451
0.227451
0.317647
0.215686
0.333333
0.266667
0.117647
0.101961
0.039216
0.019608
0.070588
0.082353
0.070588
0.082353
0.094118
0.172549
0.286275
0.219608
0.078431
0.074510
0.070588
0.070588
0.070588
0.062745
0.074510
0.074510
0.050980
0.050980
0.054902
0.047059
0.047059
0.050980
0.070588
0.094118
0.094118
0.286275
0.384314
0.372549
0.211765
0.113725
0.050980
0.015686
0.113725
0.050980
0.058824
0.066667
0.035294
0.023529
0.019608
0.035294
0.047059
0.054902
0.133333
0.137255
0.074510
0.082353
0.121569
0.188235
0.117647
0.098039
0.066667
0.039216
0.050980
0.047059
0.062745
0.066667
0.054902
0.270588
0.376471
0.450980
0.294118
0.098039
0.203922
0.227451
0.223529
0.066667
0.086275
0.086275
0.043137
0.039216
0.035294
0.015686
0.027451
0.090196
0.219608
0.192157
0.086275
0.066667
0.066667
0.168627
0.101961
0.074510
0.058824
0.074510
0.086275
0.062745
0.058824
0.050980
0.050980
0.192157
0.309804
0.509804
0.337255
0.101961
0.129412
0.184314
0.172549
0.117647
0.141176
0.113725
0.062745
0.050980
0.031373
0.031373
0.082353
0.219608
0.262745
0.227451
0.141176
0.086275
0.066667
0.145098
0.117647
0.094118
0.078431
0.090196
0.094118
0.078431
0.058824
0.035294
0.035294
0.098039
0.235294
0.549020
0.337255
0.121569
0.047059
0.003922
0.070588
0.133333
0.133333
0.098039
0.066667
0.066667
0.141176
0.172549
0.133333
0.200000
0.200000
0.203922
0.164706
0.125490
0.129412
0.137255
0.109804
0.086275
0.074510
0.094118
0.098039
0.086275
0.066667
0.066667
0.058824
0.039216
0.203922
0.490196
0.266667
0.152941
0.200000
0.184314
0.145098
0.152941
0.149020
0.086275
0.047059
0.078431
0.180392
0.184314
0.066667
0.062745
0.054902
0.062745
0.066667
0.058824
0.078431
0.105882
0.066667
0.031373
0.050980
0.082353
0.070588
0.054902
0.043137
0.090196
0.109804
0.023529
0.129412
0.298039
0.164706
0.152941
0.145098
0.164706
0.156863
0.168627
0.172549
0.094118
0.109804
0.137255
0.156863
0.192157
0.176471
0.203922
0.145098
0.074510
0.035294
0.011765
0.007843
0.023529
0.023529
0.015686
0.035294
0.086275
0.062745
0.039216
0.031373
0.043137
0.094118
0.082353
0.109804
0.172549
0.109804
0.156863
0.062745
0.078431
0.129412
0.164706
0.168627
0.078431
0.113725
0.149020
0.215686
0.215686
0.215686
0.247059
0.219608
0.152941
0.070588
0.062745
0.070588
0.039216
0.027451
0.023529
0.031373
0.098039
0.074510
0.062745
0.027451
0.011765
0.062745
0.082353
0.066667
0.086275
0.094118
0.200000
0.043137
0.043137
0.090196
0.109804
0.156863
0.125490
0.137255
0.094118
0.239216
0.196078
0.160784
0.176471
0.203922
0.152941
0.047059
0.043137
0.078431
0.027451
0.019608
0.015686
0.039216
0.219608
0.176471
0.086275
0.035294
0.035294
0.070588
0.047059
0.062745
0.078431
0.094118
0.188235
0.031373
0.023529
0.062745
0.058824
0.117647
0.160784
0.176471
0.145098
0.278431
0.192157
0.141176
0.121569
0.125490
0.098039
0.058824
0.105882
0.160784
0.203922
0.215686
0.129412
0.043137
0.184314
0.298039
0.094118
0.035294
0.035294
0.058824
0.070588
0.058824
0.074510
0.050980
0.090196
0.039216
0.066667
0.082353
0.054902
0.074510
0.258824
0.258824
0.117647
0.250980
0.192157
0.223529
0.164706
0.078431
0.200000
0.345098
0.309804
0.231373
0.298039
0.321569
0.270588
0.294118
0.290196
0.349020
0.247059
0.086275
0.066667
0.062745
0.047059
0.058824
0.082353
0.062745
0.070588
0.070588
0.070588
0.054902
0.066667
0.070588
0.160784
0.133333
0.058824
0.235294
0.227451
0.309804
0.262745
0.266667
0.364706
0.262745
0.082353
0.039216
0.015686
0.094118
0.133333
0.137255
0.270588
0.419608
0.403922
0.203922
0.101961
0.062745
0.062745
0.074510
0.109804
0.054902
0.066667
0.121569
0.062745
0.027451
0.078431
0.058824
0.101961
0.094118
0.070588
0.290196
0.286275
0.262745
0.266667
0.305882
0.219608
0.219608
0.235294
0.215686
0.231373
0.407843
0.415686
0.215686
0.078431
0.235294
0.470588
0.305882
0.070588
0.047059
0.047059
0.058824
0.141176
0.078431
0.086275
0.156863
0.141176
0.027451
0.039216
0.031373
0.074510
0.090196
0.043137
0.262745
0.301961
0.223529
0.258824
0.180392
0.176471
0.219608
0.321569
0.349020
0.329412
0.325490
0.325490
0.298039
0.156863
0.098039
0.368627
0.427451
0.145098
0.043137
0.070588
0.094118
0.137255
0.094118
0.101961
0.125490
0.152941
0.054902
0.054902
0.054902
0.023529
0.023529
0.023529
0.113725
0.278431
0.313725
0.282353
0.211765
0.168627
0.149020
0.145098
0.160784
0.145098
0.113725
0.101961
0.141176
0.149020
0.105882
0.172549
0.270588
0.176471
0.078431
0.137255
0.160784
0.160784
0.086275
0.098039
0.129412
0.070588
0.047059
0.086275
0.066667
0.027451
0.027451
0.039216
0.023529
0.133333
0.211765
0.184314
0.180392
0.223529
0.239216
0.258824
0.243137
0.200000
0.176471
0.152941
0.137255
0.125490
0.125490
0.137255
0.121569
0.101961
0.129412
0.160784
0.172549
0.164706
0.070588
0.070588
0.074510
0.054902
0.074510
0.070588
0.054902
0.074510
0.047059
0.070588
0.054902
0.137255
0.200000
0.156863
0.160784
0.168627
0.188235
0.215686
0.207843
0.172549
0.172549
0.180392
0.180392
0.180392
0.184314
0.192157
0.184314
0.207843
0.243137
0.211765
0.172549
0.160784
0.074510
0.050980
0.062745
0.070588
0.082353
0.050980
0.047059
0.066667
0.039216
0.054902
0.078431
0.156863
0.282353
0.243137
0.164706
0.090196
0.086275
0.090196
0.094118
0.078431
0.043137
0.050980
0.078431
0.086275
0.070588
0.066667
0.082353
0.101961
0.156863
0.176471
0.141176
0.141176
0.031373
0.043137
0.070588
0.043137
0.074510
0.101961
0.074510
0.039216
0.023529
0.035294
0.058824
0.141176
0.298039
0.262745
0.129412
0.098039
0.101961
0.090196
0.098039
0.082353
0.054902
0.054902
0.054902
0.050980
0.031373
0.031373
0.039216
0.023529
0.047059
0.172549
0.235294
0.137255
0.015686
0.043137
0.074510
0.109804
0.070588
0.109804
0.094118
0.047059
0.023529
0.035294
0.043137
0.098039
0.290196
0.286275
0.125490
0.129412
0.109804
0.094118
0.098039
0.082353
0.066667
0.062745
0.050980
0.043137
0.035294
0.039216
0.043137
0.058824
0.070588
0.133333
0.258824
0.121569
0.023529
0.062745
0.125490
0.145098
0.078431
0.101961
0.082353
0.062745
0.035294
0.043137
0.023529
0.050980
0.239216
0.317647
0.192157
0.117647
0.098039
0.101961
0.086275
0.074510
0.066667
0.054902
0.054902
0.047059
0.050980
0.058824
0.054902
0.125490
0.184314
0.101961
0.211765
0.152941
0.039216
0.074510
0.101961
0.152941
0.176471
0.168627
0.160784
0.207843
0.117647
0.058824
0.031373
0.031373
0.250980
0.470588
0.396078
0.317647
0.231373
0.137255
0.082353
0.074510
0.066667
0.050980
0.039216
0.023529
0.023529
0.035294
0.035294
0.066667
0.192157
0.188235
0.192157
0.207843
0.137255
0.133333
0.094118
0.219608
0.286275
0.247059
0.200000
0.298039
0.156863
0.054902
0.050980
0.062745
0.423529
0.600000
0.423529
0.439216
0.498039
0.305882
0.105882
0.078431
0.074510
0.062745
0.039216
0.011765
0.015686
0.023529
0.035294
0.062745
0.203922
0.247059
0.266667
0.301961
0.262745
0.239216
0.058824
0.098039
0.098039
0.125490
0.043137
0.090196
0.070588
0.047059
0.058824
0.105882
0.501961
0.772549
0.596078
0.592157
0.533333
0.411765
0.192157
0.101961
0.074510
0.058824
0.047059
0.047059
0.062745
0.054902
0.058824
0.070588
0.062745
0.098039
0.274510
0.321569
0.235294
0.200000
0.101961
0.152941
0.070588
0.066667
0.047059
0.050980
0.047059
0.058824
0.062745
0.074510
0.396078
0.678431
0.643137
0.725490
0.643137
0.486275
0.266667
0.152941
0.125490
0.121569
0.101961
0.109804
0.101961
0.062745
0.039216
0.027451
0.027451
0.050980
0.227451
0.403922
0.372549
0.262745
0.074510
0.070588
0.058824
0.043137
0.015686
0.094118
0.156863
0.074510
0.086275
0.031373
0.282353
0.525490
0.643137
0.662745
0.615686
0.549020
0.376471
0.227451
0.172549
0.149020
0.105882
0.086275
0.066667
0.035294
0.047059
0.050980
0.058824
0.066667
0.203922
0.419608
0.341176
0.305882
0.070588
0.070588
0.062745
0.047059
0.054902
0.231373
0.298039
0.070588
0.094118
0.066667
0.129412
0.435294
0.592157
0.658824
0.592157
0.721569
0.572549
0.278431
0.125490
0.090196
0.078431
0.082353
0.070588
0.039216
0.047059
0.043137
0.054902
0.078431
0.141176
0.196078
0.137255
0.270588
0.109804
0.082353
0.050980
0.054902
0.227451
0.411765
0.407843
0.129412
0.054902
0.098039
0.062745
0.227451
0.482353
0.525490
0.525490
0.623529
0.431373
0.184314
0.078431
0.082353
0.074510
0.066667
0.062745
0.098039
0.078431
0.047059
0.035294
0.050980
0.058824
0.078431
0.101961
0.196078
0.082353
0.062745
0.035294
0.090196
0.298039
0.400000
0.450980
0.184314
0.007843
0.039216
0.152941
0.109804
0.231373
0.309804
0.266667
0.235294
0.188235
0.086275
0.070588
0.086275
0.062745
0.047059
0.054902
0.137255
0.101961
0.050980
0.011765
0.023529
0.047059
0.047059
0.090196
0.129412
0.027451
0.050980
0.047059
0.156863
0.294118
0.325490
0.450980
0.247059
0.023529
0.035294
0.074510
0.215686
0.235294
0.207843
0.176471
0.137255
0.113725
0.070588
0.078431
0.090196
0.058824
0.035294
0.027451
0.058824
0.058824
0.054902
0.058824
0.070588
0.105882
0.090196
0.086275
0.156863
