0.960784
0.952941
0.952941
0.960784
0.964706
0.964706
0.964706
0.960784
0.952941
0.956863
0.960784
0.956863
0.941176
0.941176
0.937255
0.917647
0.894118
0.874510
0.839216
0.878431
0.937255
0.941176
0.945098
0.949020
0.956863
0.960784
0.960784
0.968627
0.964706
0.960784
0.960784
0.960784
0.964706
0.956863
0.956863
0.964706
0.968627
0.968627
0.968627
0.964706
0.956863
0.956863
0.956863
0.960784
0.866667
0.721569
0.705882
0.686275
0.670588
0.623529
0.545098
0.658824
0.866667
0.898039
0.929412
0.945098
0.956863
0.964706
0.964706
0.972549
0.968627
0.964706
0.964706
0.964706
0.949020
0.949020
0.952941
0.956863
0.956863
0.960784
0.960784
0.960784
0.960784
0.952941
0.945098
0.956863
0.611765
0.450980
0.647059
0.701961
0.694118
0.576471
0.337255
0.313725
0.466667
0.721569
0.831373
0.945098
0.956863
0.964706
0.968627
0.972549
0.972549
0.968627
0.968627
0.968627
0.949020
0.952941
0.960784
0.960784
0.960784
0.956863
0.956863
0.960784
0.960784
0.949020
0.949020
0.913725
0.513725
0.721569
0.866667
0.643137
0.435294
0.270588
0.152941
0.239216
0.294118
0.564706
0.890196
0.941176
0.960784
0.960784
0.964706
0.968627
0.968627
0.968627
0.968627
0.964706
0.964706
0.964706
0.972549
0.972549
0.972549
0.968627
0.960784
0.964706
0.960784
0.949020
0.960784
0.784314
0.458824
0.796078
0.705882
0.250980
0.145098
0.113725
0.168627
0.349020
0.270588
0.396078
0.878431
0.941176
0.949020
0.956863
0.956863
0.964706
0.964706
0.964706
0.960784
0.956863
0.972549
0.972549
0.980392
0.980392
0.980392
0.972549
0.968627
0.968627
0.964706
0.952941
0.929412
0.615686
0.364706
0.560784
0.423529
0.192157
0.133333
0.141176
0.301961
0.356863
0.258824
0.278431
0.737255
0.949020
0.945098
0.956863
0.956863
0.960784
0.960784
0.960784
0.960784
0.956863
0.980392
0.976471
0.980392
0.980392
0.980392
0.976471
0.972549
0.972549
0.964706
0.968627
0.839216
0.470588
0.411765
0.458824
0.286275
0.160784
0.125490
0.227451
0.337255
0.305882
0.278431
0.235294
0.549020
0.945098
0.949020
0.956863
0.956863
0.960784
0.960784
0.960784
0.960784
0.956863
0.980392
0.976471
0.980392
0.980392
0.980392
0.976471
0.972549
0.972549
0.972549
0.929412
0.639216
0.498039
0.466667
0.270588
0.345098
0.180392
0.172549
0.345098
0.305882
0.286275
0.286275
0.250980
0.376471
0.862745
0.952941
0.949020
0.952941
0.960784
0.960784
0.960784
0.960784
0.956863
0.976471
0.972549
0.972549
0.976471
0.976471
0.976471
0.972549
0.968627
0.972549
0.870588
0.513725
0.470588
0.333333
0.188235
0.427451
0.250980
0.305882
0.368627
0.301961
0.258824
0.309804
0.243137
0.368627
0.800000
0.945098
0.945098
0.952941
0.956863
0.956863
0.956863
0.956863
0.952941
0.972549
0.960784
0.964706
0.968627
0.968627
0.972549
0.972549
0.960784
0.964706
0.780392
0.478431
0.431373
0.231373
0.258824
0.435294
0.337255
0.388235
0.301961
0.313725
0.258824
0.301961
0.266667
0.498039
0.850980
0.937255
0.941176
0.949020
0.945098
0.945098
0.952941
0.949020
0.945098
0.964706
0.956863
0.956863
0.960784
0.964706
0.968627
0.964706
0.956863
0.960784
0.721569
0.380392
0.509804
0.388235
0.439216
0.423529
0.415686
0.392157
0.274510
0.317647
0.282353
0.235294
0.403922
0.458824
0.741176
0.945098
0.933333
0.941176
0.941176
0.941176
0.945098
0.945098
0.937255
0.960784
0.949020
0.952941
0.952941
0.956863
0.960784
0.960784
0.945098
0.949020
0.764706
0.227451
0.298039
0.392157
0.454902
0.458824
0.392157
0.403922
0.329412
0.298039
0.290196
0.247059
0.631373
0.462745
0.564706
0.913725
0.933333
0.937255
0.933333
0.933333
0.941176
0.941176
0.937255
0.952941
0.945098
0.945098
0.945098
0.945098
0.952941
0.952941
0.937255
0.917647
0.541176
0.141176
0.145098
0.188235
0.301961
0.427451
0.356863
0.356863
0.376471
0.294118
0.290196
0.349020
0.800000
0.525490
0.427451
0.843137
0.886275
0.823529
0.890196
0.913725
0.937255
0.933333
0.933333
0.937255
0.929412
0.933333
0.937255
0.933333
0.941176
0.937255
0.952941
0.737255
0.211765
0.121569
0.156863
0.223529
0.345098
0.364706
0.325490
0.309804
0.380392
0.333333
0.278431
0.525490
0.854902
0.529412
0.329412
0.682353
0.713725
0.568627
0.627451
0.733333
0.862745
0.929412
0.941176
0.929412
0.925490
0.921569
0.925490
0.894118
0.890196
0.937255
0.878431
0.407843
0.125490
0.109804
0.172549
0.290196
0.411765
0.290196
0.337255
0.329412
0.352941
0.352941
0.313725
0.592157
0.627451
0.403922
0.180392
0.423529
0.537255
0.513725
0.474510
0.490196
0.619608
0.729412
0.827451
0.886275
0.862745
0.866667
0.909804
0.709804
0.709804
0.827451
0.533333
0.172549
0.117647
0.121569
0.223529
0.345098
0.407843
0.294118
0.309804
0.356863
0.309804
0.364706
0.407843
0.537255
0.470588
0.270588
0.172549
0.388235
0.529412
0.533333
0.478431
0.505882
0.545098
0.549020
0.615686
0.686275
0.654902
0.717647
0.733333
0.509804
0.509804
0.513725
0.219608
0.113725
0.098039
0.145098
0.298039
0.301961
0.352941
0.356863
0.286275
0.364706
0.313725
0.478431
0.478431
0.505882
0.431373
0.274510
0.211765
0.376471
0.494118
0.498039
0.466667
0.556863
0.698039
0.698039
0.709804
0.549020
0.549020
0.600000
0.572549
0.498039
0.478431
0.235294
0.125490
0.117647
0.105882
0.176471
0.364706
0.231373
0.317647
0.435294
0.290196
0.329412
0.490196
0.611765
0.466667
0.501961
0.419608
0.349020
0.192157
0.345098
0.545098
0.521569
0.388235
0.474510
0.733333
0.737255
0.752941
0.541176
0.525490
0.549020
0.588235
0.639216
0.384314
0.109804
0.105882
0.125490
0.129412
0.274510
0.290196
0.247059
0.278431
0.435294
0.337255
0.286275
0.607843
0.525490
0.458824
0.486275
0.356863
0.301961
0.176471
0.325490
0.541176
0.462745
0.286275
0.349020
0.537255
0.603922
0.733333
0.478431
0.466667
0.584314
0.694118
0.564706
0.184314
0.121569
0.109804
0.137255
0.223529
0.301961
0.203922
0.290196
0.258824
0.364706
0.380392
0.360784
0.556863
0.525490
0.564706
0.482353
0.196078
0.207843
0.121569
0.247059
0.478431
0.450980
0.270588
0.254902
0.478431
0.541176
0.584314
0.447059
0.431373
0.568627
0.607843
0.274510
0.109804
0.176471
0.188235
0.184314
0.313725
0.239216
0.164706
0.290196
0.270588
0.258824
0.380392
0.443137
0.501961
0.623529
0.650980
0.478431
0.192157
0.211765
0.145098
0.200000
0.454902
0.662745
0.545098
0.262745
0.400000
0.439216
0.494118
0.552941
0.494118
0.521569
0.474510
0.164706
0.078431
0.176471
0.505882
0.380392
0.254902
0.192157
0.176471
0.235294
0.298039
0.207843
0.301961
0.423529
0.509804
0.619608
0.533333
0.298039
0.207843
0.180392
0.149020
0.125490
0.352941
0.611765
0.713725
0.443137
0.341176
0.376471
0.572549
0.450980
0.454902
0.525490
0.529412
0.458824
0.447059
0.384314
0.670588
0.407843
0.160784
0.203922
0.200000
0.184314
0.278431
0.266667
0.298039
0.439216
0.552941
0.529412
0.376471
0.235294
0.286275
0.164706
0.141176
0.141176
0.317647
0.654902
0.721569
0.647059
0.556863
0.443137
0.639216
0.447059
0.223529
0.403922
0.537255
0.533333
0.556863
0.607843
0.572549
0.250980
0.156863
0.211765
0.235294
0.168627
0.227451
0.286275
0.443137
0.505882
0.443137
0.368627
0.356863
0.223529
0.298039
0.168627
0.145098
0.180392
0.250980
0.682353
0.780392
0.807843
0.882353
0.729412
0.670588
0.356863
0.090196
0.407843
0.533333
0.470588
0.466667
0.525490
0.450980
0.231373
0.176471
0.188235
0.250980
0.176471
0.231373
0.286275
0.403922
0.725490
0.572549
0.443137
0.400000
0.172549
0.149020
0.180392
0.168627
0.223529
0.200000
0.584314
0.843137
0.847059
0.827451
0.729412
0.549020
0.454902
0.513725
0.505882
0.474510
0.321569
0.427451
0.411765
0.364706
0.321569
0.223529
0.160784
0.203922
0.176471
0.380392
0.278431
0.180392
0.541176
0.549020
0.415686
0.360784
0.192157
0.109804
0.235294
0.286275
0.258824
0.145098
0.450980
0.721569
0.713725
0.647059
0.270588
0.505882
0.372549
0.643137
0.713725
0.482353
0.274510
0.231373
0.270588
0.278431
0.219608
0.215686
0.176471
0.133333
0.231373
0.478431
0.309804
0.364706
0.454902
0.411765
0.376471
0.364706
0.305882
0.223529
0.270588
0.321569
0.309804
0.184314
0.274510
0.227451
0.200000
0.345098
0.203922
0.482353
0.223529
0.396078
0.725490
0.380392
0.196078
0.121569
0.164706
0.188235
0.160784
0.188235
0.192157
0.094118
0.360784
0.321569
0.333333
0.376471
0.368627
0.388235
0.360784
0.278431
0.258824
0.258824
0.227451
0.305882
0.384314
0.196078
0.141176
0.207843
0.125490
0.117647
0.215686
0.486275
0.270588
0.384314
0.772549
0.435294
0.231373
0.160784
0.286275
0.392157
0.247059
0.121569
0.156863
0.223529
0.360784
0.105882
0.125490
0.152941
0.274510
0.239216
0.203922
0.258824
0.290196
0.384314
0.286275
0.270588
0.380392
0.200000
0.207843
0.352941
0.262745
0.086275
0.149020
0.549020
0.368627
0.494118
0.776471
0.600000
0.388235
0.490196
0.607843
0.525490
0.294118
0.125490
0.129412
0.364706
0.207843
0.078431
0.039216
0.137255
0.380392
0.309804
0.117647
0.309804
0.431373
0.631373
0.631373
0.600000
0.450980
0.090196
0.384314
0.572549
0.537255
0.239216
0.141176
0.580392
0.294118
0.349020
0.760784
0.670588
0.329412
0.396078
0.415686
0.333333
0.188235
0.113725
0.109804
0.227451
0.086275
0.121569
0.023529
0.137255
0.443137
0.337255
0.043137
0.360784
0.478431
0.588235
0.564706
0.494118
0.337255
0.113725
0.176471
0.243137
0.298039
0.321569
0.388235
0.607843
0.196078
0.176471
0.600000
0.568627
0.356863
0.317647
0.337255
0.380392
0.184314
0.172549
0.086275
0.082353
0.176471
0.152941
0.000000
0.109804
0.458824
0.270588
0.035294
0.219608
0.380392
0.521569
0.478431
0.450980
0.478431
0.388235
0.270588
0.262745
0.337255
0.454902
0.521569
0.647059
0.956863
0.949020
0.949020
0.949020
0.945098
0.945098
0.941176
0.945098
0.949020
0.945098
0.937255
0.937255
0.937255
0.937255
0.921569
0.913725
0.898039
0.866667
0.815686
0.870588
0.921569
0.917647
0.933333
0.945098
0.952941
0.956863
0.960784
0.964706
0.960784
0.956863
0.956863
0.956863
0.960784
0.952941
0.952941
0.952941
0.949020
0.949020
0.945098
0.949020
0.952941
0.949020
0.933333
0.941176
0.862745
0.709804
0.690196
0.639216
0.639216
0.627451
0.572549
0.650980
0.843137
0.874510
0.913725
0.941176
0.952941
0.960784
0.960784
0.968627
0.964706
0.960784
0.960784
0.960784
0.945098
0.933333
0.937255
0.937255
0.937255
0.937255
0.937255
0.941176
0.941176
0.937255
0.925490
0.937255
0.592157
0.423529
0.549020
0.580392
0.615686
0.537255
0.313725
0.270588
0.462745
0.709804
0.800000
0.925490
0.941176
0.949020
0.949020
0.956863
0.956863
0.952941
0.952941
0.949020
0.945098
0.933333
0.937255
0.937255
0.941176
0.937255
0.933333
0.937255
0.937255
0.925490
0.929412
0.882353
0.466667
0.701961
0.843137
0.627451
0.400000
0.219608
0.082353
0.203922
0.325490
0.572549
0.862745
0.917647
0.937255
0.937255
0.941176
0.945098
0.945098
0.945098
0.945098
0.941176
0.956863
0.945098
0.949020
0.952941
0.952941
0.945098
0.937255
0.941176
0.937255
0.929412
0.941176
0.745098
0.396078
0.768627
0.698039
0.219608
0.086275
0.047059
0.109804
0.352941
0.341176
0.431373
0.870588
0.917647
0.925490
0.933333
0.933333
0.941176
0.941176
0.941176
0.937255
0.933333
0.960784
0.952941
0.956863
0.960784
0.960784
0.952941
0.945098
0.949020
0.941176
0.937255
0.917647
0.572549
0.290196
0.498039
0.376471
0.141176
0.066667
0.054902
0.270588
0.407843
0.325490
0.337255
0.749020
0.929412
0.925490
0.933333
0.933333
0.937255
0.937255
0.937255
0.937255
0.933333
0.960784
0.956863
0.960784
0.960784
0.960784
0.956863
0.952941
0.952941
0.945098
0.952941
0.827451
0.419608
0.341176
0.384314
0.207843
0.105882
0.066667
0.156863
0.349020
0.388235
0.337255
0.305882
0.584314
0.929412
0.933333
0.933333
0.933333
0.937255
0.937255
0.937255
0.937255
0.933333
0.960784
0.956863
0.960784
0.960784
0.960784
0.956863
0.952941
0.952941
0.952941
0.909804
0.607843
0.439216
0.411765
0.219608
0.290196
0.105882
0.101961
0.333333
0.364706
0.360784
0.372549
0.321569
0.419608
0.847059
0.933333
0.925490
0.929412
0.937255
0.937255
0.937255
0.937255
0.933333
0.956863
0.952941
0.952941
0.956863
0.956863
0.956863
0.952941
0.949020
0.952941
0.843137
0.458824
0.407843
0.274510
0.133333
0.368627
0.164706
0.235294
0.392157
0.392157
0.329412
0.415686
0.333333
0.396078
0.780392
0.933333
0.921569
0.925490
0.933333
0.933333
0.933333
0.933333
0.929412
0.949020
0.941176
0.945098
0.949020
0.949020
0.952941
0.952941
0.941176
0.949020
0.737255
0.388235
0.337255
0.152941
0.180392
0.364706
0.247059
0.364706
0.349020
0.407843
0.333333
0.396078
0.333333
0.450980
0.831373
0.917647
0.917647
0.925490
0.921569
0.921569
0.929412
0.925490
0.921569
0.945098
0.937255
0.937255
0.941176
0.945098
0.949020
0.945098
0.937255
0.945098
0.686275
0.290196
0.384314
0.278431
0.333333
0.333333
0.345098
0.435294
0.352941
0.403922
0.372549
0.329412
0.415686
0.415686
0.741176
0.913725
0.909804
0.917647
0.917647
0.917647
0.921569
0.921569
0.913725
0.937255
0.929412
0.933333
0.933333
0.937255
0.941176
0.941176
0.925490
0.937255
0.737255
0.160784
0.184314
0.278431
0.329412
0.341176
0.372549
0.447059
0.403922
0.356863
0.407843
0.305882
0.560784
0.439216
0.568627
0.898039
0.913725
0.917647
0.909804
0.909804
0.917647
0.917647
0.913725
0.933333
0.925490
0.925490
0.925490
0.925490
0.933333
0.933333
0.921569
0.905882
0.494118
0.062745
0.054902
0.105882
0.188235
0.360784
0.407843
0.396078
0.439216
0.360784
0.388235
0.396078
0.752941
0.494118
0.423529
0.835294
0.882353
0.815686
0.878431
0.901961
0.917647
0.909804
0.909804
0.917647
0.909804
0.913725
0.917647
0.917647
0.921569
0.913725
0.929412
0.694118
0.137255
0.031373
0.074510
0.133333
0.247059
0.360784
0.407843
0.364706
0.427451
0.403922
0.349020
0.556863
0.839216
0.521569
0.313725
0.678431
0.717647
0.576471
0.635294
0.741176
0.843137
0.905882
0.917647
0.909804
0.901961
0.898039
0.901961
0.870588
0.870588
0.921569
0.843137
0.329412
0.035294
0.023529
0.086275
0.180392
0.364706
0.317647
0.400000
0.396078
0.388235
0.431373
0.368627
0.607843
0.619608
0.407843
0.160784
0.423529
0.541176
0.521569
0.498039
0.501961
0.607843
0.713725
0.807843
0.870588
0.839216
0.843137
0.878431
0.690196
0.705882
0.819608
0.474510
0.074510
0.039216
0.039216
0.125490
0.282353
0.423529
0.329412
0.356863
0.427451
0.352941
0.411765
0.419608
0.537255
0.486275
0.278431
0.168627
0.411765
0.541176
0.545098
0.505882
0.513725
0.529412
0.529412
0.588235
0.694118
0.662745
0.705882
0.709804
0.505882
0.513725
0.498039
0.149020
0.015686
0.031373
0.062745
0.196078
0.305882
0.392157
0.396078
0.329412
0.427451
0.364706
0.431373
0.427451
0.509804
0.466667
0.294118
0.211765
0.407843
0.525490
0.517647
0.525490
0.572549
0.635294
0.631373
0.639216
0.572549
0.556863
0.560784
0.513725
0.462745
0.454902
0.196078
0.047059
0.023529
0.027451
0.109804
0.349020
0.305882
0.360784
0.482353
0.337255
0.396078
0.490196
0.529412
0.443137
0.509804
0.474510
0.388235
0.196078
0.368627
0.560784
0.533333
0.470588
0.486275
0.658824
0.658824
0.662745
0.537255
0.513725
0.505882
0.529412
0.576471
0.349020
0.039216
0.023529
0.031373
0.043137
0.239216
0.360784
0.345098
0.321569
0.478431
0.392157
0.337255
0.545098
0.486275
0.450980
0.498039
0.419608
0.352941
0.196078
0.360784
0.580392
0.509804
0.360784
0.388235
0.549020
0.564706
0.654902
0.470588
0.431373
0.525490
0.635294
0.513725
0.121569
0.031373
0.019608
0.035294
0.156863
0.321569
0.290196
0.384314
0.317647
0.396078
0.447059
0.360784
0.494118
0.533333
0.521569
0.525490
0.325490
0.290196
0.129412
0.270588
0.509804
0.478431
0.333333
0.352941
0.564706
0.592157
0.541176
0.423529
0.411765
0.517647
0.521569
0.219608
0.023529
0.066667
0.070588
0.078431
0.286275
0.325490
0.247059
0.384314
0.364706
0.317647
0.419608
0.431373
0.454902
0.611765
0.588235
0.513725
0.321569
0.294118
0.125490
0.196078
0.466667
0.650980
0.584314
0.329412
0.450980
0.517647
0.490196
0.466667
0.419608
0.439216
0.317647
0.074510
0.007843
0.082353
0.337255
0.282353
0.317647
0.321569
0.278431
0.325490
0.407843
0.282353
0.337255
0.419608
0.458824
0.600000
0.486275
0.325490
0.301961
0.254902
0.125490
0.109804
0.360784
0.584314
0.737255
0.466667
0.376471
0.435294
0.568627
0.321569
0.301961
0.423529
0.435294
0.349020
0.313725
0.250980
0.482353
0.364706
0.231373
0.317647
0.321569
0.274510
0.380392
0.337255
0.333333
0.427451
0.537255
0.537255
0.321569
0.270588
0.345098
0.211765
0.125490
0.125490
0.337255
0.627451
0.701961
0.635294
0.588235
0.462745
0.611765
0.341176
0.145098
0.239216
0.431373
0.447059
0.415686
0.427451
0.431373
0.301961
0.231373
0.294118
0.368627
0.262745
0.309804
0.360784
0.458824
0.486275
0.423529
0.360784
0.286275
0.207843
0.286275
0.180392
0.133333
0.168627
0.282353
0.662745
0.749020
0.784314
0.866667
0.682353
0.619608
0.274510
0.062745
0.282353
0.388235
0.368627
0.309804
0.313725
0.337255
0.325490
0.286275
0.262745
0.384314
0.301961
0.274510
0.329412
0.419608
0.682353
0.513725
0.400000
0.317647
0.125490
0.172549
0.219608
0.168627
0.239216
0.239216
0.584314
0.831373
0.831373
0.823529
0.698039
0.486275
0.290196
0.443137
0.364706
0.325490
0.200000
0.258824
0.239216
0.223529
0.329412
0.329412
0.239216
0.325490
0.313725
0.360784
0.239216
0.168627
0.478431
0.486275
0.352941
0.278431
0.129412
0.133333
0.274510
0.309804
0.301961
0.180392
0.454902
0.701961
0.686275
0.623529
0.243137
0.435294
0.227451
0.572549
0.670588
0.411765
0.180392
0.137255
0.188235
0.164706
0.188235
0.337255
0.282353
0.235294
0.305882
0.368627
0.250980
0.305882
0.388235
0.349020
0.301961
0.294118
0.250980
0.203922
0.239216
0.282353
0.317647
0.203922
0.266667
0.203922
0.176471
0.301961
0.156863
0.411765
0.117647
0.286275
0.701961
0.313725
0.090196
0.050980
0.094118
0.105882
0.086275
0.258824
0.321569
0.192157
0.360784
0.223529
0.290196
0.325490
0.309804
0.325490
0.278431
0.196078
0.192157
0.219608
0.184314
0.282353
0.419608
0.231373
0.133333
0.188235
0.090196
0.074510
0.149020
0.411765
0.164706
0.282353
0.717647
0.388235
0.121569
0.094118
0.180392
0.266667
0.149020
0.137255
0.305882
0.262745
0.258824
0.090196
0.105882
0.105882
0.196078
0.164706
0.129412
0.164706
0.203922
0.337255
0.247059
0.262745
0.415686
0.231373
0.180392
0.317647
0.231373
0.074510
0.090196
0.474510
0.250980
0.388235
0.721569
0.560784
0.243137
0.333333
0.462745
0.403922
0.180392
0.078431
0.227451
0.376471
0.145098
0.062745
0.031373
0.082353
0.274510
0.227451
0.050980
0.211765
0.352941
0.588235
0.592157
0.560784
0.439216
0.101961
0.345098
0.517647
0.501961
0.215686
0.101961
0.505882
0.192157
0.250980
0.701961
0.615686
0.192157
0.262745
0.282353
0.200000
0.101961
0.043137
0.117647
0.215686
0.066667
0.086275
0.039216
0.082353
0.345098
0.290196
0.019608
0.286275
0.396078
0.533333
0.513725
0.431373
0.282353
0.094118
0.137255
0.184314
0.207843
0.243137
0.317647
0.541176
0.105882
0.090196
0.533333
0.490196
0.215686
0.180392
0.172549
0.200000
0.113725
0.105882
0.058824
0.062745
0.141176
0.145098
0.031373
0.074510
0.372549
0.227451
0.027451
0.176471
0.298039
0.435294
0.396078
0.360784
0.388235
0.298039
0.180392
0.180392
0.247059
0.364706
0.435294
0.596078
0.988235
0.980392
0.980392
0.972549
0.968627
0.976471
0.980392
0.976471
0.968627
0.972549
0.976471
0.968627
0.952941
0.964706
0.956863
0.941176
0.929412
0.917647
0.874510
0.909804
0.956863
0.952941
0.964706
0.976471
0.980392
0.976471
0.976471
0.984314
0.980392
0.976471
0.976471
0.988235
0.992157
0.984314
0.984314
0.976471
0.972549
0.980392
0.988235
0.980392
0.972549
0.972549
0.972549
0.972549
0.886275
0.784314
0.768627
0.721569
0.705882
0.713725
0.670588
0.717647
0.882353
0.913725
0.949020
0.976471
0.980392
0.980392
0.980392
0.988235
0.984314
0.980392
0.980392
0.992157
0.976471
0.968627
0.976471
0.968627
0.960784
0.968627
0.976471
0.976471
0.976471
0.968627
0.952941
0.956863
0.658824
0.537255
0.654902
0.694118
0.698039
0.623529
0.415686
0.345098
0.537255
0.764706
0.843137
0.964706
0.976471
0.980392
0.984314
0.988235
0.988235
0.984314
0.984314
0.988235
0.976471
0.968627
0.976471
0.968627
0.964706
0.968627
0.972549
0.976471
0.976471
0.960784
0.949020
0.929412
0.568627
0.768627
0.894118
0.694118
0.470588
0.294118
0.168627
0.278431
0.462745
0.658824
0.890196
0.956863
0.976471
0.976471
0.980392
0.984314
0.984314
0.984314
0.984314
0.980392
0.992157
0.984314
0.988235
0.980392
0.976471
0.976471
0.976471
0.980392
0.976471
0.960784
0.968627
0.827451
0.501961
0.811765
0.756863
0.317647
0.188235
0.145098
0.180392
0.443137
0.501961
0.560784
0.905882
0.956863
0.964706
0.972549
0.972549
0.980392
0.980392
0.980392
0.976471
0.972549
0.988235
0.984314
0.988235
0.984314
0.984314
0.980392
0.976471
0.976471
0.976471
0.956863
0.941176
0.658824
0.372549
0.560784
0.447059
0.239216
0.184314
0.156863
0.337255
0.545098
0.498039
0.501961
0.823529
0.960784
0.956863
0.972549
0.972549
0.976471
0.976471
0.976471
0.976471
0.972549
0.984314
0.980392
0.984314
0.984314
0.984314
0.980392
0.976471
0.976471
0.968627
0.968627
0.854902
0.501961
0.419608
0.458824
0.282353
0.188235
0.156863
0.235294
0.462745
0.549020
0.505882
0.482353
0.690196
0.960784
0.960784
0.972549
0.972549
0.976471
0.976471
0.976471
0.976471
0.972549
0.984314
0.980392
0.984314
0.984314
0.984314
0.980392
0.976471
0.976471
0.976471
0.937255
0.654902
0.498039
0.486275
0.286275
0.349020
0.196078
0.180392
0.415686
0.525490
0.513725
0.533333
0.498039
0.556863
0.886275
0.964706
0.964706
0.968627
0.976471
0.976471
0.976471
0.976471
0.972549
0.980392
0.976471
0.976471
0.980392
0.980392
0.980392
0.976471
0.972549
0.976471
0.874510
0.513725
0.466667
0.364706
0.207843
0.423529
0.250980
0.317647
0.517647
0.564706
0.490196
0.576471
0.501961
0.545098
0.815686
0.956863
0.960784
0.964706
0.972549
0.972549
0.972549
0.972549
0.968627
0.976471
0.964706
0.968627
0.972549
0.972549
0.976471
0.976471
0.964706
0.972549
0.764706
0.423529
0.392157
0.235294
0.258824
0.431373
0.313725
0.462745
0.501961
0.564706
0.498039
0.552941
0.494118
0.600000
0.858824
0.941176
0.960784
0.964706
0.960784
0.960784
0.968627
0.964706
0.960784
0.968627
0.960784
0.960784
0.964706
0.968627
0.972549
0.968627
0.960784
0.968627
0.709804
0.317647
0.407843
0.317647
0.372549
0.396078
0.415686
0.564706
0.513725
0.541176
0.541176
0.494118
0.545098
0.537255
0.792157
0.945098
0.949020
0.956863
0.956863
0.956863
0.960784
0.960784
0.952941
0.964706
0.952941
0.956863
0.956863
0.960784
0.964706
0.964706
0.949020
0.956863
0.776471
0.223529
0.227451
0.309804
0.356863
0.376471
0.462745
0.568627
0.552941
0.498039
0.564706
0.490196
0.670588
0.545098
0.650980
0.929412
0.949020
0.952941
0.949020
0.949020
0.956863
0.956863
0.952941
0.956863
0.949020
0.949020
0.949020
0.949020
0.956863
0.956863
0.941176
0.929412
0.552941
0.141176
0.129412
0.180392
0.243137
0.407843
0.525490
0.521569
0.584314
0.509804
0.529412
0.560784
0.819608
0.584314
0.517647
0.866667
0.901961
0.823529
0.882353
0.909804
0.941176
0.952941
0.952941
0.941176
0.933333
0.937255
0.941176
0.941176
0.945098
0.941176
0.949020
0.729412
0.207843
0.113725
0.160784
0.215686
0.309804
0.462745
0.545098
0.498039
0.568627
0.541176
0.494118
0.658824
0.862745
0.576471
0.400000
0.717647
0.705882
0.537255
0.580392
0.690196
0.847059
0.937255
0.956863
0.937255
0.929412
0.925490
0.933333
0.894118
0.894118
0.941176
0.866667
0.380392
0.109804
0.109804
0.160784
0.235294
0.454902
0.450980
0.529412
0.525490
0.521569
0.564706
0.505882
0.607843
0.611765
0.470588
0.247059
0.466667
0.494118
0.458824
0.443137
0.458824
0.603922
0.733333
0.839216
0.882353
0.847059
0.874510
0.917647
0.701961
0.698039
0.803922
0.509804
0.137255
0.101961
0.125490
0.176471
0.337255
0.537255
0.474510
0.486275
0.552941
0.498039
0.549020
0.501961
0.486275
0.466667
0.372549
0.282353
0.458824
0.466667
0.478431
0.443137
0.458824
0.529412
0.529412
0.576471
0.635294
0.615686
0.678431
0.690196
0.486275
0.466667
0.466667
0.188235
0.078431
0.086275
0.129412
0.270588
0.415686
0.513725
0.533333
0.470588
0.560784
0.505882
0.541176
0.443137
0.447059
0.454902
0.376471
0.325490
0.482353
0.462745
0.447059
0.411765
0.454902
0.607843
0.607843
0.596078
0.494118
0.462745
0.470588
0.443137
0.415686
0.427451
0.207843
0.082353
0.082353
0.082353
0.149020
0.435294
0.462745
0.490196
0.603922
0.486275
0.533333
0.584314
0.572549
0.419608
0.454902
0.407843
0.396078
0.305882
0.462745
0.490196
0.454902
0.384314
0.450980
0.650980
0.647059
0.631373
0.509804
0.447059
0.466667
0.462745
0.466667
0.333333
0.082353
0.050980
0.090196
0.074510
0.274510
0.482353
0.513725
0.458824
0.588235
0.533333
0.478431
0.603922
0.482353
0.435294
0.498039
0.450980
0.427451
0.325490
0.482353
0.639216
0.580392
0.462745
0.521569
0.658824
0.619608
0.635294
0.435294
0.423529
0.513725
0.525490
0.415686
0.145098
0.062745
0.039216
0.082353
0.200000
0.407843
0.435294
0.537255
0.466667
0.529412
0.576471
0.486275
0.572549
0.596078
0.549020
0.623529
0.490196
0.450980
0.219608
0.388235
0.647059
0.611765
0.490196
0.525490
0.705882
0.678431
0.580392
0.423529
0.423529
0.521569
0.486275
0.215686
0.062745
0.094118
0.086275
0.101961
0.364706
0.490196
0.407843
0.517647
0.521569
0.474510
0.556863
0.517647
0.552941
0.721569
0.643137
0.635294
0.505882
0.439216
0.207843
0.278431
0.549020
0.709804
0.682353
0.486275
0.564706
0.607843
0.564706
0.498039
0.439216
0.537255
0.407843
0.105882
0.027451
0.101961
0.274510
0.270588
0.447059
0.513725
0.431373
0.450980
0.564706
0.450980
0.498039
0.517647
0.521569
0.658824
0.549020
0.458824
0.501961
0.415686
0.231373
0.215686
0.466667
0.647059
0.792157
0.572549
0.482353
0.549020
0.615686
0.309804
0.286275
0.462745
0.470588
0.352941
0.298039
0.215686
0.364706
0.419608
0.415686
0.494118
0.478431
0.423529
0.533333
0.498039
0.478431
0.501961
0.584314
0.584314
0.396078
0.403922
0.525490
0.372549
0.223529
0.258824
0.474510
0.682353
0.760784
0.717647
0.662745
0.549020
0.658824
0.321569
0.137255
0.247059
0.427451
0.450980
0.392157
0.345098
0.384314
0.454902
0.423529
0.454902
0.533333
0.439216
0.474510
0.505882
0.564706
0.545098
0.474510
0.411765
0.360784
0.317647
0.458824
0.337255
0.207843
0.286275
0.443137
0.721569
0.792157
0.847059
0.886275
0.698039
0.674510
0.247059
0.078431
0.290196
0.372549
0.396078
0.258824
0.215686
0.325490
0.482353
0.458824
0.419608
0.552941
0.486275
0.443137
0.466667
0.490196
0.725490
0.564706
0.447059
0.380392
0.196078
0.301961
0.352941
0.243137
0.345098
0.400000
0.674510
0.858824
0.894118
0.870588
0.725490
0.537255
0.266667
0.486275
0.400000
0.321569
0.211765
0.223529
0.215686
0.196078
0.443137
0.513725
0.407843
0.486275
0.513725
0.494118
0.309804
0.215686
0.517647
0.525490
0.396078
0.329412
0.188235
0.231373
0.403922
0.439216
0.447059
0.321569
0.549020
0.737255
0.752941
0.686275
0.282353
0.466667
0.227451
0.592157
0.705882
0.423529
0.160784
0.164706
0.235294
0.160784
0.235294
0.498039
0.454902
0.415686
0.474510
0.458824
0.270588
0.345098
0.435294
0.384314
0.329412
0.309804
0.282353
0.305882
0.341176
0.360784
0.439216
0.305882
0.341176
0.258824
0.219608
0.368627
0.200000
0.447059
0.121569
0.274510
0.737255
0.333333
0.078431
0.094118
0.133333
0.113725
0.109804
0.376471
0.501961
0.376471
0.490196
0.301961
0.337255
0.368627
0.372549
0.388235
0.329412
0.250980
0.239216
0.298039
0.266667
0.352941
0.525490
0.309804
0.188235
0.250980
0.129412
0.129412
0.200000
0.439216
0.160784
0.262745
0.741176
0.407843
0.101961
0.086275
0.156863
0.235294
0.149020
0.211765
0.486275
0.443137
0.372549
0.125490
0.137255
0.168627
0.239216
0.227451
0.200000
0.211765
0.239216
0.396078
0.329412
0.360784
0.509804
0.270588
0.207843
0.360784
0.254902
0.101961
0.129412
0.490196
0.250980
0.364706
0.741176
0.592157
0.215686
0.313725
0.450980
0.376471
0.176471
0.105882
0.380392
0.529412
0.184314
0.074510
0.043137
0.133333
0.282353
0.247059
0.129412
0.223529
0.345098
0.627451
0.647059
0.635294
0.498039
0.098039
0.356863
0.556863
0.509804
0.227451
0.117647
0.517647
0.188235
0.231373
0.729412
0.658824
0.196078
0.250980
0.270588
0.188235
0.117647
0.043137
0.188235
0.301961
0.074510
0.113725
0.031373
0.121569
0.360784
0.294118
0.054902
0.294118
0.400000
0.564706
0.549020
0.482353
0.329412
0.101961
0.160784
0.239216
0.258824
0.274510
0.341176
0.552941
0.101961
0.082353
0.564706
0.525490
0.196078
0.160784
0.149020
0.172549
0.113725
0.117647
0.062745
0.078431
0.149020
0.152941
0.003922
0.090196
0.396078
0.250980
0.035294
0.188235
0.321569
0.466667
0.427451
0.396078
0.423529
0.329412
0.219608
0.231373
0.298039
0.411765
0.478431
0.615686
