0.494118
0.494118
0.498039
0.498039
0.498039
0.498039
0.498039
0.501961
0.505882
0.505882
0.505882
0.505882
0.501961
0.490196
0.490196
0.415686
0.427451
0.505882
0.505882
0.505882
0.505882
0.505882
0.505882
0.505882
0.505882
0.505882
0.505882
0.505882
0.505882
0.498039
0.498039
0.490196
0.498039
0.494118
0.498039
0.498039
0.498039
0.498039
0.498039
0.501961
0.505882
0.505882
0.505882
0.505882
0.501961
0.490196
0.494118
0.450980
0.458824
0.494118
0.501961
0.505882
0.505882
0.505882
0.505882
0.505882
0.505882
0.505882
0.505882
0.505882
0.501961
0.498039
0.494118
0.490196
0.478431
0.474510
0.474510
0.478431
0.482353
0.482353
0.482353
0.486275
0.490196
0.490196
0.490196
0.490196
0.486275
0.474510
0.482353
0.501961
0.501961
0.486275
0.486275
0.486275
0.490196
0.490196
0.490196
0.490196
0.490196
0.490196
0.490196
0.486275
0.482353
0.474510
0.466667
0.466667
0.403922
0.396078
0.400000
0.403922
0.403922
0.403922
0.403922
0.403922
0.407843
0.407843
0.407843
0.407843
0.403922
0.392157
0.415686
0.454902
0.450980
0.423529
0.435294
0.407843
0.407843
0.411765
0.407843
0.407843
0.407843
0.407843
0.403922
0.400000
0.396078
0.388235
0.380392
0.376471
0.352941
0.352941
0.352941
0.356863
0.360784
0.360784
0.356863
0.360784
0.368627
0.368627
0.364706
0.364706
0.364706
0.356863
0.368627
0.396078
0.388235
0.396078
0.392157
0.364706
0.360784
0.364706
0.364706
0.368627
0.364706
0.368627
0.364706
0.360784
0.356863
0.349020
0.345098
0.345098
0.333333
0.333333
0.333333
0.337255
0.337255
0.337255
0.333333
0.337255
0.341176
0.341176
0.333333
0.329412
0.345098
0.372549
0.419608
0.407843
0.341176
0.337255
0.337255
0.341176
0.333333
0.333333
0.337255
0.337255
0.337255
0.337255
0.337255
0.337255
0.337255
0.329412
0.329412
0.337255
0.329412
0.321569
0.321569
0.325490
0.329412
0.329412
0.329412
0.329412
0.329412
0.329412
0.325490
0.325490
0.345098
0.368627
0.419608
0.407843
0.329412
0.329412
0.325490
0.329412
0.325490
0.321569
0.321569
0.321569
0.321569
0.321569
0.321569
0.329412
0.329412
0.321569
0.325490
0.329412
0.321569
0.317647
0.317647
0.317647
0.317647
0.317647
0.317647
0.313725
0.313725
0.325490
0.333333
0.337255
0.333333
0.325490
0.400000
0.407843
0.341176
0.333333
0.321569
0.313725
0.317647
0.313725
0.313725
0.317647
0.317647
0.317647
0.317647
0.321569
0.321569
0.321569
0.313725
0.317647
0.309804
0.305882
0.317647
0.313725
0.317647
0.313725
0.305882
0.298039
0.301961
0.317647
0.321569
0.325490
0.309804
0.254902
0.384314
0.415686
0.356863
0.325490
0.317647
0.298039
0.298039
0.301961
0.305882
0.309804
0.309804
0.309804
0.305882
0.309804
0.317647
0.317647
0.305882
0.298039
0.321569
0.325490
0.325490
0.325490
0.321569
0.309804
0.313725
0.317647
0.321569
0.337255
0.384314
0.419608
0.407843
0.368627
0.360784
0.388235
0.372549
0.364706
0.333333
0.313725
0.313725
0.317647
0.317647
0.313725
0.317647
0.317647
0.317647
0.317647
0.317647
0.321569
0.313725
0.309804
0.333333
0.337255
0.333333
0.333333
0.325490
0.313725
0.325490
0.321569
0.317647
0.329412
0.415686
0.505882
0.458824
0.407843
0.266667
0.278431
0.325490
0.411765
0.356863
0.321569
0.321569
0.321569
0.325490
0.329412
0.329412
0.321569
0.325490
0.321569
0.329412
0.337255
0.325490
0.329412
0.333333
0.333333
0.337255
0.341176
0.333333
0.321569
0.341176
0.341176
0.345098
0.364706
0.388235
0.450980
0.392157
0.423529
0.458824
0.478431
0.501961
0.549020
0.411765
0.329412
0.345098
0.333333
0.337255
0.345098
0.341176
0.341176
0.333333
0.333333
0.337255
0.349020
0.341176
0.337255
0.317647
0.325490
0.325490
0.329412
0.329412
0.321569
0.309804
0.270588
0.258824
0.309804
0.478431
0.494118
0.470588
0.447059
0.564706
0.666667
0.623529
0.607843
0.368627
0.317647
0.372549
0.360784
0.341176
0.329412
0.345098
0.356863
0.337255
0.337255
0.325490
0.341176
0.352941
0.345098
0.309804
0.333333
0.341176
0.341176
0.325490
0.333333
0.266667
0.180392
0.219608
0.317647
0.654902
0.658824
0.568627
0.525490
0.607843
0.674510
0.698039
0.592157
0.372549
0.309804
0.380392
0.380392
0.380392
0.396078
0.341176
0.372549
0.388235
0.325490
0.313725
0.333333
0.337255
0.325490
0.301961
0.305882
0.313725
0.309804
0.301961
0.317647
0.274510
0.164706
0.219608
0.364706
0.525490
0.494118
0.541176
0.486275
0.549020
0.600000
0.682353
0.533333
0.317647
0.270588
0.329412
0.423529
0.513725
0.474510
0.384314
0.439216
0.384314
0.333333
0.329412
0.341176
0.341176
0.352941
0.301961
0.290196
0.294118
0.290196
0.286275
0.337255
0.439216
0.439216
0.423529
0.450980
0.407843
0.321569
0.337255
0.384314
0.490196
0.596078
0.619608
0.513725
0.329412
0.286275
0.345098
0.392157
0.525490
0.447059
0.329412
0.290196
0.227451
0.333333
0.352941
0.356863
0.345098
0.419608
0.305882
0.305882
0.298039
0.329412
0.392157
0.509804
0.654902
0.745098
0.776471
0.729412
0.596078
0.411765
0.360784
0.427451
0.431373
0.462745
0.447059
0.427451
0.388235
0.341176
0.337255
0.396078
0.490196
0.364706
0.215686
0.152941
0.231373
0.309804
0.372549
0.392157
0.443137
0.545098
0.301961
0.345098
0.431373
0.580392
0.678431
0.760784
0.803922
0.800000
0.792157
0.811765
0.796078
0.619608
0.478431
0.439216
0.443137
0.439216
0.419608
0.419608
0.411765
0.349020
0.262745
0.341176
0.356863
0.274510
0.239216
0.239216
0.235294
0.247059
0.309804
0.490196
0.635294
0.698039
0.415686
0.596078
0.760784
0.835294
0.847059
0.847059
0.839216
0.819608
0.792157
0.796078
0.811765
0.800000
0.662745
0.501961
0.396078
0.419608
0.427451
0.423529
0.415686
0.376471
0.309804
0.372549
0.364706
0.309804
0.298039
0.286275
0.227451
0.223529
0.450980
0.694118
0.772549
0.784314
0.447059
0.545098
0.627451
0.686275
0.721569
0.745098
0.772549
0.792157
0.819608
0.823529
0.831373
0.850980
0.847059
0.823529
0.709804
0.670588
0.501961
0.400000
0.427451
0.372549
0.376471
0.403922
0.392157
0.341176
0.290196
0.294118
0.376471
0.415686
0.654902
0.803922
0.800000
0.800000
0.337255
0.301961
0.325490
0.360784
0.396078
0.407843
0.431373
0.439216
0.478431
0.498039
0.509804
0.533333
0.592157
0.725490
0.827451
0.827451
0.749020
0.650980
0.600000
0.552941
0.517647
0.486275
0.474510
0.380392
0.262745
0.403922
0.717647
0.772549
0.784314
0.807843
0.792157
0.784314
0.309804
0.301961
0.301961
0.282353
0.301961
0.305882
0.298039
0.282353
0.278431
0.270588
0.274510
0.282353
0.313725
0.364706
0.431373
0.486275
0.525490
0.560784
0.615686
0.690196
0.698039
0.666667
0.666667
0.600000
0.509804
0.556863
0.694118
0.741176
0.780392
0.768627
0.784314
0.788235
0.309804
0.298039
0.305882
0.305882
0.321569
0.317647
0.309804
0.317647
0.333333
0.325490
0.290196
0.282353
0.309804
0.301961
0.301961
0.290196
0.286275
0.294118
0.333333
0.368627
0.435294
0.498039
0.552941
0.576471
0.607843
0.674510
0.725490
0.745098
0.745098
0.756863
0.796078
0.811765
0.301961
0.301961
0.329412
0.317647
0.290196
0.282353
0.290196
0.305882
0.301961
0.313725
0.305882
0.301961
0.309804
0.309804
0.313725
0.298039
0.282353
0.313725
0.313725
0.298039
0.313725
0.329412
0.321569
0.329412
0.352941
0.407843
0.450980
0.466667
0.447059
0.474510
0.509804
0.501961
0.298039
0.290196
0.294118
0.294118
0.294118
0.294118
0.290196
0.286275
0.282353
0.305882
0.298039
0.274510
0.301961
0.298039
0.286275
0.290196
0.274510
0.294118
0.294118
0.301961
0.301961
0.298039
0.290196
0.298039
0.266667
0.274510
0.278431
0.266667
0.282353
0.286275
0.290196
0.298039
0.282353
0.290196
0.266667
0.247059
0.282353
0.301961
0.305882
0.305882
0.317647
0.313725
0.294118
0.274510
0.254902
0.274510
0.282353
0.262745
0.239216
0.235294
0.258824
0.301961
0.274510
0.270588
0.294118
0.294118
0.278431
0.262745
0.247059
0.247059
0.254902
0.247059
0.254902
0.258824
0.313725
0.294118
0.266667
0.270588
0.282353
0.294118
0.309804
0.294118
0.286275
0.301961
0.317647
0.301961
0.247059
0.250980
0.278431
0.294118
0.286275
0.274510
0.294118
0.294118
0.282353
0.290196
0.290196
0.278431
0.270588
0.258824
0.247059
0.258824
0.254902
0.258824
0.294118
0.266667
0.309804
0.278431
0.294118
0.305882
0.301961
0.286275
0.309804
0.305882
0.294118
0.301961
0.305882
0.290196
0.270588
0.286275
0.290196
0.278431
0.278431
0.290196
0.278431
0.282353
0.298039
0.290196
0.286275
0.286275
0.282353
0.266667
0.247059
0.254902
0.258824
0.262745
0.270588
0.250980
0.286275
0.278431
0.282353
0.301961
0.305882
0.290196
0.282353
0.266667
0.282353
0.254902
0.274510
0.294118
0.266667
0.298039
0.298039
0.278431
0.290196
0.305882
0.309804
0.309804
0.294118
0.258824
0.282353
0.294118
0.294118
0.278431
0.282353
0.290196
0.286275
0.266667
0.254902
0.258824
0.309804
0.309804
0.294118
0.294118
0.313725
0.286275
0.262745
0.274510
0.305882
0.274510
0.270588
0.266667
0.254902
0.266667
0.262745
0.278431
0.274510
0.286275
0.313725
0.317647
0.321569
0.290196
0.286275
0.290196
0.286275
0.262745
0.250980
0.247059
0.243137
0.262745
0.282353
0.262745
0.298039
0.298039
0.274510
0.262745
0.270588
0.282353
0.290196
0.298039
0.298039
0.298039
0.309804
0.278431
0.258824
0.239216
0.262745
0.282353
0.270588
0.286275
0.282353
0.301961
0.313725
0.305882
0.286275
0.282353
0.278431
0.266667
0.270588
0.274510
0.266667
0.298039
0.286275
0.266667
0.250980
0.274510
0.298039
0.286275
0.266667
0.270588
0.290196
0.301961
0.278431
0.282353
0.305882
0.294118
0.298039
0.278431
0.266667
0.243137
0.250980
0.282353
0.270588
0.282353
0.321569
0.325490
0.294118
0.286275
0.298039
0.294118
0.301961
0.317647
0.298039
0.294118
0.290196
0.301961
0.643137
0.639216
0.643137
0.643137
0.643137
0.643137
0.643137
0.639216
0.639216
0.639216
0.639216
0.639216
0.639216
0.650980
0.639216
0.529412
0.556863
0.643137
0.639216
0.639216
0.639216
0.639216
0.639216
0.639216
0.639216
0.639216
0.639216
0.639216
0.639216
0.643137
0.643137
0.635294
0.643137
0.639216
0.643137
0.643137
0.643137
0.643137
0.639216
0.639216
0.639216
0.639216
0.639216
0.639216
0.639216
0.647059
0.639216
0.568627
0.607843
0.654902
0.643137
0.635294
0.635294
0.635294
0.639216
0.639216
0.639216
0.639216
0.639216
0.635294
0.639216
0.639216
0.639216
0.635294
0.627451
0.619608
0.619608
0.623529
0.627451
0.627451
0.627451
0.627451
0.623529
0.623529
0.623529
0.623529
0.623529
0.631373
0.631373
0.615686
0.635294
0.627451
0.623529
0.615686
0.619608
0.623529
0.623529
0.623529
0.623529
0.623529
0.623529
0.619608
0.619608
0.619608
0.615686
0.611765
0.549020
0.541176
0.545098
0.549020
0.549020
0.549020
0.549020
0.545098
0.541176
0.541176
0.541176
0.541176
0.541176
0.549020
0.560784
0.560784
0.517647
0.501961
0.545098
0.545098
0.549020
0.545098
0.541176
0.541176
0.541176
0.541176
0.537255
0.533333
0.533333
0.533333
0.525490
0.521569
0.501961
0.494118
0.498039
0.501961
0.505882
0.505882
0.501961
0.501961
0.501961
0.505882
0.505882
0.501961
0.501961
0.509804
0.513725
0.505882
0.447059
0.466667
0.505882
0.509804
0.505882
0.501961
0.501961
0.501961
0.501961
0.501961
0.501961
0.494118
0.498039
0.494118
0.490196
0.490196
0.478431
0.474510
0.478431
0.482353
0.482353
0.482353
0.478431
0.478431
0.482353
0.486275
0.490196
0.478431
0.474510
0.505882
0.549020
0.533333
0.474510
0.478431
0.482353
0.486275
0.478431
0.478431
0.482353
0.478431
0.478431
0.478431
0.478431
0.482353
0.482353
0.478431
0.478431
0.482353
0.474510
0.466667
0.466667
0.470588
0.474510
0.474510
0.474510
0.470588
0.470588
0.478431
0.474510
0.466667
0.462745
0.486275
0.537255
0.529412
0.470588
0.478431
0.474510
0.474510
0.470588
0.466667
0.466667
0.466667
0.466667
0.466667
0.466667
0.474510
0.474510
0.470588
0.474510
0.478431
0.466667
0.462745
0.462745
0.462745
0.462745
0.462745
0.462745
0.458824
0.458824
0.466667
0.466667
0.458824
0.435294
0.427451
0.501961
0.509804
0.458824
0.462745
0.462745
0.462745
0.462745
0.458824
0.458824
0.462745
0.462745
0.462745
0.462745
0.466667
0.466667
0.470588
0.462745
0.466667
0.458824
0.450980
0.462745
0.458824
0.462745
0.458824
0.450980
0.450980
0.454902
0.450980
0.435294
0.423529
0.392157
0.337255
0.466667
0.498039
0.450980
0.439216
0.450980
0.450980
0.447059
0.447059
0.450980
0.454902
0.454902
0.454902
0.450980
0.454902
0.462745
0.466667
0.454902
0.447059
0.466667
0.470588
0.470588
0.470588
0.466667
0.454902
0.458824
0.466667
0.474510
0.466667
0.486275
0.498039
0.474510
0.439216
0.431373
0.458824
0.450980
0.466667
0.462745
0.470588
0.466667
0.462745
0.466667
0.458824
0.462745
0.462745
0.462745
0.462745
0.462745
0.470588
0.462745
0.458824
0.482353
0.486275
0.482353
0.478431
0.474510
0.466667
0.466667
0.466667
0.470588
0.458824
0.513725
0.572549
0.494118
0.454902
0.337255
0.360784
0.396078
0.498039
0.478431
0.478431
0.486275
0.482353
0.474510
0.466667
0.466667
0.474510
0.486275
0.474510
0.470588
0.478431
0.466667
0.470588
0.486275
0.482353
0.486275
0.478431
0.478431
0.478431
0.470588
0.462745
0.486275
0.490196
0.490196
0.513725
0.380392
0.419608
0.490196
0.525490
0.541176
0.603922
0.501961
0.454902
0.498039
0.498039
0.486275
0.486275
0.478431
0.486275
0.486275
0.478431
0.474510
0.482353
0.474510
0.470588
0.466667
0.474510
0.474510
0.470588
0.482353
0.470588
0.423529
0.364706
0.356863
0.396078
0.576471
0.576471
0.470588
0.431373
0.552941
0.658824
0.627451
0.627451
0.403922
0.368627
0.462745
0.478431
0.474510
0.478431
0.478431
0.450980
0.439216
0.458824
0.466667
0.478431
0.486275
0.478431
0.458824
0.482353
0.490196
0.486275
0.478431
0.474510
0.364706
0.247059
0.262745
0.337255
0.701961
0.741176
0.635294
0.576471
0.650980
0.705882
0.713725
0.596078
0.372549
0.305882
0.411765
0.454902
0.478431
0.521569
0.439216
0.407843
0.423529
0.415686
0.462745
0.466667
0.470588
0.458824
0.450980
0.454902
0.462745
0.458824
0.450980
0.450980
0.356863
0.203922
0.211765
0.301961
0.478431
0.509804
0.615686
0.568627
0.635294
0.690196
0.756863
0.580392
0.337255
0.262745
0.341176
0.450980
0.549020
0.517647
0.407843
0.423529
0.364706
0.396078
0.482353
0.478431
0.470588
0.486275
0.450980
0.439216
0.443137
0.439216
0.431373
0.462745
0.505882
0.462745
0.384314
0.329412
0.274510
0.239216
0.309804
0.388235
0.517647
0.650980
0.713725
0.596078
0.376471
0.313725
0.360784
0.400000
0.521569
0.431373
0.309804
0.254902
0.192157
0.388235
0.509804
0.494118
0.474510
0.549020
0.447059
0.450980
0.447059
0.466667
0.513725
0.600000
0.701961
0.764706
0.756863
0.639216
0.454902
0.250980
0.192157
0.266667
0.278431
0.329412
0.392157
0.388235
0.356863
0.368627
0.360784
0.403922
0.517647
0.407843
0.262745
0.184314
0.254902
0.356863
0.454902
0.498039
0.549020
0.650980
0.435294
0.470588
0.549020
0.682353
0.756863
0.815686
0.827451
0.831373
0.831373
0.815686
0.752941
0.533333
0.325490
0.262745
0.243137
0.219608
0.215686
0.215686
0.243137
0.254902
0.184314
0.262745
0.309804
0.262745
0.215686
0.184314
0.188235
0.203922
0.294118
0.556863
0.709804
0.768627
0.545098
0.694118
0.831373
0.890196
0.894118
0.874510
0.847059
0.843137
0.847059
0.843137
0.850980
0.819608
0.615686
0.411765
0.254902
0.239216
0.192157
0.176471
0.192157
0.180392
0.121569
0.184314
0.196078
0.160784
0.149020
0.129412
0.098039
0.125490
0.400000
0.729412
0.815686
0.823529
0.576471
0.647059
0.698039
0.745098
0.776471
0.792157
0.815686
0.827451
0.850980
0.858824
0.866667
0.890196
0.874510
0.815686
0.650980
0.572549
0.380392
0.286275
0.317647
0.254902
0.215686
0.219608
0.219608
0.176471
0.156863
0.211765
0.321569
0.396078
0.658824
0.823529
0.823529
0.823529
0.470588
0.427451
0.443137
0.462745
0.494118
0.509804
0.537255
0.541176
0.568627
0.576471
0.580392
0.600000
0.654902
0.772549
0.850980
0.831373
0.749020
0.670588
0.615686
0.517647
0.450980
0.407843
0.396078
0.298039
0.215686
0.415686
0.737255
0.803922
0.819608
0.831373
0.815686
0.807843
0.450980
0.447059
0.450980
0.423529
0.435294
0.447059
0.443137
0.443137
0.447059
0.419608
0.407843
0.396078
0.403922
0.447059
0.513725
0.564706
0.596078
0.639216
0.690196
0.713725
0.717647
0.701961
0.690196
0.619608
0.537255
0.600000
0.729412
0.768627
0.803922
0.800000
0.815686
0.819608
0.458824
0.443137
0.458824
0.454902
0.470588
0.466667
0.458824
0.470588
0.486275
0.478431
0.439216
0.423529
0.427451
0.419608
0.419608
0.407843
0.400000
0.407843
0.447059
0.470588
0.525490
0.584314
0.639216
0.662745
0.682353
0.737255
0.784314
0.803922
0.796078
0.803922
0.839216
0.858824
0.450980
0.450980
0.478431
0.466667
0.439216
0.431373
0.439216
0.454902
0.447059
0.462745
0.458824
0.447059
0.435294
0.439216
0.439216
0.427451
0.407843
0.439216
0.439216
0.423529
0.439216
0.450980
0.447059
0.454902
0.466667
0.509804
0.552941
0.568627
0.549020
0.576471
0.615686
0.607843
0.447059
0.439216
0.443137
0.443137
0.443137
0.443137
0.439216
0.435294
0.431373
0.454902
0.447059
0.419608
0.439216
0.435294
0.423529
0.427451
0.411765
0.427451
0.427451
0.435294
0.447059
0.450980
0.439216
0.450980
0.415686
0.415686
0.419608
0.407843
0.423529
0.447059
0.454902
0.462745
0.431373
0.439216
0.415686
0.396078
0.431373
0.450980
0.454902
0.454902
0.466667
0.462745
0.443137
0.423529
0.396078
0.415686
0.423529
0.407843
0.384314
0.380392
0.403922
0.447059
0.431373
0.435294
0.458824
0.458824
0.443137
0.423529
0.411765
0.407843
0.419608
0.423529
0.431373
0.435294
0.462745
0.443137
0.415686
0.419608
0.431373
0.443137
0.458824
0.443137
0.435294
0.450980
0.466667
0.450980
0.396078
0.400000
0.427451
0.443137
0.439216
0.427451
0.447059
0.447059
0.439216
0.447059
0.450980
0.435294
0.431373
0.423529
0.411765
0.423529
0.415686
0.411765
0.447059
0.419608
0.458824
0.427451
0.443137
0.454902
0.450980
0.435294
0.458824
0.454902
0.443137
0.450980
0.454902
0.439216
0.423529
0.435294
0.439216
0.431373
0.431373
0.443137
0.431373
0.435294
0.447059
0.439216
0.439216
0.435294
0.435294
0.419608
0.403922
0.407843
0.411765
0.407843
0.415686
0.396078
0.439216
0.427451
0.431373
0.450980
0.454902
0.439216
0.431373
0.415686
0.431373
0.403922
0.423529
0.443137
0.415686
0.443137
0.447059
0.427451
0.439216
0.454902
0.458824
0.458824
0.443137
0.407843
0.427451
0.443137
0.443137
0.427451
0.431373
0.439216
0.435294
0.415686
0.403922
0.407843
0.462745
0.458824
0.443137
0.443137
0.462745
0.435294
0.411765
0.423529
0.454902
0.423529
0.419608
0.415686
0.403922
0.415686
0.411765
0.427451
0.423529
0.435294
0.462745
0.466667
0.470588
0.439216
0.435294
0.439216
0.435294
0.411765
0.400000
0.396078
0.392157
0.411765
0.431373
0.411765
0.447059
0.447059
0.423529
0.411765
0.419608
0.431373
0.439216
0.447059
0.443137
0.447059
0.458824
0.427451
0.407843
0.388235
0.411765
0.431373
0.419608
0.435294
0.427451
0.450980
0.462745
0.454902
0.435294
0.427451
0.427451
0.415686
0.419608
0.419608
0.415686
0.443137
0.435294
0.415686
0.400000
0.423529
0.447059
0.435294
0.415686
0.419608
0.439216
0.450980
0.427451
0.431373
0.454902
0.443137
0.447059
0.427451
0.415686
0.392157
0.400000
0.431373
0.419608
0.431373
0.470588
0.474510
0.443137
0.435294
0.447059
0.443137
0.450980
0.466667
0.447059
0.443137
0.439216
0.450980
0.745098
0.741176
0.745098
0.745098
0.745098
0.745098
0.745098
0.745098
0.745098
0.745098
0.745098
0.745098
0.749020
0.741176
0.717647
0.611765
0.631373
0.721569
0.737255
0.749020
0.745098
0.745098
0.745098
0.745098
0.745098
0.745098
0.745098
0.745098
0.745098
0.745098
0.745098
0.737255
0.745098
0.741176
0.745098
0.745098
0.745098
0.745098
0.741176
0.745098
0.745098
0.745098
0.745098
0.745098
0.745098
0.741176
0.717647
0.647059
0.674510
0.725490
0.737255
0.745098
0.745098
0.741176
0.741176
0.745098
0.745098
0.745098
0.741176
0.741176
0.741176
0.741176
0.741176
0.733333
0.729412
0.721569
0.721569
0.725490
0.729412
0.729412
0.729412
0.729412
0.729412
0.729412
0.729412
0.729412
0.733333
0.725490
0.709804
0.698039
0.709804
0.705882
0.717647
0.725490
0.729412
0.729412
0.729412
0.729412
0.729412
0.729412
0.729412
0.725490
0.725490
0.721569
0.717647
0.713725
0.654902
0.643137
0.647059
0.650980
0.650980
0.650980
0.650980
0.650980
0.647059
0.647059
0.647059
0.647059
0.647059
0.643137
0.639216
0.647059
0.611765
0.600000
0.650980
0.654902
0.650980
0.650980
0.647059
0.647059
0.647059
0.647059
0.643137
0.639216
0.639216
0.635294
0.627451
0.623529
0.603922
0.596078
0.600000
0.603922
0.607843
0.607843
0.603922
0.603922
0.607843
0.607843
0.611765
0.611765
0.611765
0.603922
0.600000
0.596078
0.556863
0.576471
0.611765
0.611765
0.607843
0.603922
0.607843
0.607843
0.607843
0.607843
0.603922
0.600000
0.600000
0.596078
0.588235
0.588235
0.584314
0.576471
0.580392
0.584314
0.584314
0.584314
0.580392
0.580392
0.584314
0.592157
0.592157
0.588235
0.580392
0.607843
0.650980
0.635294
0.584314
0.588235
0.584314
0.588235
0.580392
0.580392
0.584314
0.580392
0.580392
0.580392
0.580392
0.584314
0.580392
0.568627
0.568627
0.576471
0.576471
0.568627
0.568627
0.572549
0.576471
0.576471
0.576471
0.572549
0.572549
0.580392
0.576471
0.564706
0.556863
0.580392
0.631373
0.623529
0.572549
0.580392
0.576471
0.576471
0.572549
0.568627
0.568627
0.568627
0.568627
0.568627
0.568627
0.576471
0.572549
0.560784
0.564706
0.568627
0.572549
0.564706
0.564706
0.564706
0.564706
0.564706
0.564706
0.560784
0.560784
0.560784
0.552941
0.541176
0.517647
0.505882
0.580392
0.592157
0.541176
0.549020
0.560784
0.564706
0.564706
0.560784
0.560784
0.564706
0.564706
0.564706
0.564706
0.568627
0.568627
0.560784
0.552941
0.556863
0.560784
0.552941
0.564706
0.560784
0.564706
0.560784
0.552941
0.552941
0.556863
0.545098
0.505882
0.486275
0.454902
0.400000
0.529412
0.560784
0.517647
0.509804
0.541176
0.552941
0.549020
0.549020
0.552941
0.556863
0.556863
0.556863
0.552941
0.556863
0.564706
0.556863
0.545098
0.537255
0.568627
0.572549
0.572549
0.572549
0.568627
0.556863
0.560784
0.572549
0.576471
0.552941
0.549020
0.549020
0.529412
0.490196
0.482353
0.513725
0.501961
0.525490
0.549020
0.572549
0.568627
0.564706
0.568627
0.560784
0.564706
0.564706
0.564706
0.564706
0.564706
0.560784
0.552941
0.549020
0.576471
0.580392
0.576471
0.564706
0.568627
0.572549
0.568627
0.564706
0.568627
0.556863
0.576471
0.603922
0.545098
0.501961
0.376471
0.396078
0.435294
0.552941
0.552941
0.572549
0.580392
0.572549
0.572549
0.568627
0.564706
0.568627
0.576471
0.572549
0.572549
0.572549
0.560784
0.564706
0.576471
0.568627
0.576471
0.556863
0.568627
0.584314
0.572549
0.541176
0.560784
0.584314
0.552941
0.541176
0.435294
0.474510
0.533333
0.560784
0.568627
0.643137
0.560784
0.529412
0.584314
0.588235
0.584314
0.584314
0.572549
0.576471
0.580392
0.584314
0.584314
0.580392
0.572549
0.568627
0.560784
0.564706
0.564706
0.549020
0.568627
0.572549
0.517647
0.423529
0.396078
0.462745
0.631373
0.615686
0.525490
0.490196
0.611765
0.713725
0.654902
0.654902
0.450980
0.427451
0.556863
0.592157
0.576471
0.580392
0.572549
0.549020
0.549020
0.580392
0.584314
0.576471
0.584314
0.576471
0.549020
0.572549
0.580392
0.564706
0.564706
0.568627
0.443137
0.286275
0.286275
0.376471
0.745098
0.780392
0.666667
0.611765
0.690196
0.745098
0.733333
0.615686
0.403922
0.349020
0.498039
0.560784
0.576471
0.611765
0.521569
0.494118
0.533333
0.537255
0.572549
0.568627
0.568627
0.556863
0.545098
0.545098
0.552941
0.541176
0.537255
0.541176
0.419608
0.247059
0.247059
0.325490
0.501961
0.541176
0.643137
0.596078
0.658824
0.713725
0.772549
0.600000
0.364706
0.301961
0.400000
0.525490
0.619608
0.588235
0.462745
0.466667
0.443137
0.486275
0.568627
0.572549
0.572549
0.584314
0.541176
0.529412
0.537255
0.525490
0.517647
0.545098
0.560784
0.513725
0.443137
0.356863
0.290196
0.266667
0.360784
0.431373
0.552941
0.674510
0.729412
0.619608
0.407843
0.345098
0.400000
0.443137
0.568627
0.486275
0.337255
0.258824
0.235294
0.443137
0.564706
0.584314
0.572549
0.647059
0.541176
0.545098
0.549020
0.549020
0.580392
0.662745
0.760784
0.815686
0.803922
0.682353
0.494118
0.298039
0.247059
0.313725
0.309804
0.349020
0.396078
0.396078
0.376471
0.380392
0.384314
0.439216
0.545098
0.435294
0.266667
0.176471
0.270588
0.384314
0.498039
0.580392
0.631373
0.733333
0.525490
0.552941
0.623529
0.737255
0.800000
0.854902
0.866667
0.858824
0.850980
0.835294
0.776471
0.556863
0.364706
0.301961
0.274510
0.250980
0.235294
0.247059
0.278431
0.278431
0.211765
0.294118
0.329412
0.270588
0.227451
0.203922
0.215686
0.243137
0.341176
0.611765
0.764706
0.827451
0.631373
0.756863
0.874510
0.921569
0.925490
0.901961
0.862745
0.858824
0.858824
0.850980
0.843137
0.815686
0.643137
0.447059
0.298039
0.278431
0.239216
0.223529
0.239216
0.223529
0.152941
0.207843
0.211765
0.168627
0.168627
0.164706
0.137255
0.168627
0.439216
0.760784
0.847059
0.854902
0.666667
0.705882
0.741176
0.788235
0.823529
0.831373
0.839216
0.866667
0.905882
0.901961
0.894118
0.913725
0.909804
0.854902
0.694118
0.619608
0.423529
0.317647
0.345098
0.278431
0.239216
0.243137
0.239216
0.192157
0.176471
0.239216
0.349020
0.423529
0.686275
0.843137
0.839216
0.839216
0.560784
0.505882
0.517647
0.556863
0.588235
0.588235
0.603922
0.611765
0.654902
0.650980
0.643137
0.654902
0.701961
0.811765
0.886275
0.870588
0.792157
0.701961
0.635294
0.537255
0.474510
0.439216
0.427451
0.329412
0.243137
0.439216
0.772549
0.847059
0.862745
0.854902
0.835294
0.827451
0.545098
0.541176
0.549020
0.537255
0.556863
0.556863
0.541176
0.533333
0.533333
0.505882
0.490196
0.470588
0.466667
0.505882
0.564706
0.611765
0.662745
0.701961
0.741176
0.768627
0.764706
0.737255
0.729412
0.662745
0.576471
0.635294
0.776471
0.827451
0.862745
0.831373
0.843137
0.847059
0.549020
0.537255
0.549020
0.549020
0.564706
0.560784
0.552941
0.560784
0.576471
0.568627
0.529412
0.509804
0.501961
0.494118
0.494118
0.482353
0.494118
0.501961
0.541176
0.568627
0.596078
0.635294
0.694118
0.717647
0.733333
0.776471
0.827451
0.847059
0.843137
0.847059
0.882353
0.901961
0.545098
0.541176
0.568627
0.552941
0.529412
0.521569
0.529412
0.545098
0.537255
0.552941
0.549020
0.537255
0.517647
0.517647
0.521569
0.509804
0.501961
0.537255
0.541176
0.521569
0.525490
0.529412
0.521569
0.533333
0.537255
0.572549
0.611765
0.627451
0.611765
0.639216
0.674510
0.666667
0.537255
0.529412
0.533333
0.533333
0.533333
0.533333
0.529412
0.525490
0.521569
0.545098
0.537255
0.509804
0.529412
0.521569
0.509804
0.517647
0.505882
0.525490
0.525490
0.533333
0.541176
0.541176
0.533333
0.541176
0.501961
0.494118
0.498039
0.486275
0.505882
0.521569
0.525490
0.533333
0.521569
0.529412
0.505882
0.486275
0.521569
0.541176
0.545098
0.545098
0.556863
0.552941
0.533333
0.513725
0.498039
0.517647
0.525490
0.505882
0.478431
0.474510
0.498039
0.541176
0.521569
0.525490
0.545098
0.549020
0.533333
0.509804
0.498039
0.494118
0.505882
0.505882
0.513725
0.517647
0.556863
0.533333
0.505882
0.509804
0.521569
0.533333
0.549020
0.533333
0.525490
0.541176
0.556863
0.545098
0.498039
0.501961
0.529412
0.545098
0.529412
0.517647
0.537255
0.537255
0.517647
0.525490
0.525490
0.513725
0.509804
0.501961
0.490196
0.501961
0.494118
0.494118
0.525490
0.498039
0.552941
0.517647
0.533333
0.545098
0.541176
0.525490
0.549020
0.545098
0.533333
0.541176
0.545098
0.529412
0.521569
0.533333
0.537255
0.529412
0.521569
0.533333
0.521569
0.525490
0.529412
0.521569
0.517647
0.517647
0.513725
0.501961
0.482353
0.490196
0.490196
0.482353
0.494118
0.470588
0.529412
0.517647
0.521569
0.541176
0.545098
0.529412
0.521569
0.505882
0.521569
0.494118
0.513725
0.533333
0.505882
0.537255
0.537255
0.517647
0.529412
0.545098
0.549020
0.549020
0.533333
0.498039
0.517647
0.533333
0.533333
0.517647
0.521569
0.529412
0.525490
0.494118
0.478431
0.482353
0.552941
0.549020
0.533333
0.533333
0.552941
0.525490
0.501961
0.513725
0.545098
0.513725
0.509804
0.505882
0.494118
0.505882
0.501961
0.517647
0.513725
0.525490
0.552941
0.556863
0.560784
0.533333
0.525490
0.529412
0.525490
0.501961
0.490196
0.486275
0.478431
0.486275
0.505882
0.486275
0.541176
0.537255
0.513725
0.498039
0.509804
0.521569
0.529412
0.537255
0.533333
0.537255
0.549020
0.517647
0.498039
0.478431
0.501961
0.521569
0.509804
0.525490
0.517647
0.537255
0.552941
0.545098
0.525490
0.517647
0.517647
0.505882
0.509804
0.509804
0.501961
0.521569
0.509804
0.490196
0.490196
0.513725
0.537255
0.525490
0.505882
0.509804
0.529412
0.541176
0.517647
0.521569
0.545098
0.533333
0.537255
0.517647
0.505882
0.482353
0.490196
0.521569
0.509804
0.521569
0.560784
0.564706
0.533333
0.525490
0.537255
0.533333
0.541176
0.556863
0.533333
0.517647
0.513725
0.525490
