0.992157
0.972549
0.945098
0.937255
0.949020
0.960784
0.988235
0.984314
0.929412
0.929412
0.925490
0.949020
0.945098
0.941176
0.976471
0.996078
1.000000
1.000000
1.000000
0.992157
0.992157
0.996078
0.992157
0.984314
0.988235
0.992157
0.984314
0.964706
0.968627
0.964706
0.937255
0.941176
0.992157
0.992157
0.984314
0.980392
0.992157
1.000000
0.996078
0.988235
0.980392
0.976471
0.972549
0.996078
0.992157
0.988235
1.000000
1.000000
1.000000
1.000000
1.000000
1.000000
0.988235
0.996078
1.000000
0.988235
0.968627
0.980392
0.996078
0.996078
1.000000
1.000000
0.980392
0.972549
0.976471
0.976471
0.980392
0.976471
0.988235
0.988235
0.988235
0.988235
0.992157
0.984314
0.984314
0.992157
0.988235
0.988235
0.992157
0.992157
0.992157
0.996078
0.996078
0.996078
0.988235
0.988235
0.992157
0.984314
0.968627
0.972549
0.972549
0.988235
0.996078
1.000000
0.984314
0.952941
0.956863
0.972549
0.972549
0.964706
0.976471
0.976471
0.972549
0.972549
0.972549
0.968627
0.968627
0.968627
0.964706
0.968627
0.976471
0.976471
0.964706
0.972549
0.972549
0.972549
0.976471
0.972549
0.968627
0.968627
0.956863
0.956863
0.960784
0.956863
0.968627
0.976471
0.945098
0.796078
0.725490
0.800000
0.890196
0.952941
0.952941
0.960784
0.972549
0.976471
0.956863
0.929412
0.949020
0.952941
0.945098
0.941176
0.945098
0.949020
0.949020
0.941176
0.952941
0.952941
0.960784
0.964706
0.964706
0.945098
0.917647
0.905882
0.827451
0.701961
0.643137
0.662745
0.619608
0.533333
0.525490
0.549020
0.635294
0.823529
0.901961
0.843137
0.756863
0.737255
0.741176
0.698039
0.741176
0.866667
0.921569
0.937255
0.937255
0.941176
0.945098
0.937255
0.925490
0.882353
0.862745
0.819608
0.835294
0.749020
0.658824
0.635294
0.541176
0.494118
0.494118
0.505882
0.490196
0.478431
0.517647
0.525490
0.509804
0.568627
0.623529
0.568627
0.505882
0.509804
0.556863
0.545098
0.501961
0.580392
0.670588
0.776471
0.866667
0.901961
0.862745
0.788235
0.674510
0.560784
0.580392
0.525490
0.529412
0.521569
0.545098
0.501961
0.490196
0.478431
0.482353
0.486275
0.490196
0.486275
0.501961
0.498039
0.513725
0.494118
0.478431
0.486275
0.498039
0.486275
0.529412
0.529412
0.505882
0.498039
0.486275
0.501961
0.560784
0.596078
0.560784
0.501961
0.478431
0.450980
0.513725
0.478431
0.458824
0.509804
0.560784
0.490196
0.474510
0.462745
0.454902
0.462745
0.462745
0.470588
0.556863
0.552941
0.545098
0.525490
0.537255
0.525490
0.517647
0.517647
0.533333
0.552941
0.513725
0.529412
0.521569
0.517647
0.517647
0.509804
0.521569
0.541176
0.537255
0.525490
0.580392
0.556863
0.545098
0.556863
0.627451
0.584314
0.525490
0.545098
0.541176
0.529412
0.529412
0.513725
0.674510
0.666667
0.670588
0.670588
0.686275
0.682353
0.674510
0.674510
0.682353
0.674510
0.674510
0.674510
0.674510
0.674510
0.674510
0.674510
0.682353
0.686275
0.674510
0.658824
0.713725
0.698039
0.694118
0.729412
0.850980
0.725490
0.627451
0.686275
0.678431
0.674510
0.686275
0.666667
0.690196
0.686275
0.666667
0.674510
0.701961
0.701961
0.709804
0.698039
0.705882
0.717647
0.705882
0.690196
0.694118
0.694118
0.698039
0.698039
0.698039
0.701961
0.686275
0.666667
0.729412
0.745098
0.729412
0.709804
0.792157
0.670588
0.615686
0.694118
0.705882
0.698039
0.698039
0.686275
0.694118
0.690196
0.682353
0.690196
0.701961
0.701961
0.698039
0.698039
0.729412
0.737255
0.701961
0.701961
0.698039
0.698039
0.694118
0.694118
0.694118
0.694118
0.686275
0.666667
0.717647
0.811765
0.835294
0.784314
0.819608
0.670588
0.674510
0.670588
0.694118
0.705882
0.686275
0.678431
0.698039
0.694118
0.698039
0.682353
0.701961
0.713725
0.737255
0.686275
0.721569
0.741176
0.701961
0.698039
0.701961
0.701961
0.694118
0.690196
0.698039
0.701961
0.686275
0.674510
0.772549
0.839216
0.854902
0.843137
0.850980
0.780392
0.768627
0.678431
0.694118
0.705882
0.701961
0.682353
0.694118
0.705882
0.729412
0.741176
0.745098
0.756863
0.768627
0.733333
0.737255
0.733333
0.705882
0.709804
0.713725
0.694118
0.701961
0.694118
0.686275
0.698039
0.682353
0.682353
0.823529
0.839216
0.745098
0.705882
0.756863
0.756863
0.713725
0.682353
0.741176
0.745098
0.686275
0.686275
0.694118
0.701961
0.776471
0.862745
0.850980
0.803922
0.772549
0.819608
0.760784
0.768627
0.749020
0.725490
0.705882
0.698039
0.701961
0.690196
0.670588
0.694118
0.694118
0.698039
0.843137
0.933333
0.996078
0.984314
0.968627
0.925490
0.850980
0.592157
0.792157
0.752941
0.674510
0.694118
0.705882
0.701961
0.709804
0.509804
0.458824
0.431373
0.466667
0.549020
0.607843
0.670588
0.678431
0.698039
0.709804
0.745098
0.686275
0.678431
0.650980
0.741176
0.698039
0.741176
0.788235
0.854902
0.984314
0.976471
0.964706
0.909804
0.784314
0.525490
0.721569
0.631373
0.643137
0.674510
0.713725
0.721569
0.717647
0.341176
0.007843
0.011765
0.023529
0.047059
0.090196
0.113725
0.141176
0.286275
0.356863
0.545098
0.694118
0.709804
0.690196
0.737255
0.713725
0.721569
0.780392
0.815686
0.929412
0.952941
0.901961
0.835294
0.541176
0.517647
0.517647
0.509804
0.639216
0.654902
0.725490
0.725490
0.725490
0.521569
0.035294
0.003922
0.007843
0.011765
0.015686
0.000000
0.000000
0.054902
0.015686
0.109804
0.588235
0.670588
0.654902
0.729412
0.658824
0.749020
0.850980
0.788235
0.917647
0.956863
0.792157
0.788235
0.364706
0.635294
0.337255
0.490196
0.682353
0.650980
0.760784
0.756863
0.729412
0.623529
0.078431
0.011765
0.011765
0.027451
0.039216
0.007843
0.003922
0.003922
0.007843
0.007843
0.239216
0.447059
0.384314
0.501961
0.486275
0.615686
0.756863
0.796078
0.882353
0.921569
0.784314
0.831373
0.552941
0.749020
0.450980
0.450980
0.647059
0.639216
0.772549
0.776471
0.749020
0.698039
0.160784
0.007843
0.003922
0.000000
0.003922
0.003922
0.000000
0.003922
0.015686
0.023529
0.043137
0.086275
0.074510
0.137255
0.152941
0.203922
0.250980
0.294118
0.325490
0.411765
0.443137
0.556863
0.564706
0.584314
0.298039
0.105882
0.388235
0.639216
0.788235
0.772549
0.749020
0.756863
0.325490
0.031373
0.039216
0.015686
0.000000
0.000000
0.000000
0.000000
0.003922
0.015686
0.043137
0.035294
0.054902
0.039216
0.027451
0.023529
0.039216
0.000000
0.011765
0.011765
0.047059
0.113725
0.141176
0.172549
0.070588
0.000000
0.380392
0.635294
0.807843
0.764706
0.756863
0.764706
0.517647
0.227451
0.278431
0.247059
0.164706
0.117647
0.098039
0.090196
0.113725
0.113725
0.047059
0.054902
0.054902
0.062745
0.043137
0.023529
0.027451
0.011765
0.003922
0.003922
0.023529
0.031373
0.015686
0.043137
0.035294
0.090196
0.560784
0.639216
0.800000
0.764706
0.776471
0.768627
0.647059
0.380392
0.498039
0.505882
0.443137
0.407843
0.376471
0.349020
0.349020
0.333333
0.243137
0.235294
0.266667
0.266667
0.231373
0.196078
0.180392
0.164706
0.113725
0.078431
0.078431
0.070588
0.058824
0.058824
0.066667
0.364706
0.690196
0.666667
0.811765
0.780392
0.780392
0.749020
0.580392
0.274510
0.415686
0.462745
0.439216
0.427451
0.403922
0.380392
0.372549
0.360784
0.329412
0.325490
0.329412
0.333333
0.317647
0.305882
0.274510
0.231373
0.211765
0.180392
0.129412
0.129412
0.125490
0.125490
0.211765
0.470588
0.643137
0.643137
0.788235
0.792157
0.760784
0.560784
0.203922
0.098039
0.192157
0.282353
0.266667
0.227451
0.203922
0.192157
0.211765
0.219608
0.247059
0.301961
0.337255
0.337255
0.360784
0.384314
0.423529
0.396078
0.443137
0.537255
0.549020
0.494118
0.419608
0.447059
0.525490
0.517647
0.572549
0.603922
0.807843
0.807843
0.784314
0.670588
0.486275
0.427451
0.474510
0.427451
0.431373
0.458824
0.376471
0.415686
0.396078
0.494118
0.541176
0.611765
0.643137
0.588235
0.615686
0.619608
0.627451
0.635294
0.643137
0.686275
0.721569
0.678431
0.635294
0.623529
0.647059
0.650980
0.603922
0.607843
0.776471
0.768627
0.729412
0.662745
0.647059
0.662745
0.647059
0.584314
0.560784
0.639216
0.678431
0.674510
0.650980
0.662745
0.650980
0.619608
0.654902
0.635294
0.623529
0.619608
0.576471
0.635294
0.615686
0.584314
0.623529
0.631373
0.623529
0.588235
0.596078
0.615686
0.611765
0.635294
0.725490
0.725490
0.662745
0.552941
0.619608
0.662745
0.631373
0.682353
0.607843
0.603922
0.647059
0.603922
0.556863
0.584314
0.615686
0.556863
0.592157
0.619608
0.596078
0.639216
0.545098
0.584314
0.623529
0.607843
0.615686
0.650980
0.584314
0.584314
0.588235
0.588235
0.619608
0.654902
0.713725
0.741176
0.643137
0.541176
0.537255
0.576471
0.662745
0.631373
0.643137
0.592157
0.584314
0.615686
0.498039
0.592157
0.623529
0.607843
0.584314
0.603922
0.580392
0.611765
0.556863
0.549020
0.588235
0.623529
0.654902
0.615686
0.525490
0.556863
0.596078
0.572549
0.580392
0.635294
0.721569
0.725490
0.643137
0.596078
0.588235
0.603922
0.627451
0.603922
0.619608
0.568627
0.572549
0.596078
0.517647
0.615686
0.639216
0.600000
0.592157
0.588235
0.580392
0.615686
0.572549
0.517647
0.525490
0.592157
0.607843
0.611765
0.556863
0.580392
0.541176
0.611765
0.572549
0.564706
0.694118
0.725490
0.627451
0.533333
0.537255
0.549020
0.584314
0.611765
0.580392
0.572549
0.631373
0.596078
0.556863
0.615686
0.619608
0.576471
0.568627
0.596078
0.611765
0.615686
0.619608
0.552941
0.549020
0.533333
0.603922
0.611765
0.592157
0.556863
0.556863
0.572549
0.564706
0.564706
0.647059
0.670588
0.580392
0.482353
0.533333
0.568627
0.580392
0.552941
0.556863
0.517647
0.505882
0.533333
0.541176
0.552941
0.541176
0.541176
0.549020
0.533333
0.572549
0.568627
0.592157
0.564706
0.541176
0.521569
0.584314
0.584314
0.592157
0.513725
0.537255
0.525490
0.600000
0.564706
0.984314
0.956863
0.921569
0.913725
0.937255
0.956863
0.984314
0.980392
0.913725
0.886275
0.882353
0.909804
0.901961
0.901961
0.945098
0.968627
0.976471
0.980392
0.984314
0.992157
0.992157
1.000000
0.996078
0.992157
1.000000
0.992157
0.964706
0.929412
0.933333
0.941176
0.921569
0.913725
0.992157
0.988235
0.980392
0.972549
0.984314
0.996078
0.996078
0.984314
0.968627
0.956863
0.949020
0.972549
0.968627
0.968627
0.988235
0.992157
0.988235
0.988235
0.992157
1.000000
0.992157
0.996078
1.000000
0.996078
0.992157
0.992157
0.992157
0.980392
0.980392
0.984314
0.972549
0.980392
0.992157
0.996078
1.000000
0.992157
0.992157
0.992157
0.992157
0.988235
0.992157
0.988235
0.984314
0.992157
0.992157
0.992157
0.996078
0.996078
0.996078
1.000000
1.000000
1.000000
0.992157
0.992157
0.996078
1.000000
1.000000
0.996078
0.988235
0.992157
0.992157
0.992157
0.992157
0.988235
0.996078
1.000000
1.000000
1.000000
0.996078
0.992157
0.988235
0.988235
0.988235
0.996078
0.996078
0.992157
0.992157
0.996078
1.000000
1.000000
0.992157
1.000000
0.996078
0.992157
0.992157
0.988235
0.984314
0.992157
0.996078
0.996078
0.992157
0.988235
0.984314
0.972549
0.968627
0.850980
0.776471
0.850980
0.949020
1.000000
0.992157
0.996078
1.000000
1.000000
0.996078
0.976471
0.996078
0.996078
0.992157
0.988235
0.988235
0.996078
0.988235
0.984314
0.996078
0.988235
0.992157
1.000000
0.996078
0.980392
0.964706
0.952941
0.882353
0.756863
0.686275
0.682353
0.662745
0.603922
0.588235
0.611765
0.701961
0.894118
0.960784
0.898039
0.811765
0.796078
0.803922
0.760784
0.800000
0.925490
0.976471
0.992157
0.996078
0.996078
1.000000
0.992157
0.984314
0.945098
0.925490
0.878431
0.894118
0.803922
0.709804
0.694118
0.611765
0.568627
0.564706
0.560784
0.560784
0.564706
0.588235
0.596078
0.584314
0.647059
0.709804
0.654902
0.588235
0.596078
0.643137
0.615686
0.572549
0.647059
0.737255
0.843137
0.937255
0.968627
0.929412
0.854902
0.749020
0.650980
0.670588
0.615686
0.623529
0.600000
0.596078
0.564706
0.568627
0.568627
0.580392
0.584314
0.588235
0.584314
0.580392
0.576471
0.592157
0.580392
0.584314
0.588235
0.592157
0.592157
0.631373
0.603922
0.576471
0.568627
0.552941
0.572549
0.635294
0.670588
0.631373
0.576471
0.560784
0.556863
0.623529
0.588235
0.564706
0.596078
0.615686
0.556863
0.560784
0.560784
0.572549
0.592157
0.584314
0.580392
0.654902
0.647059
0.639216
0.615686
0.635294
0.623529
0.611765
0.615686
0.631373
0.635294
0.596078
0.611765
0.603922
0.596078
0.592157
0.584314
0.596078
0.615686
0.619608
0.627451
0.670588
0.639216
0.643137
0.650980
0.682353
0.650980
0.607843
0.635294
0.635294
0.631373
0.631373
0.615686
0.780392
0.772549
0.768627
0.768627
0.776471
0.772549
0.764706
0.760784
0.768627
0.760784
0.764706
0.760784
0.760784
0.760784
0.752941
0.752941
0.760784
0.764706
0.760784
0.760784
0.784314
0.756863
0.776471
0.819608
0.905882
0.792157
0.701961
0.760784
0.752941
0.745098
0.764706
0.760784
0.796078
0.792157
0.772549
0.776471
0.792157
0.788235
0.796078
0.784314
0.792157
0.800000
0.788235
0.772549
0.776471
0.776471
0.780392
0.780392
0.780392
0.780392
0.784314
0.784314
0.807843
0.796078
0.792157
0.780392
0.847059
0.729412
0.682353
0.768627
0.780392
0.768627
0.776471
0.776471
0.796078
0.788235
0.784314
0.792157
0.788235
0.788235
0.784314
0.784314
0.815686
0.815686
0.784314
0.780392
0.780392
0.780392
0.780392
0.780392
0.780392
0.776471
0.788235
0.796078
0.800000
0.850980
0.866667
0.827451
0.866667
0.717647
0.729412
0.741176
0.772549
0.772549
0.768627
0.772549
0.788235
0.792157
0.796078
0.784314
0.788235
0.800000
0.823529
0.772549
0.807843
0.819608
0.780392
0.780392
0.780392
0.784314
0.780392
0.780392
0.784314
0.792157
0.792157
0.803922
0.847059
0.866667
0.858824
0.858824
0.886275
0.807843
0.800000
0.737255
0.768627
0.772549
0.776471
0.772549
0.780392
0.796078
0.823529
0.835294
0.827451
0.839216
0.850980
0.815686
0.815686
0.811765
0.784314
0.784314
0.792157
0.772549
0.792157
0.784314
0.776471
0.788235
0.784314
0.796078
0.882353
0.850980
0.733333
0.713725
0.784314
0.760784
0.717647
0.725490
0.803922
0.803922
0.752941
0.768627
0.776471
0.788235
0.866667
0.949020
0.925490
0.874510
0.843137
0.890196
0.831373
0.835294
0.811765
0.792157
0.772549
0.768627
0.792157
0.780392
0.760784
0.784314
0.788235
0.780392
0.882353
0.933333
0.984314
0.984314
0.980392
0.905882
0.827451
0.611765
0.843137
0.803922
0.737255
0.768627
0.776471
0.776471
0.784314
0.580392
0.517647
0.486275
0.521569
0.600000
0.658824
0.725490
0.729412
0.749020
0.760784
0.803922
0.768627
0.764706
0.737255
0.831373
0.780392
0.788235
0.803922
0.847059
0.976471
0.980392
0.972549
0.866667
0.729412
0.521569
0.760784
0.678431
0.694118
0.741176
0.784314
0.788235
0.780392
0.400000
0.039216
0.035294
0.047059
0.074510
0.113725
0.145098
0.168627
0.317647
0.388235
0.588235
0.776471
0.796078
0.776471
0.823529
0.780392
0.737255
0.772549
0.796078
0.917647
0.964706
0.901961
0.776471
0.466667
0.494118
0.545098
0.549020
0.686275
0.717647
0.792157
0.796078
0.800000
0.588235
0.047059
0.007843
0.011765
0.003922
0.000000
0.003922
0.007843
0.066667
0.023529
0.137255
0.686275
0.776471
0.760784
0.831373
0.745098
0.784314
0.866667
0.796078
0.925490
0.976471
0.792157
0.749020
0.305882
0.611765
0.356863
0.525490
0.733333
0.709804
0.811765
0.827451
0.823529
0.717647
0.117647
0.039216
0.019608
0.007843
0.003922
0.011765
0.007843
0.003922
0.007843
0.019608
0.305882
0.521569
0.462745
0.584314
0.560784
0.670588
0.796078
0.815686
0.882353
0.917647
0.788235
0.831373
0.549020
0.749020
0.462745
0.482353
0.705882
0.701961
0.819608
0.847059
0.843137
0.803922
0.235294
0.054902
0.019608
0.015686
0.019608
0.015686
0.007843
0.007843
0.023529
0.015686
0.011765
0.062745
0.050980
0.113725
0.125490
0.176471
0.207843
0.243137
0.262745
0.372549
0.458824
0.576471
0.588235
0.603922
0.317647
0.129412
0.443137
0.698039
0.835294
0.839216
0.839216
0.854902
0.384314
0.019608
0.003922
0.007843
0.015686
0.003922
0.007843
0.011765
0.023529
0.027451
0.023529
0.015686
0.035294
0.019608
0.011765
0.015686
0.043137
0.000000
0.027451
0.027451
0.062745
0.129412
0.164706
0.196078
0.086275
0.019608
0.431373
0.694118
0.847059
0.827451
0.839216
0.850980
0.505882
0.058824
0.023529
0.035294
0.043137
0.019608
0.007843
0.000000
0.011765
0.027451
0.015686
0.031373
0.035294
0.039216
0.027451
0.031373
0.047059
0.043137
0.058824
0.039216
0.023529
0.031373
0.023529
0.054902
0.043137
0.109804
0.615686
0.701961
0.835294
0.823529
0.854902
0.847059
0.623529
0.145098
0.090196
0.101961
0.113725
0.078431
0.047059
0.019608
0.015686
0.027451
0.035294
0.039216
0.066667
0.070588
0.047059
0.043137
0.050980
0.062745
0.039216
0.027451
0.047059
0.043137
0.031373
0.035294
0.054902
0.388235
0.745098
0.725490
0.839216
0.831373
0.850980
0.839216
0.643137
0.133333
0.074510
0.070588
0.082353
0.070588
0.039216
0.019608
0.011765
0.007843
0.019608
0.019608
0.027451
0.031373
0.023529
0.039216
0.035294
0.027451
0.031373
0.054902
0.082353
0.086275
0.082353
0.082353
0.188235
0.501961
0.705882
0.709804
0.811765
0.835294
0.827451
0.658824
0.356863
0.117647
0.058824
0.082353
0.082353
0.105882
0.086275
0.074510
0.094118
0.094118
0.094118
0.145098
0.180392
0.180392
0.215686
0.254902
0.309804
0.313725
0.384314
0.501961
0.541176
0.482353
0.407843
0.439216
0.529412
0.556863
0.639216
0.670588
0.831373
0.850980
0.843137
0.749020
0.600000
0.505882
0.498039
0.423529
0.431373
0.529412
0.454902
0.494118
0.474510
0.568627
0.603922
0.674510
0.709804
0.654902
0.682353
0.686275
0.705882
0.733333
0.752941
0.788235
0.796078
0.745098
0.698039
0.678431
0.694118
0.701961
0.678431
0.682353
0.800000
0.807843
0.788235
0.729412
0.682353
0.721569
0.729412
0.670588
0.631373
0.701961
0.741176
0.737255
0.713725
0.737255
0.760784
0.729412
0.768627
0.752941
0.733333
0.717647
0.682353
0.752941
0.741176
0.713725
0.745098
0.749020
0.737255
0.698039
0.678431
0.670588
0.690196
0.701961
0.745098
0.756863
0.721569
0.635294
0.690196
0.741176
0.713725
0.752941
0.674510
0.686275
0.729412
0.686275
0.635294
0.666667
0.705882
0.647059
0.682353
0.709804
0.686275
0.717647
0.631373
0.678431
0.729412
0.713725
0.705882
0.745098
0.686275
0.694118
0.686275
0.658824
0.682353
0.694118
0.729412
0.772549
0.701961
0.635294
0.635294
0.666667
0.741176
0.686275
0.701961
0.690196
0.686275
0.717647
0.600000
0.686275
0.705882
0.690196
0.666667
0.686275
0.658824
0.682353
0.635294
0.635294
0.686275
0.713725
0.721569
0.694118
0.615686
0.658824
0.694118
0.650980
0.639216
0.670588
0.745098
0.760784
0.705882
0.690196
0.674510
0.686275
0.705882
0.666667
0.682353
0.662745
0.670588
0.694118
0.611765
0.709804
0.725490
0.682353
0.674510
0.670588
0.658824
0.686275
0.650980
0.607843
0.627451
0.686275
0.678431
0.694118
0.647059
0.682353
0.639216
0.686275
0.635294
0.600000
0.717647
0.760784
0.698039
0.631373
0.619608
0.627451
0.666667
0.682353
0.647059
0.666667
0.729412
0.694118
0.654902
0.709804
0.701961
0.654902
0.647059
0.674510
0.686275
0.682353
0.698039
0.643137
0.650980
0.627451
0.674510
0.690196
0.682353
0.658824
0.654902
0.647059
0.623529
0.600000
0.674510
0.709804
0.654902
0.576471
0.611765
0.647059
0.658824
0.631373
0.631373
0.607843
0.600000
0.631373
0.639216
0.647059
0.619608
0.615686
0.627451
0.611765
0.647059
0.635294
0.666667
0.654902
0.643137
0.615686
0.654902
0.666667
0.682353
0.615686
0.635294
0.603922
0.658824
0.600000
1.000000
1.000000
0.996078
1.000000
0.996078
0.988235
0.992157
1.000000
0.992157
0.992157
0.988235
1.000000
1.000000
0.992157
0.992157
1.000000
1.000000
1.000000
1.000000
0.988235
0.984314
0.992157
0.988235
0.984314
1.000000
1.000000
0.992157
0.972549
0.984314
0.996078
0.984314
0.984314
1.000000
1.000000
1.000000
1.000000
1.000000
1.000000
0.992157
0.996078
1.000000
1.000000
0.996078
1.000000
1.000000
1.000000
1.000000
1.000000
1.000000
1.000000
0.996078
0.984314
0.972549
0.980392
0.984314
0.980392
0.984314
0.992157
1.000000
1.000000
1.000000
0.992157
0.984314
0.992157
1.000000
0.996078
0.992157
0.984314
0.996078
0.988235
0.984314
0.988235
0.996078
0.988235
0.988235
0.992157
0.988235
0.988235
0.984314
0.984314
0.984314
0.984314
0.984314
0.984314
0.976471
0.976471
0.980392
0.984314
0.992157
0.996078
0.996078
1.000000
0.996078
0.988235
0.988235
0.988235
1.000000
1.000000
0.984314
0.968627
0.992157
0.988235
0.984314
0.984314
0.984314
0.972549
0.968627
0.968627
0.964706
0.968627
0.972549
0.972549
0.960784
0.972549
0.972549
0.984314
0.988235
0.984314
0.980392
0.988235
0.992157
1.000000
1.000000
1.000000
1.000000
1.000000
0.992157
0.878431
0.807843
0.858824
0.929412
0.976471
0.988235
1.000000
1.000000
1.000000
0.996078
0.956863
0.972549
0.976471
0.968627
0.964706
0.968627
0.972549
0.972549
0.964706
0.980392
0.992157
1.000000
1.000000
0.996078
0.984314
0.972549
0.972549
0.909804
0.800000
0.749020
0.764706
0.749020
0.694118
0.647059
0.647059
0.721569
0.901961
0.980392
0.937255
0.862745
0.831373
0.819608
0.768627
0.811765
0.937255
0.988235
0.996078
0.996078
0.996078
0.996078
0.988235
0.988235
0.968627
0.952941
0.905882
0.913725
0.835294
0.752941
0.741176
0.666667
0.635294
0.647059
0.666667
0.666667
0.678431
0.674510
0.670588
0.650980
0.705882
0.764706
0.737255
0.690196
0.674510
0.690196
0.670588
0.627451
0.701961
0.792157
0.890196
0.960784
0.988235
0.949020
0.886275
0.784314
0.701961
0.721569
0.670588
0.674510
0.658824
0.670588
0.647059
0.654902
0.662745
0.674510
0.670588
0.682353
0.694118
0.686275
0.682353
0.698039
0.678431
0.658824
0.698039
0.725490
0.694118
0.701961
0.690196
0.666667
0.658824
0.647059
0.658824
0.698039
0.733333
0.694118
0.635294
0.623529
0.623529
0.690196
0.650980
0.631373
0.670588
0.705882
0.654902
0.666667
0.670588
0.658824
0.639216
0.643137
0.654902
0.686275
0.690196
0.698039
0.678431
0.662745
0.658824
0.658824
0.647059
0.647059
0.658824
0.619608
0.635294
0.627451
0.623529
0.623529
0.619608
0.631373
0.650980
0.650980
0.662745
0.709804
0.670588
0.650980
0.639216
0.682353
0.690196
0.674510
0.701961
0.678431
0.650980
0.650980
0.639216
0.752941
0.756863
0.772549
0.780392
0.760784
0.752941
0.745098
0.741176
0.752941
0.741176
0.745098
0.741176
0.741176
0.745098
0.749020
0.749020
0.756863
0.760784
0.756863
0.760784
0.788235
0.745098
0.729412
0.733333
0.823529
0.768627
0.717647
0.776471
0.752941
0.749020
0.760784
0.752941
0.760784
0.760784
0.745098
0.752941
0.768627
0.768627
0.776471
0.764706
0.776471
0.796078
0.784314
0.768627
0.768627
0.768627
0.760784
0.760784
0.760784
0.760784
0.760784
0.756863
0.780392
0.752941
0.725490
0.686275
0.749020
0.678431
0.662745
0.737255
0.745098
0.752941
0.756863
0.752941
0.752941
0.737255
0.721569
0.725490
0.737255
0.741176
0.737255
0.737255
0.772549
0.792157
0.760784
0.760784
0.756863
0.752941
0.737255
0.733333
0.733333
0.733333
0.737255
0.729412
0.729412
0.768627
0.776471
0.713725
0.749020
0.631373
0.658824
0.658824
0.694118
0.733333
0.721569
0.721569
0.745098
0.725490
0.709804
0.686275
0.698039
0.709804
0.733333
0.682353
0.721569
0.760784
0.725490
0.721569
0.725490
0.725490
0.721569
0.721569
0.725490
0.733333
0.725490
0.709804
0.737255
0.745098
0.741176
0.737255
0.749020
0.686275
0.694118
0.619608
0.666667
0.717647
0.721569
0.713725
0.733333
0.725490
0.733333
0.729412
0.713725
0.721569
0.733333
0.698039
0.705882
0.729412
0.701961
0.705882
0.713725
0.698039
0.721569
0.713725
0.709804
0.717647
0.709804
0.690196
0.749020
0.698039
0.596078
0.580392
0.635294
0.623529
0.596078
0.607843
0.709804
0.741176
0.694118
0.701961
0.725490
0.721569
0.784314
0.862745
0.835294
0.788235
0.756863
0.803922
0.749020
0.776471
0.756863
0.737255
0.717647
0.709804
0.725490
0.713725
0.694118
0.717647
0.717647
0.674510
0.733333
0.760784
0.839216
0.847059
0.835294
0.768627
0.717647
0.529412
0.780392
0.752941
0.682353
0.709804
0.725490
0.721569
0.733333
0.541176
0.521569
0.501961
0.533333
0.615686
0.678431
0.749020
0.756863
0.776471
0.788235
0.811765
0.717647
0.709804
0.682353
0.772549
0.721569
0.698039
0.650980
0.662745
0.827451
0.847059
0.823529
0.737255
0.647059
0.490196
0.745098
0.635294
0.650980
0.694118
0.729412
0.749020
0.760784
0.407843
0.160784
0.172549
0.184314
0.207843
0.247059
0.278431
0.301961
0.450980
0.521569
0.678431
0.741176
0.749020
0.729412
0.776471
0.737255
0.666667
0.623529
0.611765
0.760784
0.831373
0.756863
0.658824
0.411765
0.513725
0.572549
0.517647
0.650980
0.678431
0.737255
0.749020
0.764706
0.592157
0.203922
0.184314
0.192157
0.192157
0.196078
0.196078
0.207843
0.274510
0.243137
0.305882
0.682353
0.752941
0.733333
0.803922
0.709804
0.705882
0.721569
0.611765
0.752941
0.831373
0.670588
0.647059
0.262745
0.627451
0.392157
0.537255
0.721569
0.682353
0.752941
0.756863
0.741176
0.662745
0.235294
0.192157
0.196078
0.203922
0.211765
0.196078
0.203922
0.231373
0.262745
0.250980
0.415686
0.619608
0.545098
0.658824
0.607843
0.654902
0.749020
0.737255
0.780392
0.827451
0.745098
0.788235
0.517647
0.721569
0.486275
0.564706
0.725490
0.674510
0.756863
0.772549
0.752941
0.745098
0.388235
0.254902
0.243137
0.250980
0.247059
0.211765
0.215686
0.247059
0.286275
0.301961
0.313725
0.349020
0.333333
0.384314
0.376471
0.384314
0.403922
0.419608
0.415686
0.490196
0.529412
0.639216
0.639216
0.647059
0.392157
0.243137
0.482353
0.674510
0.764706
0.764706
0.752941
0.800000
0.521569
0.207843
0.200000
0.215686
0.215686
0.231373
0.254902
0.286275
0.321569
0.349020
0.376471
0.352941
0.364706
0.341176
0.325490
0.317647
0.341176
0.290196
0.313725
0.278431
0.247059
0.301961
0.313725
0.333333
0.227451
0.149020
0.482353
0.674510
0.764706
0.749020
0.756863
0.780392
0.537255
0.152941
0.145098
0.156863
0.160784
0.203922
0.207843
0.215686
0.254902
0.270588
0.231373
0.227451
0.223529
0.219608
0.207843
0.235294
0.254902
0.254902
0.274510
0.270588
0.270588
0.262745
0.223529
0.235294
0.215686
0.254902
0.670588
0.682353
0.741176
0.733333
0.772549
0.772549
0.584314
0.180392
0.184314
0.192157
0.176471
0.145098
0.117647
0.101961
0.105882
0.129412
0.133333
0.125490
0.141176
0.133333
0.117647
0.152941
0.168627
0.196078
0.184314
0.207843
0.274510
0.250980
0.219608
0.200000
0.215686
0.525490
0.792157
0.698039
0.737255
0.737255
0.772549
0.768627
0.627451
0.184314
0.188235
0.196078
0.176471
0.101961
0.066667
0.047059
0.047059
0.058824
0.098039
0.090196
0.086275
0.078431
0.082353
0.137255
0.145098
0.145098
0.164706
0.196078
0.227451
0.219608
0.203922
0.196078
0.309804
0.603922
0.725490
0.662745
0.698039
0.741176
0.749020
0.607843
0.400000
0.207843
0.188235
0.231373
0.219608
0.219608
0.196078
0.184314
0.203922
0.200000
0.172549
0.215686
0.243137
0.227451
0.266667
0.337255
0.400000
0.407843
0.486275
0.580392
0.560784
0.513725
0.443137
0.478431
0.584314
0.603922
0.619608
0.607843
0.709804
0.752941
0.764706
0.698039
0.647059
0.568627
0.556863
0.478431
0.494118
0.627451
0.556863
0.588235
0.568627
0.643137
0.627451
0.686275
0.705882
0.647059
0.670588
0.686275
0.705882
0.729412
0.752941
0.760784
0.705882
0.678431
0.662745
0.670588
0.698039
0.690196
0.619608
0.600000
0.682353
0.705882
0.713725
0.678431
0.678431
0.698039
0.678431
0.600000
0.572549
0.674510
0.709804
0.698039
0.674510
0.698039
0.725490
0.686275
0.713725
0.690196
0.666667
0.647059
0.607843
0.678431
0.666667
0.615686
0.615686
0.647059
0.670588
0.666667
0.662745
0.631373
0.611765
0.619608
0.658824
0.658824
0.658824
0.607843
0.654902
0.674510
0.615686
0.654902
0.592157
0.631373
0.678431
0.639216
0.596078
0.631373
0.666667
0.607843
0.635294
0.658824
0.627451
0.650980
0.572549
0.627451
0.690196
0.662745
0.635294
0.686275
0.643137
0.666667
0.666667
0.627451
0.639216
0.650980
0.666667
0.682353
0.650980
0.623529
0.607843
0.603922
0.654902
0.607843
0.647059
0.658824
0.662745
0.698039
0.584314
0.670588
0.674510
0.654902
0.631373
0.650980
0.619608
0.631373
0.592157
0.607843
0.674510
0.698039
0.686275
0.662745
0.588235
0.639216
0.674510
0.627451
0.615686
0.643137
0.682353
0.678431
0.658824
0.690196
0.674510
0.650980
0.647059
0.611765
0.647059
0.643137
0.650980
0.678431
0.596078
0.690196
0.698039
0.654902
0.647059
0.643137
0.627451
0.643137
0.611765
0.580392
0.611765
0.666667
0.639216
0.658824
0.619608
0.658824
0.619608
0.662745
0.607843
0.568627
0.666667
0.686275
0.654902
0.643137
0.639216
0.619608
0.631373
0.662745
0.647059
0.658824
0.717647
0.678431
0.639216
0.694118
0.686275
0.643137
0.635294
0.662745
0.670588
0.650980
0.670588
0.619608
0.631373
0.603922
0.635294
0.658824
0.654902
0.635294
0.635294
0.623529
0.596078
0.572549
0.635294
0.647059
0.627451
0.603922
0.650980
0.658824
0.654902
0.643137
0.662745
0.619608
0.600000
0.619608
0.619608
0.631373
0.615686
0.615686
0.623529
0.607843
0.643137
0.623529
0.650980
0.635294
0.627451
0.588235
0.615686
0.631373
0.654902
0.596078
0.615686
0.580392
0.631373
0.572549
