0.223529
0.203922
0.188235
0.254902
0.282353
0.243137
0.227451
0.247059
0.278431
0.282353
0.274510
0.274510
0.278431
0.282353
0.278431
0.270588
0.266667
0.274510
0.278431
0.270588
0.274510
0.282353
0.290196
0.286275
0.290196
0.298039
0.301961
0.301961
0.294118
0.286275
0.286275
0.290196
0.235294
0.235294
0.184314
0.203922
0.270588
0.266667
0.223529
0.239216
0.262745
0.282353
0.278431
0.274510
0.278431
0.282353
0.286275
0.282353
0.286275
0.290196
0.278431
0.274510
0.282353
0.282353
0.290196
0.290196
0.294118
0.294118
0.301961
0.298039
0.290196
0.286275
0.286275
0.290196
0.243137
0.262745
0.235294
0.176471
0.227451
0.286275
0.243137
0.231373
0.235294
0.270588
0.282353
0.282353
0.282353
0.282353
0.290196
0.301961
0.309804
0.298039
0.282353
0.282353
0.286275
0.290196
0.294118
0.294118
0.294118
0.298039
0.301961
0.294118
0.290196
0.294118
0.290196
0.290196
0.235294
0.254902
0.282353
0.211765
0.188235
0.274510
0.270588
0.239216
0.223529
0.223529
0.274510
0.286275
0.282353
0.282353
0.286275
0.317647
0.407843
0.403922
0.349020
0.325490
0.321569
0.333333
0.329412
0.313725
0.305882
0.313725
0.305882
0.305882
0.305882
0.301961
0.294118
0.290196
0.231373
0.231373
0.282353
0.262745
0.200000
0.223529
0.290196
0.266667
0.298039
0.337255
0.376471
0.380392
0.341176
0.309804
0.258824
0.298039
0.490196
0.478431
0.415686
0.403922
0.411765
0.435294
0.435294
0.407843
0.396078
0.364706
0.313725
0.301961
0.313725
0.313725
0.298039
0.301961
0.250980
0.235294
0.278431
0.294118
0.243137
0.196078
0.262745
0.298039
0.439216
0.584314
0.560784
0.521569
0.423529
0.364706
0.270588
0.305882
0.423529
0.454902
0.486275
0.552941
0.627451
0.631373
0.552941
0.549020
0.517647
0.443137
0.337255
0.294118
0.309804
0.313725
0.309804
0.313725
0.270588
0.250980
0.282353
0.298039
0.278431
0.243137
0.278431
0.364706
0.478431
0.501961
0.486275
0.490196
0.427451
0.411765
0.380392
0.423529
0.541176
0.600000
0.631373
0.678431
0.690196
0.666667
0.611765
0.568627
0.529412
0.482353
0.392157
0.349020
0.329412
0.305882
0.309804
0.317647
0.278431
0.258824
0.274510
0.286275
0.290196
0.254902
0.329412
0.419608
0.439216
0.439216
0.462745
0.513725
0.427451
0.392157
0.552941
0.596078
0.639216
0.635294
0.690196
0.729412
0.737255
0.690196
0.600000
0.603922
0.568627
0.498039
0.454902
0.423529
0.360784
0.313725
0.309804
0.313725
0.282353
0.262745
0.266667
0.278431
0.274510
0.309804
0.376471
0.439216
0.470588
0.490196
0.470588
0.470588
0.407843
0.470588
0.650980
0.686275
0.678431
0.698039
0.756863
0.760784
0.784314
0.764706
0.631373
0.650980
0.635294
0.580392
0.517647
0.474510
0.415686
0.333333
0.301961
0.313725
0.278431
0.270588
0.270588
0.254902
0.258824
0.380392
0.462745
0.513725
0.498039
0.498039
0.494118
0.490196
0.423529
0.545098
0.666667
0.694118
0.745098
0.772549
0.764706
0.745098
0.756863
0.792157
0.694118
0.678431
0.674510
0.619608
0.552941
0.509804
0.450980
0.345098
0.301961
0.305882
0.270588
0.278431
0.278431
0.262745
0.254902
0.407843
0.521569
0.560784
0.525490
0.513725
0.537255
0.509804
0.450980
0.541176
0.647059
0.701961
0.756863
0.741176
0.737255
0.764706
0.760784
0.756863
0.749020
0.717647
0.701961
0.670588
0.600000
0.580392
0.486275
0.368627
0.301961
0.294118
0.266667
0.278431
0.282353
0.250980
0.329412
0.490196
0.560784
0.592157
0.564706
0.545098
0.552941
0.486275
0.466667
0.556863
0.643137
0.682353
0.717647
0.658824
0.658824
0.713725
0.760784
0.768627
0.796078
0.756863
0.713725
0.694118
0.635294
0.588235
0.513725
0.396078
0.325490
0.321569
0.282353
0.286275
0.258824
0.274510
0.435294
0.560784
0.600000
0.631373
0.611765
0.588235
0.572549
0.549020
0.474510
0.435294
0.600000
0.670588
0.635294
0.568627
0.482353
0.560784
0.682353
0.756863
0.772549
0.721569
0.701961
0.674510
0.658824
0.596078
0.517647
0.396078
0.325490
0.333333
0.294118
0.270588
0.219608
0.356863
0.517647
0.549020
0.607843
0.650980
0.647059
0.627451
0.592157
0.592157
0.584314
0.450980
0.521569
0.686275
0.643137
0.537255
0.239216
0.258824
0.537255
0.705882
0.701961
0.686275
0.678431
0.686275
0.670588
0.627451
0.509804
0.388235
0.321569
0.317647
0.290196
0.266667
0.211765
0.384314
0.533333
0.584314
0.623529
0.647059
0.650980
0.647059
0.592157
0.572549
0.521569
0.482353
0.615686
0.654902
0.678431
0.678431
0.509804
0.454902
0.643137
0.729412
0.733333
0.733333
0.698039
0.733333
0.709804
0.647059
0.509804
0.384314
0.341176
0.317647
0.282353
0.274510
0.239216
0.400000
0.541176
0.615686
0.631373
0.635294
0.643137
0.647059
0.623529
0.596078
0.458824
0.529412
0.654902
0.600000
0.690196
0.792157
0.800000
0.780392
0.784314
0.784314
0.733333
0.682353
0.678431
0.737255
0.690196
0.596078
0.517647
0.407843
0.345098
0.321569
0.274510
0.266667
0.231373
0.396078
0.545098
0.603922
0.643137
0.631373
0.627451
0.643137
0.627451
0.592157
0.478431
0.490196
0.470588
0.498039
0.650980
0.760784
0.800000
0.811765
0.803922
0.764706
0.666667
0.627451
0.670588
0.741176
0.658824
0.580392
0.545098
0.423529
0.341176
0.329412
0.286275
0.270588
0.215686
0.349020
0.521569
0.623529
0.678431
0.647059
0.619608
0.631373
0.623529
0.556863
0.494118
0.462745
0.258824
0.349020
0.549020
0.615686
0.674510
0.756863
0.725490
0.647059
0.627451
0.635294
0.694118
0.713725
0.627451
0.584314
0.537255
0.407843
0.341176
0.329412
0.301961
0.270588
0.211765
0.298039
0.494118
0.627451
0.674510
0.650980
0.631373
0.619608
0.619608
0.537255
0.454902
0.450980
0.317647
0.321569
0.486275
0.584314
0.631373
0.650980
0.627451
0.627451
0.635294
0.666667
0.701961
0.662745
0.615686
0.592157
0.537255
0.396078
0.341176
0.337255
0.294118
0.258824
0.235294
0.298039
0.482353
0.588235
0.627451
0.654902
0.666667
0.607843
0.549020
0.521569
0.505882
0.533333
0.509804
0.478431
0.494118
0.545098
0.564706
0.552941
0.584314
0.647059
0.650980
0.662745
0.662745
0.658824
0.647059
0.592157
0.517647
0.341176
0.282353
0.313725
0.290196
0.258824
0.219608
0.290196
0.474510
0.603922
0.643137
0.639216
0.619608
0.545098
0.443137
0.447059
0.474510
0.603922
0.635294
0.627451
0.584314
0.556863
0.556863
0.549020
0.576471
0.643137
0.690196
0.674510
0.658824
0.631373
0.639216
0.600000
0.474510
0.345098
0.290196
0.282353
0.274510
0.262745
0.227451
0.270588
0.447059
0.592157
0.647059
0.658824
0.592157
0.431373
0.325490
0.325490
0.415686
0.607843
0.647059
0.686275
0.662745
0.623529
0.592157
0.549020
0.584314
0.654902
0.698039
0.658824
0.603922
0.611765
0.650980
0.623529
0.462745
0.341176
0.345098
0.333333
0.274510
0.270588
0.254902
0.278431
0.458824
0.580392
0.654902
0.678431
0.619608
0.427451
0.380392
0.368627
0.435294
0.639216
0.698039
0.682353
0.674510
0.611765
0.541176
0.525490
0.545098
0.615686
0.650980
0.576471
0.556863
0.635294
0.729412
0.654902
0.447059
0.345098
0.345098
0.341176
0.192157
0.215686
0.219608
0.266667
0.521569
0.627451
0.666667
0.662745
0.603922
0.384314
0.423529
0.447059
0.513725
0.670588
0.705882
0.725490
0.701961
0.552941
0.337255
0.392157
0.349020
0.356863
0.396078
0.423529
0.584314
0.662745
0.752941
0.690196
0.447059
0.301961
0.286275
0.266667
0.113725
0.125490
0.137255
0.176471
0.400000
0.596078
0.643137
0.654902
0.592157
0.388235
0.356863
0.364706
0.537255
0.701961
0.749020
0.768627
0.701961
0.490196
0.270588
0.282353
0.282353
0.266667
0.278431
0.313725
0.584314
0.729412
0.737255
0.698039
0.486275
0.309804
0.298039
0.294118
0.337255
0.325490
0.313725
0.298039
0.309804
0.505882
0.600000
0.592157
0.541176
0.462745
0.333333
0.301961
0.568627
0.721569
0.764706
0.764706
0.686275
0.462745
0.364706
0.329412
0.325490
0.341176
0.294118
0.274510
0.560784
0.733333
0.745098
0.713725
0.552941
0.341176
0.301961
0.298039
0.286275
0.282353
0.278431
0.278431
0.278431
0.337255
0.431373
0.490196
0.537255
0.482353
0.352941
0.305882
0.537255
0.647059
0.666667
0.698039
0.635294
0.411765
0.349020
0.309804
0.282353
0.286275
0.290196
0.247059
0.494118
0.694118
0.705882
0.698039
0.596078
0.376471
0.298039
0.317647
0.274510
0.274510
0.278431
0.286275
0.301961
0.333333
0.360784
0.388235
0.431373
0.396078
0.337255
0.305882
0.462745
0.584314
0.592157
0.615686
0.549020
0.380392
0.333333
0.313725
0.298039
0.298039
0.305882
0.325490
0.447059
0.600000
0.627451
0.639216
0.615686
0.490196
0.372549
0.352941
0.290196
0.290196
0.290196
0.290196
0.309804
0.329412
0.333333
0.333333
0.341176
0.337255
0.325490
0.317647
0.360784
0.494118
0.537255
0.494118
0.431373
0.380392
0.356863
0.360784
0.372549
0.368627
0.356863
0.380392
0.403922
0.450980
0.498039
0.509804
0.498039
0.431373
0.360784
0.349020
0.301961
0.290196
0.290196
0.282353
0.294118
0.321569
0.337255
0.333333
0.321569
0.321569
0.321569
0.345098
0.360784
0.376471
0.396078
0.372549
0.356863
0.352941
0.360784
0.368627
0.368627
0.368627
0.368627
0.368627
0.372549
0.376471
0.368627
0.360784
0.356863
0.349020
0.349020
0.352941
0.298039
0.298039
0.294118
0.294118
0.313725
0.345098
0.337255
0.325490
0.329412
0.329412
0.337255
0.356863
0.364706
0.356863
0.364706
0.356863
0.341176
0.349020
0.368627
0.364706
0.352941
0.360784
0.368627
0.360784
0.356863
0.356863
0.356863
0.360784
0.356863
0.360784
0.368627
0.345098
0.305882
0.286275
0.298039
0.325490
0.345098
0.333333
0.313725
0.325490
0.341176
0.345098
0.349020
0.349020
0.349020
0.356863
0.360784
0.364706
0.364706
0.364706
0.364706
0.352941
0.356863
0.368627
0.372549
0.352941
0.349020
0.356863
0.368627
0.368627
0.352941
0.349020
0.352941
0.352941
0.380392
0.356863
0.341176
0.423529
0.474510
0.431373
0.419608
0.439216
0.466667
0.474510
0.466667
0.466667
0.462745
0.454902
0.458824
0.462745
0.462745
0.466667
0.466667
0.462745
0.466667
0.470588
0.466667
0.458824
0.462745
0.470588
0.470588
0.466667
0.470588
0.474510
0.474510
0.478431
0.388235
0.388235
0.333333
0.368627
0.458824
0.454902
0.411765
0.427451
0.450980
0.470588
0.466667
0.462745
0.462745
0.458824
0.458824
0.454902
0.458824
0.470588
0.466667
0.458824
0.466667
0.466667
0.462745
0.462745
0.462745
0.466667
0.470588
0.462745
0.462745
0.474510
0.474510
0.478431
0.400000
0.415686
0.388235
0.341176
0.415686
0.478431
0.431373
0.419608
0.419608
0.458824
0.474510
0.470588
0.466667
0.462745
0.458824
0.462745
0.466667
0.478431
0.474510
0.470588
0.478431
0.478431
0.470588
0.470588
0.466667
0.470588
0.470588
0.458824
0.466667
0.482353
0.478431
0.478431
0.392157
0.411765
0.443137
0.372549
0.356863
0.450980
0.454902
0.427451
0.415686
0.407843
0.454902
0.470588
0.470588
0.462745
0.458824
0.450980
0.490196
0.509804
0.482353
0.458824
0.466667
0.478431
0.474510
0.470588
0.466667
0.478431
0.482353
0.478431
0.474510
0.486275
0.486275
0.478431
0.392157
0.396078
0.454902
0.427451
0.349020
0.384314
0.454902
0.439216
0.435294
0.439216
0.466667
0.482353
0.466667
0.454902
0.403922
0.384314
0.482353
0.470588
0.439216
0.435294
0.458824
0.490196
0.498039
0.501961
0.517647
0.501961
0.494118
0.490196
0.482353
0.490196
0.490196
0.490196
0.411765
0.403922
0.450980
0.466667
0.400000
0.341176
0.392157
0.407843
0.474510
0.564706
0.529412
0.505882
0.439216
0.419608
0.337255
0.349020
0.419608
0.435294
0.474510
0.545098
0.627451
0.623529
0.537255
0.549020
0.556863
0.521569
0.490196
0.478431
0.482353
0.494118
0.498039
0.501961
0.431373
0.419608
0.454902
0.478431
0.447059
0.372549
0.364706
0.411765
0.494118
0.494118
0.462745
0.482353
0.431373
0.415686
0.392157
0.423529
0.533333
0.580392
0.603922
0.647059
0.654902
0.623529
0.552941
0.494118
0.474510
0.474510
0.458824
0.466667
0.486275
0.490196
0.501961
0.505882
0.439216
0.423529
0.447059
0.470588
0.458824
0.364706
0.376471
0.415686
0.439216
0.431373
0.439216
0.505882
0.435294
0.396078
0.545098
0.576471
0.615686
0.619608
0.666667
0.694118
0.686275
0.639216
0.545098
0.498039
0.458824
0.427451
0.427451
0.458824
0.478431
0.494118
0.505882
0.505882
0.435294
0.427451
0.443137
0.462745
0.400000
0.349020
0.396078
0.431373
0.447059
0.462745
0.439216
0.439216
0.392157
0.470588
0.639216
0.658824
0.650980
0.682353
0.733333
0.713725
0.717647
0.690196
0.560784
0.545098
0.513725
0.474510
0.435294
0.454902
0.494118
0.494118
0.505882
0.505882
0.435294
0.439216
0.447059
0.423529
0.345098
0.376471
0.470588
0.509804
0.470588
0.470588
0.466667
0.462745
0.400000
0.541176
0.658824
0.670588
0.717647
0.745098
0.729412
0.694118
0.686275
0.713725
0.619608
0.580392
0.568627
0.517647
0.478431
0.482353
0.509804
0.494118
0.505882
0.501961
0.435294
0.439216
0.447059
0.411765
0.313725
0.384314
0.521569
0.552941
0.498039
0.486275
0.509804
0.482353
0.431373
0.537255
0.635294
0.678431
0.729412
0.705882
0.694118
0.709804
0.701961
0.690196
0.678431
0.627451
0.615686
0.600000
0.552941
0.564706
0.529412
0.505882
0.501961
0.490196
0.447059
0.443137
0.435294
0.376471
0.356863
0.443137
0.549020
0.580392
0.537255
0.521569
0.525490
0.458824
0.450980
0.556863
0.635294
0.662745
0.690196
0.615686
0.603922
0.662745
0.709804
0.713725
0.729412
0.678431
0.643137
0.650980
0.619608
0.576471
0.545098
0.521569
0.529412
0.513725
0.450980
0.454902
0.403922
0.356863
0.435294
0.509804
0.572549
0.603922
0.580392
0.560784
0.545098
0.521569
0.447059
0.419608
0.584314
0.643137
0.596078
0.498039
0.411765
0.509804
0.631373
0.705882
0.721569
0.666667
0.650980
0.643137
0.654902
0.592157
0.545098
0.517647
0.525490
0.529412
0.443137
0.458824
0.352941
0.376471
0.498039
0.517647
0.568627
0.607843
0.607843
0.588235
0.552941
0.556863
0.537255
0.396078
0.486275
0.643137
0.572549
0.431373
0.152941
0.207843
0.474510
0.643137
0.674510
0.658824
0.647059
0.658824
0.662745
0.627451
0.545098
0.505882
0.513725
0.517647
0.443137
0.454902
0.337255
0.396078
0.513725
0.552941
0.584314
0.603922
0.611765
0.607843
0.552941
0.537255
0.478431
0.431373
0.564706
0.596078
0.603922
0.588235
0.427451
0.388235
0.576471
0.674510
0.701961
0.705882
0.670588
0.709804
0.701961
0.647059
0.545098
0.501961
0.533333
0.525490
0.447059
0.462745
0.352941
0.400000
0.521569
0.584314
0.596078
0.588235
0.603922
0.611765
0.584314
0.560784
0.423529
0.478431
0.584314
0.517647
0.615686
0.717647
0.717647
0.701961
0.717647
0.741176
0.705882
0.654902
0.650980
0.709804
0.682353
0.596078
0.552941
0.525490
0.541176
0.541176
0.443137
0.450980
0.333333
0.388235
0.525490
0.572549
0.607843
0.584314
0.592157
0.607843
0.592157
0.556863
0.447059
0.439216
0.380392
0.400000
0.576471
0.694118
0.717647
0.721569
0.737255
0.733333
0.639216
0.600000
0.643137
0.713725
0.654902
0.584314
0.580392
0.537255
0.541176
0.556863
0.431373
0.435294
0.325490
0.356863
0.501961
0.600000
0.647059
0.607843
0.572549
0.588235
0.584314
0.517647
0.458824
0.427451
0.196078
0.266667
0.462745
0.525490
0.580392
0.678431
0.674510
0.615686
0.596078
0.607843
0.670588
0.698039
0.627451
0.584314
0.568627
0.537255
0.552941
0.560784
0.435294
0.423529
0.325490
0.317647
0.478431
0.607843
0.643137
0.615686
0.588235
0.580392
0.580392
0.498039
0.415686
0.423529
0.278431
0.258824
0.407843
0.494118
0.549020
0.588235
0.588235
0.596078
0.600000
0.639216
0.686275
0.654902
0.615686
0.592157
0.580392
0.533333
0.560784
0.564706
0.439216
0.427451
0.360784
0.321569
0.466667
0.568627
0.596078
0.619608
0.635294
0.576471
0.517647
0.490196
0.474510
0.498039
0.474510
0.431373
0.439216
0.486275
0.509804
0.509804
0.552941
0.615686
0.611765
0.635294
0.643137
0.647059
0.639216
0.603922
0.584314
0.494118
0.494118
0.533333
0.439216
0.439216
0.356863
0.321569
0.458824
0.584314
0.611765
0.603922
0.596078
0.521569
0.415686
0.423529
0.447059
0.568627
0.600000
0.600000
0.556863
0.529412
0.529412
0.525490
0.549020
0.611765
0.654902
0.647059
0.639216
0.619608
0.627451
0.623529
0.568627
0.509804
0.494118
0.482353
0.447059
0.454902
0.372549
0.313725
0.443137
0.584314
0.615686
0.615686
0.560784
0.419608
0.313725
0.313725
0.388235
0.572549
0.611765
0.658824
0.643137
0.615686
0.588235
0.537255
0.576471
0.639216
0.670588
0.635294
0.592157
0.603922
0.635294
0.643137
0.572549
0.525490
0.552941
0.541176
0.462745
0.462745
0.388235
0.341176
0.478431
0.588235
0.631373
0.615686
0.572549
0.431373
0.400000
0.364706
0.403922
0.603922
0.662745
0.650980
0.643137
0.596078
0.525490
0.505882
0.541176
0.623529
0.654902
0.580392
0.552941
0.623529
0.701961
0.639216
0.560784
0.560784
0.556863
0.564706
0.313725
0.341176
0.305882
0.313725
0.537255
0.623529
0.643137
0.631373
0.572549
0.388235
0.447059
0.443137
0.478431
0.635294
0.670588
0.694118
0.674510
0.541176
0.349020
0.419608
0.388235
0.403922
0.458824
0.454902
0.584314
0.650980
0.725490
0.666667
0.537255
0.509804
0.498039
0.490196
0.207843
0.223529
0.223529
0.254902
0.439216
0.588235
0.611765
0.627451
0.564706
0.392157
0.384314
0.360784
0.501961
0.666667
0.713725
0.737255
0.678431
0.541176
0.396078
0.447059
0.450980
0.427451
0.415686
0.376471
0.588235
0.709804
0.717647
0.666667
0.552941
0.498039
0.513725
0.517647
0.478431
0.462745
0.462745
0.447059
0.403922
0.505882
0.552941
0.545098
0.509804
0.466667
0.356863
0.301961
0.537255
0.686275
0.729412
0.729412
0.658824
0.529412
0.533333
0.556863
0.552941
0.552941
0.494118
0.364706
0.564706
0.713725
0.729412
0.674510
0.592157
0.517647
0.521569
0.525490
0.400000
0.392157
0.396078
0.400000
0.372549
0.372549
0.419608
0.454902
0.498039
0.470588
0.368627
0.309804
0.513725
0.600000
0.611765
0.650980
0.603922
0.443137
0.439216
0.447059
0.443137
0.458824
0.454902
0.329412
0.498039
0.650980
0.670588
0.658824
0.611765
0.505882
0.501961
0.509804
0.352941
0.352941
0.352941
0.356863
0.364706
0.384314
0.396078
0.407843
0.427451
0.403922
0.368627
0.337255
0.466667
0.549020
0.541176
0.576471
0.541176
0.419608
0.392157
0.388235
0.392157
0.407843
0.423529
0.403922
0.466667
0.568627
0.568627
0.568627
0.576471
0.541176
0.513725
0.529412
0.368627
0.368627
0.368627
0.356863
0.360784
0.388235
0.400000
0.403922
0.388235
0.392157
0.396078
0.376471
0.392157
0.498039
0.529412
0.498039
0.462745
0.447059
0.431373
0.427451
0.431373
0.439216
0.458824
0.462745
0.450980
0.474510
0.494118
0.494118
0.505882
0.490196
0.470588
0.470588
0.380392
0.368627
0.368627
0.356863
0.360784
0.396078
0.415686
0.411765
0.396078
0.403922
0.411765
0.411765
0.407843
0.423529
0.431373
0.423529
0.431373
0.435294
0.443137
0.443137
0.439216
0.443137
0.450980
0.450980
0.447059
0.450980
0.447059
0.447059
0.454902
0.454902
0.450980
0.431373
0.380392
0.380392
0.372549
0.376471
0.411765
0.435294
0.419608
0.400000
0.403922
0.415686
0.423529
0.419608
0.419608
0.435294
0.435294
0.431373
0.435294
0.435294
0.450980
0.458824
0.458824
0.458824
0.443137
0.443137
0.454902
0.458824
0.450980
0.458824
0.458824
0.450980
0.450980
0.454902
0.388235
0.368627
0.380392
0.411765
0.439216
0.427451
0.407843
0.415686
0.427451
0.427451
0.435294
0.435294
0.435294
0.439216
0.447059
0.450980
0.450980
0.458824
0.458824
0.450980
0.454902
0.462745
0.454902
0.462745
0.458824
0.450980
0.454902
0.462745
0.447059
0.443137
0.450980
0.466667
0.403922
0.376471
0.360784
0.443137
0.490196
0.447059
0.435294
0.454902
0.482353
0.490196
0.482353
0.482353
0.482353
0.478431
0.478431
0.474510
0.474510
0.482353
0.482353
0.478431
0.482353
0.486275
0.478431
0.470588
0.474510
0.482353
0.474510
0.470588
0.478431
0.490196
0.494118
0.498039
0.407843
0.407843
0.352941
0.384314
0.474510
0.470588
0.427451
0.443137
0.466667
0.486275
0.482353
0.478431
0.474510
0.466667
0.466667
0.462745
0.466667
0.486275
0.482353
0.474510
0.482353
0.482353
0.474510
0.474510
0.474510
0.478431
0.466667
0.454902
0.462745
0.478431
0.486275
0.494118
0.419608
0.435294
0.407843
0.360784
0.431373
0.494118
0.447059
0.435294
0.439216
0.474510
0.490196
0.486275
0.478431
0.458824
0.458824
0.466667
0.474510
0.490196
0.490196
0.486275
0.494118
0.494118
0.478431
0.478431
0.478431
0.482353
0.458824
0.439216
0.454902
0.474510
0.478431
0.494118
0.407843
0.427451
0.462745
0.392157
0.376471
0.466667
0.470588
0.443137
0.427451
0.419608
0.466667
0.482353
0.478431
0.466667
0.454902
0.450980
0.501961
0.525490
0.498039
0.474510
0.478431
0.498039
0.505882
0.490196
0.478431
0.490196
0.482353
0.466667
0.462745
0.482353
0.494118
0.494118
0.396078
0.411765
0.474510
0.447059
0.368627
0.400000
0.474510
0.454902
0.439216
0.447059
0.482353
0.490196
0.474510
0.466667
0.400000
0.376471
0.490196
0.482353
0.443137
0.439216
0.458824
0.498039
0.533333
0.513725
0.513725
0.517647
0.521569
0.501961
0.482353
0.498039
0.517647
0.505882
0.415686
0.415686
0.470588
0.486275
0.419608
0.360784
0.407843
0.423529
0.478431
0.572549
0.541176
0.509804
0.439216
0.411765
0.317647
0.317647
0.400000
0.419608
0.454902
0.525490
0.603922
0.600000
0.501961
0.509804
0.525490
0.513725
0.513725
0.501961
0.498039
0.509804
0.517647
0.517647
0.435294
0.431373
0.474510
0.498039
0.462745
0.392157
0.380392
0.427451
0.478431
0.466667
0.443137
0.458824
0.407843
0.396078
0.368627
0.400000
0.509804
0.549020
0.564706
0.611765
0.623529
0.584314
0.482353
0.423529
0.415686
0.439216
0.439216
0.466667
0.498039
0.505882
0.517647
0.521569
0.447059
0.435294
0.466667
0.490196
0.474510
0.380392
0.392157
0.427451
0.423529
0.403922
0.419608
0.482353
0.407843
0.372549
0.529412
0.564706
0.607843
0.592157
0.635294
0.666667
0.666667
0.603922
0.474510
0.419608
0.380392
0.360784
0.356863
0.411765
0.478431
0.513725
0.521569
0.521569
0.454902
0.443137
0.454902
0.466667
0.403922
0.352941
0.384314
0.423529
0.435294
0.447059
0.427451
0.427451
0.380392
0.462745
0.631373
0.650980
0.635294
0.647059
0.698039
0.678431
0.682353
0.654902
0.501961
0.466667
0.423529
0.388235
0.349020
0.400000
0.494118
0.513725
0.517647
0.521569
0.454902
0.450980
0.454902
0.427451
0.345098
0.372549
0.443137
0.490196
0.454902
0.450980
0.447059
0.439216
0.388235
0.533333
0.643137
0.650980
0.690196
0.709804
0.694118
0.650980
0.639216
0.666667
0.560784
0.501961
0.482353
0.439216
0.407843
0.443137
0.509804
0.509804
0.517647
0.517647
0.450980
0.454902
0.458824
0.415686
0.313725
0.376471
0.490196
0.529412
0.470588
0.454902
0.478431
0.450980
0.403922
0.521569
0.615686
0.650980
0.694118
0.670588
0.658824
0.670588
0.650980
0.643137
0.623529
0.556863
0.545098
0.541176
0.501961
0.529412
0.521569
0.509804
0.513725
0.505882
0.454902
0.458824
0.454902
0.392157
0.360784
0.435294
0.509804
0.545098
0.501961
0.478431
0.486275
0.415686
0.415686
0.533333
0.603922
0.623529
0.647059
0.580392
0.572549
0.619608
0.658824
0.662745
0.678431
0.615686
0.588235
0.615686
0.592157
0.549020
0.525490
0.517647
0.537255
0.529412
0.470588
0.470588
0.415686
0.364706
0.431373
0.490196
0.533333
0.564706
0.541176
0.517647
0.498039
0.478431
0.411765
0.392157
0.560784
0.611765
0.556863
0.470588
0.388235
0.474510
0.588235
0.658824
0.678431
0.615686
0.607843
0.615686
0.631373
0.564706
0.517647
0.509804
0.533333
0.545098
0.478431
0.470588
0.349020
0.368627
0.466667
0.482353
0.529412
0.564706
0.564706
0.549020
0.513725
0.513725
0.505882
0.384314
0.478431
0.631373
0.541176
0.411765
0.133333
0.176471
0.447059
0.615686
0.635294
0.619608
0.607843
0.619608
0.627451
0.596078
0.517647
0.501961
0.525490
0.533333
0.474510
0.466667
0.333333
0.392157
0.482353
0.517647
0.545098
0.556863
0.564706
0.560784
0.505882
0.486275
0.435294
0.407843
0.560784
0.580392
0.568627
0.556863
0.403922
0.360784
0.545098
0.643137
0.666667
0.666667
0.631373
0.670588
0.666667
0.615686
0.517647
0.501961
0.549020
0.537255
0.474510
0.474510
0.352941
0.400000
0.490196
0.549020
0.552941
0.541176
0.545098
0.549020
0.525490
0.498039
0.368627
0.447059
0.568627
0.498039
0.568627
0.670588
0.682353
0.662745
0.674510
0.694118
0.666667
0.615686
0.611765
0.670588
0.647059
0.568627
0.525490
0.525490
0.552941
0.545098
0.470588
0.462745
0.337255
0.388235
0.494118
0.537255
0.568627
0.541176
0.529412
0.537255
0.521569
0.490196
0.384314
0.400000
0.368627
0.380392
0.521569
0.639216
0.674510
0.682353
0.690196
0.678431
0.596078
0.560784
0.603922
0.674510
0.619608
0.552941
0.556863
0.537255
0.552941
0.560784
0.470588
0.458824
0.337255
0.360784
0.478431
0.568627
0.611765
0.568627
0.529412
0.521569
0.505882
0.450980
0.411765
0.396078
0.176471
0.239216
0.423529
0.486275
0.541176
0.635294
0.619608
0.560784
0.556863
0.568627
0.631373
0.654902
0.592157
0.552941
0.545098
0.533333
0.560784
0.564706
0.482353
0.454902
0.341176
0.321569
0.458824
0.576471
0.607843
0.576471
0.549020
0.521569
0.509804
0.439216
0.380392
0.396078
0.247059
0.227451
0.372549
0.454902
0.505882
0.541176
0.533333
0.541176
0.564706
0.600000
0.643137
0.607843
0.576471
0.560784
0.552941
0.525490
0.564706
0.568627
0.482353
0.454902
0.368627
0.325490
0.447059
0.537255
0.560784
0.580392
0.588235
0.529412
0.470588
0.439216
0.435294
0.474510
0.439216
0.396078
0.396078
0.447059
0.470588
0.466667
0.505882
0.572549
0.576471
0.596078
0.603922
0.600000
0.603922
0.568627
0.549020
0.482353
0.501961
0.537255
0.482353
0.462745
0.364706
0.321569
0.439216
0.556863
0.576471
0.564706
0.545098
0.482353
0.392157
0.380392
0.403922
0.545098
0.568627
0.552941
0.505882
0.486275
0.490196
0.482353
0.509804
0.572549
0.619608
0.607843
0.596078
0.576471
0.592157
0.584314
0.525490
0.494118
0.505882
0.494118
0.474510
0.462745
0.376471
0.313725
0.419608
0.545098
0.572549
0.572549
0.513725
0.384314
0.298039
0.282353
0.349020
0.545098
0.580392
0.615686
0.588235
0.564706
0.541176
0.498039
0.529412
0.592157
0.631373
0.596078
0.549020
0.556863
0.596078
0.603922
0.525490
0.505882
0.560784
0.552941
0.478431
0.466667
0.403922
0.349020
0.447059
0.529412
0.568627
0.576471
0.533333
0.392157
0.380392
0.345098
0.384314
0.576471
0.631373
0.607843
0.592157
0.545098
0.494118
0.486275
0.498039
0.564706
0.611765
0.537255
0.505882
0.576471
0.658824
0.603922
0.525490
0.537255
0.564706
0.568627
0.372549
0.388235
0.356863
0.345098
0.525490
0.576471
0.580392
0.576471
0.525490
0.352941
0.423529
0.423529
0.458824
0.611765
0.639216
0.650980
0.623529
0.501961
0.333333
0.411765
0.368627
0.372549
0.427451
0.423529
0.545098
0.603922
0.674510
0.635294
0.509804
0.490196
0.505882
0.494118
0.274510
0.274510
0.274510
0.286275
0.443137
0.556863
0.556863
0.564706
0.513725
0.356863
0.360784
0.345098
0.486275
0.643137
0.682353
0.694118
0.627451
0.498039
0.368627
0.435294
0.439216
0.411765
0.411765
0.368627
0.560784
0.658824
0.658824
0.635294
0.533333
0.486275
0.521569
0.521569
0.513725
0.486275
0.474510
0.450980
0.403922
0.482353
0.505882
0.486275
0.458824
0.427451
0.333333
0.282353
0.517647
0.658824
0.698039
0.686275
0.611765
0.490196
0.517647
0.552941
0.556863
0.560784
0.505882
0.372549
0.545098
0.654902
0.662745
0.647059
0.580392
0.509804
0.525490
0.529412
0.403922
0.396078
0.396078
0.396078
0.364706
0.349020
0.376471
0.403922
0.443137
0.415686
0.321569
0.274510
0.486275
0.552941
0.552941
0.584314
0.545098
0.415686
0.435294
0.450980
0.447059
0.470588
0.474510
0.337255
0.478431
0.603922
0.607843
0.611765
0.580392
0.490196
0.501961
0.509804
0.356863
0.356863
0.360784
0.360784
0.360784
0.364706
0.360784
0.360784
0.384314
0.360784
0.325490
0.305882
0.439216
0.498039
0.474510
0.505882
0.482353
0.384314
0.368627
0.372549
0.380392
0.400000
0.427451
0.388235
0.431373
0.517647
0.513725
0.517647
0.537255
0.521569
0.505882
0.509804
0.372549
0.372549
0.372549
0.360784
0.364706
0.380392
0.376471
0.372549
0.372549
0.376471
0.376471
0.360784
0.380392
0.474510
0.486275
0.447059
0.427451
0.411765
0.400000
0.400000
0.403922
0.415686
0.435294
0.431373
0.407843
0.423529
0.450980
0.447059
0.454902
0.454902
0.450980
0.447059
0.384314
0.372549
0.372549
0.360784
0.364706
0.396078
0.415686
0.411765
0.396078
0.400000
0.392157
0.388235
0.396078
0.423529
0.411765
0.396078
0.419608
0.427451
0.427451
0.427451
0.411765
0.411765
0.427451
0.427451
0.423529
0.427451
0.431373
0.419608
0.407843
0.415686
0.435294
0.423529
0.384314
0.384314
0.376471
0.380392
0.411765
0.439216
0.431373
0.419608
0.407843
0.407843
0.403922
0.396078
0.407843
0.439216
0.427451
0.423529
0.435294
0.447059
0.458824
0.450980
0.435294
0.435294
0.435294
0.439216
0.450980
0.462745
0.470588
0.462745
0.443137
0.443137
0.454902
0.447059
0.392157
0.372549
0.384314
0.415686
0.439216
0.427451
0.407843
0.415686
0.423529
0.419608
0.427451
0.423529
0.427451
0.435294
0.439216
0.443137
0.447059
0.450980
0.450980
0.439216
0.443137
0.454902
0.458824
0.454902
0.454902
0.450980
0.462745
0.462745
0.447059
0.443137
0.450980
0.458824
