0.713725
0.584314
0.164706
0.078431
0.098039
0.117647
0.113725
0.105882
0.133333
0.101961
0.086275
0.109804
0.113725
0.082353
0.086275
0.094118
0.101961
0.113725
0.117647
0.113725
0.101961
0.109804
0.109804
0.098039
0.094118
0.094118
0.078431
0.070588
0.082353
0.074510
0.070588
0.070588
0.725490
0.658824
0.235294
0.086275
0.121569
0.141176
0.137255
0.125490
0.137255
0.133333
0.121569
0.125490
0.101961
0.074510
0.090196
0.094118
0.098039
0.101961
0.105882
0.117647
0.117647
0.121569
0.117647
0.109804
0.109804
0.098039
0.082353
0.082353
0.086275
0.078431
0.074510
0.074510
0.725490
0.709804
0.298039
0.082353
0.125490
0.145098
0.141176
0.137255
0.145098
0.133333
0.109804
0.090196
0.078431
0.074510
0.082353
0.090196
0.086275
0.090196
0.101961
0.113725
0.113725
0.121569
0.117647
0.101961
0.113725
0.113725
0.098039
0.090196
0.090196
0.082353
0.078431
0.082353
0.733333
0.749020
0.368627
0.078431
0.113725
0.133333
0.137255
0.129412
0.149020
0.149020
0.105882
0.090196
0.082353
0.074510
0.082353
0.094118
0.086275
0.098039
0.101961
0.105882
0.109804
0.137255
0.207843
0.121569
0.105882
0.117647
0.243137
0.164706
0.090196
0.094118
0.082353
0.074510
0.737255
0.768627
0.450980
0.098039
0.105882
0.117647
0.125490
0.125490
0.152941
0.152941
0.101961
0.094118
0.086275
0.082353
0.094118
0.094118
0.074510
0.094118
0.098039
0.098039
0.098039
0.168627
0.458824
0.235294
0.074510
0.196078
0.494118
0.243137
0.086275
0.098039
0.086275
0.078431
0.749020
0.768627
0.545098
0.125490
0.098039
0.113725
0.117647
0.133333
0.149020
0.145098
0.098039
0.094118
0.101961
0.113725
0.117647
0.109804
0.094118
0.094118
0.101961
0.109804
0.109804
0.196078
0.607843
0.427451
0.188235
0.349020
0.584314
0.219608
0.101961
0.109804
0.094118
0.086275
0.752941
0.768627
0.635294
0.152941
0.074510
0.094118
0.094118
0.113725
0.129412
0.121569
0.082353
0.062745
0.066667
0.074510
0.078431
0.082353
0.082353
0.078431
0.082353
0.086275
0.086275
0.149020
0.509804
0.498039
0.494118
0.505882
0.435294
0.149020
0.094118
0.090196
0.078431
0.078431
0.752941
0.760784
0.725490
0.396078
0.305882
0.329412
0.329412
0.325490
0.313725
0.282353
0.274510
0.294118
0.298039
0.270588
0.262745
0.278431
0.266667
0.301961
0.384314
0.278431
0.231373
0.227451
0.380392
0.513725
0.529412
0.513725
0.376471
0.160784
0.129412
0.121569
0.105882
0.094118
0.760784
0.760784
0.768627
0.772549
0.780392
0.788235
0.803922
0.811765
0.807843
0.827451
0.815686
0.788235
0.756863
0.686275
0.607843
0.572549
0.596078
0.592157
0.600000
0.639216
0.717647
0.525490
0.458824
0.584314
0.501961
0.474510
0.474510
0.572549
0.584314
0.541176
0.505882
0.466667
0.764706
0.760784
0.772549
0.788235
0.803922
0.803922
0.803922
0.823529
0.827451
0.760784
0.596078
0.427451
0.356863
0.360784
0.345098
0.282353
0.321569
0.294118
0.258824
0.298039
0.356863
0.329412
0.470588
0.670588
0.674510
0.596078
0.572549
0.780392
0.811765
0.788235
0.772549
0.749020
0.764706
0.760784
0.772549
0.772549
0.784314
0.796078
0.792157
0.780392
0.607843
0.376471
0.235294
0.215686
0.250980
0.286275
0.345098
0.345098
0.349020
0.321569
0.301961
0.243137
0.243137
0.329412
0.380392
0.505882
0.662745
0.631373
0.670588
0.803922
0.800000
0.784314
0.772549
0.752941
0.741176
0.737255
0.749020
0.752941
0.764706
0.780392
0.701961
0.498039
0.278431
0.219608
0.239216
0.270588
0.333333
0.341176
0.396078
0.447059
0.423529
0.403922
0.368627
0.219608
0.278431
0.337255
0.333333
0.352941
0.517647
0.592157
0.682353
0.811765
0.800000
0.784314
0.764706
0.749020
0.643137
0.631373
0.627451
0.631373
0.639216
0.639216
0.450980
0.235294
0.211765
0.215686
0.239216
0.262745
0.352941
0.380392
0.411765
0.474510
0.427451
0.431373
0.360784
0.164706
0.258824
0.333333
0.333333
0.349020
0.447059
0.521569
0.627451
0.760784
0.756863
0.749020
0.729412
0.709804
0.588235
0.580392
0.580392
0.580392
0.584314
0.549020
0.376471
0.270588
0.250980
0.231373
0.207843
0.239216
0.368627
0.419608
0.431373
0.470588
0.435294
0.443137
0.345098
0.121569
0.176471
0.278431
0.345098
0.443137
0.482353
0.490196
0.552941
0.600000
0.603922
0.592157
0.572549
0.556863
0.584314
0.584314
0.592157
0.592157
0.600000
0.525490
0.376471
0.270588
0.227451
0.200000
0.188235
0.258824
0.458824
0.537255
0.521569
0.486275
0.450980
0.509804
0.380392
0.090196
0.129412
0.258824
0.470588
0.541176
0.494118
0.478431
0.537255
0.568627
0.572549
0.560784
0.545098
0.529412
0.568627
0.572549
0.584314
0.588235
0.592157
0.470588
0.278431
0.176471
0.180392
0.219608
0.266667
0.333333
0.552941
0.713725
0.741176
0.596078
0.470588
0.564706
0.474510
0.156863
0.196078
0.250980
0.478431
0.529412
0.333333
0.423529
0.576471
0.576471
0.584314
0.580392
0.564706
0.545098
0.564706
0.568627
0.584314
0.592157
0.603922
0.486275
0.207843
0.203922
0.266667
0.356863
0.411765
0.501961
0.654902
0.792157
0.831373
0.658824
0.513725
0.607843
0.603922
0.384314
0.294118
0.223529
0.301961
0.443137
0.333333
0.396078
0.580392
0.588235
0.584314
0.576471
0.560784
0.545098
0.584314
0.592157
0.611765
0.619608
0.639216
0.517647
0.227451
0.231373
0.239216
0.352941
0.545098
0.619608
0.654902
0.764706
0.780392
0.690196
0.662745
0.701961
0.686275
0.486275
0.317647
0.278431
0.329412
0.533333
0.482353
0.529412
0.611765
0.611765
0.603922
0.596078
0.584314
0.564706
0.596078
0.623529
0.647059
0.654902
0.678431
0.607843
0.286275
0.235294
0.250980
0.219608
0.419608
0.541176
0.686275
0.796078
0.796078
0.764706
0.749020
0.741176
0.721569
0.549020
0.427451
0.435294
0.533333
0.662745
0.635294
0.650980
0.662745
0.647059
0.631373
0.615686
0.600000
0.576471
0.545098
0.576471
0.603922
0.627451
0.654902
0.666667
0.341176
0.298039
0.415686
0.298039
0.333333
0.513725
0.717647
0.760784
0.764706
0.764706
0.760784
0.760784
0.756863
0.713725
0.678431
0.686275
0.709804
0.709804
0.698039
0.686275
0.682353
0.666667
0.654902
0.635294
0.619608
0.596078
0.478431
0.482353
0.482353
0.494118
0.513725
0.552941
0.384314
0.321569
0.537255
0.525490
0.345098
0.549020
0.654902
0.678431
0.694118
0.701961
0.709804
0.713725
0.717647
0.717647
0.721569
0.713725
0.698039
0.686275
0.670588
0.658824
0.647059
0.627451
0.611765
0.596078
0.580392
0.560784
0.615686
0.596078
0.584314
0.580392
0.576471
0.607843
0.466667
0.231373
0.458824
0.400000
0.192157
0.415686
0.549020
0.556863
0.552941
0.545098
0.541176
0.533333
0.533333
0.541176
0.537255
0.545098
0.549020
0.552941
0.549020
0.552941
0.545098
0.541176
0.537255
0.533333
0.517647
0.501961
0.725490
0.709804
0.713725
0.713725
0.721569
0.741176
0.627451
0.262745
0.466667
0.313725
0.207843
0.564706
0.745098
0.737255
0.741176
0.733333
0.725490
0.713725
0.701961
0.690196
0.674510
0.658824
0.639216
0.623529
0.600000
0.576471
0.552941
0.529412
0.505882
0.482353
0.450980
0.423529
0.705882
0.698039
0.694118
0.709804
0.717647
0.737255
0.682353
0.247059
0.380392
0.643137
0.694118
0.800000
0.835294
0.839216
0.847059
0.847059
0.847059
0.843137
0.839216
0.823529
0.815686
0.800000
0.788235
0.776471
0.764706
0.745098
0.733333
0.717647
0.698039
0.674510
0.654902
0.631373
0.701961
0.701961
0.690196
0.701961
0.713725
0.725490
0.709804
0.278431
0.254902
0.690196
0.803922
0.792157
0.796078
0.796078
0.800000
0.803922
0.803922
0.803922
0.796078
0.796078
0.792157
0.788235
0.784314
0.776471
0.768627
0.760784
0.752941
0.745098
0.725490
0.705882
0.686275
0.666667
0.678431
0.686275
0.674510
0.686275
0.701961
0.709804
0.733333
0.458824
0.203922
0.537255
0.768627
0.784314
0.800000
0.807843
0.811765
0.811765
0.811765
0.807843
0.807843
0.803922
0.796078
0.792157
0.780392
0.772549
0.760784
0.749020
0.733333
0.717647
0.698039
0.674510
0.650980
0.631373
0.647059
0.662745
0.670588
0.682353
0.674510
0.686275
0.717647
0.572549
0.180392
0.443137
0.764706
0.776471
0.788235
0.796078
0.803922
0.800000
0.800000
0.796078
0.796078
0.800000
0.792157
0.788235
0.776471
0.768627
0.760784
0.749020
0.737255
0.721569
0.701961
0.678431
0.658824
0.635294
0.615686
0.615686
0.568627
0.611765
0.639216
0.643137
0.662745
0.592157
0.247059
0.435294
0.721569
0.737255
0.756863
0.768627
0.780392
0.776471
0.772549
0.772549
0.768627
0.764706
0.760784
0.760784
0.760784
0.749020
0.745098
0.729412
0.717647
0.705882
0.682353
0.662745
0.643137
0.627451
0.576471
0.498039
0.360784
0.498039
0.635294
0.639216
0.654902
0.627451
0.482353
0.584314
0.709804
0.717647
0.729412
0.741176
0.745098
0.737255
0.741176
0.737255
0.729412
0.721569
0.721569
0.721569
0.721569
0.709804
0.701961
0.690196
0.678431
0.666667
0.643137
0.627451
0.611765
0.596078
0.517647
0.360784
0.301961
0.450980
0.580392
0.603922
0.631373
0.643137
0.654902
0.686275
0.701961
0.717647
0.725490
0.733333
0.733333
0.729412
0.733333
0.733333
0.729412
0.729412
0.717647
0.713725
0.709804
0.701961
0.690196
0.682353
0.666667
0.658824
0.639216
0.619608
0.600000
0.580392
0.486275
0.415686
0.423529
0.486275
0.501961
0.513725
0.541176
0.552941
0.568627
0.592157
0.596078
0.615686
0.631373
0.631373
0.643137
0.647059
0.650980
0.654902
0.654902
0.666667
0.666667
0.658824
0.658824
0.654902
0.650980
0.643137
0.627451
0.619608
0.607843
0.596078
0.568627
0.549020
0.407843
0.403922
0.462745
0.505882
0.462745
0.447059
0.478431
0.486275
0.498039
0.513725
0.505882
0.517647
0.513725
0.498039
0.494118
0.482353
0.505882
0.501961
0.490196
0.560784
0.552941
0.517647
0.525490
0.529412
0.529412
0.525490
0.513725
0.509804
0.494118
0.478431
0.462745
0.443137
0.756863
0.631373
0.184314
0.094118
0.109804
0.133333
0.133333
0.121569
0.168627
0.125490
0.105882
0.149020
0.145098
0.117647
0.125490
0.133333
0.149020
0.164706
0.172549
0.160784
0.149020
0.149020
0.149020
0.133333
0.121569
0.121569
0.101961
0.094118
0.105882
0.101961
0.090196
0.086275
0.764706
0.698039
0.258824
0.105882
0.137255
0.164706
0.160784
0.149020
0.172549
0.160784
0.149020
0.176471
0.145098
0.113725
0.129412
0.137255
0.145098
0.149020
0.156863
0.164706
0.160784
0.160784
0.152941
0.141176
0.137255
0.121569
0.101961
0.101961
0.105882
0.098039
0.086275
0.082353
0.756863
0.745098
0.325490
0.105882
0.149020
0.176471
0.172549
0.172549
0.180392
0.172549
0.141176
0.113725
0.113725
0.113725
0.121569
0.133333
0.129412
0.133333
0.149020
0.156863
0.152941
0.156863
0.145098
0.125490
0.129412
0.133333
0.117647
0.113725
0.109804
0.098039
0.090196
0.094118
0.760784
0.780392
0.400000
0.105882
0.145098
0.160784
0.164706
0.168627
0.192157
0.192157
0.141176
0.117647
0.113725
0.113725
0.121569
0.133333
0.129412
0.141176
0.145098
0.149020
0.152941
0.164706
0.219608
0.141176
0.125490
0.133333
0.239216
0.172549
0.113725
0.113725
0.101961
0.090196
0.756863
0.792157
0.482353
0.121569
0.137255
0.145098
0.152941
0.160784
0.192157
0.196078
0.133333
0.121569
0.117647
0.121569
0.133333
0.133333
0.117647
0.133333
0.141176
0.141176
0.141176
0.196078
0.454902
0.239216
0.098039
0.192157
0.458824
0.243137
0.105882
0.117647
0.105882
0.098039
0.756863
0.784314
0.572549
0.145098
0.125490
0.141176
0.145098
0.164706
0.192157
0.184314
0.129412
0.129412
0.137255
0.152941
0.156863
0.149020
0.133333
0.133333
0.145098
0.149020
0.149020
0.219608
0.584314
0.388235
0.172549
0.321569
0.533333
0.227451
0.121569
0.125490
0.113725
0.105882
0.760784
0.772549
0.650980
0.172549
0.101961
0.121569
0.121569
0.145098
0.168627
0.152941
0.113725
0.098039
0.098039
0.109804
0.109804
0.105882
0.109804
0.113725
0.121569
0.117647
0.113725
0.168627
0.458824
0.435294
0.447059
0.454902
0.376471
0.160784
0.117647
0.113725
0.101961
0.101961
0.760784
0.760784
0.733333
0.415686
0.325490
0.349020
0.349020
0.352941
0.341176
0.301961
0.298039
0.317647
0.313725
0.290196
0.290196
0.305882
0.290196
0.333333
0.419608
0.309804
0.266667
0.239216
0.298039
0.450980
0.458824
0.431373
0.317647
0.168627
0.160784
0.149020
0.129412
0.117647
0.756863
0.752941
0.768627
0.772549
0.784314
0.800000
0.811765
0.823529
0.823529
0.843137
0.843137
0.815686
0.776471
0.698039
0.615686
0.584314
0.588235
0.592157
0.603922
0.643137
0.729412
0.513725
0.368627
0.494118
0.388235
0.376471
0.403922
0.568627
0.603922
0.564706
0.529412
0.486275
0.756863
0.741176
0.749020
0.768627
0.792157
0.803922
0.807843
0.827451
0.835294
0.772549
0.600000
0.419608
0.341176
0.321569
0.294118
0.235294
0.262745
0.235294
0.207843
0.250980
0.317647
0.282353
0.380392
0.588235
0.615686
0.509804
0.494118
0.764706
0.796078
0.776471
0.760784
0.741176
0.737255
0.721569
0.729412
0.733333
0.752941
0.768627
0.784314
0.776471
0.603922
0.368627
0.215686
0.188235
0.207843
0.235294
0.282353
0.270588
0.266667
0.243137
0.219608
0.180392
0.192157
0.262745
0.301961
0.411765
0.588235
0.545098
0.607843
0.784314
0.772549
0.760784
0.745098
0.725490
0.654902
0.662745
0.682353
0.694118
0.717647
0.745098
0.678431
0.482353
0.254902
0.196078
0.215686
0.235294
0.274510
0.274510
0.309804
0.349020
0.321569
0.301961
0.270588
0.176471
0.223529
0.266667
0.266667
0.258824
0.392157
0.486275
0.631373
0.784314
0.764706
0.752941
0.733333
0.713725
0.321569
0.345098
0.352941
0.364706
0.388235
0.435294
0.384314
0.215686
0.192157
0.196078
0.215686
0.223529
0.286275
0.294118
0.309804
0.360784
0.309804
0.313725
0.266667
0.129412
0.207843
0.266667
0.258824
0.254902
0.325490
0.403922
0.541176
0.674510
0.662745
0.666667
0.658824
0.650980
0.137255
0.141176
0.141176
0.145098
0.145098
0.196078
0.286275
0.239216
0.227451
0.207843
0.184314
0.207843
0.290196
0.317647
0.325490
0.349020
0.317647
0.317647
0.250980
0.098039
0.145098
0.235294
0.258824
0.329412
0.356863
0.352941
0.294118
0.274510
0.278431
0.286275
0.290196
0.286275
0.152941
0.152941
0.152941
0.152941
0.149020
0.203922
0.305882
0.223529
0.203922
0.172549
0.160784
0.215686
0.352941
0.400000
0.384314
0.349020
0.333333
0.364706
0.274510
0.074510
0.105882
0.211765
0.376471
0.427451
0.396078
0.278431
0.137255
0.129412
0.133333
0.137255
0.129412
0.125490
0.141176
0.141176
0.145098
0.145098
0.145098
0.188235
0.231373
0.145098
0.168627
0.192157
0.227451
0.266667
0.411765
0.541176
0.596078
0.435294
0.341176
0.407843
0.356863
0.141176
0.172549
0.211765
0.376471
0.415686
0.290196
0.239216
0.164706
0.149020
0.160784
0.160784
0.149020
0.149020
0.137255
0.137255
0.141176
0.141176
0.141176
0.152941
0.164706
0.176471
0.231373
0.290196
0.341176
0.403922
0.501961
0.631373
0.682353
0.482353
0.341176
0.372549
0.400000
0.294118
0.270588
0.203922
0.227451
0.309804
0.286275
0.250980
0.160784
0.133333
0.145098
0.141176
0.141176
0.141176
0.145098
0.145098
0.149020
0.152941
0.152941
0.137255
0.160784
0.211765
0.203922
0.298039
0.470588
0.521569
0.474510
0.415686
0.345098
0.282353
0.219608
0.176471
0.200000
0.243137
0.243137
0.254902
0.223529
0.219608
0.341176
0.282353
0.145098
0.145098
0.145098
0.149020
0.149020
0.141176
0.137255
0.141176
0.145098
0.145098
0.149020
0.133333
0.160784
0.215686
0.215686
0.200000
0.376471
0.439216
0.274510
0.176471
0.164706
0.160784
0.160784
0.149020
0.176471
0.301961
0.321569
0.298039
0.250980
0.168627
0.211765
0.192157
0.145098
0.149020
0.145098
0.145098
0.145098
0.141176
0.254902
0.262745
0.262745
0.262745
0.254902
0.254902
0.196078
0.254902
0.321569
0.254902
0.301961
0.400000
0.247059
0.196078
0.196078
0.188235
0.184314
0.180392
0.184314
0.235294
0.258824
0.219608
0.176471
0.149020
0.145098
0.149020
0.145098
0.141176
0.141176
0.141176
0.137255
0.133333
0.431373
0.419608
0.403922
0.400000
0.400000
0.411765
0.309804
0.250980
0.407843
0.454902
0.313725
0.474510
0.450980
0.431373
0.423529
0.415686
0.400000
0.388235
0.384314
0.376471
0.360784
0.349020
0.329412
0.305882
0.298039
0.286275
0.258824
0.243137
0.223529
0.211765
0.196078
0.180392
0.643137
0.615686
0.600000
0.588235
0.584314
0.596078
0.458824
0.188235
0.376471
0.364706
0.176471
0.392157
0.529412
0.533333
0.517647
0.505882
0.482353
0.466667
0.462745
0.474510
0.462745
0.458824
0.450980
0.443137
0.443137
0.443137
0.419608
0.407843
0.400000
0.392157
0.376471
0.356863
0.772549
0.752941
0.745098
0.749020
0.752941
0.768627
0.647059
0.231373
0.407843
0.290196
0.211765
0.572549
0.760784
0.752941
0.749020
0.741176
0.729412
0.713725
0.701961
0.694118
0.674510
0.658824
0.643137
0.619608
0.596078
0.572549
0.545098
0.521569
0.498039
0.478431
0.447059
0.423529
0.749020
0.737255
0.733333
0.737255
0.745098
0.764706
0.701961
0.223529
0.329412
0.623529
0.709804
0.823529
0.858824
0.862745
0.866667
0.866667
0.862745
0.858824
0.850980
0.847059
0.835294
0.823529
0.811765
0.792157
0.780392
0.764706
0.749020
0.737255
0.721569
0.698039
0.682353
0.662745
0.745098
0.741176
0.733333
0.737255
0.745098
0.749020
0.729412
0.282353
0.219608
0.682353
0.831373
0.815686
0.815686
0.815686
0.819608
0.823529
0.819608
0.819608
0.815686
0.815686
0.811765
0.807843
0.800000
0.792157
0.784314
0.780392
0.772549
0.760784
0.749020
0.737255
0.729412
0.713725
0.721569
0.721569
0.709804
0.721569
0.725490
0.733333
0.756863
0.466667
0.180392
0.505882
0.784314
0.803922
0.819608
0.823529
0.831373
0.831373
0.831373
0.827451
0.827451
0.823529
0.819608
0.811765
0.800000
0.792157
0.780392
0.768627
0.756863
0.737255
0.721569
0.705882
0.694118
0.674510
0.694118
0.701961
0.701961
0.709804
0.701961
0.709804
0.745098
0.592157
0.168627
0.415686
0.776471
0.796078
0.807843
0.815686
0.823529
0.819608
0.819608
0.815686
0.815686
0.819608
0.811765
0.803922
0.796078
0.788235
0.780392
0.768627
0.756863
0.741176
0.721569
0.709804
0.694118
0.678431
0.666667
0.654902
0.584314
0.635294
0.670588
0.674510
0.698039
0.619608
0.243137
0.431373
0.737255
0.760784
0.776471
0.788235
0.796078
0.796078
0.792157
0.792157
0.788235
0.784314
0.784314
0.784314
0.776471
0.768627
0.764706
0.752941
0.737255
0.725490
0.705882
0.690196
0.674510
0.666667
0.631373
0.529412
0.360784
0.517647
0.678431
0.678431
0.698039
0.666667
0.498039
0.603922
0.733333
0.741176
0.752941
0.764706
0.760784
0.756863
0.764706
0.760784
0.749020
0.745098
0.749020
0.745098
0.737255
0.729412
0.729412
0.713725
0.701961
0.694118
0.674510
0.654902
0.647059
0.635294
0.572549
0.380392
0.309804
0.482353
0.631373
0.650980
0.678431
0.686275
0.686275
0.721569
0.733333
0.741176
0.752941
0.760784
0.756863
0.756863
0.764706
0.764706
0.756863
0.752941
0.745098
0.745098
0.737255
0.733333
0.721569
0.713725
0.694118
0.682353
0.670588
0.654902
0.643137
0.627451
0.521569
0.423529
0.450980
0.529412
0.549020
0.556863
0.584314
0.592157
0.603922
0.627451
0.635294
0.650980
0.662745
0.666667
0.674510
0.682353
0.690196
0.694118
0.694118
0.701961
0.694118
0.694118
0.698039
0.698039
0.690196
0.682353
0.662745
0.658824
0.650980
0.639216
0.615686
0.603922
0.415686
0.411765
0.498039
0.545098
0.505882
0.482353
0.509804
0.517647
0.525490
0.541176
0.541176
0.545098
0.537255
0.529412
0.521569
0.513725
0.541176
0.537255
0.521569
0.580392
0.568627
0.545098
0.556863
0.568627
0.568627
0.560784
0.545098
0.549020
0.537255
0.521569
0.509804
0.494118
0.760784
0.623529
0.184314
0.098039
0.125490
0.149020
0.141176
0.133333
0.168627
0.121569
0.121569
0.168627
0.156863
0.098039
0.094118
0.113725
0.133333
0.152941
0.164706
0.152941
0.137255
0.145098
0.141176
0.101961
0.094118
0.094118
0.082353
0.074510
0.078431
0.074510
0.070588
0.074510
0.764706
0.690196
0.258824
0.117647
0.152941
0.176471
0.164706
0.156863
0.180392
0.164706
0.156863
0.180392
0.133333
0.082353
0.094118
0.109804
0.117647
0.129412
0.137255
0.149020
0.145098
0.149020
0.129412
0.105882
0.105882
0.094118
0.078431
0.078431
0.086275
0.082353
0.078431
0.082353
0.752941
0.737255
0.317647
0.098039
0.137255
0.160784
0.152941
0.152941
0.164706
0.152941
0.121569
0.098039
0.082353
0.078431
0.086275
0.098039
0.101961
0.109804
0.125490
0.137255
0.141176
0.137255
0.117647
0.098039
0.101961
0.105882
0.094118
0.094118
0.094118
0.086275
0.086275
0.086275
0.756863
0.772549
0.384314
0.090196
0.117647
0.133333
0.137255
0.145098
0.164706
0.160784
0.105882
0.082353
0.074510
0.070588
0.082353
0.098039
0.094118
0.109804
0.121569
0.125490
0.129412
0.133333
0.192157
0.113725
0.098039
0.105882
0.211765
0.152941
0.090196
0.094118
0.078431
0.070588
0.745098
0.784314
0.466667
0.109804
0.109804
0.121569
0.129412
0.137255
0.164706
0.160784
0.090196
0.078431
0.074510
0.078431
0.094118
0.094118
0.078431
0.098039
0.105882
0.109804
0.113725
0.160784
0.435294
0.215686
0.066667
0.156863
0.427451
0.227451
0.082353
0.094118
0.082353
0.074510
0.741176
0.776471
0.560784
0.133333
0.098039
0.113725
0.117647
0.133333
0.160784
0.145098
0.086275
0.082353
0.094118
0.113725
0.121569
0.105882
0.082353
0.090196
0.098039
0.109804
0.117647
0.192157
0.549020
0.349020
0.145098
0.274510
0.494118
0.211765
0.098039
0.101961
0.090196
0.082353
0.741176
0.760784
0.635294
0.156863
0.078431
0.098039
0.098039
0.117647
0.137255
0.117647
0.070588
0.058824
0.062745
0.074510
0.082353
0.078431
0.070588
0.078431
0.090196
0.082353
0.082353
0.129412
0.376471
0.349020
0.376471
0.372549
0.313725
0.125490
0.094118
0.090196
0.074510
0.074510
0.737255
0.741176
0.717647
0.427451
0.349020
0.364706
0.364706
0.368627
0.360784
0.325490
0.313725
0.337255
0.341176
0.309804
0.294118
0.309804
0.313725
0.364706
0.439216
0.329412
0.286275
0.239216
0.231373
0.321569
0.333333
0.313725
0.231373
0.168627
0.164706
0.145098
0.125490
0.109804
0.737255
0.733333
0.752941
0.768627
0.780392
0.792157
0.807843
0.819608
0.827451
0.850980
0.847059
0.819608
0.772549
0.674510
0.600000
0.564706
0.572549
0.580392
0.584314
0.627451
0.733333
0.498039
0.266667
0.392157
0.321569
0.301961
0.333333
0.580392
0.627451
0.588235
0.552941
0.509804
0.733333
0.721569
0.733333
0.749020
0.768627
0.784314
0.792157
0.815686
0.819608
0.745098
0.564706
0.380392
0.294118
0.258824
0.223529
0.176471
0.188235
0.168627
0.145098
0.196078
0.270588
0.227451
0.282353
0.486275
0.576471
0.454902
0.431373
0.752941
0.792157
0.772549
0.760784
0.741176
0.713725
0.701961
0.713725
0.713725
0.733333
0.756863
0.768627
0.749020
0.568627
0.321569
0.172549
0.137255
0.152941
0.172549
0.188235
0.180392
0.172549
0.152941
0.145098
0.121569
0.125490
0.180392
0.211765
0.305882
0.505882
0.462745
0.556863
0.772549
0.756863
0.752941
0.745098
0.725490
0.635294
0.647059
0.666667
0.678431
0.701961
0.725490
0.647059
0.443137
0.219608
0.160784
0.172549
0.176471
0.200000
0.188235
0.203922
0.231373
0.211765
0.196078
0.176471
0.121569
0.149020
0.176471
0.180392
0.164706
0.266667
0.364706
0.588235
0.780392
0.752941
0.749020
0.729412
0.713725
0.309804
0.329412
0.341176
0.352941
0.376471
0.411765
0.337255
0.172549
0.152941
0.160784
0.172549
0.168627
0.203922
0.192157
0.200000
0.227451
0.196078
0.192157
0.168627
0.098039
0.141176
0.184314
0.176471
0.168627
0.207843
0.274510
0.494118
0.670588
0.658824
0.658824
0.650980
0.643137
0.125490
0.129412
0.125490
0.129412
0.133333
0.168627
0.215686
0.176471
0.184314
0.168627
0.145098
0.152941
0.192157
0.203922
0.211765
0.211765
0.196078
0.196078
0.164706
0.070588
0.101961
0.168627
0.164706
0.207843
0.235294
0.258824
0.258824
0.270588
0.274510
0.282353
0.282353
0.286275
0.141176
0.145098
0.141176
0.145098
0.141176
0.168627
0.223529
0.160784
0.160784
0.141176
0.125490
0.160784
0.227451
0.250980
0.250980
0.200000
0.211765
0.223529
0.176471
0.058824
0.074510
0.156863
0.250980
0.282353
0.274510
0.207843
0.125490
0.125490
0.125490
0.129412
0.125490
0.125490
0.129412
0.137255
0.141176
0.141176
0.141176
0.156863
0.168627
0.105882
0.125490
0.149020
0.176471
0.188235
0.262745
0.360784
0.443137
0.274510
0.223529
0.270588
0.250980
0.121569
0.141176
0.164706
0.270588
0.313725
0.203922
0.176471
0.149020
0.141176
0.152941
0.152941
0.149020
0.145098
0.133333
0.133333
0.137255
0.141176
0.137255
0.141176
0.129412
0.129412
0.176471
0.200000
0.239216
0.274510
0.352941
0.474510
0.552941
0.345098
0.239216
0.262745
0.309804
0.247059
0.219608
0.168627
0.168627
0.243137
0.219608
0.192157
0.145098
0.133333
0.141176
0.137255
0.137255
0.137255
0.141176
0.141176
0.149020
0.145098
0.141176
0.121569
0.129412
0.160784
0.156863
0.219608
0.337255
0.368627
0.364706
0.333333
0.278431
0.215686
0.172549
0.137255
0.164706
0.207843
0.203922
0.203922
0.168627
0.180392
0.258824
0.215686
0.141176
0.141176
0.145098
0.145098
0.145098
0.141176
0.133333
0.133333
0.133333
0.129412
0.129412
0.113725
0.133333
0.168627
0.152941
0.156863
0.282353
0.325490
0.211765
0.141176
0.129412
0.133333
0.133333
0.125490
0.145098
0.227451
0.231373
0.219608
0.196078
0.145098
0.168627
0.164706
0.137255
0.137255
0.137255
0.141176
0.145098
0.141176
0.200000
0.200000
0.200000
0.203922
0.207843
0.200000
0.149020
0.176471
0.203922
0.184314
0.239216
0.309804
0.192157
0.156863
0.164706
0.156863
0.152941
0.152941
0.156863
0.192157
0.200000
0.176471
0.152941
0.129412
0.129412
0.133333
0.133333
0.137255
0.133333
0.137255
0.133333
0.133333
0.341176
0.329412
0.313725
0.309804
0.313725
0.317647
0.231373
0.164706
0.254902
0.333333
0.258824
0.376471
0.352941
0.341176
0.337255
0.329412
0.309804
0.301961
0.301961
0.301961
0.286275
0.274510
0.254902
0.239216
0.235294
0.231373
0.207843
0.196078
0.188235
0.180392
0.168627
0.160784
0.600000
0.572549
0.560784
0.545098
0.529412
0.549020
0.403922
0.137255
0.270588
0.278431
0.152941
0.333333
0.454902
0.458824
0.443137
0.431373
0.396078
0.380392
0.380392
0.392157
0.376471
0.372549
0.364706
0.349020
0.356863
0.360784
0.325490
0.317647
0.317647
0.309804
0.294118
0.274510
0.741176
0.721569
0.729412
0.729412
0.721569
0.752941
0.607843
0.188235
0.305882
0.227451
0.192157
0.556863
0.741176
0.729412
0.729412
0.717647
0.698039
0.682353
0.666667
0.666667
0.643137
0.619608
0.603922
0.584314
0.572549
0.545098
0.505882
0.486275
0.466667
0.443137
0.407843
0.376471
0.721569
0.705882
0.701961
0.713725
0.721569
0.741176
0.662745
0.192157
0.254902
0.568627
0.682353
0.796078
0.835294
0.831373
0.839216
0.850980
0.850980
0.839216
0.831373
0.827451
0.815686
0.807843
0.800000
0.784314
0.772549
0.756863
0.741176
0.725490
0.709804
0.686275
0.670588
0.654902
0.721569
0.709804
0.701961
0.709804
0.717647
0.729412
0.694118
0.243137
0.168627
0.623529
0.811765
0.788235
0.792157
0.792157
0.796078
0.803922
0.800000
0.796078
0.792157
0.792157
0.788235
0.780392
0.776471
0.772549
0.772549
0.768627
0.768627
0.756863
0.745098
0.733333
0.721569
0.705882
0.694118
0.694118
0.678431
0.690196
0.698039
0.713725
0.725490
0.407843
0.145098
0.458824
0.756863
0.780392
0.796078
0.803922
0.807843
0.807843
0.807843
0.803922
0.800000
0.800000
0.792157
0.784314
0.776471
0.768627
0.764706
0.752941
0.745098
0.729412
0.709804
0.694118
0.678431
0.658824
0.666667
0.670588
0.674510
0.682353
0.674510
0.682353
0.721569
0.533333
0.145098
0.380392
0.749020
0.772549
0.784314
0.792157
0.796078
0.796078
0.796078
0.792157
0.792157
0.796078
0.788235
0.784314
0.772549
0.764706
0.756863
0.745098
0.733333
0.721569
0.701961
0.686275
0.670588
0.650980
0.639216
0.623529
0.545098
0.607843
0.639216
0.643137
0.678431
0.580392
0.203922
0.403922
0.713725
0.733333
0.752941
0.764706
0.772549
0.772549
0.768627
0.768627
0.764706
0.760784
0.760784
0.760784
0.752941
0.745098
0.741176
0.729412
0.713725
0.701961
0.682353
0.662745
0.643137
0.635294
0.607843
0.501961
0.313725
0.490196
0.650980
0.650980
0.666667
0.623529
0.450980
0.572549
0.705882
0.709804
0.721569
0.741176
0.741176
0.733333
0.737255
0.737255
0.725490
0.721569
0.721569
0.721569
0.713725
0.705882
0.701961
0.686275
0.674510
0.666667
0.643137
0.627451
0.619608
0.603922
0.533333
0.345098
0.282353
0.466667
0.615686
0.635294
0.650980
0.658824
0.662745
0.705882
0.717647
0.725490
0.729412
0.741176
0.741176
0.737255
0.741176
0.741176
0.737255
0.733333
0.725490
0.721569
0.717647
0.709804
0.698039
0.690196
0.670588
0.658824
0.643137
0.631373
0.615686
0.600000
0.466667
0.356863
0.423529
0.513725
0.529412
0.541176
0.560784
0.572549
0.588235
0.611765
0.623529
0.643137
0.650980
0.650980
0.662745
0.674510
0.682353
0.690196
0.686275
0.694118
0.690196
0.690196
0.694118
0.690196
0.678431
0.670588
0.654902
0.647059
0.639216
0.627451
0.603922
0.588235
0.372549
0.349020
0.466667
0.521569
0.482353
0.458824
0.482353
0.494118
0.498039
0.509804
0.513725
0.521569
0.509804
0.505882
0.501961
0.501961
0.537255
0.533333
0.513725
0.568627
0.560784
0.549020
0.552941
0.560784
0.560784
0.556863
0.545098
0.545098
0.533333
0.513725
0.505882
0.494118
