0.341176
0.341176
0.337255
0.333333
0.337255
0.337255
0.352941
0.341176
0.337255
0.349020
0.349020
0.345098
0.333333
0.325490
0.337255
0.329412
0.341176
0.337255
0.329412
0.329412
0.329412
0.345098
0.356863
0.329412
0.305882
0.321569
0.341176
0.509804
0.592157
0.478431
0.486275
0.474510
0.321569
0.337255
0.329412
0.317647
0.329412
0.349020
0.349020
0.337255
0.345098
0.337255
0.333333
0.333333
0.333333
0.337255
0.341176
0.333333
0.345098
0.337255
0.321569
0.309804
0.298039
0.309804
0.345098
0.372549
0.392157
0.443137
0.392157
0.435294
0.478431
0.458824
0.517647
0.470588
0.317647
0.329412
0.333333
0.317647
0.325490
0.333333
0.325490
0.325490
0.329412
0.333333
0.329412
0.325490
0.313725
0.317647
0.321569
0.325490
0.317647
0.325490
0.345098
0.325490
0.298039
0.313725
0.392157
0.407843
0.407843
0.513725
0.458824
0.478431
0.560784
0.568627
0.509804
0.447059
0.317647
0.329412
0.325490
0.321569
0.333333
0.341176
0.337255
0.341176
0.341176
0.352941
0.345098
0.337255
0.329412
0.329412
0.305882
0.305882
0.290196
0.286275
0.341176
0.368627
0.384314
0.368627
0.341176
0.305882
0.431373
0.580392
0.529412
0.588235
0.654902
0.647059
0.560784
0.466667
0.329412
0.352941
0.352941
0.333333
0.317647
0.325490
0.325490
0.313725
0.313725
0.321569
0.313725
0.329412
0.329412
0.325490
0.317647
0.305882
0.294118
0.290196
0.349020
0.454902
0.490196
0.333333
0.294118
0.462745
0.600000
0.576471
0.509804
0.462745
0.505882
0.580392
0.568627
0.490196
0.321569
0.341176
0.341176
0.329412
0.317647
0.309804
0.301961
0.290196
0.294118
0.294118
0.305882
0.333333
0.345098
0.333333
0.313725
0.298039
0.294118
0.266667
0.368627
0.435294
0.337255
0.368627
0.470588
0.572549
0.592157
0.529412
0.529412
0.482353
0.494118
0.541176
0.572549
0.521569
0.309804
0.317647
0.313725
0.309804
0.305882
0.317647
0.337255
0.356863
0.380392
0.376471
0.345098
0.333333
0.309804
0.305882
0.305882
0.294118
0.325490
0.356863
0.450980
0.400000
0.403922
0.521569
0.505882
0.576471
0.572549
0.501961
0.513725
0.498039
0.486275
0.517647
0.549020
0.564706
0.317647
0.321569
0.345098
0.356863
0.400000
0.498039
0.572549
0.623529
0.654902
0.635294
0.576471
0.525490
0.509804
0.466667
0.439216
0.439216
0.505882
0.584314
0.529412
0.517647
0.584314
0.560784
0.545098
0.603922
0.552941
0.439216
0.392157
0.427451
0.419608
0.462745
0.545098
0.568627
0.388235
0.384314
0.419608
0.525490
0.686275
0.745098
0.709804
0.686275
0.705882
0.709804
0.721569
0.741176
0.780392
0.764706
0.745098
0.737255
0.729412
0.698039
0.627451
0.619608
0.603922
0.556863
0.611765
0.615686
0.490196
0.364706
0.396078
0.466667
0.462745
0.458824
0.376471
0.294118
0.415686
0.466667
0.572549
0.705882
0.737255
0.678431
0.631373
0.627451
0.631373
0.647059
0.686275
0.721569
0.721569
0.705882
0.721569
0.713725
0.698039
0.631373
0.588235
0.611765
0.607843
0.568627
0.611765
0.545098
0.411765
0.380392
0.454902
0.454902
0.462745
0.450980
0.309804
0.282353
0.400000
0.509804
0.635294
0.666667
0.635294
0.600000
0.592157
0.611765
0.611765
0.615686
0.666667
0.713725
0.717647
0.698039
0.682353
0.670588
0.666667
0.639216
0.619608
0.603922
0.603922
0.600000
0.584314
0.470588
0.388235
0.435294
0.450980
0.415686
0.407843
0.407843
0.411765
0.415686
0.415686
0.470588
0.560784
0.600000
0.596078
0.607843
0.600000
0.592157
0.596078
0.623529
0.666667
0.701961
0.705882
0.686275
0.670588
0.650980
0.619608
0.627451
0.639216
0.623529
0.627451
0.611765
0.556863
0.447059
0.447059
0.509804
0.454902
0.427451
0.419608
0.419608
0.427451
0.411765
0.384314
0.431373
0.490196
0.592157
0.611765
0.607843
0.607843
0.584314
0.592157
0.631373
0.647059
0.650980
0.647059
0.635294
0.627451
0.588235
0.564706
0.592157
0.603922
0.611765
0.643137
0.635294
0.556863
0.470588
0.505882
0.521569
0.450980
0.423529
0.419608
0.435294
0.435294
0.423529
0.423529
0.423529
0.415686
0.588235
0.603922
0.576471
0.592157
0.596078
0.619608
0.619608
0.619608
0.611765
0.584314
0.576471
0.576471
0.541176
0.529412
0.592157
0.584314
0.556863
0.556863
0.568627
0.549020
0.529412
0.509804
0.494118
0.450980
0.435294
0.454902
0.462745
0.450980
0.447059
0.443137
0.419608
0.329412
0.533333
0.572549
0.513725
0.505882
0.454902
0.435294
0.509804
0.560784
0.576471
0.552941
0.537255
0.533333
0.529412
0.537255
0.600000
0.568627
0.494118
0.423529
0.439216
0.482353
0.517647
0.501961
0.466667
0.458824
0.447059
0.454902
0.462745
0.466667
0.462745
0.474510
0.396078
0.254902
0.470588
0.517647
0.447059
0.466667
0.321569
0.192157
0.388235
0.458824
0.462745
0.474510
0.490196
0.490196
0.501961
0.505882
0.525490
0.509804
0.482353
0.419608
0.388235
0.411765
0.450980
0.478431
0.454902
0.443137
0.450980
0.458824
0.462745
0.474510
0.478431
0.478431
0.341176
0.192157
0.415686
0.505882
0.466667
0.376471
0.235294
0.286275
0.458824
0.450980
0.403922
0.372549
0.368627
0.364706
0.364706
0.372549
0.458824
0.556863
0.564706
0.458824
0.325490
0.364706
0.454902
0.450980
0.443137
0.427451
0.443137
0.458824
0.466667
0.466667
0.474510
0.474510
0.262745
0.188235
0.458824
0.556863
0.458824
0.286275
0.337255
0.454902
0.474510
0.470588
0.462745
0.443137
0.423529
0.403922
0.411765
0.443137
0.498039
0.513725
0.541176
0.443137
0.294118
0.407843
0.474510
0.439216
0.423529
0.415686
0.423529
0.431373
0.423529
0.427451
0.447059
0.443137
0.270588
0.286275
0.505882
0.541176
0.384314
0.360784
0.478431
0.443137
0.419608
0.443137
0.450980
0.454902
0.439216
0.439216
0.458824
0.478431
0.494118
0.470588
0.517647
0.431373
0.356863
0.470588
0.474510
0.427451
0.407843
0.411765
0.411765
0.400000
0.388235
0.400000
0.411765
0.439216
0.443137
0.478431
0.521569
0.427451
0.345098
0.450980
0.478431
0.447059
0.435294
0.454902
0.462745
0.458824
0.443137
0.435294
0.435294
0.439216
0.474510
0.498039
0.525490
0.435294
0.403922
0.490196
0.447059
0.431373
0.423529
0.411765
0.411765
0.415686
0.415686
0.415686
0.415686
0.435294
0.443137
0.545098
0.560784
0.423529
0.423529
0.474510
0.462745
0.439216
0.435294
0.439216
0.447059
0.458824
0.462745
0.450980
0.435294
0.443137
0.458824
0.505882
0.545098
0.458824
0.466667
0.505882
0.450980
0.450980
0.439216
0.427451
0.427451
0.435294
0.431373
0.427451
0.431373
0.419608
0.431373
0.517647
0.525490
0.470588
0.450980
0.454902
0.450980
0.450980
0.466667
0.450980
0.443137
0.454902
0.458824
0.450980
0.447059
0.450980
0.482353
0.533333
0.545098
0.501961
0.556863
0.494118
0.435294
0.439216
0.423529
0.407843
0.415686
0.423529
0.419608
0.419608
0.431373
0.447059
0.474510
0.498039
0.498039
0.443137
0.415686
0.443137
0.450980
0.458824
0.466667
0.458824
0.443137
0.447059
0.447059
0.447059
0.450980
0.447059
0.494118
0.494118
0.494118
0.498039
0.509804
0.478431
0.462745
0.454902
0.439216
0.439216
0.435294
0.443137
0.435294
0.439216
0.439216
0.447059
0.478431
0.517647
0.509804
0.447059
0.423529
0.435294
0.447059
0.454902
0.450980
0.466667
0.450980
0.450980
0.458824
0.439216
0.443137
0.454902
0.474510
0.458824
0.462745
0.474510
0.474510
0.498039
0.482353
0.462745
0.439216
0.431373
0.415686
0.411765
0.411765
0.407843
0.407843
0.439216
0.490196
0.580392
0.533333
0.443137
0.431373
0.439216
0.439216
0.443137
0.443137
0.447059
0.447059
0.450980
0.454902
0.450980
0.447059
0.458824
0.486275
0.482353
0.482353
0.478431
0.486275
0.486275
0.439216
0.427451
0.419608
0.411765
0.396078
0.403922
0.427451
0.443137
0.447059
0.423529
0.478431
0.592157
0.537255
0.439216
0.435294
0.450980
0.435294
0.435294
0.447059
0.443137
0.439216
0.447059
0.447059
0.447059
0.439216
0.450980
0.509804
0.517647
0.498039
0.494118
0.509804
0.478431
0.447059
0.435294
0.427451
0.419608
0.403922
0.423529
0.447059
0.450980
0.447059
0.427451
0.490196
0.580392
0.517647
0.435294
0.427451
0.435294
0.439216
0.447059
0.458824
0.447059
0.443137
0.454902
0.443137
0.431373
0.431373
0.454902
0.501961
0.509804
0.509804
0.521569
0.529412
0.466667
0.443137
0.454902
0.447059
0.447059
0.443137
0.447059
0.439216
0.427451
0.423529
0.427451
0.450980
0.501961
0.501961
0.435294
0.407843
0.423529
0.431373
0.427451
0.423529
0.419608
0.431373
0.443137
0.439216
0.431373
0.439216
0.450980
0.513725
0.517647
0.494118
0.552941
0.556863
0.454902
0.423529
0.419608
0.419608
0.427451
0.443137
0.454902
0.447059
0.431373
0.407843
0.411765
0.407843
0.392157
0.470588
0.435294
0.407843
0.407843
0.400000
0.403922
0.403922
0.407843
0.411765
0.415686
0.415686
0.419608
0.423529
0.427451
0.447059
0.486275
0.454902
0.415686
0.498039
0.458824
0.419608
0.407843
0.423529
0.431373
0.427451
0.439216
0.431373
0.419608
0.415686
0.396078
0.400000
0.411765
0.509804
0.474510
0.411765
0.411765
0.396078
0.372549
0.380392
0.400000
0.403922
0.392157
0.388235
0.392157
0.400000
0.419608
0.454902
0.533333
0.458824
0.380392
0.513725
0.501961
0.423529
0.411765
0.411765
0.427451
0.427451
0.423529
0.423529
0.423529
0.415686
0.364706
0.360784
0.368627
0.415686
0.443137
0.396078
0.392157
0.380392
0.360784
0.368627
0.388235
0.384314
0.380392
0.380392
0.380392
0.388235
0.407843
0.482353
0.564706
0.474510
0.407843
0.474510
0.490196
0.427451
0.415686
0.407843
0.423529
0.419608
0.415686
0.415686
0.407843
0.392157
0.384314
0.372549
0.368627
0.388235
0.411765
0.392157
0.376471
0.376471
0.384314
0.380392
0.368627
0.368627
0.372549
0.376471
0.392157
0.388235
0.407843
0.427451
0.423529
0.419608
0.403922
0.396078
0.411765
0.419608
0.407843
0.400000
0.403922
0.392157
0.396078
0.407843
0.423529
0.396078
0.494118
0.498039
0.490196
0.490196
0.490196
0.482353
0.494118
0.486275
0.482353
0.494118
0.498039
0.501961
0.490196
0.482353
0.494118
0.486275
0.494118
0.490196
0.482353
0.490196
0.490196
0.509804
0.517647
0.498039
0.466667
0.450980
0.415686
0.549020
0.647059
0.549020
0.572549
0.584314
0.474510
0.490196
0.482353
0.470588
0.478431
0.490196
0.490196
0.478431
0.486275
0.478431
0.478431
0.486275
0.486275
0.490196
0.494118
0.486275
0.494118
0.482353
0.478431
0.470588
0.466667
0.486275
0.498039
0.490196
0.474510
0.478431
0.376471
0.388235
0.450980
0.474510
0.588235
0.584314
0.470588
0.482353
0.486275
0.474510
0.478431
0.474510
0.466667
0.466667
0.470588
0.470588
0.478431
0.478431
0.466667
0.470588
0.474510
0.478431
0.470588
0.478431
0.490196
0.462745
0.419608
0.427451
0.474510
0.443137
0.396078
0.458824
0.380392
0.392157
0.466667
0.533333
0.568627
0.568627
0.466667
0.474510
0.474510
0.474510
0.486275
0.482353
0.478431
0.486275
0.486275
0.494118
0.494118
0.490196
0.486275
0.482353
0.462745
0.462745
0.458824
0.454902
0.474510
0.458824
0.435294
0.392157
0.333333
0.258824
0.345098
0.474510
0.439216
0.509804
0.537255
0.580392
0.607843
0.584314
0.470588
0.470588
0.474510
0.482353
0.486275
0.478431
0.478431
0.470588
0.474510
0.486275
0.466667
0.458824
0.462745
0.470588
0.470588
0.466667
0.470588
0.462745
0.454902
0.494118
0.478431
0.298039
0.231373
0.368627
0.490196
0.470588
0.439216
0.415686
0.419608
0.505882
0.560784
0.556863
0.482353
0.474510
0.474510
0.486275
0.490196
0.474510
0.462745
0.454902
0.454902
0.458824
0.443137
0.439216
0.447059
0.447059
0.439216
0.431373
0.450980
0.415686
0.443137
0.427451
0.282353
0.294118
0.392157
0.478431
0.478431
0.411765
0.443137
0.415686
0.411765
0.462745
0.521569
0.541176
0.486275
0.482353
0.466667
0.458824
0.447059
0.443137
0.450980
0.462745
0.474510
0.462745
0.443137
0.450980
0.435294
0.439216
0.454902
0.447059
0.458824
0.439216
0.462745
0.345098
0.305882
0.407843
0.423529
0.494118
0.466667
0.392157
0.423529
0.431373
0.427451
0.454902
0.501961
0.564706
0.486275
0.490196
0.494118
0.474510
0.474510
0.529412
0.588235
0.619608
0.627451
0.588235
0.556863
0.568627
0.564706
0.533333
0.517647
0.521569
0.549020
0.556863
0.458824
0.403922
0.458824
0.439216
0.458824
0.525490
0.474510
0.372549
0.368627
0.443137
0.427451
0.450980
0.525490
0.580392
0.529412
0.529412
0.533333
0.584314
0.686275
0.682353
0.623529
0.580392
0.572549
0.552941
0.576471
0.623529
0.670588
0.666667
0.654902
0.650980
0.639216
0.588235
0.498039
0.478431
0.478431
0.454902
0.525490
0.529412
0.431373
0.356863
0.454902
0.572549
0.541176
0.505882
0.403922
0.333333
0.537255
0.537255
0.580392
0.650980
0.643137
0.576471
0.529412
0.517647
0.517647
0.525490
0.564706
0.600000
0.600000
0.592157
0.607843
0.600000
0.588235
0.521569
0.474510
0.498039
0.498039
0.470588
0.505882
0.454902
0.372549
0.403922
0.541176
0.580392
0.580392
0.552941
0.407843
0.380392
0.521569
0.560784
0.611765
0.580392
0.517647
0.498039
0.498039
0.517647
0.517647
0.521569
0.572549
0.623529
0.623529
0.603922
0.588235
0.576471
0.572549
0.545098
0.525490
0.509804
0.509804
0.501961
0.482353
0.388235
0.356863
0.470588
0.545098
0.545098
0.545098
0.549020
0.552941
0.556863
0.533333
0.525490
0.541176
0.517647
0.482353
0.509804
0.509804
0.501961
0.505882
0.533333
0.576471
0.611765
0.615686
0.596078
0.580392
0.560784
0.529412
0.537255
0.549020
0.533333
0.541176
0.521569
0.462745
0.376471
0.431373
0.556863
0.560784
0.572549
0.576471
0.576471
0.584314
0.568627
0.505882
0.486275
0.470588
0.509804
0.498039
0.521569
0.529412
0.505882
0.509804
0.552941
0.564706
0.572549
0.568627
0.556863
0.545098
0.509804
0.486275
0.513725
0.525490
0.533333
0.564706
0.552941
0.474510
0.411765
0.498039
0.576471
0.568627
0.576471
0.568627
0.576471
0.576471
0.564706
0.537255
0.474510
0.396078
0.505882
0.498039
0.494118
0.517647
0.525490
0.552941
0.549020
0.545098
0.533333
0.509804
0.505882
0.505882
0.474510
0.454902
0.509804
0.505882
0.482353
0.486275
0.494118
0.474510
0.482353
0.517647
0.564706
0.576471
0.592157
0.580392
0.572549
0.564706
0.556863
0.537255
0.454902
0.309804
0.470588
0.482353
0.427451
0.443137
0.411765
0.403922
0.474510
0.509804
0.505882
0.482353
0.470588
0.470588
0.466667
0.450980
0.490196
0.478431
0.423529
0.360784
0.380392
0.427451
0.498039
0.545098
0.568627
0.592157
0.592157
0.576471
0.572549
0.576471
0.576471
0.560784
0.431373
0.235294
0.407843
0.431373
0.364706
0.419608
0.309804
0.200000
0.392157
0.450980
0.439216
0.439216
0.435294
0.423529
0.423529
0.423529
0.443137
0.427451
0.411765
0.360784
0.337255
0.376471
0.454902
0.541176
0.568627
0.576471
0.584314
0.580392
0.576471
0.588235
0.592157
0.564706
0.380392
0.172549
0.352941
0.423529
0.400000
0.345098
0.258824
0.341176
0.517647
0.501961
0.450980
0.400000
0.364706
0.333333
0.309804
0.333333
0.431373
0.501961
0.494118
0.400000
0.290196
0.356863
0.486275
0.533333
0.560784
0.560784
0.568627
0.576471
0.580392
0.580392
0.588235
0.560784
0.298039
0.168627
0.396078
0.474510
0.400000
0.282353
0.392157
0.552941
0.584314
0.576471
0.564706
0.533333
0.498039
0.466667
0.458824
0.490196
0.521569
0.478431
0.470588
0.384314
0.274510
0.427451
0.533333
0.541176
0.552941
0.549020
0.545098
0.545098
0.537255
0.541176
0.560784
0.537255
0.309804
0.258824
0.439216
0.470588
0.352941
0.380392
0.560784
0.568627
0.560784
0.576471
0.572549
0.576471
0.568627
0.572549
0.596078
0.596078
0.552941
0.458824
0.458824
0.384314
0.349020
0.513725
0.549020
0.533333
0.541176
0.541176
0.529412
0.517647
0.501961
0.513725
0.525490
0.552941
0.501961
0.435294
0.450980
0.411765
0.392157
0.521569
0.572549
0.564706
0.564706
0.580392
0.576471
0.568627
0.556863
0.549020
0.549020
0.549020
0.549020
0.525490
0.513725
0.415686
0.403922
0.541176
0.533333
0.529412
0.537255
0.529412
0.529412
0.529412
0.529412
0.529412
0.529412
0.552941
0.509804
0.509804
0.501961
0.439216
0.498039
0.564706
0.560784
0.549020
0.556863
0.552941
0.556863
0.564706
0.572549
0.560784
0.545098
0.545098
0.533333
0.537255
0.541176
0.443137
0.470588
0.564706
0.541176
0.545098
0.549020
0.541176
0.549020
0.549020
0.545098
0.541176
0.545098
0.537255
0.505882
0.498039
0.494118
0.513725
0.549020
0.560784
0.560784
0.556863
0.568627
0.556863
0.552941
0.564706
0.568627
0.560784
0.556863
0.552941
0.552941
0.564706
0.541176
0.490196
0.560784
0.552941
0.525490
0.533333
0.529412
0.525490
0.537255
0.541176
0.533333
0.533333
0.545098
0.560784
0.552941
0.494118
0.494118
0.517647
0.541176
0.564706
0.560784
0.556863
0.556863
0.552941
0.552941
0.556863
0.556863
0.556863
0.560784
0.545098
0.564706
0.521569
0.482353
0.486275
0.517647
0.537255
0.549020
0.549020
0.545098
0.556863
0.556863
0.556863
0.549020
0.552941
0.552941
0.560784
0.556863
0.517647
0.525490
0.541176
0.552941
0.560784
0.560784
0.552941
0.541176
0.556863
0.556863
0.564706
0.568627
0.549020
0.552941
0.549020
0.541176
0.490196
0.462745
0.474510
0.486275
0.560784
0.576471
0.560784
0.549020
0.545098
0.537255
0.525490
0.521569
0.517647
0.517647
0.541176
0.552941
0.564706
0.549020
0.552941
0.552941
0.549020
0.549020
0.549020
0.549020
0.556863
0.556863
0.560784
0.564706
0.560784
0.556863
0.545098
0.549020
0.533333
0.517647
0.505882
0.513725
0.560784
0.549020
0.537255
0.533333
0.521569
0.505882
0.501961
0.521569
0.537255
0.545098
0.525490
0.537255
0.572549
0.552941
0.549020
0.552941
0.560784
0.545098
0.545098
0.556863
0.552941
0.549020
0.556863
0.556863
0.556863
0.549020
0.537255
0.568627
0.568627
0.537255
0.521569
0.541176
0.556863
0.560784
0.545098
0.537255
0.529412
0.513725
0.521569
0.541176
0.545098
0.541176
0.533333
0.545098
0.564706
0.537255
0.545098
0.545098
0.545098
0.552941
0.556863
0.568627
0.556863
0.552941
0.564706
0.552941
0.541176
0.541176
0.541176
0.560784
0.560784
0.545098
0.549020
0.556863
0.545098
0.552941
0.564706
0.556863
0.556863
0.549020
0.545098
0.533333
0.521569
0.517647
0.533333
0.505882
0.482353
0.521569
0.549020
0.525490
0.533333
0.541176
0.537255
0.533333
0.529412
0.541176
0.552941
0.549020
0.541176
0.549020
0.537255
0.568627
0.564706
0.529412
0.580392
0.580392
0.529412
0.533333
0.529412
0.529412
0.537255
0.552941
0.552941
0.541176
0.525490
0.501961
0.513725
0.466667
0.388235
0.486275
0.521569
0.509804
0.509804
0.509804
0.517647
0.521569
0.521569
0.525490
0.525490
0.529412
0.529412
0.533333
0.509804
0.498039
0.525490
0.486275
0.439216
0.521569
0.537255
0.533333
0.517647
0.533333
0.545098
0.537255
0.541176
0.533333
0.525490
0.517647
0.490196
0.470588
0.450980
0.525490
0.498039
0.482353
0.501961
0.498039
0.490196
0.509804
0.529412
0.525490
0.509804
0.505882
0.509804
0.517647
0.498039
0.482353
0.564706
0.490196
0.411765
0.549020
0.584314
0.537255
0.525490
0.525490
0.541176
0.541176
0.545098
0.549020
0.549020
0.541176
0.462745
0.439216
0.427451
0.454902
0.478431
0.478431
0.486275
0.486275
0.474510
0.490196
0.509804
0.501961
0.498039
0.498039
0.498039
0.501961
0.494118
0.529412
0.611765
0.521569
0.454902
0.525490
0.572549
0.529412
0.517647
0.509804
0.521569
0.521569
0.529412
0.537255
0.529412
0.509804
0.478431
0.458824
0.443137
0.454902
0.482353
0.494118
0.486275
0.486275
0.490196
0.482353
0.478431
0.482353
0.486275
0.494118
0.505882
0.505882
0.505882
0.501961
0.501961
0.498039
0.478431
0.470588
0.498039
0.509804
0.498039
0.490196
0.490196
0.486275
0.498039
0.513725
0.525490
0.498039
0.309804
0.309804
0.305882
0.301961
0.301961
0.298039
0.313725
0.301961
0.298039
0.309804
0.309804
0.313725
0.301961
0.294118
0.305882
0.298039
0.305882
0.298039
0.294118
0.298039
0.298039
0.313725
0.321569
0.298039
0.278431
0.286275
0.278431
0.427451
0.490196
0.372549
0.392157
0.388235
0.290196
0.305882
0.298039
0.286275
0.294118
0.309804
0.309804
0.298039
0.305882
0.298039
0.298039
0.301961
0.301961
0.305882
0.309804
0.301961
0.317647
0.309804
0.301961
0.294118
0.286275
0.305882
0.321569
0.325490
0.325490
0.345098
0.262745
0.282353
0.329412
0.329412
0.407843
0.376471
0.286275
0.298039
0.301961
0.290196
0.294118
0.294118
0.286275
0.286275
0.290196
0.290196
0.294118
0.294118
0.282353
0.286275
0.290196
0.298039
0.298039
0.313725
0.329412
0.301961
0.262745
0.278431
0.337255
0.321569
0.286275
0.352941
0.274510
0.278431
0.341176
0.384314
0.380392
0.349020
0.282353
0.290196
0.290196
0.286275
0.301961
0.301961
0.298039
0.301961
0.301961
0.313725
0.309804
0.305882
0.301961
0.298039
0.278431
0.278431
0.278431
0.286275
0.321569
0.321569
0.313725
0.282353
0.235294
0.164706
0.254902
0.380392
0.329412
0.384314
0.392157
0.407843
0.403922
0.364706
0.286275
0.294118
0.294118
0.294118
0.294118
0.298039
0.298039
0.290196
0.290196
0.301961
0.286275
0.286275
0.290196
0.290196
0.290196
0.282353
0.286275
0.286275
0.305882
0.376471
0.392157
0.223529
0.121569
0.243137
0.376471
0.364706
0.329412
0.298039
0.298039
0.360784
0.380392
0.352941
0.305882
0.305882
0.309804
0.309804
0.309804
0.298039
0.286275
0.278431
0.282353
0.286275
0.278431
0.282353
0.294118
0.286275
0.278431
0.266667
0.282353
0.258824
0.305882
0.317647
0.184314
0.200000
0.266667
0.341176
0.356863
0.301961
0.333333
0.305882
0.301961
0.341176
0.384314
0.372549
0.309804
0.309804
0.298039
0.290196
0.282353
0.274510
0.286275
0.301961
0.317647
0.305882
0.282353
0.282353
0.266667
0.266667
0.278431
0.270588
0.298039
0.305882
0.341176
0.227451
0.184314
0.282353
0.294118
0.368627
0.349020
0.278431
0.301961
0.305882
0.305882
0.349020
0.403922
0.435294
0.290196
0.294118
0.301961
0.294118
0.305882
0.360784
0.415686
0.458824
0.470588
0.439216
0.400000
0.392157
0.380392
0.349020
0.329412
0.329412
0.380392
0.419608
0.329412
0.286275
0.337255
0.313725
0.341176
0.415686
0.352941
0.243137
0.215686
0.270588
0.282353
0.352941
0.458824
0.494118
0.309804
0.313725
0.325490
0.396078
0.505882
0.505882
0.450980
0.415686
0.415686
0.407843
0.423529
0.462745
0.505882
0.498039
0.486275
0.478431
0.470588
0.435294
0.356863
0.352941
0.360784
0.337255
0.419608
0.427451
0.309804
0.203922
0.262745
0.360784
0.368627
0.384314
0.329412
0.243137
0.329412
0.360784
0.427451
0.501961
0.490196
0.423529
0.376471
0.368627
0.368627
0.380392
0.419608
0.454902
0.454902
0.443137
0.458824
0.454902
0.439216
0.372549
0.329412
0.356863
0.360784
0.333333
0.388235
0.341176
0.231373
0.231373
0.337255
0.356863
0.364706
0.356863
0.223529
0.192157
0.313725
0.400000
0.474510
0.447059
0.376471
0.356863
0.356863
0.376471
0.380392
0.384314
0.431373
0.482353
0.482353
0.462745
0.447059
0.435294
0.431373
0.403922
0.384314
0.368627
0.368627
0.364706
0.360784
0.266667
0.207843
0.294118
0.337255
0.321569
0.317647
0.317647
0.321569
0.325490
0.329412
0.360784
0.403922
0.380392
0.341176
0.372549
0.376471
0.368627
0.372549
0.400000
0.443137
0.478431
0.482353
0.462745
0.447059
0.427451
0.396078
0.403922
0.415686
0.400000
0.403922
0.388235
0.341176
0.250980
0.274510
0.372549
0.352941
0.341176
0.341176
0.341176
0.349020
0.333333
0.298039
0.321569
0.329412
0.368627
0.356863
0.388235
0.400000
0.376471
0.380392
0.423529
0.435294
0.443137
0.439216
0.427451
0.415686
0.380392
0.356863
0.384314
0.396078
0.403922
0.435294
0.423529
0.352941
0.278431
0.341176
0.392157
0.352941
0.345098
0.337255
0.349020
0.349020
0.337255
0.333333
0.321569
0.262745
0.372549
0.360784
0.364706
0.396078
0.407843
0.431373
0.427451
0.419608
0.415686
0.388235
0.384314
0.384314
0.349020
0.333333
0.388235
0.384314
0.356863
0.356863
0.368627
0.349020
0.345098
0.352941
0.376471
0.356863
0.356863
0.356863
0.352941
0.345098
0.337255
0.349020
0.333333
0.215686
0.360784
0.349020
0.290196
0.325490
0.317647
0.301961
0.352941
0.380392
0.396078
0.372549
0.360784
0.356863
0.352941
0.345098
0.384314
0.360784
0.294118
0.227451
0.243137
0.290196
0.345098
0.364706
0.356863
0.360784
0.349020
0.345098
0.349020
0.352941
0.349020
0.376471
0.317647
0.149020
0.305882
0.305882
0.239216
0.298039
0.196078
0.074510
0.247059
0.298039
0.301961
0.309804
0.313725
0.305882
0.309804
0.305882
0.321569
0.305882
0.286275
0.231373
0.203922
0.231373
0.290196
0.352941
0.349020
0.341176
0.345098
0.349020
0.349020
0.360784
0.364706
0.380392
0.262745
0.086275
0.247059
0.298039
0.282353
0.219608
0.101961
0.164706
0.333333
0.313725
0.266667
0.223529
0.200000
0.180392
0.160784
0.176471
0.270588
0.360784
0.368627
0.278431
0.164706
0.211765
0.313725
0.337255
0.341176
0.325490
0.333333
0.345098
0.352941
0.352941
0.360784
0.376471
0.180392
0.082353
0.290196
0.356863
0.298039
0.145098
0.200000
0.329412
0.356863
0.356863
0.341176
0.313725
0.286275
0.258824
0.254902
0.286275
0.329412
0.321569
0.345098
0.274510
0.160784
0.278431
0.352941
0.337255
0.329412
0.313725
0.309804
0.313725
0.309804
0.313725
0.333333
0.349020
0.188235
0.172549
0.337255
0.352941
0.247059
0.231373
0.345098
0.321569
0.317647
0.341176
0.333333
0.337255
0.329412
0.329412
0.352941
0.356863
0.341176
0.294118
0.337255
0.278431
0.239216
0.356863
0.356863
0.325490
0.313725
0.305882
0.298039
0.286275
0.274510
0.286275
0.298039
0.341176
0.349020
0.333333
0.352941
0.278431
0.219608
0.329412
0.364706
0.349020
0.345098
0.356863
0.345098
0.341176
0.325490
0.317647
0.317647
0.313725
0.333333
0.360784
0.396078
0.313725
0.290196
0.364706
0.317647
0.305882
0.309804
0.301961
0.298039
0.301961
0.301961
0.301961
0.301961
0.329412
0.341176
0.396078
0.392157
0.290196
0.298039
0.349020
0.345098
0.333333
0.333333
0.329412
0.333333
0.341176
0.345098
0.333333
0.317647
0.317647
0.329412
0.384314
0.427451
0.337255
0.345098
0.376471
0.321569
0.325490
0.321569
0.313725
0.317647
0.321569
0.317647
0.313725
0.317647
0.301961
0.325490
0.372549
0.368627
0.341176
0.329412
0.333333
0.329412
0.329412
0.341176
0.325490
0.325490
0.337255
0.341176
0.333333
0.329412
0.333333
0.364706
0.419608
0.427451
0.376471
0.423529
0.360784
0.305882
0.313725
0.301961
0.294118
0.305882
0.309804
0.305882
0.305882
0.317647
0.313725
0.356863
0.349020
0.345098
0.325490
0.301961
0.317647
0.317647
0.317647
0.321569
0.321569
0.325490
0.329412
0.329412
0.329412
0.333333
0.337255
0.392157
0.388235
0.372549
0.360784
0.364706
0.337255
0.329412
0.329412
0.317647
0.325490
0.325490
0.329412
0.321569
0.325490
0.325490
0.313725
0.360784
0.368627
0.364706
0.329412
0.301961
0.309804
0.313725
0.309804
0.298039
0.321569
0.329412
0.333333
0.337255
0.317647
0.321569
0.345098
0.372549
0.349020
0.337255
0.333333
0.317647
0.352941
0.352941
0.337255
0.317647
0.313725
0.301961
0.294118
0.294118
0.286275
0.286275
0.309804
0.384314
0.435294
0.380392
0.317647
0.305882
0.309804
0.309804
0.309804
0.309804
0.317647
0.317647
0.321569
0.329412
0.321569
0.321569
0.333333
0.364706
0.352941
0.341176
0.329412
0.333333
0.345098
0.309804
0.298039
0.294118
0.286275
0.266667
0.266667
0.286275
0.305882
0.309804
0.294118
0.372549
0.447059
0.384314
0.309804
0.309804
0.321569
0.305882
0.305882
0.317647
0.313725
0.309804
0.317647
0.313725
0.317647
0.309804
0.325490
0.388235
0.388235
0.360784
0.349020
0.368627
0.341176
0.317647
0.305882
0.298039
0.290196
0.274510
0.282353
0.305882
0.309804
0.305882
0.301961
0.380392
0.435294
0.364706
0.305882
0.298039
0.305882
0.309804
0.317647
0.329412
0.317647
0.313725
0.325490
0.313725
0.301961
0.301961
0.333333
0.388235
0.392157
0.380392
0.388235
0.392157
0.333333
0.309804
0.325490
0.317647
0.317647
0.309804
0.305882
0.298039
0.286275
0.282353
0.298039
0.345098
0.356863
0.349020
0.305882
0.282353
0.294118
0.301961
0.298039
0.294118
0.290196
0.301961
0.313725
0.309804
0.301961
0.309804
0.337255
0.411765
0.411765
0.380392
0.431373
0.431373
0.325490
0.290196
0.290196
0.290196
0.298039
0.313725
0.317647
0.305882
0.290196
0.266667
0.286275
0.294118
0.247059
0.317647
0.301961
0.274510
0.270588
0.270588
0.274510
0.278431
0.278431
0.282353
0.286275
0.286275
0.290196
0.294118
0.309804
0.345098
0.376471
0.337255
0.294118
0.372549
0.329412
0.286275
0.274510
0.290196
0.301961
0.294118
0.298039
0.290196
0.278431
0.270588
0.270588
0.270588
0.270588
0.360784
0.325490
0.262745
0.266667
0.262745
0.247059
0.262745
0.278431
0.274510
0.258824
0.254902
0.258824
0.266667
0.290196
0.325490
0.403922
0.329412
0.250980
0.384314
0.368627
0.286275
0.274510
0.274510
0.294118
0.290196
0.282353
0.282353
0.286275
0.278431
0.235294
0.223529
0.223529
0.270588
0.298039
0.250980
0.250980
0.247059
0.235294
0.247059
0.262745
0.262745
0.254902
0.254902
0.254902
0.262745
0.286275
0.356863
0.439216
0.349020
0.282353
0.349020
0.356863
0.290196
0.278431
0.270588
0.286275
0.282353
0.274510
0.278431
0.270588
0.250980
0.243137
0.231373
0.227451
0.250980
0.274510
0.258824
0.247059
0.247059
0.250980
0.243137
0.239216
0.254902
0.258824
0.262745
0.278431
0.274510
0.294118
0.313725
0.309804
0.305882
0.286275
0.278431
0.286275
0.290196
0.278431
0.266667
0.270588
0.262745
0.262745
0.270588
0.286275
0.258824
