0.980392
0.980392
0.984314
0.992157
0.980392
0.972549
0.960784
0.933333
0.929412
0.945098
0.972549
0.980392
0.964706
0.964706
0.952941
0.937255
0.941176
0.964706
0.968627
0.960784
0.949020
0.921569
0.905882
0.933333
0.952941
0.952941
0.972549
0.980392
0.984314
0.976471
0.976471
0.976471
0.980392
0.980392
0.984314
0.992157
0.988235
0.972549
0.952941
0.925490
0.917647
0.921569
0.945098
0.960784
0.960784
0.964706
0.952941
0.933333
0.933333
0.952941
0.968627
0.964706
0.941176
0.905882
0.905882
0.937255
0.956863
0.964706
0.968627
0.980392
0.984314
0.976471
0.980392
0.972549
0.972549
0.976471
0.984314
0.988235
0.988235
0.976471
0.945098
0.901961
0.898039
0.901961
0.929412
0.945098
0.949020
0.960784
0.949020
0.933333
0.933333
0.949020
0.960784
0.960784
0.933333
0.901961
0.921569
0.945098
0.956863
0.972549
0.968627
0.980392
0.984314
0.972549
0.972549
0.968627
0.968627
0.972549
0.984314
0.992157
0.984314
0.984314
0.952941
0.882353
0.870588
0.898039
0.929412
0.945098
0.945098
0.960784
0.949020
0.937255
0.937255
0.945098
0.949020
0.949020
0.929412
0.913725
0.933333
0.949020
0.956863
0.976471
0.976471
0.976471
0.980392
0.976471
0.964706
0.964706
0.964706
0.972549
0.984314
0.988235
0.984314
0.976471
0.956863
0.890196
0.858824
0.890196
0.917647
0.901961
0.945098
0.952941
0.960784
0.937255
0.941176
0.941176
0.929412
0.929412
0.909804
0.913725
0.941176
0.945098
0.952941
0.972549
0.976471
0.972549
0.976471
0.976471
0.964706
0.956863
0.968627
0.980392
0.984314
0.980392
0.980392
0.972549
0.956863
0.890196
0.854902
0.894118
0.917647
0.780392
0.917647
0.949020
0.952941
0.933333
0.941176
0.937255
0.921569
0.909804
0.905882
0.921569
0.945098
0.937255
0.952941
0.964706
0.976471
0.980392
0.976471
0.968627
0.960784
0.952941
0.972549
0.976471
0.976471
0.980392
0.976471
0.968627
0.945098
0.886275
0.847059
0.890196
0.921569
0.768627
0.862745
0.956863
0.945098
0.933333
0.941176
0.941176
0.929412
0.909804
0.913725
0.921569
0.941176
0.937255
0.952941
0.956863
0.968627
0.976471
0.976471
0.968627
0.949020
0.945098
0.968627
0.980392
0.976471
0.980392
0.976471
0.964706
0.933333
0.870588
0.839216
0.886275
0.921569
0.811765
0.784314
0.968627
0.949020
0.937255
0.945098
0.945098
0.925490
0.917647
0.905882
0.909804
0.933333
0.941176
0.945098
0.945098
0.960784
0.976471
0.976471
0.972549
0.952941
0.945098
0.972549
0.976471
0.972549
0.976471
0.976471
0.964706
0.929412
0.858824
0.854902
0.890196
0.921569
0.874510
0.698039
0.960784
0.960784
0.941176
0.937255
0.937255
0.929412
0.917647
0.890196
0.890196
0.925490
0.945098
0.945098
0.941176
0.956863
0.972549
0.925490
0.933333
0.956863
0.941176
0.984314
0.976471
0.976471
0.980392
0.972549
0.960784
0.929412
0.870588
0.866667
0.890196
0.917647
0.901961
0.647059
0.925490
0.972549
0.945098
0.972549
0.952941
0.933333
0.929412
0.886275
0.886275
0.913725
0.941176
0.949020
0.949020
0.960784
0.964706
0.913725
0.850980
0.964706
0.968627
0.984314
0.976471
0.976471
0.980392
0.976471
0.956863
0.929412
0.882353
0.882353
0.901961
0.921569
0.917647
0.619608
0.835294
0.964706
0.968627
0.772549
0.858824
0.941176
0.929412
0.882353
0.882353
0.901961
0.933333
0.941176
0.949020
0.952941
0.972549
0.725490
0.741176
0.976471
0.976471
0.976471
0.968627
0.972549
0.976471
0.976471
0.964706
0.937255
0.905882
0.909804
0.925490
0.929412
0.933333
0.713725
0.752941
0.960784
0.725490
0.517647
0.901961
0.941176
0.921569
0.878431
0.874510
0.882353
0.917647
0.929412
0.941176
0.956863
0.843137
0.458824
0.760784
0.976471
0.972549
0.980392
0.980392
0.972549
0.976471
0.980392
0.972549
0.956863
0.933333
0.921569
0.941176
0.949020
0.949020
0.713725
0.627451
0.654902
0.427451
0.815686
0.964706
0.941176
0.925490
0.874510
0.862745
0.866667
0.894118
0.929412
0.929412
0.913725
0.537255
0.525490
0.937255
0.968627
0.976471
0.984314
0.988235
0.984314
0.976471
0.972549
0.976471
0.972549
0.945098
0.941176
0.945098
0.941176
0.905882
0.603922
0.482353
0.450980
0.619608
0.972549
0.956863
0.945098
0.921569
0.854902
0.847059
0.862745
0.886275
0.905882
0.925490
0.666667
0.443137
0.796078
0.980392
0.964706
0.968627
0.984314
0.992157
0.988235
0.976471
0.976471
0.988235
0.980392
0.823529
0.682353
0.619608
0.560784
0.501961
0.513725
0.513725
0.486275
0.858824
0.976471
0.960784
0.952941
0.921569
0.854902
0.839216
0.862745
0.898039
0.901961
0.803922
0.450980
0.603922
0.956863
0.960784
0.960784
0.960784
0.980392
0.984314
0.984314
0.984314
0.988235
0.992157
0.976471
0.933333
0.878431
0.831373
0.772549
0.705882
0.662745
0.537255
0.541176
0.686275
0.949020
0.972549
0.964706
0.941176
0.878431
0.854902
0.874510
0.917647
0.874510
0.541176
0.588235
0.917647
0.964706
0.960784
0.964706
0.960784
0.980392
0.984314
0.984314
0.992157
0.992157
0.988235
0.980392
0.976471
0.988235
0.996078
0.992157
0.988235
0.972549
0.607843
0.521569
0.552941
0.701961
0.964706
0.964706
0.960784
0.925490
0.890196
0.882353
0.921569
0.647059
0.462745
0.525490
0.894118
0.964706
0.968627
0.976471
0.968627
0.984314
0.984314
0.980392
0.992157
0.992157
0.992157
0.984314
0.976471
0.976471
0.976471
0.972549
0.952941
0.976471
0.776471
0.462745
0.517647
0.568627
0.745098
0.960784
0.964706
0.949020
0.917647
0.917647
0.682353
0.509804
0.521569
0.549020
0.572549
0.952941
0.976471
0.972549
0.972549
0.984314
0.988235
0.996078
0.992157
0.984314
0.984314
0.976471
0.972549
0.976471
0.980392
0.972549
0.964706
0.984314
0.917647
0.494118
0.447059
0.509804
0.576471
0.776471
0.968627
0.964706
0.956863
0.698039
0.454902
0.470588
0.749020
0.839216
0.611765
0.952941
0.984314
0.976471
0.972549
0.984314
0.984314
0.980392
0.980392
0.980392
0.980392
0.968627
0.972549
0.980392
0.980392
0.976471
0.972549
0.984314
0.980392
0.678431
0.443137
0.447059
0.517647
0.576471
0.756863
0.968627
0.796078
0.486275
0.509804
0.658824
0.925490
0.941176
0.956863
0.968627
0.984314
0.984314
0.976471
0.972549
0.909804
1.000000
1.000000
0.996078
0.976471
0.964706
0.964706
0.976471
0.980392
0.972549
0.972549
0.976471
0.992157
0.921569
0.505882
0.450980
0.486275
0.509804
0.576471
0.650980
0.501961
0.501961
0.513725
0.890196
0.933333
0.929412
0.952941
0.964706
0.972549
0.980392
0.976471
0.992157
0.890196
0.745098
0.803922
0.929412
0.976471
0.996078
1.000000
1.000000
0.996078
0.992157
0.996078
0.988235
0.988235
0.996078
0.792157
0.525490
0.478431
0.450980
0.576471
0.501961
0.521569
0.517647
0.564706
0.560784
0.898039
0.941176
0.956863
0.968627
0.972549
0.976471
0.980392
0.996078
0.984314
0.772549
0.556863
0.560784
0.647059
0.745098
0.776471
0.819608
0.882353
0.921569
0.956863
0.984314
0.960784
0.960784
0.929412
0.600000
0.494118
0.478431
0.494118
0.529412
0.600000
0.682353
0.878431
0.513725
0.839216
0.956863
0.964706
0.972549
0.980392
0.980392
0.984314
0.988235
0.984314
1.000000
0.964706
0.866667
0.741176
0.623529
0.549020
0.466667
0.482353
0.521569
0.611765
0.639216
0.545098
0.615686
0.611765
0.678431
0.568627
0.576471
0.529412
0.490196
0.650980
0.803922
0.976471
0.905882
0.949020
0.960784
0.964706
0.976471
0.984314
0.980392
0.984314
0.988235
0.988235
0.984314
0.984314
0.996078
1.000000
0.996078
0.749020
0.643137
0.807843
0.725490
0.654902
0.615686
0.549020
0.525490
0.541176
0.698039
0.768627
0.600000
0.584314
0.596078
0.627451
0.666667
0.952941
0.984314
0.976471
0.972549
0.964706
0.968627
0.984314
0.984314
0.984314
0.988235
0.984314
0.984314
0.972549
0.968627
0.968627
0.976471
0.729412
0.533333
0.921569
0.996078
0.980392
0.921569
0.603922
0.839216
0.839216
0.850980
0.984314
0.882353
0.780392
0.682353
0.529412
0.596078
0.933333
0.968627
0.972549
0.976471
0.968627
0.964706
0.976471
0.984314
0.984314
0.984314
0.976471
0.980392
0.980392
0.976471
0.972549
0.984314
0.933333
0.639216
0.905882
0.992157
1.000000
0.941176
0.513725
0.721569
1.000000
0.992157
0.976471
0.992157
0.980392
0.803922
0.584314
0.694118
0.952941
0.972549
0.976471
0.984314
0.968627
0.976471
0.972549
0.980392
0.988235
0.980392
0.976471
0.976471
0.972549
0.976471
0.980392
0.976471
0.980392
0.988235
0.992157
0.992157
0.992157
0.992157
0.807843
0.784314
0.988235
0.980392
0.984314
0.980392
0.984314
1.000000
0.968627
0.968627
0.964706
0.980392
0.980392
0.984314
0.976471
0.980392
0.976471
0.976471
0.992157
0.980392
0.980392
0.972549
0.964706
0.964706
0.976471
0.972549
0.976471
0.992157
0.992157
0.992157
0.992157
0.988235
0.984314
0.984314
0.988235
0.980392
0.976471
0.980392
0.984314
0.980392
0.976471
0.976471
0.972549
0.984314
0.988235
0.984314
0.984314
0.984314
0.980392
0.980392
0.988235
0.980392
0.980392
0.972549
0.972549
0.972549
0.976471
0.972549
0.980392
0.984314
0.988235
0.988235
0.984314
0.984314
0.976471
0.976471
0.980392
0.976471
0.976471
0.976471
0.976471
0.984314
0.984314
0.976471
0.980392
0.992157
0.992157
0.988235
0.988235
0.980392
0.976471
0.980392
0.988235
0.984314
0.976471
0.976471
0.976471
0.980392
0.980392
0.976471
0.984314
0.984314
0.984314
0.980392
0.980392
0.980392
0.972549
0.976471
0.980392
0.972549
0.976471
0.980392
0.976471
0.984314
0.984314
0.984314
0.996078
0.996078
0.992157
0.988235
0.984314
0.980392
0.984314
0.988235
0.988235
0.980392
0.976471
0.976471
0.976471
0.980392
0.980392
0.980392
0.980392
0.984314
0.980392
0.976471
0.980392
0.980392
0.980392
0.980392
0.976471
0.976471
0.972549
0.980392
0.984314
0.984314
0.984314
0.988235
0.996078
1.000000
0.996078
0.988235
0.984314
0.984314
0.992157
0.996078
0.996078
0.937255
0.941176
0.952941
0.952941
0.937255
0.925490
0.913725
0.878431
0.874510
0.894118
0.925490
0.933333
0.917647
0.917647
0.905882
0.886275
0.894118
0.917647
0.921569
0.913725
0.901961
0.870588
0.858824
0.882353
0.898039
0.898039
0.925490
0.941176
0.945098
0.941176
0.933333
0.929412
0.929412
0.937255
0.952941
0.960784
0.949020
0.929412
0.905882
0.874510
0.870588
0.870588
0.898039
0.913725
0.913725
0.917647
0.905882
0.886275
0.886275
0.905882
0.917647
0.917647
0.894118
0.854902
0.854902
0.882353
0.901961
0.909804
0.921569
0.941176
0.952941
0.941176
0.937255
0.925490
0.925490
0.933333
0.952941
0.960784
0.956863
0.937255
0.894118
0.850980
0.847059
0.850980
0.874510
0.890196
0.894118
0.913725
0.901961
0.882353
0.882353
0.901961
0.913725
0.913725
0.886275
0.850980
0.866667
0.890196
0.901961
0.917647
0.925490
0.945098
0.952941
0.937255
0.929412
0.921569
0.917647
0.925490
0.952941
0.960784
0.952941
0.945098
0.909804
0.839216
0.831373
0.847059
0.878431
0.894118
0.890196
0.909804
0.898039
0.886275
0.886275
0.898039
0.901961
0.898039
0.878431
0.858824
0.878431
0.890196
0.901961
0.921569
0.937255
0.945098
0.945098
0.937255
0.917647
0.917647
0.905882
0.921569
0.949020
0.956863
0.945098
0.937255
0.917647
0.847059
0.823529
0.843137
0.866667
0.854902
0.894118
0.898039
0.905882
0.886275
0.898039
0.894118
0.878431
0.878431
0.854902
0.858824
0.886275
0.890196
0.898039
0.917647
0.937255
0.941176
0.937255
0.929412
0.917647
0.909804
0.913725
0.929412
0.941176
0.941176
0.937255
0.925490
0.913725
0.850980
0.819608
0.847059
0.870588
0.721569
0.878431
0.894118
0.898039
0.886275
0.894118
0.890196
0.870588
0.858824
0.850980
0.866667
0.890196
0.882353
0.898039
0.909804
0.933333
0.937255
0.933333
0.921569
0.913725
0.905882
0.917647
0.925490
0.929412
0.933333
0.929412
0.917647
0.894118
0.847059
0.819608
0.847059
0.874510
0.701961
0.807843
0.901961
0.890196
0.882353
0.894118
0.894118
0.878431
0.858824
0.862745
0.866667
0.886275
0.882353
0.898039
0.901961
0.921569
0.929412
0.929412
0.921569
0.901961
0.898039
0.913725
0.925490
0.925490
0.929412
0.929412
0.917647
0.886275
0.831373
0.819608
0.843137
0.874510
0.741176
0.701961
0.917647
0.894118
0.890196
0.898039
0.898039
0.874510
0.866667
0.854902
0.854902
0.878431
0.886275
0.890196
0.890196
0.909804
0.929412
0.929412
0.925490
0.905882
0.894118
0.925490
0.937255
0.933333
0.933333
0.929412
0.917647
0.882353
0.827451
0.823529
0.847059
0.870588
0.823529
0.631373
0.921569
0.909804
0.894118
0.886275
0.886275
0.878431
0.870588
0.847059
0.843137
0.874510
0.890196
0.890196
0.890196
0.905882
0.925490
0.878431
0.874510
0.917647
0.901961
0.941176
0.941176
0.941176
0.941176
0.929412
0.909804
0.878431
0.839216
0.831373
0.847059
0.866667
0.854902
0.588235
0.878431
0.909804
0.898039
0.929412
0.898039
0.886275
0.882353
0.843137
0.839216
0.866667
0.890196
0.894118
0.894118
0.905882
0.921569
0.878431
0.800000
0.909804
0.909804
0.941176
0.941176
0.941176
0.941176
0.929412
0.909804
0.882353
0.843137
0.839216
0.854902
0.870588
0.866667
0.564706
0.796078
0.921569
0.929412
0.717647
0.807843
0.894118
0.882353
0.843137
0.839216
0.854902
0.878431
0.886275
0.894118
0.898039
0.937255
0.690196
0.666667
0.925490
0.929412
0.937255
0.937255
0.937255
0.937255
0.933333
0.917647
0.890196
0.858824
0.858824
0.878431
0.882353
0.882353
0.662745
0.705882
0.945098
0.678431
0.454902
0.850980
0.894118
0.874510
0.839216
0.835294
0.839216
0.866667
0.878431
0.886275
0.905882
0.811765
0.392157
0.682353
0.933333
0.937255
0.945098
0.949020
0.937255
0.937255
0.937255
0.925490
0.909804
0.878431
0.866667
0.894118
0.901961
0.890196
0.631373
0.541176
0.611765
0.360784
0.752941
0.909804
0.898039
0.874510
0.835294
0.827451
0.823529
0.847059
0.866667
0.882353
0.882353
0.494118
0.443137
0.898039
0.921569
0.925490
0.952941
0.956863
0.945098
0.937255
0.937255
0.937255
0.929412
0.901961
0.909804
0.917647
0.909804
0.862745
0.501961
0.388235
0.356863
0.560784
0.925490
0.905882
0.894118
0.866667
0.823529
0.815686
0.831373
0.839216
0.854902
0.886275
0.635294
0.376471
0.737255
0.937255
0.917647
0.917647
0.949020
0.956863
0.952941
0.941176
0.945098
0.949020
0.937255
0.752941
0.603922
0.541176
0.478431
0.435294
0.419608
0.443137
0.407843
0.807843
0.941176
0.917647
0.901961
0.870588
0.819608
0.815686
0.831373
0.850980
0.866667
0.760784
0.372549
0.533333
0.917647
0.913725
0.913725
0.913725
0.941176
0.952941
0.956863
0.952941
0.956863
0.956863
0.937255
0.882353
0.831373
0.772549
0.698039
0.611765
0.545098
0.458824
0.501961
0.650980
0.925490
0.929412
0.913725
0.886275
0.835294
0.827451
0.835294
0.862745
0.827451
0.490196
0.505882
0.843137
0.905882
0.913725
0.917647
0.913725
0.937255
0.945098
0.949020
0.956863
0.960784
0.956863
0.945098
0.937255
0.956863
0.968627
0.956863
0.945098
0.925490
0.525490
0.466667
0.513725
0.670588
0.929412
0.909804
0.905882
0.866667
0.839216
0.839216
0.866667
0.592157
0.384314
0.447059
0.839216
0.913725
0.921569
0.929412
0.921569
0.941176
0.952941
0.956863
0.960784
0.964706
0.960784
0.945098
0.937255
0.937255
0.937255
0.921569
0.909804
0.949020
0.713725
0.392157
0.454902
0.529412
0.709804
0.925490
0.925490
0.894118
0.862745
0.874510
0.635294
0.427451
0.439216
0.470588
0.501961
0.901961
0.929412
0.929412
0.929412
0.952941
0.952941
0.952941
0.964706
0.964706
0.956863
0.937255
0.933333
0.933333
0.937255
0.925490
0.917647
0.941176
0.878431
0.407843
0.376471
0.462745
0.537255
0.741176
0.941176
0.917647
0.909804
0.654902
0.396078
0.392157
0.678431
0.788235
0.537255
0.898039
0.933333
0.937255
0.933333
0.956863
0.960784
0.956863
0.964706
0.956863
0.945098
0.925490
0.921569
0.929412
0.929412
0.929412
0.929412
0.941176
0.956863
0.603922
0.356863
0.384314
0.470588
0.533333
0.721569
0.937255
0.745098
0.423529
0.435294
0.588235
0.870588
0.898039
0.913725
0.925490
0.937255
0.949020
0.937255
0.949020
0.882353
0.996078
0.984314
0.952941
0.929412
0.905882
0.909804
0.925490
0.929412
0.933333
0.933333
0.945098
0.952941
0.894118
0.419608
0.368627
0.419608
0.466667
0.541176
0.603922
0.435294
0.419608
0.431373
0.839216
0.882353
0.878431
0.905882
0.917647
0.937255
0.945098
0.941176
0.960784
0.835294
0.682353
0.780392
0.909804
0.952941
0.968627
0.968627
0.960784
0.952941
0.956863
0.956863
0.956863
0.968627
0.976471
0.745098
0.435294
0.407843
0.388235
0.521569
0.423529
0.439216
0.427451
0.486275
0.505882
0.847059
0.890196
0.905882
0.917647
0.937255
0.945098
0.945098
0.960784
0.952941
0.694118
0.439216
0.470588
0.564706
0.682353
0.729412
0.784314
0.862745
0.901961
0.945098
0.968627
0.952941
0.956863
0.909804
0.509804
0.415686
0.407843
0.439216
0.447059
0.517647
0.600000
0.827451
0.435294
0.768627
0.901961
0.909804
0.917647
0.937255
0.941176
0.949020
0.956863
0.960784
0.984314
0.913725
0.800000
0.650980
0.517647
0.447059
0.372549
0.376471
0.427451
0.521569
0.541176
0.458824
0.545098
0.521569
0.549020
0.462745
0.486275
0.427451
0.423529
0.580392
0.749020
0.937255
0.843137
0.886275
0.909804
0.909804
0.921569
0.941176
0.945098
0.949020
0.956863
0.952941
0.952941
0.956863
0.956863
0.964706
0.964706
0.698039
0.568627
0.698039
0.619608
0.537255
0.513725
0.454902
0.415686
0.427451
0.568627
0.662745
0.486275
0.490196
0.498039
0.564706
0.619608
0.905882
0.937255
0.929412
0.917647
0.909804
0.917647
0.937255
0.945098
0.952941
0.956863
0.952941
0.949020
0.941176
0.917647
0.917647
0.945098
0.658824
0.450980
0.909804
0.976471
0.952941
0.886275
0.521569
0.752941
0.760784
0.788235
0.945098
0.803922
0.639216
0.556863
0.462745
0.529412
0.878431
0.925490
0.925490
0.921569
0.913725
0.909804
0.933333
0.945098
0.952941
0.949020
0.945098
0.949020
0.933333
0.929412
0.925490
0.937255
0.882353
0.541176
0.866667
0.956863
0.960784
0.894118
0.419608
0.658824
0.996078
0.976471
0.960784
0.976471
0.952941
0.713725
0.466667
0.592157
0.894118
0.933333
0.933333
0.933333
0.913725
0.925490
0.933333
0.941176
0.952941
0.941176
0.937255
0.933333
0.925490
0.925490
0.933333
0.937255
0.945098
0.964706
0.964706
0.956863
0.956863
0.968627
0.725490
0.709804
0.972549
0.949020
0.945098
0.949020
0.956863
0.972549
0.898039
0.917647
0.933333
0.937255
0.945098
0.941176
0.929412
0.937255
0.945098
0.945098
0.960784
0.941176
0.941176
0.929412
0.917647
0.917647
0.929412
0.933333
0.937255
0.956863
0.960784
0.960784
0.956863
0.960784
0.968627
0.972549
0.964706
0.949020
0.937255
0.941176
0.952941
0.956863
0.949020
0.929412
0.929412
0.945098
0.952941
0.952941
0.949020
0.949020
0.949020
0.949020
0.956863
0.941176
0.941176
0.933333
0.925490
0.925490
0.937255
0.937255
0.941176
0.952941
0.956863
0.952941
0.949020
0.949020
0.949020
0.952941
0.949020
0.941176
0.933333
0.937255
0.941176
0.949020
0.945098
0.941176
0.945098
0.952941
0.956863
0.956863
0.956863
0.952941
0.945098
0.949020
0.956863
0.945098
0.937255
0.933333
0.929412
0.937255
0.941176
0.945098
0.941176
0.952941
0.949020
0.941176
0.941176
0.941176
0.933333
0.937255
0.941176
0.937255
0.933333
0.937255
0.941176
0.952941
0.952941
0.952941
0.960784
0.960784
0.960784
0.956863
0.949020
0.949020
0.952941
0.956863
0.956863
0.941176
0.929412
0.929412
0.937255
0.941176
0.941176
0.941176
0.941176
0.945098
0.941176
0.941176
0.941176
0.937255
0.933333
0.933333
0.941176
0.937255
0.933333
0.945098
0.952941
0.956863
0.956863
0.960784
0.964706
0.964706
0.964706
0.952941
0.945098
0.952941
0.960784
0.960784
0.960784
0.890196
0.894118
0.909804
0.909804
0.890196
0.878431
0.866667
0.843137
0.831373
0.847059
0.870588
0.878431
0.870588
0.870588
0.858824
0.847059
0.850980
0.866667
0.866667
0.862745
0.858824
0.835294
0.823529
0.843137
0.854902
0.850980
0.874510
0.886275
0.898039
0.882353
0.878431
0.874510
0.878431
0.886275
0.909804
0.921569
0.905882
0.882353
0.862745
0.839216
0.831373
0.827451
0.850980
0.866667
0.866667
0.870588
0.858824
0.847059
0.843137
0.854902
0.862745
0.866667
0.850980
0.819608
0.815686
0.843137
0.854902
0.862745
0.874510
0.898039
0.905882
0.882353
0.882353
0.870588
0.866667
0.874510
0.909804
0.917647
0.913725
0.898039
0.858824
0.823529
0.819608
0.815686
0.831373
0.847059
0.850980
0.866667
0.854902
0.843137
0.839216
0.850980
0.854902
0.862745
0.843137
0.815686
0.823529
0.843137
0.858824
0.866667
0.870588
0.901961
0.909804
0.878431
0.874510
0.866667
0.862745
0.870588
0.905882
0.921569
0.913725
0.905882
0.870588
0.815686
0.811765
0.819608
0.835294
0.850980
0.847059
0.866667
0.854902
0.843137
0.843137
0.847059
0.854902
0.854902
0.839216
0.819608
0.831373
0.847059
0.858824
0.870588
0.874510
0.890196
0.894118
0.878431
0.862745
0.862745
0.858824
0.874510
0.901961
0.913725
0.909804
0.894118
0.874510
0.819608
0.811765
0.815686
0.831373
0.815686
0.847059
0.854902
0.862745
0.843137
0.847059
0.847059
0.843137
0.843137
0.823529
0.819608
0.839216
0.847059
0.854902
0.866667
0.882353
0.878431
0.878431
0.874510
0.862745
0.854902
0.866667
0.878431
0.894118
0.898039
0.886275
0.874510
0.862745
0.823529
0.807843
0.819608
0.831373
0.690196
0.827451
0.850980
0.854902
0.839216
0.847059
0.843137
0.835294
0.823529
0.819608
0.823529
0.843137
0.839216
0.854902
0.858824
0.878431
0.878431
0.874510
0.866667
0.858824
0.850980
0.870588
0.874510
0.878431
0.878431
0.870588
0.866667
0.850980
0.819608
0.803922
0.815686
0.835294
0.678431
0.760784
0.858824
0.847059
0.839216
0.847059
0.847059
0.839216
0.823529
0.827451
0.827451
0.835294
0.839216
0.854902
0.850980
0.866667
0.874510
0.874510
0.866667
0.847059
0.843137
0.862745
0.874510
0.870588
0.870588
0.870588
0.874510
0.850980
0.807843
0.800000
0.811765
0.831373
0.721569
0.662745
0.874510
0.850980
0.843137
0.850980
0.850980
0.839216
0.831373
0.819608
0.815686
0.827451
0.843137
0.847059
0.843137
0.858824
0.874510
0.874510
0.870588
0.850980
0.839216
0.878431
0.882353
0.878431
0.886275
0.882353
0.874510
0.847059
0.803922
0.811765
0.819608
0.831373
0.784314
0.596078
0.866667
0.862745
0.850980
0.843137
0.839216
0.835294
0.831373
0.815686
0.807843
0.823529
0.843137
0.843137
0.839216
0.862745
0.866667
0.827451
0.835294
0.858824
0.847059
0.894118
0.882353
0.882353
0.894118
0.882353
0.866667
0.843137
0.807843
0.811765
0.815686
0.827451
0.823529
0.560784
0.827451
0.870588
0.854902
0.870588
0.862745
0.843137
0.843137
0.811765
0.811765
0.819608
0.843137
0.850980
0.850980
0.858824
0.870588
0.839216
0.760784
0.858824
0.866667
0.894118
0.882353
0.882353
0.894118
0.882353
0.862745
0.843137
0.807843
0.811765
0.815686
0.835294
0.843137
0.545098
0.745098
0.878431
0.882353
0.690196
0.737255
0.847059
0.847059
0.811765
0.811765
0.819608
0.835294
0.843137
0.850980
0.850980
0.890196
0.650980
0.623529
0.874510
0.878431
0.890196
0.878431
0.878431
0.890196
0.882353
0.862745
0.847059
0.819608
0.823529
0.831373
0.843137
0.850980
0.635294
0.662745
0.901961
0.643137
0.380392
0.776471
0.843137
0.835294
0.811765
0.807843
0.807843
0.827451
0.839216
0.850980
0.862745
0.760784
0.333333
0.635294
0.886275
0.878431
0.898039
0.890196
0.886275
0.890196
0.886275
0.874510
0.862745
0.835294
0.827451
0.843137
0.854902
0.850980
0.600000
0.505882
0.564706
0.274510
0.666667
0.870588
0.843137
0.839216
0.807843
0.800000
0.800000
0.815686
0.835294
0.839216
0.850980
0.435294
0.368627
0.835294
0.874510
0.870588
0.909804
0.913725
0.901961
0.886275
0.886275
0.890196
0.878431
0.866667
0.878431
0.882353
0.874510
0.831373
0.470588
0.329412
0.286275
0.458824
0.870588
0.858824
0.847059
0.831373
0.803922
0.800000
0.807843
0.811765
0.815686
0.843137
0.592157
0.294118
0.674510
0.882353
0.862745
0.862745
0.905882
0.913725
0.909804
0.898039
0.898039
0.905882
0.890196
0.725490
0.564706
0.486275
0.419608
0.360784
0.341176
0.356863
0.333333
0.749020
0.878431
0.862745
0.854902
0.827451
0.796078
0.796078
0.800000
0.807843
0.831373
0.717647
0.294118
0.447059
0.870588
0.862745
0.858824
0.858824
0.894118
0.909804
0.909804
0.909804
0.913725
0.913725
0.890196
0.835294
0.764706
0.694118
0.615686
0.521569
0.466667
0.372549
0.411765
0.607843
0.866667
0.870588
0.866667
0.843137
0.803922
0.800000
0.800000
0.831373
0.796078
0.411765
0.443137
0.796078
0.862745
0.858824
0.862745
0.858824
0.886275
0.898039
0.905882
0.917647
0.921569
0.917647
0.901961
0.898039
0.921569
0.937255
0.913725
0.901961
0.882353
0.462745
0.372549
0.450980
0.631373
0.874510
0.862745
0.858824
0.831373
0.803922
0.803922
0.835294
0.521569
0.301961
0.396078
0.807843
0.862745
0.866667
0.874510
0.866667
0.901961
0.905882
0.917647
0.929412
0.925490
0.921569
0.901961
0.878431
0.886275
0.894118
0.874510
0.858824
0.905882
0.654902
0.309804
0.380392
0.474510
0.666667
0.870588
0.870588
0.854902
0.815686
0.847059
0.584314
0.337255
0.364706
0.411765
0.458824
0.854902
0.874510
0.874510
0.874510
0.917647
0.913725
0.917647
0.925490
0.917647
0.909804
0.890196
0.878431
0.886275
0.890196
0.878431
0.866667
0.898039
0.823529
0.341176
0.301961
0.396078
0.498039
0.701961
0.886275
0.866667
0.866667
0.600000
0.325490
0.313725
0.619608
0.729412
0.490196
0.850980
0.878431
0.878431
0.878431
0.917647
0.921569
0.917647
0.921569
0.909804
0.894118
0.870588
0.866667
0.878431
0.882353
0.874510
0.870588
0.890196
0.913725
0.549020
0.290196
0.321569
0.407843
0.501961
0.698039
0.882353
0.690196
0.337255
0.349020
0.529412
0.831373
0.850980
0.858824
0.862745
0.882353
0.898039
0.886275
0.909804
0.854902
0.956863
0.952941
0.921569
0.886275
0.858824
0.854902
0.870588
0.882353
0.882353
0.882353
0.894118
0.917647
0.843137
0.360784
0.298039
0.356863
0.423529
0.509804
0.556863
0.345098
0.337255
0.364706
0.792157
0.847059
0.835294
0.854902
0.862745
0.878431
0.898039
0.898039
0.921569
0.815686
0.643137
0.717647
0.854902
0.905882
0.917647
0.909804
0.909804
0.909804
0.921569
0.921569
0.917647
0.921569
0.937255
0.698039
0.356863
0.337255
0.341176
0.435294
0.333333
0.349020
0.341176
0.415686
0.462745
0.807843
0.843137
0.854902
0.870588
0.878431
0.901961
0.905882
0.917647
0.921569
0.674510
0.388235
0.384314
0.478431
0.596078
0.658824
0.752941
0.819608
0.882353
0.921569
0.937255
0.929412
0.917647
0.878431
0.439216
0.333333
0.337255
0.360784
0.360784
0.415686
0.529412
0.768627
0.376471
0.721569
0.854902
0.858824
0.870588
0.886275
0.901961
0.905882
0.913725
0.917647
0.949020
0.898039
0.772549
0.611765
0.478431
0.392157
0.278431
0.282353
0.337255
0.423529
0.450980
0.403922
0.470588
0.431373
0.443137
0.380392
0.411765
0.364706
0.356863
0.494118
0.701961
0.882353
0.780392
0.835294
0.858824
0.858824
0.870588
0.894118
0.901961
0.905882
0.913725
0.913725
0.913725
0.921569
0.921569
0.913725
0.909804
0.662745
0.498039
0.678431
0.584314
0.498039
0.454902
0.364706
0.337255
0.333333
0.454902
0.552941
0.380392
0.372549
0.407843
0.494118
0.584314
0.854902
0.878431
0.870588
0.866667
0.858824
0.866667
0.890196
0.901961
0.909804
0.913725
0.909804
0.905882
0.886275
0.866667
0.862745
0.890196
0.623529
0.380392
0.862745
0.945098
0.929412
0.870588
0.474510
0.741176
0.749020
0.756863
0.890196
0.733333
0.556863
0.450980
0.400000
0.482353
0.835294
0.874510
0.870588
0.870588
0.862745
0.858824
0.886275
0.901961
0.909804
0.909804
0.898039
0.898039
0.886275
0.878431
0.874510
0.894118
0.858824
0.505882
0.815686
0.913725
0.925490
0.874510
0.352941
0.603922
0.952941
0.937255
0.913725
0.941176
0.894118
0.623529
0.388235
0.521569
0.847059
0.882353
0.878431
0.878431
0.862745
0.874510
0.886275
0.901961
0.913725
0.901961
0.898039
0.886275
0.874510
0.874510
0.886275
0.886275
0.905882
0.929412
0.925490
0.921569
0.925490
0.945098
0.694118
0.658824
0.929412
0.905882
0.898039
0.901961
0.913725
0.921569
0.823529
0.847059
0.874510
0.886275
0.898039
0.890196
0.878431
0.890196
0.901961
0.901961
0.917647
0.901961
0.898039
0.882353
0.866667
0.862745
0.874510
0.874510
0.894118
0.917647
0.925490
0.917647
0.917647
0.921569
0.937255
0.937255
0.921569
0.901961
0.890196
0.898039
0.905882
0.917647
0.905882
0.870588
0.870588
0.901961
0.909804
0.905882
0.901961
0.905882
0.905882
0.905882
0.913725
0.901961
0.898039
0.886275
0.870588
0.874510
0.886275
0.886275
0.898039
0.909804
0.917647
0.913725
0.909804
0.898039
0.905882
0.909804
0.901961
0.894118
0.882353
0.886275
0.898039
0.905882
0.890196
0.894118
0.901961
0.917647
0.921569
0.917647
0.913725
0.909804
0.901961
0.905882
0.913725
0.905882
0.894118
0.886275
0.878431
0.890196
0.901961
0.901961
0.905882
0.909804
0.905882
0.901961
0.901961
0.901961
0.886275
0.890196
0.894118
0.886275
0.874510
0.878431
0.890196
0.909804
0.913725
0.925490
0.929412
0.929412
0.929412
0.913725
0.905882
0.901961
0.909804
0.913725
0.913725
0.898039
0.886275
0.882353
0.886275
0.898039
0.901961
0.898039
0.898039
0.901961
0.894118
0.898039
0.898039
0.890196
0.882353
0.882353
0.886275
0.882353
0.878431
0.894118
0.905882
0.909804
0.909804
0.913725
0.921569
0.929412
0.925490
0.909804
0.905882
0.905882
0.917647
0.921569
0.921569
