0.576471
0.666667
0.690196
0.686275
0.635294
0.600000
0.603922
0.584314
0.580392
0.549020
0.501961
0.486275
0.470588
0.517647
0.513725
0.529412
0.552941
0.525490
0.529412
0.568627
0.580392
0.545098
0.517647
0.509804
0.592157
0.552941
0.537255
0.600000
0.584314
0.560784
0.533333
0.525490
0.666667
0.701961
0.682353
0.619608
0.568627
0.529412
0.529412
0.505882
0.486275
0.513725
0.541176
0.513725
0.533333
0.592157
0.525490
0.529412
0.545098
0.521569
0.529412
0.549020
0.584314
0.537255
0.525490
0.513725
0.564706
0.556863
0.517647
0.576471
0.592157
0.552941
0.509804
0.517647
0.545098
0.592157
0.611765
0.541176
0.513725
0.517647
0.474510
0.458824
0.443137
0.466667
0.478431
0.466667
0.564706
0.576471
0.494118
0.541176
0.549020
0.533333
0.498039
0.521569
0.466667
0.450980
0.439216
0.439216
0.482353
0.462745
0.407843
0.419608
0.458824
0.466667
0.435294
0.439216
0.403922
0.427451
0.439216
0.439216
0.454902
0.482353
0.474510
0.466667
0.462745
0.470588
0.458824
0.423529
0.517647
0.482353
0.396078
0.529412
0.521569
0.525490
0.525490
0.509804
0.396078
0.443137
0.403922
0.466667
0.596078
0.592157
0.529412
0.466667
0.458824
0.482353
0.450980
0.447059
0.411765
0.415686
0.450980
0.462745
0.466667
0.478431
0.466667
0.517647
0.541176
0.533333
0.521569
0.419608
0.474510
0.482353
0.415686
0.450980
0.490196
0.494118
0.505882
0.435294
0.435294
0.501961
0.501961
0.541176
0.505882
0.537255
0.537255
0.545098
0.552941
0.541176
0.509804
0.572549
0.439216
0.466667
0.486275
0.470588
0.450980
0.462745
0.466667
0.478431
0.490196
0.482353
0.529412
0.486275
0.509804
0.498039
0.501961
0.466667
0.509804
0.560784
0.439216
0.384314
0.439216
0.505882
0.533333
0.474510
0.431373
0.435294
0.478431
0.494118
0.494118
0.498039
0.494118
0.529412
0.454902
0.466667
0.474510
0.490196
0.470588
0.450980
0.439216
0.458824
0.443137
0.435294
0.466667
0.466667
0.474510
0.513725
0.541176
0.376471
0.407843
0.454902
0.380392
0.400000
0.423529
0.462745
0.447059
0.411765
0.450980
0.462745
0.450980
0.454902
0.462745
0.470588
0.462745
0.470588
0.435294
0.443137
0.443137
0.474510
0.490196
0.454902
0.427451
0.439216
0.388235
0.364706
0.368627
0.345098
0.376471
0.403922
0.400000
0.400000
0.447059
0.400000
0.423529
0.439216
0.435294
0.431373
0.423529
0.419608
0.462745
0.490196
0.478431
0.470588
0.450980
0.450980
0.458824
0.450980
0.435294
0.427451
0.439216
0.474510
0.462745
0.450980
0.466667
0.462745
0.466667
0.435294
0.294118
0.278431
0.333333
0.290196
0.423529
0.470588
0.435294
0.431373
0.462745
0.447059
0.435294
0.450980
0.439216
0.423529
0.443137
0.454902
0.466667
0.478431
0.462745
0.466667
0.466667
0.470588
0.443137
0.427451
0.454902
0.458824
0.435294
0.458824
0.552941
0.635294
0.635294
0.490196
0.329412
0.349020
0.380392
0.325490
0.411765
0.447059
0.447059
0.431373
0.431373
0.450980
0.454902
0.458824
0.466667
0.462745
0.466667
0.474510
0.478431
0.466667
0.454902
0.466667
0.470588
0.478431
0.447059
0.423529
0.411765
0.419608
0.450980
0.470588
0.490196
0.560784
0.490196
0.403922
0.423529
0.415686
0.372549
0.329412
0.392157
0.447059
0.431373
0.419608
0.407843
0.423529
0.435294
0.435294
0.435294
0.443137
0.450980
0.462745
0.462745
0.450980
0.454902
0.462745
0.470588
0.466667
0.474510
0.447059
0.427451
0.466667
0.458824
0.392157
0.384314
0.400000
0.415686
0.439216
0.423529
0.376471
0.309804
0.270588
0.278431
0.388235
0.411765
0.415686
0.423529
0.415686
0.403922
0.415686
0.431373
0.431373
0.439216
0.447059
0.458824
0.458824
0.454902
0.454902
0.466667
0.470588
0.564706
0.607843
0.611765
0.450980
0.407843
0.411765
0.396078
0.400000
0.407843
0.388235
0.341176
0.294118
0.270588
0.262745
0.243137
0.286275
0.380392
0.415686
0.423529
0.427451
0.427451
0.419608
0.407843
0.423529
0.447059
0.454902
0.462745
0.454902
0.450980
0.458824
0.462745
0.466667
0.705882
0.741176
0.619608
0.466667
0.439216
0.403922
0.352941
0.309804
0.290196
0.270588
0.247059
0.243137
0.231373
0.227451
0.215686
0.211765
0.278431
0.349020
0.352941
0.372549
0.364706
0.439216
0.537255
0.603922
0.635294
0.600000
0.490196
0.443137
0.443137
0.439216
0.415686
0.407843
0.776471
0.709804
0.521569
0.466667
0.443137
0.403922
0.423529
0.482353
0.403922
0.266667
0.223529
0.223529
0.223529
0.227451
0.227451
0.247059
0.298039
0.321569
0.321569
0.392157
0.588235
0.756863
0.776471
0.741176
0.643137
0.545098
0.435294
0.403922
0.435294
0.443137
0.439216
0.431373
0.737255
0.643137
0.584314
0.541176
0.443137
0.411765
0.435294
0.682353
0.654902
0.298039
0.211765
0.211765
0.223529
0.239216
0.262745
0.294118
0.345098
0.368627
0.431373
0.639216
0.898039
0.894118
0.768627
0.600000
0.482353
0.462745
0.407843
0.364706
0.392157
0.423529
0.447059
0.439216
0.611765
0.549020
0.517647
0.486275
0.443137
0.419608
0.470588
0.756863
0.662745
0.282353
0.215686
0.235294
0.250980
0.270588
0.278431
0.325490
0.392157
0.462745
0.498039
0.647059
0.898039
0.882353
0.650980
0.388235
0.349020
0.352941
0.329412
0.313725
0.333333
0.396078
0.423529
0.431373
0.450980
0.423529
0.419608
0.427451
0.431373
0.427451
0.486275
0.725490
0.666667
0.329412
0.235294
0.247059
0.258824
0.294118
0.309804
0.509804
0.588235
0.486275
0.415686
0.552941
0.847059
0.796078
0.552941
0.274510
0.282353
0.337255
0.329412
0.298039
0.333333
0.388235
0.388235
0.419608
0.423529
0.415686
0.435294
0.450980
0.427451
0.439216
0.474510
0.611765
0.717647
0.419608
0.239216
0.219608
0.258824
0.352941
0.509804
0.807843
0.850980
0.588235
0.419608
0.603922
0.662745
0.498039
0.490196
0.235294
0.231373
0.341176
0.329412
0.270588
0.341176
0.368627
0.333333
0.403922
0.411765
0.411765
0.423529
0.423529
0.419608
0.454902
0.470588
0.501961
0.666667
0.584314
0.325490
0.215686
0.349020
0.607843
0.713725
0.839216
0.921569
0.811765
0.717647
0.756863
0.533333
0.419608
0.584314
0.250980
0.207843
0.321569
0.301961
0.298039
0.368627
0.274510
0.294118
0.427451
0.400000
0.396078
0.419608
0.415686
0.411765
0.415686
0.415686
0.407843
0.466667
0.623529
0.666667
0.509804
0.556863
0.768627
0.713725
0.729412
0.874510
0.850980
0.619608
0.462745
0.650980
0.686275
0.517647
0.211765
0.223529
0.298039
0.333333
0.372549
0.321569
0.231373
0.352941
0.435294
0.380392
0.392157
0.411765
0.407843
0.407843
0.400000
0.392157
0.392157
0.400000
0.458824
0.533333
0.564706
0.603922
0.717647
0.623529
0.560784
0.792157
0.811765
0.396078
0.231373
0.568627
0.772549
0.450980
0.215686
0.211765
0.231373
0.258824
0.305882
0.247059
0.262745
0.392157
0.407843
0.376471
0.384314
0.392157
0.388235
0.392157
0.388235
0.384314
0.384314
0.388235
0.396078
0.392157
0.400000
0.411765
0.545098
0.552941
0.443137
0.509804
0.600000
0.403922
0.184314
0.321569
0.643137
0.423529
0.180392
0.200000
0.231373
0.247059
0.250980
0.219608
0.282353
0.407843
0.411765
0.360784
0.384314
0.392157
0.388235
0.388235
0.388235
0.400000
0.407843
0.400000
0.403922
0.423529
0.403922
0.392157
0.415686
0.572549
0.478431
0.196078
0.274510
0.427451
0.235294
0.200000
0.501961
0.329412
0.184314
0.203922
0.207843
0.243137
0.250980
0.231373
0.329412
0.407843
0.400000
0.345098
0.372549
0.380392
0.380392
0.388235
0.392157
0.411765
0.443137
0.462745
0.458824
0.450980
0.427451
0.427451
0.403922
0.454902
0.443137
0.219608
0.223529
0.341176
0.329412
0.235294
0.380392
0.352941
0.200000
0.211765
0.266667
0.309804
0.258824
0.258824
0.352941
0.400000
0.384314
0.341176
0.352941
0.360784
0.372549
0.384314
0.384314
0.396078
0.431373
0.494118
0.494118
0.450980
0.419608
0.427451
0.400000
0.435294
0.490196
0.270588
0.321569
0.384314
0.419608
0.486275
0.376471
0.384314
0.223529
0.262745
0.380392
0.368627
0.274510
0.282353
0.364706
0.392157
0.388235
0.341176
0.349020
0.364706
0.372549
0.376471
0.368627
0.392157
0.403922
0.447059
0.450980
0.407843
0.392157
0.392157
0.376471
0.396078
0.486275
0.317647
0.337255
0.384314
0.435294
0.537255
0.349020
0.400000
0.321569
0.262745
0.333333
0.384314
0.317647
0.313725
0.376471
0.372549
0.364706
0.345098
0.352941
0.352941
0.364706
0.368627
0.356863
0.356863
0.380392
0.474510
0.443137
0.380392
0.376471
0.384314
0.372549
0.384314
0.466667
0.313725
0.345098
0.372549
0.439216
0.403922
0.313725
0.427451
0.505882
0.356863
0.309804
0.392157
0.368627
0.317647
0.380392
0.419608
0.415686
0.356863
0.423529
0.403922
0.360784
0.360784
0.403922
0.423529
0.415686
0.423529
0.411765
0.407843
0.415686
0.454902
0.435294
0.435294
0.498039
0.411765
0.513725
0.486275
0.501961
0.305882
0.345098
0.454902
0.470588
0.301961
0.388235
0.576471
0.470588
0.372549
0.482353
0.592157
0.694118
0.435294
0.607843
0.752941
0.705882
0.654902
0.721569
0.780392
0.752941
0.698039
0.662745
0.650980
0.666667
0.752941
0.811765
0.780392
0.752941
0.815686
0.913725
0.878431
0.835294
0.670588
0.611765
0.631373
0.529412
0.423529
0.650980
0.874510
0.709804
0.552941
0.827451
0.850980
0.854902
0.741176
0.835294
0.921569
0.949020
0.945098
0.945098
0.933333
0.913725
0.921569
0.929412
0.917647
0.941176
0.964706
0.976471
0.968627
0.956863
0.956863
0.972549
0.968627
0.968627
0.964706
0.941176
0.929412
0.752941
0.749020
0.890196
0.905882
0.843137
0.705882
0.870588
0.937255
0.866667
0.933333
0.941176
0.941176
0.949020
0.952941
0.949020
0.956863
0.956863
0.945098
0.952941
0.960784
0.968627
0.968627
0.968627
0.952941
0.952941
0.945098
0.956863
0.941176
0.941176
0.945098
0.952941
0.941176
0.858824
0.901961
0.917647
0.862745
0.890196
0.874510
0.882353
0.905882
0.909804
0.627451
0.709804
0.721569
0.721569
0.666667
0.639216
0.650980
0.631373
0.611765
0.588235
0.556863
0.545098
0.521569
0.552941
0.552941
0.580392
0.603922
0.588235
0.588235
0.603922
0.635294
0.615686
0.584314
0.584314
0.639216
0.603922
0.600000
0.662745
0.647059
0.647059
0.635294
0.627451
0.705882
0.729412
0.721569
0.658824
0.607843
0.576471
0.576471
0.552941
0.529412
0.560784
0.592157
0.568627
0.568627
0.615686
0.588235
0.596078
0.596078
0.564706
0.572549
0.556863
0.596078
0.580392
0.572549
0.592157
0.631373
0.619608
0.580392
0.631373
0.650980
0.627451
0.592157
0.600000
0.607843
0.643137
0.670588
0.596078
0.568627
0.572549
0.521569
0.501961
0.498039
0.529412
0.537255
0.529412
0.596078
0.568627
0.541176
0.588235
0.580392
0.560784
0.545098
0.541176
0.466667
0.482353
0.482353
0.513725
0.537255
0.509804
0.466667
0.486275
0.525490
0.537255
0.501961
0.505882
0.470588
0.494118
0.505882
0.501961
0.521569
0.537255
0.521569
0.509804
0.521569
0.529412
0.505882
0.498039
0.564706
0.466667
0.403922
0.549020
0.552941
0.556863
0.596078
0.556863
0.419608
0.494118
0.470588
0.537255
0.647059
0.627451
0.584314
0.537255
0.529412
0.568627
0.537255
0.521569
0.470588
0.478431
0.505882
0.517647
0.521569
0.529412
0.509804
0.560784
0.603922
0.576471
0.552941
0.501961
0.533333
0.486275
0.470588
0.482353
0.556863
0.572549
0.560784
0.447059
0.470588
0.556863
0.549020
0.592157
0.568627
0.600000
0.603922
0.615686
0.627451
0.631373
0.596078
0.639216
0.505882
0.529412
0.541176
0.521569
0.501961
0.505882
0.521569
0.525490
0.533333
0.537255
0.556863
0.552941
0.560784
0.521569
0.545098
0.458824
0.529412
0.592157
0.447059
0.407843
0.498039
0.560784
0.568627
0.525490
0.498039
0.509804
0.552941
0.564706
0.560784
0.572549
0.564706
0.592157
0.529412
0.521569
0.533333
0.552941
0.533333
0.513725
0.513725
0.501961
0.447059
0.462745
0.486275
0.486275
0.509804
0.541176
0.545098
0.364706
0.400000
0.458824
0.396078
0.447059
0.486275
0.525490
0.505882
0.474510
0.521569
0.533333
0.517647
0.525490
0.533333
0.537255
0.529412
0.537255
0.501961
0.498039
0.501961
0.537255
0.552941
0.529412
0.505882
0.486275
0.400000
0.364706
0.376471
0.337255
0.380392
0.407843
0.419608
0.443137
0.490196
0.443137
0.474510
0.505882
0.509804
0.505882
0.498039
0.494118
0.537255
0.564706
0.552941
0.549020
0.525490
0.521569
0.529412
0.521569
0.498039
0.490196
0.505882
0.541176
0.529412
0.494118
0.490196
0.498039
0.490196
0.407843
0.274510
0.274510
0.313725
0.294118
0.470588
0.533333
0.486275
0.486275
0.529412
0.513725
0.513725
0.533333
0.521569
0.505882
0.525490
0.537255
0.545098
0.556863
0.545098
0.549020
0.549020
0.552941
0.505882
0.490196
0.521569
0.529412
0.505882
0.501961
0.517647
0.568627
0.588235
0.435294
0.305882
0.341176
0.360784
0.333333
0.454902
0.498039
0.505882
0.505882
0.505882
0.525490
0.537255
0.545098
0.552941
0.549020
0.549020
0.560784
0.564706
0.552941
0.541176
0.552941
0.556863
0.564706
0.513725
0.486275
0.478431
0.482353
0.509804
0.509804
0.490196
0.525490
0.458824
0.396078
0.427451
0.415686
0.368627
0.337255
0.443137
0.517647
0.509804
0.513725
0.505882
0.521569
0.533333
0.529412
0.533333
0.537255
0.541176
0.556863
0.560784
0.552941
0.556863
0.564706
0.572549
0.560784
0.541176
0.513725
0.498039
0.509804
0.474510
0.396078
0.388235
0.411765
0.443137
0.458824
0.427451
0.396078
0.329412
0.270588
0.301961
0.443137
0.509804
0.517647
0.517647
0.509804
0.505882
0.517647
0.525490
0.537255
0.545098
0.549020
0.556863
0.556863
0.552941
0.556863
0.568627
0.568627
0.623529
0.650980
0.623529
0.443137
0.427451
0.423529
0.396078
0.400000
0.423529
0.400000
0.337255
0.294118
0.274510
0.262745
0.254902
0.333333
0.470588
0.521569
0.525490
0.525490
0.525490
0.525490
0.517647
0.533333
0.552941
0.560784
0.568627
0.556863
0.549020
0.556863
0.560784
0.560784
0.741176
0.764706
0.635294
0.458824
0.431373
0.400000
0.329412
0.270588
0.258824
0.258824
0.250980
0.247059
0.235294
0.231373
0.235294
0.247059
0.321569
0.411765
0.423529
0.439216
0.431373
0.486275
0.560784
0.580392
0.615686
0.619608
0.549020
0.517647
0.509804
0.509804
0.498039
0.486275
0.807843
0.741176
0.572549
0.513725
0.490196
0.478431
0.458824
0.450980
0.341176
0.243137
0.223529
0.223529
0.227451
0.231373
0.243137
0.258824
0.290196
0.317647
0.321569
0.392157
0.556863
0.670588
0.650980
0.607843
0.572549
0.537255
0.450980
0.427451
0.454902
0.490196
0.533333
0.537255
0.768627
0.674510
0.619608
0.600000
0.521569
0.498039
0.501961
0.658824
0.560784
0.254902
0.211765
0.215686
0.223529
0.239216
0.262745
0.282353
0.321569
0.360784
0.411765
0.592157
0.835294
0.780392
0.627451
0.505882
0.470588
0.486275
0.431373
0.380392
0.411765
0.443137
0.513725
0.541176
0.654902
0.592157
0.572549
0.549020
0.517647
0.494118
0.521569
0.709804
0.564706
0.243137
0.215686
0.227451
0.231373
0.254902
0.262745
0.286275
0.364706
0.450980
0.478431
0.592157
0.815686
0.803922
0.592157
0.368627
0.356863
0.368627
0.333333
0.309804
0.329412
0.388235
0.454902
0.513725
0.517647
0.490196
0.486275
0.494118
0.494118
0.494118
0.529412
0.690196
0.576471
0.278431
0.215686
0.223529
0.235294
0.270588
0.282353
0.454902
0.545098
0.466667
0.396078
0.505882
0.776471
0.717647
0.513725
0.298039
0.301961
0.329412
0.317647
0.290196
0.325490
0.376471
0.411765
0.501961
0.494118
0.486275
0.501961
0.517647
0.490196
0.501961
0.529412
0.611765
0.643137
0.356863
0.219608
0.211765
0.235294
0.313725
0.439216
0.752941
0.811765
0.549020
0.380392
0.552941
0.607843
0.443137
0.439216
0.258824
0.254902
0.325490
0.301961
0.250980
0.333333
0.352941
0.360784
0.490196
0.482353
0.478431
0.490196
0.490196
0.486275
0.509804
0.541176
0.549020
0.631373
0.498039
0.266667
0.196078
0.301961
0.521569
0.615686
0.788235
0.886275
0.737255
0.643137
0.701961
0.490196
0.400000
0.560784
0.282353
0.231373
0.305882
0.270588
0.274510
0.360784
0.282353
0.352941
0.521569
0.466667
0.462745
0.486275
0.486275
0.478431
0.474510
0.486275
0.478431
0.505882
0.588235
0.564706
0.415686
0.462745
0.686275
0.631373
0.666667
0.835294
0.796078
0.580392
0.450980
0.615686
0.658824
0.513725
0.235294
0.239216
0.294118
0.309804
0.356863
0.321569
0.262745
0.439216
0.541176
0.439216
0.454902
0.478431
0.470588
0.474510
0.470588
0.458824
0.462745
0.474510
0.513725
0.549020
0.564706
0.580392
0.662745
0.572549
0.505882
0.721569
0.752941
0.364706
0.227451
0.529412
0.709804
0.427451
0.227451
0.223529
0.235294
0.254902
0.313725
0.262745
0.298039
0.478431
0.517647
0.439216
0.450980
0.454902
0.450980
0.454902
0.454902
0.450980
0.450980
0.458824
0.466667
0.462745
0.490196
0.505882
0.572549
0.533333
0.415686
0.458824
0.513725
0.352941
0.168627
0.290196
0.572549
0.392157
0.215686
0.223529
0.227451
0.235294
0.258824
0.235294
0.325490
0.486275
0.509804
0.415686
0.439216
0.450980
0.447059
0.447059
0.450980
0.470588
0.478431
0.470588
0.474510
0.494118
0.494118
0.474510
0.482353
0.607843
0.474510
0.203922
0.254902
0.368627
0.207843
0.200000
0.458824
0.305882
0.211765
0.223529
0.203922
0.235294
0.262745
0.258824
0.392157
0.498039
0.501961
0.380392
0.411765
0.435294
0.439216
0.447059
0.454902
0.474510
0.509804
0.529412
0.525490
0.525490
0.505882
0.490196
0.482353
0.509804
0.415686
0.215686
0.247059
0.372549
0.341176
0.235294
0.345098
0.341176
0.231373
0.258824
0.321569
0.360784
0.294118
0.305882
0.431373
0.498039
0.494118
0.380392
0.392157
0.407843
0.415686
0.427451
0.439216
0.458824
0.494118
0.552941
0.556863
0.525490
0.494118
0.494118
0.474510
0.486275
0.458824
0.250980
0.337255
0.462745
0.478431
0.450980
0.321569
0.368627
0.250980
0.317647
0.466667
0.454902
0.325490
0.337255
0.454902
0.486275
0.478431
0.380392
0.384314
0.392157
0.400000
0.403922
0.415686
0.447059
0.462745
0.482353
0.494118
0.482353
0.466667
0.454902
0.450980
0.470588
0.470588
0.286275
0.352941
0.462745
0.486275
0.501961
0.337255
0.411765
0.329412
0.305882
0.403922
0.462745
0.368627
0.372549
0.462745
0.462745
0.458824
0.376471
0.372549
0.376471
0.388235
0.396078
0.392157
0.396078
0.419608
0.482353
0.462745
0.443137
0.443137
0.443137
0.439216
0.462745
0.482353
0.301961
0.372549
0.447059
0.462745
0.376471
0.325490
0.470588
0.498039
0.368627
0.349020
0.447059
0.392157
0.368627
0.458824
0.478431
0.466667
0.372549
0.423529
0.411765
0.372549
0.372549
0.411765
0.427451
0.419608
0.435294
0.439216
0.447059
0.450980
0.494118
0.466667
0.474510
0.470588
0.360784
0.509804
0.525490
0.509804
0.290196
0.341176
0.494118
0.458824
0.290196
0.407843
0.596078
0.454902
0.376471
0.513725
0.607843
0.678431
0.431373
0.588235
0.725490
0.670588
0.623529
0.701961
0.749020
0.698039
0.662745
0.639216
0.631373
0.643137
0.725490
0.772549
0.752941
0.694118
0.737255
0.874510
0.858824
0.811765
0.631373
0.596078
0.635294
0.501961
0.396078
0.643137
0.858824
0.682353
0.517647
0.796078
0.823529
0.827451
0.709804
0.807843
0.905882
0.933333
0.929412
0.941176
0.921569
0.890196
0.890196
0.898039
0.886275
0.905882
0.929412
0.956863
0.964706
0.929412
0.937255
0.964706
0.960784
0.960784
0.933333
0.917647
0.901961
0.694118
0.690196
0.850980
0.874510
0.807843
0.658824
0.827451
0.898039
0.835294
0.921569
0.941176
0.945098
0.945098
0.937255
0.941176
0.945098
0.945098
0.949020
0.956863
0.960784
0.968627
0.972549
0.976471
0.968627
0.937255
0.929412
0.945098
0.921569
0.921569
0.921569
0.929412
0.917647
0.807843
0.831373
0.862745
0.827451
0.843137
0.811765
0.823529
0.870588
0.890196
0.627451
0.662745
0.662745
0.650980
0.627451
0.615686
0.611765
0.596078
0.603922
0.584314
0.568627
0.580392
0.556863
0.584314
0.600000
0.607843
0.639216
0.650980
0.635294
0.627451
0.654902
0.658824
0.650980
0.643137
0.662745
0.545098
0.603922
0.701961
0.686275
0.698039
0.690196
0.682353
0.647059
0.647059
0.658824
0.627451
0.588235
0.580392
0.600000
0.580392
0.556863
0.568627
0.588235
0.596078
0.603922
0.615686
0.639216
0.627451
0.611765
0.564706
0.572549
0.556863
0.556863
0.603922
0.611765
0.643137
0.666667
0.552941
0.549020
0.662745
0.678431
0.662745
0.631373
0.639216
0.623529
0.643137
0.654902
0.619608
0.592157
0.592157
0.576471
0.584314
0.572549
0.596078
0.607843
0.592157
0.600000
0.529412
0.584314
0.603922
0.572549
0.552941
0.560784
0.556863
0.419608
0.509804
0.505882
0.545098
0.564706
0.470588
0.450980
0.521569
0.556863
0.584314
0.556863
0.560784
0.568627
0.576471
0.592157
0.596078
0.596078
0.580392
0.564706
0.564706
0.568627
0.572549
0.568627
0.588235
0.592157
0.439216
0.396078
0.490196
0.541176
0.596078
0.631373
0.541176
0.380392
0.521569
0.517647
0.572549
0.623529
0.549020
0.564706
0.576471
0.572549
0.611765
0.592157
0.564706
0.576471
0.568627
0.584314
0.592157
0.596078
0.580392
0.580392
0.607843
0.635294
0.619608
0.603922
0.592157
0.588235
0.482353
0.498039
0.466667
0.572549
0.619608
0.584314
0.439216
0.462745
0.560784
0.564706
0.588235
0.521569
0.568627
0.643137
0.666667
0.662745
0.647059
0.627451
0.654902
0.596078
0.592157
0.592157
0.584314
0.568627
0.560784
0.607843
0.580392
0.529412
0.545098
0.545098
0.611765
0.596078
0.505882
0.533333
0.419608
0.486275
0.549020
0.384314
0.352941
0.454902
0.525490
0.560784
0.529412
0.513725
0.564706
0.607843
0.607843
0.611765
0.603922
0.592157
0.615686
0.615686
0.596078
0.596078
0.615686
0.592157
0.564706
0.584314
0.556863
0.447059
0.470588
0.470588
0.533333
0.525490
0.486275
0.474510
0.337255
0.356863
0.360784
0.356863
0.454902
0.501961
0.556863
0.556863
0.529412
0.568627
0.580392
0.564706
0.572549
0.580392
0.576471
0.560784
0.568627
0.603922
0.603922
0.588235
0.607843
0.611765
0.592157
0.584314
0.549020
0.411765
0.368627
0.368627
0.333333
0.349020
0.364706
0.396078
0.435294
0.458824
0.411765
0.521569
0.576471
0.576471
0.576471
0.564706
0.552941
0.592157
0.619608
0.607843
0.603922
0.580392
0.576471
0.584314
0.576471
0.600000
0.592157
0.592157
0.615686
0.596078
0.537255
0.505882
0.509804
0.474510
0.384314
0.247059
0.243137
0.247059
0.262745
0.505882
0.501961
0.482353
0.552941
0.592157
0.576471
0.576471
0.600000
0.584314
0.572549
0.592157
0.603922
0.615686
0.623529
0.611765
0.615686
0.615686
0.619608
0.603922
0.592157
0.592157
0.603922
0.600000
0.556863
0.466667
0.454902
0.494118
0.388235
0.266667
0.294118
0.294118
0.298039
0.466667
0.541176
0.568627
0.572549
0.572549
0.592157
0.607843
0.615686
0.623529
0.615686
0.615686
0.623529
0.631373
0.615686
0.607843
0.619608
0.623529
0.635294
0.592157
0.584314
0.572549
0.568627
0.588235
0.580392
0.521569
0.501961
0.435294
0.380392
0.384314
0.349020
0.317647
0.309804
0.466667
0.584314
0.572549
0.580392
0.584314
0.600000
0.611765
0.607843
0.611765
0.619608
0.627451
0.639216
0.631373
0.611765
0.615686
0.623529
0.639216
0.647059
0.596078
0.580392
0.576471
0.576471
0.521569
0.458824
0.447059
0.462745
0.498039
0.470588
0.419608
0.392157
0.325490
0.270588
0.301961
0.509804
0.588235
0.580392
0.592157
0.584314
0.580392
0.592157
0.603922
0.603922
0.611765
0.623529
0.619608
0.615686
0.615686
0.619608
0.639216
0.650980
0.674510
0.705882
0.650980
0.447059
0.454902
0.466667
0.411765
0.427451
0.458824
0.415686
0.352941
0.298039
0.270588
0.258824
0.243137
0.352941
0.529412
0.588235
0.600000
0.615686
0.603922
0.592157
0.588235
0.600000
0.619608
0.623529
0.627451
0.627451
0.639216
0.635294
0.631373
0.635294
0.800000
0.827451
0.682353
0.450980
0.396078
0.345098
0.266667
0.243137
0.247059
0.239216
0.231373
0.223529
0.207843
0.207843
0.211765
0.247059
0.360784
0.450980
0.462745
0.501961
0.513725
0.525490
0.541176
0.537255
0.588235
0.619608
0.576471
0.564706
0.576471
0.580392
0.560784
0.545098
0.850980
0.788235
0.639216
0.576471
0.537255
0.521569
0.482353
0.400000
0.270588
0.207843
0.196078
0.196078
0.203922
0.207843
0.227451
0.243137
0.270588
0.278431
0.278431
0.356863
0.517647
0.513725
0.427451
0.400000
0.427451
0.466667
0.427451
0.427451
0.458824
0.537255
0.607843
0.603922
0.807843
0.717647
0.658824
0.647059
0.592157
0.584314
0.572549
0.580392
0.384314
0.196078
0.188235
0.180392
0.200000
0.215686
0.227451
0.231373
0.254902
0.286275
0.368627
0.513725
0.709804
0.592157
0.380392
0.317647
0.372549
0.435294
0.396078
0.352941
0.380392
0.423529
0.564706
0.639216
0.694118
0.643137
0.623529
0.603922
0.580392
0.576471
0.560784
0.611765
0.392157
0.188235
0.180392
0.168627
0.192157
0.215686
0.227451
0.219608
0.266667
0.364706
0.423529
0.474510
0.662745
0.674510
0.435294
0.278431
0.309804
0.325490
0.294118
0.270588
0.290196
0.337255
0.443137
0.603922
0.568627
0.556863
0.552941
0.556863
0.560784
0.564706
0.556863
0.619608
0.427451
0.192157
0.168627
0.172549
0.188235
0.223529
0.203922
0.341176
0.427451
0.376471
0.337255
0.380392
0.611765
0.576471
0.400000
0.270588
0.270588
0.274510
0.258824
0.231373
0.270588
0.321569
0.380392
0.584314
0.549020
0.556863
0.568627
0.580392
0.556863
0.545098
0.560784
0.576471
0.462745
0.235294
0.156863
0.156863
0.188235
0.235294
0.282353
0.603922
0.694118
0.439216
0.313725
0.431373
0.415686
0.305882
0.341176
0.231373
0.227451
0.266667
0.235294
0.192157
0.282353
0.305882
0.360784
0.572549
0.537255
0.549020
0.556863
0.552941
0.552941
0.556863
0.564706
0.556863
0.494118
0.325490
0.164706
0.149020
0.223529
0.352941
0.400000
0.635294
0.768627
0.603922
0.541176
0.611765
0.380392
0.345098
0.505882
0.250980
0.200000
0.250980
0.196078
0.200000
0.298039
0.243137
0.372549
0.588235
0.537255
0.533333
0.545098
0.541176
0.541176
0.552941
0.549020
0.552941
0.529412
0.458824
0.396078
0.262745
0.290196
0.513725
0.462745
0.513725
0.729412
0.674510
0.462745
0.384314
0.560784
0.592157
0.443137
0.200000
0.203922
0.239216
0.239216
0.270588
0.266667
0.239216
0.454902
0.584314
0.545098
0.545098
0.552941
0.549020
0.549020
0.541176
0.529412
0.533333
0.564706
0.552941
0.541176
0.521569
0.501961
0.552941
0.450980
0.364706
0.556863
0.611765
0.270588
0.164706
0.450980
0.580392
0.337255
0.200000
0.184314
0.180392
0.200000
0.243137
0.235294
0.301961
0.513725
0.576471
0.549020
0.545098
0.541176
0.541176
0.545098
0.525490
0.513725
0.517647
0.521569
0.533333
0.529412
0.556863
0.568627
0.556863
0.458824
0.325490
0.270588
0.286275
0.215686
0.113725
0.211765
0.360784
0.294118
0.196078
0.180392
0.176471
0.196078
0.219608
0.219608
0.349020
0.541176
0.580392
0.517647
0.529412
0.533333
0.537255
0.537255
0.529412
0.533333
0.525490
0.513725
0.521569
0.537255
0.529412
0.541176
0.537255
0.580392
0.439216
0.152941
0.129412
0.219608
0.137255
0.156863
0.282353
0.219608
0.188235
0.164706
0.156863
0.203922
0.223529
0.235294
0.419608
0.568627
0.584314
0.490196
0.505882
0.517647
0.529412
0.537255
0.545098
0.545098
0.545098
0.549020
0.549020
0.549020
0.541176
0.529412
0.521569
0.537255
0.384314
0.176471
0.215686
0.384314
0.356863
0.192157
0.254902
0.262745
0.207843
0.239216
0.337255
0.376471
0.294118
0.321569
0.494118
0.588235
0.588235
0.490196
0.490196
0.494118
0.509804
0.521569
0.525490
0.525490
0.537255
0.556863
0.560784
0.541176
0.537255
0.545098
0.533333
0.537255
0.396078
0.188235
0.317647
0.549020
0.560784
0.376471
0.227451
0.290196
0.211765
0.337255
0.525490
0.509804
0.356863
0.392157
0.541176
0.580392
0.572549
0.486275
0.482353
0.486275
0.501961
0.501961
0.505882
0.521569
0.513725
0.509804
0.529412
0.533333
0.533333
0.541176
0.537255
0.533333
0.419608
0.215686
0.360784
0.545098
0.545098
0.403922
0.270588
0.392157
0.309804
0.305882
0.450980
0.533333
0.403922
0.431373
0.560784
0.564706
0.552941
0.490196
0.474510
0.470588
0.494118
0.498039
0.490196
0.478431
0.486275
0.521569
0.505882
0.498039
0.517647
0.537255
0.529412
0.541176
0.454902
0.247059
0.423529
0.537255
0.525490
0.305882
0.298039
0.513725
0.478431
0.321569
0.388235
0.537255
0.407843
0.411765
0.541176
0.529412
0.529412
0.466667
0.466667
0.482353
0.474510
0.466667
0.474510
0.474510
0.458824
0.478431
0.474510
0.478431
0.513725
0.529412
0.517647
0.525490
0.407843
0.274510
0.505882
0.572549
0.498039
0.196078
0.313725
0.541176
0.454902
0.258824
0.392157
0.607843
0.427451
0.372549
0.541176
0.560784
0.615686
0.454902
0.541176
0.670588
0.654902
0.592157
0.635294
0.690196
0.658824
0.615686
0.568627
0.545098
0.580392
0.639216
0.690196
0.705882
0.588235
0.623529
0.803922
0.792157
0.741176
0.529412
0.541176
0.627451
0.447059
0.313725
0.537255
0.741176
0.572549
0.462745
0.717647
0.721569
0.701961
0.631373
0.717647
0.839216
0.898039
0.878431
0.854902
0.831373
0.788235
0.788235
0.796078
0.772549
0.803922
0.866667
0.898039
0.913725
0.843137
0.862745
0.917647
0.901961
0.901961
0.862745
0.866667
0.839216
0.545098
0.545098
0.717647
0.713725
0.647059
0.529412
0.670588
0.733333
0.658824
0.854902
0.901961
0.901961
0.890196
0.866667
0.847059
0.882353
0.878431
0.874510
0.917647
0.929412
0.933333
0.949020
0.952941
0.917647
0.835294
0.807843
0.835294
0.811765
0.811765
0.803922
0.831373
0.803922
0.623529
0.643137
0.607843
0.513725
0.592157
0.560784
0.580392
0.666667
0.756863
