0.305882
0.509804
0.705882
0.529412
0.368627
0.360784
0.372549
0.282353
0.305882
0.364706
0.333333
0.294118
0.501961
0.650980
0.541176
0.564706
0.545098
0.556863
0.525490
0.674510
0.662745
0.509804
0.545098
0.564706
0.552941
0.509804
0.431373
0.423529
0.423529
0.458824
0.470588
0.454902
0.356863
0.607843
0.745098
0.572549
0.490196
0.498039
0.447059
0.368627
0.392157
0.419608
0.345098
0.356863
0.721569
0.690196
0.623529
0.698039
0.658824
0.478431
0.454902
0.678431
0.784314
0.619608
0.588235
0.584314
0.568627
0.541176
0.466667
0.552941
0.690196
0.603922
0.560784
0.603922
0.494118
0.682353
0.725490
0.670588
0.741176
0.701961
0.549020
0.498039
0.478431
0.458824
0.341176
0.337255
0.654902
0.654902
0.639216
0.596078
0.635294
0.541176
0.478431
0.596078
0.686275
0.470588
0.321569
0.313725
0.290196
0.278431
0.200000
0.407843
0.780392
0.670588
0.650980
0.654902
0.607843
0.607843
0.678431
0.654902
0.764706
0.666667
0.513725
0.505882
0.443137
0.400000
0.376471
0.345098
0.521569
0.356863
0.478431
0.478431
0.298039
0.537255
0.596078
0.596078
0.525490
0.203922
0.054902
0.058824
0.094118
0.121569
0.062745
0.325490
0.721569
0.650980
0.494118
0.454902
0.568627
0.576471
0.615686
0.556863
0.639216
0.525490
0.384314
0.447059
0.431373
0.317647
0.533333
0.450980
0.537255
0.337255
0.513725
0.513725
0.364706
0.470588
0.611765
0.631373
0.458824
0.086275
0.129412
0.062745
0.098039
0.133333
0.105882
0.282353
0.490196
0.454902
0.474510
0.498039
0.447059
0.568627
0.600000
0.541176
0.556863
0.447059
0.325490
0.447059
0.584314
0.427451
0.650980
0.450980
0.525490
0.533333
0.662745
0.560784
0.552941
0.537255
0.596078
0.721569
0.521569
0.164706
0.286275
0.172549
0.152941
0.172549
0.149020
0.317647
0.450980
0.349020
0.419608
0.564706
0.435294
0.572549
0.631373
0.568627
0.611765
0.474510
0.329412
0.419608
0.611765
0.654902
0.650980
0.462745
0.552941
0.572549
0.596078
0.627451
0.572549
0.537255
0.654902
0.776471
0.647059
0.345098
0.403922
0.498039
0.403922
0.301961
0.309804
0.552941
0.717647
0.627451
0.498039
0.662745
0.803922
0.792157
0.800000
0.843137
0.831373
0.756863
0.560784
0.584314
0.627451
0.749020
0.690196
0.713725
0.600000
0.454902
0.462745
0.537255
0.517647
0.482353
0.517647
0.564706
0.623529
0.580392
0.505882
0.564706
0.513725
0.454902
0.450980
0.568627
0.607843
0.568627
0.549020
0.643137
0.901961
0.847059
0.843137
0.878431
0.843137
0.803922
0.572549
0.447059
0.611765
0.541176
0.529412
0.701961
0.611765
0.254902
0.215686
0.184314
0.196078
0.156863
0.223529
0.290196
0.309804
0.474510
0.556863
0.607843
0.631373
0.619608
0.611765
0.631373
0.619608
0.615686
0.690196
0.780392
0.862745
0.800000
0.768627
0.776471
0.752941
0.678431
0.396078
0.458824
0.580392
0.317647
0.466667
0.517647
0.654902
0.341176
0.152941
0.117647
0.145098
0.062745
0.247059
0.470588
0.321569
0.223529
0.533333
0.854902
0.870588
0.858824
0.890196
0.878431
0.831373
0.788235
0.847059
0.894118
0.870588
0.800000
0.772549
0.796078
0.588235
0.400000
0.403922
0.529412
0.450980
0.203922
0.407843
0.360784
0.694118
0.505882
0.117647
0.117647
0.101961
0.047059
0.262745
0.647059
0.564706
0.266667
0.376471
0.792157
0.952941
0.909804
0.952941
0.956863
0.945098
0.921569
0.913725
0.925490
0.945098
0.870588
0.839216
0.866667
0.447059
0.254902
0.501961
0.611765
0.407843
0.231373
0.431373
0.258824
0.694118
0.666667
0.125490
0.101961
0.082353
0.047059
0.141176
0.309804
0.309804
0.227451
0.243137
0.349020
0.764706
0.933333
0.941176
0.941176
0.952941
0.952941
0.941176
0.956863
0.925490
0.874510
0.760784
0.709804
0.600000
0.470588
0.603922
0.729412
0.603922
0.486275
0.505882
0.372549
0.776471
0.717647
0.203922
0.058824
0.094118
0.133333
0.180392
0.207843
0.227451
0.266667
0.298039
0.235294
0.454902
0.752941
0.890196
0.945098
0.949020
0.949020
0.933333
0.945098
0.764706
0.756863
0.623529
0.376471
0.650980
0.635294
0.564706
0.607843
0.486275
0.509804
0.529412
0.458824
0.568627
0.423529
0.207843
0.145098
0.188235
0.247059
0.321569
0.364706
0.337255
0.345098
0.313725
0.274510
0.309804
0.345098
0.474510
0.592157
0.694118
0.796078
0.776471
0.776471
0.780392
0.768627
0.560784
0.239216
0.643137
0.694118
0.572549
0.631373
0.568627
0.611765
0.647059
0.494118
0.439216
0.384314
0.188235
0.145098
0.145098
0.137255
0.168627
0.211765
0.188235
0.196078
0.223529
0.239216
0.203922
0.235294
0.278431
0.278431
0.427451
0.584314
0.576471
0.592157
0.780392
0.760784
0.458824
0.160784
0.541176
0.611765
0.505882
0.611765
0.682353
0.611765
0.666667
0.764706
0.678431
0.631373
0.376471
0.215686
0.247059
0.207843
0.239216
0.368627
0.313725
0.305882
0.501961
0.576471
0.435294
0.509804
0.533333
0.345098
0.403922
0.501961
0.521569
0.572549
0.737255
0.733333
0.443137
0.109804
0.313725
0.396078
0.431373
0.494118
0.682353
0.611765
0.349020
0.392157
0.498039
0.556863
0.588235
0.537255
0.537255
0.368627
0.423529
0.533333
0.415686
0.396078
0.545098
0.603922
0.498039
0.505882
0.470588
0.254902
0.258824
0.439216
0.435294
0.486275
0.686275
0.682353
0.447059
0.121569
0.192157
0.227451
0.282353
0.278431
0.376471
0.498039
0.172549
0.078431
0.266667
0.505882
0.505882
0.384314
0.411765
0.290196
0.407843
0.501961
0.360784
0.341176
0.247059
0.415686
0.533333
0.368627
0.192157
0.133333
0.235294
0.400000
0.400000
0.407843
0.568627
0.462745
0.349020
0.207843
0.121569
0.125490
0.196078
0.219608
0.223529
0.227451
0.062745
0.054902
0.223529
0.592157
0.549020
0.219608
0.223529
0.215686
0.329412
0.439216
0.337255
0.270588
0.141176
0.400000
0.619608
0.403922
0.129412
0.098039
0.156863
0.329412
0.435294
0.450980
0.517647
0.466667
0.525490
0.443137
0.145098
0.113725
0.149020
0.164706
0.156863
0.160784
0.054902
0.058824
0.137255
0.301961
0.345098
0.207843
0.184314
0.156863
0.145098
0.211765
0.203922
0.141176
0.105882
0.192157
0.282353
0.200000
0.105882
0.098039
0.121569
0.215686
0.294118
0.376471
0.607843
0.639216
0.658824
0.568627
0.321569
0.156863
0.105882
0.090196
0.050980
0.054902
0.050980
0.078431
0.109804
0.117647
0.149020
0.121569
0.152941
0.145098
0.121569
0.239216
0.270588
0.192157
0.211765
0.180392
0.137255
0.125490
0.149020
0.262745
0.396078
0.254902
0.164706
0.247059
0.729412
0.721569
0.678431
0.643137
0.603922
0.443137
0.243137
0.098039
0.058824
0.043137
0.050980
0.094118
0.101961
0.090196
0.121569
0.101961
0.101961
0.121569
0.164706
0.258824
0.407843
0.450980
0.450980
0.384314
0.172549
0.125490
0.172549
0.376471
0.458824
0.231373
0.184314
0.247059
0.729412
0.698039
0.682353
0.670588
0.639216
0.607843
0.509804
0.298039
0.105882
0.050980
0.054902
0.090196
0.086275
0.043137
0.074510
0.105882
0.098039
0.109804
0.164706
0.270588
0.509804
0.596078
0.517647
0.396078
0.176471
0.133333
0.160784
0.200000
0.184314
0.117647
0.117647
0.141176
0.705882
0.729412
0.725490
0.717647
0.713725
0.694118
0.654902
0.572549
0.329412
0.098039
0.050980
0.090196
0.082353
0.035294
0.043137
0.070588
0.074510
0.098039
0.184314
0.270588
0.345098
0.345098
0.274510
0.192157
0.125490
0.113725
0.129412
0.137255
0.141176
0.156863
0.176471
0.207843
0.698039
0.760784
0.698039
0.678431
0.678431
0.658824
0.627451
0.603922
0.529412
0.317647
0.094118
0.058824
0.070588
0.066667
0.074510
0.094118
0.113725
0.117647
0.149020
0.192157
0.211765
0.188235
0.160784
0.125490
0.152941
0.156863
0.168627
0.164706
0.152941
0.149020
0.145098
0.141176
0.631373
0.721569
0.690196
0.686275
0.658824
0.639216
0.635294
0.627451
0.615686
0.584314
0.400000
0.215686
0.152941
0.145098
0.152941
0.180392
0.196078
0.176471
0.156863
0.156863
0.152941
0.121569
0.094118
0.082353
0.090196
0.090196
0.082353
0.066667
0.062745
0.062745
0.070588
0.082353
0.596078
0.725490
0.729412
0.725490
0.701961
0.690196
0.674510
0.666667
0.662745
0.631373
0.556863
0.407843
0.168627
0.098039
0.098039
0.094118
0.098039
0.105882
0.105882
0.101961
0.101961
0.094118
0.094118
0.101961
0.117647
0.121569
0.133333
0.145098
0.129412
0.145098
0.192157
0.223529
0.560784
0.682353
0.737255
0.701961
0.670588
0.647059
0.631373
0.615686
0.588235
0.564706
0.529412
0.458824
0.243137
0.129412
0.109804
0.101961
0.145098
0.176471
0.196078
0.223529
0.258824
0.258824
0.239216
0.243137
0.262745
0.254902
0.247059
0.243137
0.192157
0.168627
0.188235
0.196078
0.376471
0.611765
0.686275
0.647059
0.650980
0.635294
0.627451
0.623529
0.615686
0.588235
0.552941
0.552941
0.525490
0.482353
0.439216
0.360784
0.341176
0.337255
0.317647
0.278431
0.258824
0.235294
0.203922
0.184314
0.172549
0.176471
0.172549
0.168627
0.164706
0.113725
0.082353
0.090196
0.294118
0.627451
0.694118
0.698039
0.713725
0.709804
0.709804
0.698039
0.686275
0.650980
0.611765
0.592157
0.588235
0.572549
0.545098
0.470588
0.321569
0.247059
0.200000
0.145098
0.133333
0.137255
0.129412
0.113725
0.113725
0.129412
0.133333
0.137255
0.156863
0.121569
0.105882
0.113725
0.325490
0.705882
0.768627
0.725490
0.705882
0.682353
0.670588
0.635294
0.596078
0.576471
0.549020
0.521569
0.490196
0.474510
0.470588
0.450980
0.356863
0.243137
0.156863
0.121569
0.145098
0.188235
0.196078
0.164706
0.149020
0.137255
0.141176
0.156863
0.188235
0.235294
0.278431
0.317647
0.392157
0.658824
0.690196
0.643137
0.627451
0.611765
0.600000
0.572549
0.541176
0.541176
0.529412
0.513725
0.474510
0.478431
0.478431
0.447059
0.400000
0.356863
0.262745
0.172549
0.168627
0.231373
0.294118
0.333333
0.364706
0.360784
0.329412
0.372549
0.427451
0.423529
0.419608
0.407843
0.235294
0.447059
0.686275
0.541176
0.388235
0.384314
0.411765
0.325490
0.349020
0.384314
0.298039
0.247059
0.482353
0.678431
0.619608
0.690196
0.670588
0.709804
0.705882
0.784314
0.650980
0.396078
0.423529
0.443137
0.427451
0.439216
0.458824
0.435294
0.427451
0.470588
0.443137
0.443137
0.282353
0.537255
0.709804
0.556863
0.482353
0.498039
0.454902
0.384314
0.423529
0.447059
0.341176
0.329412
0.678431
0.658824
0.631373
0.756863
0.764706
0.647059
0.647059
0.823529
0.800000
0.501961
0.454902
0.447059
0.419608
0.400000
0.407843
0.462745
0.588235
0.556863
0.498039
0.549020
0.427451
0.611765
0.686275
0.631373
0.725490
0.698039
0.545098
0.501961
0.501961
0.486275
0.337255
0.286275
0.615686
0.619608
0.635294
0.635294
0.705882
0.662745
0.639216
0.717647
0.713725
0.411765
0.250980
0.235294
0.196078
0.176471
0.156863
0.317647
0.662745
0.592157
0.560784
0.572549
0.556863
0.549020
0.639216
0.611765
0.752941
0.666667
0.505882
0.509804
0.462745
0.415686
0.337255
0.231373
0.470588
0.325490
0.470588
0.494118
0.290196
0.568627
0.678431
0.643137
0.529412
0.211765
0.054902
0.054902
0.078431
0.109804
0.101961
0.294118
0.647059
0.580392
0.392157
0.372549
0.545098
0.537255
0.592157
0.517647
0.631373
0.533333
0.376471
0.443137
0.427451
0.309804
0.454902
0.270588
0.419608
0.247059
0.447059
0.447059
0.254902
0.407843
0.619608
0.600000
0.407843
0.094118
0.137255
0.066667
0.101961
0.172549
0.184314
0.270588
0.423529
0.380392
0.380392
0.431373
0.419608
0.529412
0.560784
0.474510
0.513725
0.431373
0.313725
0.431373
0.545098
0.392157
0.564706
0.270588
0.345098
0.368627
0.517647
0.396078
0.372549
0.423529
0.549020
0.643137
0.435294
0.145098
0.274510
0.164706
0.149020
0.192157
0.180392
0.270588
0.345098
0.247059
0.329412
0.501961
0.392157
0.513725
0.560784
0.470588
0.521569
0.427451
0.313725
0.396078
0.552941
0.619608
0.588235
0.341176
0.392157
0.427451
0.454902
0.454902
0.400000
0.423529
0.588235
0.701961
0.564706
0.305882
0.388235
0.490196
0.396078
0.294118
0.278431
0.474510
0.596078
0.521569
0.423529
0.611765
0.764706
0.741176
0.733333
0.760784
0.752941
0.709804
0.541176
0.564706
0.596078
0.741176
0.662745
0.643137
0.529412
0.419608
0.435294
0.478431
0.427451
0.411765
0.478431
0.529412
0.576471
0.541176
0.478431
0.537255
0.486275
0.435294
0.419608
0.521569
0.541176
0.521569
0.525490
0.643137
0.847059
0.788235
0.780392
0.815686
0.788235
0.764706
0.552941
0.435294
0.607843
0.560784
0.529412
0.658824
0.588235
0.270588
0.247059
0.188235
0.180392
0.145098
0.223529
0.301961
0.305882
0.435294
0.521569
0.564706
0.584314
0.584314
0.580392
0.607843
0.600000
0.615686
0.705882
0.811765
0.784314
0.725490
0.698039
0.721569
0.709804
0.647059
0.372549
0.447059
0.592157
0.345098
0.474510
0.486275
0.611765
0.333333
0.168627
0.113725
0.156863
0.086275
0.258824
0.498039
0.345098
0.203922
0.498039
0.807843
0.819608
0.815686
0.858824
0.862745
0.823529
0.788235
0.854902
0.909804
0.776471
0.721569
0.701961
0.745098
0.549020
0.360784
0.368627
0.509804
0.458824
0.227451
0.411765
0.321569
0.627451
0.470588
0.113725
0.101961
0.117647
0.066667
0.247059
0.647059
0.588235
0.274510
0.356863
0.756863
0.909804
0.862745
0.909804
0.913725
0.898039
0.874510
0.874510
0.878431
0.847059
0.792157
0.780392
0.831373
0.415686
0.219608
0.474510
0.596078
0.407843
0.243137
0.423529
0.211765
0.631373
0.639216
0.133333
0.098039
0.098039
0.043137
0.094118
0.274510
0.317647
0.247059
0.239216
0.325490
0.721569
0.878431
0.878431
0.862745
0.866667
0.862745
0.850980
0.850980
0.827451
0.803922
0.737255
0.737255
0.631373
0.478431
0.611765
0.745098
0.623529
0.501961
0.505882
0.349020
0.729412
0.713725
0.247059
0.098039
0.113725
0.141176
0.180392
0.200000
0.223529
0.278431
0.317647
0.262745
0.423529
0.694118
0.850980
0.917647
0.925490
0.898039
0.866667
0.874510
0.647059
0.662745
0.592157
0.380392
0.650980
0.627451
0.549020
0.607843
0.533333
0.545098
0.560784
0.486275
0.560784
0.454902
0.305882
0.254902
0.258824
0.294118
0.372549
0.400000
0.380392
0.411765
0.384314
0.356863
0.364706
0.380392
0.529412
0.654902
0.741176
0.815686
0.784314
0.788235
0.627451
0.639216
0.501961
0.188235
0.592157
0.662745
0.541176
0.607843
0.600000
0.658824
0.701961
0.541176
0.478431
0.454902
0.301961
0.278431
0.290196
0.278431
0.294118
0.329412
0.298039
0.301961
0.317647
0.325490
0.333333
0.352941
0.392157
0.368627
0.458824
0.615686
0.627451
0.643137
0.603922
0.603922
0.372549
0.117647
0.509804
0.592157
0.509804
0.627451
0.678431
0.607843
0.674510
0.776471
0.721569
0.690196
0.450980
0.309804
0.356863
0.298039
0.294118
0.427451
0.372549
0.380392
0.603922
0.639216
0.556863
0.600000
0.603922
0.368627
0.341176
0.462745
0.525490
0.576471
0.564706
0.580392
0.360784
0.098039
0.321569
0.403922
0.474510
0.549020
0.678431
0.588235
0.317647
0.364706
0.501961
0.572549
0.623529
0.619608
0.509804
0.203922
0.219608
0.345098
0.266667
0.384314
0.662745
0.631373
0.556863
0.541176
0.501961
0.247059
0.149020
0.341176
0.372549
0.423529
0.529412
0.545098
0.384314
0.105882
0.192157
0.239216
0.317647
0.329412
0.431373
0.537255
0.176471
0.062745
0.290196
0.533333
0.541176
0.474510
0.364706
0.066667
0.137255
0.266667
0.141176
0.266667
0.415686
0.450980
0.545098
0.431373
0.290196
0.203922
0.207843
0.329412
0.333333
0.341176
0.450980
0.352941
0.282353
0.168627
0.098039
0.109804
0.176471
0.223529
0.286275
0.278431
0.082353
0.054902
0.262745
0.627451
0.588235
0.290196
0.258824
0.184314
0.270588
0.396078
0.274510
0.278431
0.329412
0.482353
0.643137
0.482353
0.243137
0.207843
0.227451
0.329412
0.376471
0.360784
0.423529
0.376471
0.431373
0.380392
0.101961
0.070588
0.098039
0.129412
0.172549
0.188235
0.062745
0.043137
0.141176
0.313725
0.372549
0.254902
0.258824
0.258824
0.258824
0.309804
0.286275
0.250980
0.231373
0.274510
0.329412
0.266667
0.172549
0.168627
0.200000
0.250980
0.235294
0.247059
0.498039
0.529412
0.545098
0.474510
0.250980
0.098039
0.062745
0.070588
0.062745
0.086275
0.066667
0.062745
0.098039
0.117647
0.172549
0.180392
0.219608
0.231373
0.235294
0.341176
0.364706
0.278431
0.262745
0.250980
0.258824
0.262745
0.254902
0.337255
0.458824
0.274510
0.101961
0.117647
0.596078
0.588235
0.545098
0.517647
0.498039
0.368627
0.200000
0.078431
0.062745
0.066667
0.062745
0.078431
0.086275
0.090196
0.152941
0.168627
0.176471
0.219608
0.294118
0.384314
0.517647
0.517647
0.462745
0.462745
0.368627
0.313725
0.309804
0.458824
0.501961
0.235294
0.137255
0.149020
0.596078
0.568627
0.556863
0.537255
0.521569
0.517647
0.450980
0.258824
0.086275
0.054902
0.054902
0.074510
0.074510
0.050980
0.101961
0.156863
0.172549
0.219608
0.305882
0.411765
0.619608
0.639216
0.501961
0.443137
0.329412
0.274510
0.258824
0.250980
0.196078
0.105882
0.082353
0.074510
0.592157
0.623529
0.619608
0.603922
0.603922
0.592157
0.560784
0.490196
0.290196
0.090196
0.050980
0.074510
0.074510
0.039216
0.050980
0.074510
0.105882
0.168627
0.278431
0.364706
0.392157
0.333333
0.258824
0.203922
0.180392
0.164706
0.164706
0.156863
0.149020
0.145098
0.149020
0.172549
0.600000
0.670588
0.611765
0.588235
0.576471
0.545098
0.505882
0.494118
0.474510
0.301961
0.094118
0.054902
0.066667
0.054902
0.050980
0.054902
0.086275
0.121569
0.172549
0.203922
0.196078
0.172549
0.176471
0.133333
0.121569
0.121569
0.145098
0.152941
0.152941
0.141176
0.137255
0.133333
0.541176
0.647059
0.584314
0.568627
0.552941
0.529412
0.517647
0.513725
0.521569
0.521569
0.364706
0.196078
0.129412
0.113725
0.117647
0.137255
0.160784
0.156863
0.141176
0.137255
0.133333
0.117647
0.101961
0.078431
0.070588
0.066667
0.062745
0.058824
0.058824
0.058824
0.070588
0.074510
0.498039
0.643137
0.615686
0.600000
0.588235
0.576471
0.560784
0.552941
0.552941
0.545098
0.501961
0.376471
0.152941
0.086275
0.086275
0.082353
0.074510
0.070588
0.070588
0.070588
0.074510
0.078431
0.078431
0.086275
0.101961
0.105882
0.117647
0.129412
0.113725
0.125490
0.168627
0.188235
0.450980
0.580392
0.623529
0.584314
0.556863
0.533333
0.517647
0.501961
0.482353
0.478431
0.462745
0.407843
0.231373
0.125490
0.105882
0.098039
0.113725
0.129412
0.149020
0.176471
0.215686
0.219608
0.200000
0.203922
0.223529
0.215686
0.207843
0.200000
0.149020
0.133333
0.152941
0.149020
0.254902
0.494118
0.572549
0.533333
0.537255
0.521569
0.513725
0.513725
0.509804
0.494118
0.470588
0.478431
0.462745
0.423529
0.380392
0.301961
0.286275
0.286275
0.266667
0.227451
0.203922
0.172549
0.137255
0.117647
0.105882
0.113725
0.101961
0.098039
0.094118
0.082353
0.074510
0.066667
0.164706
0.494118
0.584314
0.588235
0.600000
0.596078
0.596078
0.588235
0.584314
0.549020
0.509804
0.494118
0.486275
0.470588
0.443137
0.368627
0.254902
0.203922
0.156863
0.101961
0.082353
0.074510
0.062745
0.047059
0.047059
0.062745
0.062745
0.070588
0.094118
0.090196
0.094118
0.086275
0.192157
0.556863
0.662745
0.623529
0.588235
0.568627
0.552941
0.525490
0.501961
0.470588
0.439216
0.411765
0.407843
0.396078
0.388235
0.372549
0.309804
0.211765
0.129412
0.094118
0.109804
0.137255
0.145098
0.113725
0.098039
0.082353
0.090196
0.109804
0.149020
0.180392
0.207843
0.231373
0.250980
0.521569
0.580392
0.525490
0.509804
0.494118
0.482353
0.462745
0.443137
0.435294
0.419608
0.403922
0.396078
0.396078
0.392157
0.372549
0.352941
0.317647
0.223529
0.137255
0.121569
0.156863
0.203922
0.243137
0.278431
0.270588
0.266667
0.294118
0.349020
0.345098
0.329412
0.309804
0.286275
0.309804
0.352941
0.223529
0.156863
0.176471
0.196078
0.160784
0.184314
0.219608
0.294118
0.215686
0.294118
0.364706
0.247059
0.270588
0.243137
0.227451
0.149020
0.294118
0.345098
0.290196
0.368627
0.400000
0.368627
0.321569
0.270588
0.239216
0.266667
0.329412
0.309804
0.282353
0.282353
0.364706
0.388235
0.282353
0.243137
0.266667
0.258824
0.219608
0.258824
0.298039
0.286275
0.235294
0.470588
0.439216
0.364706
0.388235
0.321569
0.145098
0.105882
0.262745
0.372549
0.321569
0.349020
0.376471
0.356863
0.345098
0.294118
0.321569
0.439216
0.403922
0.388235
0.419608
0.380392
0.431373
0.411765
0.411765
0.431373
0.392157
0.333333
0.278431
0.266667
0.341176
0.286275
0.239216
0.423529
0.474510
0.447059
0.333333
0.356863
0.270588
0.203922
0.227451
0.305882
0.243137
0.168627
0.200000
0.172549
0.156863
0.086275
0.215686
0.521569
0.447059
0.470588
0.454902
0.505882
0.396078
0.454902
0.474510
0.435294
0.325490
0.317647
0.274510
0.200000
0.309804
0.309804
0.243137
0.321569
0.227451
0.298039
0.266667
0.121569
0.337255
0.372549
0.305882
0.270588
0.125490
0.035294
0.070588
0.090196
0.082353
0.035294
0.211765
0.513725
0.470588
0.313725
0.227451
0.513725
0.431373
0.490196
0.501961
0.392157
0.250980
0.290196
0.305882
0.278431
0.294118
0.400000
0.239216
0.325490
0.192157
0.266667
0.309804
0.247059
0.262745
0.352941
0.364706
0.290196
0.070588
0.149020
0.094118
0.101961
0.117647
0.117647
0.211765
0.321569
0.325490
0.301961
0.231373
0.376471
0.439216
0.482353
0.466667
0.356863
0.243137
0.278431
0.388235
0.498039
0.388235
0.498039
0.215686
0.235294
0.250980
0.309804
0.247059
0.309804
0.254902
0.309804
0.454902
0.360784
0.145098
0.266667
0.149020
0.129412
0.145098
0.129412
0.223529
0.274510
0.207843
0.239216
0.313725
0.278431
0.388235
0.419608
0.349020
0.380392
0.286275
0.247059
0.376471
0.513725
0.545098
0.537255
0.321569
0.250980
0.231373
0.254902
0.270588
0.223529
0.250980
0.431373
0.556863
0.486275
0.305882
0.333333
0.423529
0.349020
0.250980
0.227451
0.407843
0.513725
0.427451
0.286275
0.427451
0.560784
0.537255
0.517647
0.560784
0.568627
0.556863
0.462745
0.537255
0.549020
0.666667
0.615686
0.631373
0.447059
0.301961
0.329412
0.392157
0.345098
0.341176
0.411765
0.439216
0.494118
0.498039
0.380392
0.423529
0.380392
0.333333
0.309804
0.392157
0.396078
0.341176
0.286275
0.345098
0.635294
0.576471
0.564706
0.592157
0.580392
0.611765
0.474510
0.400000
0.560784
0.509804
0.498039
0.650980
0.529412
0.196078
0.200000
0.176471
0.168627
0.121569
0.180392
0.196078
0.192157
0.352941
0.396078
0.411765
0.419608
0.415686
0.396078
0.403922
0.384314
0.352941
0.372549
0.403922
0.611765
0.564706
0.541176
0.533333
0.537255
0.541176
0.321569
0.415686
0.549020
0.317647
0.470588
0.478431
0.525490
0.243137
0.125490
0.117647
0.149020
0.050980
0.196078
0.356863
0.192157
0.113725
0.376471
0.647059
0.615686
0.588235
0.619608
0.611765
0.560784
0.494118
0.498039
0.478431
0.611765
0.572549
0.560784
0.615686
0.466667
0.333333
0.360784
0.482353
0.423529
0.231373
0.435294
0.317647
0.525490
0.364706
0.066667
0.113725
0.113725
0.043137
0.207843
0.525490
0.439216
0.192157
0.266667
0.607843
0.694118
0.600000
0.643137
0.647059
0.635294
0.600000
0.556863
0.513725
0.643137
0.600000
0.607843
0.733333
0.411765
0.270588
0.509804
0.584314
0.396078
0.262745
0.454902
0.223529
0.517647
0.525490
0.109804
0.156863
0.149020
0.082353
0.121569
0.235294
0.239216
0.203922
0.200000
0.239216
0.541176
0.615686
0.603922
0.592157
0.596078
0.607843
0.584314
0.560784
0.596078
0.537255
0.572549
0.650980
0.619608
0.584314
0.698039
0.768627
0.662745
0.541176
0.545098
0.372549
0.635294
0.662745
0.325490
0.262745
0.270588
0.247059
0.239216
0.223529
0.247059
0.282353
0.333333
0.329412
0.380392
0.552941
0.670588
0.662745
0.588235
0.576471
0.568627
0.560784
0.439216
0.400000
0.462745
0.372549
0.631373
0.619608
0.572549
0.635294
0.549020
0.615686
0.635294
0.525490
0.635294
0.596078
0.490196
0.458824
0.458824
0.458824
0.486275
0.501961
0.505882
0.501961
0.454902
0.509804
0.439216
0.419608
0.549020
0.584314
0.545098
0.501961
0.431373
0.415686
0.462745
0.431373
0.403922
0.250980
0.615686
0.600000
0.509804
0.635294
0.588235
0.619608
0.705882
0.615686
0.603922
0.639216
0.552941
0.576471
0.588235
0.545098
0.533333
0.580392
0.584314
0.556863
0.501961
0.549020
0.525490
0.501961
0.552941
0.486275
0.450980
0.356863
0.239216
0.247059
0.470588
0.439216
0.298039
0.168627
0.600000
0.698039
0.560784
0.588235
0.600000
0.580392
0.670588
0.768627
0.721569
0.760784
0.635294
0.603922
0.658824
0.564706
0.549020
0.698039
0.643137
0.560784
0.690196
0.701961
0.619608
0.682353
0.756863
0.513725
0.349020
0.227451
0.176471
0.215686
0.431373
0.423529
0.282353
0.098039
0.435294
0.650980
0.639216
0.556863
0.658824
0.600000
0.317647
0.341176
0.552941
0.639216
0.682353
0.690196
0.615686
0.313725
0.313725
0.439216
0.376471
0.501961
0.713725
0.592157
0.490196
0.541176
0.627451
0.388235
0.141176
0.141176
0.105882
0.141176
0.384314
0.384314
0.282353
0.109804
0.266667
0.400000
0.513725
0.525490
0.603922
0.607843
0.196078
0.098039
0.396078
0.627451
0.611765
0.556863
0.470588
0.160784
0.196078
0.294118
0.211765
0.474510
0.611765
0.498039
0.521569
0.494118
0.517647
0.466667
0.305882
0.207843
0.137255
0.133333
0.305882
0.215686
0.176471
0.156863
0.109804
0.141176
0.298039
0.423529
0.505882
0.462745
0.184314
0.078431
0.301961
0.725490
0.752941
0.501961
0.478431
0.400000
0.482353
0.588235
0.474510
0.545098
0.572549
0.552941
0.615686
0.603922
0.537255
0.533333
0.431373
0.333333
0.270588
0.211765
0.294118
0.270588
0.341176
0.325490
0.074510
0.066667
0.125490
0.207843
0.313725
0.317647
0.133333
0.054902
0.184314
0.478431
0.639216
0.541176
0.517647
0.529412
0.552941
0.600000
0.576471
0.564706
0.529412
0.509804
0.521569
0.525490
0.521569
0.529412
0.482353
0.345098
0.176471
0.113725
0.388235
0.431373
0.458824
0.415686
0.215686
0.082353
0.070588
0.082353
0.082353
0.109804
0.070588
0.054902
0.176471
0.341176
0.521569
0.568627
0.545098
0.513725
0.498039
0.552941
0.584314
0.564706
0.533333
0.537255
0.588235
0.600000
0.607843
0.647059
0.662745
0.368627
0.113725
0.062745
0.509804
0.509804
0.466667
0.458824
0.458824
0.345098
0.192157
0.062745
0.027451
0.066667
0.074510
0.090196
0.149020
0.274510
0.466667
0.552941
0.564706
0.576471
0.592157
0.592157
0.658824
0.619608
0.533333
0.596078
0.623529
0.627451
0.607843
0.666667
0.588235
0.258824
0.125490
0.101961
0.525490
0.494118
0.474510
0.466667
0.466667
0.478431
0.427451
0.235294
0.070588
0.082353
0.117647
0.125490
0.098039
0.133333
0.286275
0.407843
0.521569
0.607843
0.623529
0.635294
0.725490
0.623529
0.513725
0.584314
0.615686
0.580392
0.509804
0.419608
0.266667
0.113725
0.066667
0.050980
0.533333
0.545098
0.525490
0.517647
0.533333
0.541176
0.533333
0.474510
0.278431
0.125490
0.109804
0.125490
0.090196
0.062745
0.117647
0.184314
0.294118
0.400000
0.470588
0.490196
0.486275
0.439216
0.349020
0.309804
0.298039
0.239216
0.196078
0.145098
0.101961
0.078431
0.090196
0.121569
0.533333
0.588235
0.509804
0.486275
0.494118
0.490196
0.478431
0.466667
0.439216
0.298039
0.098039
0.054902
0.086275
0.070588
0.062745
0.078431
0.101961
0.133333
0.180392
0.184314
0.172549
0.184314
0.196078
0.121569
0.070588
0.074510
0.090196
0.094118
0.105882
0.066667
0.054902
0.070588
0.427451
0.533333
0.478431
0.486275
0.486275
0.470588
0.470588
0.466667
0.462745
0.470588
0.321569
0.152941
0.098039
0.086275
0.082353
0.105882
0.141176
0.141176
0.129412
0.121569
0.109804
0.098039
0.098039
0.078431
0.066667
0.074510
0.066667
0.050980
0.050980
0.043137
0.050980
0.062745
0.396078
0.541176
0.525490
0.533333
0.533333
0.521569
0.505882
0.498039
0.490196
0.486275
0.447059
0.325490
0.125490
0.066667
0.066667
0.058824
0.050980
0.050980
0.050980
0.047059
0.050980
0.043137
0.043137
0.054902
0.070588
0.070588
0.082353
0.094118
0.074510
0.078431
0.109804
0.125490
0.392157
0.521569
0.560784
0.525490
0.501961
0.478431
0.462745
0.443137
0.415686
0.419608
0.411765
0.368627
0.211765
0.113725
0.090196
0.082353
0.078431
0.074510
0.094118
0.121569
0.160784
0.156863
0.141176
0.145098
0.160784
0.152941
0.152941
0.156863
0.117647
0.082353
0.086275
0.078431
0.239216
0.458824
0.525490
0.482353
0.482353
0.466667
0.458824
0.454902
0.443137
0.439216
0.423529
0.439216
0.419608
0.376471
0.333333
0.254902
0.227451
0.219608
0.200000
0.160784
0.152941
0.152941
0.117647
0.098039
0.090196
0.105882
0.101961
0.109804
0.113725
0.098039
0.082353
0.066667
0.160784
0.466667
0.533333
0.529412
0.545098
0.541176
0.541176
0.529412
0.517647
0.498039
0.470588
0.458824
0.427451
0.400000
0.376471
0.298039
0.200000
0.156863
0.109804
0.050980
0.054902
0.094118
0.086275
0.070588
0.074510
0.105882
0.105882
0.101961
0.109804
0.117647
0.121569
0.105882
0.188235
0.525490
0.588235
0.552941
0.537255
0.513725
0.501961
0.470588
0.435294
0.419608
0.403922
0.384314
0.364706
0.352941
0.345098
0.329412
0.282353
0.200000
0.113725
0.082353
0.098039
0.137255
0.141176
0.109804
0.101961
0.113725
0.105882
0.082353
0.082353
0.105882
0.125490
0.145098
0.243137
0.482353
0.525490
0.482353
0.474510
0.458824
0.447059
0.423529
0.400000
0.400000
0.392157
0.384314
0.376471
0.376471
0.372549
0.352941
0.329412
0.305882
0.211765
0.117647
0.086275
0.105882
0.125490
0.145098
0.180392
0.192157
0.207843
0.203922
0.215686
0.223529
0.223529
0.203922
