0.635294
0.635294
0.650980
0.662745
0.670588
0.678431
0.682353
0.686275
0.686275
0.690196
0.690196
0.690196
0.690196
0.694118
0.694118
0.694118
0.694118
0.694118
0.694118
0.694118
0.694118
0.694118
0.701961
0.701961
0.701961
0.701961
0.701961
0.705882
0.701961
0.698039
0.698039
0.690196
0.639216
0.639216
0.654902
0.666667
0.670588
0.678431
0.682353
0.686275
0.690196
0.694118
0.694118
0.694118
0.694118
0.694118
0.694118
0.694118
0.694118
0.698039
0.698039
0.698039
0.698039
0.698039
0.701961
0.701961
0.701961
0.701961
0.705882
0.705882
0.701961
0.698039
0.698039
0.686275
0.647059
0.647059
0.658824
0.670588
0.678431
0.686275
0.690196
0.690196
0.690196
0.694118
0.698039
0.698039
0.698039
0.701961
0.701961
0.698039
0.698039
0.701961
0.701961
0.701961
0.705882
0.705882
0.705882
0.705882
0.705882
0.705882
0.705882
0.701961
0.698039
0.698039
0.698039
0.686275
0.647059
0.647059
0.658824
0.670588
0.678431
0.682353
0.686275
0.686275
0.686275
0.690196
0.694118
0.694118
0.694118
0.698039
0.698039
0.698039
0.698039
0.698039
0.698039
0.698039
0.701961
0.701961
0.705882
0.705882
0.705882
0.705882
0.705882
0.701961
0.698039
0.698039
0.698039
0.686275
0.650980
0.650980
0.658824
0.666667
0.670588
0.678431
0.682353
0.682353
0.682353
0.686275
0.690196
0.694118
0.694118
0.694118
0.694118
0.698039
0.698039
0.694118
0.694118
0.694118
0.698039
0.698039
0.701961
0.701961
0.701961
0.701961
0.701961
0.698039
0.694118
0.694118
0.694118
0.686275
0.650980
0.650980
0.662745
0.666667
0.666667
0.674510
0.674510
0.678431
0.682353
0.682353
0.690196
0.694118
0.694118
0.694118
0.694118
0.698039
0.698039
0.694118
0.694118
0.694118
0.694118
0.694118
0.690196
0.690196
0.694118
0.694118
0.690196
0.686275
0.686275
0.682353
0.682353
0.682353
0.643137
0.643137
0.654902
0.662745
0.666667
0.670588
0.674510
0.678431
0.682353
0.682353
0.682353
0.678431
0.678431
0.682353
0.682353
0.686275
0.686275
0.690196
0.690196
0.690196
0.690196
0.690196
0.694118
0.694118
0.690196
0.690196
0.690196
0.690196
0.686275
0.686275
0.686275
0.682353
0.639216
0.643137
0.650980
0.662745
0.670588
0.674510
0.674510
0.678431
0.686275
0.682353
0.682353
0.678431
0.678431
0.678431
0.678431
0.682353
0.682353
0.686275
0.694118
0.694118
0.694118
0.698039
0.698039
0.698039
0.694118
0.694118
0.694118
0.694118
0.690196
0.690196
0.690196
0.682353
0.658824
0.658824
0.666667
0.674510
0.682353
0.690196
0.690196
0.690196
0.694118
0.698039
0.701961
0.705882
0.701961
0.690196
0.694118
0.694118
0.694118
0.698039
0.705882
0.701961
0.701961
0.705882
0.705882
0.705882
0.709804
0.709804
0.705882
0.701961
0.698039
0.698039
0.698039
0.690196
0.721569
0.717647
0.725490
0.733333
0.729412
0.725490
0.729412
0.725490
0.725490
0.737255
0.717647
0.694118
0.725490
0.721569
0.592157
0.525490
0.721569
0.741176
0.737255
0.737255
0.737255
0.737255
0.741176
0.705882
0.705882
0.701961
0.701961
0.705882
0.717647
0.725490
0.725490
0.721569
0.768627
0.764706
0.752941
0.756863
0.756863
0.752941
0.768627
0.772549
0.764706
0.768627
0.654902
0.678431
0.749020
0.701961
0.388235
0.478431
0.788235
0.784314
0.780392
0.800000
0.811765
0.800000
0.811765
0.784314
0.788235
0.772549
0.768627
0.764706
0.780392
0.792157
0.803922
0.811765
0.835294
0.815686
0.807843
0.792157
0.768627
0.800000
0.811765
0.788235
0.737255
0.760784
0.564706
0.537255
0.619608
0.486275
0.337255
0.721569
0.882353
0.854902
0.835294
0.843137
0.850980
0.850980
0.835294
0.811765
0.796078
0.729412
0.796078
0.854902
0.843137
0.807843
0.831373
0.862745
0.882353
0.819608
0.843137
0.850980
0.819608
0.839216
0.819608
0.815686
0.764706
0.678431
0.533333
0.513725
0.447059
0.305882
0.215686
0.513725
0.635294
0.509804
0.568627
0.768627
0.870588
0.878431
0.819608
0.756863
0.737255
0.698039
0.752941
0.811765
0.768627
0.745098
0.776471
0.850980
0.831373
0.811765
0.819608
0.792157
0.807843
0.827451
0.792157
0.823529
0.858824
0.819608
0.749020
0.662745
0.396078
0.168627
0.086275
0.149020
0.152941
0.125490
0.141176
0.364706
0.650980
0.698039
0.466667
0.372549
0.443137
0.737255
0.843137
0.792157
0.749020
0.768627
0.772549
0.815686
0.823529
0.800000
0.760784
0.643137
0.745098
0.819608
0.768627
0.807843
0.831373
0.850980
0.713725
0.470588
0.301961
0.266667
0.219608
0.231373
0.219608
0.192157
0.188235
0.184314
0.196078
0.219608
0.109804
0.066667
0.074510
0.317647
0.788235
0.858824
0.823529
0.823529
0.807843
0.815686
0.843137
0.792157
0.776471
0.760784
0.772549
0.839216
0.819608
0.792157
0.800000
0.760784
0.478431
0.333333
0.274510
0.266667
0.258824
0.286275
0.254902
0.262745
0.254902
0.207843
0.180392
0.152941
0.121569
0.113725
0.082353
0.101961
0.533333
0.772549
0.749020
0.772549
0.803922
0.874510
0.843137
0.737255
0.725490
0.800000
0.807843
0.776471
0.803922
0.811765
0.807843
0.678431
0.298039
0.211765
0.262745
0.223529
0.235294
0.262745
0.207843
0.239216
0.235294
0.196078
0.172549
0.145098
0.105882
0.117647
0.113725
0.090196
0.364706
0.623529
0.635294
0.741176
0.847059
0.874510
0.874510
0.807843
0.776471
0.796078
0.858824
0.862745
0.749020
0.764706
0.796078
0.647059
0.254902
0.113725
0.137255
0.137255
0.192157
0.200000
0.164706
0.196078
0.172549
0.156863
0.109804
0.074510
0.058824
0.078431
0.070588
0.043137
0.423529
0.682353
0.564706
0.764706
0.803922
0.780392
0.839216
0.803922
0.776471
0.792157
0.835294
0.878431
0.800000
0.666667
0.674510
0.623529
0.372549
0.360784
0.211765
0.309804
0.219608
0.160784
0.149020
0.172549
0.172549
0.121569
0.050980
0.027451
0.023529
0.035294
0.035294
0.047059
0.580392
0.882353
0.819608
0.850980
0.843137
0.815686
0.768627
0.737255
0.756863
0.721569
0.639216
0.780392
0.874510
0.815686
0.776471
0.713725
0.733333
0.623529
0.352941
0.600000
0.478431
0.172549
0.149020
0.176471
0.180392
0.098039
0.058824
0.015686
0.003922
0.019608
0.039216
0.105882
0.631373
0.862745
0.831373
0.811765
0.839216
0.823529
0.756863
0.721569
0.780392
0.721569
0.549020
0.737255
0.866667
0.882353
0.878431
0.745098
0.745098
0.650980
0.529412
0.776471
0.764706
0.294118
0.168627
0.203922
0.164706
0.098039
0.082353
0.023529
0.007843
0.031373
0.050980
0.172549
0.733333
0.764706
0.788235
0.784314
0.745098
0.839216
0.772549
0.784314
0.811765
0.780392
0.752941
0.811765
0.835294
0.862745
0.847059
0.792157
0.772549
0.784314
0.796078
0.870588
0.870588
0.454902
0.176471
0.172549
0.133333
0.121569
0.078431
0.011765
0.000000
0.043137
0.043137
0.211765
0.682353
0.705882
0.807843
0.807843
0.823529
0.901961
0.850980
0.862745
0.874510
0.854902
0.866667
0.921569
0.921569
0.937255
0.890196
0.866667
0.870588
0.862745
0.847059
0.839216
0.819608
0.627451
0.219608
0.172549
0.188235
0.168627
0.090196
0.058824
0.078431
0.152941
0.054902
0.317647
0.756863
0.705882
0.756863
0.768627
0.831373
0.866667
0.917647
0.901961
0.850980
0.862745
0.815686
0.850980
0.898039
0.913725
0.882353
0.870588
0.898039
0.898039
0.898039
0.815686
0.843137
0.815686
0.309804
0.262745
0.666667
0.431373
0.121569
0.376471
0.635294
0.384314
0.117647
0.494118
0.882353
0.815686
0.768627
0.745098
0.823529
0.843137
0.870588
0.874510
0.827451
0.843137
0.858824
0.835294
0.847059
0.854902
0.792157
0.776471
0.839216
0.878431
0.886275
0.870588
0.858824
0.878431
0.505882
0.345098
0.796078
0.572549
0.223529
0.572549
0.894118
0.643137
0.333333
0.623529
0.890196
0.854902
0.843137
0.784314
0.823529
0.784314
0.741176
0.803922
0.823529
0.819608
0.823529
0.784314
0.792157
0.733333
0.647059
0.623529
0.709804
0.768627
0.764706
0.737255
0.796078
0.831373
0.584314
0.482353
0.713725
0.572549
0.431373
0.674510
0.768627
0.878431
0.784314
0.705882
0.815686
0.835294
0.843137
0.796078
0.780392
0.768627
0.760784
0.811765
0.788235
0.792157
0.788235
0.713725
0.709804
0.643137
0.556863
0.568627
0.568627
0.631373
0.560784
0.541176
0.760784
0.784314
0.615686
0.560784
0.674510
0.717647
0.741176
0.713725
0.772549
0.905882
0.952941
0.780392
0.717647
0.835294
0.847059
0.768627
0.713725
0.756863
0.839216
0.819608
0.737255
0.717647
0.705882
0.647059
0.568627
0.584314
0.611765
0.619608
0.525490
0.521569
0.415686
0.474510
0.788235
0.827451
0.733333
0.694118
0.792157
0.827451
0.850980
0.819608
0.819608
0.764706
0.784314
0.694118
0.631373
0.827451
0.827451
0.760784
0.686275
0.643137
0.862745
0.811765
0.733333
0.678431
0.650980
0.564706
0.509804
0.611765
0.690196
0.698039
0.603922
0.537255
0.356863
0.415686
0.756863
0.800000
0.827451
0.839216
0.788235
0.741176
0.784314
0.854902
0.776471
0.619608
0.627451
0.619608
0.694118
0.847059
0.733333
0.713725
0.654902
0.596078
0.901961
0.894118
0.815686
0.690196
0.662745
0.615686
0.513725
0.698039
0.686275
0.709804
0.690196
0.631373
0.486275
0.533333
0.705882
0.780392
0.827451
0.850980
0.780392
0.725490
0.792157
0.827451
0.764706
0.643137
0.670588
0.694118
0.780392
0.843137
0.729412
0.670588
0.580392
0.517647
0.941176
0.929412
0.882353
0.713725
0.596078
0.650980
0.556863
0.541176
0.596078
0.643137
0.619608
0.537255
0.576471
0.764706
0.819608
0.811765
0.819608
0.835294
0.839216
0.839216
0.870588
0.898039
0.862745
0.843137
0.780392
0.662745
0.654902
0.913725
0.882353
0.572549
0.403922
0.392157
0.878431
0.882353
0.858824
0.780392
0.682353
0.666667
0.611765
0.560784
0.596078
0.631373
0.631373
0.639216
0.717647
0.815686
0.839216
0.847059
0.858824
0.870588
0.874510
0.870588
0.898039
0.956863
0.913725
0.886275
0.803922
0.752941
0.737255
0.964706
0.901961
0.521569
0.368627
0.368627
0.658824
0.658824
0.674510
0.686275
0.698039
0.705882
0.709804
0.713725
0.713725
0.717647
0.717647
0.717647
0.717647
0.721569
0.721569
0.721569
0.721569
0.721569
0.721569
0.721569
0.721569
0.721569
0.717647
0.717647
0.717647
0.717647
0.717647
0.721569
0.717647
0.713725
0.713725
0.717647
0.662745
0.662745
0.678431
0.690196
0.698039
0.705882
0.709804
0.713725
0.717647
0.721569
0.721569
0.721569
0.721569
0.721569
0.721569
0.721569
0.721569
0.725490
0.725490
0.725490
0.725490
0.725490
0.717647
0.717647
0.717647
0.717647
0.717647
0.721569
0.717647
0.713725
0.713725
0.713725
0.670588
0.670588
0.682353
0.694118
0.705882
0.713725
0.717647
0.717647
0.717647
0.721569
0.725490
0.725490
0.725490
0.729412
0.729412
0.725490
0.725490
0.729412
0.729412
0.729412
0.733333
0.729412
0.721569
0.721569
0.721569
0.721569
0.721569
0.717647
0.713725
0.713725
0.713725
0.713725
0.670588
0.670588
0.682353
0.694118
0.705882
0.709804
0.713725
0.713725
0.713725
0.717647
0.721569
0.721569
0.721569
0.725490
0.725490
0.725490
0.725490
0.725490
0.725490
0.725490
0.729412
0.725490
0.721569
0.721569
0.721569
0.721569
0.721569
0.717647
0.713725
0.713725
0.713725
0.713725
0.670588
0.670588
0.682353
0.694118
0.701961
0.705882
0.709804
0.709804
0.709804
0.713725
0.717647
0.717647
0.717647
0.721569
0.721569
0.721569
0.725490
0.725490
0.721569
0.725490
0.725490
0.725490
0.721569
0.721569
0.721569
0.725490
0.721569
0.717647
0.713725
0.713725
0.713725
0.713725
0.674510
0.674510
0.682353
0.694118
0.701961
0.705882
0.709804
0.713725
0.713725
0.713725
0.713725
0.713725
0.713725
0.713725
0.717647
0.717647
0.721569
0.725490
0.729412
0.729412
0.729412
0.729412
0.725490
0.725490
0.725490
0.729412
0.721569
0.721569
0.717647
0.717647
0.717647
0.717647
0.678431
0.678431
0.686275
0.694118
0.694118
0.698039
0.701961
0.705882
0.709804
0.709804
0.713725
0.717647
0.717647
0.713725
0.713725
0.717647
0.717647
0.717647
0.717647
0.717647
0.717647
0.717647
0.721569
0.721569
0.721569
0.721569
0.717647
0.717647
0.713725
0.713725
0.713725
0.709804
0.678431
0.678431
0.690196
0.694118
0.690196
0.694118
0.694118
0.698039
0.701961
0.701961
0.705882
0.713725
0.713725
0.713725
0.713725
0.721569
0.717647
0.713725
0.713725
0.713725
0.713725
0.717647
0.717647
0.717647
0.717647
0.717647
0.713725
0.713725
0.709804
0.709804
0.709804
0.701961
0.682353
0.686275
0.690196
0.694118
0.698039
0.701961
0.701961
0.701961
0.709804
0.709804
0.709804
0.705882
0.705882
0.713725
0.717647
0.717647
0.717647
0.713725
0.721569
0.717647
0.713725
0.717647
0.717647
0.721569
0.721569
0.725490
0.717647
0.717647
0.713725
0.709804
0.709804
0.701961
0.729412
0.721569
0.733333
0.745098
0.745098
0.741176
0.745098
0.741176
0.745098
0.749020
0.709804
0.662745
0.701961
0.729412
0.600000
0.533333
0.725490
0.756863
0.752941
0.749020
0.749020
0.752941
0.752941
0.717647
0.717647
0.713725
0.717647
0.721569
0.733333
0.741176
0.737255
0.737255
0.760784
0.756863
0.745098
0.756863
0.764706
0.756863
0.772549
0.776471
0.772549
0.768627
0.631373
0.627451
0.705882
0.694118
0.384314
0.474510
0.780392
0.788235
0.792157
0.800000
0.803922
0.788235
0.796078
0.776471
0.788235
0.776471
0.772549
0.768627
0.784314
0.800000
0.807843
0.811765
0.819608
0.800000
0.792157
0.776471
0.760784
0.792157
0.803922
0.780392
0.725490
0.741176
0.529412
0.482353
0.572549
0.466667
0.325490
0.717647
0.866667
0.850980
0.839216
0.831373
0.827451
0.815686
0.800000
0.792157
0.788235
0.729412
0.792157
0.847059
0.835294
0.800000
0.823529
0.847059
0.866667
0.803922
0.827451
0.839216
0.811765
0.831373
0.811765
0.803922
0.752941
0.658824
0.505882
0.470588
0.407843
0.290196
0.207843
0.513725
0.619608
0.501961
0.564706
0.760784
0.854902
0.862745
0.807843
0.752941
0.741176
0.705882
0.752941
0.803922
0.760784
0.737255
0.768627
0.835294
0.815686
0.796078
0.803922
0.780392
0.800000
0.819608
0.784314
0.815686
0.843137
0.800000
0.721569
0.631373
0.368627
0.152941
0.086275
0.152941
0.137255
0.109804
0.137255
0.360784
0.647059
0.701961
0.466667
0.376471
0.443137
0.741176
0.839216
0.784314
0.741176
0.760784
0.764706
0.800000
0.807843
0.784314
0.745098
0.631373
0.737255
0.811765
0.760784
0.800000
0.815686
0.827451
0.694118
0.447059
0.286275
0.258824
0.227451
0.247059
0.211765
0.180392
0.184314
0.184314
0.200000
0.231373
0.125490
0.074510
0.074510
0.313725
0.780392
0.850980
0.815686
0.815686
0.800000
0.803922
0.827451
0.776471
0.764706
0.749020
0.764706
0.831373
0.815686
0.784314
0.780392
0.741176
0.466667
0.325490
0.266667
0.258824
0.270588
0.301961
0.250980
0.247059
0.250980
0.207843
0.192157
0.168627
0.149020
0.133333
0.090196
0.105882
0.529412
0.764706
0.741176
0.768627
0.796078
0.862745
0.827451
0.725490
0.717647
0.792157
0.800000
0.772549
0.803922
0.815686
0.792157
0.658824
0.286275
0.207843
0.258824
0.211765
0.231373
0.258824
0.196078
0.227451
0.227451
0.200000
0.184314
0.164706
0.129412
0.141176
0.133333
0.105882
0.364706
0.615686
0.635294
0.737255
0.839216
0.854902
0.858824
0.796078
0.772549
0.792157
0.858824
0.858824
0.749020
0.764706
0.780392
0.627451
0.243137
0.105882
0.125490
0.121569
0.176471
0.184314
0.149020
0.180392
0.160784
0.156863
0.117647
0.090196
0.082353
0.098039
0.090196
0.062745
0.427451
0.678431
0.564706
0.764706
0.800000
0.768627
0.823529
0.792157
0.772549
0.792157
0.839216
0.874510
0.792157
0.654902
0.658824
0.603922
0.356863
0.352941
0.200000
0.290196
0.200000
0.145098
0.129412
0.152941
0.156863
0.117647
0.054902
0.039216
0.039216
0.050980
0.050980
0.062745
0.580392
0.878431
0.819608
0.850980
0.843137
0.819608
0.749020
0.729412
0.752941
0.725490
0.647059
0.780392
0.858824
0.796078
0.752941
0.694118
0.717647
0.615686
0.337255
0.576471
0.454902
0.149020
0.125490
0.152941
0.156863
0.090196
0.054902
0.023529
0.011765
0.027451
0.050980
0.113725
0.635294
0.862745
0.835294
0.811765
0.835294
0.827451
0.737255
0.713725
0.780392
0.729412
0.560784
0.741176
0.854902
0.854902
0.850980
0.725490
0.729412
0.647059
0.521569
0.749020
0.737255
0.262745
0.141176
0.172549
0.137255
0.078431
0.078431
0.027451
0.011765
0.035294
0.058824
0.176471
0.733333
0.768627
0.792157
0.784314
0.741176
0.831373
0.749020
0.772549
0.803922
0.780392
0.764706
0.815686
0.819608
0.839216
0.827451
0.776471
0.764706
0.788235
0.788235
0.843137
0.843137
0.431373
0.145098
0.137255
0.105882
0.105882
0.074510
0.011765
0.000000
0.039216
0.043137
0.219608
0.686275
0.709804
0.807843
0.803922
0.811765
0.878431
0.827451
0.839216
0.850980
0.839216
0.866667
0.909804
0.898039
0.905882
0.878431
0.862745
0.866667
0.858824
0.835294
0.815686
0.807843
0.611765
0.192157
0.141176
0.164706
0.152941
0.086275
0.062745
0.074510
0.137255
0.047059
0.329412
0.768627
0.701961
0.749020
0.756863
0.815686
0.839216
0.901961
0.882353
0.835294
0.850980
0.807843
0.839216
0.874510
0.886275
0.866667
0.862745
0.886275
0.886275
0.882353
0.796078
0.839216
0.803922
0.282353
0.231373
0.647059
0.419608
0.113725
0.376471
0.627451
0.360784
0.101961
0.498039
0.890196
0.807843
0.756863
0.729412
0.803922
0.819608
0.854902
0.858824
0.811765
0.827451
0.843137
0.819608
0.831373
0.835294
0.776471
0.760784
0.823529
0.862745
0.870588
0.858824
0.854902
0.862745
0.470588
0.317647
0.784314
0.560784
0.211765
0.560784
0.882353
0.619608
0.313725
0.623529
0.886275
0.843137
0.827451
0.760784
0.792157
0.760784
0.729412
0.792157
0.815686
0.803922
0.796078
0.760784
0.776471
0.721569
0.639216
0.619608
0.701961
0.760784
0.752941
0.733333
0.796078
0.811765
0.537255
0.458824
0.709804
0.560784
0.415686
0.654902
0.749020
0.850980
0.764706
0.701961
0.811765
0.823529
0.819608
0.764706
0.749020
0.741176
0.752941
0.811765
0.792157
0.780392
0.752941
0.686275
0.698039
0.635294
0.560784
0.576471
0.576471
0.635294
0.560784
0.541176
0.760784
0.760784
0.560784
0.541176
0.682353
0.709804
0.721569
0.690196
0.749020
0.874510
0.929412
0.772549
0.709804
0.815686
0.819608
0.733333
0.682353
0.741176
0.835294
0.815686
0.737255
0.709804
0.694118
0.639216
0.568627
0.592157
0.615686
0.623529
0.537255
0.541176
0.431373
0.478431
0.792157
0.815686
0.701961
0.678431
0.800000
0.827451
0.843137
0.796078
0.792157
0.733333
0.756863
0.674510
0.607843
0.796078
0.800000
0.729412
0.662745
0.639216
0.850980
0.803922
0.729412
0.674510
0.639216
0.556863
0.505882
0.615686
0.674510
0.678431
0.603922
0.552941
0.372549
0.419608
0.764706
0.803922
0.823529
0.827451
0.792157
0.752941
0.780392
0.827451
0.745098
0.588235
0.596078
0.584314
0.654902
0.811765
0.705882
0.698039
0.643137
0.588235
0.886275
0.890196
0.819608
0.690196
0.647059
0.603922
0.509804
0.698039
0.670588
0.694118
0.686275
0.639216
0.501961
0.537255
0.713725
0.784314
0.819608
0.835294
0.784314
0.729412
0.784314
0.800000
0.733333
0.615686
0.639216
0.662745
0.749020
0.811765
0.709804
0.654902
0.564706
0.505882
0.925490
0.925490
0.886275
0.725490
0.611765
0.670588
0.584314
0.576471
0.623529
0.674510
0.654902
0.580392
0.611765
0.772549
0.823529
0.815686
0.811765
0.827451
0.847059
0.850980
0.870588
0.878431
0.843137
0.827451
0.756863
0.643137
0.631373
0.894118
0.866667
0.556863
0.392157
0.411765
0.874510
0.878431
0.843137
0.772549
0.705882
0.698039
0.650980
0.603922
0.643137
0.678431
0.674510
0.682353
0.752941
0.827451
0.843137
0.847059
0.854902
0.862745
0.882353
0.882353
0.898039
0.937255
0.901961
0.874510
0.792157
0.737255
0.717647
0.952941
0.890196
0.509804
0.364706
0.400000
0.705882
0.705882
0.721569
0.729412
0.737255
0.745098
0.749020
0.752941
0.752941
0.756863
0.756863
0.756863
0.756863
0.760784
0.760784
0.760784
0.760784
0.760784
0.760784
0.760784
0.760784
0.760784
0.760784
0.760784
0.760784
0.760784
0.760784
0.764706
0.760784
0.756863
0.756863
0.756863
0.709804
0.709804
0.725490
0.733333
0.737255
0.745098
0.749020
0.752941
0.756863
0.760784
0.760784
0.760784
0.760784
0.760784
0.760784
0.760784
0.760784
0.764706
0.764706
0.764706
0.764706
0.764706
0.760784
0.760784
0.760784
0.760784
0.760784
0.764706
0.760784
0.756863
0.756863
0.752941
0.717647
0.717647
0.729412
0.737255
0.745098
0.752941
0.756863
0.756863
0.756863
0.760784
0.764706
0.764706
0.764706
0.768627
0.768627
0.764706
0.764706
0.768627
0.768627
0.768627
0.772549
0.768627
0.764706
0.764706
0.764706
0.764706
0.764706
0.760784
0.756863
0.756863
0.756863
0.752941
0.721569
0.717647
0.729412
0.737255
0.745098
0.749020
0.752941
0.752941
0.752941
0.756863
0.760784
0.760784
0.760784
0.764706
0.764706
0.764706
0.764706
0.764706
0.764706
0.764706
0.768627
0.768627
0.764706
0.764706
0.764706
0.764706
0.764706
0.760784
0.756863
0.756863
0.756863
0.752941
0.717647
0.717647
0.729412
0.737255
0.741176
0.745098
0.749020
0.749020
0.752941
0.756863
0.756863
0.756863
0.756863
0.760784
0.760784
0.764706
0.764706
0.760784
0.760784
0.764706
0.764706
0.764706
0.760784
0.760784
0.760784
0.760784
0.760784
0.760784
0.756863
0.756863
0.756863
0.752941
0.717647
0.713725
0.725490
0.733333
0.737255
0.745098
0.745098
0.749020
0.752941
0.752941
0.752941
0.752941
0.752941
0.756863
0.756863
0.760784
0.760784
0.760784
0.764706
0.764706
0.764706
0.760784
0.752941
0.752941
0.752941
0.752941
0.756863
0.756863
0.756863
0.752941
0.752941
0.752941
0.717647
0.717647
0.729412
0.733333
0.737255
0.741176
0.745098
0.749020
0.733333
0.729412
0.737255
0.741176
0.745098
0.752941
0.756863
0.756863
0.756863
0.760784
0.760784
0.760784
0.760784
0.760784
0.760784
0.760784
0.756863
0.756863
0.760784
0.760784
0.756863
0.756863
0.756863
0.752941
0.717647
0.717647
0.729412
0.733333
0.737255
0.741176
0.741176
0.745098
0.741176
0.741176
0.749020
0.756863
0.756863
0.752941
0.752941
0.756863
0.756863
0.756863
0.760784
0.760784
0.760784
0.760784
0.760784
0.764706
0.760784
0.760784
0.760784
0.760784
0.756863
0.756863
0.752941
0.749020
0.709804
0.713725
0.717647
0.725490
0.729412
0.733333
0.733333
0.733333
0.756863
0.764706
0.760784
0.752941
0.749020
0.741176
0.745098
0.745098
0.745098
0.745098
0.752941
0.749020
0.745098
0.749020
0.752941
0.752941
0.756863
0.756863
0.749020
0.749020
0.745098
0.741176
0.741176
0.733333
0.733333
0.729412
0.737255
0.749020
0.749020
0.745098
0.749020
0.749020
0.756863
0.756863
0.701961
0.635294
0.678431
0.733333
0.607843
0.541176
0.733333
0.760784
0.756863
0.756863
0.752941
0.756863
0.764706
0.733333
0.733333
0.725490
0.725490
0.725490
0.737255
0.745098
0.741176
0.741176
0.733333
0.729412
0.717647
0.725490
0.733333
0.729412
0.745098
0.749020
0.741176
0.721569
0.568627
0.545098
0.623529
0.658824
0.380392
0.454902
0.749020
0.752941
0.752941
0.772549
0.780392
0.776471
0.796078
0.764706
0.776471
0.776471
0.756863
0.741176
0.756863
0.768627
0.780392
0.788235
0.772549
0.752941
0.741176
0.729412
0.713725
0.741176
0.756863
0.733333
0.678431
0.686275
0.458824
0.403922
0.482353
0.423529
0.337255
0.690196
0.819608
0.803922
0.788235
0.784314
0.788235
0.784314
0.772549
0.737255
0.733333
0.694118
0.752941
0.796078
0.788235
0.752941
0.776471
0.811765
0.815686
0.756863
0.780392
0.792157
0.764706
0.784314
0.764706
0.756863
0.701961
0.603922
0.439216
0.396078
0.337255
0.270588
0.235294
0.498039
0.596078
0.482353
0.537255
0.725490
0.815686
0.819608
0.760784
0.694118
0.674510
0.643137
0.701961
0.756863
0.713725
0.690196
0.721569
0.792157
0.768627
0.749020
0.756863
0.733333
0.752941
0.772549
0.737255
0.768627
0.792157
0.745098
0.662745
0.564706
0.309804
0.152941
0.113725
0.141176
0.133333
0.109804
0.117647
0.337255
0.619608
0.678431
0.474510
0.376471
0.435294
0.725490
0.803922
0.737255
0.694118
0.713725
0.717647
0.752941
0.760784
0.737255
0.698039
0.584314
0.690196
0.764706
0.713725
0.752941
0.764706
0.772549
0.639216
0.392157
0.239216
0.254902
0.239216
0.215686
0.200000
0.168627
0.160784
0.172549
0.200000
0.247059
0.184314
0.145098
0.129412
0.341176
0.756863
0.803922
0.768627
0.768627
0.752941
0.749020
0.780392
0.729412
0.717647
0.701961
0.713725
0.784314
0.764706
0.733333
0.725490
0.682353
0.411765
0.274510
0.223529
0.250980
0.266667
0.262745
0.231373
0.223529
0.219608
0.203922
0.211765
0.211765
0.211765
0.207843
0.149020
0.133333
0.505882
0.717647
0.694118
0.721569
0.749020
0.807843
0.772549
0.686275
0.694118
0.752941
0.745098
0.729412
0.756863
0.745098
0.725490
0.603922
0.239216
0.168627
0.231373
0.200000
0.215686
0.235294
0.180392
0.196078
0.196078
0.200000
0.211765
0.211765
0.184314
0.200000
0.184314
0.145098
0.372549
0.596078
0.596078
0.698039
0.807843
0.819608
0.803922
0.756863
0.752941
0.760784
0.807843
0.827451
0.713725
0.709804
0.717647
0.572549
0.211765
0.098039
0.121569
0.101961
0.152941
0.164706
0.129412
0.145098
0.133333
0.152941
0.145098
0.133333
0.125490
0.141176
0.137255
0.109804
0.447059
0.662745
0.525490
0.725490
0.776471
0.745098
0.776471
0.752941
0.745098
0.756863
0.800000
0.850980
0.776471
0.639216
0.607843
0.552941
0.341176
0.364706
0.211765
0.262745
0.168627
0.109804
0.094118
0.109804
0.125490
0.109804
0.078431
0.074510
0.078431
0.086275
0.086275
0.098039
0.588235
0.850980
0.772549
0.811765
0.819608
0.796078
0.705882
0.686275
0.713725
0.694118
0.627451
0.756863
0.839216
0.780392
0.713725
0.654902
0.698039
0.619608
0.337255
0.537255
0.411765
0.109804
0.082353
0.105882
0.121569
0.078431
0.074510
0.050980
0.039216
0.054902
0.074510
0.137255
0.627451
0.819608
0.780392
0.772549
0.811765
0.800000
0.701961
0.670588
0.729412
0.705882
0.560784
0.709804
0.807843
0.819608
0.815686
0.690196
0.698039
0.615686
0.482353
0.698039
0.686275
0.215686
0.090196
0.121569
0.098039
0.066667
0.094118
0.050980
0.027451
0.050980
0.074510
0.192157
0.713725
0.709804
0.733333
0.749020
0.721569
0.796078
0.717647
0.733333
0.760784
0.756863
0.756863
0.772549
0.756863
0.776471
0.784314
0.737255
0.717647
0.729412
0.733333
0.792157
0.796078
0.380392
0.090196
0.082353
0.066667
0.086275
0.078431
0.027451
0.011765
0.050980
0.047059
0.211765
0.658824
0.658824
0.752941
0.764706
0.780392
0.835294
0.780392
0.796078
0.811765
0.803922
0.823529
0.854902
0.835294
0.839216
0.811765
0.800000
0.811765
0.807843
0.788235
0.780392
0.776471
0.572549
0.133333
0.090196
0.125490
0.121569
0.070588
0.054902
0.078431
0.141176
0.039216
0.301961
0.741176
0.678431
0.709804
0.701961
0.756863
0.780392
0.843137
0.827451
0.776471
0.796078
0.760784
0.784314
0.815686
0.823529
0.796078
0.796078
0.827451
0.839216
0.839216
0.760784
0.803922
0.756863
0.211765
0.176471
0.607843
0.384314
0.090196
0.352941
0.603922
0.341176
0.086275
0.482353
0.870588
0.784314
0.717647
0.678431
0.737255
0.749020
0.835294
0.835294
0.780392
0.788235
0.796078
0.772549
0.784314
0.784314
0.717647
0.705882
0.776471
0.823529
0.835294
0.827451
0.819608
0.807843
0.388235
0.262745
0.741176
0.521569
0.172549
0.521569
0.831373
0.576471
0.290196
0.619608
0.870588
0.803922
0.780392
0.705882
0.741176
0.725490
0.749020
0.800000
0.807843
0.776471
0.752941
0.717647
0.737255
0.682353
0.600000
0.584314
0.674510
0.741176
0.741176
0.721569
0.776471
0.768627
0.462745
0.407843
0.670588
0.513725
0.364706
0.607843
0.694118
0.784314
0.713725
0.690196
0.780392
0.768627
0.768627
0.713725
0.709804
0.745098
0.745098
0.784314
0.745098
0.729412
0.709804
0.643137
0.662745
0.611765
0.545098
0.568627
0.572549
0.643137
0.572549
0.552941
0.764706
0.733333
0.501961
0.490196
0.635294
0.658824
0.662745
0.635294
0.698039
0.800000
0.862745
0.745098
0.670588
0.752941
0.764706
0.686275
0.643137
0.717647
0.792157
0.764706
0.670588
0.643137
0.647059
0.600000
0.537255
0.568627
0.596078
0.619608
0.549020
0.568627
0.470588
0.513725
0.784314
0.780392
0.662745
0.635294
0.749020
0.776471
0.780392
0.725490
0.721569
0.647059
0.678431
0.615686
0.564706
0.741176
0.733333
0.666667
0.611765
0.615686
0.792157
0.756863
0.678431
0.623529
0.596078
0.517647
0.474510
0.584314
0.643137
0.658824
0.603922
0.572549
0.419608
0.462745
0.741176
0.756863
0.796078
0.803922
0.768627
0.729412
0.745098
0.772549
0.662745
0.509804
0.525490
0.529412
0.611765
0.756863
0.631373
0.619608
0.592157
0.584314
0.807843
0.823529
0.764706
0.654902
0.631373
0.592157
0.501961
0.694118
0.650980
0.674510
0.686275
0.658824
0.533333
0.568627
0.694118
0.745098
0.796078
0.823529
0.776471
0.725490
0.768627
0.760784
0.662745
0.549020
0.584314
0.611765
0.690196
0.741176
0.635294
0.607843
0.549020
0.505882
0.847059
0.847059
0.831373
0.713725
0.643137
0.709804
0.627451
0.619608
0.647059
0.686275
0.682353
0.623529
0.650980
0.788235
0.811765
0.792157
0.792157
0.796078
0.811765
0.819608
0.823529
0.803922
0.741176
0.725490
0.670588
0.556863
0.552941
0.815686
0.807843
0.537255
0.407843
0.443137
0.819608
0.803922
0.792157
0.772549
0.745098
0.741176
0.701961
0.658824
0.674510
0.705882
0.709804
0.725490
0.784314
0.827451
0.835294
0.835294
0.835294
0.823529
0.831373
0.835294
0.839216
0.858824
0.796078
0.776471
0.701961
0.654902
0.650980
0.894118
0.839216
0.494118
0.388235
0.435294
