0.647059
0.647059
0.631373
0.631373
0.658824
0.639216
0.666667
0.670588
0.678431
0.666667
0.662745
0.647059
0.647059
0.643137
0.623529
0.600000
0.607843
0.615686
0.611765
0.600000
0.596078
0.611765
0.647059
0.682353
0.647059
0.650980
0.674510
0.654902
0.615686
0.615686
0.690196
0.894118
0.623529
0.619608
0.607843
0.596078
0.611765
0.619608
0.678431
0.698039
0.729412
0.705882
0.717647
0.682353
0.647059
0.650980
0.635294
0.611765
0.623529
0.619608
0.603922
0.592157
0.596078
0.619608
0.650980
0.698039
0.662745
0.654902
0.678431
0.662745
0.662745
0.686275
0.666667
0.756863
0.592157
0.603922
0.588235
0.552941
0.576471
0.603922
0.674510
0.705882
0.725490
0.709804
0.729412
0.709804
0.658824
0.647059
0.603922
0.556863
0.600000
0.631373
0.611765
0.615686
0.619608
0.627451
0.639216
0.694118
0.662745
0.654902
0.678431
0.666667
0.662745
0.713725
0.690196
0.678431
0.568627
0.627451
0.560784
0.443137
0.537255
0.592157
0.627451
0.670588
0.654902
0.650980
0.650980
0.694118
0.627451
0.454902
0.388235
0.313725
0.470588
0.631373
0.607843
0.611765
0.627451
0.643137
0.635294
0.690196
0.666667
0.658824
0.686275
0.670588
0.670588
0.701961
0.682353
0.682353
0.423529
0.549020
0.596078
0.431373
0.407843
0.505882
0.482353
0.498039
0.494118
0.478431
0.396078
0.533333
0.443137
0.235294
0.235294
0.243137
0.400000
0.525490
0.513725
0.478431
0.603922
0.647059
0.631373
0.678431
0.666667
0.647059
0.670588
0.654902
0.658824
0.670588
0.647059
0.662745
0.345098
0.454902
0.501961
0.498039
0.368627
0.521569
0.427451
0.403922
0.427451
0.415686
0.290196
0.407843
0.325490
0.223529
0.207843
0.309804
0.419608
0.380392
0.415686
0.364706
0.505882
0.643137
0.607843
0.647059
0.674510
0.643137
0.650980
0.631373
0.647059
0.639216
0.619608
0.639216
0.431373
0.513725
0.372549
0.537255
0.474510
0.552941
0.419608
0.368627
0.380392
0.360784
0.270588
0.356863
0.337255
0.262745
0.305882
0.435294
0.478431
0.407843
0.443137
0.419608
0.400000
0.552941
0.490196
0.529412
0.631373
0.592157
0.537255
0.509804
0.584314
0.552941
0.541176
0.560784
0.509804
0.533333
0.474510
0.643137
0.623529
0.552941
0.517647
0.498039
0.454902
0.501961
0.549020
0.564706
0.568627
0.552941
0.611765
0.674510
0.580392
0.505882
0.478431
0.525490
0.435294
0.435294
0.454902
0.431373
0.525490
0.466667
0.384314
0.356863
0.501961
0.415686
0.376471
0.419608
0.545098
0.494118
0.639216
0.752941
0.600000
0.658824
0.678431
0.658824
0.639216
0.694118
0.768627
0.843137
0.847059
0.835294
0.843137
0.858824
0.768627
0.701961
0.654902
0.647059
0.486275
0.439216
0.564706
0.505882
0.517647
0.419608
0.376471
0.337255
0.470588
0.352941
0.305882
0.349020
0.666667
0.545098
0.709804
0.792157
0.584314
0.678431
0.694118
0.674510
0.678431
0.694118
0.690196
0.792157
0.874510
0.870588
0.882353
0.905882
0.882353
0.815686
0.831373
0.784314
0.615686
0.454902
0.584314
0.615686
0.611765
0.450980
0.388235
0.325490
0.470588
0.345098
0.309804
0.372549
0.745098
0.494118
0.615686
0.800000
0.705882
0.709804
0.705882
0.690196
0.698039
0.721569
0.701961
0.705882
0.835294
0.898039
0.898039
0.913725
0.917647
0.886275
0.901961
0.905882
0.823529
0.400000
0.525490
0.592157
0.623529
0.482353
0.376471
0.290196
0.458824
0.360784
0.333333
0.447059
0.784314
0.494118
0.533333
0.737255
0.686275
0.662745
0.647059
0.643137
0.654902
0.643137
0.615686
0.580392
0.670588
0.768627
0.690196
0.674510
0.705882
0.713725
0.701961
0.745098
0.788235
0.513725
0.474510
0.568627
0.627451
0.517647
0.380392
0.313725
0.458824
0.439216
0.400000
0.490196
0.803922
0.623529
0.572549
0.600000
0.611765
0.635294
0.635294
0.650980
0.533333
0.360784
0.325490
0.282353
0.341176
0.619608
0.360784
0.286275
0.341176
0.431373
0.431373
0.525490
0.564706
0.439216
0.478431
0.560784
0.588235
0.537255
0.341176
0.282353
0.415686
0.466667
0.521569
0.498039
0.835294
0.596078
0.580392
0.505882
0.580392
0.654902
0.658824
0.619608
0.321569
0.250980
0.258824
0.168627
0.180392
0.474510
0.415686
0.192157
0.266667
0.356863
0.423529
0.486275
0.498039
0.368627
0.529412
0.576471
0.564706
0.568627
0.388235
0.290196
0.423529
0.584314
0.580392
0.466667
0.698039
0.623529
0.792157
0.811765
0.737255
0.662745
0.662745
0.486275
0.266667
0.309804
0.360784
0.250980
0.274510
0.321569
0.549020
0.364706
0.337255
0.372549
0.486275
0.490196
0.490196
0.466667
0.509804
0.486275
0.525490
0.549020
0.474510
0.439216
0.470588
0.474510
0.525490
0.439216
0.549020
0.658824
0.901961
0.941176
0.800000
0.647059
0.639216
0.513725
0.478431
0.509804
0.556863
0.576471
0.627451
0.631373
0.705882
0.768627
0.780392
0.796078
0.831373
0.831373
0.800000
0.831373
0.835294
0.733333
0.658824
0.572549
0.501961
0.466667
0.533333
0.360784
0.474510
0.380392
0.376471
0.454902
0.615686
0.741176
0.490196
0.407843
0.435294
0.462745
0.627451
0.701961
0.729412
0.729412
0.752941
0.780392
0.772549
0.780392
0.831373
0.854902
0.858824
0.843137
0.831373
0.847059
0.858824
0.901961
0.874510
0.776471
0.682353
0.627451
0.643137
0.529412
0.509804
0.415686
0.490196
0.600000
0.592157
0.521569
0.278431
0.282353
0.305882
0.466667
0.725490
0.752941
0.768627
0.760784
0.792157
0.796078
0.784314
0.772549
0.800000
0.815686
0.827451
0.807843
0.847059
0.862745
0.862745
0.882353
0.878431
0.874510
0.827451
0.764706
0.839216
0.788235
0.592157
0.466667
0.545098
0.541176
0.466667
0.505882
0.627451
0.650980
0.674510
0.729412
0.756863
0.745098
0.749020
0.768627
0.792157
0.803922
0.776471
0.784314
0.807843
0.835294
0.843137
0.843137
0.858824
0.858824
0.870588
0.870588
0.850980
0.878431
0.866667
0.890196
0.901961
0.890196
0.745098
0.682353
0.521569
0.439216
0.494118
0.564706
0.725490
0.686275
0.662745
0.666667
0.666667
0.670588
0.678431
0.682353
0.690196
0.690196
0.705882
0.752941
0.780392
0.803922
0.823529
0.843137
0.850980
0.862745
0.870588
0.886275
0.886275
0.890196
0.862745
0.894118
0.882353
0.874510
0.850980
0.882353
0.521569
0.541176
0.596078
0.611765
0.607843
0.576471
0.568627
0.584314
0.592157
0.576471
0.592157
0.576471
0.584314
0.596078
0.611765
0.650980
0.670588
0.686275
0.698039
0.709804
0.717647
0.737255
0.760784
0.780392
0.784314
0.772549
0.788235
0.800000
0.796078
0.776471
0.764706
0.803922
0.427451
0.486275
0.521569
0.541176
0.505882
0.450980
0.450980
0.501961
0.521569
0.419608
0.486275
0.388235
0.529412
0.505882
0.384314
0.505882
0.529412
0.517647
0.509804
0.513725
0.462745
0.376471
0.482353
0.529412
0.525490
0.505882
0.517647
0.529412
0.537255
0.533333
0.505882
0.505882
0.419608
0.537255
0.568627
0.576471
0.513725
0.458824
0.462745
0.533333
0.549020
0.419608
0.490196
0.360784
0.584314
0.541176
0.341176
0.525490
0.576471
0.556863
0.552941
0.564706
0.454902
0.243137
0.443137
0.529412
0.529412
0.517647
0.501961
0.501961
0.501961
0.498039
0.470588
0.482353
0.494118
0.568627
0.572549
0.572549
0.552941
0.549020
0.549020
0.560784
0.564706
0.541176
0.552941
0.517647
0.564706
0.556863
0.498039
0.549020
0.556863
0.549020
0.549020
0.549020
0.509804
0.415686
0.490196
0.525490
0.521569
0.537255
0.529412
0.521569
0.509804
0.501961
0.474510
0.501961
0.533333
0.568627
0.588235
0.584314
0.576471
0.580392
0.580392
0.576471
0.580392
0.584314
0.580392
0.576471
0.560784
0.564706
0.568627
0.564706
0.552941
0.549020
0.549020
0.545098
0.533333
0.533333
0.529412
0.533333
0.525490
0.521569
0.529412
0.529412
0.513725
0.486275
0.466667
0.498039
0.498039
0.545098
0.576471
0.584314
0.580392
0.580392
0.580392
0.580392
0.588235
0.584314
0.584314
0.584314
0.572549
0.572549
0.572549
0.564706
0.564706
0.560784
0.560784
0.556863
0.549020
0.552941
0.545098
0.545098
0.549020
0.533333
0.525490
0.529412
0.525490
0.498039
0.490196
0.462745
0.388235
0.392157
0.458824
0.490196
0.525490
0.549020
0.560784
0.564706
0.572549
0.576471
0.576471
0.580392
0.568627
0.564706
0.564706
0.556863
0.560784
0.556863
0.556863
0.560784
0.552941
0.556863
0.552941
0.549020
0.537255
0.529412
0.517647
0.513725
0.517647
0.517647
0.411765
0.333333
0.313725
0.219608
0.258824
0.286275
0.333333
0.376471
0.407843
0.443137
0.478431
0.505882
0.521569
0.545098
0.549020
0.552941
0.552941
0.549020
0.552941
0.545098
0.545098
0.552941
0.552941
0.552941
0.552941
0.545098
0.521569
0.501961
0.501961
0.501961
0.521569
0.482353
0.239216
0.176471
0.388235
0.254902
0.243137
0.231373
0.223529
0.235294
0.235294
0.254902
0.305882
0.325490
0.341176
0.372549
0.403922
0.439216
0.454902
0.470588
0.490196
0.501961
0.498039
0.494118
0.482353
0.458824
0.431373
0.427451
0.431373
0.447059
0.474510
0.494118
0.501961
0.356863
0.145098
0.121569
0.529412
0.337255
0.368627
0.349020
0.341176
0.317647
0.286275
0.262745
0.254902
0.227451
0.203922
0.203922
0.223529
0.243137
0.258824
0.243137
0.231373
0.250980
0.243137
0.235294
0.235294
0.254902
0.262745
0.258824
0.286275
0.286275
0.309804
0.321569
0.313725
0.188235
0.129412
0.109804
0.729412
0.368627
0.403922
0.403922
0.388235
0.380392
0.372549
0.360784
0.352941
0.329412
0.298039
0.270588
0.239216
0.203922
0.203922
0.188235
0.152941
0.137255
0.133333
0.133333
0.133333
0.149020
0.149020
0.141176
0.160784
0.168627
0.172549
0.176471
0.215686
0.200000
0.164706
0.149020
0.937255
0.564706
0.403922
0.411765
0.392157
0.376471
0.388235
0.392157
0.396078
0.384314
0.372549
0.352941
0.329412
0.317647
0.317647
0.313725
0.286275
0.254902
0.223529
0.200000
0.180392
0.160784
0.152941
0.149020
0.164706
0.160784
0.160784
0.164706
0.235294
0.372549
0.317647
0.419608
0.568627
0.572549
0.564706
0.552941
0.576471
0.560784
0.600000
0.600000
0.596078
0.584314
0.580392
0.568627
0.576471
0.572549
0.549020
0.529412
0.545098
0.541176
0.529412
0.533333
0.525490
0.533333
0.572549
0.603922
0.568627
0.576471
0.600000
0.580392
0.549020
0.564706
0.658824
0.886275
0.556863
0.552941
0.545098
0.529412
0.537255
0.541176
0.596078
0.615686
0.647059
0.623529
0.635294
0.603922
0.576471
0.576471
0.556863
0.537255
0.560784
0.541176
0.521569
0.525490
0.525490
0.541176
0.572549
0.619608
0.584314
0.580392
0.603922
0.588235
0.588235
0.619608
0.619608
0.729412
0.529412
0.537255
0.513725
0.486275
0.513725
0.525490
0.580392
0.611765
0.639216
0.627451
0.647059
0.631373
0.584314
0.568627
0.521569
0.482353
0.537255
0.552941
0.525490
0.549020
0.549020
0.549020
0.560784
0.615686
0.584314
0.580392
0.603922
0.592157
0.588235
0.643137
0.631373
0.631373
0.494118
0.545098
0.466667
0.372549
0.470588
0.513725
0.533333
0.576471
0.568627
0.564706
0.564706
0.611765
0.549020
0.372549
0.305882
0.235294
0.407843
0.552941
0.521569
0.541176
0.556863
0.560784
0.556863
0.611765
0.588235
0.584314
0.611765
0.596078
0.596078
0.631373
0.619608
0.623529
0.329412
0.443137
0.470588
0.337255
0.333333
0.423529
0.396078
0.407843
0.403922
0.388235
0.305882
0.447059
0.364706
0.152941
0.145098
0.164706
0.333333
0.443137
0.423529
0.403922
0.533333
0.568627
0.552941
0.600000
0.588235
0.572549
0.596078
0.580392
0.588235
0.611765
0.588235
0.607843
0.235294
0.325490
0.352941
0.384314
0.282353
0.439216
0.349020
0.325490
0.337255
0.317647
0.196078
0.317647
0.243137
0.137255
0.113725
0.231373
0.352941
0.301961
0.329412
0.294118
0.435294
0.564706
0.529412
0.568627
0.596078
0.568627
0.576471
0.556863
0.580392
0.592157
0.572549
0.592157
0.294118
0.368627
0.227451
0.411765
0.368627
0.458824
0.341176
0.286275
0.282353
0.262745
0.184314
0.282353
0.254902
0.176471
0.211765
0.341176
0.400000
0.325490
0.356863
0.345098
0.329412
0.486275
0.403922
0.443137
0.568627
0.529412
0.474510
0.439216
0.513725
0.505882
0.498039
0.513725
0.345098
0.380392
0.345098
0.529412
0.509804
0.447059
0.423529
0.403922
0.349020
0.396078
0.470588
0.513725
0.501961
0.494118
0.537255
0.580392
0.501961
0.435294
0.415686
0.470588
0.372549
0.376471
0.352941
0.337255
0.478431
0.419608
0.341176
0.294118
0.427451
0.360784
0.325490
0.364706
0.368627
0.329412
0.513725
0.639216
0.482353
0.552941
0.580392
0.560784
0.525490
0.576471
0.682353
0.792157
0.815686
0.823529
0.819608
0.807843
0.721569
0.666667
0.631373
0.627451
0.439216
0.372549
0.447059
0.396078
0.458824
0.364706
0.329412
0.270588
0.392157
0.294118
0.247059
0.282353
0.482353
0.376471
0.568627
0.670588
0.470588
0.572549
0.596078
0.572549
0.556863
0.564706
0.584314
0.729412
0.866667
0.882353
0.886275
0.886275
0.858824
0.800000
0.827451
0.784314
0.568627
0.380392
0.450980
0.482353
0.533333
0.376471
0.329412
0.258824
0.396078
0.286275
0.247059
0.294118
0.560784
0.329412
0.470588
0.674510
0.596078
0.607843
0.611765
0.588235
0.568627
0.584314
0.580392
0.619608
0.796078
0.886275
0.886275
0.878431
0.866667
0.839216
0.866667
0.878431
0.764706
0.317647
0.380392
0.443137
0.521569
0.388235
0.313725
0.231373
0.400000
0.298039
0.262745
0.360784
0.603922
0.341176
0.388235
0.607843
0.576471
0.560784
0.552941
0.545098
0.529412
0.505882
0.490196
0.478431
0.580392
0.705882
0.631373
0.600000
0.607843
0.615686
0.619608
0.670588
0.721569
0.443137
0.329412
0.411765
0.513725
0.419608
0.329412
0.274510
0.419608
0.356863
0.309804
0.396078
0.643137
0.490196
0.439216
0.474510
0.498039
0.533333
0.537255
0.556863
0.423529
0.223529
0.196078
0.164706
0.215686
0.525490
0.278431
0.188235
0.223529
0.317647
0.333333
0.435294
0.498039
0.380392
0.341176
0.403922
0.482353
0.450980
0.301961
0.274510
0.396078
0.356863
0.407843
0.403922
0.686275
0.482353
0.458824
0.384314
0.470588
0.552941
0.560784
0.525490
0.219608
0.121569
0.133333
0.050980
0.050980
0.372549
0.329412
0.098039
0.160784
0.258824
0.337255
0.411765
0.443137
0.321569
0.400000
0.427451
0.462745
0.490196
0.356863
0.301961
0.411765
0.454902
0.458824
0.376471
0.549020
0.509804
0.701961
0.737255
0.662745
0.572549
0.560784
0.380392
0.164706
0.196078
0.247059
0.137255
0.149020
0.215686
0.466667
0.294118
0.254902
0.294118
0.423529
0.435294
0.443137
0.423529
0.435294
0.400000
0.454902
0.474510
0.419608
0.403922
0.423529
0.360784
0.431373
0.364706
0.400000
0.545098
0.819608
0.882353
0.741176
0.560784
0.529412
0.396078
0.368627
0.396078
0.447059
0.462745
0.498039
0.517647
0.619608
0.701961
0.709804
0.725490
0.776471
0.788235
0.760784
0.792157
0.792157
0.694118
0.611765
0.509804
0.435294
0.400000
0.462745
0.278431
0.407843
0.313725
0.247059
0.341176
0.517647
0.662745
0.411765
0.305882
0.313725
0.337255
0.505882
0.580392
0.607843
0.603922
0.615686
0.658824
0.674510
0.694118
0.756863
0.784314
0.803922
0.796078
0.796078
0.819608
0.831373
0.874510
0.839216
0.729412
0.635294
0.584314
0.592157
0.470588
0.458824
0.349020
0.376471
0.482353
0.478431
0.419608
0.176471
0.164706
0.172549
0.329412
0.596078
0.623529
0.639216
0.631373
0.654902
0.670588
0.670588
0.670588
0.717647
0.745098
0.768627
0.760784
0.819608
0.843137
0.843137
0.866667
0.858824
0.847059
0.800000
0.737255
0.807843
0.749020
0.556863
0.407843
0.443137
0.427451
0.352941
0.392157
0.509804
0.521569
0.541176
0.596078
0.627451
0.615686
0.619608
0.643137
0.666667
0.682353
0.662745
0.674510
0.721569
0.760784
0.776471
0.788235
0.823529
0.831373
0.843137
0.843137
0.831373
0.858824
0.850980
0.870588
0.882353
0.870588
0.725490
0.635294
0.423529
0.337255
0.388235
0.450980
0.603922
0.560784
0.537255
0.545098
0.545098
0.552941
0.556863
0.564706
0.580392
0.580392
0.596078
0.643137
0.690196
0.729412
0.749020
0.780392
0.803922
0.823529
0.831373
0.843137
0.850980
0.866667
0.839216
0.870588
0.858824
0.854902
0.839216
0.854902
0.419608
0.443137
0.505882
0.505882
0.490196
0.462745
0.458824
0.474510
0.482353
0.466667
0.482353
0.470588
0.490196
0.501961
0.509804
0.549020
0.576471
0.603922
0.623529
0.639216
0.658824
0.678431
0.701961
0.721569
0.737255
0.737255
0.752941
0.764706
0.760784
0.745098
0.752941
0.792157
0.325490
0.392157
0.435294
0.443137
0.403922
0.352941
0.352941
0.407843
0.423529
0.325490
0.388235
0.294118
0.443137
0.415686
0.290196
0.407843
0.435294
0.435294
0.431373
0.439216
0.388235
0.301961
0.411765
0.458824
0.466667
0.458824
0.470588
0.482353
0.490196
0.490196
0.486275
0.490196
0.317647
0.443137
0.478431
0.490196
0.431373
0.376471
0.380392
0.447059
0.458824
0.329412
0.403922
0.270588
0.486275
0.443137
0.243137
0.423529
0.490196
0.482353
0.474510
0.490196
0.380392
0.168627
0.372549
0.454902
0.462745
0.454902
0.439216
0.439216
0.435294
0.435294
0.435294
0.439216
0.392157
0.474510
0.478431
0.482353
0.466667
0.462745
0.462745
0.474510
0.470588
0.447059
0.458824
0.419608
0.462745
0.454902
0.400000
0.454902
0.478431
0.474510
0.474510
0.474510
0.439216
0.345098
0.419608
0.450980
0.450980
0.466667
0.458824
0.450980
0.439216
0.443137
0.431373
0.439216
0.427451
0.470588
0.490196
0.486275
0.482353
0.486275
0.486275
0.478431
0.478431
0.482353
0.478431
0.478431
0.470588
0.470588
0.474510
0.470588
0.474510
0.478431
0.478431
0.470588
0.462745
0.462745
0.462745
0.462745
0.458824
0.454902
0.462745
0.462745
0.454902
0.443137
0.419608
0.415686
0.400000
0.447059
0.482353
0.490196
0.482353
0.486275
0.482353
0.482353
0.482353
0.478431
0.482353
0.482353
0.486275
0.486275
0.486275
0.482353
0.490196
0.490196
0.490196
0.486275
0.482353
0.486275
0.478431
0.478431
0.486275
0.474510
0.466667
0.470588
0.474510
0.462745
0.435294
0.360784
0.298039
0.305882
0.376471
0.407843
0.435294
0.462745
0.470588
0.474510
0.478431
0.482353
0.482353
0.486275
0.490196
0.490196
0.486275
0.482353
0.486275
0.482353
0.482353
0.486275
0.482353
0.486275
0.486275
0.478431
0.478431
0.478431
0.470588
0.462745
0.470588
0.478431
0.337255
0.219608
0.247059
0.156863
0.192157
0.215686
0.262745
0.301961
0.337255
0.368627
0.400000
0.423529
0.439216
0.462745
0.474510
0.478431
0.474510
0.474510
0.474510
0.470588
0.466667
0.474510
0.478431
0.482353
0.482353
0.474510
0.462745
0.458824
0.458824
0.458824
0.478431
0.427451
0.145098
0.058824
0.341176
0.207843
0.192157
0.176471
0.168627
0.176471
0.176471
0.192157
0.239216
0.258824
0.274510
0.301961
0.333333
0.364706
0.380392
0.392157
0.411765
0.419608
0.415686
0.411765
0.407843
0.384314
0.356863
0.352941
0.368627
0.403922
0.427451
0.447059
0.454902
0.290196
0.039216
0.007843
0.501961
0.298039
0.321569
0.305882
0.294118
0.274510
0.239216
0.215686
0.207843
0.176471
0.156863
0.156863
0.168627
0.176471
0.172549
0.149020
0.145098
0.164706
0.152941
0.145098
0.152941
0.172549
0.176471
0.176471
0.211765
0.223529
0.243137
0.258824
0.250980
0.109804
0.023529
0.011765
0.713725
0.337255
0.360784
0.364706
0.349020
0.337255
0.333333
0.317647
0.313725
0.290196
0.258824
0.231373
0.200000
0.145098
0.121569
0.090196
0.062745
0.050980
0.047059
0.047059
0.050980
0.066667
0.062745
0.054902
0.078431
0.086275
0.094118
0.094118
0.141176
0.133333
0.078431
0.074510
0.925490
0.537255
0.364706
0.372549
0.356863
0.337255
0.349020
0.352941
0.356863
0.345098
0.333333
0.317647
0.305882
0.278431
0.254902
0.235294
0.215686
0.192157
0.160784
0.137255
0.109804
0.086275
0.078431
0.074510
0.086275
0.078431
0.078431
0.082353
0.160784
0.321569
0.258824
0.372549
0.588235
0.588235
0.568627
0.549020
0.564706
0.556863
0.600000
0.600000
0.596078
0.584314
0.580392
0.568627
0.572549
0.568627
0.552941
0.549020
0.564706
0.545098
0.529412
0.545098
0.541176
0.541176
0.580392
0.611765
0.576471
0.584314
0.607843
0.588235
0.556863
0.584314
0.670588
0.890196
0.576471
0.560784
0.545098
0.529412
0.541176
0.541176
0.588235
0.611765
0.643137
0.619608
0.631373
0.600000
0.580392
0.592157
0.580392
0.568627
0.584314
0.552941
0.525490
0.541176
0.541176
0.549020
0.580392
0.627451
0.592157
0.588235
0.611765
0.596078
0.596078
0.643137
0.635294
0.741176
0.552941
0.545098
0.513725
0.498039
0.529412
0.529412
0.572549
0.603922
0.639216
0.623529
0.647059
0.627451
0.596078
0.611765
0.572549
0.525490
0.568627
0.568627
0.537255
0.572549
0.568627
0.556863
0.568627
0.623529
0.592157
0.588235
0.611765
0.600000
0.596078
0.662745
0.650980
0.647059
0.525490
0.556863
0.462745
0.384314
0.494118
0.521569
0.533333
0.576471
0.580392
0.576471
0.576471
0.619608
0.580392
0.439216
0.380392
0.294118
0.447059
0.572549
0.537255
0.572549
0.580392
0.568627
0.564706
0.619608
0.596078
0.592157
0.619608
0.603922
0.603922
0.650980
0.643137
0.643137
0.372549
0.462745
0.470588
0.345098
0.352941
0.439216
0.407843
0.427451
0.435294
0.419608
0.337255
0.474510
0.403922
0.239216
0.250980
0.235294
0.376471
0.474510
0.447059
0.443137
0.556863
0.572549
0.560784
0.607843
0.596078
0.580392
0.603922
0.588235
0.596078
0.631373
0.607843
0.623529
0.286275
0.349020
0.352941
0.388235
0.294118
0.458824
0.372549
0.364706
0.392157
0.376471
0.250980
0.364706
0.294118
0.243137
0.231373
0.305882
0.400000
0.337255
0.356863
0.337255
0.458824
0.572549
0.537255
0.576471
0.603922
0.576471
0.584314
0.564706
0.588235
0.607843
0.592157
0.607843
0.333333
0.384314
0.239216
0.419608
0.380392
0.478431
0.368627
0.329412
0.337255
0.321569
0.243137
0.329412
0.298039
0.258824
0.298039
0.392157
0.439216
0.360784
0.396078
0.396078
0.368627
0.501961
0.415686
0.454902
0.576471
0.541176
0.490196
0.470588
0.529412
0.533333
0.525490
0.537255
0.352941
0.376471
0.364706
0.541176
0.517647
0.462745
0.443137
0.431373
0.376471
0.431373
0.505882
0.541176
0.533333
0.521569
0.560784
0.592157
0.517647
0.462745
0.450980
0.517647
0.431373
0.407843
0.364706
0.345098
0.490196
0.431373
0.368627
0.360784
0.458824
0.407843
0.372549
0.400000
0.356863
0.317647
0.521569
0.639216
0.474510
0.552941
0.588235
0.564706
0.529412
0.588235
0.690196
0.807843
0.854902
0.847059
0.831373
0.823529
0.725490
0.670588
0.643137
0.650980
0.482353
0.400000
0.454902
0.396078
0.466667
0.380392
0.364706
0.352941
0.435294
0.356863
0.298039
0.317647
0.458824
0.352941
0.560784
0.654902
0.447059
0.556863
0.584314
0.560784
0.537255
0.556863
0.576471
0.725490
0.898039
0.909804
0.905882
0.905882
0.854902
0.788235
0.819608
0.784314
0.592157
0.392157
0.447059
0.474510
0.533333
0.392157
0.368627
0.341176
0.439216
0.349020
0.298039
0.317647
0.529412
0.301961
0.443137
0.639216
0.556863
0.576471
0.592157
0.564706
0.541176
0.564706
0.568627
0.611765
0.807843
0.894118
0.890196
0.890196
0.870588
0.835294
0.862745
0.870588
0.776471
0.321569
0.368627
0.423529
0.517647
0.403922
0.349020
0.317647
0.447059
0.352941
0.301961
0.376471
0.576471
0.321569
0.364706
0.568627
0.537255
0.529412
0.529412
0.521569
0.509804
0.494118
0.486275
0.474510
0.576471
0.698039
0.631373
0.611765
0.635294
0.643137
0.631373
0.674510
0.733333
0.439216
0.317647
0.396078
0.513725
0.427451
0.360784
0.356863
0.462745
0.392157
0.337255
0.407843
0.619608
0.478431
0.415686
0.435294
0.466667
0.509804
0.521569
0.545098
0.419608
0.239216
0.219608
0.184314
0.227451
0.533333
0.298039
0.223529
0.278431
0.364706
0.360784
0.454902
0.517647
0.376471
0.333333
0.396078
0.478431
0.450980
0.325490
0.352941
0.431373
0.372549
0.427451
0.415686
0.670588
0.478431
0.439216
0.356863
0.450980
0.541176
0.552941
0.529412
0.239216
0.156863
0.180392
0.098039
0.086275
0.411765
0.380392
0.160784
0.231373
0.313725
0.376471
0.431373
0.466667
0.329412
0.403922
0.431373
0.462745
0.486275
0.380392
0.372549
0.439216
0.450980
0.462745
0.392157
0.525490
0.517647
0.705882
0.717647
0.643137
0.560784
0.556863
0.388235
0.184314
0.223529
0.278431
0.172549
0.184314
0.247059
0.498039
0.329412
0.309804
0.341176
0.450980
0.443137
0.466667
0.447059
0.454902
0.423529
0.470588
0.482353
0.435294
0.443137
0.439216
0.364706
0.439216
0.388235
0.376471
0.556863
0.831373
0.870588
0.721569
0.549020
0.525490
0.400000
0.376471
0.407843
0.454902
0.474510
0.517647
0.529412
0.623529
0.701961
0.737255
0.752941
0.784314
0.780392
0.772549
0.823529
0.823529
0.725490
0.635294
0.521569
0.450980
0.415686
0.474510
0.290196
0.427451
0.337255
0.235294
0.352941
0.517647
0.647059
0.400000
0.298039
0.313725
0.337255
0.505882
0.580392
0.603922
0.603922
0.619608
0.654902
0.662745
0.682353
0.764706
0.792157
0.792157
0.776471
0.800000
0.839216
0.850980
0.894118
0.854902
0.737255
0.643137
0.592157
0.603922
0.494118
0.478431
0.368627
0.380392
0.498039
0.466667
0.407843
0.172549
0.164706
0.180392
0.325490
0.580392
0.607843
0.627451
0.615686
0.643137
0.654902
0.650980
0.647059
0.705882
0.733333
0.745098
0.729412
0.811765
0.850980
0.850980
0.870588
0.862745
0.847059
0.803922
0.737255
0.815686
0.780392
0.576471
0.419608
0.454902
0.443137
0.337255
0.380392
0.509804
0.525490
0.545098
0.588235
0.603922
0.592157
0.596078
0.615686
0.639216
0.654902
0.631373
0.647059
0.694118
0.733333
0.749020
0.760784
0.815686
0.839216
0.850980
0.850980
0.831373
0.854902
0.847059
0.870588
0.886275
0.898039
0.741176
0.643137
0.435294
0.352941
0.380392
0.443137
0.607843
0.564706
0.541176
0.537255
0.525490
0.529412
0.533333
0.541176
0.552941
0.556863
0.572549
0.619608
0.662745
0.701961
0.733333
0.764706
0.800000
0.831373
0.835294
0.850980
0.854902
0.866667
0.839216
0.870588
0.862745
0.870588
0.847059
0.858824
0.431373
0.462745
0.505882
0.501961
0.490196
0.462745
0.454902
0.462745
0.466667
0.447059
0.466667
0.450980
0.466667
0.478431
0.494118
0.529412
0.552941
0.584314
0.615686
0.643137
0.662745
0.682353
0.705882
0.725490
0.737255
0.741176
0.756863
0.768627
0.764706
0.749020
0.752941
0.800000
0.341176
0.411765
0.435294
0.439216
0.400000
0.349020
0.349020
0.396078
0.411765
0.309804
0.376471
0.278431
0.431373
0.403922
0.282353
0.400000
0.423529
0.423529
0.431373
0.443137
0.396078
0.309804
0.419608
0.466667
0.470588
0.462745
0.474510
0.482353
0.490196
0.482353
0.478431
0.494118
0.341176
0.447059
0.462745
0.478431
0.423529
0.368627
0.372549
0.439216
0.447059
0.317647
0.388235
0.262745
0.490196
0.443137
0.247059
0.427451
0.478431
0.466667
0.462745
0.478431
0.384314
0.180392
0.380392
0.462745
0.466667
0.450980
0.435294
0.435294
0.431373
0.431373
0.427451
0.435294
0.411765
0.470588
0.454902
0.466667
0.454902
0.450980
0.450980
0.458824
0.454902
0.431373
0.443137
0.407843
0.462745
0.454902
0.396078
0.450980
0.458824
0.450980
0.450980
0.450980
0.427451
0.345098
0.415686
0.450980
0.447059
0.458824
0.450980
0.443137
0.435294
0.443137
0.423529
0.439216
0.443137
0.466667
0.474510
0.470588
0.466667
0.474510
0.470588
0.466667
0.462745
0.466667
0.462745
0.458824
0.450980
0.454902
0.458824
0.454902
0.447059
0.447059
0.447059
0.439216
0.443137
0.447059
0.443137
0.447059
0.447059
0.443137
0.454902
0.454902
0.447059
0.439216
0.419608
0.427451
0.411765
0.447059
0.474510
0.478431
0.478431
0.478431
0.478431
0.474510
0.470588
0.466667
0.470588
0.470588
0.462745
0.462745
0.462745
0.454902
0.458824
0.454902
0.454902
0.454902
0.454902
0.458824
0.450980
0.450980
0.466667
0.462745
0.454902
0.458824
0.462745
0.458824
0.439216
0.384314
0.317647
0.321569
0.384314
0.411765
0.443137
0.470588
0.478431
0.478431
0.478431
0.478431
0.482353
0.482353
0.466667
0.462745
0.462745
0.454902
0.462745
0.458824
0.458824
0.462745
0.462745
0.466667
0.462745
0.458824
0.458824
0.466667
0.454902
0.450980
0.462745
0.486275
0.356863
0.250980
0.278431
0.188235
0.227451
0.247059
0.286275
0.329412
0.360784
0.388235
0.411765
0.439216
0.454902
0.470588
0.458824
0.462745
0.458824
0.458824
0.466667
0.466667
0.462745
0.470588
0.474510
0.474510
0.474510
0.466667
0.450980
0.443137
0.443137
0.443137
0.470588
0.443137
0.176471
0.098039
0.380392
0.254902
0.247059
0.223529
0.207843
0.215686
0.215686
0.231373
0.270588
0.290196
0.301961
0.325490
0.333333
0.364706
0.380392
0.396078
0.419608
0.435294
0.431373
0.427451
0.419608
0.392157
0.364706
0.364706
0.372549
0.392157
0.415686
0.435294
0.447059
0.313725
0.078431
0.050980
0.525490
0.337255
0.368627
0.349020
0.337255
0.313725
0.278431
0.254902
0.243137
0.211765
0.192157
0.188235
0.188235
0.203922
0.203922
0.184314
0.184314
0.207843
0.196078
0.188235
0.196078
0.215686
0.223529
0.219608
0.247059
0.247059
0.270588
0.282353
0.278431
0.156863
0.078431
0.054902
0.721569
0.364706
0.396078
0.400000
0.384314
0.376471
0.368627
0.352941
0.349020
0.325490
0.294118
0.266667
0.235294
0.184314
0.168627
0.145098
0.121569
0.109804
0.105882
0.105882
0.113725
0.129412
0.129412
0.121569
0.141176
0.141176
0.149020
0.152941
0.192157
0.184314
0.133333
0.113725
0.933333
0.560784
0.400000
0.407843
0.388235
0.372549
0.384314
0.388235
0.392157
0.380392
0.368627
0.349020
0.333333
0.313725
0.298039
0.286275
0.266667
0.243137
0.211765
0.188235
0.168627
0.152941
0.145098
0.137255
0.149020
0.137255
0.137255
0.141176
0.215686
0.368627
0.301961
0.403922
