0.372549
0.368627
0.384314
0.423529
0.482353
0.513725
0.513725
0.521569
0.529412
0.533333
0.537255
0.537255
0.529412
0.513725
0.505882
0.505882
0.509804
0.529412
0.549020
0.576471
0.600000
0.584314
0.545098
0.494118
0.439216
0.372549
0.337255
0.333333
0.341176
0.352941
0.376471
0.400000
0.388235
0.411765
0.435294
0.478431
0.517647
0.513725
0.498039
0.498039
0.490196
0.478431
0.470588
0.462745
0.466667
0.458824
0.458824
0.462745
0.474510
0.486275
0.505882
0.517647
0.521569
0.509804
0.478431
0.427451
0.376471
0.333333
0.309804
0.309804
0.313725
0.333333
0.364706
0.396078
0.407843
0.419608
0.431373
0.450980
0.466667
0.458824
0.447059
0.443137
0.431373
0.419608
0.419608
0.423529
0.431373
0.427451
0.431373
0.431373
0.423529
0.411765
0.411765
0.415686
0.415686
0.407843
0.388235
0.360784
0.337255
0.321569
0.305882
0.298039
0.294118
0.305882
0.341176
0.368627
0.392157
0.388235
0.392157
0.407843
0.415686
0.415686
0.407843
0.403922
0.400000
0.400000
0.403922
0.411765
0.423529
0.419608
0.419608
0.415686
0.392157
0.368627
0.364706
0.364706
0.360784
0.364706
0.360784
0.352941
0.349020
0.345098
0.325490
0.317647
0.305882
0.309804
0.325490
0.333333
0.356863
0.349020
0.352941
0.364706
0.376471
0.380392
0.372549
0.364706
0.372549
0.384314
0.388235
0.380392
0.384314
0.392157
0.403922
0.403922
0.376471
0.349020
0.337255
0.329412
0.337255
0.349020
0.349020
0.349020
0.352941
0.352941
0.333333
0.329412
0.325490
0.321569
0.313725
0.313725
0.329412
0.321569
0.321569
0.333333
0.345098
0.352941
0.337255
0.329412
0.337255
0.345098
0.341176
0.337255
0.349020
0.356863
0.380392
0.392157
0.380392
0.360784
0.345098
0.345098
0.349020
0.352941
0.349020
0.356863
0.368627
0.368627
0.349020
0.333333
0.333333
0.321569
0.305882
0.313725
0.309804
0.313725
0.309804
0.309804
0.325490
0.325490
0.309804
0.305882
0.317647
0.309804
0.294118
0.298039
0.301961
0.313725
0.341176
0.360784
0.364706
0.364706
0.376471
0.392157
0.403922
0.407843
0.407843
0.407843
0.400000
0.396078
0.384314
0.364706
0.349020
0.337255
0.329412
0.349020
0.301961
0.301961
0.298039
0.294118
0.290196
0.278431
0.274510
0.286275
0.341176
0.329412
0.286275
0.231373
0.196078
0.211765
0.231373
0.274510
0.321569
0.372549
0.403922
0.427451
0.458824
0.466667
0.466667
0.458824
0.439216
0.419608
0.396078
0.376471
0.372549
0.376471
0.388235
0.411765
0.290196
0.274510
0.270588
0.270588
0.262745
0.258824
0.266667
0.305882
0.419608
0.364706
0.239216
0.160784
0.094118
0.090196
0.105882
0.145098
0.219608
0.333333
0.368627
0.403922
0.447059
0.462745
0.466667
0.458824
0.435294
0.403922
0.380392
0.360784
0.360784
0.372549
0.396078
0.423529
0.270588
0.243137
0.180392
0.176471
0.219608
0.262745
0.333333
0.349020
0.505882
0.447059
0.239216
0.239216
0.141176
0.101961
0.101961
0.101961
0.137255
0.235294
0.309804
0.325490
0.341176
0.368627
0.372549
0.364706
0.345098
0.329412
0.325490
0.313725
0.309804
0.313725
0.333333
0.360784
0.243137
0.235294
0.133333
0.070588
0.105882
0.235294
0.482353
0.372549
0.545098
0.643137
0.411765
0.254902
0.227451
0.125490
0.109804
0.094118
0.105882
0.129412
0.196078
0.262745
0.278431
0.290196
0.282353
0.274510
0.278431
0.282353
0.278431
0.270588
0.262745
0.266667
0.282353
0.298039
0.313725
0.294118
0.243137
0.211765
0.203922
0.211765
0.349020
0.321569
0.415686
0.447059
0.329412
0.117647
0.247059
0.145098
0.125490
0.141176
0.152941
0.152941
0.172549
0.266667
0.325490
0.305882
0.290196
0.266667
0.258824
0.258824
0.254902
0.243137
0.235294
0.239216
0.250980
0.262745
0.333333
0.317647
0.305882
0.333333
0.352941
0.309804
0.282353
0.266667
0.254902
0.211765
0.113725
0.090196
0.258824
0.282353
0.286275
0.325490
0.329412
0.313725
0.321569
0.356863
0.384314
0.376471
0.360784
0.341176
0.309804
0.270588
0.235294
0.211765
0.215686
0.223529
0.223529
0.227451
0.227451
0.235294
0.270588
0.270588
0.278431
0.262745
0.301961
0.313725
0.313725
0.298039
0.278431
0.325490
0.372549
0.392157
0.392157
0.392157
0.368627
0.341176
0.329412
0.345098
0.356863
0.352941
0.360784
0.364706
0.364706
0.364706
0.321569
0.274510
0.235294
0.219608
0.211765
0.219608
0.117647
0.078431
0.160784
0.176471
0.188235
0.188235
0.219608
0.235294
0.247059
0.270588
0.301961
0.333333
0.376471
0.376471
0.376471
0.423529
0.419608
0.396078
0.415686
0.466667
0.482353
0.454902
0.427451
0.392157
0.356863
0.380392
0.372549
0.333333
0.278431
0.215686
0.196078
0.203922
0.141176
0.184314
0.113725
0.121569
0.137255
0.133333
0.137255
0.141176
0.156863
0.192157
0.219608
0.239216
0.290196
0.254902
0.250980
0.364706
0.309804
0.235294
0.337255
0.564706
0.690196
0.674510
0.627451
0.482353
0.337255
0.337255
0.341176
0.352941
0.329412
0.294118
0.266667
0.243137
0.200000
0.380392
0.188235
0.086275
0.109804
0.074510
0.058824
0.070588
0.101961
0.141176
0.168627
0.176471
0.219608
0.231373
0.247059
0.235294
0.098039
0.058824
0.101961
0.337255
0.705882
0.800000
0.784314
0.666667
0.486275
0.349020
0.282353
0.305882
0.345098
0.388235
0.384314
0.301961
0.243137
0.450980
0.278431
0.074510
0.121569
0.094118
0.062745
0.047059
0.047059
0.062745
0.082353
0.094118
0.125490
0.180392
0.243137
0.109804
0.070588
0.184314
0.141176
0.109804
0.427451
0.784314
0.788235
0.768627
0.725490
0.623529
0.462745
0.337255
0.368627
0.447059
0.396078
0.250980
0.301961
0.443137
0.290196
0.066667
0.101961
0.121569
0.137255
0.156863
0.149020
0.109804
0.082353
0.066667
0.058824
0.094118
0.141176
0.070588
0.223529
0.298039
0.200000
0.113725
0.164706
0.603922
0.717647
0.678431
0.709804
0.772549
0.749020
0.647059
0.517647
0.435294
0.227451
0.129412
0.317647
0.435294
0.254902
0.031373
0.031373
0.027451
0.047059
0.086275
0.152941
0.188235
0.211765
0.235294
0.180392
0.105882
0.066667
0.105882
0.356863
0.345098
0.274510
0.164706
0.054902
0.384314
0.639216
0.545098
0.549020
0.600000
0.639216
0.611765
0.482353
0.266667
0.074510
0.184314
0.274510
0.317647
0.203922
0.054902
0.043137
0.019608
0.011765
0.011765
0.039216
0.066667
0.113725
0.188235
0.247059
0.235294
0.133333
0.149020
0.341176
0.392157
0.423529
0.196078
0.047059
0.207843
0.450980
0.372549
0.364706
0.411765
0.411765
0.356863
0.247059
0.109804
0.156863
0.376471
0.274510
0.247059
0.219608
0.211765
0.192157
0.145098
0.101961
0.066667
0.039216
0.019608
0.015686
0.039216
0.090196
0.164706
0.129412
0.164706
0.372549
0.337255
0.454902
0.250980
0.074510
0.094118
0.278431
0.243137
0.211765
0.239216
0.282353
0.349020
0.168627
0.019608
0.188235
0.470588
0.250980
0.250980
0.258824
0.274510
0.278431
0.262745
0.223529
0.184314
0.145098
0.113725
0.074510
0.039216
0.015686
0.031373
0.035294
0.113725
0.407843
0.274510
0.352941
0.266667
0.086275
0.109804
0.368627
0.325490
0.239216
0.192157
0.196078
0.286275
0.192157
0.062745
0.145098
0.388235
0.231373
0.231373
0.243137
0.258824
0.278431
0.286275
0.270588
0.250980
0.227451
0.211765
0.180392
0.133333
0.086275
0.043137
0.023529
0.043137
0.360784
0.364706
0.270588
0.278431
0.090196
0.125490
0.392157
0.400000
0.352941
0.294118
0.254902
0.274510
0.243137
0.125490
0.137255
0.313725
0.223529
0.219608
0.223529
0.227451
0.239216
0.254902
0.270588
0.266667
0.250980
0.235294
0.215686
0.196078
0.168627
0.137255
0.113725
0.074510
0.176471
0.415686
0.403922
0.223529
0.035294
0.043137
0.101961
0.133333
0.152941
0.152941
0.149020
0.145098
0.105882
0.047059
0.164706
0.305882
0.215686
0.215686
0.211765
0.200000
0.184314
0.196078
0.227451
0.243137
0.254902
0.250980
0.235294
0.223529
0.215686
0.203922
0.184314
0.156863
0.109804
0.164706
0.211765
0.070588
0.023529
0.015686
0.007843
0.019608
0.023529
0.015686
0.007843
0.011765
0.043137
0.113725
0.223529
0.274510
0.211765
0.211765
0.215686
0.211765
0.196078
0.192157
0.192157
0.203922
0.231373
0.250980
0.254902
0.254902
0.250980
0.243137
0.215686
0.192157
0.172549
0.137255
0.113725
0.105882
0.113725
0.105882
0.109804
0.129412
0.121569
0.098039
0.086275
0.113725
0.180392
0.231373
0.239216
0.239216
0.223529
0.215686
0.215686
0.211765
0.207843
0.200000
0.196078
0.200000
0.203922
0.215686
0.223529
0.239216
0.247059
0.243137
0.231373
0.215686
0.200000
0.188235
0.184314
0.172549
0.156863
0.160784
0.160784
0.160784
0.160784
0.156863
0.145098
0.137255
0.160784
0.180392
0.188235
0.211765
0.223529
0.211765
0.207843
0.203922
0.196078
0.192157
0.192157
0.200000
0.200000
0.203922
0.200000
0.200000
0.215686
0.227451
0.235294
0.235294
0.223529
0.215686
0.215686
0.203922
0.188235
0.180392
0.168627
0.168627
0.176471
0.176471
0.168627
0.164706
0.156863
0.152941
0.149020
0.156863
0.219608
0.203922
0.200000
0.192157
0.184314
0.180392
0.180392
0.180392
0.192157
0.196078
0.188235
0.180392
0.188235
0.200000
0.215686
0.227451
0.235294
0.235294
0.235294
0.231373
0.215686
0.203922
0.188235
0.184314
0.188235
0.192157
0.184314
0.184314
0.184314
0.180392
0.160784
0.152941
0.219608
0.203922
0.192157
0.184314
0.176471
0.176471
0.172549
0.168627
0.180392
0.184314
0.184314
0.180392
0.172549
0.172549
0.180392
0.196078
0.223529
0.243137
0.250980
0.243137
0.235294
0.227451
0.211765
0.203922
0.203922
0.203922
0.192157
0.196078
0.196078
0.184314
0.180392
0.176471
0.215686
0.196078
0.176471
0.172549
0.168627
0.164706
0.164706
0.160784
0.168627
0.168627
0.164706
0.164706
0.176471
0.176471
0.164706
0.164706
0.184314
0.207843
0.227451
0.239216
0.243137
0.239216
0.231373
0.231373
0.231373
0.227451
0.219608
0.219608
0.211765
0.200000
0.196078
0.188235
0.494118
0.466667
0.462745
0.482353
0.513725
0.529412
0.529412
0.537255
0.545098
0.541176
0.541176
0.541176
0.533333
0.517647
0.505882
0.498039
0.498039
0.517647
0.537255
0.552941
0.564706
0.572549
0.560784
0.533333
0.501961
0.458824
0.427451
0.419608
0.427451
0.439216
0.443137
0.466667
0.482353
0.494118
0.501961
0.529412
0.545098
0.529412
0.517647
0.517647
0.505882
0.490196
0.482353
0.474510
0.478431
0.470588
0.462745
0.458824
0.470588
0.490196
0.509804
0.525490
0.537255
0.541176
0.529412
0.498039
0.458824
0.415686
0.388235
0.388235
0.392157
0.403922
0.419608
0.443137
0.470588
0.474510
0.474510
0.486275
0.494118
0.482353
0.470588
0.466667
0.454902
0.435294
0.431373
0.439216
0.447059
0.443137
0.435294
0.431373
0.431373
0.431373
0.443137
0.458824
0.478431
0.478431
0.474510
0.458824
0.431373
0.396078
0.376471
0.368627
0.364706
0.372549
0.380392
0.400000
0.427451
0.423529
0.427451
0.439216
0.450980
0.450980
0.439216
0.439216
0.431373
0.423529
0.423529
0.431373
0.439216
0.439216
0.431373
0.419608
0.411765
0.407843
0.419608
0.439216
0.454902
0.462745
0.462745
0.462745
0.447059
0.415686
0.392157
0.384314
0.372549
0.372549
0.368627
0.376471
0.392157
0.388235
0.392157
0.407843
0.419608
0.423529
0.411765
0.407843
0.415686
0.419608
0.411765
0.407843
0.411765
0.419608
0.419608
0.411765
0.403922
0.403922
0.415686
0.427451
0.443137
0.454902
0.450980
0.454902
0.443137
0.415686
0.392157
0.388235
0.384314
0.380392
0.372549
0.376471
0.380392
0.372549
0.380392
0.392157
0.396078
0.396078
0.384314
0.376471
0.380392
0.384314
0.380392
0.372549
0.384314
0.392157
0.396078
0.403922
0.419608
0.427451
0.439216
0.447059
0.454902
0.458824
0.447059
0.447059
0.447059
0.423529
0.403922
0.388235
0.388235
0.380392
0.376471
0.388235
0.380392
0.372549
0.372549
0.372549
0.368627
0.368627
0.364706
0.356863
0.349020
0.360784
0.372549
0.380392
0.372549
0.360784
0.376471
0.396078
0.419608
0.439216
0.466667
0.486275
0.490196
0.486275
0.486275
0.482353
0.470588
0.447059
0.431373
0.407843
0.392157
0.380392
0.388235
0.411765
0.380392
0.372549
0.364706
0.356863
0.360784
0.364706
0.372549
0.360784
0.380392
0.388235
0.392157
0.356863
0.317647
0.313725
0.313725
0.345098
0.396078
0.443137
0.482353
0.490196
0.490196
0.498039
0.498039
0.490196
0.474510
0.470588
0.447059
0.423529
0.415686
0.415686
0.427451
0.450980
0.376471
0.360784
0.349020
0.341176
0.360784
0.384314
0.384314
0.388235
0.450980
0.403922
0.329412
0.290196
0.247059
0.239216
0.235294
0.258824
0.321569
0.415686
0.443137
0.447059
0.454902
0.470588
0.474510
0.466667
0.458824
0.462745
0.443137
0.419608
0.419608
0.423529
0.431373
0.454902
0.372549
0.360784
0.294118
0.262745
0.317647
0.376471
0.431373
0.400000
0.498039
0.435294
0.278431
0.333333
0.278431
0.254902
0.258824
0.262745
0.278431
0.345098
0.396078
0.396078
0.407843
0.435294
0.443137
0.439216
0.423529
0.419608
0.411765
0.403922
0.400000
0.396078
0.392157
0.411765
0.372549
0.400000
0.298039
0.196078
0.200000
0.329412
0.564706
0.415686
0.537255
0.619608
0.427451
0.329412
0.345098
0.258824
0.274510
0.282353
0.274510
0.274510
0.317647
0.388235
0.431373
0.447059
0.443137
0.435294
0.431373
0.415686
0.407843
0.403922
0.400000
0.396078
0.392157
0.400000
0.474510
0.513725
0.466667
0.388235
0.337255
0.349020
0.494118
0.443137
0.494118
0.494118
0.388235
0.215686
0.388235
0.298039
0.294118
0.321569
0.325490
0.317647
0.329412
0.427451
0.494118
0.482353
0.466667
0.447059
0.443137
0.435294
0.431373
0.423529
0.423529
0.423529
0.419608
0.431373
0.517647
0.564706
0.560784
0.549020
0.545098
0.513725
0.509804
0.486275
0.450980
0.368627
0.262745
0.266667
0.466667
0.494118
0.466667
0.486275
0.498039
0.494118
0.509804
0.529412
0.537255
0.529412
0.517647
0.501961
0.482353
0.470588
0.447059
0.423529
0.427451
0.435294
0.447059
0.454902
0.388235
0.419608
0.478431
0.482353
0.470588
0.454902
0.505882
0.525490
0.525490
0.505882
0.490196
0.545098
0.592157
0.603922
0.596078
0.588235
0.576471
0.556863
0.552941
0.564706
0.564706
0.556863
0.560784
0.556863
0.552941
0.556863
0.533333
0.486275
0.419608
0.388235
0.419608
0.439216
0.239216
0.192157
0.309804
0.360784
0.360784
0.352941
0.392157
0.419608
0.447059
0.478431
0.513725
0.537255
0.568627
0.556863
0.572549
0.631373
0.623529
0.596078
0.615686
0.662745
0.674510
0.643137
0.607843
0.564706
0.529412
0.564706
0.584314
0.560784
0.486275
0.396078
0.364706
0.376471
0.223529
0.262745
0.223529
0.262745
0.286275
0.286275
0.301961
0.317647
0.345098
0.376471
0.396078
0.407843
0.450980
0.403922
0.415686
0.541176
0.470588
0.376471
0.462745
0.674510
0.796078
0.780392
0.733333
0.584314
0.450980
0.490196
0.533333
0.576471
0.568627
0.517647
0.423529
0.388235
0.243137
0.427451
0.262745
0.192157
0.235294
0.211765
0.207843
0.231373
0.270588
0.301961
0.313725
0.317647
0.349020
0.356863
0.380392
0.368627
0.196078
0.133333
0.164706
0.376471
0.733333
0.835294
0.827451
0.717647
0.549020
0.427451
0.396078
0.470588
0.552941
0.611765
0.564706
0.470588
0.254902
0.470588
0.321569
0.152941
0.231373
0.215686
0.196078
0.188235
0.196078
0.207843
0.219608
0.223529
0.243137
0.294118
0.345098
0.188235
0.125490
0.227451
0.168627
0.121569
0.427451
0.803922
0.823529
0.819608
0.768627
0.643137
0.501961
0.431373
0.521569
0.647059
0.600000
0.447059
0.309804
0.450980
0.329412
0.137255
0.200000
0.231373
0.258824
0.286275
0.290196
0.254902
0.219608
0.200000
0.180392
0.211765
0.219608
0.105882
0.258824
0.325490
0.223529
0.129412
0.184314
0.639216
0.776471
0.764706
0.784314
0.800000
0.780392
0.721569
0.666667
0.635294
0.407843
0.290196
0.333333
0.454902
0.294118
0.098039
0.117647
0.113725
0.149020
0.200000
0.274510
0.325490
0.360784
0.376471
0.321569
0.243137
0.145098
0.121569
0.380392
0.376471
0.305882
0.200000
0.101961
0.454902
0.741176
0.674510
0.670588
0.674510
0.705882
0.705882
0.639216
0.462745
0.196078
0.270588
0.290196
0.333333
0.227451
0.086275
0.074510
0.054902
0.050980
0.058824
0.086275
0.156863
0.247059
0.329412
0.407843
0.411765
0.239216
0.176471
0.380392
0.443137
0.486275
0.250980
0.098039
0.313725
0.607843
0.552941
0.533333
0.529412
0.498039
0.431373
0.349020
0.235294
0.239216
0.435294
0.290196
0.262745
0.235294
0.227451
0.207843
0.160784
0.113725
0.082353
0.054902
0.050980
0.066667
0.109804
0.188235
0.286275
0.211765
0.196078
0.415686
0.392157
0.521569
0.301961
0.105882
0.184314
0.447059
0.439216
0.392157
0.380392
0.388235
0.431373
0.254902
0.117647
0.262745
0.529412
0.266667
0.266667
0.274510
0.294118
0.294118
0.278431
0.239216
0.200000
0.160784
0.109804
0.062745
0.043137
0.035294
0.066667
0.070588
0.137255
0.439216
0.321569
0.415686
0.301961
0.094118
0.184314
0.513725
0.501961
0.415686
0.349020
0.333333
0.403922
0.313725
0.176471
0.215686
0.439216
0.247059
0.247059
0.262745
0.274510
0.294118
0.301961
0.286275
0.266667
0.243137
0.203922
0.164706
0.129412
0.094118
0.062745
0.043137
0.058824
0.384314
0.403922
0.325490
0.305882
0.086275
0.188235
0.513725
0.541176
0.498039
0.447059
0.407843
0.411765
0.368627
0.235294
0.203922
0.360784
0.239216
0.235294
0.239216
0.243137
0.254902
0.270588
0.286275
0.282353
0.266667
0.254902
0.239216
0.219608
0.200000
0.172549
0.137255
0.082353
0.192157
0.443137
0.447059
0.247059
0.043137
0.094118
0.184314
0.223529
0.247059
0.270588
0.270588
0.266667
0.207843
0.121569
0.211765
0.345098
0.231373
0.231373
0.227451
0.215686
0.200000
0.211765
0.243137
0.258824
0.270588
0.278431
0.274510
0.254902
0.243137
0.227451
0.200000
0.160784
0.121569
0.188235
0.243137
0.098039
0.050980
0.066667
0.066667
0.062745
0.054902
0.074510
0.086275
0.098039
0.101961
0.145098
0.247059
0.301961
0.227451
0.223529
0.227451
0.223529
0.211765
0.207843
0.207843
0.219608
0.247059
0.270588
0.274510
0.266667
0.254902
0.243137
0.211765
0.192157
0.180392
0.156863
0.141176
0.145098
0.164706
0.168627
0.164706
0.145098
0.117647
0.129412
0.137255
0.172549
0.211765
0.231373
0.254902
0.262745
0.219608
0.211765
0.211765
0.207843
0.215686
0.215686
0.211765
0.215686
0.219608
0.231373
0.243137
0.250980
0.254902
0.250980
0.239216
0.223529
0.211765
0.203922
0.200000
0.200000
0.196078
0.203922
0.200000
0.188235
0.180392
0.184314
0.180392
0.176471
0.188235
0.196078
0.211765
0.239216
0.211765
0.200000
0.196078
0.192157
0.200000
0.207843
0.207843
0.215686
0.215686
0.219608
0.215686
0.215686
0.235294
0.243137
0.250980
0.250980
0.239216
0.231373
0.231373
0.227451
0.219608
0.211765
0.200000
0.200000
0.207843
0.207843
0.200000
0.196078
0.188235
0.184314
0.176471
0.184314
0.207843
0.196078
0.188235
0.180392
0.188235
0.196078
0.196078
0.196078
0.207843
0.211765
0.203922
0.196078
0.203922
0.215686
0.231373
0.243137
0.250980
0.250980
0.250980
0.250980
0.247059
0.235294
0.219608
0.215686
0.219608
0.223529
0.215686
0.215686
0.215686
0.211765
0.188235
0.180392
0.207843
0.192157
0.180392
0.172549
0.184314
0.192157
0.188235
0.184314
0.196078
0.200000
0.200000
0.196078
0.188235
0.188235
0.196078
0.211765
0.239216
0.258824
0.262745
0.266667
0.266667
0.258824
0.243137
0.235294
0.235294
0.235294
0.227451
0.227451
0.227451
0.215686
0.207843
0.203922
0.203922
0.184314
0.164706
0.160784
0.172549
0.180392
0.176471
0.176471
0.184314
0.184314
0.180392
0.180392
0.192157
0.192157
0.180392
0.180392
0.200000
0.223529
0.243137
0.258824
0.274510
0.274510
0.262745
0.262745
0.262745
0.258824
0.250980
0.250980
0.243137
0.231373
0.223529
0.215686
0.529412
0.478431
0.439216
0.439216
0.427451
0.423529
0.423529
0.435294
0.439216
0.431373
0.427451
0.427451
0.423529
0.407843
0.396078
0.388235
0.384314
0.392157
0.403922
0.419608
0.439216
0.435294
0.415686
0.380392
0.356863
0.345098
0.317647
0.313725
0.317647
0.333333
0.341176
0.364706
0.435294
0.419608
0.400000
0.411765
0.439216
0.431373
0.419608
0.419608
0.407843
0.384314
0.368627
0.364706
0.368627
0.360784
0.356863
0.356863
0.356863
0.364706
0.376471
0.388235
0.400000
0.400000
0.380392
0.341176
0.309804
0.305882
0.286275
0.278431
0.286275
0.301961
0.321569
0.345098
0.403922
0.388235
0.364706
0.364706
0.392157
0.392157
0.376471
0.376471
0.364706
0.337255
0.329412
0.337255
0.345098
0.337255
0.341176
0.337255
0.321569
0.309804
0.305882
0.317647
0.333333
0.333333
0.321569
0.301961
0.290196
0.290196
0.274510
0.266667
0.262745
0.274510
0.290196
0.309804
0.384314
0.368627
0.352941
0.356863
0.364706
0.364706
0.352941
0.352941
0.345098
0.333333
0.325490
0.337255
0.345098
0.341176
0.341176
0.333333
0.309804
0.286275
0.282353
0.294118
0.305882
0.313725
0.313725
0.309804
0.305882
0.309804
0.290196
0.282353
0.270588
0.270588
0.274510
0.282353
0.349020
0.337255
0.329412
0.337255
0.345098
0.345098
0.333333
0.329412
0.333333
0.329412
0.321569
0.317647
0.321569
0.329412
0.333333
0.329412
0.309804
0.290196
0.278431
0.282353
0.298039
0.309804
0.305882
0.305882
0.313725
0.313725
0.294118
0.286275
0.286275
0.278431
0.274510
0.274510
0.298039
0.286275
0.286275
0.298039
0.313725
0.321569
0.309804
0.301961
0.305882
0.301961
0.290196
0.286275
0.298039
0.301961
0.317647
0.325490
0.321569
0.309804
0.298039
0.298039
0.309804
0.309804
0.301961
0.305882
0.317647
0.321569
0.305882
0.290196
0.290196
0.278431
0.274510
0.286275
0.274510
0.247059
0.250980
0.274510
0.294118
0.298039
0.294118
0.294118
0.294118
0.294118
0.301961
0.325490
0.321569
0.301961
0.317647
0.333333
0.325490
0.305882
0.298039
0.305882
0.313725
0.317647
0.321569
0.325490
0.317647
0.313725
0.309804
0.301961
0.298039
0.290196
0.290196
0.309804
0.262745
0.243137
0.258824
0.290196
0.290196
0.282353
0.290196
0.290196
0.321569
0.349020
0.380392
0.360784
0.321569
0.298039
0.294118
0.321569
0.341176
0.352941
0.356863
0.345098
0.341176
0.352941
0.356863
0.352941
0.337255
0.325490
0.309804
0.301961
0.309804
0.317647
0.325490
0.345098
0.262745
0.262745
0.294118
0.329412
0.309804
0.298039
0.301961
0.313725
0.392157
0.400000
0.376471
0.349020
0.294118
0.262745
0.247059
0.262745
0.309804
0.376471
0.380392
0.360784
0.337255
0.352941
0.352941
0.345098
0.329412
0.321569
0.305882
0.290196
0.301961
0.313725
0.321569
0.345098
0.286275
0.313725
0.301961
0.313725
0.317647
0.333333
0.388235
0.364706
0.474510
0.462745
0.345098
0.407843
0.333333
0.282353
0.266667
0.258824
0.262745
0.313725
0.356863
0.321569
0.278431
0.298039
0.294118
0.282353
0.270588
0.290196
0.286275
0.278431
0.278431
0.278431
0.278431
0.298039
0.345098
0.419608
0.368627
0.301961
0.274510
0.372549
0.600000
0.447059
0.572549
0.666667
0.494118
0.400000
0.400000
0.282353
0.282353
0.278431
0.266667
0.258824
0.298039
0.333333
0.313725
0.313725
0.294118
0.274510
0.278431
0.309804
0.305882
0.298039
0.282353
0.278431
0.282353
0.294118
0.525490
0.607843
0.596078
0.537255
0.478431
0.474510
0.592157
0.525490
0.572549
0.568627
0.474510
0.313725
0.474510
0.352941
0.345098
0.388235
0.388235
0.372549
0.380392
0.458824
0.498039
0.462745
0.423529
0.380392
0.364706
0.368627
0.356863
0.333333
0.321569
0.317647
0.325490
0.337255
0.619608
0.698039
0.717647
0.713725
0.721569
0.686275
0.650980
0.603922
0.552941
0.478431
0.388235
0.400000
0.588235
0.592157
0.592157
0.647059
0.654902
0.639216
0.650980
0.670588
0.678431
0.650980
0.615686
0.576471
0.517647
0.447059
0.403922
0.360784
0.341176
0.341176
0.356863
0.360784
0.486275
0.505882
0.592157
0.635294
0.650980
0.631373
0.670588
0.678431
0.674510
0.647059
0.623529
0.674510
0.713725
0.709804
0.725490
0.745098
0.725490
0.709804
0.709804
0.709804
0.686275
0.678431
0.682353
0.686275
0.662745
0.615686
0.580392
0.509804
0.396078
0.329412
0.337255
0.329412
0.325490
0.254902
0.400000
0.509804
0.537255
0.529412
0.568627
0.592157
0.611765
0.631373
0.650980
0.666667
0.690196
0.670588
0.690196
0.760784
0.749020
0.717647
0.737255
0.764706
0.749020
0.729412
0.705882
0.678431
0.643137
0.678431
0.698039
0.662745
0.545098
0.411765
0.337255
0.301961
0.305882
0.325490
0.313725
0.407843
0.458824
0.462745
0.474510
0.482353
0.505882
0.529412
0.545098
0.549020
0.580392
0.529412
0.537255
0.662745
0.576471
0.466667
0.545098
0.741176
0.843137
0.839216
0.800000
0.662745
0.541176
0.611765
0.666667
0.709804
0.690196
0.611765
0.478431
0.380392
0.313725
0.474510
0.341176
0.325490
0.407843
0.388235
0.376471
0.396078
0.435294
0.462745
0.474510
0.466667
0.494118
0.490196
0.501961
0.470588
0.282353
0.200000
0.211765
0.411765
0.764706
0.870588
0.874510
0.768627
0.611765
0.521569
0.501961
0.588235
0.682353
0.741176
0.658824
0.498039
0.313725
0.505882
0.388235
0.274510
0.396078
0.392157
0.364706
0.356863
0.360784
0.372549
0.380392
0.376471
0.392157
0.435294
0.458824
0.274510
0.196078
0.282353
0.207843
0.152941
0.454902
0.831373
0.858824
0.858824
0.815686
0.694118
0.560784
0.501961
0.619608
0.768627
0.698039
0.478431
0.345098
0.470588
0.372549
0.243137
0.360784
0.403922
0.427451
0.450980
0.450980
0.415686
0.384314
0.352941
0.325490
0.345098
0.321569
0.172549
0.321569
0.384314
0.274510
0.172549
0.219608
0.678431
0.819608
0.811765
0.835294
0.850980
0.827451
0.772549
0.749020
0.745098
0.494118
0.321569
0.356863
0.462745
0.325490
0.180392
0.258824
0.274510
0.301961
0.352941
0.423529
0.478431
0.517647
0.529412
0.466667
0.384314
0.247059
0.176471
0.439216
0.439216
0.372549
0.258824
0.149020
0.505882
0.796078
0.729412
0.737255
0.756863
0.768627
0.764706
0.733333
0.584314
0.286275
0.305882
0.333333
0.368627
0.270588
0.145098
0.152941
0.137255
0.133333
0.137255
0.168627
0.250980
0.360784
0.470588
0.572549
0.603922
0.364706
0.219608
0.423529
0.486275
0.529412
0.294118
0.145098
0.360784
0.666667
0.631373
0.631373
0.639216
0.564706
0.482353
0.443137
0.364706
0.333333
0.490196
0.341176
0.309804
0.282353
0.274510
0.254902
0.207843
0.160784
0.129412
0.101961
0.105882
0.133333
0.200000
0.301961
0.427451
0.313725
0.235294
0.454902
0.423529
0.552941
0.337255
0.149020
0.235294
0.517647
0.541176
0.521569
0.501961
0.466667
0.490196
0.356863
0.250980
0.345098
0.580392
0.313725
0.313725
0.321569
0.341176
0.345098
0.325490
0.286275
0.247059
0.207843
0.152941
0.105882
0.082353
0.082353
0.117647
0.117647
0.184314
0.482353
0.360784
0.450980
0.337255
0.137255
0.243137
0.603922
0.631373
0.564706
0.482353
0.427451
0.486275
0.427451
0.305882
0.274510
0.474510
0.294118
0.294118
0.309804
0.321569
0.341176
0.349020
0.333333
0.313725
0.290196
0.258824
0.215686
0.168627
0.125490
0.082353
0.070588
0.105882
0.431373
0.443137
0.360784
0.341176
0.125490
0.243137
0.607843
0.678431
0.650980
0.572549
0.501961
0.498039
0.482353
0.352941
0.243137
0.392157
0.286275
0.282353
0.286275
0.290196
0.301961
0.317647
0.333333
0.329412
0.313725
0.317647
0.305882
0.282353
0.247059
0.211765
0.180392
0.133333
0.243137
0.486275
0.486275
0.282353
0.078431
0.141176
0.262745
0.341176
0.372549
0.360784
0.345098
0.333333
0.294118
0.211765
0.254902
0.384314
0.278431
0.278431
0.274510
0.262745
0.247059
0.258824
0.290196
0.305882
0.321569
0.329412
0.325490
0.313725
0.301961
0.290196
0.254902
0.211765
0.172549
0.235294
0.286275
0.137255
0.078431
0.098039
0.109804
0.133333
0.129412
0.113725
0.113725
0.129412
0.141176
0.196078
0.309804
0.360784
0.278431
0.274510
0.278431
0.274510
0.258824
0.254902
0.254902
0.266667
0.294118
0.301961
0.298039
0.298039
0.298039
0.294118
0.266667
0.243137
0.231373
0.203922
0.188235
0.184314
0.192157
0.192157
0.188235
0.176471
0.149020
0.137255
0.145098
0.180392
0.223529
0.258824
0.325490
0.337255
0.286275
0.278431
0.278431
0.274510
0.266667
0.262745
0.258824
0.262745
0.266667
0.266667
0.266667
0.278431
0.294118
0.290196
0.282353
0.274510
0.262745
0.250980
0.250980
0.247059
0.235294
0.239216
0.235294
0.227451
0.219608
0.215686
0.211765
0.207843
0.219608
0.235294
0.278431
0.305882
0.290196
0.274510
0.270588
0.266667
0.258824
0.254902
0.254902
0.262745
0.262745
0.258824
0.250980
0.250980
0.270588
0.278431
0.294118
0.298039
0.286275
0.278431
0.278431
0.274510
0.262745
0.254902
0.243137
0.243137
0.250980
0.250980
0.247059
0.239216
0.231373
0.231373
0.235294
0.247059
0.282353
0.266667
0.262745
0.254902
0.247059
0.243137
0.243137
0.243137
0.254902
0.254902
0.239216
0.231373
0.239216
0.250980
0.274510
0.294118
0.298039
0.298039
0.298039
0.298039
0.294118
0.278431
0.262745
0.258824
0.262745
0.266667
0.258824
0.258824
0.258824
0.258824
0.250980
0.243137
0.282353
0.266667
0.254902
0.247059
0.243137
0.239216
0.235294
0.231373
0.243137
0.243137
0.235294
0.231373
0.223529
0.223529
0.235294
0.258824
0.286275
0.305882
0.309804
0.313725
0.309804
0.301961
0.286275
0.278431
0.278431
0.278431
0.266667
0.270588
0.270588
0.262745
0.270588
0.266667
0.282353
0.258824
0.239216
0.235294
0.231373
0.227451
0.227451
0.223529
0.231373
0.223529
0.215686
0.215686
0.227451
0.227451
0.223529
0.227451
0.247059
0.270588
0.290196
0.305882
0.317647
0.317647
0.305882
0.305882
0.305882
0.301961
0.294118
0.294118
0.286275
0.274510
0.282353
0.278431
