1.000000
0.968627
0.937255
0.988235
0.956863
0.956863
0.988235
0.984314
0.980392
0.980392
0.984314
0.980392
0.972549
0.976471
0.980392
0.984314
0.992157
0.992157
0.988235
0.956863
0.898039
0.847059
0.776471
0.764706
0.819608
0.882353
0.949020
0.976471
0.984314
0.964706
0.956863
0.984314
1.000000
0.960784
0.933333
0.972549
0.933333
0.956863
0.984314
0.984314
0.976471
0.980392
0.980392
0.976471
0.980392
0.984314
0.992157
0.992157
0.898039
0.862745
0.862745
0.792157
0.772549
0.694118
0.501961
0.415686
0.450980
0.556863
0.792157
0.831373
0.901961
0.937255
0.917647
0.956863
1.000000
0.952941
0.941176
0.980392
0.968627
0.972549
0.972549
0.976471
0.980392
0.988235
0.984314
0.976471
0.980392
0.988235
0.960784
0.843137
0.686275
0.647059
0.627451
0.780392
0.878431
0.776471
0.635294
0.494118
0.368627
0.415686
0.560784
0.635294
0.788235
0.925490
0.874510
0.964706
1.000000
0.929412
0.956863
0.964706
0.941176
0.980392
0.976471
0.976471
0.984314
0.984314
0.980392
0.976471
0.968627
0.886275
0.803922
0.835294
0.866667
0.835294
0.705882
0.800000
0.858824
0.764706
0.678431
0.568627
0.352941
0.266667
0.380392
0.525490
0.678431
0.866667
0.858824
0.894118
0.992157
0.921569
0.956863
0.956863
0.921569
0.968627
0.968627
0.964706
0.984314
0.984314
0.976471
0.992157
0.913725
0.694118
0.807843
0.964706
0.901961
0.831373
0.733333
0.796078
0.772549
0.670588
0.564706
0.407843
0.215686
0.121569
0.247059
0.400000
0.588235
0.749020
0.854902
0.862745
0.980392
0.921569
0.960784
0.960784
0.949020
0.952941
0.941176
0.937255
0.980392
0.984314
0.968627
0.921569
0.745098
0.776471
0.921569
0.909804
0.823529
0.725490
0.580392
0.784314
0.780392
0.662745
0.537255
0.380392
0.172549
0.125490
0.184314
0.309804
0.505882
0.623529
0.760784
0.756863
0.956863
0.917647
0.960784
0.941176
0.933333
0.945098
0.976471
0.956863
0.929412
0.921569
0.913725
0.815686
0.749020
0.964706
0.913725
0.823529
0.752941
0.611765
0.474510
0.788235
0.788235
0.662745
0.596078
0.384314
0.164706
0.109804
0.117647
0.282353
0.423529
0.607843
0.760784
0.658824
0.956863
0.956863
0.968627
0.945098
0.925490
0.917647
0.960784
0.941176
0.898039
0.905882
0.968627
0.850980
0.886275
0.945098
0.823529
0.709804
0.674510
0.541176
0.447059
0.827451
0.858824
0.658824
0.466667
0.305882
0.164706
0.109804
0.129412
0.231373
0.352941
0.580392
0.721569
0.607843
0.956863
0.952941
0.964706
0.964706
0.937255
0.913725
0.949020
0.937255
0.925490
0.945098
0.949020
0.839216
0.945098
0.913725
0.701961
0.627451
0.623529
0.537255
0.572549
0.909804
0.933333
0.800000
0.490196
0.188235
0.192157
0.152941
0.149020
0.231373
0.407843
0.592157
0.623529
0.537255
0.945098
0.933333
0.956863
0.937255
0.933333
0.960784
0.972549
0.945098
0.925490
0.952941
0.882353
0.878431
0.956863
0.866667
0.611765
0.592157
0.517647
0.419608
0.623529
0.839216
0.666667
0.572549
0.447059
0.231373
0.149020
0.109804
0.160784
0.239216
0.470588
0.686275
0.568627
0.521569
0.937255
0.937255
0.921569
0.905882
0.925490
0.956863
0.952941
0.925490
0.949020
0.949020
0.882353
0.929412
0.921569
0.776471
0.596078
0.529412
0.419608
0.305882
0.474510
0.729412
0.572549
0.560784
0.431373
0.266667
0.117647
0.215686
0.301961
0.270588
0.533333
0.780392
0.650980
0.639216
0.964706
0.945098
0.901961
0.917647
0.933333
0.941176
0.929412
0.929412
0.952941
0.921569
0.874510
0.913725
0.898039
0.725490
0.580392
0.490196
0.447059
0.521569
0.725490
0.800000
0.564706
0.576471
0.466667
0.231373
0.168627
0.356863
0.392157
0.298039
0.588235
0.894118
0.827451
0.854902
0.949020
0.921569
0.862745
0.898039
0.937255
0.933333
0.917647
0.909804
0.921569
0.905882
0.909804
0.925490
0.890196
0.721569
0.600000
0.541176
0.682353
0.831373
0.894118
0.678431
0.396078
0.392157
0.349020
0.145098
0.215686
0.317647
0.329412
0.392157
0.705882
0.941176
0.898039
0.968627
0.956863
0.874510
0.823529
0.925490
0.956863
0.925490
0.901961
0.905882
0.913725
0.913725
0.937255
0.937255
0.921569
0.760784
0.603922
0.615686
0.850980
0.921569
0.823529
0.462745
0.247059
0.298039
0.235294
0.090196
0.168627
0.231373
0.203922
0.329412
0.729412
0.960784
0.929412
0.952941
0.976471
0.890196
0.843137
0.952941
0.956863
0.913725
0.917647
0.905882
0.901961
0.921569
0.941176
0.933333
0.949020
0.815686
0.627451
0.784314
0.949020
0.952941
0.874510
0.462745
0.219608
0.258824
0.250980
0.137255
0.156863
0.188235
0.192157
0.388235
0.772549
0.941176
0.952941
0.945098
0.949020
0.913725
0.858824
0.949020
0.952941
0.933333
0.937255
0.894118
0.898039
0.937255
0.945098
0.925490
0.937255
0.882353
0.784314
0.905882
0.964706
0.964706
0.901961
0.596078
0.298039
0.254902
0.254902
0.227451
0.207843
0.262745
0.486275
0.776471
0.929412
0.952941
0.937255
0.937255
0.898039
0.874510
0.890196
0.925490
0.952941
0.945098
0.941176
0.905882
0.909804
0.941176
0.945098
0.925490
0.933333
0.952941
0.952941
0.952941
0.964706
0.960784
0.909804
0.764706
0.537255
0.521569
0.396078
0.427451
0.596078
0.611765
0.792157
0.929412
0.964706
0.952941
0.921569
0.937255
0.952941
0.949020
0.949020
0.929412
0.956863
0.937255
0.933333
0.913725
0.909804
0.941176
0.952941
0.925490
0.945098
0.988235
0.988235
0.976471
0.980392
0.968627
0.921569
0.882353
0.835294
0.901961
0.803922
0.800000
0.941176
0.913725
0.913725
0.949020
0.968627
0.949020
0.937255
0.952941
0.988235
0.976471
0.956863
0.945098
0.933333
0.933333
0.937255
0.917647
0.917647
0.949020
0.945098
0.925490
0.956863
0.976471
0.980392
0.988235
0.988235
0.976471
0.956863
0.929412
0.921569
0.949020
0.956863
0.937255
0.960784
0.976471
0.952941
0.960784
0.960784
0.949020
0.949020
0.960784
0.988235
0.949020
0.937255
0.941176
0.933333
0.945098
0.945098
0.917647
0.909804
0.941176
0.937255
0.917647
0.937255
0.956863
0.988235
0.996078
0.972549
0.976471
0.964706
0.933333
0.933333
0.949020
0.952941
0.972549
0.984314
0.972549
0.956863
0.972549
0.949020
0.937255
0.956863
0.968627
0.976471
0.949020
0.949020
0.960784
0.968627
0.952941
0.960784
0.925490
0.905882
0.929412
0.925490
0.882353
0.905882
0.945098
0.976471
0.988235
0.972549
0.980392
0.968627
0.952941
0.964706
0.984314
0.980392
0.984314
0.980392
0.964706
0.952941
0.972549
0.945098
0.929412
0.972549
0.984314
0.996078
0.968627
0.968627
0.968627
0.960784
0.937255
0.960784
0.941176
0.913725
0.917647
0.921569
0.882353
0.866667
0.913725
0.949020
0.980392
0.988235
0.984314
0.976471
0.980392
0.984314
0.988235
0.996078
0.992157
0.984314
0.960784
0.945098
0.952941
0.937255
0.929412
0.956863
0.992157
0.984314
0.952941
0.956863
0.949020
0.941176
0.929412
0.964706
0.945098
0.925490
0.929412
0.913725
0.866667
0.819608
0.866667
0.917647
0.956863
0.984314
0.988235
0.972549
0.960784
0.976471
0.988235
0.992157
0.996078
0.992157
0.968627
0.941176
0.945098
0.929412
0.929412
0.937255
0.960784
0.972549
0.949020
0.945098
0.952941
0.937255
0.878431
0.858824
0.890196
0.901961
0.925490
0.901961
0.894118
0.839216
0.827451
0.886275
0.941176
0.972549
0.992157
0.980392
0.952941
0.960784
0.984314
0.992157
0.996078
0.996078
0.976471
0.945098
0.952941
0.949020
0.917647
0.847059
0.917647
0.992157
0.972549
0.976471
0.988235
0.980392
0.941176
0.807843
0.803922
0.862745
0.882353
0.898039
0.949020
0.901961
0.839216
0.882353
0.921569
0.952941
0.972549
0.984314
0.964706
0.968627
0.988235
0.992157
1.000000
1.000000
0.976471
0.941176
0.952941
0.960784
0.921569
0.878431
0.905882
0.996078
0.968627
0.972549
0.980392
0.988235
0.984314
0.905882
0.823529
0.850980
0.866667
0.909804
0.952941
0.941176
0.894118
0.909804
0.901961
0.909804
0.933333
0.960784
0.980392
0.988235
0.988235
0.992157
0.992157
0.984314
0.952941
0.937255
0.956863
0.964706
0.901961
0.913725
0.949020
1.000000
0.980392
0.980392
0.976471
0.968627
0.976471
0.964706
0.917647
0.866667
0.886275
0.917647
0.909804
0.925490
0.956863
0.941176
0.921569
0.901961
0.913725
0.949020
0.980392
0.992157
0.984314
0.980392
0.976471
0.976471
0.960784
0.960784
0.964706
0.960784
0.960784
0.941176
0.949020
0.988235
0.976471
0.976471
0.972549
0.968627
0.980392
0.976471
0.945098
0.905882
0.898039
0.909804
0.894118
0.870588
0.921569
0.941176
0.909804
0.901961
0.898039
0.921569
0.956863
0.968627
0.968627
0.952941
0.956863
0.972549
0.956863
0.949020
0.968627
0.980392
0.992157
0.980392
0.996078
0.996078
0.976471
0.976471
0.972549
0.972549
0.992157
0.980392
0.968627
0.956863
0.890196
0.913725
0.937255
0.843137
0.839216
0.901961
0.929412
0.960784
0.913725
0.819608
0.874510
0.937255
0.929412
0.917647
0.937255
0.941176
0.933333
0.960784
0.984314
0.988235
0.976471
0.988235
1.000000
0.980392
0.972549
0.976471
0.972549
0.972549
0.972549
0.956863
0.952941
0.952941
0.933333
0.925490
0.905882
0.890196
0.941176
0.870588
0.874510
0.909804
0.858824
0.737255
0.768627
0.854902
0.858824
0.878431
0.898039
0.913725
0.968627
0.988235
0.988235
0.960784
0.972549
0.996078
1.000000
0.996078
0.976471
0.972549
0.968627
0.952941
0.956863
0.968627
0.976471
0.988235
0.968627
0.929412
0.945098
0.992157
1.000000
0.827451
0.725490
0.666667
0.639216
0.713725
0.819608
0.827451
0.847059
0.870588
0.913725
0.956863
0.984314
0.984314
0.960784
0.964706
0.980392
0.984314
1.000000
0.992157
0.976471
0.988235
0.988235
0.976471
0.984314
0.984314
0.984314
0.964706
0.968627
0.988235
0.996078
0.988235
0.976471
0.909804
0.776471
0.709804
0.725490
0.815686
0.949020
0.956863
0.949020
0.941176
0.964706
0.960784
0.976471
0.976471
0.976471
0.988235
0.972549
0.980392
0.984314
0.345098
0.290196
0.254902
0.321569
0.262745
0.258824
0.313725
0.325490
0.325490
0.321569
0.321569
0.317647
0.309804
0.317647
0.313725
0.313725
0.329412
0.349020
0.360784
0.301961
0.239216
0.223529
0.219608
0.250980
0.301961
0.313725
0.325490
0.333333
0.337255
0.321569
0.321569
0.349020
0.337255
0.282353
0.270588
0.349020
0.309804
0.313725
0.337255
0.333333
0.329412
0.325490
0.321569
0.313725
0.321569
0.325490
0.325490
0.313725
0.243137
0.278431
0.349020
0.321569
0.349020
0.349020
0.243137
0.196078
0.207843
0.254902
0.407843
0.392157
0.423529
0.427451
0.352941
0.333333
0.337255
0.298039
0.349020
0.470588
0.470588
0.423529
0.364706
0.337255
0.329412
0.325490
0.321569
0.309804
0.317647
0.325490
0.294118
0.227451
0.172549
0.250980
0.329412
0.572549
0.713725
0.643137
0.533333
0.396078
0.250980
0.282353
0.403922
0.447059
0.600000
0.701961
0.427451
0.309804
0.337255
0.329412
0.470588
0.600000
0.592157
0.549020
0.423529
0.345098
0.329412
0.321569
0.317647
0.313725
0.301961
0.231373
0.250980
0.427451
0.600000
0.627451
0.517647
0.650980
0.737255
0.650980
0.556863
0.427451
0.211765
0.145098
0.278431
0.407843
0.584314
0.780392
0.568627
0.364706
0.337255
0.356863
0.552941
0.698039
0.670588
0.623529
0.474510
0.349020
0.321569
0.313725
0.313725
0.325490
0.254902
0.105882
0.439216
0.760784
0.792157
0.705882
0.560784
0.647059
0.658824
0.580392
0.466667
0.301961
0.121569
0.047059
0.180392
0.313725
0.478431
0.631373
0.686275
0.552941
0.317647
0.384314
0.607843
0.768627
0.752941
0.647059
0.482353
0.352941
0.325490
0.317647
0.329412
0.282353
0.188235
0.403922
0.705882
0.741176
0.674510
0.588235
0.443137
0.654902
0.662745
0.556863
0.439216
0.286275
0.094118
0.047059
0.098039
0.211765
0.388235
0.498039
0.635294
0.556863
0.337255
0.450980
0.682353
0.811765
0.796078
0.709804
0.592157
0.439216
0.345098
0.356863
0.403922
0.341176
0.400000
0.800000
0.760784
0.647059
0.588235
0.474510
0.356863
0.670588
0.674510
0.552941
0.490196
0.282353
0.074510
0.023529
0.019608
0.172549
0.309804
0.494118
0.654902
0.513725
0.400000
0.584314
0.776471
0.854902
0.784314
0.705882
0.682353
0.588235
0.517647
0.584314
0.682353
0.588235
0.717647
0.870588
0.686275
0.541176
0.513725
0.407843
0.337255
0.729412
0.760784
0.556863
0.364706
0.211765
0.078431
0.023529
0.031373
0.125490
0.235294
0.462745
0.623529
0.505882
0.431373
0.635294
0.800000
0.847059
0.737255
0.694118
0.764706
0.768627
0.772549
0.847059
0.811765
0.678431
0.823529
0.803922
0.556863
0.466667
0.470588
0.407843
0.470588
0.831373
0.854902
0.713725
0.396078
0.094118
0.105882
0.062745
0.050980
0.121569
0.290196
0.466667
0.509804
0.423529
0.427451
0.627451
0.768627
0.756863
0.733333
0.792157
0.866667
0.870588
0.866667
0.890196
0.729412
0.721569
0.831373
0.709804
0.454902
0.435294
0.368627
0.294118
0.529412
0.780392
0.607843
0.498039
0.360784
0.137255
0.062745
0.027451
0.062745
0.129412
0.352941
0.552941
0.431373
0.368627
0.415686
0.611765
0.682353
0.678431
0.749020
0.819608
0.839216
0.827451
0.858824
0.811765
0.678431
0.745098
0.780392
0.619608
0.447059
0.388235
0.282353
0.184314
0.380392
0.674510
0.513725
0.486275
0.337255
0.172549
0.039216
0.129412
0.207843
0.172549
0.423529
0.631373
0.447059
0.345098
0.411765
0.552941
0.603922
0.658824
0.752941
0.768627
0.752941
0.780392
0.835294
0.764706
0.694118
0.741176
0.737255
0.572549
0.439216
0.356863
0.325490
0.411765
0.639216
0.745098
0.505882
0.498039
0.364706
0.133333
0.098039
0.270588
0.294118
0.215686
0.498039
0.741176
0.552941
0.396078
0.309804
0.407843
0.494118
0.650980
0.764706
0.756863
0.721569
0.737255
0.784314
0.756863
0.760784
0.784314
0.752941
0.580392
0.450980
0.411765
0.580392
0.752941
0.831373
0.623529
0.329412
0.309804
0.250980
0.050980
0.133333
0.215686
0.219608
0.301961
0.627451
0.839216
0.666667
0.525490
0.235294
0.258824
0.403922
0.698039
0.807843
0.752941
0.705882
0.717647
0.756863
0.776471
0.819608
0.835294
0.819608
0.639216
0.458824
0.501961
0.780392
0.874510
0.776471
0.403922
0.176471
0.215686
0.145098
0.000000
0.070588
0.121569
0.094118
0.239216
0.670588
0.913725
0.760784
0.560784
0.239216
0.258824
0.419608
0.741176
0.835294
0.772549
0.733333
0.717647
0.737255
0.803922
0.862745
0.878431
0.882353
0.721569
0.501961
0.694118
0.905882
0.921569
0.831373
0.392157
0.141176
0.180392
0.164706
0.050980
0.066667
0.082353
0.098039
0.317647
0.737255
0.921569
0.815686
0.576471
0.247059
0.341176
0.478431
0.745098
0.858824
0.823529
0.776471
0.717647
0.741176
0.835294
0.890196
0.901961
0.898039
0.803922
0.690196
0.850980
0.945098
0.937255
0.847059
0.517647
0.215686
0.176471
0.172549
0.149020
0.129412
0.176471
0.411765
0.737255
0.913725
0.925490
0.803922
0.584314
0.247059
0.400000
0.568627
0.717647
0.854902
0.870588
0.815686
0.737255
0.756863
0.850980
0.905882
0.909804
0.905882
0.901961
0.901961
0.921569
0.949020
0.941176
0.866667
0.694118
0.466667
0.450980
0.325490
0.360784
0.541176
0.556863
0.741176
0.898039
0.949020
0.921569
0.772549
0.568627
0.333333
0.552941
0.690196
0.725490
0.847059
0.894118
0.839216
0.752941
0.756863
0.858824
0.901961
0.894118
0.925490
0.972549
0.972549
0.960784
0.964706
0.952941
0.901961
0.835294
0.780392
0.854902
0.752941
0.749020
0.909804
0.882353
0.882353
0.917647
0.949020
0.929412
0.780392
0.568627
0.450980
0.662745
0.772549
0.796078
0.839216
0.901961
0.858824
0.768627
0.768627
0.858824
0.882353
0.882353
0.937255
0.972549
0.972549
0.972549
0.972549
0.960784
0.941176
0.905882
0.898039
0.921569
0.925490
0.909804
0.937255
0.952941
0.933333
0.937255
0.949020
0.937255
0.792157
0.572549
0.584314
0.749020
0.847059
0.850980
0.835294
0.898039
0.878431
0.784314
0.776471
0.843137
0.850980
0.843137
0.898039
0.949020
0.976471
0.980392
0.960784
0.960784
0.949020
0.925490
0.925490
0.941176
0.945098
0.964706
0.968627
0.956863
0.941176
0.952941
0.937255
0.925490
0.792157
0.560784
0.619608
0.784314
0.858824
0.839216
0.807843
0.858824
0.890196
0.807843
0.788235
0.835294
0.811765
0.764706
0.815686
0.898039
0.956863
0.976471
0.956863
0.964706
0.952941
0.945098
0.956863
0.980392
0.972549
0.972549
0.972549
0.952941
0.945098
0.960784
0.941176
0.905882
0.776471
0.545098
0.600000
0.745098
0.788235
0.737255
0.709804
0.784314
0.870588
0.835294
0.811765
0.827451
0.792157
0.725490
0.725490
0.823529
0.921569
0.964706
0.972549
0.968627
0.960784
0.964706
0.972549
0.976471
0.980392
0.976471
0.976471
0.952941
0.937255
0.949020
0.933333
0.882353
0.725490
0.517647
0.474510
0.552941
0.588235
0.537255
0.501961
0.619608
0.815686
0.847059
0.815686
0.815686
0.800000
0.713725
0.658824
0.756863
0.878431
0.941176
0.968627
0.976471
0.956863
0.952941
0.968627
0.984314
0.988235
0.988235
0.992157
0.968627
0.941176
0.937255
0.905882
0.815686
0.662745
0.541176
0.309804
0.356863
0.364706
0.352941
0.345098
0.415686
0.580392
0.725490
0.760784
0.772549
0.776471
0.741176
0.670588
0.701961
0.803922
0.878431
0.929412
0.960784
0.960784
0.949020
0.964706
0.984314
0.992157
0.996078
0.984314
0.968627
0.941176
0.941176
0.905882
0.756863
0.552941
0.568627
0.329412
0.356863
0.356863
0.352941
0.356863
0.356863
0.349020
0.498039
0.666667
0.705882
0.760784
0.807843
0.745098
0.717647
0.772549
0.819608
0.878431
0.933333
0.968627
0.960784
0.968627
0.984314
0.992157
0.992157
0.976471
0.968627
0.945098
0.937255
0.894118
0.729412
0.525490
0.470588
0.384314
0.372549
0.368627
0.360784
0.341176
0.305882
0.290196
0.364706
0.549020
0.662745
0.788235
0.843137
0.819608
0.803922
0.819608
0.807843
0.835294
0.905882
0.968627
0.972549
0.980392
0.980392
0.980392
0.980392
0.976471
0.964706
0.937255
0.905882
0.811765
0.568627
0.509804
0.592157
0.309804
0.305882
0.309804
0.313725
0.313725
0.294118
0.290196
0.341176
0.423529
0.603922
0.752941
0.776471
0.788235
0.850980
0.847059
0.807843
0.788235
0.847059
0.929412
0.968627
0.980392
0.972549
0.964706
0.960784
0.949020
0.933333
0.874510
0.764706
0.631373
0.490196
0.423529
0.474510
0.290196
0.294118
0.309804
0.325490
0.333333
0.321569
0.301961
0.305882
0.345098
0.505882
0.658824
0.686275
0.654902
0.721569
0.776471
0.745098
0.729412
0.745098
0.827451
0.921569
0.945098
0.945098
0.929412
0.909804
0.874510
0.815686
0.713725
0.572549
0.478431
0.439216
0.380392
0.415686
0.317647
0.317647
0.325490
0.321569
0.309804
0.325490
0.317647
0.317647
0.341176
0.423529
0.564706
0.635294
0.494118
0.427451
0.576471
0.792157
0.858824
0.752941
0.658824
0.741176
0.835294
0.843137
0.811765
0.772549
0.682353
0.596078
0.529412
0.466667
0.427451
0.380392
0.364706
0.443137
0.298039
0.305882
0.317647
0.317647
0.321569
0.321569
0.309804
0.301961
0.313725
0.360784
0.439216
0.462745
0.407843
0.396078
0.486275
0.776471
0.882353
0.721569
0.529412
0.482353
0.588235
0.611765
0.607843
0.572549
0.505882
0.498039
0.454902
0.419608
0.380392
0.380392
0.407843
0.470588
0.321569
0.321569
0.317647
0.321569
0.333333
0.349020
0.341176
0.341176
0.352941
0.325490
0.325490
0.388235
0.419608
0.407843
0.400000
0.564706
0.596078
0.454902
0.392157
0.349020
0.349020
0.388235
0.392157
0.411765
0.427451
0.419608
0.392157
0.360784
0.384314
0.415686
0.450980
0.482353
0.309804
0.313725
0.329412
0.337255
0.352941
0.372549
0.356863
0.345098
0.325490
0.333333
0.384314
0.411765
0.384314
0.352941
0.364706
0.411765
0.435294
0.356863
0.309804
0.337255
0.337255
0.337255
0.325490
0.345098
0.352941
0.352941
0.349020
0.376471
0.419608
0.435294
0.470588
0.443137
0.494118
0.443137
0.407843
0.474510
0.431373
0.427451
0.470588
0.478431
0.474510
0.474510
0.474510
0.470588
0.462745
0.466667
0.466667
0.466667
0.486275
0.498039
0.501961
0.443137
0.384314
0.364706
0.341176
0.364706
0.415686
0.439216
0.462745
0.470588
0.478431
0.466667
0.466667
0.490196
0.490196
0.431373
0.407843
0.470588
0.439216
0.454902
0.478431
0.482353
0.478431
0.474510
0.474510
0.466667
0.474510
0.478431
0.478431
0.466667
0.388235
0.400000
0.447059
0.415686
0.431373
0.411765
0.282353
0.227451
0.239216
0.301961
0.474510
0.470588
0.513725
0.529412
0.474510
0.470588
0.486275
0.431373
0.447059
0.537255
0.541176
0.517647
0.486275
0.478431
0.482353
0.478431
0.474510
0.462745
0.470588
0.478431
0.439216
0.352941
0.262745
0.301961
0.352941
0.580392
0.717647
0.643137
0.529412
0.396078
0.250980
0.286275
0.407843
0.458824
0.603922
0.705882
0.505882
0.458824
0.482353
0.439216
0.521569
0.603922
0.596078
0.592157
0.525490
0.486275
0.486275
0.478431
0.470588
0.466667
0.454902
0.376471
0.352941
0.482353
0.607843
0.615686
0.498039
0.631373
0.717647
0.639216
0.552941
0.435294
0.231373
0.156863
0.274510
0.403922
0.560784
0.741176
0.596078
0.470588
0.478431
0.450980
0.572549
0.658824
0.631373
0.631373
0.549020
0.478431
0.478431
0.470588
0.466667
0.478431
0.407843
0.231373
0.478431
0.741176
0.737255
0.658824
0.529412
0.615686
0.627451
0.549020
0.447059
0.294118
0.133333
0.050980
0.176471
0.305882
0.466667
0.603922
0.674510
0.592157
0.454902
0.470588
0.619608
0.717647
0.701961
0.639216
0.533333
0.454902
0.458824
0.458824
0.470588
0.427451
0.309804
0.466667
0.698039
0.705882
0.623529
0.541176
0.407843
0.611765
0.623529
0.529412
0.423529
0.278431
0.098039
0.054902
0.105882
0.219608
0.388235
0.470588
0.619608
0.572549
0.458824
0.509804
0.674510
0.745098
0.725490
0.674510
0.615686
0.513725
0.447059
0.462745
0.498039
0.431373
0.454902
0.800000
0.741176
0.615686
0.541176
0.431373
0.317647
0.627451
0.639216
0.529412
0.482353
0.282353
0.082353
0.031373
0.027451
0.188235
0.309804
0.462745
0.635294
0.513725
0.501961
0.615686
0.737255
0.772549
0.713725
0.662745
0.670588
0.607843
0.552941
0.607843
0.705882
0.607843
0.709804
0.839216
0.662745
0.513725
0.474510
0.368627
0.301961
0.686275
0.725490
0.537255
0.360784
0.215686
0.086275
0.031373
0.043137
0.141176
0.235294
0.435294
0.603922
0.490196
0.521569
0.647059
0.752941
0.772549
0.686275
0.654902
0.721569
0.725490
0.733333
0.796078
0.780392
0.662745
0.800000
0.784314
0.545098
0.443137
0.431373
0.376471
0.443137
0.788235
0.819608
0.698039
0.396078
0.101961
0.113725
0.070588
0.058824
0.137255
0.294118
0.439216
0.494118
0.411765
0.517647
0.635294
0.729412
0.705882
0.682353
0.737255
0.800000
0.796078
0.792157
0.827451
0.705882
0.701961
0.811765
0.705882
0.450980
0.411765
0.333333
0.262745
0.501961
0.733333
0.572549
0.478431
0.360784
0.149020
0.070588
0.031373
0.074510
0.145098
0.352941
0.529412
0.423529
0.368627
0.498039
0.623529
0.654902
0.643137
0.690196
0.745098
0.760784
0.749020
0.788235
0.772549
0.670588
0.737255
0.764706
0.619608
0.443137
0.364706
0.247059
0.160784
0.364706
0.643137
0.486275
0.478431
0.349020
0.188235
0.047059
0.137255
0.215686
0.180392
0.419608
0.611765
0.458824
0.388235
0.498039
0.576471
0.588235
0.627451
0.698039
0.698039
0.674510
0.701961
0.764706
0.729412
0.678431
0.729412
0.729412
0.568627
0.435294
0.337255
0.294118
0.400000
0.639216
0.733333
0.498039
0.505882
0.388235
0.156863
0.101961
0.278431
0.298039
0.207843
0.482353
0.729412
0.584314
0.482353
0.431373
0.478431
0.505882
0.619608
0.709804
0.690196
0.647059
0.662745
0.717647
0.721569
0.733333
0.760784
0.733333
0.572549
0.447059
0.392157
0.549020
0.729412
0.819608
0.611765
0.329412
0.317647
0.270588
0.070588
0.145098
0.231373
0.227451
0.298039
0.611765
0.819608
0.682353
0.603922
0.388235
0.368627
0.439216
0.662745
0.745098
0.682353
0.631373
0.650980
0.698039
0.737255
0.780392
0.800000
0.792157
0.619608
0.447059
0.482353
0.749020
0.843137
0.752941
0.392157
0.176471
0.223529
0.168627
0.015686
0.086275
0.137255
0.105882
0.235294
0.650980
0.886275
0.756863
0.615686
0.403922
0.384314
0.466667
0.709804
0.764706
0.694118
0.654902
0.650980
0.682353
0.756863
0.811765
0.823529
0.843137
0.694118
0.474510
0.670588
0.878431
0.886275
0.800000
0.380392
0.141176
0.188235
0.184314
0.070588
0.078431
0.098039
0.101961
0.305882
0.713725
0.898039
0.800000
0.619608
0.403922
0.447059
0.513725
0.717647
0.780392
0.733333
0.690196
0.643137
0.682353
0.780392
0.831373
0.839216
0.847059
0.768627
0.650980
0.815686
0.917647
0.905882
0.811765
0.509804
0.219608
0.184314
0.192157
0.164706
0.137255
0.184314
0.407843
0.713725
0.886275
0.913725
0.788235
0.619608
0.392157
0.478431
0.592157
0.698039
0.788235
0.772549
0.725490
0.670588
0.705882
0.792157
0.835294
0.843137
0.862745
0.886275
0.878431
0.901961
0.933333
0.921569
0.847059
0.682353
0.458824
0.450980
0.333333
0.368627
0.541176
0.556863
0.733333
0.878431
0.929412
0.905882
0.764706
0.615686
0.470588
0.607843
0.694118
0.709804
0.792157
0.796078
0.745098
0.694118
0.717647
0.800000
0.827451
0.831373
0.894118
0.968627
0.968627
0.956863
0.960784
0.949020
0.894118
0.815686
0.764706
0.843137
0.749020
0.749020
0.901961
0.874510
0.874510
0.909804
0.937255
0.901961
0.780392
0.631373
0.556863
0.690196
0.745098
0.756863
0.776471
0.807843
0.772549
0.713725
0.725490
0.803922
0.811765
0.815686
0.898039
0.952941
0.964706
0.968627
0.968627
0.956863
0.933333
0.882353
0.878431
0.909804
0.921569
0.901961
0.933333
0.949020
0.925490
0.929412
0.933333
0.905882
0.792157
0.635294
0.647059
0.729412
0.784314
0.784314
0.768627
0.815686
0.803922
0.737255
0.729412
0.788235
0.792157
0.784314
0.847059
0.913725
0.968627
0.976471
0.956863
0.956863
0.941176
0.905882
0.905882
0.925490
0.937255
0.960784
0.964706
0.952941
0.937255
0.952941
0.929412
0.898039
0.796078
0.631373
0.658824
0.749020
0.788235
0.772549
0.760784
0.803922
0.835294
0.760784
0.733333
0.780392
0.760784
0.713725
0.772549
0.866667
0.949020
0.972549
0.952941
0.960784
0.949020
0.929412
0.941176
0.968627
0.972549
0.976471
0.972549
0.956863
0.949020
0.964706
0.933333
0.882353
0.788235
0.627451
0.647059
0.725490
0.745098
0.705882
0.694118
0.752941
0.831373
0.792157
0.752941
0.772549
0.749020
0.682353
0.690196
0.796078
0.913725
0.960784
0.968627
0.964706
0.956863
0.952941
0.960784
0.972549
0.988235
0.988235
0.980392
0.956863
0.941176
0.949020
0.925490
0.866667
0.749020
0.611765
0.564706
0.603922
0.623529
0.584314
0.560784
0.643137
0.792157
0.800000
0.764706
0.764706
0.741176
0.674510
0.631373
0.725490
0.847059
0.913725
0.949020
0.964706
0.952941
0.949020
0.968627
0.984314
0.992157
0.992157
0.988235
0.960784
0.925490
0.921569
0.894118
0.823529
0.721569
0.643137
0.454902
0.478431
0.482353
0.474510
0.466667
0.490196
0.596078
0.701961
0.729412
0.729412
0.721569
0.705882
0.643137
0.666667
0.772549
0.850980
0.909804
0.952941
0.956863
0.949020
0.964706
0.984314
0.992157
0.996078
0.992157
0.964706
0.929412
0.921569
0.894118
0.776471
0.623529
0.658824
0.474510
0.486275
0.490196
0.490196
0.494118
0.478431
0.423529
0.521569
0.650980
0.674510
0.713725
0.772549
0.717647
0.686275
0.745098
0.800000
0.862745
0.917647
0.960784
0.960784
0.968627
0.984314
0.992157
0.996078
0.996078
0.972549
0.941176
0.933333
0.898039
0.760784
0.607843
0.580392
0.509804
0.494118
0.494118
0.490196
0.486275
0.458824
0.419608
0.439216
0.568627
0.647059
0.745098
0.800000
0.792157
0.772549
0.780392
0.780392
0.815686
0.882353
0.949020
0.972549
0.984314
0.984314
0.984314
0.988235
0.984314
0.960784
0.929412
0.909804
0.839216
0.639216
0.603922
0.670588
0.458824
0.454902
0.458824
0.458824
0.454902
0.447059
0.439216
0.454902
0.494118
0.615686
0.729412
0.749020
0.772549
0.827451
0.807843
0.780392
0.776471
0.831373
0.913725
0.968627
0.984314
0.976471
0.968627
0.960784
0.949020
0.929412
0.878431
0.800000
0.701961
0.600000
0.549020
0.588235
0.447059
0.447059
0.454902
0.462745
0.466667
0.470588
0.454902
0.443137
0.454902
0.560784
0.666667
0.686275
0.666667
0.729412
0.756863
0.729412
0.733333
0.756863
0.831373
0.925490
0.949020
0.949020
0.933333
0.917647
0.882353
0.827451
0.752941
0.654902
0.596078
0.572549
0.533333
0.560784
0.470588
0.462745
0.462745
0.462745
0.458824
0.478431
0.466667
0.462745
0.474510
0.509804
0.611765
0.666667
0.541176
0.498039
0.627451
0.788235
0.850980
0.772549
0.682353
0.756863
0.839216
0.843137
0.819608
0.796078
0.717647
0.654902
0.615686
0.580392
0.560784
0.529412
0.525490
0.584314
0.450980
0.454902
0.458824
0.458824
0.470588
0.470588
0.458824
0.450980
0.458824
0.482353
0.533333
0.541176
0.501961
0.513725
0.556863
0.760784
0.847059
0.729412
0.564706
0.537255
0.631373
0.650980
0.654902
0.635294
0.584314
0.596078
0.572549
0.549020
0.517647
0.525490
0.556863
0.603922
0.470588
0.462745
0.458824
0.458824
0.470588
0.486275
0.486275
0.490196
0.505882
0.474510
0.458824
0.509804
0.545098
0.545098
0.482353
0.560784
0.568627
0.474510
0.458824
0.458824
0.462745
0.494118
0.505882
0.529412
0.549020
0.549020
0.529412
0.501961
0.525490
0.556863
0.580392
0.603922
0.462745
0.458824
0.474510
0.478431
0.494118
0.509804
0.498039
0.490196
0.474510
0.478431
0.521569
0.541176
0.517647
0.494118
0.482353
0.470588
0.474510
0.431373
0.431373
0.486275
0.490196
0.486275
0.478431
0.498039
0.498039
0.501961
0.501961
0.517647
0.556863
0.564706
0.588235
0.556863
